"","year","sim_id","time","N_1_1_1_1","N_1_1_1_2","N_1_1_2_1","N_1_1_2_2","N_1_1_3_1","N_1_1_3_2","N_1_1_4_1","N_1_1_4_2","N_1_2_1_1","N_1_2_1_2","N_1_2_2_1","N_1_2_2_2","N_1_2_3_1","N_1_2_3_2","N_1_2_4_1","N_1_2_4_2","N_2_1_1_1","N_2_1_1_2","N_2_1_2_1","N_2_1_2_2","N_2_1_3_1","N_2_1_3_2","N_2_1_4_1","N_2_1_4_2","N_2_2_1_1","N_2_2_1_2","N_2_2_2_1","N_2_2_2_2","N_2_2_3_1","N_2_2_3_2","N_2_2_4_1","N_2_2_4_2","N_3_1_1_1","N_3_1_1_2","N_3_1_2_1","N_3_1_2_2","N_3_1_3_1","N_3_1_3_2","N_3_1_4_1","N_3_1_4_2","N_3_2_1_1","N_3_2_1_2","N_3_2_2_1","N_3_2_2_2","N_3_2_3_1","N_3_2_3_2","N_3_2_4_1","N_3_2_4_2","N_4_1_1_1","N_4_1_1_2","N_4_1_2_1","N_4_1_2_2","N_4_1_3_1","N_4_1_3_2","N_4_1_4_1","N_4_1_4_2","N_4_2_1_1","N_4_2_1_2","N_4_2_2_1","N_4_2_2_2","N_4_2_3_1","N_4_2_3_2","N_4_2_4_1","N_4_2_4_2","N_5_1_1_1","N_5_1_1_2","N_5_1_2_1","N_5_1_2_2","N_5_1_3_1","N_5_1_3_2","N_5_1_4_1","N_5_1_4_2","N_5_2_1_1","N_5_2_1_2","N_5_2_2_1","N_5_2_2_2","N_5_2_3_1","N_5_2_3_2","N_5_2_4_1","N_5_2_4_2","N_6_1_1_1","N_6_1_1_2","N_6_1_2_1","N_6_1_2_2","N_6_1_3_1","N_6_1_3_2","N_6_1_4_1","N_6_1_4_2","N_6_2_1_1","N_6_2_1_2","N_6_2_2_1","N_6_2_2_2","N_6_2_3_1","N_6_2_3_2","N_6_2_4_1","N_6_2_4_2","N_7_1_1_1","N_7_1_1_2","N_7_1_2_1","N_7_1_2_2","N_7_1_3_1","N_7_1_3_2","N_7_1_4_1","N_7_1_4_2","N_7_2_1_1","N_7_2_1_2","N_7_2_2_1","N_7_2_2_2","N_7_2_3_1","N_7_2_3_2","N_7_2_4_1","N_7_2_4_2","N_8_1_1_1","N_8_1_1_2","N_8_1_2_1","N_8_1_2_2","N_8_1_3_1","N_8_1_3_2","N_8_1_4_1","N_8_1_4_2","N_8_2_1_1","N_8_2_1_2","N_8_2_2_1","N_8_2_2_2","N_8_2_3_1","N_8_2_3_2","N_8_2_4_1","N_8_2_4_2","HIV_neg_male","HIV_neg_female","HIV_pos_male","HIV_pos_female"
"1",1990,1530,0,8484.93648428457,8537.43932267665,387.74663962084,734.969753999455,162.794196476734,231.505617817578,0,0,0,0,0,0,0,0,0,0,0,0,0.599663801837213,1.1524700457913,0.292601390118964,0.416755586361889,0,0,0,0,0,0,0,0,0,0,2221.85101734942,2251.95878927616,66.9067351695751,126.249953917239,21.5112131820108,30.5751680276164,0,0,85.367069202418,86.5238579472667,2.57776304126151,4.86444314264694,0.828944981368048,1.17824566098299,0,0,33128.7198901919,33649.1596987812,1180.46009192195,2223.97616582346,426.64277644495,604.059794250207,0,0,1272.79909185326,1292.85638822388,45.6991213219596,86.1402769526297,16.628056008996,23.5506836885233,0,0,0,0,1.83173980986068,3.49557759002846,0.75274367699061,1.06765676694986,0,0,0,0,0,0,0,0,0,0,226.964651824071,230.072913827581,28.8179799181597,55.2196922295452,19.6916565247939,28.0026154708939,0,0,8.72024666848649,8.83977236399259,1.10248275714343,2.11201105415901,0.74990111442425,1.06625604059894,0,0,781.032429854958,793.549341691787,64.1782642387995,125.749228823529,48.598926812531,69.6292066188152,0,0,30.0080524952769,30.4894496169151,2.45897177060493,4.81711669143813,1.855572288953,2.65833283583865,0,0,0,0,7.08710692137741,14.2914673137902,4.96214895956861,7.18774336725524,0,0,0,0,0,0,0,0,0,0,0,0,0,0
"2",1990,1530,0.0833333333333333,8474.6851597735,8518.3139664567,399.210431971276,756.274231843515,165.232131568734,235.538069608164,0,0,0,0,0,0,0,0,0,0,0,0,0.607816243822344,1.16929910403938,0.29701489786239,0.424067849501674,0,0,0,0,0,0,0,0,0,0,2223.43284028913,2251.16075651492,69.7868453422883,131.56919463081,22.0292758023507,31.3871809622495,0,0,85.4278453693641,86.4931962523906,2.68857335585272,5.06912625813719,0.848907796974215,1.20953605000509,0,0,33061.4129529199,33545.2924600397,1224.61033205716,2305.92077056372,435.806495184112,618.499200478921,0,0,1270.21342854929,1288.86562905822,47.4031930312324,89.3054102719424,16.986422479646,24.1154681464529,0,0,0,0,1.86719169731195,3.5669707129391,0.769059743773746,1.09341022279949,0,0,0,0,0,0,0,0,0,0,224.745059978461,228.568936792302,29.3090745141335,56.4045605185451,19.7483665927266,28.4028638404447,0,0,8.63496800443502,8.78198712067939,1.12128154341774,2.15734199509388,0.752037177133945,1.08146080168368,0,0,778.241544440283,789.891552510989,66.0121479465344,129.403768586758,49.8231831488089,71.5728116424703,0,0,29.9008258653906,30.3489113706932,2.52924736896111,4.95711415849039,1.90224669251336,2.73243162473817,0,0,0,0,7.25191499220418,14.6460608989894,5.0951603132674,7.39927646109527,0,0,0,0,0,0,0,0,0,0,2.53420808619013,1.4749664886344,0.94655050775509,0.880639636218347
"3",1990,1530,0.166666666666667,8464.69795876165,8499.54332710173,410.447426974475,777.213284479076,167.76693379477,239.709136504792,0,0,0,0,0,0,0,0,0,0,0,0,0.617723576046758,1.18918279324767,0.30149861760654,0.431495823013235,0,0,0,0,0,0,0,0,0,0,2224.41844516402,2249.76395727531,72.5570538727087,136.702080389914,22.5592529245919,32.2168697826253,0,0,85.4657138848066,86.439528991886,2.79517920809973,5.26668163455425,0.869329699032268,1.24150770303717,0,0,32994.8682636599,33442.4312083754,1267.96294493617,2386.60030982936,445.364381382261,633.510753590817,0,0,1267.65704928469,1284.91352163745,49.0769886244258,92.422649205087,17.3600633526258,24.7024656617661,0,0,0,0,1.90933448071872,3.65012583987478,0.785738465692137,1.11974550981139,0,0,0,0,0,0,0,0,0,0,222.675581534918,227.148707541382,29.8648643680203,57.6930932259462,19.8479689848287,28.8430370919703,0,0,8.55545686116294,8.7274196025935,1.14256073206499,2.20664790202982,0.755806986447125,1.09818576196635,0,0,775.420276863815,786.262007398316,67.8311867771748,133.057211025613,51.0479584189833,73.5442502027323,0,0,29.7924318997606,30.2094583079721,2.59895198054235,5.0970636626436,1.94894259834217,2.80759250517234,0,0,0,0,7.41992984805965,15.0078744149703,5.23084403905288,7.61557667040181,0,0,0,0,0,0,0,0,0,0,5.04436475224812,2.94053307052467,1.9021040942661,1.77739075492959
"4",1990,1530,0.25,8454.95103134698,8481.10222424833,421.461891220456,797.792519694123,170.394717753467,244.014108852156,0,0,0,0,0,0,0,0,0,0,0,0,0.629031889167403,1.21152249600081,0.306083019648883,0.439079292320062,0,0,0,0,0,0,0,0,0,0,2224.91821128781,2247.88254316336,75.2261961167201,141.664072658282,23.101248431986,33.0648680803958,0,0,85.4849156984931,86.3672420530053,2.89791737596139,5.45769874429102,0.890214847565077,1.27418517893545,0,0,32929.0091823935,33340.4956543963,1310.52809103891,2466.02612033303,455.303572382086,649.079321924834,0,0,1265.12700953722,1280.99698111099,50.7208830316975,95.4924051798106,17.7484911384577,25.3111047501263,0,0,0,0,1.95678030471042,3.74267854128715,0.802887457516444,1.14680441997455,0,0,0,0,0,0,0,0,0,0,220.743929754729,225.80475453123,30.4751704429906,59.0692510760973,19.987684856935,29.321828273748,0,0,8.48124116746539,8.67578274099947,1.16592910043877,2.2593119993355,0.761104868666624,1.11638131125849,0,0,772.56862325595,782.655839076675,69.6400840466027,136.716391273132,52.2760798743718,75.5455910465312,0,0,29.6828704508987,30.0709034200663,2.66826595508927,5.23722742415654,1.99576756599513,2.88389409684419,0,0,0,0,7.59206532187664,15.3785178656776,5.36926504735583,7.83675276493515,0,0,0,0,0,0,0,0,0,0,7.53208425253091,4.39721389174496,2.86863156269948,2.69161033673805
"5",1990,1530,0.333333333333333,8445.42308375013,8462.96814715387,432.257934490927,818.017335375469,173.11171998172,248.44840660822,0,0,0,0,0,0,0,0,0,0,0,0,0.641447711314337,1.23581944458917,0.310789384313282,0.446846307161451,0,0,0,0,0,0,0,0,0,0,2225.02817914979,2245.61561361955,77.8025676867395,146.469689456125,23.6553636175901,33.9317424674702,0,0,85.4891408396075,86.280142994728,2.99710422063898,5.64273134634811,0.911567260524194,1.30759041416557,0,0,32863.769296514,33239.4162090722,1352.3159744282,2544.20977758787,465.611489081562,665.190058569244,0,0,1262.62075772648,1277.11333375366,52.3352531682846,98.515099133292,18.1512288814669,25.9408244457109,0,0,0,0,2.00838477100088,3.84267001636738,0.820580114263433,1.17468493268431,0,0,0,0,0,0,0,0,0,0,218.939061539711,224.530510598434,31.1311168551819,60.5189909598139,20.164928120994,29.8379599126366,0,0,8.41189663446933,8.62682421489957,1.19104557561416,2.31479436935867,0.767832409869028,1.1359988697761,0,0,769.68689532093,779.068892249786,71.4426346570193,140.386744364699,53.5101557423848,77.5788296097395,0,0,29.5721534957838,29.9330870537502,2.73733474065223,5.37781383851552,2.04282084138634,2.96141225933061,0,0,0,0,7.76900762882022,15.7592171675373,5.51051134610254,8.06294414551751,0,0,0,0,0,0,0,0,0,0,9.99884980932623,5.84547787853469,3.84790301436025,3.62452299143505
"6",1990,1530,0.416666666666667,8436.09507792034,8445.1209393416,442.839527243713,837.892946993548,175.914291831777,253.007571176398,0,0,0,0,0,0,0,0,0,0,0,0,0.654727647299009,1.26165795805865,0.315631920844502,0.454815838848779,0,0,0,0,0,0,0,0,0,0,2224.83181811712,2243.04909119887,80.2939228947343,151.132504774792,24.2217005185312,34.8180067978829,0,0,85.4815963347179,86.181533099022,3.09303559418581,5.82229741103721,0.933390949569099,1.34174327760072,0,0,32799.0911437837,33139.1326335686,1393.33684143633,2621.16309342388,476.275832852547,681.828397313594,0,0,1260.13608614935,1273.26026509005,53.9204778934168,101.491161437869,18.5678100461974,26.5910741473959,0,0,0,0,2.06320416041824,3.94847723053349,0.838863898329736,1.20345164415471,0,0,0,0,0,0,0,0,0,0,217.251039910353,223.320197826287,31.824980933465,62.0300466624055,20.3772981842357,30.3901930498712,0,0,8.34704147184353,8.58032202742136,1.21761345286615,2.37262349191656,0.775898197886518,1.15699125231417,0,0,766.775666481097,775.497635982334,73.241856457485,144.072502127823,54.7525845130043,79.6458779409377,0,0,29.4603030667041,29.7958735447611,2.80627393698272,5.51898505513215,2.09019370007326,3.04021969616119,0,0,0,0,7.95125770745237,16.1508834793688,5.65468615366698,8.29431077923824,0,0,0,0,0,0,0,0,0,0,12.4460266325655,7.28575417759391,4.84150908247454,4.57723536378764
"7",1990,1530,0.5,8426.94993884518,8427.54249167422,453.210517849934,857.42441376193,178.798890739887,257.68725547546,0,0,0,0,0,0,0,0,0,0,0,0,0.668669375226701,1.28869078300311,0.320619468804515,0.462999926220034,0,0,0,0,0,0,0,0,0,0,2224.40172387831,2240.25751729584,82.7074909122695,155.665177827601,24.8003637855253,35.7241335296549,0,0,85.4650714262694,86.0742763654684,3.18598742694672,5.99688018916823,0.955689998741943,1.37666201466562,0,0,32734.9249899375,33039.592749785,1433.6009792889,2696.89810902401,487.284574855253,698.980040636428,0,0,1257.67108401486,1269.43577035137,55.4769379556967,104.421031638619,18.9977781186514,27.2613131681909,0,0,0,0,2.12045853027731,4.05875227579977,0.857766886395152,1.23314405353316,0,0,0,0,0,0,0,0,0,0,215.670898807714,222.168718184632,32.5500454777733,63.5917097620643,20.6225691289813,30.9773333342094,0,0,8.28633119329488,8.53608030402525,1.24537470334695,2.4323877976335,0.785217425402882,1.17931291693129,0,0,763.835723004536,771.939079295071,75.0401122982023,147.776877607831,56.0055678948691,81.7485591774686,0,0,29.3473493735622,29.6591479748252,2.87517398921541,5.66086407367858,2.1379699325811,3.12038573480491,0,0,0,0,8.13916734697955,16.5541727998364,5.80190190366948,8.53102548597579,0,0,0,0,0,0,0,0,0,0,14.8748751084635,8.71843740436105,5.85088236960982,5.55075063239309
"8",1990,1530,0.583333333333333,8417.97235437744,8410.21653249597,463.374643337826,876.616655359728,181.762075334432,262.483218242548,0,0,0,0,0,0,0,0,0,0,0,0,0.683105570591779,1.31662918254543,0.325756620184554,0.471405095374447,0,0,0,0,0,0,0,0,0,0,2223.80078547461,2237.30528735761,85.0499850961618,160.079469618596,25.3914614557676,36.6505608474096,0,0,85.4419824117968,85.9608469701263,3.27621606267875,6.16692881083261,0.978468599022159,1.41236352644022,0,0,32671.2279871802,32940.7515520579,1473.11871259857,2771.42708814735,498.625952802331,716.630955698286,0,0,1255.22410511324,1265.63812034557,57.0050158631231,107.305158204679,19.440686485608,27.951010582804,0,0,0,0,2.17950686649373,4.17238145735087,0.877302044358797,1.26378199175223,0,0,0,0,0,0,0,0,0,0,214.1905519232,221.07157869133,33.3004965197786,65.1946780868333,20.8986831345473,31.5982362612031,0,0,8.2294551136774,8.4939264170882,1.27410603574203,2.49372982708766,0.79571164977829,1.2029201758961,0,0,760.868028653211,768.390712783012,76.839195603187,151.50219473685,57.2711187809775,83.8886024341611,0,0,29.2333294456422,29.5228139285338,2.94410347857087,5.80353973341886,2.18622614218688,3.20197612522554,0,0,0,0,8.33296366034427,16.9695263866465,5.95227623611455,8.77326874845351,0,0,0,0,0,0,0,0,0,0,17.2865595460051,10.1438911877939,6.87731218059751,6.54597853649298
"9",1990,1530,0.666666666666667,8409.14855827086,8393.12840073276,473.335540453057,895.474468503708,184.800499342231,267.391317111027,0,0,0,0,0,0,0,0,0,0,0,0,0.697897735326917,1.34523283556671,0.331044805532658,0.480033737411826,0,0,0,0,0,0,0,0,0,0,2223.08344042554,2234.24797535814,87.3276246427098,164.386280862575,25.9951056891091,37.5976999855711,0,0,85.4144208678557,85.8433801539473,3.36395906448296,6.3328596995862,1.00173108148317,1.44886365652758,0,0,32607.9632711307,32842.5702566472,1511.9003966121,2844.76250237852,510.288464062768,734.767366833431,0,0,1252.7937331201,1261.86582493707,58.5050956235638,110.143997968668,19.8960981783622,28.6596449466192,0,0,0,0,2.23982194512345,4.28844376688386,0.897471335046263,1.2953708498275,0,0,0,0,0,0,0,0,0,0,212.802692550137,220.024811403351,34.0713113831819,66.8308881540146,21.2037410022997,32.2518108983816,0,0,8.17613250114795,8.45370791183343,1.30361458572296,2.55633977503904,0.807308442297134,1.22777134878842,0,0,757.873688722375,764.85044615742,78.6404197832578,155.250024547338,58.5510720725313,86.0676396525551,0,0,29.1182857499892,29.386791093605,3.01311256011225,5.94707195345327,2.23503215206623,3.28505291369263,0,0,0,0,8.53277364245121,17.3972115085812,6.10592829431736,9.02122388903252,0,0,0,0,0,0,0,0,0,0,19.6821579838489,11.5624519927018,7.9219608830152,7.56374645135822
"10",1990,1530,0.75,8400.46613958984,8376.26484669538,483.09675474707,914.002540484915,187.910906401631,272.407502763084,0,0,0,0,0,0,0,0,0,0,0,0,0.712931155840698,1.37430154205287,0.336483118602275,0.488885161141784,0,0,0,0,0,0,0,0,0,0,2222.29677405139,2231.13349290038,89.5461581213886,168.595692702088,26.6114126718538,38.5659404575306,0,0,85.3841958877482,85.7237167573352,3.44943609541975,6.49505809803655,1.02548191771261,1.48617739668034,0,0,32545.09917065,32745.0154707399,1549.95640888663,2916.91701405836,522.260859934828,753.37574959874,0,0,1250.37875123757,1258.11760111855,59.9775624250303,112.938015476981,20.3635856608904,29.3867040739268,0,0,0,0,2.30096991919615,4.40617698974338,0.918268776621379,1.3279054975984,0,0,0,0,0,0,0,0,0,0,211.500705700047,219.024904033179,34.8581593117409,68.4933653981181,21.5359928000618,32.9370225889675,0,0,8.12610920054994,8.41528984050117,1.33373409096514,2.61994972262288,0.819941039856236,1.253826874497,0,0,754.853918653397,761.316553044219,80.4446959191018,159.021304352837,59.8470953501446,88.2872038954689,0,0,29.0022649855001,29.2510131399479,3.08223594893945,6.09149631686051,2.28445140796082,3.36967437314597,0,0,0,0,8.73864405919865,17.8373546448652,6.26297603303866,9.27507351259835,0,0,0,0,0,0,0,0,0,0,22.0626708373211,12.974432424306,8.98587856249806,8.60480930682209
"11",1990,1530,0.833333333333333,8391.91390118474,8359.61388437604,492.661746723993,932.205458129327,191.090126197052,277.527814632536,0,0,0,0,0,0,0,0,0,0,0,0,0.728111499778352,1.4036695875391,0.342068817169917,0.497956237838326,0,0,0,0,0,0,0,0,0,0,2221.48133156612,2228.00294396992,91.7108865958405,172.71700644712,27.2405020114937,39.5556530245746,0,0,85.3528652834333,85.6034360611495,3.53284978864968,6.65387956459854,1.0497256993986,1.52431900418368,0,0,32482.6086250753,32648.0585806636,1587.297140589,2987.90345886762,534.532141082834,772.442826333359,0,0,1247.97811980418,1254.39234950506,61.4228023006876,115.687682324672,20.8427306618913,30.1316848736544,0,0,0,0,2.3625966492429,4.52495485991112,0.939682250624904,1.36137262104443,0,0,0,0,0,0,0,0,0,0,210.278602640138,218.068749316848,35.6573267095432,70.1761104010232,21.8938296211492,33.6528940632828,0,0,8.07915511825292,8.37855281698782,1.36432201484852,2.68432925816349,0.833548036258338,1.28104935950073,0,0,751.810021347627,757.78762987981,82.2525891518917,162.816425057061,61.1606981308606,90.5487293788966,0,0,28.8853172113115,29.1154261403743,3.15149508740281,6.23682742824913,2.33454132866245,3.45589500171312,0,0,0,0,8.95055468789385,18.289963766951,6.42353471245816,9.53499746764798,0,0,0,0,0,0,0,0,0,0,24.4290274077756,14.3801236374721,10.0700142001204,9.66985714237233
"12",1990,1530,0.916666666666667,8383.4817040157,8343.16462918464,502.033898412415,950.087717254023,194.335070106403,282.748376052338,0,0,0,0,0,0,0,0,0,0,0,0,0.743360976899868,1.43319940066706,0.347797909862766,0.507242153133108,0,0,0,0,0,0,0,0,0,0,2220.67201170511,2224.89156464291,93.8266903350812,176.758789725566,27.8824964953572,40.5671935951058,0,0,85.3217699201341,85.4838918917834,3.61438675373473,6.80965171359738,1.07446713215587,1.56330215526231,0,0,32420.4685428263,32551.6750790996,1623.93298627633,3057.73482535171,547.091552246312,791.955560946528,0,0,1245.59095165221,1250.68912848451,62.8412017351462,118.393476372819,21.3331239797923,30.8940931562472,0,0,0,0,2.42441223714363,4.6442612772735,0.961695652496105,1.39575348697,0,0,0,0,0,0,0,0,0,0,209.130948534765,217.153589103855,36.4656349061954,71.8739737757224,22.2757743736275,34.3985064082597,0,0,8.03506144203704,8.34339086869046,1.39525638207269,2.74928066049538,0.848073037313086,1.30940362157091,0,0,748.743362583875,754.262551078321,84.0643804811458,166.635326681697,62.4932419646587,92.8535514216836,0,0,28.7674949023282,28.9799868480505,3.22090052034249,6.38306258772731,2.3853536881789,3.54376551776299,0,0,0,0,9.16843330268297,18.7549534897087,6.58771508690442,9.80117041697691,0,0,0,0,0,0,0,0,0,0,26.7820930891508,15.7797980024861,11.17522796711,10.7595234156367
"13",1991,1530,1,8371.9418868118,8321.66205249586,514.225451140095,972.924675374351,197.641409197477,288.118767366801,0,0,0,0,0,0,0,0,0,0,0,0,0.758984684725355,1.46355362877418,0.353638638101136,0.51680084953273,0,0,0,0,0,0,0,0,0,0,2219.25684784129,2220.79247812867,96.5034734928371,181.781795762409,28.538236858981,41.6097699042514,0,0,85.2673970613994,85.3263984327735,3.71748250513223,7.00313561123545,1.09973825113063,1.60348120571252,0,0,32349.0673895315,32440.3255250947,1668.97457405709,3142.33413145229,559.927971090688,812.055640155154,0,0,1242.84797112611,1246.41088714668,64.5828087113161,121.667304817957,21.8343154532969,31.6794357771249,0,0,0,0,2.4873674215322,4.76616956492459,0.984216785859224,1.43120443825735,0,0,0,0,0,0,0,0,0,0,207.946356294198,216.199277678941,37.3534957961296,73.741810171433,22.6718110126179,35.1933955601559,0,0,7.98954853976766,8.30672466843861,1.42924367840143,2.82075068091635,0.863134712810664,1.33963330924047,0,0,745.452603547377,750.415781850729,86.0715304129962,170.8229518264,63.8412815652944,95.2159370104176,0,0,28.6410624122157,28.8321876900283,3.29780854359998,6.54345341336887,2.43675706670627,3.63383041752711,0,0,0,0,9.39184247823848,19.2334179164741,6.75505857987747,10.0749452977669,0,0,0,0,0,0,0,0,0,0,29.158074980333,17.1214683272964,12.3199684858761,11.833431795289
"14",1991,1530,1.08333333333333,8360.28981392561,8299.99633398735,526.39898301962,995.756941338008,201.040166815584,293.629885364889,0,0,0,0,0,0,0,0,0,0,0,0,0.775374655866971,1.49528411747197,0.359626141256881,0.526589537018959,0,0,0,0,0,0,0,0,0,0,2217.86384722597,2216.69889369627,99.1638759379742,186.784799273848,29.2137450665337,42.6843527639115,0,0,85.2138757501152,85.1691163725463,3.81995726839498,7.19586671690144,1.12577076432232,1.64489310064719,0,0,32277.2882984033,32328.422489543,1713.85992414987,3226.76284873745,573.130734765538,832.721657225159,0,0,1240.09046860117,1242.11138020254,66.3187377287675,124.935242472096,22.3497660710933,32.4868491182433,0,0,0,0,2.55269651323932,4.89239433312261,1.0073428257575,1.46761041141117,0,0,0,0,0,0,0,0,0,0,206.822986334273,215.274969711039,38.2683771450526,75.6579475297871,23.0906082000949,36.0188539429622,0,0,7.94638785995829,8.27121124966962,1.46426450432729,2.89406733401994,0.879063266854842,1.37102654563647,0,0,742.123934063241,746.548865035068,88.0968355142661,175.062558103874,65.2115256006831,97.6294935024205,0,0,28.5131733459301,28.6836144297733,3.37541031560391,6.70583073200086,2.48900771147226,3.7258458212671,0,0,0,0,9.62133588338875,19.724761767128,6.92616101929457,10.3554495890159,0,0,0,0,0,0,0,0,0,0,31.5236868155708,18.4532546083223,13.4898593567078,12.9304669320383
"15",1991,1530,1.16666666666667,8348.76839274384,8278.56904403158,538.320933722755,1018.17398997454,204.528757714116,299.274392133158,0,0,0,0,0,0,0,0,0,0,0,0,0.792338631475864,1.52805087336381,0.365770914470399,0.536614616037001,0,0,0,0,0,0,0,0,0,0,2216.57347960183,2212.72216819583,101.765613035564,191.694319735813,29.9089865863574,43.7905634551161,0,0,85.1642977624793,85.016324219362,3.92018507135752,7.3850194058173,1.15256346788455,1.68752339901907,0,0,32205.864824343,32217.1639877361,1757.88229970219,3309.78059146912,586.691038661577,853.931635603481,0,0,1237.34662730856,1237.83663737184,68.0218221420574,128.149602878544,22.8791452011304,33.3154934659977,0,0,0,0,2.61975558148872,5.02179549980946,1.03110352030476,1.50499115866025,0,0,0,0,0,0,0,0,0,0,205.765039462686,214.384907121494,39.2007119913598,77.6038107190501,23.5322564283915,36.8734287555603,0,0,7.90574080392732,8.23701359379119,1.49995117502471,2.96851699859027,0.895862160294978,1.40352805603316,0,0,738.77399302455,742.685887029737,90.1262050168327,179.328192605854,66.605451274986,100.094400272424,0,0,28.3844669872069,28.5351925056555,3.45316420769803,6.86919713908385,2.54216182847617,3.81981835226852,0,0,0,0,9.8571584409979,20.2293061387357,7.10117961248832,10.6427773611564,0,0,0,0,0,0,0,0,0,0,33.8768614368962,19.7794415290381,14.6845255047993,14.0545777527594
"16",1991,1530,1.25,8337.36822488793,8257.36988023814,549.995725013958,1040.18172911767,208.103224001404,305.047381989593,0,0,0,0,0,0,0,0,0,0,0,0,0.809712622981208,1.5615714297836,0.372076813534225,0.54688150798883,0,0,0,0,0,0,0,0,0,0,2215.41103018446,2208.88736285921,104.314275640145,196.520031789329,30.6237496366344,44.9283777894826,0,0,85.1196345969107,84.8689848658263,4.01837951395764,7.57096333826616,1.180108298579,1.73137128829792,0,0,32134.7811031019,32106.5324650952,1801.05443106245,3391.40349570623,600.59607104121,875.670186064754,0,0,1234.61583776165,1233.58598417796,69.6925355097049,131.310980639579,23.4219656383336,34.1647857169287,0,0,0,0,2.68799974032855,5.15343248612829,1.05550822313357,1.54336101416264,0,0,0,0,0,0,0,0,0,0,204.768539961894,213.527455091777,40.1465564496092,79.5730483447946,23.9960827394941,37.7571368588126,0,0,7.86745462052443,8.20406888842459,1.53615218735942,3.04385556204181,0.913505746840085,1.43713845755348,0,0,735.403773031395,738.825708806284,92.1602017611299,183.620264074696,68.0240338007545,102.611622371492,0,0,28.2549814730051,28.3868781543553,3.53109163675257,7.03356800705379,2.59625647075067,3.91578462432526,0,0,0,0,10.0994150818355,20.7472675657107,7.28022732555765,10.9371105020084,0,0,0,0,0,0,0,0,0,0,36.2183222569338,21.1002353684232,15.9048346905914,15.2064176912589
"17",1991,1530,1.33333333333333,8326.08077299003,8236.38944224445,561.427666000351,1061.78592831704,211.759707271992,310.944048495686,0,0,0,0,0,0,0,0,0,0,0,0,0.827361666300952,1.59561189997989,0.378544468193873,0.557391442746708,0,0,0,0,0,0,0,0,0,0,2214.39757158494,2205.21518424374,106.814996761429,201.270825724593,31.3578653898963,46.0978091280613,0,0,85.0806958968252,84.7278938909848,4.11473676859772,7.75403831091378,1.20839882176723,1.77643737127831,0,0,32064.0241571721,31996.5133385821,1843.38903453752,3471.64784319783,614.83329535179,897.922183422682,0,0,1231.89760138323,1229.35886031574,71.3313512359765,134.419976425336,23.9777503823741,35.0341524601984,0,0,0,0,2.7569838300622,5.28653213755373,1.08055614832097,1.58272116480889,0,0,0,0,0,0,0,0,0,0,203.829881667951,212.701177653553,41.1025494867388,81.5602251834455,24.4814239497655,38.6699297995483,0,0,7.83139075728475,8.17232196133573,1.57273846900887,3.11987418794756,0.931968721468893,1.47185584120149,0,0,732.014359102121,734.967459165883,94.1990762953575,187.93868426562,69.4681787908495,105.182105212182,0,0,28.1247584910686,28.238637903001,3.60920203079808,7.19893961879505,2.65132604025737,4.01378050171482,0,0,0,0,10.348125542002,21.2787149178479,7.46341687104702,11.2386311346172,0,0,0,0,0,0,0,0,0,0,38.5487486779743,22.4158327610198,17.1515860815201,16.3865976082774
"18",1991,1530,1.41666666666667,8314.8982212751,8215.61908611309,572.620964932711,1082.99223509691,215.49444081837,316.959676304025,0,0,0,0,0,0,0,0,0,0,0,0,0.845173664487079,1.62997686304717,0.385172257959175,0.568142697236999,0,0,0,0,0,0,0,0,0,0,2213.5507062198,2201.72275989188,109.272498487898,205.954886940971,32.1112022470694,47.2989048838163,0,0,85.0481579752156,84.5937093624087,4.20943735806829,7.93455726902291,1.23743001667504,1.82272353806984,0,0,31993.5833731489,31887.0944523014,1884.89879947116,3550.53003053258,629.390437365871,920.67275519811,0,0,1229.19151042552,1225.15479873483,72.9387420593248,137.477195775656,24.5460321653005,35.9230295651826,0,0,0,0,2.82634077584665,5.42045304541413,1.10623960858036,1.62306375591211,0,0,0,0,0,0,0,0,0,0,202.945772705042,211.904800590543,42.0658163429735,83.5606751227612,24.9876339592372,39.6117121050583,0,0,7.79742273705694,8.14172385506519,1.6095996577524,3.19639364788404,0.951226408441462,1.50767647988265,0,0,728.606903202082,731.110488845654,96.2428333182863,192.28297103581,70.9387220504924,107.806763888578,0,0,27.9938423013008,28.0904468058589,3.6874953844051,7.36529313476222,2.70740227641122,4.1138406880172,0,0,0,0,10.6032449954651,21.8236037494545,7.65085822266044,11.547518345607,0,0,0,0,0,0,0,0,0,0,40.8687817594281,23.7264222255528,18.4255204343637,17.5956926231342
"19",1991,1530,1.5,8303.81341312274,8195.05085916115,583.579732503571,1103.80618019491,219.303748506904,323.089639857328,0,0,0,0,0,0,0,0,0,0,0,0,0.863056617010799,1.66450480447708,0.391956740995674,0.579131142953322,0,0,0,0,0,0,0,0,0,0,2212.88491196667,2198.42400151855,111.691108035053,210.579722441968,32.8836626949729,48.5317442696538,0,0,85.0225770952925,84.4669657904322,4.30264676088325,8.11280730615568,1.26719815829145,1.87023288278612,0,0,31923.4502558194,31778.2658199518,1925.59637720422,3628.06655127174,644.255488138499,943.907285568175,0,0,1226.49723852214,1220.97341574428,74.5151796339587,140.483248425243,25.1263535656952,36.8308623307139,0,0,0,0,2.89577187627424,5.55466949897544,1.1325454102741,1.66437367226573,0,0,0,0,0,0,0,0,0,0,202.113212142838,211.137194385248,43.0339242542127,85.5704341285458,25.5140883549543,40.5823509748339,0,0,7.76543526114686,8.11223117171411,1.6466423960018,3.27326173832417,0.971254941393641,1.54459520321079,0,0,725.182610075482,727.254348686352,98.2912649154024,196.6523001976,72.4364277860339,110.486475933851,0,0,27.8622791914134,27.9422876055003,3.76596353732323,7.53259658915459,2.76451418606098,4.21599844787701,0,0,0,0,10.8646736568697,22.381792242612,7.84265733135847,11.8639464582012,0,0,0,0,0,0,0,0,0,0,43.1790263835027,25.0321847905554,19.727324682572,18.8342453179353
"20",1991,1530,1.58333333333333,8292.81976688129,8174.6774123425,594.307987716889,1124.23318563717,223.18404086436,329.329399276263,0,0,0,0,0,0,0,0,0,0,0,0,0.880935058841236,1.69906224447928,0.398893185584289,0.590350923791259,0,0,0,0,0,0,0,0,0,0,2212.41199285683,2195.33007524211,114.074788336417,215.152212594638,33.675179553098,49.7964358539345,0,0,85.0044067868147,84.3480921951796,4.39451657110584,8.28905162743653,1.2977006763021,1.91896961345634,0,0,31853.6181104612,31670.0192944384,1965.49436935277,3704.2739720137,659.416699093895,967.611411651978,0,0,1223.8145284819,1216.81439831845,76.0611340742665,143.438747382168,25.7182668306371,37.7571053523871,0,0,0,0,2.96503434650427,5.68875086852717,1.15945659108528,1.70663075214222,0,0,0,0,0,0,0,0,0,0,201.329456988976,210.397352135279,44.0048230678357,87.5861493457954,26.0601884818468,41.5816872755961,0,0,7.73532294112551,8.08380522445409,1.68378804371369,3.35034977825025,0.992031424003184,1.58260582297963,0,0,721.74272134918,723.3987614862,100.343991244121,201.045569133127,73.9619886680962,113.222074641775,0,0,27.7301168661811,27.7941496513805,3.84459173915021,7.70080733797116,2.8226880441208,4.32028535034357,0,0,0,0,11.132268726158,22.9530611692559,8.03891478599273,12.1880832285038,0,0,0,0,0,0,0,0,0,0,45.4800545949171,26.3332948727111,21.0576382953148,20.1027700352207
"21",1991,1530,1.66666666666667,8281.91119863695,8154.49191990268,604.809662912775,1144.27857162471,227.131811698781,335.674496846223,0,0,0,0,0,0,0,0,0,0,0,0,0.898746963811292,1.73353860983882,0.405975999790438,0.60179500727258,0,0,0,0,0,0,0,0,0,0,2212.14149170627,2192.44983192173,116.427167738813,219.678661293525,34.4857121577247,51.0931147707224,0,0,84.9940137000331,84.2374286408142,4.4851856247311,8.46353145304407,1.32893601125461,1.96893894826324,0,0,31784.0817522497,31562.3482659153,2004.60531561571,3779.16890819508,674.862578181561,991.771021000575,0,0,1221.14318112407,1212.67749249535,77.5770734822907,146.344307997814,26.321333737871,38.7012224348394,0,0,0,0,3.03393054341834,5.8223436947368,1.1869538007384,1.74981155726511,0,0,0,0,0,0,0,0,0,0,200.591992013754,209.684369734517,44.9767903402794,89.6049945821665,26.6253645984868,42.609545283875,0,0,7.70698913945434,8.05641127605555,1.72097056450589,3.42754935364395,1.01353405501244,1.62170151011141,0,0,718.288500926197,719.543595844532,102.400497596011,205.461455189175,75.5160265365465,116.014343452072,0,0,27.5974038862484,27.6460278948692,3.92336007445454,7.86987430592742,2.8819474192023,4.42673105337619,0,0,0,0,11.4058547049504,23.5371312268217,8.23972479930023,12.520088442241,0,0,0,0,0,0,0,0,0,0,47.7724086639546,27.6299210526459,22.417059273154,21.4017569272004
"22",1991,1530,1.75,8271.08206741181,8134.48802239409,615.088607227305,1163.94756113108,231.143635569006,342.120554454257,0,0,0,0,0,0,0,0,0,0,0,0,0.916441768249188,1.76784293166112,0.413198962233487,0.613455485059638,0,0,0,0,0,0,0,0,0,0,2212.08097980515,2189.79010880451,118.75156372096,224.164836024969,35.3152432397549,52.4219400928465,0,0,84.9916887360233,84.1352378253031,4.57478090031081,8.63646753992972,1.36090349640522,2.02014701687996,0,0,31714.8373030036,31455.2474510489,2042.94168431777,3852.76800500453,690.581886537973,1016.37224946185,0,0,1218.48304746925,1208.56249527976,79.0634635802609,149.200547232179,26.9351254760917,39.6626865174517,0,0,0,0,3.10230116634769,5.95516028368664,1.2150160101074,1.79389029704388,0,0,0,0,0,0,0,0,0,0,199.898508217828,208.997432417163,45.9483920958552,91.6246092625177,27.2090772072158,43.6657389823999,0,0,7.68034514218695,8.03001802188855,1.75813501548402,3.50476996718564,1.03574218181871,1.66187503819297,0,0,714.821225054314,715.688847379805,104.460159787594,209.898456212715,77.0990940008941,118.864013020357,0,0,27.4641892865565,27.4979221676157,4.00224443874851,8.03973954569101,2.94231323426408,4.53536319173506,0,0,0,0,11.6852298277758,24.1336739862985,8.44517479889736,12.8601132924092,0,0,0,0,0,0,0,0,0,0,50.0566033222745,28.9222265978082,23.8061485982258,22.731674935624
"23",1991,1530,1.83333333333333,8260.32712236487,8114.65977188838,625.14858983639,1183.24528409484,235.216165232036,348.663271009644,0,0,0,0,0,0,0,0,0,0,0,0,0.933978461985322,1.80190065823976,0.420555448300955,0.62532386628382,0,0,0,0,0,0,0,0,0,0,2212.23633510931,2187.35601862459,121.051007186329,228.616009065235,36.1637760523482,53.7830925085602,0,0,84.9976577352486,84.0417161880684,4.66341844193839,8.80806174755488,1.39360324904285,2.0726007733225,0,0,31645.8819961752,31348.7126912679,2080.51586275466,3925.08791776747,706.563634885835,1041.4014787785,0,0,1215.83402124707,1204.4692468917,80.520767335082,152.00808289827,27.5592225154416,40.6409795901176,0,0,0,0,3.17001868149676,6.08696768867581,1.24362121530165,1.83883974105785,0,0,0,0,0,0,0,0,0,0,199.246881918513,208.335801889235,46.9184448596137,93.6430392154373,27.8108180534278,44.7500778467175,0,0,7.65530935543859,8.00459709549413,1.79523608601919,3.58193675837572,1.0586363413475,1.70311900745802,0,0,711.34217306372,711.834620739241,106.522268298666,214.354929142471,78.7116762115619,121.771758613983,0,0,27.3305222204752,27.3498364903308,4.08121746632608,8.21033972238391,3.00380383388824,4.64620727746204,0,0,0,0,11.9701722638711,24.7423224468921,8.65534502953517,13.2082997757407,0,0,0,0,0,0,0,0,0,0,52.3331279540426,30.2103699647778,25.2254345687469,24.0929746902506
"24",1991,1530,1.91666666666667,8249.64145260539,8095.0015799215,634.99330304648,1202.17678134112,239.346129112514,355.298419913526,0,0,0,0,0,0,0,0,0,0,0,0,0.951323826102027,1.83565070602179,0.428038628555077,0.637391335676538,0,0,0,0,0,0,0,0,0,0,2212.61200538311,2185.15122278816,123.328266715951,233.036998664775,37.0313315840229,55.1767720123601,0,0,85.0120915879284,83.957004406191,4.75120428109281,8.97849860371462,1.42703606494292,2.12630790916456,0,0,31577.2139926965,31242.7407625088,2117.34014772717,3996.14529248886,722.797079705344,1066.84533400079,0,0,1213.19603182083,1200.39762345654,81.9494445895886,154.767532911907,28.1932144696337,41.6355926023357,0,0,0,0,3.23698126993061,6.21757754600197,1.27274704895451,1.88463201406632,0,0,0,0,0,0,0,0,0,0,198.635154732382,207.698804297823,47.8859794848947,95.6586800335504,28.4301107038447,45.862372042757,0,0,7.63180653629228,7.98012260634377,1.83223670572263,3.65898832294826,1.08219828460963,1.74542604602872,0,0,707.852618838889,707.981112470796,108.586050787966,218.829126172616,80.354192959305,124.738198052125,0,0,27.1964516321455,27.2017784146996,4.16024939562472,8.38160750456698,3.06643506427563,4.7592866213806,0,0,0,0,12.2604457905218,25.3626807323,8.87030825505279,13.5647802149211,0,0,0,0,0,0,0,0,0,0,54.6024487180871,31.4945052698208,26.6754169842082,25.4860912980762
"25",1992,1530,2,8238.46115041733,8074.40406923568,645.39180457513,1222.02741423115,243.519457657546,361.997848414464,0,0,0,0,0,0,0,0,0,0,0,0,0.96845519974207,1.86902481722951,0.435620337028272,0.649603531761003,0,0,0,0,0,0,0,0,0,0,2213.06042345764,2182.92242109078,125.732585428013,237.674283661872,37.9162406345709,56.5994149581076,0,0,85.0293205274482,83.8713702807462,4.84387218126811,9.15724717753862,1.46113758769299,2.18113105630969,0,0,31506.7067498617,31133.6582695736,2155.57781217936,4069.51090484286,739.238559102645,1092.6180687519,0,0,1210.48737745141,1196.2064870818,83.432584532398,157.616032494724,28.8354048575052,42.6431893412001,0,0,0,0,3.30311100059474,6.34675615419791,1.30230773827476,1.93110441394685,0,0,0,0,0,0,0,0,0,0,198.029758434994,207.031359729133,48.8630793009221,97.6871754677655,29.059489848074,46.9861636531771,0,0,7.60854695278355,7.95447829546515,1.86960213023089,3.73652852943027,1.10614374400766,1.78816967392388,0,0,704.306416340886,704.049538381581,110.691963650712,223.38548696882,82.0230195218124,127.754946677726,0,0,27.0602045415831,27.0507209247227,4.24089482845776,8.55601956171057,3.13006844466764,4.87428107963959,0,0,0,0,12.5555012041386,25.9934306697604,9.08968805631909,13.9287075504189,0,0,0,0,0,0,0,0,0,0,56.8848965628212,32.8045233879342,28.1697710399137,26.9449558168655
"26",1992,1530,2.08333333333333,8225.5511360705,8050.41693997707,658.039043018275,1245.63587787166,247.729616943926,368.729481552808,0,0,0,0,0,0,0,0,0,0,0,0,0.985915824089548,1.90288158690842,0.443249804936245,0.66185253421493,0,0,0,0,0,0,0,0,0,0,2213.20984228625,2180.06020763974,128.581629423711,243.052028269476,38.8173986026701,58.0456130602721,0,0,85.0350614377896,83.7613994627935,4.95363110580877,9.3644520573917,1.49586489575375,2.23686138598639,0,0,31429.6136345842,31013.2665865157,2200.00034294476,4153.07196304601,755.860987375316,1118.61283470551,0,0,1207.52569249487,1191.58083306191,85.1535331339057,160.856616684178,29.4847048671014,43.6595582699179,0,0,0,0,3.37001878632413,6.47699111628612,1.33214808448966,1.97793102442076,0,0,0,0,0,0,0,0,0,0,197.361020576995,206.21588819523,49.8899787215456,99.7861809166666,29.6842916008782,48.0871312204613,0,0,7.5828537039924,7.92314655043043,1.90888009257864,3.81677824613484,1.12991468268985,1.83004389909263,0,0,700.599538872666,699.862596164558,112.93185361555,228.170329142437,83.7094166414395,130.80051238225,0,0,26.9177841310946,26.8898517793249,4.32668336057941,8.73920012809907,3.19437081110882,4.99037121601803,0,0,0,0,12.8544904722648,26.632191592828,9.31248083471847,14.2978589413543,0,0,0,0,0,0,0,0,0,0,59.2248145853793,34.2067126107798,29.7393865844898,28.5473318663311
"27",1992,1530,2.16666666666667,8212.75180359144,8026.66958683048,670.414777251017,1268.78783068526,252.021844020969,375.583759557565,0,0,0,0,0,0,0,0,0,0,0,0,1.00389762680476,1.93763036968157,0.451005274729629,0.674296873729405,0,0,0,0,0,0,0,0,0,0,2213.54557181322,2177.39186349276,131.390264191376,248.369968115053,39.7421984584616,59.5300064555738,0,0,85.0479607031037,83.6588774135329,5.0618436015336,9.56937063622274,1.53150281742406,2.29406299143586,0,0,31352.9045637905,30893.6076542668,2243.52917871987,4235.13291452373,772.798638819956,1145.09842968664,0,0,1204.57876110213,1186.98333259558,86.840396317402,164.040092941139,30.1463453420321,44.6951822711934,0,0,0,0,3.43830428467756,6.60957095174098,1.36249920531419,2.02557916285735,0,0,0,0,0,0,0,0,0,0,196.733229801487,205.433013298614,50.9294450705696,101.908929682485,30.3283707882798,49.2202270708545,0,0,7.55873368832412,7.89306722081892,1.94863726577547,3.89793204081273,1.15441926809607,1.87314024690417,0,0,696.888407303583,695.678917810321,115.170718667389,232.966217070368,85.4268905923916,133.904000775872,0,0,26.7752002571179,26.7291080375297,4.41242710943474,8.92279197166045,3.25985760872393,5.10866757414252,0,0,0,0,13.1585329901856,27.2820931037303,9.54017987098825,14.6754770604627,0,0,0,0,0,0,0,0,0,0,61.5570618529711,35.603479234406,31.3424603166016,30.1857435023436
"28",1992,1530,2.25,8200.05575779211,8003.15368757949,682.523671358511,1291.48968746437,256.391948972888,382.555355561732,0,0,0,0,0,0,0,0,0,0,0,0,1.02223982026103,1.97300067552556,0.458892930857058,0.686944378620723,0,0,0,0,0,0,0,0,0,0,2214.0812504416,2174.93013757935,134.163046895161,253.635899963894,40.6906183296192,61.0528352436055,0,0,85.068542332647,83.564293967223,5.16868382569472,9.77230093800103,1.56805059561131,2.35274521927589,0,0,31276.571288573,30774.6710638456,2286.17831028821,4315.71283266962,790.038729157341,1172.05899080819,0,0,1201.64626636902,1182.41358575178,88.4936965765992,167.167168686023,30.819838406195,45.749457678373,0,0,0,0,3.50747883370391,6.74367832543382,1.39337756072229,2.07406993091352,0,0,0,0,0,0,0,0,0,0,196.144376187822,204.681462703959,51.9785267204254,104.050597827535,30.9915679295193,50.3854402251106,0,0,7.53610968256836,7.86419142144859,1.98876027288959,3.97980462185989,1.17965146705045,1.91745834735028,0,0,693.173393232308,691.49834210709,117.408801700745,237.773182436276,87.1757623638553,137.066057378135,0,0,26.6324671971063,26.5684835053094,4.49813535871011,9.10679618410579,3.32654090665984,5.22919449365848,0,0,0,0,13.4677016669533,27.9432481109509,9.77284602063696,15.0616746031085,0,0,0,0,0,0,0,0,0,0,63.8821109445631,36.9950400677306,32.9797314503529,31.8609213567535
"29",1992,1530,2.33333333333333,8187.45618930401,7979.86153452977,694.370280242684,1313.74773070014,260.835842242681,389.63904464936,0,0,0,0,0,0,0,0,0,0,0,0,1.04081003451556,2.00876852737685,0.46691531370605,0.69979826186834,0,0,0,0,0,0,0,0,0,0,2214.82785441663,2172.68508467037,136.904137351999,258.85694166104,41.6626528068171,62.6143484390703,0,0,85.0972280513139,83.4780354442404,5.27431079598078,9.97351510829267,1.60550808774933,2.41291773753533,0,0,31200.6073367625,30656.4482079392,2327.96167804578,4394.83086262536,807.568761482134,1199.47894812719,0,0,1198.72795965399,1177.87126182257,90.1139548613035,170.238554606565,31.5047068797055,46.8217916375356,0,0,0,0,3.57714340907171,6.87864198415753,1.42478880706811,2.12341091131181,0,0,0,0,0,0,0,0,0,0,195.592638250203,203.960093431288,53.0347205818321,106.207070062871,31.6736972417641,51.582722551103,0,0,7.51491170340576,7.83647523717817,2.02915300873969,4.06223799099777,1.20560421943973,1.96299638667692,0,0,689.454971436266,687.320864418326,119.646119649902,242.590893111166,88.9563307844757,140.287301616954,0,0,26.4896031927382,26.4079780045101,4.58380871640792,9.29119989142677,3.39443193687204,5.35197532851791,0,0,0,0,13.7819935627461,28.6156426726213,10.0105414749055,15.4565656040434,0,0,0,0,0,0,0,0,0,0,66.2004116733044,38.3816037001087,34.6518967852905,33.5735607088429
"30",1992,1530,2.41666666666667,8174.94679859116,7956.78595596397,705.959055141281,1335.56811803456,265.349531413432,396.829700570381,0,0,0,0,0,0,0,0,0,0,0,0,1.05949917504638,2.0447482331164,0.475072273659961,0.712858301622138,0,0,0,0,0,0,0,0,0,0,2215.79410383954,2170.6644842781,139.617330503368,264.039587536822,42.6583123713106,64.2148052710789,0,0,85.1343528993383,83.4004007458875,5.37886962263805,10.1732615182531,1.64387574728334,2.47459058954712,0,0,31125.0077281851,30538.9319883322,2368.89315370106,4472.5061876178,825.376524304848,1227.34302415932,0,0,1195.82364963823,1173.35608808202,91.7016898739097,173.254963369815,32.2004842126563,47.9116020963613,0,0,0,0,3.64697194213335,7.01391015441192,1.45673077813688,2.17359982217504,0,0,0,0,0,0,0,0,0,0,195.076359058191,203.267872460979,54.0959107719235,108.374846689828,32.3745556528303,52.811998967353,0,0,7.49507608992455,7.80987897772054,2.06973427407401,4.14509785289251,1.23226978879573,2.00975150429731,0,0,685.733699928074,683.14661173438,121.88250644562,247.418719595067,90.7688665687292,143.568318458742,0,0,26.346629683667,26.2475964142966,4.66944076849001,9.47597881230809,3.4635408643923,5.47703212479528,0,0,0,0,14.1013461799949,29.2991621394271,10.2533271514725,15.8602621501209,0,0,0,0,0,0,0,0,0,0,68.51239321852,39.7633713264112,36.3596158433084,35.3243261897773
"31",1992,1530,2.5,8162.52172424803,7933.92024165461,717.294350731979,1356.95689156278,269.929116068933,404.122290361833,0,0,0,0,0,0,0,0,0,0,0,0,1.07821713525333,2.08078546719831,0.483361677652242,0.726121722954061,0,0,0,0,0,0,0,0,0,0,2216.986829891,2168.87421818384,142.30609170731,269.189768392043,43.6776219702885,65.8544751539028,0,0,85.1801793416063,83.3316158596076,5.4824928494184,10.3717670451997,1.68315457192167,2.53777419628398,0,0,31049.7687196328,30422.1165541092,2408.98652899343,4548.75800379411,843.450082165904,1255.63622517606,0,0,1192.93319252723,1168.8678397275,93.257417625024,176.217108644934,32.9067141394398,49.0183174856408,0,0,0,0,3.71669755677913,7.14902841332238,1.4891956450872,2.22462718669267,0,0,0,0,0,0,0,0,0,0,194.594023929399,202.603859412114,55.1603114121879,110.550955667482,33.0939297947777,54.0731758239585,0,0,7.47654464654441,7.78436651211707,2.11043557076139,4.22827022521575,1.25964003425362,2.05772011845852,0,0,682.010202455981,678.975819952544,124.117650348995,252.255793508548,92.6136089330327,146.909653220059,0,0,26.2035706351727,26.0873477982141,4.7550195151543,9.66109950887073,3.53387665651344,5.60438542085259,0,0,0,0,14.4256505638369,29.9936124118575,10.5012610379955,16.2728722681421,0,0,0,0,0,0,0,0,0,0,70.8184663021915,41.1405375625051,38.1035159765667,37.1138563787264
"32",1992,1530,2.58333333333333,8150.17550033364,7911.25809875662,728.38042776628,1377.91998145441,274.570786306239,411.511872763414,0,0,0,0,0,0,0,0,0,0,0,0,1.09689023953274,2.11675313822399,0.491779821957158,0.739583714840223,0,0,0,0,0,0,0,0,0,0,2218.41120102159,2167.31850366175,144.973576649813,274.312885179445,44.7206199767098,67.5336374779108,0,0,85.2349059582541,83.2718428198179,5.58530120948463,10.5692383520716,1.72334606556033,2.6024793505252,0,0,30974.8876462739,30305.9971386927,2448.25550422664,4623.60549986672,861.777775603477,1284.34384208157,0,0,1190.05648595773,1164.40633361846,94.781650994087,179.125704326239,33.622950681304,50.1413767547675,0,0,0,0,3.78610438036392,7.28362649737014,1.52217116348179,2.27647788095334,0,0,0,0,0,0,0,0,0,0,194.144247418862,201.96719621283,56.2264316961507,112.732899027664,33.8316006100676,55.3661464876573,0,0,7.45926414313028,7.75990487185575,2.15119975552602,4.31165937311748,1.28770658950528,2.10689814312077,0,0,678.285157084216,674.808819475,126.351117905467,257.101045224516,94.4907628061667,150.311807152274,0,0,26.0604520994072,25.9272448508391,4.84052829253137,9.84652083519518,3.60544697553252,5.7340540780253,0,0,0,0,14.754759302181,30.6987329201399,10.7543971248358,16.6944985261853,0,0,0,0,0,0,0,0,0,0,73.119024355724,42.5132908736048,39.8841955053817,38.9427666824304
"33",1992,1530,2.66666666666667,8137.90300438834,7888.79359807621,739.221457507512,1398.46321157631,279.270819269718,418.993594615401,0,0,0,0,0,0,0,0,0,0,0,0,1.11545824119783,2.15254652841109,0.500321902169836,0.753238018583472,0,0,0,0,0,0,0,0,0,0,2220.07098924236,2166.00016625508,147.622659659,279.413857241175,45.7873571570623,69.2525816980846,0,0,85.2986776759783,83.221190188409,5.68740470201526,10.765863722623,1.7644522007355,2.66871722271593,0,0,30900.362736768,30190.569870912,2486.7136775634,4697.06783480778,880.348215228787,1313.4514452231,0,0,1187.19346189438,1159.97142101733,96.2748993111745,181.981463670684,34.3487579293898,51.2802291829472,0,0,0,0,3.85501794689972,7.41740282124831,1.55564209681267,2.32913289856164,0,0,0,0,0,0,0,0,0,0,193.72575721614,201.357094789428,57.2930336211604,114.918587504152,34.5873480620826,56.6907971534033,0,0,7.44318569629781,7.73646377786721,2.19197941119228,4.39518528978314,1.31646104606723,2.15728121384017,0,0,674.5592835431,670.646018648322,128.58238095212,261.953246472513,96.4004966752376,153.775233770884,0,0,25.9173017293741,25.7673032614974,4.92594681152982,10.0321955765657,3.67825809567127,5.86605513965962,0,0,0,0,15.0884956615302,31.4142115140329,11.0127843474062,17.1252366575118,0,0,0,0,0,0,0,0,0,0,75.4144450886289,43.8818141437269,41.7022275699464,40.8116527996416
"34",1992,1530,2.75,8125.69941315591,7866.52112829417,749.821525329066,1418.59230399797,284.025576296429,426.562687950649,0,0,0,0,0,0,0,0,0,0,0,0,1.13387192149498,2.18807938379967,0.508982355216179,0.767077359449451,0,0,0,0,0,0,0,0,0,0,2221.96879604825,2164.92087103664,150.255959107749,284.497165462109,46.877895418228,71.0116068877115,0,0,85.3715944483751,83.1797219401409,5.78890355834914,10.9618147035078,1.80647537221763,2.73649934586513,0,0,30826.1929567487,30075.8316153059,2524.37453501562,4769.16411729833,899.150276903457,1342.94488043688,0,0,1184.34408061624,1155.56298145374,97.7376679665391,184.78509850405,35.083709869123,52.4343342366011,0,0,0,0,3.92329757906592,7.5501121172137,1.58959122967767,2.38257061695981,0,0,0,0,0,0,0,0,0,0,193.337380540483,200.772826873654,58.3590956599315,117.106283984615,35.3609547952408,58.0470115751092,0,0,7.42826424669796,7.714015248904,2.23273544735714,4.47878151786445,1.3458950956542,2.20886487153537,0,0,670.833332415001,666.487889453892,130.810839337061,266.811046552144,98.3429412707619,157.300336194303,0,0,25.7741483634427,25.6075411644674,5.01125203147009,10.218071842428,3.75231485248961,6.0004037292302,0,0,0,0,15.4266608050259,32.1396963207348,11.2764659020531,17.5651746370059,0,0,0,0,0,0,0,0,0,0,77.7050918240874,45.2462851437323,43.5581635231235,42.7210937603917
"35",1992,1530,2.83333333333333,8113.56017000362,7844.435362288,760.184633383056,1438.31288222903,288.83150064836,434.214467737837,0,0,0,0,0,0,0,0,0,0,0,0,1.15209146130192,2.22328124243825,0.517755060468035,0.781093703573489,0,0,0,0,0,0,0,0,0,0,2224.10621661688,2164.081290252,152.875857804231,289.566886865507,47.9923066186055,72.8110210353565,0,0,85.453717564719,83.1474639037631,5.88988901792338,11.1572474213454,1.84941835253852,2.80583758996805,0,0,30752.3778956211,29961.7798570069,2561.25144277411,4839.91338960112,918.173097515873,1372.81026562579,0,0,1181.50832636747,1151.18091830157,99.1704581103524,187.537318596895,35.8273902264882,53.6031614462302,0,0,0,0,3.99083127319077,7.68155707167717,1.62399994354284,2.43676752633214,0,0,0,0,0,0,0,0,0,0,192.978034165803,200.213716774313,59.423785807144,119.294561181118,36.1522084084621,59.4346742266794,0,0,7.41445817576407,7.69253332381431,2.2734360626292,4.56239351938618,1.37600061864731,2.26164468523468,0,0,667.10807734737,662.334956963535,133.03583706964,271.672998421336,100.31818921715,160.887465823777,0,0,25.6310217261646,25.4479787338479,5.09641878083058,10.4040940694533,3.82762062955261,6.13711300011019,0,0,0,0,15.7690385726553,32.8748036902233,11.545478950149,18.0143922459398,0,0,0,0,0,0,0,0,0,0,79.9913145051137,46.6068768690685,45.4525355260222,44.671654232158
"36",1992,1530,2.91666666666667,8101.48095251386,7822.53122369896,770.31470325597,1457.63047436903,293.685115145901,441.944329528507,0,0,0,0,0,0,0,0,0,0,0,0,1.17008479462928,2.25809473789646,0.526633550575633,0.79527852567551,0,0,0,0,0,0,0,0,0,0,2226.48400264299,2163.48126917831,155.484524074555,294.626730491523,49.1306715461368,74.6511405969694,0,0,85.5450759063248,83.1244101345767,5.99044413079982,11.3523039490557,1.89328425389819,2.87674414618796,0,0,30678.9176544046,29848.4125879872,2597.35763936507,4909.33461092112,937.406070417204,1403.03398699667,0,0,1178.68620304827,1146.8251544083,100.573766345292,190.238831020216,36.5793923016741,54.7861902706818,0,0,0,0,4.05753051284698,7.81157986367625,1.65884883100081,2.49169900157371,0,0,0,0,0,0,0,0,0,0,192.646714430062,199.679134189234,60.4864346646521,121.482259300175,36.9609035954548,60.8536732805346,0,0,7.40172892185967,7.67199378536621,2.31405570823439,4.64597704546668,1.40676976751885,2.31561636789517,0,0,663.384307459324,658.187788966245,135.256678214686,276.537584376996,102.326294762842,164.536921116026,0,0,25.4879521365272,25.2886377850008,5.18142036817531,10.5902040089587,3.90417734816036,6.27619408893817,0,0,0,0,16.1154003188855,33.6191262210843,11.8198542962025,18.4729606077082,0,0,0,0,0,0,0,0,0,0,82.2734507122374,47.9637578799798,47.3858591452849,46.6638868279869
"37",1993,1530,3,8087.57548040825,7798.16253935122,781.468759364683,1478.70509122636,298.616044197203,449.841064765944,0,0,0,0,0,0,0,0,0,0,0,0,1.18796101495455,2.29282611130414,0.535665889747228,0.809785417875134,0,0,0,0,0,0,0,0,0,0,2228.85110580924,2162.7328511946,158.336947823244,300.109281564181,50.2990924187735,76.5488221689945,0,0,85.6360237953705,83.0956547187955,6.10036724518507,11.5636088047666,1.93830812692005,2.949868456935,0,0,30601.9693204319,29729.932095304,2636.31003618905,4983.61398384655,956.943885375824,1433.89915815126,0,0,1175.7300641197,1142.27293215974,102.086592617721,193.127477992858,37.3434135268296,55.9944814139188,0,0,0,0,4.12376304132448,7.94122237530943,1.69429128887847,2.5478509474712,0,0,0,0,0,0,0,0,0,0,192.339832164104,199.185415844872,61.5888250109899,123.771768126625,37.8057619532545,62.365288740348,0,0,7.38993857751941,7.65302431717809,2.35619768176581,4.73345684909309,1.43891509995512,2.37311175505193,0,0,659.601500496746,653.948369987897,137.547229786582,281.543638561355,104.378221960956,168.283568360109,0,0,25.3426142631296,25.1257524051228,5.26909409380895,10.7817323114573,3.98240319115204,6.41897664582944,0,0,0,0,16.4663536312467,34.3756979628643,12.1008501057972,18.9447414582155,0,0,0,0,0,0,0,0,0,0,84.511745100066,49.2353793692374,49.3239867746222,48.5749982379757
"38",1993,1530,3.08333333333333,8071.07614560694,7770.26942834691,794.116281060112,1502.35066907194,303.656668372113,457.968173567675,0,0,0,0,0,0,0,0,0,0,0,0,1.20630748134605,2.32850533159905,0.544876910630792,0.824687718340627,0,0,0,0,0,0,0,0,0,0,2231.15571055901,2161.72498038516,161.531033801364,306.184285340821,51.5073463902128,78.5215053402774,0,0,85.7245703953099,83.0569307105408,6.22342501770704,11.7976929589328,1.9848659797515,3.02588153180081,0,0,30519.9527427249,29603.9978799282,2679.4842076646,5065.12420801055,976.885266770027,1465.60407386937,0,0,1172.57919939699,1137.43432575704,103.761864078375,196.294594389141,38.1232749467936,57.2357421057867,0,0,0,0,4.19134595574467,8.07366038939686,1.73040903551591,2.60546256793113,0,0,0,0,0,0,0,0,0,0,192.053369564046,198.73330990403,62.7584945699643,126.219838049289,38.6934191748653,63.9911786280736,0,0,7.37893277170822,7.63565366495261,2.40091939865558,4.82701039032645,1.47268948011051,2.43495540366254,0,0,655.731882485,649.577300503506,139.937736908888,286.752014245452,106.481311500524,172.150616354185,0,0,25.193940998523,24.9578088008648,5.36060161517796,10.9810147455096,4.06257820736649,6.56634538134937,0,0,0,0,16.8222137253915,35.1459958653413,12.389049550043,19.4315886442914,0,0,0,0,0,0,0,0,0,0,86.6900460212526,50.3887373727786,51.2537565283628,50.3529456977889
"39",1993,1530,3.16666666666667,8054.64151909542,7742.59087386124,806.470420453645,1525.49685115415,308.765534576856,466.200998382764,0,0,0,0,0,0,0,0,0,0,0,0,1.22502650410586,2.3647907814791,0.554197640989462,0.839767729502919,0,0,0,0,0,0,0,0,0,0,2233.77269336695,2161.02264198128,164.70897441932,312.246198183607,52.7497315473931,80.5502569369336,0,0,85.8251190597895,83.0299457459058,6.34586911088851,12.031286582153,2.03273809006825,3.10405374513718,0,0,30438.299863684,29478.8171499053,2721.75220287658,5145.09450781316,997.098031601433,1497.75359145163,0,0,1169.44230672528,1132.62466955662,105.402509514275,199.402966222342,38.9138188514117,58.4945451103649,0,0,0,0,4.25995346520645,8.2077336983747,1.76698623822617,2.66385470699997,0,0,0,0,0,0,0,0,0,0,191.789895918781,198.296757510936,63.9381831394503,128.684150491853,39.5974533314467,65.6445837319482,0,0,7.36881023075686,7.61888060506337,2.44602404496152,4.92118328829499,1.50708753464189,2.49784633224612,0,0,651.861299269577,645.214295744189,142.322994518248,291.965682926513,108.621140822135,176.09261437895,0,0,25.0452306342312,24.7901750570319,5.45190202590143,11.1804861743012,4.14415204602105,6.71656639073329,0,0,0,0,17.1819249934248,35.9253938215136,12.6827748906927,19.9283297753043,0,0,0,0,0,0,0,0,0,0,88.86523082474,51.5395194733156,53.2250808884154,52.1718202249103
"40",1993,1530,3.25,8038.26735121476,7715.12172416213,818.536032556348,1548.15037754604,313.938282399106,474.533879709874,0,0,0,0,0,0,0,0,0,0,0,0,1.24397610489712,2.40144700284189,0.563631687253924,0.855029425527421,0,0,0,0,0,0,0,0,0,0,2236.69884315611,2160.62163521225,167.873731994541,318.299896524464,54.0258993903525,82.6350043395012,0,0,85.9375464140978,83.014538424562,6.46781262075003,12.2645759154739,2.08191120495541,3.18438251566463,0,0,30357.0136874951,29354.3901989079,2763.12900309554,5223.54613192472,1017.56996669059,1530.33240806257,0,0,1166.31950154799,1127.84397484097,107.009090273564,202.453385229267,39.7145777230853,59.7703062043157,0,0,0,0,4.32916041180926,8.34274586860512,1.80403580356362,2.72304304923526,0,0,0,0,0,0,0,0,0,0,191.549113126225,197.876032917454,65.1258986424698,131.161955473139,40.5185805278066,67.3269697528762,0,0,7.35955950146821,7.60271567470295,2.49143509559574,5.01586987914269,1.54213670437077,2.5618405896875,0,0,647.990386160379,640.859509187562,144.703071905669,297.183962938406,110.797430264419,180.109053974679,0,0,24.8965075797475,24.6228570704734,5.54299810835751,11.3801206922559,4.22711396056939,6.86962017055466,0,0,0,0,17.5455270016261,36.7139216210791,12.982052570524,20.435032258355,0,0,0,0,0,0,0,0,0,0,91.0375583520419,52.6878166231065,55.2385688222969,54.0321451026715
"41",1993,1530,3.33333333333333,8021.94958884184,7687.85704148803,830.317860022496,1570.31785034955,319.170646960762,482.961250502425,0,0,0,0,0,0,0,0,0,0,0,0,1.2630397818398,2.43827961235797,0.573179533937935,0.870472905995976,0,0,0,0,0,0,0,0,0,0,2239.9305112176,2160.517346731,171.028010315247,324.349829299521,55.3355676567207,84.7757418000539,0,0,86.0617122690044,83.0105314943374,6.58935880256973,12.4977309168299,2.13237459130607,3.26686780099115,0,0,30276.0974144084,29230.7175087571,2803.62946553008,5300.50026150918,1038.28912347457,1563.32548743655,0,0,1163.2109068408,1123.0922601216,108.582163328116,205.44664107347,40.5250938844688,61.0624509717959,0,0,0,0,4.39862068779202,8.47812666243275,1.84156102762339,2.78303150368362,0,0,0,0,0,0,0,0,0,0,191.330730336928,197.471374192684,66.3199549023361,133.65092977515,41.4573863158146,69.0396207350156,0,0,7.35116940927905,7.58716802086435,2.53708781764749,5.110980967497,1.57785942410952,2.62698727164949,0,0,644.119821826062,636.513178808386,147.077879829649,302.405964510104,113.009942780452,184.199507759037,0,0,24.7477979104575,24.455863984556,5.63388655550027,11.5798844000226,4.31145484397733,7.02549032706154,0,0,0,0,17.912993116052,37.5115007615678,13.2869097689498,20.9517635370149,0,0,0,0,0,0,0,0,0,0,93.2072840936909,53.8337212984859,57.2948246592369,55.9344476285575
"42",1993,1530,3.41666666666667,8005.68434598892,7660.79207167505,841.820540650241,1592.00574355363,324.458454463615,491.477631996483,0,0,0,0,0,0,0,0,0,0,0,0,1.28212134403298,2.47512714964355,0.582839449125189,0.886095494448128,0,0,0,0,0,0,0,0,0,0,2243.46373118084,2160.70487108556,174.17428270758,330.400064847517,56.678512443586,86.9725240009928,0,0,86.1974642302088,83.017736479923,6.71060213660789,12.7309070437542,2.18411973812542,3.35151185588372,0,0,30195.5543630403,29107.7996725075,2843.26831346016,5375.97798837935,1059.24381227204,1596.71805560031,0,0,1160.11665012648,1118.36954818381,110.122280883655,208.383520496018,41.344919293319,62.3704146562295,0,0,0,0,4.46805080763753,8.613406348597,1.87955848881454,2.84381567645838,0,0,0,0,0,0,0,0,0,0,191.134461599029,197.082984791542,67.5189238390032,136.14911158451,42.4143507046358,70.7836685896952,0,0,7.34362896777766,7.57224546060831,2.58292742331292,5.20644129813437,1.61427408402156,2.69332965416121,0,0,640.250317738219,632.17561229604,149.447203680319,307.630634459376,115.258468413382,188.363607395997,0,0,24.5991289620717,24.2892076211941,5.72455924831093,11.7797371277436,4.39716663338352,7.18416273280766,0,0,0,0,18.2842463164012,38.317969369989,13.5973720525042,21.4785882192527,0,0,0,0,0,0,0,0,0,0,95.3746602998619,54.9773272421451,59.3944482408812,57.8792590645367
"43",1993,1530,3.5,7989.46788487688,7633.92222457939,853.048611716141,1613.22040886005,329.797619839889,500.077631494769,0,0,0,0,0,0,0,0,0,0,0,0,1.30114177844438,2.51185610195242,0.592607988552508,0.901892354819613,0,0,0,0,0,0,0,0,0,0,2247.29429698894,2161.17908924002,177.3148104434,336.45432140195,58.0545625602922,89.2254612490641,0,0,86.3446406942793,83.0359566997722,6.83162902692427,12.9642464121295,2.23714014278891,3.43831905138369,0,0,30115.3879195665,28985.6373440134,2882.06012848078,5450.00029942979,1080.42260031863,1630.49560000557,0,0,1157.03686152287,1113.67586414893,111.629990077058,211.264806714345,42.1736154751063,63.6936421342836,0,0,0,0,4.53722002054693,8.74820014168783,1.91801962889416,2.90538478538789,0,0,0,0,0,0,0,0,0,0,190.960024610684,196.711034868779,68.7216041398057,138.654857472051,43.3898642585248,72.5601125395109,0,0,7.33692733077129,7.55795453155013,2.6289078602633,5.30218789308718,1.65139564810333,2.76090593987725,0,0,636.382611001752,627.847177078396,151.81072527274,312.85678585979,117.542814370023,192.601028952782,0,0,24.4505290551603,24.1229020975517,5.81500409488478,11.9796335784791,4.48424192984543,7.34562496670602,0,0,0,0,18.659168742797,39.1330973530504,13.9134621066393,22.0155664807723,0,0,0,0,0,0,0,0,0,0,97.5399360149514,56.1187292720284,61.5380352133368,59.8671147548543
"44",1993,1530,3.58333333333333,7973.29660011469,7607.24305779572,864.006513295135,1633.96808013127,335.184145009386,508.755940759573,0,0,0,0,0,0,0,0,0,0,0,0,1.32003663606057,2.54835674671889,0.602480406259937,0.917856994426529,0,0,0,0,0,0,0,0,0,0,2251.41782864338,2161.93473458372,180.451658889613,342.515993869791,59.4635946913898,91.5347153806065,0,0,86.5030733746679,83.0649898022819,6.95251841459891,13.1978788140406,2.29143112792671,3.52729572067842,0,0,30035.6014948233,28864.2311956136,2920.01934274812,5522.58806175517,1101.81431090312,1664.64386975305,0,0,1153.97167209471,1109.01123384853,113.10583267544,214.091278849562,43.0107534962863,65.0315879296994,0,0,0,0,4.60594207780073,8.88219522512733,1.95693203594144,2.96772321642357,0,0,0,0,0,0,0,0,0,0,190.807139777975,196.355662538801,69.9269944661828,141.166805512466,44.3842416993926,74.3698356994205,0,0,7.33105375609085,7.54430054026386,2.67499077734095,5.39816862638257,1.68923617676686,2.82974989442596,0,0,632.517458219739,623.52829177,154.168041436543,318.083123423727,119.862796627145,196.911480287844,0,0,24.3020272594339,23.9569634974674,5.90520574608372,12.1795243064211,4.57267367694046,7.50986583197163,0,0,0,0,19.0376096642094,39.9565990690884,14.235198710984,22.5627527589609,0,0,0,0,0,0,0,0,0,0,99.7033570881239,57.258023106199,63.7261773299762,61.898554264522
"45",1993,1530,3.66666666666667,7957.16700183042,7580.75025920438,874.698592513179,1654.25487891416,340.614116229204,517.507333549806,0,0,0,0,0,0,0,0,0,0,0,0,1.33875331877235,2.58453882715354,0.612451066485972,0.933981768879693,0,0,0,0,0,0,0,0,0,0,2255.82983779813,2162.96645826604,183.58671616834,348.588184791144,60.9055280920665,93.9004951661581,0,0,86.6725898219427,83.1046302760575,7.0733424867356,13.4319228951849,2.34698964042846,3.61844998585699,0,0,29956.1984826433,28743.5818773407,2957.16023252056,5593.76200847559,1123.40801974147,1699.14887307436,0,0,1150.92121225292,1104.37568225716,114.550344820904,216.863711375514,43.8559138349029,66.3837161262536,0,0,0,0,4.67406670669401,9.015137286228,1.99628073054928,3.03081208443078,0,0,0,0,0,0,0,0,0,0,190.675529351512,196.016975632243,71.1342647010947,143.683835551219,45.3977360097443,76.213622677015,0,0,7.32599757241901,7.53128762977282,2.72114441490645,5.4943406889749,1.72780536855071,2.8998915216669,0,0,628.655629259342,619.219417147773,156.518683207995,323.308269660269,122.218231705314,201.294688276984,0,0,24.1536531542223,23.7914095247265,5.99514633416621,12.3793567245957,4.66245484578529,7.67687486791724,0,0,0,0,19.4193936132684,40.788146313282,14.5625958021827,23.1201945609602,0,0,0,0,0,0,0,0,0,0,101.865166212715,58.3953051716708,65.9594628382286,63.9741214902281
"46",1993,1530,3.75,7941.0757026766,7554.43963347946,885.129106855127,1674.08681869271,346.083702002232,526.326663750012,0,0,0,0,0,0,0,0,0,0,0,0,1.35724910703867,2.62032838480112,0.622513707820243,0.950258209398592,0,0,0,0,0,0,0,0,0,0,2260.5257767627,2164.26887785363,186.721708718072,354.673730010755,62.3803200002622,96.3230521364448,0,0,86.8530153065627,83.154671319402,7.19416726785565,13.6664871313049,2.40381407731751,3.71179160010829,0,0,29877.1822293068,28623.6899872682,2993.49691276939,5663.54272685718,1145.19305193558,1733.99687539738,0,0,1147.88561058085,1099.76923235303,115.964056817295,219.582873657,44.7086862725624,67.7495003019115,0,0,0,0,4.74147346968285,9.14682074365086,2.0360489709897,3.09463022188983,0,0,0,0,0,0,0,0,0,0,190.564917001672,195.695053502152,72.3427330905037,146.20503742946,46.4305492110003,78.0921735166465,0,0,7.32174816297151,7.51891884894579,2.76734272327337,5.59066936203703,1.76711097390558,2.97135759839235,0,0,624.797902329405,614.921048866976,158.862130695516,328.530785302073,124.608930754675,205.750389023098,0,0,24.0054366393495,23.6262592231965,6.08480604455504,12.5790758912727,4.75357820882433,7.84664197615169,0,0,0,0,19.8043261966066,41.6273776919586,14.8956619709814,23.6879317912832,0,0,0,0,0,0,0,0,0,0,104.025602943305,59.5306724329047,68.2384769006794,66.0943647804853
"47",1993,1530,3.83333333333333,7925.01940745788,7528.30709128749,895.302226953804,1693.46980841825,351.58915123577,535.208863760632,0,0,0,0,0,0,0,0,0,0,0,0,1.37548963866488,2.65566530425494,0.632661628380624,0.966677253882966,0,0,0,0,0,0,0,0,0,0,2265.50107601642,2165.83661434425,189.858214753556,360.7752208366,63.8879616902175,98.8026768903287,0,0,87.0441742602362,83.214906262448,7.31505313160674,13.9016706712312,2.46190413581107,3.80733180791216,0,0,29798.5560107126,28504.5560496178,3029.04333285,5731.95064838146,1167.1589789372,1769.17439734903,0,0,1144.86499295728,1095.19190427687,117.347492957852,222.249529562778,45.5686697860884,69.1284234601783,0,0,0,0,4.80806705689124,9.27708121825082,2.07621880899188,3.15915486659974,0,0,0,0,0,0,0,0,0,0,190.475027634964,195.389948802597,73.5518474869018,148.729684782987,47.4828408781161,80.0061150618977,0,0,7.31829495844256,7.50719622083435,2.8135646396451,5.68712700589151,1.80715912197679,3.04417210989338,0,0,620.945060038168,610.63371146338,161.197824921549,333.749185653351,127.034695169951,210.278320141366,0,0,23.8574077836664,23.4615327463807,6.17416357110151,12.7786251390305,4.84603617225655,8.01915712625041,0,0,0,0,20.1921985020688,42.4739057909044,15.234400182267,24.265996354651,0,0,0,0,0,0,0,0,0,0,106.184903707517,60.6642222396831,70.5638020135392,68.2598370486765
"48",1993,1530,3.91666666666667,7908.99490303013,7502.34863876313,905.222039420997,1712.40965606788,357.126791338513,544.148942844046,0,0,0,0,0,0,0,0,0,0,0,0,1.39344740087928,2.69050088244236,0.642887873697052,0.983229480292886,0,0,0,0,0,0,0,0,0,0,2270.75118014469,2167.66432746962,192.997677826177,366.895026396815,65.4284746183594,101.339695497723,0,0,87.2458916566497,83.2851299235472,7.43605531639324,14.1375641876266,2.52126066687349,3.90508320881572,0,0,29720.3230107254,28386.1804941477,3063.81327231005,5799.00603888826,1189.29561523086,1804.66821250205,0,0,1141.85948172445,1090.64371453998,118.701171357704,224.86443708089,46.4354724287818,70.5199779520544,0,0,0,0,4.87377261133606,9.40578806757093,2.1167716599939,3.22436236334863,0,0,0,0,0,0,0,0,0,0,190.405587241251,195.101689323063,74.7611668718068,151.257209200549,48.5547364213289,81.9560120732507,0,0,7.31562743113606,7.49612081315295,2.85979337574004,5.78369206272057,1.84795463849096,3.11835667617614,0,0,617.097885581378,606.357952473361,163.52517935035,338.961956494846,129.495312389901,214.878213256101,0,0,23.7095966785931,23.2972511315031,6.26319655926639,12.9779466867514,4.93982061553234,8.19441006955801,0,0,0,0,20.5827914630974,43.3273242678364,15.5788074907074,24.8544117567468,0,0,0,0,0,0,0,0,0,0,108.343301821909,61.7960521754554,72.9360184329356,70.4710958875179
"49",1994,1530,4,7891.51858465535,7473.96951056846,916.640902949507,1733.76665786504,362.673390850368,553.111723663175,0,0,0,0,0,0,0,0,0,0,0,0,1.41120490650443,2.7249554828554,0.653140175516344,0.999838366781797,0,0,0,0,0,0,0,0,0,0,2275.92791889235,2169.20443795478,196.469384562044,373.556075989666,66.997999876772,103.928283366384,0,0,87.444790237816,83.3443034312842,7.56982574280272,14.3942595609398,2.58173490278919,4.00482129260716,0,0,29637.9779650537,28261.3186457515,3102.31959479022,5871.90520016265,1211.52306772555,1840.35899984534,0,0,1138.69598342812,1085.84631085257,120.198447482082,227.704024225382,47.3059708082304,71.9194979531623,0,0,0,0,4.93878526937346,9.53319820305481,2.1575391903744,3.2900082840225,0,0,0,0,0,0,0,0,0,0,190.297513774393,194.744275822492,76.0014299085616,153.83706190497,49.6295215618447,83.914825890559,0,0,7.31147557069519,7.48238839685912,2.9072120456883,5.8822689439332,1.88886149238076,3.19288269622859,0,0,613.170639216269,601.956703220315,165.92010929018,344.289726877715,131.981331524625,219.534896534413,0,0,23.5587091063054,23.1281479788058,6.35482267556732,13.1816773291952,5.03457112019189,8.37182237286234,0,0,0,0,20.9751582791346,44.1857434511911,15.9277612371425,25.451477458325,0,0,0,0,0,0,0,0,0,0,110.528289206506,62.9532375334382,75.3866459478417,72.7831663274411
"50",1994,1530,4.08333333333333,7873.09504682709,7444.04920478066,928.955486153317,1756.56031418067,368.256577703812,562.132537717297,0,0,0,0,0,0,0,0,0,0,0,0,1.42933125498136,2.75996392329513,0.663434529244731,1.01652572740471,0,0,0,0,0,0,0,0,0,0,2281.11331021531,2170.60080486975,200.1549551621,380.570531759342,68.601077005626,106.574128413398,0,0,87.6440212647626,83.3979540811846,7.7118205112246,14.6645469169133,2.64350147974698,4.10676493206374,0,0,29553.0199391389,28132.3893625443,3143.02250538348,5948.1977720438,1233.91705097774,1876.34298011934,0,0,1135.43209252734,1080.89262970944,121.780225789125,230.674247836456,48.1830880264556,73.3307028027044,0,0,0,0,5.00469329011827,9.66186576393295,2.19857179435798,3.35616213422686,0,0,0,0,0,0,0,0,0,0,190.172387611565,194.349002253063,77.2754038417906,156.473806361935,50.7146898368549,85.894408317302,0,0,7.3066685237884,7.46720133588661,2.95592626350718,5.98303152935029,1.93016519831397,3.2682015899355,0,0,609.192638469742,597.475813364037,168.357511192527,349.692199153503,134.495176738632,224.251765131165,0,0,23.4058714784092,22.955984906259,6.44807752109883,13.3882689874112,5.13038061511202,8.55152415941968,0,0,0,0,21.3694862162549,45.0494854894735,16.28154540707,26.0576492156636,0,0,0,0,0,0,0,0,0,0,112.730518518871,64.1265634691934,77.907133215431,75.1806834992503
"51",1994,1530,4.16666666666667,7854.73787440399,7414.36354505409,940.964847225996,1778.8300238593,373.89173313612,571.234064171112,0,0,0,0,0,0,0,0,0,0,0,0,1.44777270792043,2.7954483625714,0.673808940287295,1.03334515541074,0,0,0,0,0,0,0,0,0,0,2286.54035780213,2172.22072017988,203.830088439619,387.582544861251,70.2414566867269,109.283142713288,0,0,87.8525371118159,83.4601938179184,7.85342182781123,14.9347545144841,2.70670498002918,4.21114198940914,0,0,29468.5367506749,28004.3572627114,3182.83602928301,6022.9611931395,1256.53009419054,1912.69761352418,0,0,1132.18644381118,1075.97341987674,123.327959816972,233.586011170311,49.0688786476509,74.756625520023,0,0,0,0,5.07136955412058,9.791622744354,2.23999132752022,3.42299668024611,0,0,0,0,0,0,0,0,0,0,190.070566852128,193.975158631827,78.5630185372237,159.135533123186,51.8225094580542,87.914920034972,0,0,7.30275690210096,7.45283764796912,3.0051635731992,6.08475099999252,1.97233288674834,3.34508078252726,0,0,605.223419807957,593.009682649777,170.785419831397,355.085903689141,137.042943583078,229.038597001667,0,0,23.2533712532227,22.7843889044192,6.54096426632644,13.5945140265049,5.22748167762026,8.73388839549233,0,0,0,0,21.7663591454537,45.9196411590032,16.6409044645781,26.6741001005828,0,0,0,0,0,0,0,0,0,0,114.931434817155,65.2975703094765,80.4774977717719,77.6277530366854
"52",1994,1530,4.25,7836.44168352292,7384.90619816663,952.67384311903,1800.58260560977,379.574333810979,580.410312016271,0,0,0,0,0,0,0,0,0,0,0,0,1.46639359670441,2.83118784114621,0.684266695700496,1.05029993234679,0,0,0,0,0,0,0,0,0,0,2292.21310897898,2174.06725455387,207.498041102336,394.597545717648,71.9193421060982,112.056067117496,0,0,88.07049328372,83.5311406214881,7.99475408685727,15.2050898671988,2.77135330910475,4.31798108459639,0,0,29384.5253834596,27877.215963427,3221.77504680434,6096.21713906142,1279.35039517521,1949.40782370694,0,0,1128.95892141233,1071.08843611516,124.842208055957,236.44012361734,49.9628892706613,76.1966878771729,0,0,0,0,5.13843886476828,9.92187011724455,2.28180718021129,3.49052213127941,0,0,0,0,0,0,0,0,0,0,189.991465992876,193.622322713205,79.8621012910851,161.819024820829,52.9531899268315,89.9769579148544,0,0,7.29971820989505,7.43928110975248,3.0548405604117,6.18730388651011,2.01537269808928,3.42354326396673,0,0,601.263247822516,588.558477148143,173.20406520727,360.470621656109,139.624453025497,233.895157717532,0,0,23.1012185968582,22.613366353977,6.63349194610458,13.8004044917995,5.32586750116722,8.91890618787606,0,0,0,0,22.1657967148217,46.7961836344953,17.0058287567679,27.3008384332178,0,0,0,0,0,0,0,0,0,0,117.13130449727,66.4663860246544,83.098589219178,80.1251811356122
"53",1994,1530,4.33333333333333,7818.20142442432,7355.67117969352,964.087227814388,1821.82475923218,385.299960665526,589.655395537509,0,0,0,0,0,0,0,0,0,0,0,0,1.48508279052936,2.8670002962989,0.694808015027402,1.06738957250263,0,0,0,0,0,0,0,0,0,0,2298.13436328157,2176.14226397937,211.161755753122,401.620430321159,73.6349355609264,114.89361736459,0,0,88.2979973431133,83.6108658019071,8.13592971114119,15.475740104306,2.83745432279566,4.42730985622786,0,0,29300.9836107517,27750.9598724599,3259.85433345247,6167.98724734444,1302.36644414406,1986.45884891578,0,0,1125.74943979458,1066.2374635613,126.323525352845,239.237393635616,50.8646774314148,77.650323324324,0,0,0,0,5.20559679340609,10.052119269214,2.32402043154452,3.55873877769625,0,0,0,0,0,0,0,0,0,0,189.934554685125,193.290110244687,81.1708145871363,164.52155353108,54.1068947944997,92.0810633451383,0,0,7.29753207054306,7.42651695763725,3.10488671636542,6.29058557031165,2.05929100328871,3.50360989490823,0,0,597.312462348376,584.122449341337,175.613506474591,365.845894052387,142.239529695753,238.821222494473,0,0,22.9494265663471,22.4429269556965,6.72566303282566,14.0059232073456,5.42553143447744,9.10656903549448,0,0,0,0,22.5677603428261,47.6789936279691,17.3763091707422,27.9378719363475,0,0,0,0,0,0,0,0,0,0,119.330387351255,67.6331360986118,85.7712357576341,82.6737621238267
"54",1994,1530,4.41666666666667,7800.01232535482,7326.65279684234,975.209660531636,1842.5630751362,391.064291593501,598.963526782304,0,0,0,0,0,0,0,0,0,0,0,0,1.50374830458736,2.9027341851203,0.705430992820336,1.08461095423067,0,0,0,0,0,0,0,0,0,0,2304.30593348549,2178.44664958794,214.823903619971,408.655634453127,75.3884410447677,117.796492357579,0,0,88.5351189397334,83.699403982091,8.27705077831224,15.7468747986969,2.90501592986062,4.53915528281107,0,0,29217.9098178756,27625.5840112433,3297.08854901126,6238.29309024524,1325.56700741148,2023.83622433263,0,0,1122.55793693717,1061.42031092981,127.77246247308,241.978627683268,51.7738109956537,79.1169763331217,0,0,0,0,5.27259373886009,10.1819675987919,2.36662652992673,3.62764013125226,0,0,0,0,0,0,0,0,0,0,189.899346756843,192.978166117984,82.4875972036823,167.240796492991,55.2837523449956,94.2277324145724,0,0,7.29617980474185,7.41453154779167,3.15524216671173,6.39450703225137,2.10409281675968,3.58529980018646,0,0,593.371462200283,579.701920033914,178.013670033296,371.211074793355,144.887993897236,243.816565533674,0,0,22.7980104847783,22.2730830353975,6.81747490228186,14.2110458195532,5.52646667396552,9.29686841987918,0,0,0,0,22.9721683048562,48.5678826286299,17.7523350468524,28.5852052840915,0,0,0,0,0,0,0,0,0,0,121.528937438114,68.7979438440639,88.496248022563,85.2742814110864
"55",1994,1530,4.5,7781.86986741656,7297.84562294033,986.045707430422,1862.80403636405,396.863100507819,608.329014658541,0,0,0,0,0,0,0,0,0,0,0,0,1.52231488075404,2.9382647099992,0.716132000237291,1.10195880596856,0,0,0,0,0,0,0,0,0,0,2310.72877260642,2180.98048529672,218.486902489678,415.707164643582,77.1800648300236,120.765377238642,0,0,88.7818946899665,83.7967580020547,8.41820970278213,16.0186471454645,2.97404611600219,4.65354380254013,0,0,29135.3029143459,27501.0839273529,3333.492226064,6307.15615449264,1348.94112729995,2061.52578227653,0,0,1119.38437095861,1056.63680715058,129.189565660918,244.664629444835,52.6898681583625,80.5961024053448,0,0,0,0,5.33922781537754,10.3110875785686,2.40961640938198,3.69721424577387,0,0,0,0,0,0,0,0,0,0,189.885395265357,192.686160300782,83.8111365829273,169.974796648959,56.4838610266028,96.4174212126349,0,0,7.29564424043004,7.40331219984316,3.20585660632001,6.49899333081565,2.14978200609953,3.66863057348075,0,0,589.440696745836,575.297269016849,180.404368651302,376.565357735438,147.569657016485,248.880953539383,0,0,22.6469876175262,22.1038491852536,6.90892056940074,14.4157418373791,5.62866608770054,9.48979555724328,0,0,0,0,23.378902707794,49.4626037010854,18.1338932094169,29.2428388893661,0,0,0,0,0,0,0,0,0,0,123.727203393886,69.960930499103,91.2744209888933,87.9275170741495
"56",1994,1530,4.58333333333333,7763.76975421726,7269.24446662895,996.599845004206,1882.55402242007,402.692254412398,617.746262007103,0,0,0,0,0,0,0,0,0,0,0,0,1.5407211663369,2.97348940942233,0.726906140121897,1.11942625680649,0,0,0,0,0,0,0,0,0,0,2317.40311891301,2183.74316215491,222.152940940392,422.778640022236,79.010016443457,123.800947461528,0,0,89.0383337484749,83.902904464934,8.5594901580114,16.291195556403,3.04455298318719,4.77050147163282,0,0,29053.1622348887,27377.4555963317,3369.07976027159,6374.59782130092,1372.47811635955,2099.5136462507,0,0,1116.22871631384,1051.88679759674,130.575376259633,247.296199057388,53.6124372303337,82.0871678527144,0,0,0,0,5.40533657421133,10.4392140065217,2.45297775746965,3.76744521492256,0,0,0,0,0,0,0,0,0,0,189.892286695617,192.413783226788,85.140335698527,172.721915066685,57.7072954596567,98.6505518670974,0,0,7.29590948987717,7.39284701975661,3.25668802219135,6.603981767587,2.19636152405472,3.7536185103062,0,0,585.520656530079,570.908924624424,182.78532304736,381.907807071737,150.284316968448,254.014139125199,0,0,22.4963768120386,21.935241862551,6.9999895184847,14.6199758019442,5.73212204046678,9.68534114589246,0,0,0,0,23.7878173958132,50.3628637571768,18.5209669915321,29.9107677108412,0,0,0,0,0,0,0,0,0,0,125.92542885626,71.1222153666698,94.1065362285718,90.6342416245627
"57",1994,1530,4.66666666666667,7745.70788294898,7240.84434251297,1006.87646336169,1901.81931291049,408.547710486276,627.209762737479,0,0,0,0,0,0,0,0,0,0,0,0,1.55891708422363,3.00832403738282,0.737747655062679,1.13700533132472,0,0,0,0,0,0,0,0,0,0,2324.32863313906,2186.73352455649,225.82400258822,429.873334086588,80.8785094874617,126.90387257982,0,0,89.3044230801091,84.0177989704987,8.70096799952517,16.5646452516044,3.11654478293324,4.89005411165737,0,0,28971.4874460932,27254.6953294061,3403.86540088936,6440.63934663772,1396.16755133255,2137.78622483141,0,0,1113.09096020776,1047.17014053891,131.930430340325,249.874132345763,54.5411164155214,83.589649571231,0,0,0,0,5.47078931064689,10.5661321300774,2.49669614554107,3.83831450998229,0,0,0,0,0,0,0,0,0,0,189.919635544361,192.160741575841,86.4742810526512,175.480784824273,58.9541120284121,100.927518325746,0,0,7.29696074159927,7.3831247376994,3.30770146016956,6.70942010951154,2.24383362438613,3.8402788310318,0,0,581.611864321031,566.537353732926,185.15618237705,387.237386294042,153.031754110816,259.215854636932,0,0,22.3461981537964,21.7672790054223,7.09066849109416,14.8237084007197,5.83682623688352,9.88349512969779,0,0,0,0,24.1987452595546,51.2683349433889,18.9135354104322,30.5889802345398,0,0,0,0,0,0,0,0,0,0,128.123852866298,72.2819159419507,96.9933641266683,93.3952237220602
"58",1994,1530,4.75,7727.68032380803,7212.64045019242,1016.87986868071,1920.60609024097,414.425513889913,636.71409976533,0,0,0,0,0,0,0,0,0,0,0,0,1.57686210215119,3.04269982619761,0.748650157644321,1.15468723292633,0,0,0,0,0,0,0,0,0,0,2331.50449474901,2189.94996563468,229.50188449497,436.994206112064,82.7857616992201,130.074818230909,0,0,89.580131158581,84.1413797803565,8.8427119657428,16.8391094564007,3.19002991981209,5.01222738706319,0,0,28890.2784813986,27132.7997094178,3437.86324395586,6505.30184670455,1419.99926828265,2176.33020696162,0,0,1109.97110009738,1042.48670468366,133.255258434212,252.399220258834,55.4755136319401,85.1030348683383,0,0,0,0,5.53548206153752,10.6916698509613,2.54075564283163,3.90980171809574,0,0,0,0,0,0,0,0,0,0,189.967080664669,191.926755549111,87.8122193924201,178.250277261825,60.2243527864477,103.248690734644,0,0,7.29878411991152,7.37413460335015,3.35886812823297,6.81526528869453,2.29220001241051,3.92862584944205,0,0,577.714868625864,562.183054472037,187.516538687167,392.5529788655,155.811728782977,264.485807997616,0,0,22.1964727171989,21.5999797528065,7.18094204160847,15.0268972622652,5.94276962701629,10.0842465391978,0,0,0,0,24.6115029251251,52.178662042274,19.3115728102405,31.2774580059519,0,0,0,0,0,0,0,0,0,0,130.322710145345,73.4401479924724,99.9356655449142,96.2112294251776
"59",1994,1530,4.83333333333333,7709.68330150817,7184.62815543542,1026.61428549191,1938.92044208128,420.32179565662,646.253943059052,0,0,0,0,0,0,0,0,0,0,0,0,1.59452369770523,3.07656105442989,0.759606827643643,1.17246258680078,0,0,0,0,0,0,0,0,0,0,2338.92948771229,2193.39051196033,233.188214543429,444.143930764787,84.7319949724562,133.314447904627,0,0,89.8654112620507,84.2735710722036,8.98478433964873,17.1146905300264,3.26501695337257,5.13704687429549,0,0,28809.535483389,27011.7655341932,3471.08722611108,6568.60628449339,1443.96335770502,2215.13255726504,0,0,1106.86914147478,1037.83636699761,134.550385288901,254.8722483468,56.4152463318423,86.6268212909538,0,0,0,0,5.59933317830967,10.8156908153267,2.58513934078079,3.98188517300517,0,0,0,0,0,0,0,0,0,0,190.034282037969,191.711556521262,89.1535365102344,181.029471157025,61.5180488664438,105.614419371396,0,0,7.30136656090416,7.36586629569123,3.41016458013524,6.9214822149899,2.34146197643962,4.01867312414135,0,0,573.83023787948,557.846549672045,189.865939814733,397.853406729056,158.623979281544,269.823679075198,0,0,22.0472223422826,21.4333641926797,7.27079303291461,15.2294976676065,6.04994232874869,10.2875833527426,0,0,0,0,25.0258948741912,53.0934689975604,19.7150485910975,31.9761752677611,0,0,0,0,0,0,0,0,0,0,132.522231345405,74.5970256280201,102.934193359344,99.0830233345899
"60",1994,1530,4.91666666666667,7691.71317752989,7156.80297209849,1036.08385896605,1956.76836381565,426.232770555485,655.824047681192,0,0,0,0,0,0,0,0,0,0,0,0,1.61187587735799,3.10986270095126,0.770610602815505,1.19032167446827,0,0,0,0,0,0,0,0,0,0,2346.60208244593,2197.05290425128,236.884468655476,451.324927447047,86.7174354136137,136.623424711623,0,0,90.1602046214948,84.4142860408074,9.12724160458147,17.3914810842428,3.34151460132505,5.26453813083606,0,0,28729.2587488087,26891.5897627477,3503.55111867896,6630.57345667173,1468.05015940666,2254.18051115199,0,0,1103.78509575453,1033.21901064056,135.81632963443,257.293996250589,57.3599413134001,88.1605164458827,0,0,0,0,5.6622790539312,10.9380877468644,2.62982986346839,4.05454256724173,0,0,0,0,0,0,0,0,0,0,190.120917689128,191.514884831045,90.4977367156285,183.817622822039,62.8352236724807,108.025038367538,0,0,7.30469569391603,7.3583098381196,3.46157192489213,7.02804262406869,2.39162051086984,4.11043360186383,0,0,569.95855488641,553.52838058393,192.203901703989,403.137448002921,161.46822003005,275.229116272537,0,0,21.8984694211736,21.2674531207715,7.36020310969313,15.4314632302868,6.15833355759452,10.4934923661559,0,0,0,0,25.4417174031123,54.0123651877448,20.1239269593945,32.6850986253416,0,0,0,0,0,0,0,0,0,0,134.722643293906,75.7526613682308,105.989693960295,102.011369703126
"61",1995,1530,5,7671.48098687328,7126.18818186342,1046.82085865568,1977.06861907674,432.081422908046,665.618214154767,0,0,0,0,0,0,0,0,0,0,0,0,1.62892773067239,3.14331477310958,0.781510603420615,1.20860268915396,0,0,0,0,0,0,0,0,0,0,2354.18110377653,2200.54308341244,240.849096605094,459.041238455999,88.7278862585543,140.045278921856,0,0,90.4514027411544,84.5483843055662,9.28001241993193,17.688856322043,3.41897561115062,5.39637823367451,0,0,28644.7563517249,26766.7582696657,3538.6192997629,6697.95418579564,1491.98934418797,2294.13756740579,0,0,1100.53869634119,1028.42277393959,137.182244718209,259.924219402768,58.2990291636835,89.7300666789328,0,0,0,0,5.72417894324379,11.0610616263129,2.6743172499807,4.12893956720447,0,0,0,0,0,0,0,0,0,0,190.112748290766,191.37449635761,91.8470237170468,186.793485566033,64.1187940593324,110.634791834717,0,0,7.30438228637083,7.35291587255403,3.51318117740701,7.14179329887557,2.44050307424174,4.20977679130589,0,0,566.028931441521,549.153088479986,194.569175509157,408.558068545454,164.312178158207,280.786312456804,0,0,21.7474903461439,21.0993472910645,7.45066389705652,15.6386628099142,6.26671276467581,10.7051834734857,0,0,0,0,25.8563711499129,54.9428872781269,20.534358397362,33.4137931084414,0,0,0,0,0,0,0,0,0,0,136.995974034252,76.7944137949193,109.204783001625,104.705867126591
"62",1995,1530,5.08333333333333,7650.62108417985,7094.91876674206,1057.70067570829,1997.69068654244,437.933855749995,675.5171237054,0,0,0,0,0,0,0,0,0,0,0,0,1.64611202290391,3.17713776376168,0.792407460101451,1.22706713839568,0,0,0,0,0,0,0,0,0,0,2361.9278812123,2204.15457238729,244.898451471349,466.939258832874,90.7787259704336,143.559690518253,0,0,90.7490463186451,84.687143487362,9.43604479780926,17.9932289326069,3.49799218127555,5.53178362284284,0,0,28559.371740281,26641.2147760742,3573.8406183132,6765.86297289183,1515.99402845742,2334.58047526265,0,0,1097.25840048977,1023.59918107939,138.554058296361,262.574995271951,59.240816644745,91.3189026378458,0,0,0,0,5.78620010188519,11.1847765048565,2.71894226201888,4.20427057014594,0,0,0,0,0,0,0,0,0,0,190.097227564162,191.257842783096,93.2097546996806,189.835530408326,65.4138290017535,113.328111622043,0,0,7.30378643076472,7.34843384002463,3.56530868963365,7.25808163303538,2.48982536648057,4.31230590840216,0,0,562.085341277138,544.777557958971,196.930532148663,414.013741462545,167.172944282332,286.448425457516,0,0,21.5959746378711,20.9312323015928,7.54097464922471,15.8472009744246,6.37573234816089,10.9208704489293,0,0,0,0,26.2714029383668,55.8795353138527,20.9488306559606,34.1557733114709,0,0,0,0,0,0,0,0,0,0,139.290050658542,77.8026624811549,112.508224372113,107.370754869937
"63",1995,1530,5.16666666666667,7629.79698143957,7063.85932102977,1068.2771785078,2017.78374281015,443.809365541021,685.460391078222,0,0,0,0,0,0,0,0,0,0,0,0,1.66337302998114,3.21103820528072,0.803345007794788,1.24561628211526,0,0,0,0,0,0,0,0,0,0,2369.94274470668,2208.00181813995,248.959087926389,474.87594609161,92.8748060202113,147.156254983201,0,0,91.0569901912225,84.8349608215763,9.59251718576134,18.2991003397677,3.57875136031834,5.67035347506376,0,0,28474.4734912022,26516.5660642151,3608.24213413825,6832.34375082071,1540.13478354305,2375.30814812012,0,0,1093.99678974603,1018.80996724823,139.89441221501,265.171043391871,60.1880654139502,92.9191670588149,0,0,0,0,5.84825881229211,11.3083947109528,2.76385332358011,4.28020082895154,0,0,0,0,0,0,0,0,0,0,190.107732987683,191.153418384847,94.5850545978818,192.891350372062,66.7374815885825,116.06116684075,0,0,7.30419053594275,7.34442167206741,3.6179191046887,7.37490052760443,2.54024054083501,4.41635361363475,0,0,558.148710821245,540.424327085393,199.276454131669,419.459389269579,170.059256060163,292.191252168925,0,0,21.4447263141466,20.7639741011396,7.63069240814398,16.0553489482145,6.48572568029617,11.1396308765352,0,0,0,0,26.6874787297313,56.8199384141342,21.3683919302751,34.9082633312541,0,0,0,0,0,0,0,0,0,0,141.58409776519,78.8103285049376,115.871541632808,110.091099356593
"64",1995,1530,5.25,7609.00490248625,7033.00515964631,1078.55512573788,2037.35444576492,449.703644458278,695.442056277014,0,0,0,0,0,0,0,0,0,0,0,0,1.68061537758389,3.24485889256275,0.814322728050404,1.26424813231434,0,0,0,0,0,0,0,0,0,0,2378.22373791809,2212.08237937437,253.032602725605,482.854050217792,95.0161076463469,150.835732421563,0,0,91.3751591931144,84.991742509711,9.74949051351515,18.6065755839773,3.66125252794653,5.81211718494493,0,0,28390.0619735601,26392.8088687161,3641.83851628382,6897.41821909096,1564.40142124506,2416.30725037578,0,0,1090.75387830374,1014.05500698458,141.203858995862,267.713176829333,61.1403820283279,94.5303457464553,0,0,0,0,5.91012959550774,11.4315546980971,2.80904984175808,4.35672818341857,0,0,0,0,0,0,0,0,0,0,190.143568412707,191.061454339494,95.9715586136584,195.960078550229,68.0896385258146,118.835698017795,0,0,7.30556785499718,7.34088825086133,3.67096012847462,7.49221674992825,2.59174452764581,4.52198656505541,0,0,554.220105345255,536.093485965607,201.607178493111,424.893610637288,172.97117578437,298.013374583749,0,0,21.2937863041098,20.5975761517313,7.71982649060819,16.2630536765851,6.59669526509699,11.3614111014402,0,0,0,0,27.1045345426888,57.763922826325,21.7929956689012,35.6712188293148,0,0,0,0,0,0,0,0,0,0,143.878425233769,79.8174769286875,119.295793125824,112.867536302327
"65",1995,1530,5.33333333333333,7588.24120106594,7002.35173918921,1088.53917447518,2056.40933502918,455.612482181386,705.456252452488,0,0,0,0,0,0,0,0,0,0,0,0,1.69776131363919,3.27847075718993,0.825338101622224,1.28295824799762,0,0,0,0,0,0,0,0,0,0,2386.7686773239,2216.39358843573,257.120454344585,490.876062779441,97.2026523867731,154.59888067189,0,0,91.7034694298901,85.1573860562014,9.90702045008381,18.9157498550762,3.74549659725875,5.95710404402389,0,0,28306.1376491471,26269.9400396621,3674.64424754448,6961.10789788525,1588.78400847701,2457.56472064137,0,0,1087.52968391863,1009.33417926295,142.482944354165,270.202202253574,62.097382602562,96.1519346727024,0,0,0,0,5.97163098684325,11.5539637178519,2.85452642895383,4.43384482877994,0,0,0,0,0,0,0,0,0,0,190.204079264031,190.982155498001,97.3681019051544,199.04102888102,69.4701734983834,121.653302230894,0,0,7.30789323832165,7.33784144711096,3.72438716029118,7.6100040572271,2.64433273961341,4.62926594962254,0,0,550.300570361972,531.785175665588,203.922826328192,430.31496018854,175.908724968989,303.913461268117,0,0,21.1431947777384,20.4320438733454,7.80838176602643,16.4702604041535,6.70864207169024,11.5861607904996,0,0,0,0,27.5224728965996,58.7112611814134,22.22259393448,36.4445920799804,0,0,0,0,0,0,0,0,0,0,146.173334614256,80.8241739908712,122.782015522238,115.700719972001
"66",1995,1530,5.41666666666667,7567.50234180634,6971.8946381155,1098.23388875765,2074.95484245938,461.53175936633,715.497199931241,0,0,0,0,0,0,0,0,0,0,0,0,1.71474673554132,3.3117666581966,0.836387258552527,1.30174051177004,0,0,0,0,0,0,0,0,0,0,2395.57522083488,2220.93262057916,261.223981678884,498.944253970062,99.4344962479386,158.446458989177,0,0,92.0418309147359,85.3317829298328,10.0651581141411,19.2267099031947,3.83148579401721,6.10534338521327,0,0,28222.7010294322,26147.9564989023,3706.67362757555,7023.43412333882,1613.27285321812,2499.0677558883,0,0,1084.32422625464,1004.64736581517,143.732207297633,272.638919728934,63.0586922873352,97.7834393903899,0,0,0,0,6.03261537453615,11.6753822527102,2.90027454253813,4.51153920473827,0,0,0,0,0,0,0,0,0,0,190.288646888408,190.915702392095,98.7736848512498,202.133661922143,70.8789540869327,124.515454803263,0,0,7.31114291647476,7.33528819713656,3.77816195341931,7.72824187069,2.69800034114865,4.73824831262239,0,0,546.391130140331,527.499578562388,206.223427571731,435.7219661795,178.871883637006,309.890247586938,0,0,20.9929910887841,20.2673842731976,7.8963596087696,16.6769133580381,6.82156550360506,11.8138321764022,0,0,0,0,27.941172230974,59.661687061592,22.6571363049386,37.2283307345136,0,0,0,0,0,0,0,0,0,0,148.469119970871,81.8304869160177,126.331227093049,118.591321548271
"67",1995,1530,5.5,7546.78489443623,6941.62955087761,1107.64374028458,2092.99729331114,467.457448182876,725.559207063953,0,0,0,0,0,0,0,0,0,0,0,0,1.73151966610172,3.34465899316784,0.847465220364207,1.32058742154423,0,0,0,0,0,0,0,0,0,0,2404.64089965048,2225.6965265329,265.344410039704,507.060684725254,101.711727101625,162.379229338661,0,0,92.3901487923859,85.5148198148674,10.2239503013202,19.5395344996046,3.91922355801625,6.25686463375886,0,0,28139.7526536156,26026.8552187595,3737.94076583123,7084.41803545893,1637.85850750282,2540.80381454483,0,0,1081.13752604072,999.994450312356,144.952179857926,275.024122257294,64.0239453854304,99.4243751502387,0,0,0,0,6.09296511613459,11.7956180443777,2.94628308259021,4.58979669193192,0,0,0,0,0,0,0,0,0,0,190.396686877167,190.86225168099,100.187459545066,205.237571004015,72.3158451786961,127.423517509599,0,0,7.31529443573277,7.3332345200381,3.83225209428701,7.84691473922314,2.75274238074689,4.84898587169604,0,0,542.492785858451,523.236914170825,208.50893169594,441.113139794893,181.860588695281,315.942526572747,0,0,20.843213703811,20.1036057853968,7.9837583092275,16.8829561064279,6.9354633357039,12.0443797094675,0,0,0,0,28.3604907861508,60.6149010301534,23.0965693637566,38.0223771463784,0,0,0,0,0,0,0,0,0,0,150.766068051053,82.8364838254975,129.94442903516,121.540028892939
"68",1995,1530,5.58333333333333,7526.08552379082,6911.55227752977,1116.77311236246,2110.54291114374,473.385609697412,735.636668059881,0,0,0,0,0,0,0,0,0,0,0,0,1.74803807684376,3.37707627925463,0.858566233292665,1.33949049120261,0,0,0,0,0,0,0,0,0,0,2413.96315784083,2230.68227257453,269.482861955275,515.227228021603,104.034460989256,166.397958214961,0,0,92.7483248599282,85.7063801508387,10.3834398944419,19.854295247785,4.00871440297125,6.41169737888923,0,0,28057.2930633463,25906.6331968604,3768.45958011878,7144.08057111603,1662.53176220179,2582.76061073806,0,0,1077.96960409954,995.375317397875,146.143387026679,277.358595499631,64.9927851603272,101.074266689366,0,0,0,0,6.15258700207856,11.9145175692144,2.99253921932507,4.66860057221318,0,0,0,0,0,0,0,0,0,0,190.527646001723,190.821937432035,101.608709563023,208.352462213854,73.7807128538531,130.378751406457,0,0,7.32032654034808,7.33168556689977,3.88663022269998,7.96601156450674,2.80855394230591,4.96152700733362,0,0,538.606514439442,518.997433323398,210.77922235543,446.48698596456,184.874733508838,322.069136757741,0,0,20.6939001574671,19.9407180473277,8.07057363638335,17.0883319760269,7.05033169612288,12.2777595929456,0,0,0,0,28.7802718006182,61.5705787304639,23.5408361616276,38.8266677229399,0,0,0,0,0,0,0,0,0,0,153.064458727173,83.8422336099315,133.622607509007,124.547545719707
"69",1995,1530,5.66666666666667,7505.40098115594,6881.65871468138,1125.62630328216,2127.59782203496,479.312391783747,745.724061403525,0,0,0,0,0,0,0,0,0,0,0,0,1.76426798433773,3.40896015272774,0.869684045318852,1.35844058500157,0,0,0,0,0,0,0,0,0,0,2423.53938743996,2235.88677612827,273.640367180784,523.445588472493,106.402838550067,170.503418034074,0,0,93.1162589151386,85.9063455002554,10.5436662436749,20.1710573295837,4.0999637809661,6.56987142890749,0,0,27975.3227803352,25787.2874340118,3798.24379446681,7202.4424564701,1687.283642831,2624.92610985139,0,0,1074.82048048733,990.789851837282,147.306346666512,279.64311747793,65.9648636836423,102.73264806904,0,0,0,0,6.2114074321215,12.0319585860221,3.03902907431943,4.74793282262114,0,0,0,0,0,0,0,0,0,0,190.680999470762,190.794872441627,103.036831438198,211.478136106932,75.2734276818334,133.382328740717,0,0,7.32621906716681,7.33064567154147,3.94127331799291,8.08552489320276,2.86543027356504,5.07591671806033,0,0,534.733267476358,514.781412741712,213.034130756121,451.842013223573,187.914167774984,328.268950857855,0,0,20.5450870111794,19.7787316910767,8.15679935118334,17.2929844323116,7.16616505991327,12.5139293509884,0,0,0,0,29.2003480378094,62.5283779790517,23.9898758055852,39.6411324122107,0,0,0,0,0,0,0,0,0,0,155.364565395501,84.8478058026423,137.366735594571,127.614590854986
"70",1995,1530,5.75,7484.72809863009,6851.94484948829,1134.20752881711,2144.16805766969,485.234027556517,755.815948759226,0,0,0,0,0,0,0,0,0,0,0,0,1.78018228005536,3.44026350376781,0.880812047025722,1.37742809080375,0,0,0,0,0,0,0,0,0,0,2433.3669503337,2241.30692808931,277.817869976275,531.717316269699,108.817022183635,174.696387498182,0,0,93.4938495974525,86.1145964063389,10.7046654429499,20.4898800360221,4.19297797453912,6.73141682634098,0,0,27893.8422928017,25668.814920824,3827.30693807988,7259.52420208293,1712.1054059676,2667.28852499965,0,0,1071.69017397318,986.237938004371,148.441569464817,281.878458381224,66.939841704571,104.399062546471,0,0,0,0,6.26936948837039,12.1478455625874,3.08573805165339,4.82777450958327,0,0,0,0,0,0,0,0,0,0,190.856249017818,190.781149441298,104.471321748342,214.614475164039,76.7938665465409,136.435341660222,0,0,7.33295287215116,7.33011839685882,3.99616220196717,8.20545043205269,2.92336685737019,5.19219695318472,0,0,530.873970687573,510.589151161638,215.273444718021,457.176740086061,190.978698106577,334.540867914149,0,0,20.3968098322304,19.6176581945539,8.24242755423346,17.4968573249426,7.28295627034691,12.7528475286938,0,0,0,0,29.6205444720495,63.4879430489373,24.4436233475201,40.4656945410131,0,0,0,0,0,0,0,0,0,0,157.666655275235,85.8532704794058,141.17777477955,130.741897667703
"71",1995,1530,5.83333333333333,7464.06378369456,6822.40675383876,1142.52092476989,2160.25955847128,491.146833758517,765.906973863668,0,0,0,0,0,0,0,0,0,0,0,0,1.79575958098901,3.47094864589474,0.891943411908112,1.39644309188181,0,0,0,0,0,0,0,0,0,0,2443.44319909383,2246.93961404831,282.016236433737,540.043821198619,111.27719326665,178.977651952076,0,0,93.8809951884441,86.331013208502,10.866470608295,20.810817300976,4.28776399080853,6.89636386273154,0,0,27812.8520426845,25551.2126251456,3855.66234444245,7315.34609815813,1736.98853540832,2709.83631329381,0,0,1068.5787015477,981.719459398421,149.549558892931,284.065380376115,67.9173885097726,106.073062438916,0,0,0,0,6.32643005666149,12.2621051826593,3.13265117115609,4.90810618341399,0,0,0,0,0,0,0,0,0,0,191.052920995653,190.78084234986,105.911764392796,217.761431466933,78.341914298335,139.538810801363,0,0,7.34050975716325,7.33010658293249,4.05128104909054,8.32578657137627,2.98235947630138,5.31040694085077,0,0,527.029523465643,506.42096551111,217.496917525678,462.489701152792,194.06808876741,340.883805579259,0,0,20.2491031764243,19.4575097346377,8.32744902531851,17.6998951228763,7.40069656602996,12.9944733976599,0,0,0,0,30.0406809176821,64.4489088623122,24.9020096786263,41.3002706629642,0,0,0,0,0,0,0,0,0,0,159.970989712101,86.8586981575181,145.056676450855,133.930213498101
"72",1995,1530,5.91666666666667,7443.40501416812,6793.04057889901,1150.57054952197,2175.87817672751,497.04720914394,775.991861448448,0,0,0,0,0,0,0,0,0,0,0,0,1.81098315167521,3.50098559724127,0.903071225184349,1.41547552471172,0,0,0,0,0,0,0,0,0,0,2453.76549601643,2252.78173370739,286.236261613569,548.426386221519,113.783549438498,183.348003608144,0,0,94.2775943433103,86.5554767883421,11.0291121489599,21.1339182184322,4.38432945816553,7.06474308831231,0,0,27732.3524141134,25434.4774807704,3883.32315068255,7369.92821016139,1761.92473812692,2752.55817197434,0,0,1065.48607798005,977.234298210271,150.630811175012,286.204637431574,68.8971817757915,107.754208983053,0,0,0,0,6.3825571296777,12.3746821325644,3.17975337393119,4.98890824006954,0,0,0,0,0,0,0,0,0,0,191.270564529355,190.794007556131,107.357818427292,220.919014975784,79.9174651664814,142.693693557023,0,0,7.34887239900471,7.33061239631247,4.10661691821973,8.44653393188063,3.04240426805223,5.4305835038493,0,0,523.200798536009,502.277187233127,219.704276291848,467.779452750848,197.182062590299,347.296692789358,0,0,20.1020005749747,19.2982990458993,8.4118535441745,17.9020431313579,7.51937561503441,13.2387666762376,0,0,0,0,30.4605744715398,65.4109048977041,25.3649614561313,42.1447704462438,0,0,0,0,0,0,0,0,0,0,162.277824479877,87.8641596962533,149.004383353157,137.180299095537
"73",1996,1530,6,7421.34104790937,6761.92609566827,1159.22488657864,2192.72488195865,502.912400365172,786.198092969933,0,0,0,0,0,0,0,0,0,0,0,0,1.82591805714521,3.53084397063992,0.9141464445973,1.43474848088044,0,0,0,0,0,0,0,0,0,0,2464.28895337313,2258.81839291874,290.492756582155,556.949296935669,116.332042143051,187.84057863335,0,0,94.6819224037443,86.7874148888822,11.1931583722586,21.4624263829887,4.48251826580976,7.23783112126338,0,0,27651.2230021453,25317.5918507325,3910.76527719236,7424.85582097593,1786.82458258589,2795.89854317944,0,0,1062.36925529,972.743355236167,151.703572626059,288.357377166025,69.8757239139857,109.459903773174,0,0,0,0,6.43765325044955,12.486685590448,3.22687899622979,5.07098299344287,0,0,0,0,0,0,0,0,0,0,191.466129534322,190.843992267261,108.814816128568,224.192159782015,81.502252637816,146.014666109461,0,0,7.35638674854914,7.33253287454134,4.16237667175115,8.57171003113446,3.10280603011765,5.55709148313251,0,0,519.390198291805,498.176123387259,221.883856225228,473.075314157435,200.309923032631,353.838824975434,0,0,19.9555943303856,19.1407295150748,8.49519402296677,18.1044224695604,7.63858579840177,13.4879879617143,0,0,0,0,30.8793083880256,66.3789453538535,25.8311841319517,43.0060675878301,0,0,0,0,0,0,0,0,0,0,164.605627665362,88.8063131343508,153.053792741352,140.284796974882
"74",1996,1530,6.08333333333333,7399.21366710564,6730.89555387581,1167.6429724361,2209.155964823,508.766145043369,796.407655859742,0,0,0,0,0,0,0,0,0,0,0,0,1.84070698616956,3.56042880984833,0.925206490154512,1.45403977489774,0,0,0,0,0,0,0,0,0,0,2475.06588683566,2265.06709512801,294.781026776588,565.54996458682,118.929061917466,192.430368366487,0,0,95.0959894215156,87.0275000204948,11.3584296735305,21.7939324527257,4.58257654964617,7.41466414776455,0,0,27570.5196009393,25201.5046640371,3937.54953015007,7478.63933888022,1811.76136984561,2839.42838423997,0,0,1059.26879904143,968.283089809303,152.750995109075,290.466124433344,70.8558795890147,111.173352668554,0,0,0,0,6.49192044025784,12.5972688350086,3.27415721113093,5.15355126060552,0,0,0,0,0,0,0,0,0,0,191.682481097512,190.906857010568,110.277243871165,227.476277546655,83.1148752587252,149.389522200975,0,0,7.36469974712417,7.33494822427862,4.21834673462593,8.69731121748467,3.16427300792224,5.68566114519906,0,0,515.592648127079,494.099634259279,224.046226983483,478.352936786028,203.458957404171,360.459256239196,0,0,19.8096894699146,18.9841041851097,8.5778762954096,18.3061034793343,7.75860530570101,13.7401955220096,0,0,0,0,31.2973856624126,67.347692957781,26.3016993491972,43.8776273401568,0,0,0,0,0,0,0,0,0,0,166.936801178745,89.7457271631302,157.175411543461,143.440612507795
"75",1996,1530,6.16666666666667,7377.08752829636,6700.0373111449,1175.78716530249,2225.0955681195,514.605849823915,806.609086838432,0,0,0,0,0,0,0,0,0,0,0,0,1.85530040266681,3.58963763843622,0.936250417275647,1.47333328999743,0,0,0,0,0,0,0,0,0,0,2486.09436654353,2271.52417576979,299.100447475651,574.224589223937,121.574976567063,197.116791707604,0,0,95.5197212482977,87.2755913847168,11.5249020735823,22.1282901958475,4.68451852726305,7.5952198417837,0,0,27490.2973125095,25086.2627739903,3963.66597565284,7531.22263456376,1836.73138894058,2883.11589360966,0,0,1056.18682636045,963.855302106414,153.772690609795,292.528694722175,71.8375050302135,112.893313736354,0,0,0,0,6.54532979845676,12.7063169547548,3.32158370294363,5.23655971964459,0,0,0,0,0,0,0,0,0,0,191.921204558746,190.9816285673,111.744910716559,230.767325908745,84.756154058198,152.814366988079,0,0,7.37387230596408,7.33782105288201,4.27451983084804,8.82318303215152,3.22683666914623,5.81614473464011,0,0,511.809143945755,490.047255321255,226.19161626883,483.609060464384,206.629426373007,367.153776138656,0,0,19.6643242574523,18.8284052080892,8.65990933462334,18.506962041127,7.8794443427639,13.9952295305051,0,0,0,0,31.7146806481583,68.3165627095219,26.7764838699286,44.7590272817677,0,0,0,0,0,0,0,0,0,0,169.270744053931,90.6854798230908,161.368772462242,146.658330623156
"76",1996,1530,6.25,7354.96020311584,6669.34810658555,1183.66167285754,2240.54973607192,520.427882319683,816.796988429888,0,0,0,0,0,0,0,0,0,0,0,0,1.86965634553344,3.61839745796817,0.947274257220393,1.49262255131769,0,0,0,0,0,0,0,0,0,0,2497.37019709615,2278.18529942422,303.450881569071,582.972937208321,124.269886159548,201.900617090724,0,0,95.9529566900911,87.531522407784,11.6925702865266,22.465490630071,4.788348091289,7.77952786862653,0,0,27410.5573847984,24971.8639322038,3989.12746771614,7582.6255074545,1861.72711608205,2926.95059523,0,0,1053.12338520325,959.459905740295,154.769145401517,294.545833010855,72.8203069102765,114.619379095622,0,0,0,0,6.59785544505964,12.8137804360354,3.36914642177143,5.31999255411032,0,0,0,0,0,0,0,0,0,0,192.181787858356,191.068444838791,113.217883533778,234.066276811809,86.4259894785033,156.290682096455,0,0,7.38388475104659,7.34115665874441,4.33089867843947,8.94936298026486,3.2904934247648,5.94859910094192,0,0,508.040788743278,486.019375605398,228.319732923219,488.841854388568,209.821079113583,373.920823593459,0,0,19.5195410714818,18.6736475312548,8.74128221341197,18.7069286716131,8.00109361877076,14.2530311671983,0,0,0,0,32.1310316806366,69.2852163897418,27.2554497424778,45.6501551153822,0,0,0,0,0,0,0,0,0,0,171.607725425163,91.6256300638481,165.634852371572,149.938641155039
"77",1996,1530,6.33333333333333,7332.82925667392,6638.82468410864,1191.27061301751,2255.52440478631,526.228691890272,826.966041756199,0,0,0,0,0,0,0,0,0,0,0,0,1.88374116153119,3.64664909920995,0.958273298689041,1.51190011038391,0,0,0,0,0,0,0,0,0,0,2508.88954266335,2285.04646301383,307.8322366756,591.794837616224,127.013924520226,206.782639400075,0,0,96.395548368166,87.7951392850591,11.8614307442385,22.8055271790256,4.8940704273221,7.96761890380216,0,0,27331.3007749847,24858.3056459779,4013.94661150532,7632.86743778767,1886.741228049,2970.92222819142,0,0,1050.07851235432,955.096804936909,155.740836471993,296.518272426144,73.8039994470928,116.351148840273,0,0,0,0,6.64947953938618,12.9196236581952,3.41683312005391,5.40383360221229,0,0,0,0,0,0,0,0,0,0,192.463739588581,191.167417421877,114.696224508339,237.374013633138,88.1242910711386,159.819849666006,0,0,7.3947182018199,7.34495932959758,4.3874858138638,9.07588517894419,3.35524002888691,6.08307730828069,0,0,504.288625500421,482.016375734205,230.43029173364,494.049586590717,213.033616719122,380.758876272044,0,0,19.3753799846421,18.5198457787332,8.82198423731938,18.9059376779348,8.12354201904414,14.5135431037797,0,0,0,0,32.5462763545122,70.2533129776869,27.7385055772468,46.5508923962696,0,0,0,0,0,0,0,0,0,0,173.948008199789,92.566237462428,169.974625998602,153.282257917963
"78",1996,1530,6.41666666666667,7310.69225667701,6608.46380013668,1198.61802165252,2270.02541274134,532.004805485778,837.111003391394,0,0,0,0,0,0,0,0,0,0,0,0,1.8975276726234,3.6743442417381,0.969242352904308,1.53115787632413,0,0,0,0,0,0,0,0,0,0,2520.64886686397,2292.10394033685,312.244455621683,600.690168166863,129.807251968128,211.763674709952,0,0,96.8473604091035,88.06629884991,12.0314812313266,23.1483951330597,5.00169173578299,8.15952443203184,0,0,27252.5281938603,24745.5852188211,4038.13578021269,7681.96760821236,1911.76659211083,3015.02073680042,0,0,1047.05223513152,950.765896092227,156.688232154634,298.446735050694,74.7883040302359,118.088230676695,0,0,0,0,6.70019043381735,13.0238217895272,3.46463154648117,5.48806660917196,0,0,0,0,0,0,0,0,0,0,192.766588110742,191.278635725795,116.179993203281,240.691345097439,89.850978276302,163.403166984573,0,0,7.40635453728426,7.3492325006901,4.44428367017741,9.20278088765866,3.42107360998951,6.21962919336833,0,0,500.553643812539,478.038628885253,232.523013538649,499.230612430165,216.266696660479,387.666441236984,0,0,19.2318790184323,18.3670142886053,8.90200494788011,19.1039267162579,8.24677677387397,14.7767091462481,0,0,0,0,32.9602529107527,71.2205111387457,28.2255567074442,47.4611147705888,0,0,0,0,0,0,0,0,0,0,176.291849550886,93.5073620697367,174.389066252461,156.68991603457
"79",1996,1530,6.5,7288.54677944881,6578.26222910125,1205.70785364372,2284.05850286402,537.752828727956,847.226707133289,0,0,0,0,0,0,0,0,0,0,0,0,1.91099442548341,3.70144419199184,0.980175862045921,1.55038725206026,0,0,0,0,0,0,0,0,0,0,2532.64490923362,2299.35426054398,316.68751219027,609.658848745626,132.650051982415,216.844557934811,0,0,97.3082675406479,88.3448677467573,12.2027207221673,23.4940914010369,5.11121910423569,8.35527665742264,0,0,27174.2401220075,24633.6997662228,4061.70711483928,7729.94490326647,1936.79626825591,3059.23627376467,0,0,1044.04457200757,946.467068378215,157.611792120896,300.331931906546,75.7729493091722,119.83024004619,0,0,0,0,6.74998191143699,13.126359505579,3.51252952884533,5.57267533547247,0,0,0,0,0,0,0,0,0,0,193.089881704129,191.402168569975,117.669247446177,244.019010510545,91.6059809498252,167.041851989653,0,0,7.41877640171265,7.35397881617692,4.50129461053625,9.33007870737289,3.487991691702,6.35830157539642,0,0,496.836781659472,474.086500884898,234.597625754652,504.383371363509,219.519933936307,394.642050153369,0,0,19.0890742112137,18.2151671165067,8.98133414224613,19.3008366674844,8.37078350202405,15.0424740523633,0,0,0,0,33.3728010127477,72.1864705935377,28.7165051987395,48.3806919174853,0,0,0,0,0,0,0,0,0,0,178.639500995076,94.4490643323026,178.879144481096,160.162371221864
"80",1996,1530,6.58333333333333,7266.39041645775,6548.21676902398,1212.54398691495,2297.62932825385,543.469444456192,857.308063407174,0,0,0,0,0,0,0,0,0,0,0,0,1.92412461679928,3.72791812853904,0.991068046089274,1.56957931893597,0,0,0,0,0,0,0,0,0,0,2544.8746491124,2306.79417513512,321.161405085789,618.700832393266,135.542526520237,222.026139314348,0,0,97.7781537042148,88.6307211630315,12.3751491494662,23.8426141649502,5.22266032804379,8.55490836909139,0,0,27096.4368360121,24522.6462399065,4084.67253194184,7776.81791906076,1961.82350517165,3103.55919677056,0,0,1041.05553361721,942.200204674711,158.511967669946,302.174563317997,76.7576710467643,121.576800002972,0,0,0,0,6.79885210433491,13.2272291636342,3.56051507785491,5.65764369375373,0,0,0,0,0,0,0,0,0,0,193.433188071014,191.538066700615,119.164044443513,247.357688087103,93.3892396627731,170.737052203586,0,0,7.43196718563323,7.35920022581035,4.5585209704192,9.45780489794364,3.55599220510864,6.49913859667143,0,0,493.138929164083,470.16035053755,236.653862731201,509.50638040693,222.792903855738,401.684253130368,0,0,18.9469997626174,18.0643180482785,9.05996188608867,19.4966113860925,8.49554631613937,15.3107832965009,0,0,0,0,33.7837626103374,73.1508536840441,29.2112499612445,49.3094876757653,0,0,0,0,0,0,0,0,0,0,180.991208671318,95.391404989925,183.445830794163,163.70039828185
"81",1996,1530,6.66666666666667,7244.22077975778,6518.32424613089,1219.13022554178,2310.74345664676,549.151411817072,867.350059170515,0,0,0,0,0,0,0,0,0,0,0,0,1.93690528692293,3.75374177887113,1.00191300437401,1.58872496553145,0,0,0,0,0,0,0,0,0,0,2557.33527730288,2314.42063221473,325.66615313672,627.816098102046,138.484892244792,227.309281507125,0,0,98.2569109659467,88.9237418400259,12.5487672202192,24.1939626037026,5.33602376585517,8.75845283001923,0,0,27019.1184289404,24412.4214468397,4107.04372930832,7822.60497020477,1986.84173728531,3147.98006618777,0,0,1038.08512354393,937.965182299795,159.389201940637,303.975319171141,77.7422120122689,123.327541133471,0,0,0,0,6.8468026848929,13.3264294309025,3.60857645399588,5.74295583889777,0,0,0,0,0,0,0,0,0,0,193.796093853348,191.686364801714,120.664441518008,250.708001487795,95.2007057201933,174.489851890404,0,0,7.44591100726037,7.36489806220721,4.61596508556698,9.58598362733865,3.62507349009272,6.6421819954074,0,0,489.460931547549,466.260529752502,238.691466153918,514.598229031532,226.085144432808,408.79161368885,0,0,18.805688147091,17.9144806048404,9.13787852834448,19.6911975037724,8.62104791348484,15.5815828774754,0,0,0,0,34.1929825793649,74.1133265548796,29.7096868653665,50.2473601681025,0,0,0,0,0,0,0,0,0,0,183.347213573581,96.3344449914127,188.090094393446,167.304789919757
"82",1996,1530,6.75,7222.03550668081,6488.58151875159,1225.4703025907,2323.40637444472,554.795565389286,877.347757845624,0,0,0,0,0,0,0,0,0,0,0,0,1.94932667314592,3.77889635051839,1.01270478695716,1.60781497959366,0,0,0,0,0,0,0,0,0,0,2570.02417176278,2322.23075453073,330.201791212751,637.004644674044,141.477377275283,232.694857014052,0,0,98.744438582786,89.2238192291144,12.723576259017,24.5481366575183,5.45131821505159,8.96594367849424,0,0,26942.2848279445,24303.022065536,4128.83219122064,7867.32409611504,2011.84458166956,3192.48964263047,0,0,1035.13333899643,933.761873636152,160.243930107757,305.734879149773,78.7263218689741,125.082101470015,0,0,0,0,6.89383822142885,13.4239641831717,3.65670220761801,5.82859622475027,0,0,0,0,0,0,0,0,0,0,194.178204062055,191.847083257332,122.170496583538,254.070525439192,97.0403409241789,178.301278351807,0,0,7.460592690568,7.37107310855754,4.67362930999735,9.71463718599139,3.69523428676252,6.78747134562456,0,0,485.803591774259,462.387383559671,240.710185453128,519.657574651167,229.396158723928,415.962704385408,0,0,18.6651702155181,17.7656680427957,9.21507471616731,19.8845442556574,8.74726966456491,15.8548191513462,0,0,0,0,34.6003091989407,75.0735600642809,30.21170887769,51.1941619529559,0,0,0,0,0,0,0,0,0,0,185.707751778304,97.2782454205633,192.812903919068,170.976355694406
"83",1996,1530,6.83333333333333,7199.83226402725,6458.98548073517,1231.56788278988,2335.62349047728,560.398814338905,887.296299279515,0,0,0,0,0,0,0,0,0,0,0,0,1.96138165372039,3.80336760992477,1.02343745295509,1.62684012352815,0,0,0,0,0,0,0,0,0,0,2582.93887602511,2330.22182007912,334.768366594873,646.266485241376,144.520218265949,238.183745768636,0,0,99.2406421733428,89.5308487465498,12.8995780686958,24.9051368176908,5.56855279978564,9.17741483590129,0,0,26865.9358099194,24194.4446605131,4150.04919343615,7910.9930669172,2036.8258348917,3237.07888445476,0,0,1032.2001714101,929.590146686563,161.07657956759,307.453912955803,79.7097570595298,126.840126401966,0,0,0,0,6.93996562542781,13.5198415575388,3.70488120928897,5.91454964804068,0,0,0,0,0,0,0,0,0,0,194.579141469989,192.020229736986,123.682268482374,257.445790725353,98.9081172195621,182.172307591413,0,0,7.47599774196603,7.37772565953819,4.73151602879957,9.84378617723689,3.76647372230584,6.93504427293333,0,0,482.16767296345,458.541250056513,242.709778190495,524.683138539437,232.725417088164,423.19610295045,0,0,18.525475287878,17.6178933523914,9.29154140905152,20.0766033229552,8.87419169881698,16.1304386837657,0,0,0,0,35.0055945401729,76.0312305431506,30.7172062008844,52.1497401846316,0,0,0,0,0,0,0,0,0,0,188.073054664154,98.2228674295792,197.615227784843,174.715921064509
"84",1996,1530,6.91666666666667,7177.6087517504,6429.53306438365,1237.42656501693,2347.400139472,565.958141605475,897.19089972935,0,0,0,0,0,0,0,0,0,0,0,0,1.97306528940483,3.82714511888988,1.0341051133092,1.64579119054978,0,0,0,0,0,0,0,0,0,0,2596.07708037849,2338.39124528301,339.365935833884,655.601642504868,147.61365784085,243.776832934258,0,0,99.7454329948121,89.844731127177,13.0767748096911,25.2649639438294,5.68773687262859,9.39290042240424,0,0,26790.0710151852,24086.6856948956,4170.70580786886,7953.62938891175,2061.77946979796,3281.73894517583,0,0,1029.28560697278,925.44986555814,161.887570112096,309.133080513011,80.6922806886287,128.601268583673,0,0,0,0,6.98519369794818,13.6140731706251,3.7531026675179,6.00080127613984,0,0,0,0,0,0,0,0,0,0,194.99854596601,192.205800601575,125.199817173251,260.834288535648,100.804016209319,186.103869333501,0,0,7.49211232548364,7.38485557533062,4.7896276652781,9.97344968324749,3.83879129277244,7.08493664566863,0,0,478.553900568164,454.722460291018,244.690010424497,529.6737021781,236.072359367257,430.490388935352,0,0,18.3866312369629,17.4711692530226,9.36726989215587,20.2673286920611,9.00179298726497,16.4083881216841,0,0,0,0,35.4086947586111,76.9860203903556,31.22606642027,53.1139367844976,0,0,0,0,0,0,0,0,0,0,190.443349124257,99.1683721800339,202.498034505477,178.524326531853
"85",1997,1530,7,7155.63163738727,6400.40574438591,1243.16063912352,2358.95980425854,571.422064733425,906.969001966263,0,0,0,0,0,0,0,0,0,0,0,0,1.98429314228911,3.85010415497985,1.04461291691019,1.66455244076363,0,0,0,0,0,0,0,0,0,0,2609.44427579166,2346.75467833494,343.971189138208,664.977961317079,150.744940085413,249.458794815956,0,0,100.259022018994,90.1660675995769,13.2542692330555,25.6263801097684,5.8083789587764,9.61181005532764,0,0,26714.9033287834,23980.0062112015,4190.63770395897,7995.04347313804,2086.52197033872,3326.24853676552,0,0,1026.3978251179,921.35105992618,162.670511943571,310.764970427019,81.6667088073069,130.356854892482,0,0,0,0,7.02923220627778,13.7062338909192,3.8010323879206,6.0869473784346,0,0,0,0,0,0,0,0,0,0,195.409689904368,192.384411554804,126.702316613762,264.204291288867,102.68461930443,190.036467004,0,0,7.50790952932866,7.39171808011961,4.84716806781522,10.1024157184278,3.91053369651484,7.23488386324263,0,0,474.962341071366,450.93383719853,246.636755275237,534.605679748689,239.415868057095,437.816000816032,0,0,18.2486406170891,17.3256042064109,9.44171914438959,20.4558176809101,9.12926864141316,16.6875415391888,0,0,0,0,35.8079432697213,77.9351229708752,31.735475020113,54.0831369844795,0,0,0,0,0,0,0,0,0,0,192.852900574422,100.140009417616,207.533870482299,182.506429593951
"86",1997,1530,7.08333333333333,7135.38099080124,6372.62057699778,1249.37699440056,2371.49746582092,576.532849950888,916.323491039339,0,0,0,0,0,0,0,0,0,0,0,0,1.99481082034677,3.87194281291406,1.05447085329592,1.68253390521636,0,0,0,0,0,0,0,0,0,0,2622.98879849885,2355.32388602204,348.444840807566,674.193848480321,153.830416510691,255.120599938712,0,0,100.779424241389,90.4953102625291,13.4267001377805,25.9816253316398,5.92725728096787,9.82994482751508,0,0,26641.6463708607,23875.8805472806,4208.93193130296,8034.17176353351,2110.0790198853,3369.43869600217,0,0,1023.58345524457,917.350376235222,163.389938897284,312.308085992323,82.5948975656197,132.061060801885,0,0,0,0,7.07044855761863,13.7939890758665,3.84688141272449,6.17082642379104,0,0,0,0,0,0,0,0,0,0,195.676558665084,192.456361582647,128.080400468725,267.386744198226,104.325726952456,193.654745386229,0,0,7.51816349021112,7.39448250072151,4.89995532419601,10.2242244066148,3.97316251648332,7.37287987914305,0,0,471.392158141156,447.191774151636,248.473635407669,539.357484190656,242.634239903229,445.006033684667,0,0,18.1114712947483,17.1818280723424,9.51196344495381,20.6374148171351,9.25197891471714,16.9615389152409,0,0,0,0,36.1948754094489,78.8646449673391,32.2304182021056,55.0380662975252,0,0,0,0,0,0,0,0,0,0,195.485637622351,101.274265591577,213.109232232354,187.230517366802
"87",1997,1530,7.16666666666667,7115.13967198973,6345.00194855254,1255.3651642071,2383.61266560689,581.605804281263,925.629896504878,0,0,0,0,0,0,0,0,0,0,0,0,2.00524444896149,3.89360268619646,1.06424973181407,1.70041685135131,0,0,0,0,0,0,0,0,0,0,2636.60409693838,2363.92910683413,352.929974847713,683.44049914525,156.945807249472,260.854216551107,0,0,101.302545780602,90.8259366073341,13.5995749846479,26.338060519242,6.0472898709136,10.050849087945,0,0,26568.9678504191,23772.6368490668,4226.73891408165,8072.37877794691,2133.58360464998,3412.66374540097,0,0,1020.79130827154,913.383579148791,164.090498726076,313.815579152303,83.5211858262087,133.76695452805,0,0,0,0,7.11077511304282,13.8801890463032,3.89270418588217,6.25490294170967,0,0,0,0,0,0,0,0,0,0,195.973566458503,192.549808812048,129.470702374198,270.591729877057,106.013299131555,197.354770703184,0,0,7.52957543421584,7.39807287834933,4.95321336296309,10.3469025720525,4.03756756775137,7.51400288544286,0,0,467.849548820909,443.48245982083,250.289321472461,544.072909670645,245.852933949631,452.232302960539,0,0,17.9753613677087,17.0393101973,9.58140072828364,20.8176285377854,9.37470834542716,17.2369302519965,0,0,0,0,36.5791142545467,79.7902621064028,32.7279885554927,56.0005651199222,0,0,0,0,0,0,0,0,0,0,198.122172839529,102.409009882863,218.764051133528,192.03209317955
"88",1997,1530,7.25,7094.90234964063,6317.54400083813,1261.1283075902,2395.30996760862,586.637932621762,934.883438387306,0,0,0,0,0,0,0,0,0,0,0,0,2.01554587169545,3.91499738377981,1.07395033128901,1.71820118257868,0,0,0,0,0,0,0,0,0,0,2650.30542010186,2372.58438228128,357.429236825686,692.723361938084,160.093407227035,266.663816340733,0,0,101.828972527278,91.1584861312643,13.7729953342434,26.6958947529601,6.16856475543271,10.2746829325903,0,0,26496.8548024318,23670.2599239261,4244.06720772257,8109.6778223999,2157.02996201951,3455.91456944233,0,0,1018.02088607765,909.450084940883,164.772515743128,315.287950126641,84.4453464322155,135.474177369843,0,0,0,0,7.15023552692098,13.9648525189548,3.93848980737617,6.33916135989885,0,0,0,0,0,0,0,0,0,0,196.298956733598,192.663603192288,130.872101026359,273.817652241964,107.74405676208,201.133454361522,0,0,7.54207787217423,7.40244502621083,5.00689937191568,10.4703893061215,4.10362387314497,7.65813521493877,0,0,464.334826698725,439.805709306043,252.083955609654,548.751091488973,249.073083448176,459.49524899487,0,0,17.8403228845211,16.8980434771205,9.65003655473038,20.9964261649652,9.49750030134645,17.513732917649,0,0,0,0,36.9605306619666,80.71168773072,33.2280607571425,56.9704475708219,0,0,0,0,0,0,0,0,0,0,200.762900004669,103.544365562715,224.500071607632,196.912529711014
"89",1997,1530,7.33333333333333,7074.66417206397,6290.24132834808,1266.66957153715,2406.59396357568,591.626341162937,944.079458033589,0,0,0,0,0,0,0,0,0,0,0,0,2.02567591902628,3.93605600684605,1.08357204444802,1.73588490440229,0,0,0,0,0,0,0,0,0,0,2664.10574398124,2381.30160927912,361.944861637573,702.047043768816,163.275210907317,272.553076007918,0,0,102.359203039778,91.4934159328425,13.9470470012637,27.0553048475746,6.29115845566749,10.5015874998185,0,0,26425.2958346804,23568.7360875979,4260.92540009577,8146.08239107677,2180.41261908011,3499.18244335264,0,0,1015.27175097011,905.549367839635,165.436315728477,316.725706745302,85.3671633147799,137.182385496597,0,0,0,0,7.18885241796456,14.0480001629917,3.98422850014562,6.4235874680872,0,0,0,0,0,0,0,0,0,0,196.651153368236,192.796721305116,132.283671457044,277.063230659997,109.515198510361,204.98821482197,0,0,7.55561024726206,7.40755962293602,5.06097805650893,10.5946357895457,4.17122471152418,7.80517860856616,0,0,460.848332381535,436.161405573245,253.857637587515,553.391163894029,252.295549422395,466.795048587726,0,0,17.7063689318074,16.7580234151639,9.71787486527909,21.1737749766454,9.62038776812611,17.7919542198414,0,0,0,0,37.3390028423053,81.6286446336747,33.7305084237859,57.9475248351105,0,0,0,0,0,0,0,0,0,0,203.408190429227,104.680449488034,230.318915606195,201.873146477239
"90",1997,1530,7.41666666666667,7054.42070655815,6263.08892107734,1271.99208516057,2417.46926128409,596.568233906093,953.213413997991,0,0,0,0,0,0,0,0,0,0,0,0,2.03560288459293,3.95672060241698,1.09311322451251,1.75346458149666,0,0,0,0,0,0,0,0,0,0,2678.01609683162,2390.0908494578,366.47873315322,711.415428611182,166.492950390096,278.52524127356,0,0,102.893661041298,91.83111259599,14.1218023392387,27.4164399014116,6.41513744385899,10.7316874187065,0,0,26354.2809016197,23468.0529506447,4277.32207940401,8181.6061019564,2203.72637349271,3542.45900501444,0,0,1012.54351699622,901.680951822413,166.082224689927,318.129361969049,86.2864307627352,138.891248873558,0,0,0,0,7.22664743597441,14.1296540741617,4.02991140693543,6.50816817853168,0,0,0,0,0,0,0,0,0,0,197.028740354459,192.948250633614,133.704652727602,280.327445309576,111.324333551406,208.916904914776,0,0,7.57011815447689,7.41338160816164,5.11542040183383,10.7196031971054,4.24027904686385,7.95505143249638,0,0,457.390422430708,432.549485498993,255.61043527414,557.99227256976,255.520959264557,474.131651269892,0,0,17.5735132091575,16.6192475861222,9.78491838214801,21.3496426853253,9.74339482382406,18.0715927945157,0,0,0,0,37.7144160054984,82.5408651147568,34.2352043200742,58.9316053614586,0,0,0,0,0,0,0,0,0,0,206.058395085456,105.817372756256,236.222100571655,206.91521876024
"91",1997,1530,7.5,7034.16787419807,6236.08210274098,1277.09895627593,2427.94047539576,601.460905849397,962.280873831569,0,0,0,0,0,0,0,0,0,0,0,0,2.04530104206395,3.97694365461101,1.10257148163835,1.77093573366545,0,0,0,0,0,0,0,0,0,0,2692.04589721416,2398.96065001789,371.032445845073,720.831801383148,169.748136641447,284.583195622946,0,0,103.432708408021,92.1719045178213,14.2973226019907,27.7794260421824,6.54055972068816,10.965093439618,0,0,26283.8010689637,23368.1991947751,4293.26580977014,8216.26264240178,2226.96626676133,3585.73621703681,0,0,1009.8358408986,897.844402021751,166.710567911793,319.49943177797,87.2029524000251,140.600449812184,0,0,0,0,7.26364136226067,14.2098373289412,4.07553040144665,6.59289129942546,0,0,0,0,0,0,0,0,0,0,197.430438760244,193.117372368608,135.13441588042,283.60948364341,113.169410762762,212.917735748462,0,0,7.58555245547366,7.41987952192601,5.17020244469977,10.8452606448217,4.31070882137395,8.10768576501454,0,0,453.961460144322,428.969926642399,257.34239395427,562.553583443734,258.749747153644,481.504817470567,0,0,17.4417696749772,16.4817151277772,9.8511689650259,21.5239977756652,9.8665381821648,18.3526400657809,0,0,0,0,38.0866617815782,83.4480905933245,34.7420205367164,59.92249508886,0,0,0,0,0,0,0,0,0,0,208.713847214456,106.955241482435,242.211058212475,212.039986741575
"92",1997,1530,7.58333333333333,7013.90191837618,6209.21650082301,1281.99326846179,2438.01222167869,606.301741610378,971.277512574591,0,0,0,0,0,0,0,0,0,0,0,0,2.05474988810547,3.9966868026327,1.11194383372118,1.78829303841728,0,0,0,0,0,0,0,0,0,0,2706.20312638354,2407.91820798125,375.607336085687,730.298910529373,173.04207984188,290.729494147409,0,0,103.976651792514,92.5160682194251,14.4736591426732,28.1443688240495,6.66747559343787,11.2019037287461,0,0,26213.8483931191,23269.1644588127,4308.76511422017,8250.06573501042,2250.12757424304,3629.00635213722,0,0,1007.1484174829,894.039320344107,167.321669298572,320.836433857071,88.1165408044683,142.309682409975,0,0,0,0,7.29985415419436,14.2885737486922,4.12107799822276,6.67774542562616,0,0,0,0,0,0,0,0,0,0,197.855095485415,193.303352856138,136.572447347993,286.908712290149,115.048682201933,216.989237315056,0,0,7.60186884654994,7.42702517606718,5.22530463778049,10.9715841122418,4.38244755900916,8.26302588807172,0,0,450.561809936793,425.422739869717,259.053541418746,567.074288463925,261.982174983087,488.914138108379,0,0,17.3111523305488,16.3454264576252,9.91662780553287,21.6968097255412,9.98982799178802,18.6350809956258,0,0,0,0,38.4556380331764,84.3500716221642,35.2508285934223,60.9199975235083,0,0,0,0,0,0,0,0,0,0,211.374863545607,108.094157164832,248.287144207124,217.248660409471
"93",1997,1530,7.66666666666667,6993.61936364764,6182.48800765117,1286.67807843977,2447.68911057996,611.088211557282,980.199108238922,0,0,0,0,0,0,0,0,0,0,0,0,2.06393320000909,4.01591924048701,1.12122688716684,1.80553057391475,0,0,0,0,0,0,0,0,0,0,2720.49454576137,2416.96957622617,380.20452253099,739.819049469156,176.375916714721,296.966409137848,0,0,104.525750979409,92.8638362620646,14.6508549612734,28.5113563480827,6.79592872158102,11.4422056129617,0,0,26144.4157692722,23170.9391949909,4323.82845745965,8283.0290999484,2273.20578821685,3672.26196909419,0,0,1004.4809737812,890.265339948469,167.915850705161,322.140886137119,89.0270168606656,144.018651631162,0,0,0,0,7.33530501150824,14.3658876233213,4.16654723788303,6.76271979994032,0,0,0,0,0,0,0,0,0,0,198.301668167468,193.505532398138,138.018328353856,290.224642581211,116.960656717766,221.130208516481,0,0,7.61902727870476,7.4347932239271,5.28071106031988,11.098555120451,4.45543859199306,8.42102637391265,0,0,447.191831663304,421.90796100224,260.743893684426,571.553610673445,265.218358691323,496.359059178512,0,0,17.1816750019719,16.2103829519757,9.98129564575222,21.8680492002973,10.1132688414421,18.9188950242032,0,0,0,0,38.8212484925132,85.2465676619493,35.7614995623332,61.9239138794663,0,0,0,0,0,0,0,0,0,0,214.041746008173,109.234217189596,254.451650382295,222.542425505442
"94",1997,1530,7.75,6973.31698040826,6155.89274689675,1291.15641382578,2456.97574171727,615.817868641309,989.041538280012,0,0,0,0,0,0,0,0,0,0,0,0,2.07283824149053,4.03461636025088,1.13041697901713,1.82264201193007,0,0,0,0,0,0,0,0,0,0,2734.92588554907,2426.11984232524,384.82494095533,749.394127055808,179.750634355833,303.295969636371,0,0,105.080226132207,93.2154041184154,14.8289460396169,28.8804619618875,6.92595702858018,11.6860770935239,0,0,26075.4967994413,23073.5145441937,4338.46423086191,8315.16642196356,2296.19660308105,3715.4958919166,0,0,1001.83326398248,886.522120452892,168.493431352963,323.413305517011,89.9342091948811,145.727072510975,0,0,0,0,7.37001243771432,14.4418034906368,4.21193159551465,6.84780420128764,0,0,0,0,0,0,0,0,0,0,198.769211778897,193.7233154018,139.471717342759,293.556901191718,118.90405932851,225.339673422223,0,0,7.6369914426876,7.44316078187439,5.33640874489786,11.2261596061174,4.52963350782034,8.58165041020914,0,0,443.851875924793,418.425643645793,262.413459684035,575.99080805159,268.458291355812,503.838903344613,0,0,17.0533511597771,16.0765866704484,10.0451729572519,22.037688199502,10.2368606413931,19.2040568952691,0,0,0,0,39.1834024385181,86.1373468697915,36.2739041834136,62.934043210056,0,0,0,0,0,0,0,0,0,0,216.714783264859,110.375515277082,260.705815272192,227.922448658951
"95",1997,1530,7.83333333333333,6952.99176135923,6129.42705117745,1295.43127183725,2465.87670042707,620.488346145201,997.800777249184,0,0,0,0,0,0,0,0,0,0,0,0,2.08145525603672,4.05275887722643,1.13951025554648,1.83962072684092,0,0,0,0,0,0,0,0,0,0,2749.50197131064,2435.37324862698,389.469367425515,759.025714750329,183.167086481793,309.719988164476,0,0,105.640262656795,93.5709347862908,15.0079622296486,29.2517460673341,7.05759332372745,11.9335878691935,0,0,26007.0857037473,22976.8822520533,4352.6807430459,8346.49132890435,2319.09590468154,3758.70119512875,0,0,999.205066023567,882.809344710865,169.054727462163,324.654207030373,90.8379537681734,147.434669594446,0,0,0,0,7.40399428703536,14.516346011709,4.25722492740262,6.93298887862094,0,0,0,0,0,0,0,0,0,0,199.256869172459,193.956163560628,140.932338582297,296.905211222552,120.877803595839,229.616851596959,0,0,7.65572840573362,7.45210716730963,5.3923872406911,11.3543871959223,4.60499109316372,8.74486866388273,0,0,440.542281354542,414.975854583486,264.062244036301,580.38517520168,271.701858938599,511.352884702342,0,0,16.9261938146758,15.9440401789561,10.1082600466487,22.2057001210996,10.3605992240688,19.4905372201539,0,0,0,0,39.542014452627,87.0221859041936,36.7879129502146,63.9501825137482,0,0,0,0,0,0,0,0,0,0,219.394251817359,111.518141796678,267.050831178465,233.389880763602
"96",1997,1530,7.91666666666667,6932.6408978597,6103.08743960572,1299.50561798299,2474.39655421845,625.097355332164,1006.47289435284,0,0,0,0,0,0,0,0,0,0,0,0,2.08977694979642,4.07033193923319,1.14850275526381,1.85645990991647,0,0,0,0,0,0,0,0,0,0,2764.22685144698,2444.73331291636,394.138441995445,768.715094931353,186.626010136983,316.240088326446,0,0,106.206016099209,93.9305634246162,15.1879281616958,29.6252579718963,7.19086594159184,12.1848003929238,0,0,25939.1772309542,22881.0345845545,4366.48621034398,8377.01736985152,2341.89975923937,3801.8711884841,0,0,996.596178152028,879.126715568663,169.600051879464,325.86410299677,91.7380934542451,149.141176353447,0,0,0,0,7.43726781097641,14.5895398405964,4.30242141531096,7.01826448238802,0,0,0,0,0,0,0,0,0,0,199.76386147444,194.203588942603,142.399970594806,300.269373029195,122.880963681547,233.961128014271,0,0,7.67520824245816,7.46161363310145,5.44863817024243,11.4832304712927,4.68147626565316,8.91065812907425,0,0,437.263372026716,411.558669247021,265.690249797691,584.736044866502,274.948856138335,518.900123546576,0,0,16.8002154179943,15.8127463757046,10.1705571604444,22.3720598189127,10.4844769486992,19.7783030417671,0,0,0,0,39.8970041658553,87.9008697206845,37.303396199833,64.9721268454072,0,0,0,0,0,0,0,0,0,0,222.080417131849,112.662184086749,273.487851287204,238.945860373392
"97",1998,1530,8,6912.48387483454,6077.00369642722,1303.47275295875,2482.82372003906,629.5763435315,1015.02100263168,0,0,0,0,0,0,0,0,0,0,0,0,2.09769404714244,4.08727149925267,1.15726785227555,1.87309064729473,0,0,0,0,0,0,0,0,0,0,2779.15119480705,2454.29576649626,398.752736278575,778.368282918225,190.107385511468,322.846244421925,0,0,106.779433237654,94.2979681831375,15.365789614271,29.9973850227697,7.32500351468843,12.439328391202,0,0,25872.2900362664,22786.802264304,4379.27069047776,8406.13812946974,2364.35349108209,3844.87200322653,0,0,994.026527471755,875.506150748706,170.105869047234,327.019618231973,92.6246485498792,150.841337263701,0,0,0,0,7.46943197428573,14.6611390632668,4.3470550226374,7.10338726499195,0,0,0,0,0,0,0,0,0,0,200.254976194368,194.458829447083,143.84225889839,303.629743550284,124.84765314393,238.333225761725,0,0,7.69407803986558,7.47142036850234,5.50392377592649,11.6119388408992,4.75657902627293,9.07752330590677,0,0,434.022528749884,408.191206767451,267.271495169587,589.015047213818,278.168984370991,526.46216979287,0,0,16.6756995497404,15.6833630052557,10.2310682184651,22.5356793355687,10.6073386728147,20.0666517229603,0,0,0,0,40.2461613271755,88.771723220356,37.8162217956124,65.9974984033837,0,0,0,0,0,0,0,0,0,0,224.816888362504,113.820881317288,280.123343331222,244.656668527322
"98",1998,1530,8.08333333333333,6892.78636972676,6051.33313379998,1307.44417374187,2491.49808398693,633.8495953036,1023.40970020152,0,0,0,0,0,0,0,0,0,0,0,0,2.10517021056101,4.1036923250086,1.16565734126785,1.8894342501675,0,0,0,0,0,0,0,0,0,0,2794.29171169743,2464.13288539122,403.217859851159,787.869530331043,193.579112301808,329.513958244303,0,0,107.361156108832,94.6759260223002,15.5379155597174,30.3636760359144,7.4587699432087,12.6962291312277,0,0,25807.0538365901,22695.1676427969,4390.34588766763,8433.1783962305,2386.14746177233,3887.53987446574,0,0,991.520308162502,871.985393802718,170.545605967812,328.094714220243,93.4854873452207,152.528726860216,0,0,0,0,7.49975903668861,14.7305349131023,4.39056393831215,7.18806026679686,0,0,0,0,0,0,0,0,0,0,200.69421164091,194.715698970206,145.221178209331,306.959294605478,126.709541065068,242.690716370116,0,0,7.71095456258399,7.4812896934872,5.55678851652415,11.7394780935399,4.82769585987925,9.24384832823461,0,0,430.82724336349,404.894517051467,268.774408204054,593.192759809366,281.318831707685,534.015125046392,0,0,16.5529340555151,15.5566988388952,10.2885831059963,22.695430277205,10.7275294069594,20.3546729680971,0,0,0,0,40.5868557757731,89.6328466678106,38.3214028876189,67.0234693755788,0,0,0,0,0,0,0,0,0,0,227.654251568079,115.009779227061,287.079526488291,250.600564303772
"99",1998,1530,8.16666666666667,6873.06460504659,6025.78460356058,1311.2259256395,2499.80407457758,638.061657190998,1031.71061512418,0,0,0,0,0,0,0,0,0,0,0,0,2.1124586749857,4.11976332538656,1.17393652312453,1.90562254026533,0,0,0,0,0,0,0,0,0,0,2809.53104088255,2474.02853580811,407.708388278243,797.425357449907,197.083273390306,336.264877173333,0,0,107.946675506391,95.0561327361372,15.7110183268116,30.7320686212162,7.59378675673508,12.9563367371714,0,0,25742.3320531218,22604.2996886029,4401.08072325282,8459.51932694212,2407.81919306548,3930.14209369097,0,0,989.033852062728,868.494093504942,170.972064405413,329.142592135349,94.3416639567932,154.213827938466,0,0,0,0,7.52910019974936,14.7982432162717,4.43393283484176,7.27277425457897,0,0,0,0,0,0,0,0,0,0,201.158405374952,194.988232319055,146.606791539947,310.298781374191,128.610991647207,247.118826718728,0,0,7.72879001685212,7.49176084784333,5.60991270597596,11.8674056401069,4.90032677843902,9.41287933355652,0,0,427.66210143605,401.632045583884,270.255046911262,597.330301264846,284.460486742782,541.595403673253,0,0,16.4313266930884,15.4313493933249,10.3452514622974,22.8536578712471,10.847416964693,20.6437553389626,0,0,0,0,40.9235878452441,90.4871738593416,38.8274615233225,68.0545520841908,0,0,0,0,0,0,0,0,0,0,230.49800978736,116.20029483609,294.127187110409,256.637391985599
"100",1998,1530,8.25,6853.3155933151,6000.35452217161,1314.82075777,2507.74599665653,642.210469716297,1039.92002861892,0,0,0,0,0,0,0,0,0,0,0,0,2.11953914860794,4.13544090298369,1.18210405067307,1.92165247479686,0,0,0,0,0,0,0,0,0,0,2824.87655616798,2483.989560812,412.224781039446,807.037288524509,200.621180586146,343.101737968827,0,0,108.536274743734,95.4388512461516,15.8851157950463,31.1026215925881,7.7301042831465,13.2197562998079,0,0,25678.1169144149,22514.1885495548,4411.48205770133,8485.17260468304,2429.36568866976,3972.67271079481,0,0,986.566860590055,865.031871318879,171.38550650758,330.163694502914,95.1930570421689,155.896401791556,0,0,0,0,7.55753920669627,14.86437158793,4.477151208106,7.35751466772181,0,0,0,0,0,0,0,0,0,0,201.64624443794,195.275727613234,147.999026900006,313.648593979807,130.549407074133,251.615896624024,0,0,7.74753395697766,7.50280686420021,5.66329378762917,11.9957367244781,4.97437286827025,9.58455327777567,0,0,424.527571363184,398.403709648749,271.713483549421,601.426459031764,287.594807966549,549.20233257313,0,0,16.3108954588727,15.307311490462,10.4010760750191,23.0103159390691,10.9670341911548,20.9338737120089,0,0,0,0,41.2562503245213,91.3344599019681,39.3342656230922,69.0905309153962,0,0,0,0,0,0,0,0,0,0,233.348506856916,117.392521671196,301.267837677021,262.768328651063
"101",1998,1530,8.33333333333333,6833.53658743085,5975.03952726963,1318.23139768548,2515.32815312725,646.294053056727,1048.0343239622,0,0,0,0,0,0,0,0,0,0,0,0,2.12639554948515,4.15068989277797,1.19015804581411,1.93752016670458,0,0,0,0,0,0,0,0,0,0,2840.33455913375,2494.02179433341,416.767356448355,816.706482498293,204.193964106516,350.026940364562,0,0,109.130195937642,95.8243057012837,16.0602204035871,31.4753797203615,7.86776589685608,13.4865799972522,0,0,25614.4013927667,22424.825096101,4421.55668298655,8510.1498837648,2450.78413824697,4015.12604683303,0,0,984.119063737262,861.598376472088,171.7861919363,331.158463036614,96.0395524302118,157.576220070038,0,0,0,0,7.58514723699791,14.9290129745453,4.52021066999835,7.44226925280508,0,0,0,0,0,0,0,0,0,0,202.15653760212,195.577554336151,149.3978336515,317.009132115736,132.52255532442,256.180575785831,0,0,7.76714061434119,7.51440351709888,5.71693000398844,12.1244869412633,5.04974918463162,9.75881898190084,0,0,421.424088100133,395.209439577748,273.149812875427,605.480151903292,290.722427957237,556.835091703539,0,0,16.1916570644489,15.1845824535352,10.4560606037453,23.1653633353179,11.0864053189088,21.2249973517567,0,0,0,0,41.5847519139523,92.1744819328109,39.8416825253797,70.1311880789553,0,0,0,0,0,0,0,0,0,0,236.206068748101,118.586549157399,308.502899996224,268.994530158373
"102",1998,1530,8.41666666666667,6813.72505067932,5949.83644986187,1321.46054887135,2522.55483915917,650.310503755684,1056.04998291972,0,0,0,0,0,0,0,0,0,0,0,0,2.13301519940768,4.16548199822933,1.19809626521651,1.9532211343613,0,0,0,0,0,0,0,0,0,0,2855.91044559408,2504.13021807378,421.336320634623,826.433799077507,207.8025971556,357.042594830345,0,0,109.728646403926,96.2126875064691,16.236340265011,31.8503762666715,8.00680895804605,13.7568889218211,0,0,25551.1790882265,22336.2008127584,4431.31131059238,8534.46275966982,2472.071901701,4057.49666995327,0,0,981.690215615767,858.193281785642,172.174377398704,332.127337470661,96.881042520854,159.253063863738,0,0,0,0,7.61198528590812,14.9922483200859,4.56310441277361,7.52702749599707,0,0,0,0,0,0,0,0,0,0,202.688201107926,195.893143882811,150.803175642256,320.380792353092,134.528512480282,260.81176948437,0,0,7.78756834940517,7.52652895982326,5.7708201358107,12.2536717504978,5.12638254664478,9.93563505159461,0,0,418.352052159113,392.049173833758,274.56414903728,609.490418182904,293.843790391488,564.492741602872,0,0,16.0736268980456,15.0631599181871,10.5102094587658,23.3187634929894,11.2055473806638,21.5170909640011,0,0,0,0,41.9090146107645,93.0070360317938,40.3495795058567,71.1763041831912,0,0,0,0,0,0,0,0,0,0,239.071005388786,119.782463072332,315.833719461007,275.317136022174
"103",1998,1530,8.5,6793.87863370964,5924.74229271419,1324.51088966455,2529.43033898083,654.257991712788,1063.96358238963,0,0,0,0,0,0,0,0,0,0,0,0,2.13938823668677,4.1797946414753,1.20591620865199,1.9687504669005,0,0,0,0,0,0,0,0,0,0,2871.60883279506,2514.31908179508,425.931788293189,836.219847274537,211.447915081998,364.150559293017,0,0,110.331803544566,96.6041599443593,16.4134799631296,32.2276348489137,8.14726554492322,14.0307544848729,0,0,25488.4441392734,22248.3077137769,4440.75256494543,8558.12275010744,2493.22649600702,4099.779375363,0,0,979.280091023818,854.816280433822,172.550316387219,333.070754820092,97.7174257810583,160.926722936558,0,0,0,0,7.63810589141323,15.0541485266409,4.60582685818689,7.6117802461696,0,0,0,0,0,0,0,0,0,0,203.240246957953,196.221981998401,152.215026799826,323.763960492324,136.565617783976,265.508597047631,0,0,7.80877920195126,7.53916343387813,5.82496333496896,12.3833061853708,5.20420981967456,10.1149682860175,0,0,415.311829564279,388.922855512842,275.956622916911,613.456405155326,296.959178715729,572.174244211469,0,0,15.956819022811,14.9430416980744,10.5635276975232,23.4704840186137,11.324471303306,21.8101154921428,0,0,0,0,42.2289717864035,93.8319348944837,40.8578240990525,72.2256586018301,0,0,0,0,0,0,0,0,0,0,241.943612219998,120.980345926804,323.26157615351,281.737273120554
"104",1998,1530,8.58333333333333,6773.99515986092,5899.75421647885,1327.38507206071,2535.9589232608,658.134759039021,1071.77179346612,0,0,0,0,0,0,0,0,0,0,0,0,2.14550721139696,4.19361017004805,1.21361519336246,1.98410293810138,0,0,0,0,0,0,0,0,0,0,2887.43364612293,2524.59198544996,430.553797059528,846.065019058703,215.130628471201,371.352464268307,0,0,110.939818179178,96.9988613308917,16.5916411057095,32.6071707314284,8.28916295403897,14.308239378102,0,0,25426.1911615483,22161.1382856756,4449.88697714708,8581.14127914712,2514.24558710506,4141.9691729541,0,0,976.888483092517,851.467083736255,172.914258934656,333.989148765839,98.5486064358119,162.596995254194,0,0,0,0,7.66355431692357,15.1147757995322,4.64837342451122,7.69651946354404,0,0,0,0,0,0,0,0,0,0,203.81177497502,196.563603593953,153.63336816963,327.159006176818,138.632442217854,270.270362562972,0,0,7.83073858593906,7.552289069799,5.87935901204671,12.5134046461964,5.2831767144081,10.29679255559,0,0,412.303751618421,385.830429852911,277.327380130648,617.377361848156,300.068736290427,579.878477553621,0,0,15.8412461678498,14.8242256891474,10.6160209466502,23.6204964136334,11.4431826764808,22.104028678583,0,0,0,0,42.5445668918779,94.6490062996026,41.3662843397944,73.2790297316048,0,0,0,0,0,0,0,0,0,0,244.824171232949,122.180277218751,330.787692510484,288.256058311902
"105",1998,1530,8.66666666666667,6754.07260768429,5874.86952328479,1330.08572092132,2542.14484662737,661.939117717309,1079.47137899759,0,0,0,0,0,0,0,0,0,0,0,0,2.15136663580316,4.20691497292787,1.22119043296446,1.99927312763911,0,0,0,0,0,0,0,0,0,0,2903.38821779357,2534.95197242656,435.202323412263,855.969527355444,218.851338693795,378.649742593931,0,0,111.552818336825,97.3969085979051,16.7708229361555,32.9889922845075,8.43252429473844,14.5893987112759,0,0,25364.4151781573,22074.685421622,4458.72098011239,8603.52966248881,2535.12697906889,4184.06127097482,0,0,974.51520060801,848.145418636675,173.266451421093,334.882949078952,99.3744940540126,164.263686360925,0,0,0,0,7.68836986938697,15.1741851520191,4.69074027181805,7.7812379450668,0,0,0,0,0,0,0,0,0,0,204.401963243361,196.917586661871,155.05818479535,330.566277763189,140.727752823139,275.096522082209,0,0,7.85341492224263,7.5658896533766,5.93400671814943,12.6439807044616,5.36323642324952,10.4810875454961,0,0,409.328115406421,382.771841790119,278.67657872055,621.252629780174,303.172489079688,587.604251815092,0,0,15.7269197475686,14.7067097757626,10.6676953120381,23.7687757186194,11.5616826180825,22.3987856792331,0,0,0,0,42.8557519764515,95.4580913048053,41.8748290041985,74.3361952739093,0,0,0,0,0,0,0,0,0,0,247.712952251059,123.382333741338,338.413242008034,294.874601218252
"106",1998,1530,8.75,6734.10909738586,5850.08564390896,1332.6154334659,2547.99234587644,665.66944781588,1087.05919192316,0,0,0,0,0,0,0,0,0,0,0,0,2.15696263904454,4.21969879634474,1.22863909213015,2.01425550649154,0,0,0,0,0,0,0,0,0,0,2919.47536535623,2545.40160397713,439.877294644523,865.933435422796,222.610550490555,386.043653200522,0,0,112.170912272254,97.7984001528078,16.9510227942396,33.3731021126514,8.57736897040473,14.8742809219398,0,0,25303.1115639657,21988.9423689116,4467.26090513528,8625.29909620243,2555.8686051593,4226.05106276303,0,0,972.160065871226,844.851025684978,173.607136436497,335.752581179824,100.195003206905,165.926608874018,0,0,0,0,7.71258690543408,15.2324255663353,4.73292412737209,7.8659291337915,0,0,0,0,0,0,0,0,0,0,205.010060088987,197.283547250953,156.489463655782,333.986099254347,142.850483754593,279.98665732409,0,0,7.87677933052424,7.57995043258939,5.98890606692691,12.7750469857616,5.44434851419462,10.6678377480596,0,0,406.385184558096,379.74703414706,280.004387136796,625.081634809152,306.270364063561,595.350322220626,0,0,15.6138498909862,14.5904917610698,10.7185573002534,23.9153001996604,11.6799684763106,22.6943395553009,0,0,0,0,43.1624865459195,96.2590428428945,42.383327784796,75.3969324506508,0,0,0,0,0,0,0,0,0,0,250.61021401588,124.586589838962,346.139356092497,301.594006328751
"107",1998,1530,8.83333333333333,6714.10288090386,5825.40012832885,1334.9767790646,2553.50563883575,669.32419606513,1094.53217405671,0,0,0,0,0,0,0,0,0,0,0,0,2.1622927196716,4.23195424952197,1.23595832126757,2.02904449220478,0,0,0,0,0,0,0,0,0,0,2935.69745013347,2555.94301476468,444.578597232262,875.956678105417,226.40868161215,393.535299097228,0,0,112.794190711255,98.2034180127656,17.1322364383926,33.7594978711721,8.72371304717823,15.1629284638694,0,0,25242.2760039087,21903.9026895941,4475.51297995998,8646.46064912092,2576.46852066635,4267.93411631204,0,0,969.822913096135,841.583657524436,173.936552702071,336.59846583906,101.010053195031,167.585582086651,0,0,0,0,7.73623554893561,15.2895408308966,4.7749221750457,7.95058699664184,0,0,0,0,0,0,0,0,0,0,205.635377720782,197.661135558332,157.92719244672,337.41876887658,144.999714356141,284.940456037523,0,0,7.90080538491595,7.59445796744951,6.04405668872845,12.9066151156319,5.52647809307442,10.8570317103025,0,0,403.475190210534,376.755946447349,281.310982611381,628.863880334061,309.362203160789,603.11539856656,0,0,15.5020454787086,14.4755693214669,10.7686137552026,24.060051086816,11.7980343602923,22.9906416369585,0,0,0,0,43.4647367339678,97.0517246872849,42.8916514071907,76.4610181608503,0,0,0,0,0,0,0,0,0,0,253.516205058914,125.793117608501,353.967129340758,308.415374450346
"108",1998,1530,8.91666666666667,6694.05233206959,5800.81063636124,1337.17229906411,2558.68892325,672.90187439083,1101.88735485195,0,0,0,0,0,0,0,0,0,0,0,0,2.16735549758657,4.24367631012689,1.24314529234813,2.04363450565435,0,0,0,0,0,0,0,0,0,0,2952.05643539149,2566.57796808367,449.306085219907,886.039083182352,230.246072527814,401.125645534682,0,0,113.422729085655,98.6120299263715,17.3144583686643,34.1481730864132,8.87156962534707,15.4553785023622,0,0,25181.9044514105,21819.5602212635,4483.48332694367,8667.02525532372,2596.92489560517,4309.7061636253,0,0,967.50358681218,838.343077385188,174.25493499496,337.421018881585,101.819567769613,169.2404315629,0,0,0,0,7.75934241209101,15.3455703791305,4.81673193987052,8.03520589793708,0,0,0,0,0,0,0,0,0,0,206.277285833061,198.050032011296,159.371358318277,340.864557652123,147.174647351909,289.957692456749,0,0,7.92546886822048,7.6093999794602,6.09945818307392,13.0386956652394,5.60959497021322,11.0486612850225,0,0,400.598332064318,373.798513788801,282.596549558698,632.59894043569,312.447777058857,610.898154610244,0,0,15.3915141835116,14.3619399633053,10.8178717958187,24.2030123101848,11.9158716671033,23.2876418814175,0,0,0,0,43.7624744660224,97.8360104088877,43.3996717522135,77.5282291447198,0,0,0,0,0,0,0,0,0,0,256.431164578819,127.001987100985,361.897624574994,315.339804123622
"109",1999,1530,9,6674.05840909773,5776.2461302981,1339.20809196819,2563.4991910658,676.460788181505,1109.0603752561,0,0,0,0,0,0,0,0,0,0,0,0,2.17224268472868,4.25474501328033,1.25030789908202,2.05790579624389,0,0,0,0,0,0,0,0,0,0,2968.73215268563,2577.50695013415,453.928308430824,895.943043468262,234.143295841713,408.792395863726,0,0,114.06343681139,99.0319388940431,17.4926400367044,34.529995085508,9.02173142636821,15.7507719994133,0,0,25123.3417480514,21737.3086317299,4490.24462353844,8685.23582314968,2617.46487001893,4351.11885474819,0,0,965.253756331435,835.18283227232,174.526740784312,338.152597612072,102.632451369148,170.881399564432,0,0,0,0,7.78218309489141,15.3999949898486,4.8587814392303,8.11933019787935,0,0,0,0,0,0,0,0,0,0,206.976689172312,198.43586092021,160.845905265077,344.273027842476,149.439269689823,294.958195831723,0,0,7.95234139847415,7.62422413161849,6.15602603081453,13.1693578570454,5.69613830854278,11.2396719789257,0,0,397.781360049583,370.907042417378,283.851899043375,636.233515466024,315.555836955472,618.661609859326,0,0,15.2832837729738,14.2508449445001,10.8659765589632,24.3421392727034,12.0345770140839,23.5839311039728,0,0,0,0,44.0576275237665,98.609034553723,43.9111582304086,78.5939879760325,0,0,0,0,0,0,0,0,0,0,259.317897967099,128.235770345112,369.829154640383,322.499203142408
"110",1999,1530,9.08333333333333,6654.11817134113,5751.70017647436,1341.09039169119,2567.94647788504,680.000275258436,1116.047572853,0,0,0,0,0,0,0,0,0,0,0,0,2.17693577932026,4.26516715796938,1.25744612712564,2.07185007396264,0,0,0,0,0,0,0,0,0,0,2985.72381777294,2588.72657804112,458.452249328779,905.676739083282,238.098803561187,416.53081396901,0,0,114.716283756593,99.463014940313,17.6670474857867,34.9052746548195,9.17413907451208,16.0489268423697,0,0,25066.6004993674,21657.1502536881,4495.81680746939,8701.11803233103,2638.07649352373,4392.14117592235,0,0,963.073905994871,832.10301181062,174.752720620297,338.794154681143,103.448247927867,172.507272576416,0,0,0,0,7.80428017616169,15.4521440162754,4.90107657301543,8.20292853907308,0,0,0,0,0,0,0,0,0,0,207.730941616935,198.82078281599,162.340988171825,347.636862600271,151.787282036744,299.946224894088,0,0,7.98132130817966,7.63901343498413,6.21338247396289,13.2983201382068,5.78586831533186,11.4302261378056,0,0,395.026909588279,368.079119402265,285.08096349834,639.764075133994,318.693273697805,626.395008829601,0,0,15.1774555039826,14.1421915563694,10.913078647086,24.4772971991292,12.1544131274118,23.8790997095324,0,0,0,0,44.3502145253641,99.3705125163094,44.4261805780238,79.6578341720884,0,0,0,0,0,0,0,0,0,0,262.176450575912,129.494964209495,377.762118872244,329.8977609527
"111",1999,1530,9.16666666666667,6634.12481984029,5727.24092470627,1342.81881603687,2572.0847200394,683.457674746854,1122.90908651295,0,0,0,0,0,0,0,0,0,0,0,0,2.18133869147281,4.27506457882362,1.26444350651782,2.08557835162044,0,0,0,0,0,0,0,0,0,0,3002.84701273459,2600.03016980464,463.014023810863,915.484761854724,242.091572220675,424.363354419525,0,0,115.374184289906,99.8973170122239,17.8429082038554,35.2834124237037,9.32798248564662,16.3507082486375,0,0,25010.2968504217,21577.6443940866,4501.17040984705,8716.50591594965,2658.5193940239,4433.01196591825,0,0,960.910867591455,829.048262207539,174.970069151461,339.416275019265,104.257530130964,174.127424166803,0,0,0,0,7.82533204791657,15.5025260292719,4.94316470046165,8.28644011084521,0,0,0,0,0,0,0,0,0,0,208.496384452236,199.219656720797,163.830150519377,351.007059838169,154.150339682869,305.004642693031,0,0,8.01073116807441,7.65433879696759,6.27051588632777,13.4275347982633,5.876180084737,11.6234815989961,0,0,392.308553732695,365.281031446917,286.293862664633,643.243489629869,321.83151075068,634.131615392435,0,0,15.0730140185029,14.0346844798487,10.9595687041769,24.6105147577103,12.2742903417085,24.1744162187435,0,0,0,0,44.6381314622765,100.122981475902,44.9406675263827,80.7239552344119,0,0,0,0,0,0,0,0,0,0,265.04547866258,130.756642798052,385.802861037836,337.403352699857
"112",1999,1530,9.25,6614.07782199822,5702.86704037159,1344.39579358216,2575.91812059331,686.831857588804,1129.64250973757,0,0,0,0,0,0,0,0,0,0,0,0,2.18545802939138,4.28443859284351,1.27129708698313,2.09908577981661,0,0,0,0,0,0,0,0,0,0,3020.10092287196,2611.41708336954,467.611956717004,925.364084593153,246.121945458262,432.29018890794,0,0,116.037107109307,100.33482044099,18.0201582649934,35.6642926829177,9.48327483106829,16.6561228136389,0,0,24954.4285702479,21498.786597238,4506.31092933017,8731.40982037852,2678.79292712722,4473.72846361235,0,0,958.76455540633,826.018412268171,175.178998550925,340.019354311327,105.0602670236,175.741737463714,0,0,0,0,7.84546879339552,15.5513228900309,4.98503502623061,8.36985071335469,0,0,0,0,0,0,0,0,0,0,209.272801251081,199.631964916699,165.315045168339,354.385006581185,156.528707321197,310.132191770977,0,0,8.04056266273346,7.67018032601532,6.32748977427103,13.557055344297,5.96708380125407,11.8193908068579,0,0,389.626223064607,362.513127611908,287.48980206695,646.671462778912,324.969278605894,641.871257364297,0,0,14.9699566493991,13.9283371264027,11.0054162912779,24.7417806518612,12.3941604299671,24.4698745211121,0,0,0,0,44.9212880966626,100.866243599786,45.4544916577675,81.7921279555004,0,0,0,0,0,0,0,0,0,0,267.925134999796,132.020892915779,393.951844352607,345.01717751207
"113",1999,1530,9.33333333333333,6593.97664458789,5678.57718643198,1345.82371215342,2579.45083056293,690.121745077417,1136.24550670341,0,0,0,0,0,0,0,0,0,0,0,0,2.18929994890122,4.29329147179807,1.27800415686111,2.11236763529093,0,0,0,0,0,0,0,0,0,0,3037.4849013182,2622.8868291098,472.244525263597,935.311964582284,250.19019942729,440.311514379914,0,0,116.705027361135,100.775506414395,18.1987395412938,36.0478105697491,9.64002670023633,16.9651781094013,0,0,24898.9933093988,21420.5723359151,4511.2436739621,8745.83977900575,2698.89651880589,4514.28799021072,0,0,956.634879172443,823.013288048932,175.379713735783,340.603776392078,105.856430417695,177.350098753766,0,0,0,0,7.86479879340031,15.5986873803028,5.02667974508998,8.45314912047738,0,0,0,0,0,0,0,0,0,0,210.059987984942,200.057221906662,166.797099704275,357.771866381818,158.922652037324,315.327753817287,0,0,8.07080795310269,7.68651936855227,6.38435898773846,13.6869266793011,6.0585897566488,12.0179115112371,0,0,386.979814839407,359.775697855259,288.668149152137,650.047817817636,328.105342599435,649.613596094467,0,0,14.868279449098,13.8231606366812,11.0505971813882,24.8710881729434,12.5139764834417,24.765462152175,0,0,0,0,45.1996164295681,101.600132864477,45.9675247687979,82.86212704869,0,0,0,0,0,0,0,0,0,0,270.815569422703,133.287798138601,402.209566453279,352.740424116615
"114",1999,1530,9.41666666666667,6573.82076631153,5654.37003440594,1347.10492275867,2582.68695539193,693.326308098808,1142.71581218556,0,0,0,0,0,0,0,0,0,0,0,0,2.19287023553424,4.30162623092303,1.28456220552898,2.12541932545211,0,0,0,0,0,0,0,0,0,0,3054.99841428213,2634.43902071784,476.910336583915,945.325897088585,254.2965480186,448.427536498813,0,0,117.377924536281,101.219360089886,18.3785988482911,36.433870294479,9.79824629847816,17.277882047958,0,0,24843.9886363757,21342.9970426592,4515.9737798269,8759.80554424381,2718.82966037345,4554.68794931928,0,0,954.521745470195,820.03271406049,175.572413078177,341.169914466627,106.645994701612,178.952397492847,0,0,0,0,7.88341335770937,15.644749284689,5.06809317882513,8.53632626039158,0,0,0,0,0,0,0,0,0,0,210.857752440132,200.494971960158,168.277552411628,361.168617067123,161.332436408317,320.590331687543,0,0,8.10145965406982,7.70333841468034,6.44117110272178,13.8171865545596,6.15070808236284,12.2190060813436,0,0,384.369198518639,357.068980823969,289.82840525756,653.372475218843,331.238505870833,657.358153500397,0,0,14.7679774021558,13.7191641798817,11.0950922825601,24.9984343456376,12.6336930265545,25.061161324073,0,0,0,0,45.47306604888,102.324508923033,46.4796387105426,83.9337260967099,0,0,0,0,0,0,0,0,0,0,273.716929068798,134.557439098537,410.576554957883,360.574271714387
"115",1999,1530,9.5,6553.60968632329,5630.24427165923,1348.24174148678,2585.63055837544,696.444567764916,1149.05123326063,0,0,0,0,0,0,0,0,0,0,0,0,2.19617434826303,4.30944651649105,1.29096890574264,2.13823639275349,0,0,0,0,0,0,0,0,0,0,3072.64100945046,2646.07334702137,481.608115215536,955.40358944693,258.441145920108,456.638460168425,0,0,118.055781256144,101.666369511725,18.5596874688874,36.8223841517452,9.95793956279962,17.5942425162724,0,0,24789.4120579452,21266.056127733,4520.5062200251,8773.31660288891,2738.59190608966,4594.92582795304,0,0,952.425058508017,817.076513957517,175.757288747485,341.718131697775,107.428936751552,180.548526350773,0,0,0,0,7.90138916943567,15.6896186187624,5.1092713573155,8.61937481294713,0,0,0,0,0,0,0,0,0,0,211.665913799145,200.944787759968,169.757472431247,364.576071766212,163.758314238895,325.919038306537,0,0,8.13251081837925,7.72062104618629,6.49796719569602,13.947866378428,6.24344858426516,12.4226410820099,0,0,381.79421884272,354.393168043757,290.970189771276,656.645440232605,334.367611297123,665.104327829546,0,0,14.6690445433163,13.6163551147265,11.1388870292268,25.1238194473359,12.7532660915059,25.3569495259539,0,0,0,0,45.741601683067,103.039253901475,46.9907058415097,85.0066980674728,0,0,0,0,0,0,0,0,0,0,276.629358507967,135.829893632335,419.053364853986,368.519890512778
"116",1999,1530,9.58333333333333,6533.34293218456,5606.19860817074,1349.23645159731,2588.28566426687,699.475595692735,1155.24965052754,0,0,0,0,0,0,0,0,0,0,0,0,2.19921746333765,4.31675649505233,1.29722209580105,2.15081451804623,0,0,0,0,0,0,0,0,0,0,3090.41228583349,2657.78954517791,486.336690218803,965.542934593795,262.624092066944,464.944480400978,0,0,118.738582114059,102.116524581083,18.741960663235,37.2132715108509,10.1191102927535,17.9142670244227,0,0,24735.2610384915,21189.7449959231,4524.84581448652,8786.38219274609,2758.18287036461,4634.99919683717,0,0,950.344720865912,814.144511184307,175.934527084313,342.248781840957,108.205235827089,182.138381228805,0,0,0,0,7.91879070088056,15.7333888241138,5.15021161323093,8.70228881911967,0,0,0,0,0,0,0,0,0,0,212.484302102634,201.406268828418,171.237780279794,367.994900166807,166.200526690582,331.313085017104,0,0,8.16395491596036,7.73835187607536,6.55478263196469,14.0789920339918,6.33682059244217,12.6287868287896,0,0,379.254698924756,351.748408290882,292.093224075879,659.86679041706,337.491542878863,672.851409928288,0,0,14.5714740763789,13.5147391574348,11.1819707652868,25.2472465272152,12.8726532719291,25.652800143704,0,0,0,0,46.0052007776923,103.744269206203,47.500599453251,86.0808158125225,0,0,0,0,0,0,0,0,0,0,279.552999887697,137.105236947296,427.640575717308,376.578442297918
"117",1999,1530,9.66666666666667,6513.02006681747,5582.2317824024,1350.09130562309,2590.65626277833,702.418513987826,1161.30901889995,0,0,0,0,0,0,0,0,0,0,0,0,2.20200451486337,4.32356075293359,1.30331976310279,2.16314952277012,0,0,0,0,0,0,0,0,0,0,3108.31186715335,2669.58737710732,491.094982810192,975.741985950621,266.845433261787,473.345774292615,0,0,119.426312652829,102.569816150541,18.9253771981984,37.6064578576087,10.2817602880195,18.2379623963784,0,0,24681.533016985,21114.0590610193,4528.99723982095,8799.01131913462,2777.60222475846,4674.90570998431,0,0,948.280634147396,811.236529531054,176.10430897582,342.762209873966,108.974873458355,183.721861249165,0,0,0,0,7.93567241181779,15.7761396821787,5.19091222593118,8.78506333634364,0,0,0,0,0,0,0,0,0,0,213.31275761201,201.879039829157,172.719267287564,371.425648483553,168.65929908893,336.771770074888,0,0,8.19578580943786,7.75651648332266,6.61164781243826,14.2105846472181,6.43083283707453,12.8374169485999,0,0,376.750443151855,349.134811828655,293.197316441837,663.036664065308,340.609226469109,680.598598867031,0,0,14.4752584856715,13.4143205444963,11.2243361637239,25.3687209599019,12.9918137513264,25.9486830551013,0,0,0,0,46.263851285198,104.439472594212,48.0091941350857,87.1558525104127,0,0,0,0,0,0,0,0,0,0,282.487993083486,138.383541792668,436.338788929684,384.751081006431
"118",1999,1530,9.75,6492.6406940607,5558.34256592626,1350.80852713487,2592.7463114637,705.272495218486,1167.2273683562,0,0,0,0,0,0,0,0,0,0,0,0,2.20454022661806,4.3298642198985,1.30926003211115,2.17523737010158,0,0,0,0,0,0,0,0,0,0,3126.3393816259,2681.46661169158,495.881995956293,985.998936667871,271.10516768218,481.842495188293,0,0,120.118958587911,103.026235340175,19.1098989514142,38.0018740025723,10.445889481958,18.5653345449682,0,0,24628.2254195796,21038.9937564508,4532.96503762456,8811.2127685568,2796.84969520271,4714.64310380306,0,0,946.232699463491,808.352393542553,176.266810172052,343.258752518219,109.73783334149,185.298868726134,0,0,0,0,7.95208041789053,15.817939541307,5.23137218206166,8.86769420222042,0,0,0,0,0,0,0,0,0,0,214.151130116294,202.362748942161,174.202611718013,374.868755785128,171.134838653244,342.294468241068,0,0,8.22799772750018,7.77510135043826,6.6685887928385,14.3426612149907,6.52549335995444,13.0485079821867,0,0,374.281239563902,346.552453984423,294.282349586888,666.155250850308,343.719629806229,688.345015268437,0,0,14.3803896274455,13.3151021701048,11.2659787486856,25.4882500846126,13.1107083046329,26.2445651373074,0,0,0,0,46.5175499841922,105.124795927636,48.5163660227742,88.2315819935327,0,0,0,0,0,0,0,0,0,0,285.434475835186,139.664878613645,445.14862517289,393.038953237546
"119",1999,1530,9.83333333333333,6472.20446338941,5534.52976730679,1351.39031234935,2594.55973829534,708.036762333255,1173.00280459162,0,0,0,0,0,0,0,0,0,0,0,0,2.20682913945663,4.33567210469069,1.31504115427473,2.18707416570376,0,0,0,0,0,0,0,0,0,0,3144.49444524169,2693.42701014317,500.696805042762,996.312101216291,275.403248209278,490.434767902151,0,0,120.816505165049,103.485772975386,19.2954905562362,38.3994553788105,10.6114960684932,18.8963882874741,0,0,24575.3356698542,20964.5445438128,4536.75362203006,8822.9951209815,2815.9250593538,4754.2091959379,0,0,944.200817826232,805.491928845761,176.422201573394,343.738738706967,110.494101238989,186.869309126605,0,0,0,0,7.96805390227828,15.8588472064027,5.27159098367058,8.95017784348366,0,0,0,0,0,0,0,0,0,0,214.999278225132,202.857066288289,175.688393017478,378.324568302766,173.627332787859,347.880621179741,0,0,8.26058523773599,7.79409380293623,6.72562783106471,14.4752351555186,6.62080944768157,13.2620390172709,0,0,371.846861937927,344.001378367677,295.348269736615,669.222783718129,346.821762175832,696.089713295572,0,0,14.2868588099606,13.217085709803,11.3068964752495,25.6058428924138,13.2292992854705,26.5404107232139,0,0,0,0,46.7663010541777,105.800183261004,49.0219929980998,89.3077790245912,0,0,0,0,0,0,0,0,0,0,288.392583873519,140.949315695433,454.070722083046,401.443198709149
"120",1999,1530,9.91666666666667,6451.71107386514,5510.79223530159,1351.83883158793,2596.1004439499,710.71058852492,1178.6335095764,0,0,0,0,0,0,0,0,0,0,0,0,2.20887563462829,4.34098984152853,1.32066149973651,2.19865615811579,0,0,0,0,0,0,0,0,0,0,3162.77664824345,2705.46831425638,505.538549555518,1006.67989919387,279.739585576266,499.122684937668,0,0,121.518936640714,103.948419135499,19.4821190851799,38.7991414242069,10.7785766222439,19.2311271997121,0,0,24522.8611969095,20890.706919477,4540.36728653862,8834.36676081768,2834.82814407718,4793.60188386307,0,0,942.184890459724,802.654962403822,176.57064949059,344.202490003345,111.243664884851,188.433091020964,0,0,0,0,7.98362629072158,15.8989135172641,5.31156849958276,9.03251112620079,0,0,0,0,0,0,0,0,0,0,215.857068655398,203.36168240884,177.177104306663,381.793351847526,176.136947885164,353.529728639153,0,0,8.29354321922466,7.81348195091668,6.78278386700972,14.6083167860162,6.7167875846211,13.477991351588,0,0,369.447071599667,341.481599750431,296.395077101437,672.239531947217,349.914673744681,703.831691346389,0,0,14.1946568630867,13.1202717311512,11.3470893636208,25.7215097584338,13.3475506007437,26.8361820084177,0,0,0,0,47.0101148858821,106.465589235572,49.5259548436033,90.384219526807,0,0,0,0,0,0,0,0,0,0,291.362451036691,142.236919297484,463.105732062615,409.964950657685
"121",2000,1530,10,6432.32124537401,5487.86705881352,1352.57320848185,2598.02895797315,713.188978477047,1183.81857393913,0,0,0,0,0,0,0,0,0,0,0,0,2.21056760805053,4.34536047171651,1.32592024726544,2.20941314528404,0,0,0,0,0,0,0,0,0,0,3181.22918143825,2717.6200279143,510.323559717494,1016.91918662273,284.065438907353,507.765516815585,0,0,122.227912474782,104.415307406884,19.6665652852919,39.1938796519158,10.9452537590494,19.5641301172368,0,0,24471.9858118734,20818.2953765002,4543.52748655378,8844.54473593294,2853.13204880982,4831.58429705949,0,0,940.230401105847,799.872788348156,176.701294737964,344.619311737427,111.969764837387,189.941579472852,0,0,0,0,7.99822390582135,15.9361610452243,5.35049921530511,9.11235225926836,0,0,0,0,0,0,0,0,0,0,216.686316842951,203.793794342229,178.618871062088,385.078067631506,178.533655168209,358.793485193208,0,0,8.32540456825072,7.83008437175822,6.83814859398543,14.7343692470762,6.80846922656056,13.6792735109546,0,0,367.085774112916,338.996770834064,297.393259192967,675.107429227295,352.943541560088,711.381535631591,0,0,14.103933843912,13.0248005768052,11.3854265117583,25.8314967002938,13.4633711566255,27.1246572006507,0,0,0,0,47.2454795781395,107.107288037869,50.0206407362064,91.4372773031723,0,0,0,0,0,0,0,0,0,0,294.410833936169,143.634727424057,472.457743934376,419.320776557772
"122",2000,1530,10.0833333333333,6413.45168338285,5465.38813827734,1353.38041545487,2600.01489946628,715.536707612291,1188.72799008385,0,0,0,0,0,0,0,0,0,0,0,0,2.21213710807957,4.34935029798616,1.33092350358724,2.21963988175471,0,0,0,0,0,0,0,0,0,0,3199.72744163454,2729.77640383448,515.076010430728,1027.08185760282,288.38472426688,516.395682216029,0,0,122.938645213373,104.88237480984,19.8497596400095,39.5856708425049,11.1116800210921,19.8966491016796,0,0,24422.1555779084,20746.9337701075,4546.40827912411,8853.98986845789,2871.06476050077,4868.7986461216,0,0,938.31606665524,797.130954593258,176.820914507741,345.007238545902,112.681338634809,191.419997680446,0,0,0,0,8.01218697291548,15.9717606308328,5.38879194420974,9.19087555599282,0,0,0,0,0,0,0,0,0,0,217.509857047189,204.202436093544,180.042200180357,388.29325555941,180.895546677751,363.933332309788,0,0,8.35704660846758,7.84578503060681,6.89281234696594,14.857773036041,6.89883191394941,13.8758515966541,0,0,364.765881992023,336.546745198779,298.361597801282,677.878418112481,355.932378236292,718.812937761887,0,0,14.0148016552873,12.9306666210852,11.4226276570795,25.937792396741,13.577677021651,27.4086461817522,0,0,0,0,47.4743528041813,107.732497897283,50.5098368111526,92.4786008257481,0,0,0,0,0,0,0,0,0,0,297.503043562633,145.087060742734,482.018363871623,429.141692982049
"123",2000,1530,10.1666666666667,6394.543093379,5442.99962165149,1354.06093262897,2601.74518541953,717.805240180855,1193.50712338895,0,0,0,0,0,0,0,0,0,0,0,0,2.2136469528147,4.3531960044045,1.33577089061234,2.22961339073992,0,0,0,0,0,0,0,0,0,0,3218.24355317692,2741.91709099851,519.834776890915,1037.25258185487,292.719596505621,525.077911630721,0,0,123.650063829227,105.348839425696,20.03319784558,39.9777753360787,11.2787086348222,20.2311775227543,0,0,24372.79930826,20676.2256088405,4549.15256692278,8863.09595681965,2888.83219834836,4905.83761740639,0,0,936.419941277759,794.414227300381,176.935077907631,345.381697200529,113.386462323092,192.89163629314,0,0,0,0,8.02582869686858,16.0067228185633,5.4268314396772,9.2691966574556,0,0,0,0,0,0,0,0,0,0,218.345943055925,204.627638351139,181.471298706234,391.534092070676,183.285117284386,369.165371798736,0,0,8.38917067551566,7.86212197073131,6.94770124792518,14.9821685054604,6.99025861021372,14.0759640336302,0,0,362.485624587695,334.129861986996,299.314797977867,680.60067943685,358.906492337345,726.214152594774,0,0,13.9271922665742,12.8378060511689,11.4592562718852,26.0422412530275,13.6914336712227,27.6915142158823,0,0,0,0,47.6984654556609,108.347815084809,50.9970397818473,93.5192046639745,0,0,0,0,0,0,0,0,0,0,300.607073570019,146.542362991494,491.690029725831,439.084703427602
"124",2000,1530,10.25,6375.59296356015,5420.69839178811,1354.61648537738,2603.22287559726,719.993682458155,1198.15406852339,0,0,0,0,0,0,0,0,0,0,0,0,2.21507258282254,4.35685126193056,1.34046485710601,2.23933624580301,0,0,0,0,0,0,0,0,0,0,3236.78998325259,2754.05327895225,524.602126123308,1047.4360900579,297.07270020738,533.816615771669,0,0,124.362647331616,105.815131174697,20.2169669914168,40.3703747009391,11.4464410370156,20.5678845360512,0,0,24323.9053532315,20606.1584083645,4551.76247562121,8871.86729949587,2906.43341718714,4942.69770988318,0,0,934.541577381138,791.722126801018,177.043867967428,345.742852564282,114.085094251464,194.356350356529,0,0,0,0,8.03916912828058,16.0410649780289,5.46461662142905,9.34731072947545,0,0,0,0,0,0,0,0,0,0,219.193835790177,205.068327890795,182.905717274899,394.798242132333,185.700074935541,374.483793855137,0,0,8.42174837288521,7.8790539571365,7.00279806927606,15.1074662296006,7.08266175455068,14.2793891250048,0,0,360.244127931556,331.745825017583,300.252679576848,683.274888464422,361.865770681283,733.586989847618,0,0,13.8410720988476,12.7462074872943,11.4953054016427,26.1448690198342,13.8046368142383,27.9733304262699,0,0,0,0,47.9178375165633,108.953225605555,51.4821331063665,94.5588646652793,0,0,0,0,0,0,0,0,0,0,303.723097329452,148.000748228561,501.47381188244,449.151656320249
"125",2000,1530,10.3333333333333,6356.59921098079,5398.48170394696,1355.04883997738,2604.45113013063,722.101228615131,1202.66705822043,0,0,0,0,0,0,0,0,0,0,0,0,2.21639414249811,4.36027838821322,1.34500697981797,2.24880975929431,0,0,0,0,0,0,0,0,0,0,3255.37719036886,2766.19438716327,529.379849125765,1057.63616272673,301.446197028163,542.615473999963,0,0,125.076797553113,106.281611967851,20.4011358996308,40.763614059788,11.6149601549625,20.90691127393,0,0,24275.4634504439,20536.7209408176,4554.24029241022,8880.30854693742,2923.86770120885,4979.37580212729,0,0,932.680580675118,789.05422170238,177.147374000777,346.09088324856,114.777201719591,195.814009651559,0,0,0,0,8.05222598574064,16.0748039536568,5.50214723305596,9.42521410192036,0,0,0,0,0,0,0,0,0,0,220.052895270794,205.523545398491,184.345120477448,398.083737750295,188.138532968683,379.88359428788,0,0,8.45475511163488,7.89654413143946,7.05808995290523,15.2335908487267,7.17596930899128,14.4859359882582,0,0,358.040588394949,329.394367355453,301.175108106192,685.901676890526,364.809993785233,740.932857488249,0,0,13.756410275725,12.65586067338,11.5307698335956,26.2456997618207,13.9172780812931,28.2541485714944,0,0,0,0,48.1324934710295,109.548722434548,51.965003753234,95.5973609468157,0,0,0,0,0,0,0,0,0,0,306.85127814963,149.462323106479,511.370694887836,459.344279768271
"126",2000,1530,10.4166666666667,6337.56010243117,5376.34711598281,1355.35979208802,2605.43318582277,724.127150540545,1207.04444776117,0,0,0,0,0,0,0,0,0,0,0,0,2.21759544343199,4.36344648776788,1.34939822893525,2.25803436211202,0,0,0,0,0,0,0,0,0,0,3274.01402583118,2778.34842101986,534.169365705068,1067.85583397114,305.841860858493,551.477575957314,0,0,125.79285457503,106.748589384979,20.5857591448658,41.1576099002909,11.7843340504741,21.2483762678349,0,0,24227.4644459946,20467.9029861829,4556.58841791847,8888.42460500603,2941.13452069172,5015.86908519985,0,0,930.836599458135,786.410119334706,177.245689746119,346.42597787622,115.462759304605,197.264496102648,0,0,0,0,8.06501509259597,16.1079560017913,5.53942355507246,9.50290390044156,0,0,0,0,0,0,0,0,0,0,220.922561223562,205.992425933515,185.78925414668,401.388895245116,190.598916340755,385.360416789895,0,0,8.48816936520949,7.91455926123089,7.11356715538126,15.3604778974003,7.27012116601068,14.6954385182512,0,0,355.874257475887,327.075240578785,302.081990493613,688.481644803131,367.738868898255,748.252839270842,0,0,13.6731780388634,12.5667560646539,11.5656459358398,26.344756318787,14.0293462915871,28.5340100132824,0,0,0,0,48.3424614189248,110.134304564968,52.4455420076404,96.6344776007381,0,0,0,0,0,0,0,0,0,0,309.991771089681,150.927187977601,521.381597704384,469.664204234244
"127",2000,1530,10.5,6318.47422392952,5354.29246098578,1355.5511615371,2606.17234603322,726.070795398035,1211.28471161377,0,0,0,0,0,0,0,0,0,0,0,0,2.21866354068329,4.36633068927275,1.35363907474907,2.2670097585457,0,0,0,0,0,0,0,0,0,0,3292.7078965712,2790.52211719162,538.97176761257,1078.09747454675,310.261116031003,560.405476519327,0,0,126.511102983525,107.216322259699,20.7708787081318,41.5524532582088,11.9546173825792,21.5923775513341,0,0,24179.9001808121,20399.6952314016,4558.80934434709,8896.22059168599,2958.23351499878,5052.17503748532,0,0,929.00932025095,783.789461875048,177.338912522361,346.748333411075,116.141748207789,198.707702810749,0,0,0,0,8.07755055674199,16.1405367700423,5.57644629501706,9.58037790314425,0,0,0,0,0,0,0,0,0,0,221.802345098082,206.474191241259,187.237931841554,404.712281224286,193.079922224548,390.910487735568,0,0,8.52197236279278,7.93306944472057,7.16922252938352,15.4880724994937,7.36506763852308,14.9077528908834,0,0,353.744435498111,324.788209805548,302.973273109925,691.015365634957,370.65204476905,755.547728142778,0,0,13.5913485058695,12.4788846365648,11.5999315820181,26.4420604963071,14.1408280189772,28.8129449949101,0,0,0,0,48.5477727138051,110.709976681508,52.9236414783064,97.6700026898679,0,0,0,0,0,0,0,0,0,0,313.144723671324,152.395437300243,531.507381796607,480.112971566142
"128",2000,1530,10.5833333333333,6299.34043777438,5332.3158092844,1355.6247857239,2606.67196728063,727.931580593532,1215.38643600254,0,0,0,0,0,0,0,0,0,0,0,0,2.21958816228725,4.3689111158798,1.35772962573369,2.27573512591909,0,0,0,0,0,0,0,0,0,0,3311.46498751872,2802.72114073962,543.787876689475,1088.36290491783,314.70509097744,569.401274689634,0,0,127.231780413492,107.685028252717,20.9565262065444,41.9482140516086,12.1258534623469,21.9389956805515,0,0,24132.7633356236,20332.0891325974,4560.90562821136,8903.70178216036,2975.16446830685,5088.29138743071,0,0,927.198461840159,781.191921053693,177.427142174886,347.058153033478,116.814155317891,200.143532616847,0,0,0,0,8.08984501876036,16.1725612825445,5.61321644532844,9.65763435405152,0,0,0,0,0,0,0,0,0,0,222.691819104083,206.968138702633,188.69101750703,408.052667062662,195.580467952667,396.530526538675,0,0,8.5561476680652,7.95204768615594,7.2250508584931,15.6163276227832,7.46076746537225,15.1227541318278,0,0,351.650463393928,322.533048012758,303.848938479245,693.503392248714,373.549129616004,762.818070997871,0,0,13.5108963545871,12.3922376665186,11.6336260259195,26.5376333002839,14.2517082809099,29.0909743536069,0,0,0,0,48.7484614612169,111.275748626355,53.3991990068839,98.7037281176312,0,0,0,0,0,0,0,0,0,0,316.310276888859,153.86716025997,541.748861889038,490.692047601087
"129",2000,1530,10.6666666666667,6280.1578480837,5310.41543795817,1355.58251429828,2606.93544840504,729.708989743946,1219.34831304942,0,0,0,0,0,0,0,0,0,0,0,0,2.22036125252359,4.37117205777031,1.36166973480514,2.28420926901468,0,0,0,0,0,0,0,0,0,0,3330.29044101475,2814.95024397991,548.618291561686,1098.65348628131,319.17466204949,578.466677871833,0,0,127.955084441896,108.154889955614,21.1427246841431,42.3449445704713,12.2980759312068,22.2882961949578,0,0,24086.0473056451,20265.0768038476,4562.87986853691,8910.87356460636,2991.92728976828,5124.21608305057,0,0,925.403770463672,778.61719388057,177.510480232193,347.355644430211,117.47997244573,201.571896926899,0,0,0,0,8.10190985477969,16.2040439385757,5.64973517728789,9.73467182164264,0,0,0,0,0,0,0,0,0,0,223.590607259669,207.47363221945,190.148412058955,411.40899252327,198.099649338491,402.217672192999,0,0,8.5906808352636,7.97146954562414,7.28104834252962,15.7452026840055,7.55718621437673,15.3403333046914,0,0,349.591716210349,320.309531737758,304.70900211453,695.946261528463,376.429705108876,770.064205547583,0,0,13.431797573595,12.3068065687147,11.6667297807266,26.6314951139266,14.3619710743151,29.3681109310122,0,0,0,0,48.9445641085302,111.831634953726,53.8721145888494,99.7354495233583,0,0,0,0,0,0,0,0,0,0,319.488566031001,155.342441286059,552.106814351189,501.402832378324
"130",2000,1530,10.75,6260.92577315262,5288.58980635576,1355.42620497757,2606.96622195341,731.402569367713,1223.16913606181,0,0,0,0,0,0,0,0,0,0,0,0,2.22097661218918,4.37310131491032,1.36545907512196,2.29243073168259,0,0,0,0,0,0,0,0,0,0,3349.18850123055,2827.21339435914,553.463424531465,1108.97019276612,323.670489060553,587.60305354326,0,0,128.681178136584,108.626059804038,21.32949002702,42.742682245001,12.4713101224428,22.6403315960453,0,0,24039.7460995093,20198.6509273852,4564.73468993705,8917.74140547707,3008.52199736823,5159.94726706904,0,0,923.625015927442,776.064999195065,177.589029250879,347.641018450619,118.139195701428,202.992714754527,0,0,0,0,8.1137553442348,16.2349985309687,5.6860037712564,9.8114891019051,0,0,0,0,0,0,0,0,0,0,224.498378053027,207.990094576579,191.610043571087,414.78033723717,200.636707935104,407.969423041182,0,0,8.62555912723264,7.9913128455937,7.33721222104167,15.8746624552657,7.65429502782277,15.5603952056184,0,0,347.567598017846,318.117437993827,305.553509254272,698.34449768589,379.293336801159,777.28629112488,0,0,13.3540292665952,12.2225827756391,11.6992444943485,26.7236658252029,14.4715997752858,29.6443607510449,0,0,0,0,49.136119109201,112.377654546335,54.3422912929334,100.764966189521,0,0,0,0,0,0,0,0,0,0,322.679721353849,156.821360492013,562.581983500957,512.246668419939
"131",2000,1530,10.8333333333333,6241.64372150846,5266.83753491776,1355.15771995324,2606.76774670999,733.011925922188,1226.84779536062,0,0,0,0,0,0,0,0,0,0,0,0,2.22142958853274,4.37468962901999,1.36909720320765,2.30039789009577,0,0,0,0,0,0,0,0,0,0,3368.16263953887,2839.51388527735,558.323533381378,1119.3136739149,328.193046489271,596.811474705272,0,0,129.410194873248,109.098664335682,21.5168321834195,43.1414520415352,12.6455742566512,22.9951430878739,0,0,23993.8542513816,20132.804675586,4566.47272821691,8924.31081970933,3024.94870370729,5195.48325489443,0,0,921.861988228859,773.535074668649,177.662892258133,347.914487952873,118.791824945841,204.405911872968,0,0,0,0,8.12539081663871,16.2654382672816,5.72202356045483,9.88808513886401,0,0,0,0,0,0,0,0,0,0,225.414838004287,208.517000650404,193.075859141254,418.165896202291,203.191002982093,413.783583875156,0,0,8.66077126806121,8.01155740997261,7.39354046122343,16.0046761245748,7.75206954759641,15.7828563385726,0,0,345.577537596157,315.956541845326,306.38253173195,700.69861492657,382.139582716546,784.484335752178,0,0,13.2775694866568,12.1395576448967,11.7311728297784,26.8141649296341,14.580577467936,29.919724054658,0,0,0,0,49.3231666279407,112.913830269635,54.8096351832047,101.792080956754,0,0,0,0,0,0,0,0,0,0,325.883868669471,158.30399407108,573.175086867226,523.22484793356
"132",2000,1530,10.9166666666667,6222.31137174388,5245.15738734627,1354.77892292241,2606.34350144314,734.536723217306,1230.38327469905,0,0,0,0,0,0,0,0,0,0,0,0,2.22171681735357,4.37593020867867,1.37258360794949,2.30810902575197,0,0,0,0,0,0,0,0,0,0,3387.21566034409,2851.85442954759,563.198747818233,1129.68430688846,332.742650035916,606.092758507857,0,0,130.14224240159,109.572807781164,21.704756178376,43.541268464602,12.8208804593289,23.3527620564049,0,0,23948.3667466332,20067.531644981,4568.09661863513,8930.58734612573,3041.20760384822,5230.82251568082,0,0,920.114494701056,771.02717426953,177.732172296809,348.176266850779,119.437863321588,205.811420086201,0,0,0,0,8.13682477715796,16.295375795925,5.75779589034079,9.96445896494843,0,0,0,0,0,0,0,0,0,0,226.339726154064,209.053871484279,194.545818553648,421.564959505237,205.761988253307,419.658220665017,0,0,8.69630723132394,8.03218483647789,7.45003151473988,16.1352165183354,7.85048902811742,16.0076431826757,0,0,343.620984890028,313.826614628382,307.196164965764,703.009119482793,384.968000050173,791.658219493619,0,0,13.2023971000411,12.0577223908482,11.7625183499959,26.9030116086793,14.6888872009227,30.1941961922299,0,0,0,0,49.5057482885936,113.44018866521,55.2740552436865,102.816600147987,0,0,0,0,0,0,0,0,0,0,329.101129847624,159.790414645652,583.886819361277,534.33861890334
"133",2001,1530,11,6202.07946959339,5222.33594023487,1354.75757841893,2606.43596530111,736.049227405887,1233.8181349774,0,0,0,0,0,0,0,0,0,0,0,0,2.22199287892477,4.37697790167971,1.37605101815005,2.31564111857741,0,0,0,0,0,0,0,0,0,0,3406.25509047452,2864.05272667685,568.23095789771,1140.28139773274,337.354859723099,615.473110737066,0,0,130.873767754473,110.041485864012,21.8987174722782,43.9497924190573,12.998598588,23.7141976664057,0,0,23902.137580056,20000.9521845128,4570.73740959355,8938.17985860335,3057.59803827979,5266.14588606869,0,0,918.338504403671,768.46907877179,177.840438955163,348.488263450247,120.089059924273,207.216342645023,0,0,0,0,8.14858540564253,16.3253005052954,5.79388366311695,10.0409518221926,0,0,0,0,0,0,0,0,0,0,227.295184375904,209.58490171994,196.072586798754,425.029171385133,208.446198026269,425.66162118621,0,0,8.7330177390013,8.05258785797654,7.5087037564689,16.2682634871597,7.95323681794863,16.2373609481316,0,0,341.690355120137,311.710765511533,308.020357131826,705.30509827274,387.817667797365,798.835143714822,0,0,13.1282206890856,11.9764280406274,11.7942759130394,26.9913214564778,14.7980200676934,30.4688146329104,0,0,0,0,49.6863062046334,113.958666002044,55.7408460312829,103.841830799058,0,0,0,0,0,0,0,0,0,0,332.286694838489,161.266052392589,594.568653052477,545.479785366373
"134",2001,1530,11.0833333333333,6181.65932600491,5199.39377945916,1354.69252325504,2606.41020896617,737.492150205964,1237.11970888576,0,0,0,0,0,0,0,0,0,0,0,0,2.22223466507855,4.37788685849458,1.37938982204814,2.32292968875627,0,0,0,0,0,0,0,0,0,0,3425.37967176169,2876.27478212097,573.307684842568,1150.95205038596,342.0075328997,624.94312572488,0,0,131.608564750968,110.51107677931,22.0943927741916,44.361148952429,13.1778750667509,24.0790868232643,0,0,23856.1020241992,19934.6196778419,4573.43382388499,8945.72424131847,3073.8813584389,5301.31117420282,0,0,916.569951674288,765.920471681433,177.950678337961,348.798006637938,120.736033576001,208.61506996907,0,0,0,0,8.16052705434695,16.3552761266419,5.82983163735046,10.1172904790679,0,0,0,0,0,0,0,0,0,0,228.260407604529,210.122604533415,197.612556548335,428.517558017513,211.155631704988,431.730476244832,0,0,8.77010343120937,8.07324725068857,7.56788638227318,16.4022468961328,8.05695573781164,16.4695952596436,0,0,339.790711704529,309.620840336088,308.835276961291,707.562572867525,390.660181299473,805.992929832558,0,0,13.0552347975556,11.8961297304738,11.8256850165147,27.0781745764554,14.9068922349796,30.7427334066892,0,0,0,0,49.8629233777037,114.467727295491,56.2054846647134,104.864664532061,0,0,0,0,0,0,0,0,0,0,335.478070775429,162.742958964151,605.347719253541,556.740503220578
"135",2001,1530,11.1666666666667,6161.19622837914,5176.53775503124,1354.50529749251,2606.14229066863,738.852873568771,1240.2797441181,0,0,0,0,0,0,0,0,0,0,0,0,2.22240003495907,4.37860413124986,1.382578329714,2.32996156024854,0,0,0,0,0,0,0,0,0,0,3444.60649148949,2888.55281474974,578.404496722246,1161.66176094009,346.69472878375,634.498637809689,0,0,132.347289911849,110.98281842756,22.2908428065685,44.7740119613643,13.3584811232022,24.4472692357739,0,0,23810.4515307817,19868.8494807654,4575.99487802163,8952.95091899727,3090.00741229305,5336.28680913009,0,0,914.816192325128,763.393469476779,178.055535626327,349.09512485336,121.376810520795,210.006352059956,0,0,0,0,8.1725344310592,16.3851828862281,5.86555135001741,10.1934235516592,0,0,0,0,0,0,0,0,0,0,229.231467845842,210.669280772738,199.156877588958,432.021028954053,213.874136121379,437.852373920168,0,0,8.80741338890026,8.09425141687107,7.62724020121948,16.5368183098965,8.16102968767444,16.7038731391347,0,0,337.922738633083,307.559481599004,309.636724204123,709.777375248132,393.487993219927,813.126246113391,0,0,12.9834657054276,11.8169289893568,11.8565845409054,27.1634108762402,15.0152157056736,31.0157491164945,0,0,0,0,50.0352752053079,114.967142382237,56.6669724090161,105.884320358448,0,0,0,0,0,0,0,0,0,0,338.683011246074,164.223681562364,616.250165914402,568.140674679023
"136",2001,1530,11.25,6140.6905739192,5153.76714474179,1354.19815843318,2605.63630410485,740.131017996661,1243.29729480956,0,0,0,0,0,0,0,0,0,0,0,0,2.22246855719282,4.37909504957161,1.38561718020933,2.33673657236786,0,0,0,0,0,0,0,0,0,0,3463.93479949414,2900.88658265254,583.520671055909,1172.40891503943,351.41587482164,644.138792025377,0,0,133.089914414624,111.456701514168,22.4880397649339,45.1883193606555,13.5403948242521,24.8187121642482,0,0,23765.1835272903,19803.6371778626,4578.42388768351,8959.86653386301,3105.97642822402,5371.07169499876,0,0,913.077127517808,760.887902510068,178.155139619145,349.379874259117,122.011395772833,211.390138144385,0,0,0,0,8.18456509359036,16.4149566103925,5.90104806192444,10.2693555176256,0,0,0,0,0,0,0,0,0,0,230.20840195308,211.224614398161,200.705624959495,435.539134016494,216.602541142438,444.027061869197,0,0,8.84494902804424,8.11558821376961,7.68676804233871,16.6719604616969,8.26549049887599,16.9401853772678,0,0,336.085907616955,305.52658024303,310.424804350796,711.950288949282,396.300004304725,820.23437387973,0,0,12.9128931152655,11.7388216271145,11.8869784504169,27.2470601657784,15.1229485063898,31.2878342842077,0,0,0,0,50.2034417510769,115.457008097097,57.1252314545203,106.900621717091,0,0,0,0,0,0,0,0,0,0,341.901598295398,165.708282230039,627.27640889018,579.681386297548
"137",2001,1530,11.3333333333333,6120.14281383583,5131.08126852364,1353.77333566038,2604.89631065947,741.326254764134,1246.17149477556,0,0,0,0,0,0,0,0,0,0,0,0,2.22242392816103,4.37933189565379,1.38850662061526,2.34325409525324,0,0,0,0,0,0,0,0,0,0,3483.36379514975,2913.27579996287,588.655526749105,1183.19199399656,356.170382033766,653.862746401066,0,0,133.836407497966,111.932715055687,22.6859574300099,45.6040127262181,13.7235935914246,25.1933833463794,0,0,23720.2954622416,19738.9784098292,4580.72408035298,8966.4775711463,3121.78865448449,5405.66477251648,0,0,911.352659221925,758.403603289611,178.249615753046,349.652505088949,122.639795195885,212.766378948268,0,0,0,0,8.19658476489065,16.4445455458101,5.93632564020741,10.3450891096074,0,0,0,0,0,0,0,0,0,0,231.191240451524,211.788309419267,202.258845258631,439.071419724972,219.341546027062,450.254255209955,0,0,8.88271152148115,8.13724626895717,7.74647164703755,16.8076559555053,8.37036500123237,17.1785214916955,0,0,334.279700557973,303.522003841274,311.199631832968,714.082053974612,399.095234086727,827.316600861578,0,0,12.8434971211791,11.6618025556863,11.9168710450075,27.3291505770527,15.2300531965069,31.5589616787179,0,0,0,0,50.3674951602561,115.937410579324,57.5801872011609,107.913395923753,0,0,0,0,0,0,0,0,0,0,345.133914452333,167.1968208087,638.42689352162,591.363715936957
"138",2001,1530,11.4166666666667,6099.55345361382,5108.47948866919,1353.23303409423,2603.92634361983,742.438303450039,1248.90155438089,0,0,0,0,0,0,0,0,0,0,0,0,2.22225304283865,4.37929237315029,1.39124664940327,2.34951320882539,0,0,0,0,0,0,0,0,0,0,3502.89261907194,2925.72012975691,593.808415058451,1194.00955366749,360.957647959085,663.669663786835,0,0,134.586736142951,112.410846106963,22.8845708218624,46.0210364866932,13.9080543159372,25.5712506864571,0,0,23675.7848100294,19674.868875178,4582.89860392058,8972.79037511118,3137.44435795674,5440.06501906886,0,0,909.642690401259,755.940406545156,178.339086431127,349.913262257684,123.262015452886,214.135026700896,0,0,0,0,8.20856545781926,16.473907562672,5.97138695881636,10.4206258150033,0,0,0,0,0,0,0,0,0,0,232.180008038984,212.360087460572,203.81656229034,442.617432896298,222.09173921792,456.533641948025,0,0,8.92070181814954,8.15921488680072,7.80635188429734,16.9438874028736,8.47567577995327,17.4188699374801,0,0,332.50360948342,301.545600333814,311.961327758466,716.173372070563,401.872802275224,834.372221410796,0,0,12.7752582063176,11.5858659326784,11.9462668744422,27.409708766806,15.3364961563682,31.8291043208008,0,0,0,0,50.5275015415503,116.408428029681,58.0317677981419,108.922473667302,0,0,0,0,0,0,0,0,0,0,348.38004261833,168.689355170445,649.702088173161,603.188732480194
"139",2001,1530,11.5,6078.92305551872,5085.96121173125,1352.57943455007,2602.73040914786,743.466932786562,1251.48676247326,0,0,0,0,0,0,0,0,0,0,0,0,2.22194563677041,4.37895901597085,1.39383707229904,2.35551277484179,0,0,0,0,0,0,0,0,0,0,3522.52034720875,2938.21917909404,598.978715948363,1204.86021585974,365.777057604055,673.558707438791,0,0,135.340864846027,112.891079570591,23.0838560604342,46.4393375945755,14.093753395847,25.9522820868383,0,0,23631.6490736193,19611.304332694,4584.95052793157,8978.81115158699,3152.94382427492,5474.27145027473,0,0,907.947125117342,753.498149322201,178.423671070724,350.162385459597,123.878064013302,215.496035199842,0,0,0,0,8.22048475343134,16.5030090724406,6.00623404598855,10.4959660615877,0,0,0,0,0,0,0,0,0,0,233.174723553662,212.93968694755,205.378779192137,446.176722204578,224.853605601378,462.86488453044,0,0,8.95892064185219,8.18148401718707,7.86640883177403,17.0806374822034,8.58144145299926,17.6612181670272,0,0,330.757136867809,299.597199389545,312.710018967445,718.224908528861,404.631921960929,841.400537228697,0,0,12.7081572552326,11.5110052136892,11.9751707022977,27.4887599854584,15.4422473267899,32.0982355086278,0,0,0,0,50.6835216984191,116.870131840434,58.4799040506298,109.927688938698,0,0,0,0,0,0,0,0,0,0,351.640066004362,170.185941271985,661.102481221937,615.157495215513
"140",2001,1530,11.5833333333333,6058.25223946059,5063.52588913854,1351.81469528304,2601.31248842529,744.411959845294,1253.92648575258,0,0,0,0,0,0,0,0,0,0,0,0,2.22149375713172,4.37831831272832,1.39627757955532,2.36125153470271,0,0,0,0,0,0,0,0,0,0,3542.24598608664,2950.77249505493,604.165832759108,1215.74265580964,370.627985151358,683.529035911209,0,0,136.098755436351,113.373398044686,23.2837901614148,46.8588650469228,14.2806668028846,26.3364452535867,0,0,23587.8857868716,19548.2806023003,4586.88284790155,8984.5459759904,3168.28735727483,5508.28312043055,0,0,906.265868618669,751.076671015282,178.503486268219,350.400109474303,124.48794913197,216.849359830419,0,0,0,0,8.23232473725946,16.53182343218,6.04086829962926,10.5711094871211,0,0,0,0,0,0,0,0,0,0,234.175400166935,213.526861594171,206.945481679848,449.748840043458,227.627538447824,469.247622612316,0,0,8.99736849866303,8.20404419741151,7.92664189954219,17.2178890095803,8.68767712765188,17.9055527373999,0,0,329.039795622475,297.676614646462,313.445836713099,720.237295544527,407.371888421312,848.40085789857,0,0,12.6421755534781,11.4372132383839,12.0035874558546,27.5663282060065,15.5472797806311,32.366328835627,0,0,0,0,50.8356121961382,117.322588186171,58.9245292011075,110.928878812773,0,0,0,0,0,0,0,0,0,0,354.914068045458,171.686633283807,672.628576892233,627.271053447396
"141",2001,1530,11.6666666666667,6037.54168368861,5041.17301765521,1350.9409531281,2599.67653920011,745.27324950468,1256.22016854155,0,0,0,0,0,0,0,0,0,0,0,0,2.22089136307899,4.37736004226561,1.39856780066218,2.36672817934176,0,0,0,0,0,0,0,0,0,0,3562.06846980025,2963.37956232146,609.369188072756,1226.65559245939,375.509795253355,693.579799072205,0,0,136.860366960134,113.8577817299,23.4843508779446,47.279569513177,14.4687701331231,26.7237075448742,0,0,23544.492515748,19485.7935652227,4588.69848856096,8990.00079929331,3183.47527857604,5542.09912281856,0,0,904.598827387085,748.675813374265,178.578645922846,350.62666439437,125.091679833462,218.194957580305,0,0,0,0,8.2440711984969,16.560329737095,6.07529064136588,10.6460551325283,0,0,0,0,0,0,0,0,0,0,235.182045505212,214.121379127316,208.516640535327,453.333343739868,230.413849072726,475.681475008167,0,0,9.03604568160916,8.22688650316789,7.98704992502039,17.3556249849676,8.79439476994142,18.1518593861098,0,0,327.351109037142,295.783645510473,314.168915658219,722.2111350808,410.092070133233,855.372501495806,0,0,12.5772947853651,11.3644822996082,12.03152218799,27.6424362339527,15.6515693787685,32.633358211646,0,0,0,0,50.9838261627624,117.765859227386,59.3655787811221,111.925883312621,0,0,0,0,0,0,0,0,0,0,358.202132322035,173.191483693357,684.280891824909,639.530446126572
"142",2001,1530,11.75,6016.79212508876,5018.90213951353,1349.96032446049,2597.82649702076,746.050713883594,1258.36733247686,0,0,0,0,0,0,0,0,0,0,0,0,2.22013400805526,4.37607674143227,1.40070734249238,2.37194139866277,0,0,0,0,0,0,0,0,0,0,3581.98665864092,2976.03980219564,614.588220309234,1237.59778045494,380.42184408102,703.710134969924,0,0,137.625655627948,114.344208391733,23.6855165702445,47.7014030288153,14.6580386481699,27.1140358518563,0,0,23501.4668585186,19423.8391633076,4590.40030669788,8995.18145315233,3198.50792716849,5575.71858971137,0,0,902.945909145735,746.295420478175,178.649261345079,350.842275820671,125.689265896548,219.532787042392,0,0,0,0,8.25571299749745,16.5885118587159,6.10950162737889,10.7208015814895,0,0,0,0,0,0,0,0,0,0,236.194661746514,214.723020089293,210.092213639397,456.929796253791,233.212775413881,482.166041163774,0,0,9.07495227438159,8.2500025025393,8.04763125061496,17.4938286188901,8.90160353267634,18.4001230884457,0,0,325.69061063096,293.918078733698,314.87939307656,724.147001581762,412.791900884797,862.314795214633,0,0,12.5134970282377,11.2928042040286,12.0589800468703,27.7171058113883,15.7550944681537,32.8992978850007,0,0,0,0,51.1282139176036,118.200004059895,59.8029905045829,112.918545322481,0,0,0,0,0,0,0,0,0,0,361.504342483158,174.700543399085,696.059952057392,651.936701532256
"143",2001,1530,11.8333333333333,5996.00435925356,4996.71284236326,1348.87490605208,2595.76627628889,746.744311750607,1260.3675761426,0,0,0,0,0,0,0,0,0,0,0,0,2.21921856595633,4.37446324529276,1.40269582073648,2.37688992238971,0,0,0,0,0,0,0,0,0,0,3601.99933853483,2988.75257232514,619.822380753727,1248.56800316763,385.363480232501,713.919167178661,0,0,138.394574793135,114.832653349979,23.8872660917513,48.124318728177,14.8484473108863,27.5073964978493,0,0,23458.8064455246,19362.4133979758,4591.99109375999,9000.09365454387,3213.38565900434,5609.14069222443,0,0,901.307022849939,743.935338694969,178.715441355756,351.047165038737,126.280717838835,220.862808411707,0,0,0,0,8.26724152154262,16.6163576154052,6.14350154132339,10.7953470772042,0,0,0,0,0,0,0,0,0,0,237.213245712875,215.331576719072,211.672147739649,460.537766643122,236.024489778151,488.700902375115,0,0,9.11408815488549,8.27338421301343,8.10838379126276,17.6324833501884,9.0093100517509,18.650328105054,0,0,324.057843957262,292.07968984397,315.57740817121,726.045444519812,415.470872688566,869.227075989387,0,0,12.450764744972,11.2221703270567,12.0859662501158,27.7903577147738,15.8578356105612,33.1641224645036,0,0,0,0,51.2688235096596,118.625079527925,60.2367041778187,113.90671052022,0,0,0,0,0,0,0,0,0,0,364.82078217078,176.213861796749,707.966290299733,664.490836974994
"144",2001,1530,11.9166666666667,5975.17924031326,4974.60475903038,1347.68677581522,2593.49977111726,747.354047909011,1262.22057464389,0,0,0,0,0,0,0,0,0,0,0,0,2.21814300524728,4.37251630588068,1.40453288317042,2.38157255063642,0,0,0,0,0,0,0,0,0,0,3622.10522135135,3001.51716718754,625.071131044371,1259.56506681163,390.334045479482,724.206002659347,0,0,139.167074963655,115.323089497341,24.0895786928642,48.5482706192184,15.039970814804,27.9037551571322,0,0,23416.5089384513,19301.5123287737,4593.4735781992,9004.74300987041,3228.10884659672,5642.36464000299,0,0,899.682078659277,741.595416625901,178.77729237533,351.24154917478,126.866046901613,222.184983475905,0,0,0,0,8.27865023782825,16.6438580871995,6.17729046560856,10.8696896119614,0,0,0,0,0,0,0,0,0,0,238.237788955316,215.946851910322,213.256379936046,464.156830263809,238.849105761468,495.2856227388,0,0,9.15345299850503,8.29702406144857,8.16930509123165,17.771572853716,9.11751871087134,18.9024580191708,0,0,322.452362362023,290.268244420425,316.263101517947,727.906990777794,418.12852951258,876.108691107044,0,0,12.3890807746949,11.1525716618589,12.1124860637376,27.8622118464035,15.9597753426582,33.4278069413561,0,0,0,0,51.4057011566432,119.041140888147,60.6666616300724,114.890227333519,0,0,0,0,0,0,0,0,0,0,368.151534945299,177.731486857996,720.000443510424,677.193858523651
"145",2002,1530,12,5954.33954975701,4952.57936653583,1346.42312133676,2591.06842653804,747.878141412558,1263.91664667595,0,0,0,0,0,0,0,0,0,0,0,0,2.21690368244596,4.37021830526159,1.40621476407683,2.38597034289731,0,0,0,0,0,0,0,0,0,0,3642.30009302225,3014.32604379925,630.337404460393,1270.58996311377,395.331910692938,734.564264269663,0,0,139.942994228269,115.815227020324,24.292566922023,48.9732961044383,15.232546439987,28.3028661967115,0,0,23374.5714047383,19241.0977455004,4594.88495431688,9009.16903361159,3242.66998876519,5675.34745368654,0,0,898.070963920642,739.274186172661,178.836242239641,351.426928502012,127.444954910689,223.497612637686,0,0,0,0,8.28992461335959,16.6709455846722,6.21085321688202,10.9437455780976,0,0,0,0,0,0,0,0,0,0,239.267460572637,216.565345646885,214.844328917946,467.780061669805,241.683771179242,501.901159221628,0,0,9.19301488082891,8.32078757161454,8.23037290685475,17.9108320425055,9.22612067035579,19.1557862343684,0,0,320.873380073172,288.482805617178,316.936517030254,729.729912603253,420.763436527016,882.952404328373,0,0,12.3284149271287,11.0839722133057,12.1385410846771,27.9326018723435,16.0608588354683,33.6900751017539,0,0,0,0,51.5388279303999,119.447795294192,61.0926573856788,115.868084045006,0,0,0,0,0,0,0,0,0,0,371.497874537218,179.256758625587,732.167319185225,690.074732291162
"146",2002,1530,12.0833333333333,5934.08477605185,4930.69576326158,1345.75784951225,2589.48375809511,748.274391152972,1265.21257203039,0,0,0,0,0,0,0,0,0,0,0,0,2.21554399978898,4.36733738476593,1.40765099171239,2.38960767377367,0,0,0,0,0,0,0,0,0,0,3662.46455099182,3026.96000400098,635.704112925918,1281.67955180531,400.321241161238,744.826487142588,0,0,140.717744949841,116.300643975115,24.4994145511574,49.4007966409329,15.424794434141,28.6982790867858,0,0,23332.9997256611,19180.2649627618,4597.15447798331,9014.29545971025,3256.8689020178,5706.96590426666,0,0,896.473905106344,736.936887847424,178.927930923595,351.638285562776,128.009564453649,224.756443435178,0,0,0,0,8.30098184570903,16.6962675281043,6.24378498605978,11.0153156146233,0,0,0,0,0,0,0,0,0,0,240.28074495025,217.100297794246,216.42466334354,471.241201405507,244.453121538359,508.063046674952,0,0,9.23194714103874,8.34134128011258,8.29115513598976,18.043899028111,9.33223884453816,19.3918219402103,0,0,319.313297814708,286.704695594787,317.597627937162,731.45545173119,423.348875558089,889.56994972275,0,0,12.2684752274169,11.015654348838,12.1641311502819,27.9992802572266,16.1600661344704,33.9437429075552,0,0,0,0,51.6666438266974,119.833284982406,61.5107183055524,116.816953899595,0,0,0,0,0,0,0,0,0,0,374.891678277697,180.878104660147,744.582710966057,703.884549122094
"147",2002,1530,12.1666666666667,5913.81280430191,4908.91438383109,1344.98508632283,2587.69295949402,748.598780089695,1266.37865254729,0,0,0,0,0,0,0,0,0,0,0,0,2.21421298038842,4.36446115005328,1.40894115941421,2.39298603187395,0,0,0,0,0,0,0,0,0,0,3682.64622776371,3039.57992437603,641.067022513225,1292.75720352823,405.322008377992,755.130266533018,0,0,141.493157245335,116.785521497314,24.706119539393,49.8278443865963,15.6174848496093,29.0952964807559,0,0,23291.8352226411,19119.9965911361,4599.31533290622,9019.17374806658,3270.93355538017,5738.40611257301,0,0,894.89248927847,734.621275150574,179.01529964849,351.839740177967,128.568827384025,226.008169657719,0,0,0,0,8.31221866452539,16.7217523442592,6.27650837281315,11.0866628334535,0,0,0,0,0,0,0,0,0,0,241.300789731332,217.646235806221,218.013296129377,474.728753096722,247.24058420425,514.303147844247,0,0,9.27113914471563,8.36231708320094,8.35225937320239,18.177987123535,9.43905775755785,19.6308636544022,0,0,317.783692529283,284.953661022972,318.251274176523,733.146955026766,425.913880768719,896.136132085731,0,0,12.2097064785256,10.9483767671825,12.1894405806212,28.0646695503211,16.258505377281,34.19547968544,0,0,0,0,51.7910310921155,120.210225040591,61.9249716724172,117.760715981432,0,0,0,0,0,0,0,0,0,0,378.299863714946,182.503489864468,757.125732139163,717.844320826107
"148",2002,1530,12.25,5893.52265635284,4887.23328387181,1344.1066739051,2585.69929632513,748.850911232978,1267.41413339746,0,0,0,0,0,0,0,0,0,0,0,0,2.21287661425402,4.36153262264644,1.410088968265,2.39611015620829,0,0,0,0,0,0,0,0,0,0,3702.85373099242,3052.19358705813,646.42849616795,1303.8273821111,410.336276208756,765.47898872808,0,0,142.269561834599,117.270158588942,24.912772367207,50.2546102723482,15.8106968314828,29.4940481890695,0,0,23251.0688658247,19060.2830478471,4601.368875952,9023.80648111897,3284.86290414533,5769.66513064905,0,0,893.326369500134,732.326979896217,179.098401320669,352.031392163241,129.122700694211,227.252670473169,0,0,0,0,8.3235741579974,16.7473024886444,6.3090263847098,11.157787503239,0,0,0,0,0,0,0,0,0,0,242.327250562579,218.202447901949,219.609213133765,478.239728609125,250.044750294217,520.61631440571,0,0,9.31057766127499,8.38368763311832,8.41364661944179,18.3129816343264,9.54652345683976,19.8727146793539,0,0,316.283606708495,283.229297276306,318.897331882076,734.805319965167,428.458087084276,902.652795608072,0,0,12.1520718918459,10.8821239219719,12.2144645164852,28.1288038375122,16.3561625293116,34.4453556010547,0,0,0,0,51.9120641216271,120.57872036815,62.3353582444866,118.699216935224,0,0,0,0,0,0,0,0,0,0,381.722532851126,184.132996137361,769.797225910538,731.955819057951
"149",2002,1530,12.3333333333333,5873.21371576136,4865.65075010254,1343.12455590417,2583.5062492617,749.030515810385,1268.31847452974,0,0,0,0,0,0,0,0,0,0,0,0,2.21150709848154,4.35850509690368,1.41109720236706,2.39898360910359,0,0,0,0,0,0,0,0,0,0,3723.09405372817,3064.80741536683,651.79042865605,1314.89366099517,415.365644867017,775.875316403585,0,0,143.047227401809,117.754802044209,25.1194455728912,50.6812311038016,16.0044917419069,29.8946362744522,0,0,23210.6924710403,19001.1153691704,4603.31670861998,9028.19675786631,3298.6561939142,5800.74046539535,0,0,891.775231327148,730.053657683408,179.177298404937,352.213361597648,129.671152772533,228.489842887736,0,0,0,0,8.33499877428401,16.772838625871,6.34134134510057,11.2286893945307,0,0,0,0,0,0,0,0,0,0,243.359833222711,218.768290442131,221.211569458629,481.771538891508,252.864457250807,526.998013519137,0,0,9.35025138628525,8.40542820021127,8.47528437497567,18.4487831748052,9.65459142805948,20.1172018574183,0,0,314.812143393912,281.53121580927,319.535679352702,736.431361108864,430.981141853133,909.121525816185,0,0,12.0955370051934,10.8168808846548,12.2391981656821,28.1917139948777,16.4530239988037,34.693430886898,0,0,0,0,52.0298103498847,120.938868661964,62.741825298078,119.632312860797,0,0,0,0,0,0,0,0,0,0,385.159774359014,185.76669786143,782.597894861458,746.220606106427
"150",2002,1530,12.4166666666667,5852.88567276991,4844.16532603121,1342.04070154121,2581.11736787424,749.137403925795,1269.09126295512,0,0,0,0,0,0,0,0,0,0,0,0,2.21008189815745,4.35534061301998,1.41196787539261,2.40160892844975,0,0,0,0,0,0,0,0,0,0,3743.37280909578,3077.42665749345,657.154313113418,1325.95884765616,420.411324410316,786.32131304778,0,0,143.826369612195,118.239653507017,25.3261963035258,51.1078143305869,16.1989159783151,30.2971398252399,0,0,23170.6987971951,18942.4854279881,4605.1605728892,9032.34796912318,3312.31285003139,5831.62992651297,0,0,890.2387965494,727.800996254977,179.252058827029,352.385779947274,130.214159036687,229.719595743719,0,0,0,0,8.34645251711024,16.7982967268423,6.37345493806293,11.2993677821404,0,0,0,0,0,0,0,0,0,0,244.398288858044,219.343186131321,222.819664817064,485.321950557104,255.698750451918,533.444285945707,0,0,9.39015075840954,8.42751660386336,8.53714569537342,18.5853060060709,9.763225126842,20.3641739731301,0,0,313.368475803533,279.859053980342,320.166197523398,738.0258034664,433.48270231068,915.543653581873,0,0,12.0400700526605,10.7526337219533,12.2636368268209,28.2534274479182,16.5490765517427,34.9397560204692,0,0,0,0,52.1443297576424,121.290757547122,63.1443238960226,120.559865737061,0,0,0,0,0,0,0,0,0,0,388.611673010584,187.404664781073,795.528389469709,760.640139644321
"151",2002,1530,12.5,5832.53847008848,4822.77576573986,1340.85709730198,2578.53625295922,749.171455882286,1269.73219913094,0,0,0,0,0,0,0,0,0,0,0,0,2.20858264376769,4.35200816837859,1.41270246224472,2.40398793506917,0,0,0,0,0,0,0,0,0,0,3763.69449799071,3090.05561590368,662.521322025458,1337.0251380614,425.474213083409,796.818560068426,0,0,144.607161397358,118.72487828498,25.5330694173223,51.5344439642169,16.3940039759538,30.7016194421667,0,0,23131.0813608518,18884.3857733939,4606.90231335559,9036.26372323181,3325.8324438012,5862.33157273016,0,0,888.716816066698,725.568709334895,179.322754510324,352.548787190012,130.751700625164,230.941847636235,0,0,0,0,8.35790281773569,16.8236247046111,6.40536838038999,11.3698215810728,0,0,0,0,0,0,0,0,0,0,245.442403824338,219.926612669816,224.432910458912,488.889014646514,258.546830478273,539.951635526736,0,0,9.4302675691133,8.44993277648278,8.59920792109998,18.7224753019811,9.87239395674968,20.613497521908,0,0,311.951835250314,278.212467842923,320.788773599367,739.589300054426,435.96244227584,921.920300743823,0,0,11.9856415004301,10.6893692188781,12.2877760310656,28.3139688490323,16.6443075719578,35.1843734730053,0,0,0,0,52.2556766450903,121.634467156009,63.5428083350941,121.481742661917,0,0,0,0,0,0,0,0,0,0,392.078310425852,189.046962643842,808.589319385971,775.215790017052
"152",2002,1530,12.5833333333333,5812.17228015887,4801.48101429413,1339.57574259242,2575.76654783202,749.132619741147,1270.24109336924,0,0,0,0,0,0,0,0,0,0,0,0,2.20699464228744,4.34848292275217,1.41330200132831,2.40612187058729,0,0,0,0,0,0,0,0,0,0,3784.06262643106,3102.69774827652,667.892343147801,1348.09418484434,430.554931969302,807.368207045204,0,0,145.389737464121,119.210609227655,25.7400988596609,51.9611831899089,16.5897795357477,31.1081191632892,0,0,23091.8343544045,18826.8095606151,4608.54385869422,9039.94781024207,3339.21467806683,5892.84368956295,0,0,887.209066745023,723.356533935765,179.389460660439,352.70253043263,131.283763841631,232.156526056749,0,0,0,0,8.3693235978463,16.8487809284397,6.43708249324613,11.440049403519,0,0,0,0,0,0,0,0,0,0,246.491994990257,220.518097898272,226.050814250174,492.471035039607,261.408029202123,546.51698030716,0,0,9.47059478221577,8.47265857695045,8.66145210439414,18.8602259367081,9.98207235210946,20.8650548381668,0,0,310.561506113124,276.591128799852,321.403302912878,741.122439835132,438.420055514702,928.25240066514,0,0,11.9322238535529,10.6270747501904,12.3116116145023,28.3733603838534,16.738705191391,35.4273184973042,0,0,0,0,52.3639004207328,121.970071314861,63.9372359636078,122.397815630623,0,0,0,0,0,0,0,0,0,0,395.559765376929,190.693653442577,821.781257944958,789.948847236671
"153",2002,1530,12.6666666666667,5791.78747245927,4780.28017990393,1338.19864439307,2572.81192708828,749.02090637131,1270.6178582098,0,0,0,0,0,0,0,0,0,0,0,0,2.20530620454587,4.34474510223759,1.41376722942506,2.40801157791957,0,0,0,0,0,0,0,0,0,0,3804.47986904731,3115.35580726692,673.268029320278,1359.16719206017,435.653873538849,817.971043679689,0,0,146.174200576065,119.696952096445,25.9473095715261,52.388077997107,16.7862576851643,31.5166692207622,0,0,23052.9525325355,18769.7504532577,4610.08719792295,9043.4041554033,3352.45936648029,5923.16475640411,0,0,885.715347054065,721.164226602917,179.452254847984,352.847162111444,131.810339352972,233.363566120056,0,0,0,0,8.38069398704481,16.8737321896981,6.46859780117635,11.5100496367655,0,0,0,0,0,0,0,0,0,0,247.54690346561,221.117212759976,227.672960611926,496.066524681798,264.281778152642,553.137584039742,0,0,9.51112629291893,8.49567752021957,8.72386223867979,18.998500804709,10.092238564835,21.1187414728003,0,0,309.196818552346,274.994719433313,322.009690825207,742.625758584755,440.855258992832,934.540726828042,0,0,11.8797913760708,10.5657381201797,12.3351397925892,28.4316221905545,16.8322584167976,35.668620223482,0,0,0,0,52.4690466649078,122.297639103845,64.3275668672854,123.307961113825,0,0,0,0,0,0,0,0,0,0,399.056114222251,192.344795805059,835.104748535891,804.840531398475
"154",2002,1530,12.75,5771.38458873575,4759.17251284259,1336.72781315866,2569.67608796117,748.836385713747,1270.86250274899,0,0,0,0,0,0,0,0,0,0,0,0,2.20350814054049,4.34077917184298,1.41409867572598,2.40965762832142,0,0,0,0,0,0,0,0,0,0,3824.94819303689,3128.03194639937,678.648836187309,1370.24498675841,440.771238481153,828.627553963711,0,0,146.960626316059,120.183989633205,26.1547189346851,52.8151599218474,16.9834460900911,31.9272881164808,0,0,23014.4311260814,18713.2025491744,4611.5343624645,9046.63678394651,3365.56641782777,5953.29342162017,0,0,884.235473757879,718.99156056615,179.511216315236,352.982838629694,132.331421583173,234.562909601836,0,0,0,0,8.39199737649499,16.8984521945203,6.49991460071418,11.5798204969353,0,0,0,0,0,0,0,0,0,0,248.606989862418,221.723565844018,229.298995650688,499.674172408669,267.167585506624,559.81100375296,0,0,9.55185674573008,8.51897456765521,8.78642468736501,19.1372495474634,10.2028737819374,21.3744641857326,0,0,307.857142970953,273.422930537545,322.607853811343,744.099747243553,443.267794526142,940.78591527674,0,0,11.8283198782038,10.5053474486559,12.3583572029226,28.4887726819888,16.9249571945536,35.9083025187229,0,0,0,0,52.5711579073221,122.617236002874,64.7137636439937,124.212059759336,0,0,0,0,0,0,0,0,0,0,402.567431218467,194.000445296771,848.560309010128,819.892000564452
"155",2002,1530,12.8333333333333,5750.96432249737,4738.15738802325,1335.16525947887,2566.36274319988,748.579183564782,1270.9751278056,0,0,0,0,0,0,0,0,0,0,0,0,2.20159334974792,4.33657315895337,1.41429673100238,2.4110604159416,0,0,0,0,0,0,0,0,0,0,3845.46896027627,3140.72780722527,684.035053137216,1381.32807754929,445.907065950864,839.337960402508,0,0,147.749067009576,120.671784908967,26.3623379571344,53.2424482908926,17.1813462145659,32.3399843168548,0,0,22976.2657710998,18657.1603193296,4612.88741166963,9049.64979252549,3378.53582314708,5983.22848199286,0,0,882.769279189566,716.838323390813,179.566425416325,353.109719252051,132.847008215107,235.754504144323,0,0,0,0,8.40322066604718,16.9229203585435,6.53103301084805,11.6493600683907,0,0,0,0,0,0,0,0,0,0,249.672130434562,222.336798755579,230.928615299607,503.292815691593,270.065018221528,566.535046212472,0,0,9.59278138614127,8.54253594915365,8.84912772827376,19.2764275074794,10.3139614402079,21.6321392790888,0,0,306.541885399619,271.875458881975,323.197719975686,745.544858879157,445.65742929958,946.988483789569,0,0,11.7777865390398,10.4458910850053,12.3812609259851,28.5448288143149,17.0167924317976,36.1463847214955,0,0,0,0,52.6702742373202,122.928924791978,65.0957912245648,125.109996155868,0,0,0,0,0,0,0,0,0,0,406.093788762564,195.66065468177,862.148434942017,835.104357298724
"156",2002,1530,12.9166666666667,5730.52750121593,4717.23428991742,1333.51299120697,2562.87561488456,748.249478672381,1270.95592158462,0,0,0,0,0,0,0,0,0,0,0,0,2.19955646918416,4.33211807050839,1.41436170450597,2.41222023583684,0,0,0,0,0,0,0,0,0,0,3866.04301563284,3153.44459455741,689.426830027831,1392.41670517602,451.061259773875,850.10226240567,0,0,148.539555117772,121.160384214563,26.5701722971436,53.6699521596218,17.3799543256594,32.7547577242087,0,0,22938.4524475441,18601.6185549459,4614.14842047345,9052.44732475211,3391.36764454407,6012.96886474933,0,0,881.31660889507,714.704314947085,179.617963139707,353.227965157224,133.357099757953,236.938302562098,0,0,0,0,8.414353622419,16.9471207776888,6.56195301534865,11.7186663364645,0,0,0,0,0,0,0,0,0,0,250.742213771201,222.956582034782,232.561555264131,506.92141708824,272.973687115102,573.307729982032,0,0,9.6338959335848,8.566349006338,8.91196116738602,19.4159948245016,10.4254866539255,21.891691144819,0,0,305.250483476896,270.352005419435,323.779229291611,746.961514728056,448.023955874414,953.148848758178,0,0,11.7281697520872,10.3873575393473,12.4038484951768,28.5998063200591,17.1077559978035,36.382882287833,0,0,0,0,52.7664338196925,123.232766310662,65.4736167179358,126.001658630268,0,0,0,0,0,0,0,0,0,0,409.63525759101,197.325474154869,875.869602262608,850.478654336146
"157",2003,1530,13,5710.28480584114,4696.4957253056,1331.91813740348,2559.44593392011,747.828135319835,1270.74228929225,0,0,0,0,0,0,0,0,0,0,0,0,2.19737002083524,4.32730912512561,1.41425668091526,2.41301712745034,0,0,0,0,0,0,0,0,0,0,3886.65503797635,3166.14711605064,694.835534569694,1403.5117759467,456.221054929244,860.876315591218,0,0,149.331501978323,121.648435403815,26.7786575808095,54.0977019235225,17.578778623268,33.1699075158549,0,0,22901.06430767,18546.4712072475,4615.47144198813,9055.18467784461,3403.97316957761,6042.21372860452,0,0,879.880273597775,712.585460666343,179.671719358311,353.343410678164,133.858205431076,238.102444337722,0,0,0,0,8.42528545608859,16.9706324679755,6.59250148155515,11.7871507104543,0,0,0,0,0,0,0,0,0,0,251.807798924017,223.561681755867,234.187917143276,510.510432252434,275.857467654319,579.984397514084,0,0,9.67483765289516,8.58959789776138,8.97454598954868,19.5540544999963,10.5360696778053,22.1475959022721,0,0,303.980620575356,268.848852485326,324.349323731959,748.333695030517,450.355353061854,959.219066235407,0,0,11.6793805093705,10.329603973039,12.4260027192521,28.6530917120368,17.1973886420063,36.6159646321055,0,0,0,0,52.8589814471909,123.525748688051,65.8454837265631,126.880630721659,0,0,0,0,0,0,0,0,0,0,413.20541345084,199.017690540888,889.776960375663,866.228085478828
"158",2003,1530,13.0833333333333,5690.80562384767,4676.20001249226,1330.76439530955,2556.67903110535,747.272321593881,1270.18053396861,0,0,0,0,0,0,0,0,0,0,0,0,2.19509463413932,4.32210756798636,1.41388621979625,2.41313744488919,0,0,0,0,0,0,0,0,0,0,3907.2049249711,3178.69041254705,700.277034354185,1414.58531580023,461.337868082616,871.51241323506,0,0,150.121061499409,122.130368914061,26.9884010740783,54.5246120109971,17.7759487691939,33.5797456539653,0,0,22864.3407946755,18491.4788547435,4617.26390813018,9058.27611341971,3416.12967593801,6070.18236968875,0,0,878.469473311761,710.472561579811,179.743280536645,353.471639780865,134.341557641411,239.216146171758,0,0,0,0,8.43591445728933,16.9926732782361,6.62221846859636,11.853242797261,0,0,0,0,0,0,0,0,0,0,252.845397808712,224.099404037042,235.785477197391,513.941684256139,278.628323386202,586.208631137255,0,0,9.71470409715112,8.61025804006748,9.03603148889949,19.6860819731776,10.642347731153,22.3862422124531,0,0,302.729998036533,267.357600144543,324.902830856283,749.620189117989,452.619848001032,965.057997651448,0,0,11.6313304933334,10.2723076471009,12.4475256330522,28.7031073426186,17.2844767209569,36.8402428922825,0,0,0,0,52.9462366660266,123.800024169262,66.2068898265423,127.730135720029,0,0,0,0,0,0,0,0,0,0,416.839975682864,200.797540317353,904.007848244729,882.914301644224
"159",2003,1530,13.1666666666667,5671.3282032893,4656.01332985106,1329.51880369534,2553.74167987817,746.657756947496,1269.50824348979,0,0,0,0,0,0,0,0,0,0,0,0,2.19286936470489,4.31697096461443,1.41339139962458,2.41302874978239,0,0,0,0,0,0,0,0,0,0,3927.72212738097,3191.18265759851,705.703368750104,1425.61991922631,466.450639468996,882.156380258586,0,0,150.909365226475,122.610340946152,27.1975639259976,54.9500291205546,17.9729654226676,33.9898913638442,0,0,22828.0181230068,18437.0274258247,4618.97036559907,9061.1735641274,3428.16892288444,6097.97955159217,0,0,877.074072605249,708.380445691685,179.811423982567,353.592100761766,134.820198148386,240.322933138915,0,0,0,0,8.44668743424477,17.0148663949209,6.65173738662407,11.9190804060455,0,0,0,0,0,0,0,0,0,0,253.889708918371,224.647797200678,237.390903715346,517.397805000054,281.419859428309,592.513700521048,0,0,9.75482843358738,8.63132817484413,9.09782139619446,19.8190693151922,10.749423280028,22.6279927176286,0,0,301.506293056387,265.891103775367,325.452355384931,750.882783067772,454.860679781503,970.83601856935,0,0,11.584314673333,10.2159624857715,12.4688995300604,28.7522175013594,17.3706710879134,37.0622199149727,0,0,0,0,53.0308476389117,124.067041944514,66.56415892999,128.573169252553,0,0,0,0,0,0,0,0,0,0,420.489532808034,202.581709006054,918.369092996548,899.761129479002
"160",2003,1530,13.25,5651.85142220239,4635.9334596627,1328.18310721607,2550.63694135895,745.984219254508,1268.72514250834,0,0,0,0,0,0,0,0,0,0,0,0,2.1906608587923,4.31184222361475,1.41277637630048,2.41269708094197,0,0,0,0,0,0,0,0,0,0,3948.21823219044,3203.63414151698,711.117859211909,1436.62224554186,471.562507274324,892.81364491253,0,0,151.696858349996,123.08874687033,27.4062734345148,55.3742084838047,18.169948955779,34.4005527970456,0,0,22792.0847441327,18383.1053700188,4620.59137014443,9063.87793198257,3440.08949222904,6125.60173843816,0,0,875.693627771925,706.308669213982,179.87617161538,353.704829198093,135.29407076834,241.422663735145,0,0,0,0,8.45755255571502,17.0371234200223,6.6810598545549,11.9846620229216,0,0,0,0,0,0,0,0,0,0,254.940189232656,225.206012273373,239.002895637941,520.875149139737,284.229485862379,598.892109469318,0,0,9.79518979853083,8.65277568317306,9.15986570410771,19.9528765844099,10.8571971525011,22.8725607482891,0,0,300.308454919639,264.448828776148,325.997590422044,752.122017760544,457.078058790106,976.556148142486,0,0,11.5382926796296,10.1605479487884,12.4901124930269,28.8004425173713,17.4559795266258,37.282010433022,0,0,0,0,53.1128714714688,124.326898316761,66.9172560679756,129.409617064031,0,0,0,0,0,0,0,0,0,0,424.154177524183,204.370278037154,932.861537147134,916.770368098523
"161",2003,1530,13.3333333333333,5632.37459329313,4615.95854676255,1326.75910592869,2547.36800205708,745.251580922975,1267.83110820099,0,0,0,0,0,0,0,0,0,0,0,0,2.18844189893955,4.3066745760051,1.41204427266411,2.41214705690615,0,0,0,0,0,0,0,0,0,0,3968.7026886218,3216.05335572755,716.523167632506,1447.59765813864,476.675958886412,903.488570270773,0,0,152.483903924202,123.565912940726,27.6146316148423,55.7973556561761,18.3669947854363,34.8118972714061,0,0,22756.5305860903,18329.702406879,4622.12775093796,9066.3906837795,3451.89025960555,6153.04590328536,0,0,874.327751836888,704.256837155146,179.937555951901,353.809882597078,135.763130757459,242.515216291733,0,0,0,0,8.46846800572841,17.0593729740729,6.71018717465114,12.0499862368123,0,0,0,0,0,0,0,0,0,0,255.996375317777,225.773294230971,240.620384903217,524.370617593627,287.055064005686,605.337378274734,0,0,9.83577038614891,8.67457155581635,9.22212335410268,20.0873848041292,10.9655874675233,23.1196985466338,0,0,299.135531416118,263.030290891502,326.5382422376,753.338355932767,459.272123959726,982.22097725168,0,0,11.4932279271878,10.1060454302738,12.5111531005706,28.8477997068674,17.5404070701045,37.4997127842316,0,0,0,0,53.1923584963953,124.579680068623,67.2661507065165,130.239372579915,0,0,0,0,0,0,0,0,0,0,427.833995224007,206.16332242434,947.485914180479,933.943640355655
"162",2003,1530,13.4166666666667,5612.89739377653,4596.08703981806,1325.24864148169,2543.93814618082,744.459798908606,1266.82615408406,0,0,0,0,0,0,0,0,0,0,0,0,2.18619032552239,4.30142981216054,1.41119744619808,2.41138223948165,0,0,0,0,0,0,0,0,0,0,3989.18316624131,3228.44729540592,721.921411325337,1458.55044921917,481.792942456836,914.18463389159,0,0,153.270796626094,124.042107923176,27.822719605107,56.2196351281364,18.5641776476371,35.2240581530567,0,0,22721.3468060928,18276.8093173936,4623.58055322978,9068.71373788865,3463.57034628296,6180.30944871588,0,0,872.976105051568,702.224595305672,179.995617891759,353.907336019606,136.227342947824,243.600485902068,0,0,0,0,8.47940003999126,17.0815574406045,6.73912039022346,12.1150516939554,0,0,0,0,0,0,0,0,0,0,257.057869227664,226.348968623299,242.242490225114,527.881562183503,289.894816666637,611.843879953999,0,0,9.87655490675019,8.69668987931756,9.28456046161631,20.2224923026211,11.0745261946566,23.3691909933481,0,0,297.986654061786,261.635045296119,327.074034714478,754.532197803819,461.442964954668,987.832731289568,0,0,11.449087047848,10.0524378393167,12.5320106004569,28.8943039779532,17.623956854647,37.7154113209632,0,0,0,0,53.2693537243705,124.825466646055,67.6108161840937,131.062336081923,0,0,0,0,0,0,0,0,0,0,431.52906509563,207.960911481621,962.242868565529,951.282417906149
"163",2003,1530,13.5,5593.4198035387,4576.31763935426,1323.65358600479,2540.35073290691,743.608905138428,1265.71041459364,0,0,0,0,0,0,0,0,0,0,0,0,2.18388810185332,4.29607673673692,1.41023769473196,2.41040541565549,0,0,0,0,0,0,0,0,0,0,4009.66586929449,3240.8217250538,727.314263099031,1469.4840353241,486.914964450349,924.904584246068,0,0,154.057774832706,124.517553299056,28.0306015012652,56.641177818001,18.7615553358095,35.6371408496581,0,0,22686.5255727013,18224.4177592826,4624.95099033148,9070.84936869778,3475.12907686401,6207.39013638446,0,0,871.638386524535,700.211623141506,180.050404861855,353.997278383574,136.686680109305,244.678381691798,0,0,0,0,8.49032136299597,17.1036302318905,6.76786033284714,12.1798570659544,0,0,0,0,0,0,0,0,0,0,258.124326209064,226.932429227518,243.868478360102,531.405702700133,292.747252928917,618.406694027902,0,0,9.91753011439464,8.71910736162355,9.34714882860897,20.3581115299716,11.1839562707728,23.6208500071732,0,0,296.861024793548,260.262677625018,327.604711426386,755.703894317862,463.590638797793,993.393328461357,0,0,11.405839379122,9.99970925534106,12.552674991486,28.9399683427938,17.7066307599837,37.9291786459282,0,0,0,0,53.3438980288073,125.064331932525,67.9512291996513,131.878413918292,0,0,0,0,0,0,0,0,0,0,435.239461104585,209.763109530196,977.132972454471,968.788044127883
"164",2003,1530,13.5833333333333,5573.94206982283,4556.64926806109,1321.97583510715,2536.6091823462,742.6990017136,1264.48413742198,0,0,0,0,0,0,0,0,0,0,0,0,2.18152077188141,4.29059027055106,1.40916637406649,2.4092187601628,0,0,0,0,0,0,0,0,0,0,4030.15571792846,3253.18133162344,732.703009488483,1480.40107074279,492.043146451745,935.650530556797,0,0,154.84502758396,124.992429148564,28.2383265885012,57.0620854177945,18.9591708777327,36.0512262521109,0,0,22652.0599401131,18172.5201609225,4626.24041466845,9072.80014940031,3486.5659550512,6234.28604715752,0,0,870.314329391526,698.217629748458,180.101969698316,354.079810252491,137.14112201282,245.748825277805,0,0,0,0,8.50121019515436,17.1255542139774,6.79640764834802,12.24440103158,0,0,0,0,0,0,0,0,0,0,259.195447494185,227.523131027201,245.497741565691,534.941078830722,295.611124353086,625.021521840241,0,0,9.95868452997566,8.7418030623296,9.40986507787508,20.4941672128645,11.2938299208383,23.8745113009709,0,0,295.757908536618,258.912798805906,328.130036914925,756.853754964405,465.715179482348,998.90441380234,0,0,11.3634566786218,9.9478447295565,12.5731370738934,28.9848042203849,17.7884297794475,38.1410769170767,0,0,0,0,53.4160288296409,125.296345291093,68.2873695473698,132.687518116868,0,0,0,0,0,0,0,0,0,0,438.965252532724,211.569976276942,992.156734920931,986.461746872901
"165",2003,1530,13.6666666666667,5554.46466475779,4537.08103525503,1320.21730002886,2532.71695950718,741.730254317968,1263.14767296209,0,0,0,0,0,0,0,0,0,0,0,0,2.17907681443636,4.28495037851263,1.40798453286328,2.40782402136536,0,0,0,0,0,0,0,0,0,0,4050.65656500378,3265.52990701875,738.088620199969,1491.3035830264,497.178293422344,946.424051918593,0,0,155.632702912918,125.466881162714,28.4459320025573,57.4824355864852,19.1570551516124,36.46637491564,0,0,22617.9436977522,18121.1095942705,4627.4502844271,9074.56888551625,3497.88063417848,6260.9955319106,0,0,869.003695036541,696.242348939739,180.150369357422,354.155041263583,137.590654289414,246.811748862479,0,0,0,0,8.51204916992498,17.1472998437197,6.82476282925644,12.3086822571748,0,0,0,0,0,0,0,0,0,0,260.270971773565,228.1205815395,247.129771263886,538.485992883371,298.485373796546,631.684584243244,0,0,10.0000081135939,8.76475805945516,9.47268964159311,20.630594156177,11.4041066959203,24.1300304628916,0,0,294.676624117343,257.585039237783,328.649797534079,757.982056762129,467.816608396311,1004.36740031159,0,0,11.3219127749172,9.8968300612911,12.5933884832506,29.0288217840663,17.8693544214055,38.3511594246486,0,0,0,0,53.4857808893705,125.521572757909,68.6192197656162,133.489565846341,0,0,0,0,0,0,0,0,0,0,442.706504641188,213.381567311058,1007.31461300435,1004.30465430002
"166",2003,1530,13.75,5534.98825309667,4517.61220992481,1318.37990165565,2528.67756202449,740.702887154712,1261.70146625608,0,0,0,0,0,0,0,0,0,0,0,0,2.1765471569973,4.27914125644782,1.40669300517961,2.40622265008199,0,0,0,0,0,0,0,0,0,0,4071.1713603694,3277.87048628734,743.471800594387,1502.19307528261,502.320945454794,957.226279467531,0,0,156.420914157495,125.941025952888,28.6534447411935,57.9022858704396,19.3552288700061,36.882630208527,0,0,22584.1712563346,18070.1796785634,4628.58213850771,9076.15856479735,3509.07289494623,6287.51717430434,0,0,867.70626871437,694.285535555939,180.195663947302,354.223088189377,138.035267568306,247.867093792455,0,0,0,0,8.52282452583848,17.1688437976797,6.85292623846029,12.37269938492,0,0,0,0,0,0,0,0,0,0,261.350668734057,228.72433408292,248.764138684565,542.038966656713,301.369097815642,638.392543268541,0,0,10.0414920162767,8.78795519078099,9.53560601786958,20.7673355874467,11.5147520318099,24.3872799562961,0,0,293.616537381149,256.279044641015,329.163801489799,759.089050946875,469.894941232886,1009.78350131675,0,0,11.2811833031173,9.84665163854458,12.6134216931226,29.0720302202488,17.9494049754661,38.559471831605,0,0,0,0,53.5531868855665,125.740077901951,68.9467648760984,134.28447901682,0,0,0,0,0,0,0,0,0,0,446.463279160967,215.19793449357,1022.60701958585,1022.31780692544
"167",2003,1530,13.8333333333333,5515.51366525524,4498.2421982591,1316.46556556115,2524.49450992517,739.617178576016,1260.14605008346,0,0,0,0,0,0,0,0,0,0,0,0,2.17392477302835,4.27315065364121,1.40529248081168,2.40441589833986,0,0,0,0,0,0,0,0,0,0,4091.70228772123,3290.20546260824,748.853035272472,1513.07061109933,507.471420912212,968.057964683403,0,0,157.20974521878,126.414955468852,28.8608833347544,58.321676958348,19.5537042337385,37.3000209297775,0,0,22550.737552978,18019.7245000637,4629.63757596521,9077.57231591044,3520.14262687338,6313.84975963968,0,0,866.421855904776,692.346962381517,180.237915932806,354.28407333841,138.474956758689,248.914809352718,0,0,0,0,8.53352545234673,17.1901678579482,6.88089812868488,12.4364510254543,0,0,0,0,0,0,0,0,0,0,262.434333686998,229.333982026261,250.400479216728,545.598705726659,304.261516296294,645.142436258993,0,0,10.0831283735835,8.81137883288445,9.59860016965004,20.9043417860095,11.6257360847645,24.6461465970658,0,0,292.577055435495,254.994472823026,329.671878397481,760.174968418777,471.950192970316,1015.15375826641,0,0,11.2412454836771,9.79729631372087,12.633229999017,29.1144379391095,18.0285817043706,38.7660532384322,0,0,0,0,53.6182778656778,125.951922506463,69.2699921662037,135.07218394506,0,0,0,0,0,0,0,0,0,0,450.235634694221,217.019126295469,1038.03432961168,1040.50216774561
"168",2003,1530,13.9166666666667,5496.04187417089,4478.97052441761,1314.47621778028,2520.17133684751,738.473457204935,1258.48203885472,0,0,0,0,0,0,0,0,0,0,0,0,2.17120433870956,4.26696929329985,1.40378356205066,2.4024048993378,0,0,0,0,0,0,0,0,0,0,4112.25088175163,3302.53668554955,754.232625301479,1523.9368871122,512.629853410717,978.919538029687,0,0,157.999255062109,126.88874077397,29.0682592731145,58.7406354627208,19.7524863499469,37.7185635566974,0,0,22517.6379700014,17969.7385433859,4630.61823863466,9078.81337335503,3531.08981238745,6339.99224798531,0,0,865.150279192721,690.426417506259,180.277189463329,354.338123196791,138.90972043355,249.954851726086,0,0,0,0,8.54414353924271,17.2112579726014,6.90867865960445,12.4999357529824,0,0,0,0,0,0,0,0,0,0,263.521782983494,229.949153765892,252.038479323654,549.164069014598,307.161947074521,651.931619025606,0,0,10.1249101294542,8.83501470815807,9.66166002208728,21.0415689148553,11.7370327585786,24.906529376677,0,0,291.557621701748,253.730991078581,330.17387859287,761.24002430345,473.982381628198,1020.47906499871,0,0,11.2020779322836,9.74875130374284,12.6528074927119,29.1560527509855,18.1068849887674,38.9709371126598,0,0,0,0,53.6810836243076,126.157167131895,69.5888910008179,135.852611064597,0,0,0,0,0,0,0,0,0,0,454.023627051555,218.845188096779,1053.59688520585,1058.85863095284
"169",2004,1530,14,5476.4974819158,4459.5811982451,1312.54321968005,2515.88849834291,736.354148079034,1254.38327223659,0.94775916731613,2.29485980666306,0,0,0,0,0,0,0,0,0,0,2.16843053585655,4.26054631082756,1.40042055504495,2.39574585991664,0.00180335618897841,0.00438451474659796,0,0,0,0,0,0,0,0,4132.83791487469,3314.83652012962,759.63663993281,1534.80779078399,517.153950434113,987.982695677667,0.67204992228153,1.82502859108021,158.790241796847,127.361320088054,29.2765759073762,59.1597692478891,19.9268262951825,38.0678114308431,0.025895223640184,0.0703198576347778,22484.8507768237,17919.8957406174,4631.72205953945,9080.03906853515,3537.50020040636,6354.146566292,4.55854168997551,11.637660607921,863.890703620457,688.511372876295,180.32113636613,354.39121083591,139.165895120737,250.522049740348,0.179339010524375,0.458843252058568,0,0,8.55484692281907,17.2318936444753,6.92762373272181,12.5398718246108,0.00893897449416741,0.0229956729789151,0,0,0,0,0,0,0,0,264.631393991353,230.552734828764,253.701565050946,552.70756876518,309.730478443944,657.468021564674,0.393576641072356,1.18825450928189,10.1675433703901,8.85820525114835,9.7256837493069,21.1779641687508,11.8356531467222,25.1190640122307,0.0150395397267008,0.0453978593854755,290.558145865659,252.485278101351,330.675906591389,762.273804977284,475.397303745566,1023.85395923333,0.61323340022405,1.87671571332644,11.1636771792005,9.70088899869044,12.6723879736851,29.1964755625847,18.1616142695995,39.1013527349275,0.0234272600863601,0.0716721969615717,0,0,53.7426699940804,126.354160387853,69.8162253735225,136.372291876278,0.0901159080885616,0.250092857084208,0,0,0,0,0,0,0,0,457.806137639148,220.68859481748,1069.20489878713,1077.50898048832
"170",2004,1530,14.0833333333333,5456.77459859173,4439.9082071517,1310.71351491838,2511.70334351446,732.80951086225,1246.70139945076,3.31709781345808,8.02799422003547,0,0,0,0,0,0,0,0,0,0,2.16567294567467,4.25394922953019,1.39434073286094,2.38222999358222,0.00632191934168396,0.0153585573708573,0,0,0,0,0,0,0,0,4153.5578859157,3327.15424013475,765.104021306632,1545.74134797588,520.72016361518,994.29388439148,2.4362485010159,6.61891206860792,159.586336218983,127.83458658877,29.4873307862197,59.5813073125251,20.0642550224869,38.3110194182058,0.0938730382804102,0.2550326995232,22452.2675439064,17869.9463256026,4633.02733613674,9081.28683932999,3537.09695851589,6350.16438795441,16.0798342311445,41.0557921540485,862.638963171781,686.592232073936,180.372786405283,354.44472782769,139.153842069745,250.373830384941,0.632664389767098,1.61887326704167,0,0,8.56577964789163,17.2521016644494,6.93325213231034,12.5440613580676,0.0316630586247538,0.0814546086546197,0,0,0,0,0,0,0,0,265.770189073148,231.136555024971,255.399840629988,556.219575983721,311.77285035348,661.054247459027,1.35037333333893,4.08157430557204,10.2112979062747,8.88063655008043,9.79105884731927,21.3131588957708,11.9141731116428,25.2571012458143,0.0516023813500395,0.155942630993025,289.574594536457,251.249413305658,331.177624976285,763.253943881016,475.877724869785,1024.2340565213,2.16902165125142,6.63497897086565,11.1258882558586,9.65340507696368,12.6919584333211,29.2348493486339,18.1806480165818,39.1174061609224,0.0828648876174744,0.253398907805947,0,0,53.8034866133714,126.541717911742,69.9056186493358,136.49584390427,0.319630896475352,0.886511705069315,0,0,0,0,0,0,0,0,461.572199273115,222.555852610399,1084.78755227404,1096.47239423023
"171",2004,1530,14.1666666666667,5436.97049866953,4420.26632766148,1308.78188455451,2507.33382667378,729.265822495872,1239.04808286049,5.63992445378985,13.6430844040223,0,0,0,0,0,0,0,0,0,0,2.16285906670476,4.24725377146001,1.3882545532842,2.36875027827794,0.010765243056448,0.0261336430763387,0,0,0,0,0,0,0,0,4174.38950305346,3339.54048822777,770.597442589396,1556.71796608078,524.314526178145,1000.65233017292,4.28525460305354,11.6472945008623,160.386720262696,128.310486048211,29.6990873447736,60.0045013275746,20.2027666611433,38.5560453294359,0.165119584607839,0.448783436714132,22419.8887074919,17820.3610580198,4634.22662022472,9082.31101931811,3536.69055564231,6346.21725942797,27.5582330547628,70.3722855580876,861.395074675338,684.687082443045,180.420257191368,354.489350420944,139.141468336822,250.22658669668,1.08438816313343,2.77509736272026,0,0,8.57668184484308,17.2722329087094,6.9388915229462,12.5483370868766,0.0544839575074651,0.140169469992994,0,0,0,0,0,0,0,0,266.908933768224,231.726694701304,257.09675875868,559.743154880758,313.806640788948,664.666495802538,2.25445752388478,6.82089494840554,10.2550505045916,8.90331065362844,9.85638405353572,21.4488024740777,11.9923704619212,25.3961414868801,0.0861529384090239,0.260610068081964,288.605549043,250.026653312363,331.669288383629,764.194489061084,476.337267433651,1024.54131656169,3.72260628085014,11.3827697784801,11.0886566550412,9.60642466314756,12.7111452202143,29.2717114529208,18.1988880415036,39.1306835763537,0.14222130782666,0.434736336756632,0,0,53.8619578897867,126.722491345413,69.9910908979902,136.6122423543,0.550740875798315,1.52659116477018,0,0,0,0,0,0,0,0,465.354431786987,224.427858474708,1100.47287293745,1115.54389871
"172",2004,1530,14.25,5417.09481271846,4400.66224141576,1306.75244448858,2502.78748320977,725.723321517231,1231.42377072844,7.91652958955982,19.1409965120868,0,0,0,0,0,0,0,0,0,0,2.15997095291522,4.24042647609571,1.38216271518664,2.35530792042396,0.0151322360548692,0.0367084057346474,0,0,0,0,0,0,0,0,4195.30312661405,3351.97172146376,776.107855314697,1567.71907137872,527.928613259383,1007.04084912926,6.21560171126096,16.9005802320008,161.190255124318,128.788113908784,29.9114980401342,60.4286378703071,20.3420376223625,38.8022290968488,0.239501996851421,0.651204312790099,22387.730805688,17771.1514932166,4635.32616372729,9083.12373245586,3536.28291953518,6342.30823099082,38.9965007735388,99.594996115175,860.159673544731,682.796367958546,180.463791462046,354.525550389814,139.12885233472,250.080443849449,1.53461430579849,3.92781190887611,0,0,8.58753645888813,17.2922498275745,6.94454553385972,12.5527041270118,0.077397880734562,0.199136699674603,0,0,0,0,0,0,0,0,268.048034870088,232.322982994263,258.793056349194,563.278086506731,315.83419859117,668.304388453823,3.1122131223316,9.42385758295193,10.2988167950008,8.92622099694171,9.92168763694663,21.5848865819851,12.0703351613645,25.5361708162248,0.118935353318078,0.360074716449214,287.652021763971,248.818415616602,332.15243266439,765.101077566563,476.777998792258,1024.78549210209,5.2689739015079,16.1053333439998,11.0520212740805,9.56000221966872,12.730007032737,29.3072774008096,18.2164130688744,39.1415568467134,0.201304984198228,0.61512082444532,0,0,53.9181601144827,126.896659734336,70.07274121354,136.721667373507,0.783409668582733,2.17024121770835,0,0,0,0,0,0,0,0,469.152837510074,226.30466288452,1116.26057450417,1134.72414427678
"173",2004,1530,14.3333333333333,5397.15625425762,4381.10186261242,1304.62906716186,2498.07139654358,722.182170245822,1223.82875633948,10.1472173158629,24.522629141752,0,0,0,0,0,0,0,0,0,0,2.15699475621774,4.23344137285334,1.37606569975468,2.3419038087657,0.0194220614783315,0.0470819408356849,0,0,0,0,0,0,0,0,4216.27362837258,3364.42815129948,781.62774518428,1578.72929915119,531.55555815273,1013.44561588857,8.22374885595527,22.3689243394468,161.995975337263,129.266709863011,30.124274174146,60.8531266096996,20.4818040911419,39.0490395089976,0.316884490248233,0.861917830693828,22355.8072262592,17722.3266271899,4636.33143377461,9083.73554925694,3535.87540552312,6338.43923282516,50.3972533692989,128.731363870452,858.93327415388,680.920434260962,180.50360164185,354.553739453469,139.116050218121,249.935483463609,1.98344124517498,5.07729755715494,0,0,8.5983286994344,17.3121196436994,6.95021537359948,12.5571629032924,0.100401418641331,0.258352738354324,0,0,0,0,0,0,0,0,269.187763129848,232.925176106395,260.489137662872,566.823646563694,317.857160733335,671.966676387733,3.92935390372002,11.9063440287051,10.3426071801954,8.9493582129306,9.98698508980696,21.7213834697605,12.1481298457598,25.6771417717748,0.150168136860588,0.454943840615583,286.71480253771,247.625861814994,332.628374367296,765.978597982177,477.201797728389,1024.97524131551,6.8038847503304,20.7901314015831,11.016012459985,9.51418237692222,12.7485941782899,29.3417340794667,18.2332946506217,39.1503561118079,0.259953951496021,0.794073420159053,0,0,53.9721611917296,127.064383725504,70.1506626711785,136.824287343403,1.01760128781379,2.81737334178499,0,0,0,0,0,0,0,0,472.967423568284,228.18631463035,1132.1504531118,1154.01375953137
"174",2004,1530,14.4166666666667,5377.16276544777,4361.59046001512,1302.41541507751,2493.19226230623,718.642474024396,1216.26321278457,12.3323035761806,29.7889089153731,0,0,0,0,0,0,0,0,0,0,2.15391997615436,4.22627863410861,1.36996382502074,2.32853857955717,0.0236340999648965,0.0572537404233847,0,0,0,0,0,0,0,0,4237.27964783325,3376.89311944878,787.150871199813,1589.73594915106,535.189774178999,1019.85556003032,10.3061253523579,28.0423626233361,162.803060197122,129.745633872902,30.337175894634,61.2774794340346,20.6218513646652,39.2960510721324,0.397130082593906,1.08054175409001,22324.1287265076,17673.8933275343,4637.24724118218,9084.1557462829,3535.46890820264,6334.61130030037,61.7629543304166,157.788396284732,857.71628981142,679.059545214173,180.539874802201,354.574279303335,139.103100212502,249.791752335981,2.43096162771657,6.22381855271665,0,0,8.60904583687211,17.3318139612846,6.95590051512797,12.5617105459639,0.123491420083948,0.317813840349296,0,0,0,0,0,0,0,0,270.328279080416,233.532975604063,262.185152880073,570.378746112987,319.87661501633,675.651506432614,4.71098639013278,14.2826315833317,10.3864278281083,8.97271083529596,10.0522821434326,21.8582513619227,12.2257960679327,25.818983599139,0.180046571955721,0.545763339865355,285.794493277523,246.449933831448,333.098229881415,766.831264481151,477.610355244651,1025.11821324668,8.32378324694936,25.4265956123867,10.9806533394092,9.46900132512563,12.766949303472,29.375242566045,18.2495971839393,39.1573730217264,0.318032395650973,0.97119045437777,0,0,54.0240219216746,127.225808381428,70.2249429651984,136.920260161583,1.2532799215368,3.46790029158286,0,0,0,0,0,0,0,0,476.798200130848,230.072860302377,1148.14235927775,1173.41333183862
"175",2004,1530,14.5,5357.12163843171,4342.13275854326,1300.11496888841,2488.15644199398,715.104296959644,1208.72722150614,14.4721147758368,34.9407869501229,0,0,0,0,0,0,0,0,0,0,2.15073884064925,4.21892346031773,1.36385728987489,2.31521267088504,0.0277679181702745,0.0672236372985642,0,0,0,0,0,0,0,0,4258.30297162666,3389.35257760079,792.672047405908,1600.72852930239,538.8267232028,1026.2618628356,12.4591675940617,33.910919186784,163.610809917118,130.224346179884,30.5500038292073,61.7012929590473,20.7620049779061,39.542924715235,0.480102010900729,1.30669324874926,22292.7038677265,17625.8566929317,4638.07784771189,9084.39252268223,3535.06395375546,6330.82475986385,73.0959115471454,186.772658677495,856.509049452917,677.213896717582,180.572776802574,354.587489971223,139.090026193068,249.649269645306,2.87726219252987,7.36762234704991,0,0,8.61967700464296,17.351308377015,6.96159922694896,12.5663419670879,0.146664900002067,0.377515949060609,0,0,0,0,0,0,0,0,271.469654458146,234.14604333577,263.881061404078,573.942043850907,321.893230688177,679.356630651258,5.46166743279398,16.5655359630155,10.4302814949668,8.99626587171507,10.1175771983434,21.9954387686821,12.3033593119776,25.9616103001017,0.208744915080232,0.633023211624469,284.891537166638,245.291384774907,333.562934136638,767.66268568586,478.005179662431,1025.22113245578,9.82571768651715,30.0059051114003,10.9459609403644,9.42448799992298,12.7851081080086,29.4079407587369,18.2653780967008,39.1628639487485,0.375427582878807,1.14613503413815,0,0,54.0737970975103,127.381065590393,70.2956649851233,137.009734403415,1.4904099154572,4.12173589900457,0,0,0,0,0,0,0,0,480.645178985164,231.964343903679,1164.2361761607,1192.92339369185
"176",2004,1530,14.5833333333333,5337.03961479487,4322.73302258557,1297.73105054301,2482.97000706557,711.567674532648,1201.22079528992,16.5669866761837,39.9792360245866,0,0,0,0,0,0,0,0,0,0,2.14744580632472,4.21136517656157,1.35774620826952,2.30192636690923,0.0318232422566895,0.0769917576904351,0,0,0,0,0,0,0,0,4279.32802419793,3401.79466065523,798.186963479246,1611.69837989067,542.462726463166,1032.65754507778,14.6793488536455,39.9646942647604,164.418626059524,130.702390907833,30.7625922073869,62.1242341201167,20.9021234503883,39.7893919830807,0.565664879661998,1.53999226593382,22261.5393723459,17578.2203482506,4638.82705400018,9084.4531776015,3534.66077466778,6327.07937919475,84.398276560046,215.690271336266,855.311811362788,675.383628044295,180.602455685532,354.593656685968,139.07684058235,249.508032774539,3.32242373609436,8.5089394688542,0,0,8.63021300364455,17.3705820875999,6.96730896142373,12.5710506398305,0.169918974374964,0.437454627702524,0,0,0,0,0,0,0,0,272.611889634601,234.764013294332,265.576681267628,577.512032516533,323.90735985183,683.07956355758,6.18545701976873,18.7665435296045,10.4741681950482,9.02000925960521,10.1828632212649,22.1328878049133,12.3808328866021,26.10492667847,0.236418415391278,0.717162606053047,284.006242955975,244.150804962257,334.023258860723,768.475928627235,478.387605696418,1025.28988290805,11.3072681754638,34.5207858432321,10.9119471257741,9.38066508222646,12.8031000422905,29.4399458216167,18.2806881874709,39.1670531763344,0.432047103921142,1.31862937116008,0,0,54.1215364354701,127.530276111932,70.3629073374535,137.092850379227,1.72895575152939,4.77879488612466,0,0,0,0,0,0,0,0,484.508372409673,233.860806581535,1180.43180357083,1212.54441441999
"177",2004,1530,14.6666666666667,5316.9229679051,4303.39512498355,1295.26684258362,2477.63877559984,708.032623771639,1193.74389691733,18.6172635209283,44.9052483219628,0,0,0,0,0,0,0,0,0,0,2.14403714906187,4.20359648991704,1.35163063647062,2.28867983438797,0.0357999354343621,0.0865584809586762,0,0,0,0,0,0,0,0,4300.3414449922,3414.20933281902,803.692035645461,1622.63836076947,546.094808450049,1039.03712637689,16.9632031366126,46.1939351646739,165.225995290457,131.179382465528,30.9748031448037,62.5460281791837,21.0420922992528,40.0352419716934,0.653685580770734,1.78006427736619,22230.6404209559,17530.9866894516,4639.49827248101,9084.34425716612,3534.25937087367,6323.37448969681,95.6720456728781,244.546911943416,854.124774586297,673.568831250794,180.629044492624,354.593035554551,139.063546722111,249.368022062359,3.76652114929525,9.64798360110648,0,0,8.64064611972107,17.3896175184219,6.97302664751844,12.5758291799851,0.193250813683858,0.497625024626437,0,0,0,0,0,0,0,0,273.754927955637,235.386501137304,267.271728189683,581.087106071775,325.919117401885,686.81770142552,6.88596638008086,20.8959327166312,10.5180857516112,9.0439262319138,10.2481292449932,22.2705367712306,12.4582209944108,26.2488329300032,0.263205154188623,0.798574468297069,283.138805423049,243.028644094235,334.4798298996,769.273577579722,478.758805432982,1025.32958817056,12.766482266494,38.9653304201883,10.8786193795336,9.33754985025069,12.8209489695208,29.4713564344387,18.2955720402253,39.1701359514024,0.487816412683947,1.48844789448571,0,0,54.1672853641212,127.673551315955,70.426744810376,137.169741077656,1.96888202797289,5.43899270114676,0,0,0,0,0,0,0,0,488.387792275347,235.762286445728,1196.72914601534,1232.27679544563
"178",2004,1530,14.75,5296.77757254002,4284.12260540193,1292.72540456182,2472.16834338685,704.499151628071,1186.29645462706,20.6232973165621,49.7198335571947,0,0,0,0,0,0,0,0,0,0,2.14051062162354,4.19561286651149,1.34551059516116,2.27547315337795,0.0396979785843528,0.0959244046678127,0,0,0,0,0,0,0,0,4321.33173008475,3426.58808785049,809.18428037551,1633.54258597733,549.720565485384,1045.39633817461,19.3073445890603,52.5890945305344,166.032475610732,131.654994029562,31.1865218002799,62.9664485484723,21.1818189990586,40.2803103187519,0.744034042663678,2.02654252337285,22200.0109044744,17484.1570911551,4640.0945890701,9084.07167866106,3533.85956078683,6319.70908840431,106.919062361767,273.347821728616,852.948088618114,671.769559152023,180.652663646499,354.585858362376,139.05014085363,249.229204757607,4.20962350477672,10.784951802704,0,0,8.65096995261835,17.408399971709,6.97874891455601,12.5806697850603,0.216657609606997,0.558021862694744,0,0,0,0,0,0,0,0,274.898667774686,236.01311197482,268.965847024451,584.665612788168,327.928445233419,690.568414067258,7.56640227295908,22.962886594984,10.5620302592334,9.06800161633935,10.3133615763169,22.4083221941626,12.5355211975238,26.3932281748495,0.289227738639955,0.877609842420806,282.289322959466,241.925230541818,334.933143631942,770.057788540689,479.11980042126,1025.34468789559,14.2018167202533,43.3348343821979,10.8459814822474,9.29515492052653,12.8386737935176,29.5022548764984,18.310068482987,39.1722813978577,0.542676599158956,1.65541099017109,0,0,54.2110857064215,127.810994687853,70.4872487928969,137.240533017708,2.21015344040698,6.10224537199077,0,0,0,0,0,0,0,0,492.283449316879,237.668818450065,1213.12810365308,1252.12086802835
"179",2004,1530,14.8333333333333,5276.60896271611,4264.91871885528,1290.10968677017,2466.56410984258,700.96726169462,1178.8783746321,22.5854472496389,54.4240174459884,0,0,0,0,0,0,0,0,0,0,2.13686517298678,4.18741201898562,1.33938608686897,2.2623063424912,0.0435174538058372,0.105090314789689,0,0,0,0,0,0,0,0,4342.28893364287,3438.92369955397,814.661209324255,1644.40620264088,553.338057269943,1051.7318866927,21.7084826836624,59.1408765228643,166.83768488555,132.12894795794,31.3976523469351,63.3853083113872,21.321228821761,40.5244701097548,0.836583817269452,2.27906979681344,22169.6536346243,17437.7320795305,4640.61881440137,9083.64083350254,3533.46102298392,6316.08192085416,118.141020834413,302.097814949991,851.781861489087,669.985831964066,180.673422929725,354.572336554152,139.036613735887,249.091538236662,4.65179418899617,11.9200248594328,0,0,8.66117925821615,17.4269172986074,6.98447225566218,12.5855645493484,0.240136553153599,0.618639448429006,0,0,0,0,0,0,0,0,276.042972346399,236.643446562615,270.658636306884,588.245895585232,329.935162269864,694.32911206022,8.22960735482988,24.9755962309988,10.6059964639412,9.0922200732777,10.3785447389889,22.5461803769734,12.6127263388495,26.53801304674,0.314594845644761,0.954581823693362,281.457812477694,240.840787915385,335.383582313403,770.830339109413,479.471474397704,1025.33900970392,15.6120854292812,47.6256490306085,10.8140340839681,9.2534888845148,12.8562890458379,29.532708935107,18.3242110719009,39.17363525714,0.59658239800749,1.81937937466111,0,0,54.2529762594558,127.942703110036,70.5444876477251,137.305347007474,2.45273476490364,6.76846937901721,0,0,0,0,0,0,0,0,496.195352560146,239.580434330529,1229.62856580702,1272.07689309838
"180",2004,1530,14.9166666666667,5256.42237903521,4245.78647550368,1287.42254157536,2460.83129930155,697.436959458079,1171.4895510389,24.5040792149671,59.0188404519769,0,0,0,0,0,0,0,0,0,0,2.13310072249269,4.17899349216784,1.33325710928045,2.2491793792872,0.0472585305996722,0.114057160541983,0,0,0,0,0,0,0,0,4363.20442270408,3451.21001697262,820.120743293485,1655.22520958101,556.94571893393,1058.0412605661,24.1634336497955,65.8402722166427,167.641291422689,132.601007921066,31.6081146723575,63.802453265019,21.4602614625454,40.767624496569,0.931212522628001,2.53729981273886,22139.5705172183,17391.7114743145,4641.07352572543,9083.05667125246,3533.06332956459,6312.49154702689,129.339470546462,330.801291165286,850.626166424061,668.217642760729,180.691423103165,354.55266448232,139.022951941288,248.954972565079,5.09309107152144,13.0533677434333,0,0,8.67126980385172,17.4451595952858,6.99019313901785,12.5905056719031,0.263684822623369,0.679471697628907,0,0,0,0,0,0,0,0,277.187677813452,237.277106082594,272.349666719356,591.826321177537,331.939002023393,698.097292555641,8.87809685209353,26.941355311489,10.6499780700757,9.11656627949871,10.4436621833887,22.6840485208712,12.6898259847707,26.6830914592241,0.339402624536809,1.02976917731159,280.644221919997,239.775449195527,335.831428336889,771.59267392818,479.814586390279,1025.31583639081,16.9964130749904,51.8350497268383,10.7827751848081,9.2125568515348,12.8738054316541,29.5627736447903,18.3380285908694,39.1743224524503,0.649500416398688,1.98024905947316,0,0,54.2929932813748,128.068767940455,70.5985270409009,137.36429881539,2.69659084276611,7.43758154503433,0,0,0,0,0,0,0,0,500.123508888379,241.497162592764,1246.2304066961,1292.14506285323
"181",2005,1530,15,5235.53086027679,4225.92452589452,1284.62813111232,2455.02460299294,692.084094166661,1159.68011946662,28.265623881174,68.041914161662,0,0,0,0,0,0,0,0,0,0,2.12929955199943,4.17050655326949,1.3236369936247,2.22754704685872,0.0545327232067962,0.131547496851947,0,0,0,0,0,0,0,0,4384.22786990728,3463.53907933675,825.533007909125,1666.04353860989,559.08676941994,1060.28607527306,28.2255259923129,76.9161493168677,168.449045884287,133.074710213353,31.8167647210188,64.2195784115885,21.542782243792,40.8541659072899,1.08777332725075,2.96417662262768,22109.6063498,17345.6781812217,4641.22743763635,9082.37569525953,3523.36286842768,6284.77681079999,150.145673406569,384.115777934396,849.475039997892,666.448966118375,180.697875448995,354.529206414567,138.643043033183,247.866569363808,5.91252175237244,15.1574943364288,0,0,8.6815552566823,17.4637208266317,6.97749890578157,12.5472753896497,0.306424604564169,0.789865796553694,0,0,0,0,0,0,0,0,278.369647661401,237.934722791679,274.082938789535,595.494189809668,333.169501657889,699.37466399587,10.3999042753603,31.5381228093082,10.6953914287475,9.14183295937267,10.5104006678429,22.8252722884889,12.7373648255681,26.7329689263779,0.397600887010659,1.20553306357951,279.852555707239,238.73157098468,336.281765467404,772.359925359125,478.879119412538,1021.33501155397,19.6652984031636,59.9727952838741,10.7523586409253,9.17244936601945,12.891417250784,29.5930280892901,18.3029806848013,39.0237957663042,0.751518082938302,2.29122632179676,0,0,54.333406417444,128.193660179925,70.4629431895114,136.89035586721,3.13495862190941,8.64799536467955,0,0,0,0,0,0,0,0,504.018692506661,243.383589211796,1262.71249806354,1311.93114546305
"182",2005,1530,15.0833333333333,5214.41836307747,4205.92766147834,1281.73395320138,2449.05451924226,686.466992933673,1147.26282166271,32.2641799784285,77.6128194672205,0,0,0,0,0,0,0,0,0,0,2.12536548241418,4.16181209162986,1.31350455228418,2.20472575309281,0.0622779073483433,0.150126650501577,0,0,0,0,0,0,0,0,4405.37433509053,3475.94133112315,830.967394843379,1676.91322655794,561.004815068272,1061.88121036697,32.6869167820413,89.0704350138155,169.261526893405,133.551224560287,32.0262648164118,64.6386771054945,21.6167077485579,40.9156698707076,1.25972619381457,3.43262310411476,22079.7359034637,17299.8517273827,4641.24334577161,9081.4900717065,3512.16503289666,6253.22511950255,172.536462546579,441.435817638148,848.327513191874,664.688236613626,180.698939637544,354.49763466748,138.203982310195,246.62633523683,6.79442353817321,17.4198486245622,0,0,8.69163743973186,17.4820234038061,6.96183005507751,12.4963111893798,0.352589611945596,0.908993829308606,0,0,0,0,0,0,0,0,279.555549229502,238.596934509998,275.816141797084,599.168876015584,334.249061426404,700.197106913798,12.0078253626261,36.3909894246983,10.740955848504,9.16727618692491,10.5771379639109,22.9667616428949,12.7791361035967,26.7654588549545,0.459096345170399,1.39110158141298,279.070709276595,237.69942070637,336.721589040103,773.099454828384,477.715169961585,1016.66666496293,22.5300617993345,68.6908131678653,10.722319376956,9.13279248678315,12.9086262763996,29.6222218566921,18.25919910584,38.8469907421343,0.861028912896326,2.62439722961932,0,0,54.3721073562506,128.313180955468,70.2928429332245,136.322950028616,3.60879546618307,9.95426544701736,0,0,0,0,0,0,0,0,507.921707747891,245.268946906063,1279.22508224144,1331.70208309677
"183",2005,1530,15.1666666666667,5193.21576837192,4185.94438295257,1278.74996781351,2442.917755315,680.91423868924,1135.03894246174,36.1612931768411,86.9170319436948,0,0,0,0,0,0,0,0,0,0,2.12128137927526,4.15287422000034,1.30348566556295,2.18225123047729,0.0698449341244984,0.168226629617168,0,0,0,0,0,0,0,0,4426.5823747632,3488.37292958016,836.418660169148,1687.80524805685,562.949438548857,1063.52709810952,37.2701739042814,101.545945312219,170.076373692874,134.028866453235,32.2364129983409,65.0586332261419,21.6916564849196,40.9791279035513,1.4363820702562,3.91346676771034,22050.0021305039,17254.316633192,4641.16857619534,9080.40134933518,3501.13733532389,6222.16448468405,194.796938640428,498.368211245365,847.185236349802,662.938701654092,180.696419291805,354.457981204242,137.771390149473,245.404972906546,7.67130908542324,19.6671474690512,0,0,8.70147442632542,17.4999674297763,6.94648026318643,12.4462395662769,0.398773705095125,1.02806272593406,0,0,0,0,0,0,0,0,280.739092674599,239.260004387614,277.542385260926,602.83579845219,335.31729852031,701.012266451765,13.548288862071,41.0350899358623,10.7864296640472,9.19275238639214,10.6436099606899,23.1079578456878,12.8204775203484,26.7976719778915,0.518018222574998,1.56870678840031,278.29921999276,236.679826102535,337.151641753251,773.813430863881,476.552282601924,1012.02241520776,25.3514726572024,77.2568368317779,10.6926780394787,9.09361801699005,12.9254609223796,29.6504377660872,18.2154566407048,38.6710959488545,0.968889702230961,2.95178361307129,0,0,54.4087397356844,128.426690754345,70.1216641152568,135.756532403745,4.08368237958826,11.260346866977,0,0,0,0,0,0,0,0,511.841298089077,247.159547898744,1295.80431685679,1351.52303049179
"184",2005,1530,15.25,5171.93732453315,4165.98508154033,1275.68122912518,2436.62376175913,675.425247090805,1123.00591290633,39.9583378755441,95.9589055837502,0,0,0,0,0,0,0,0,0,0,2.11704844145415,4.1436883955904,1.29357756344304,2.16011676999275,0.0772344322704125,0.18585188637525,0,0,0,0,0,0,0,0,4447.8114610901,3500.80229674004,841.874533251946,1698.6951462905,564.909662874807,1065.2029413396,41.9681267191976,114.322047347851,170.892029138455,134.50642261618,32.4467379249647,65.4785071974429,21.7672066742426,41.0437408956906,1.61746555239106,4.4059151100824,22020.4290817114,17209.0903407525,4641.01057276573,9079.12415613371,3490.2800930647,6191.59240093881,216.932445161385,554.929118709776,846.049133532365,661.201031393296,180.690604039797,354.410816419189,137.345285317958,244.202398388828,8.54338078994364,21.900005918478,0,0,8.71108724687783,17.5175620020163,6.93144385223982,12.3970472386736,0.444973179705477,1.14707042811726,0,0,0,0,0,0,0,0,281.92062506155,239.923957271516,279.262653057586,606.495850758762,336.37689759445,701.823811233387,15.0295519969749,45.4939053298006,10.8318262101528,9.21826251243479,10.709854397766,23.2488951558337,12.8614917427226,26.8297487103987,0.574682330333363,1.73924655740688,277.539785361879,235.674396729319,337.574041328673,774.507617610435,475.393489384235,1007.41004817693,28.1249898440022,85.6579496862408,10.6634998494702,9.05498779835822,12.942002246191,29.6778963632529,18.1718690222625,38.4964086280434,1.07492687073052,3.27289165633296,0,0,54.4433663737778,128.534372568638,69.9495499833736,135.191360548833,4.55956029537267,12.5661221001952,0,0,0,0,0,0,0,0,515.77743326208,249.055399188707,1312.44974141854,1371.39381459311
"185",2005,1530,15.3333333333333,5150.59593670798,4146.05903787335,1272.53244549917,2430.18133985586,669.99931831649,1111.16096631542,43.656699612953,104.742797205806,0,0,0,0,0,0,0,0,0,0,2.11266898390326,4.13425327381269,1.28377777078608,2.13831601311799,0.0844472960328326,0.203007324329753,0,0,0,0,0,0,0,0,4469.02743484148,3513.20304256688,847.324918149073,1709.56288295336,566.876767636323,1066.89246301715,46.7736471365615,127.378242597569,171.707180777917,134.982879101738,32.6568516812716,65.8975289655122,21.8430231398482,41.1088832195605,1.80270278430721,4.90918054402742,21991.0363781073,17164.1867470248,4640.77569894811,9077.67100035505,3479.59283206269,6161.50490866252,238.948027998832,611.13380289239,844.919958603401,659.475759774682,180.681741732819,354.356628648421,136.925655662503,243.018470751277,9.41082978400841,24.1190050278792,0,0,8.72049224090513,17.5348124138476,6.9167136558726,12.3487174596986,0.491184330338522,1.26601372036293,0,0,0,0,0,0,0,0,283.10032555679,240.58870508133,280.977488080221,610.149163504502,337.429674780005,702.633957752402,16.4589793388306,49.7885107549639,10.8771523706703,9.24380318086342,10.7758920723609,23.3895785069228,12.9022481043577,26.8617736978653,0.629370321734455,1.90352671282234,276.793767917292,234.684421181095,337.990570267963,775.18686716386,474.241406611361,1002.83616914828,30.847043894568,93.8840496444575,10.6348371577514,9.01695134074023,12.9583184692921,29.7047832800191,18.1285361162569,38.3231809732466,1.17900398495618,3.58733512517001,0,0,54.4760455912035,128.636392859891,69.776631091157,134.62766666905,5.03637173308428,13.8714789432687,0,0,0,0,0,0,0,0,519.730086520132,250.956507466289,1329.16098609311,1391.31432425428
"186",2005,1530,15.4166666666667,5129.20334755799,4126.17457188071,1269.30802147834,2423.59872200641,664.635663148292,1099.50118596372,47.257771525017,113.273057670035,0,0,0,0,0,0,0,0,0,0,2.10814618797691,4.12457008132305,1.27408404701418,2.11684287694874,0.0914846509651884,0.219698235570539,0,0,0,0,0,0,0,0,4490.20156832317,3525.55319186987,852.761555542248,1720.39214796175,568.843904242051,1068.58311574172,51.6797126877574,140.694347537102,172.520724847306,135.457391587938,32.8664368199371,66.3150715355054,21.9188425530929,41.1740724162118,1.99182388668535,5.42248735393364,21961.8398688518,17119.6167402388,4640.46940277692,9076.0525986808,3469.07443854974,6131.89689042877,260.848429158606,666.996614489499,843.798320507496,657.763305141413,180.670044815499,354.295836856293,136.512463995598,241.853003619826,10.273835679068,26.3246912349138,0,0,8.7297020317695,17.5517212490361,6.9022815443129,12.3012312235831,0.537403390624964,1.38488821406499,0,0,0,0,0,0,0,0,284.278237093807,241.254070694546,282.687090572177,613.795286421244,338.476775643227,703.443825099602,17.8431182563514,53.9377660350765,10.9224097951622,9.26936758634741,10.8417306151671,23.5299905050577,12.9427902051788,26.8937894385996,0.682332577773668,2.06226831521845,276.062240476668,233.710910225601,338.402705583639,775.85520986818,473.098261103298,998.306307967699,33.5149211599652,101.92752261201,10.6067311838324,8.97954747944429,12.9744661126665,29.7312526843654,18.0855429132556,38.1516241226013,1.28101732705932,3.89482288094801,0,0,54.5068316279052,128.732903588757,69.6030266620124,134.065660281881,5.51406060613249,15.1763097824105,0,0,0,0,0,0,0,0,523.699232687188,252.862878376679,1345.9377411825,1411.28448151524
"187",2005,1530,15.5,5107.77030983387,4106.33918577082,1266.01209832497,2416.88364914287,659.333426872142,1088.02354856907,50.7629513388664,121.554024621383,0,0,0,0,0,0,0,0,0,0,2.10348387316431,4.11464203565947,1.26449433189153,2.09569148836634,0.098347820137021,0.23593023856424,0,0,0,0,0,0,0,0,4511.30967201554,3537.83444904019,858.177700822439,1731.16970216007,570.805734764909,1070.26534271777,56.6794598349871,154.250646632015,173.331731946598,135.929257128231,33.0752340201946,66.7306257710021,21.9944595831197,41.2389408513029,2.18456501107298,5.94507759125117,21932.8522588828,17075.3887100632,4640.09637374947,9074.27818795941,3458.72330007335,6102.76234477289,282.638086450352,722.530994063497,842.684707384634,656.06398983789,180.655696385136,354.228802688689,136.105653569788,240.705775814535,11.1325665386817,28.5175763937832,0,0,8.73872641739786,17.5682893507938,6.88813888197959,12.2545683173953,0.583626488495827,1.50368836981909,0,0,0,0,0,0,0,0,285.45429601236,241.919810097298,284.391408023643,617.43335424693,339.518854476955,704.253753991268,19.1877781824441,57.9585181006785,10.9675960376901,9.29494635348329,10.9073679425381,23.6700977980938,12.9831427944409,26.9258085362974,0.733791239116339,2.21611540296374,275.346030005618,232.754638595362,338.811650797586,776.515948503246,471.965921014544,993.825030692149,36.1266479894178,109.782914801707,10.5792137012166,8.94280598092762,12.9904912198002,29.7574308808606,18.0429606966672,37.9819124027797,1.38089146496422,4.19514634987273,0,0,54.535775077618,128.824044221183,69.4288459398944,133.505530859116,5.9925720456409,16.4805109170813,0,0,0,0,0,0,0,0,527.684846423949,254.774515890191,1362.77973044921,1431.30421703483
"188",2005,1530,15.5833333333333,5086.30673543559,4086.55968763306,1262.64858911092,2410.04343762015,654.091709540247,1076.72496123555,54.1736388203826,129.59001635502,0,0,0,0,0,0,0,0,0,0,2.09868631099511,4.1044738631553,1.25500670297099,2.07485613474706,0.105038293464445,0.251709221232468,0,0,0,0,0,0,0,0,4532.3313225097,3550.03156307589,863.567846238023,1741.88480987844,572.758123682747,1071.93194894134,61.7662271998077,168.028016827877,174.139417375761,136.397889754732,33.2830314349011,67.1437786361576,22.0697150733934,41.3032115946828,2.38067000739331,6.47621587649975,21904.0836519903,17031.5089885186,4639.66067777313,9072.35579312317,3448.53742477978,6074.09461665131,304.321136865211,777.749484375268,841.579507435737,654.378057150366,180.638855404065,354.155840833221,135.70515271003,239.576540307173,11.9871789943543,30.6981382081607,0,0,8.74757308977028,17.5845165632666,6.87427686790625,12.2087081018557,0.629849624352126,1.62240756818961,0,0,0,0,0,0,0,0,286.628357324218,242.585631114152,286.090209065155,621.062222524619,340.556218829152,705.06356171224,20.4981064847376,61.8657962210866,11.0127055275643,9.32052825642311,10.9727950945933,23.8098562920171,13.0233173197457,26.9578234928339,0.783943108534823,2.36564245963786,274.645756236701,231.816181852713,339.218367581517,777.171748196133,470.845929855953,989.3960510958,38.6808834828492,117.446628136953,10.5523085211993,8.90674895920969,13.0064305666608,29.7834197489967,18.0008483361755,37.8141875738829,1.47857515028165,4.48816787486072,0,0,54.5629233087376,128.909943546721,69.254189409199,132.947450230962,6.47185224026373,17.783981947307,0,0,0,0,0,0,0,0,531.686900816062,256.691421811193,1379.68669088291,1451.37345211904
"189",2005,1530,15.6666666666667,5064.82179842003,4066.84227698244,1259.22120308575,2403.08502552227,648.909579442883,1065.6022860994,57.4912340597231,137.385327760534,0,0,0,0,0,0,0,0,0,0,2.09375810997413,4.09407148956623,1.24561935105309,2.05433123832684,0.111557704980779,0.267041298358821,0,0,0,0,0,0,0,0,4553.24932939451,3562.13188961,868.927529825534,1752.52884864755,574.697929853768,1073.57767909617,66.9335815994828,182.00800303957,174.943120651709,136.862803650643,33.4896573635972,67.5541982281053,22.1444880607164,41.3666822246348,2.57989143046938,7.01519231735445,21875.541926481,16987.9821543927,4639.16584946761,9070.29241013664,3438.5145205191,6045.88654893408,325.90142346632,832.663752164725,840.483023356148,652.70568300305,180.619660265623,354.077226095385,135.310877888364,238.465030115806,12.8378184994922,32.8668210363408,0,0,8.75624807204163,17.6004021298921,6.86068670616485,12.1636299003883,0.676068675253352,1.74103821745546,0,0,0,0,0,0,0,0,287.80021169119,243.251205803932,287.783129820465,624.680552062017,341.588916918468,705.872693545804,21.7786496682105,65.6729712149987,11.0577302216678,9.34610069514197,11.0379980161017,23.9492143964624,13.0633152838858,26.9898125268251,0.832961992636715,2.51136050487267,273.961859177758,230.895942737947,339.62360224431,777.824708431621,469.739538631136,985.022325233832,41.1768371337516,124.916684951109,10.5260325497785,8.87139188821048,13.0223126753202,29.8092994984305,17.9592535131251,37.6485624355916,1.57403816821254,4.77381171720704,0,0,54.5883208079099,128.990721031678,69.0791497011067,132.391574393025,6.95184831596525,19.0866253175595,0,0,0,0,0,0,0,0,535.705366513234,258.613595507708,1396.65836206767,1471.49209016701
"190",2005,1530,15.75,5043.32403580211,4047.19262838961,1255.73346965476,2396.01501817733,643.786086037478,1054.65236390008,60.7171359574044,144.944226781392,0,0,0,0,0,0,0,0,0,0,2.08870410188695,4.08344173525483,1.23633055598139,2.0341113308268,0.117907810527647,0.281932769812697,0,0,0,0,0,0,0,0,4574.04921142207,3574.12496141868,874.253147733748,1763.09492585062,576.622803913952,1075.19880739413,72.1753409467882,196.17288478427,175.74228538174,137.323596648485,33.6949730555026,67.9616190749904,22.2186880022173,41.4292090903837,2.78199142618661,7.56132508689047,21847.2331045784,16944.8113318692,4638.61498284628,9068.09418560634,3428.6520718206,6018.13062933651,347.382503893602,887.284614482042,839.395486528436,651.046987431929,180.598232297684,353.993200345995,134.922736716257,237.370964022888,13.6846196458531,35.0240368725524,0,0,8.7647561522677,17.6159450918568,6.84735977797626,12.1193133940365,0.722279398180316,1.8595718568585,0,0,0,0,0,0,0,0,288.969601986754,243.916182503083,289.469718972607,628.286890772322,342.616823007507,706.68037016318,23.0334143365406,69.3919145751468,11.1026602407799,9.37165015816327,11.1029592879074,24.0881161696045,13.1031315230136,27.0217452364832,0.881001034438596,2.65372318214668,273.294626346361,229.994177203442,340.027912163672,778.476434959733,468.647737083672,980.706143475967,43.6141879596995,132.192496532131,10.5003968340425,8.83674460202316,13.0381588256337,29.8351314207118,17.9182139122189,37.4851243372734,1.66726824445638,5.05205520557599,0,0,54.6120095140621,129.06648814396,68.9038124796053,131.838045264293,7.43250823206473,20.3883459087268,0,0,0,0,0,0,0,0,539.74021091054,260.541033661223,1413.69447575448,1491.66000832442
"191",2005,1530,15.8333333333333,5021.82143415728,4027.61596343991,1252.18875904769,2388.8397272968,638.720270719252,1043.87203368779,63.8527409244618,152.270951423444,0,0,0,0,0,0,0,0,0,0,2.08352925118243,4.07259206599654,1.22713866829158,2.01419103580782,0.124090467891809,0.296390083211585,0,0,0,0,0,0,0,0,4594.71874687149,3586.00212003457,879.54179406242,1773.57755159564,578.531017769622,1076.79279368429,77.4855909121843,210.505725030362,176.536441987793,137.779936076094,33.8988665668782,68.3658295885483,22.2922482325451,41.4906941148454,2.98674237805369,8.11396231871159,21819.1616698186,16901.9984467585,4638.01080849762,9065.76656941444,3418.9474039134,5990.81911180695,368.767660673807,941.622070099705,838.317069217115,649.402044429536,180.574678745102,353.903978426208,134.540630435039,236.294051303405,14.5277065501193,37.170166525703,0,0,8.77310122551394,17.6311445727591,6.83428775751086,12.0757388871295,0.768477442301514,1.97799927416413,0,0,0,0,0,0,0,0,290.136237174176,244.580195789829,291.149473669489,631.879738283881,343.639703890516,707.485700533651,24.2659244802064,73.033149038703,11.147484402796,9.39716260539753,11.1676595067191,24.226503801605,13.142756759858,27.0535869385969,0.92819490560491,2.79313251993972,272.644216668876,229.111017308355,340.43169091444,779.128106838799,467.571284814954,976.449218226758,45.9930108387391,139.274651354807,10.4754074804072,8.80281217456513,13.0539840173789,29.8609604556215,17.8777584096746,37.3239385262506,1.75826822779407,5.32292063801497,0,0,54.6340291300104,129.137349534736,68.7282572345427,131.286992270524,7.91378068913946,21.6890506768059,0,0,0,0,0,0,0,0,543.791397523124,262.473730097604,1430.79474867087,1511.8770523611
"192",2005,1530,15.9166666666667,5000.32149492583,4008.11710515337,1248.59029799364,2381.56520052931,633.711174478987,1033.25814694303,66.8994418950025,159.369707548472,0,0,0,0,0,0,0,0,0,0,2.0782385969399,4.06153042353452,1.21804209887111,1.99456506129426,0.130107620850259,0.3104198037425,0,0,0,0,0,0,0,0,4615.24763526332,3597.75623888772,884.7911416615,1783.97239527684,580.421340902961,1078.35803574071,82.8586935129585,224.990395952282,177.325194708974,138.231548119258,34.1012481882546,68.7666627244722,22.3651212157222,41.5510752848025,3.19392724333107,8.6724831140515,21791.330806283,16859.5444191926,4637.355750724,9063.31442738617,3409.3977280493,5963.94410131657,390.059913080286,995.685335171773,837.247893760241,647.770889348635,180.549094978368,353.809752507817,134.164455681473,235.233995033506,15.3671933013738,39.3055609652807,0,0,8.78128650700495,17.6459999088453,6.82146265225061,12.0328873994772,0.814658371925985,2.09631063609906,0,0,0,0,0,0,0,0,291.299802282534,245.242873467381,292.821862615319,635.457586610998,344.657259243773,708.287747581387,25.4792715915871,76.6059815848265,11.1921906060227,9.42262373644846,11.2320781729504,24.3643191789902,13.18217915362,27.0853011930864,0.974661724467588,2.9299440212914,272.01067918445,228.246489211026,340.835190640863,779.780534397557,466.510740954118,972.252762645626,48.3137149623819,146.164736947108,10.4510663732512,8.7695956108748,13.0697978272915,29.8868174108489,17.8379082077925,37.1650511559236,1.8470537361699,5.58646847031077,0,0,54.6544173936244,129.203403993032,68.5525579260135,130.738533645406,8.39561505421514,22.9886483611971,0,0,0,0,0,0,0,0,547.858885623381,264.411675723506,1447.958879641,1532.14303574652
"193",2006,1530,16,4978.77712717297,3988.56726805484,1244.90555635907,2374.22277050965,627.810192843423,1020.49451939382,70.8179924225077,168.563247847906,0,0,0,0,0,0,0,0,0,0,2.07285273481724,4.05027603006714,1.20721730547832,1.97076099835675,0.137807267235192,0.328508521679003,0,0,0,0,0,0,0,0,4635.74448197932,3609.47814243026,889.91591284232,1794.20410484773,581.418983166503,1077.45731327398,89.1877982269411,242.087377575301,178.11271633773,138.68192239867,34.2988418561027,69.1612230611851,22.4035984469547,41.5164409186639,3.43796148488699,9.33169449316237,21764.0909183039,16817.6720904236,4636.27715690761,9060.43782145328,3394.86963281585,5924.0535810703,416.458329924175,1062.9639798464,836.20142303083,646.162084112162,180.507184186364,353.699013020299,133.592206949415,233.660212780282,16.4076718152692,41.9622867753837,0,0,8.78936134814772,17.66052800974,6.798606168519,11.9635957458675,0.871239070460728,2.24175832000745,0,0,0,0,0,0,0,0,292.473338831521,245.908031283403,294.491914623663,639.02109958966,345.171087216561,707.492015632216,27.1978183642762,81.7070226856151,11.2372799257331,9.44818015845524,11.29640770551,24.5015871014103,13.2023352640641,27.0559109646592,1.04045739600596,3.12521441996707,271.399360159461,227.405619849744,341.234547371312,780.427328626159,464.762107974077,965.919934824674,51.2889883617088,155.064765753226,10.42757892453,8.73728805396415,13.0854515560286,29.9124566095644,17.7717435359791,36.92448303058,1.96087662241185,5.92687505506297,0,0,54.6736647257813,129.264983280541,68.2734896594223,129.897729441454,8.98265362708457,24.5830789151001,0,0,0,0,0,0,0,0,551.93207583218,266.352468840643,1465.13809786721,1552.42581867069
"194",2006,1530,16.0833333333333,4957.09406747712,3968.85628714426,1241.10482851627,2366.78716842359,620.71754636153,1004.86909531653,75.9163979933491,180.571498658416,0,0,0,0,0,0,0,0,0,0,2.06735896440924,4.03884559202566,1.19408667293441,1.94139537277749,0.147793027801384,0.352069356366316,0,0,0,0,0,0,0,0,4656.36087908796,3621.28572648549,894.923427784103,1804.3185930513,581.239501993361,1073.28575284553,96.8661968133551,262.858320676493,178.904831283753,139.135588660398,34.491927419008,69.5512732680435,22.3967166519956,41.3557722667561,3.73399973798372,10.1325038586229,21737.4494660658,16776.3644909474,4634.61874621887,9056.98046241973,3373.60670373872,5866.63284706141,449.783138074477,1148.05767584815,835.177943626142,644.574976725478,180.442933802241,353.565735556973,132.754728464916,231.394538409349,17.7208165647204,45.3218637060754,0,0,8.79711947335096,17.6745570079022,6.76219743800364,11.8587019179377,0.942010307105035,2.42399784677102,0,0,0,0,0,0,0,0,293.660210936633,246.576519410115,296.155720434422,642.56572542644,344.995320157392,704.524185076808,29.5581099844876,88.743353612783,11.2828816164096,9.47386453639735,11.3604976594738,24.6381323856617,13.1961142620504,26.9434472892085,1.13080593992382,3.39451558179306,270.805432487345,226.583841817765,341.620143850988,781.045967111408,462.069023361297,956.672116188798,55.1724395543222,166.732510821247,10.4047596696526,8.70571401674585,13.1005761520954,29.9370143447463,17.6694588559722,36.5724605235134,2.10943687684894,6.37311645483888,0,0,54.691744326817,129.321751785407,67.8548531764738,128.663516853564,9.71300421379158,26.5766112631428,0,0,0,0,0,0,0,0,556.007162252823,268.295234212308,1482.28325759975,1572.6581233416
"195",2006,1530,16.1666666666667,4935.33120614657,3949.15438339789,1237.23488309702,2359.21717802426,613.761140457878,989.628624917216,80.8529055187134,192.143987869948,0,0,0,0,0,0,0,0,0,0,2.06173006373458,4.02722139870718,1.18120139798208,1.91273460988955,0.157485243896982,0.374825887484125,0,0,0,0,0,0,0,0,4676.93749447397,3633.04678639371,899.931124548339,1814.41834719469,581.094159809203,1069.22470664387,104.669837892186,283.920247288618,179.695417752374,139.587467389997,34.6850157382573,69.9407504811554,22.3911497012,41.199360603471,4.03487708436162,10.9445614818915,21710.9028580339,16735.2937428082,4632.89816865342,9053.35901650274,3352.7508145417,5810.42488798816,482.823205892408,1232.21409354827,834.158107072054,642.996969584639,180.376203944657,353.425914381485,131.933060606573,229.176242587385,19.0228617296714,48.6446464166484,0,0,8.80445739843624,17.6880328706407,6.72652538655887,11.7560278079208,1.0125521440735,2.60521332110807,0,0,0,0,0,0,0,0,294.841659522997,247.242419817792,297.804754373891,646.088294822502,344.819683145074,701.595381239556,31.8256158050331,95.4740873723941,11.3282749254721,9.49944949009109,11.4240213922622,24.7738338601656,13.1898965584597,26.8324658029554,1.21761336450385,3.65215397907555,270.220679652498,225.773268265593,341.996459828037,781.643889205424,459.409408276484,947.565708224473,58.972434589057,178.095900717993,10.3822929177068,8.67457047382711,13.1153438665329,29.9607761903897,17.5684469410784,36.2258174820129,2.25481705396411,6.80775887755074,0,0,54.7079854410732,129.373355548224,67.4402220419113,127.446746531811,10.4417940284206,28.5583026443837,0,0,0,0,0,0,0,0,560.098713987092,270.243263464369,1499.44839395165,1592.86191057399
"196",2006,1530,16.25,4913.50645342671,3929.47491009922,1233.30143275201,2351.52366754376,606.938461713892,974.763880277075,85.6309277832602,203.291865125498,0,0,0,0,0,0,0,0,0,0,2.05597049405378,4.01539990266107,1.1685556074694,1.88476103687421,0.166887724062098,0.396793917954953,0,0,0,0,0,0,0,0,4697.42878261079,3644.7264250192,904.924804915975,1824.47539635191,580.971198226739,1065.25133713231,112.587648949024,305.241154452537,180.482725811629,140.036217783708,34.8775615394365,70.3285801794376,22.3864457018418,41.0463282136396,4.34016785036774,11.7666369238804,21684.4794187068,16694.4805146167,4631.12346026668,9049.58951028262,3332.29751773264,5755.40971826703,515.588241812862,1315.46593832173,833.143001632448,641.428856810759,180.30730793556,353.280175487668,131.127037566306,227.004560203893,20.3141792414669,51.9318966408938,0,0,8.81142901825528,17.7009974191761,6.6915736597488,11.6555278188533,1.08286343444263,2.78541769820772,0,0,0,0,0,0,0,0,296.017847038013,247.905688954448,299.440271783455,649.589865480758,344.646155683036,698.708423522788,34.0110435270909,101.93116860025,11.3734660944017,9.52493334619911,11.4870270487287,24.9087320147428,13.1837578661387,26.7230745724656,1.30128924487062,3.89935117020925,269.647136424216,224.975678417447,342.365935448519,782.227596104936,456.786784372887,938.607919189599,62.6851577763089,189.145377738251,10.360256847835,8.64392578584543,13.1298481490763,29.9839910392123,17.4688423786376,35.8848296920534,2.39687103758332,7.23043593293335,0,0,54.7224421948961,129.41998697309,67.0296999743499,126.247452265606,11.1689886699126,30.5282239973412,0,0,0,0,0,0,0,0,564.206657109447,272.196536146898,1516.63332912671,1613.03782075759
"197",2006,1530,16.3333333333333,4891.63602127216,3909.82983084372,1229.30975025646,2343.71667639652,600.246898335521,960.265580907018,90.2538449058651,214.026093701135,0,0,0,0,0,0,0,0,0,0,2.05008544803498,4.00338092127687,1.1561437571045,1.85745743668863,0.176004563514696,0.417989602249538,0,0,0,0,0,0,0,0,4717.79683137679,3656.29586043841,909.892926524482,1834.46713162768,580.86153912832,1061.34819431686,120.608799980271,326.789828709158,181.265298817176,140.480733993999,35.0691214352902,70.7138935811188,22.382255650003,40.8960042047845,4.64945557127608,12.5975297719821,21658.2021681917,16653.9412923168,4629.30135141765,9045.68541963981,3312.2415327066,5701.56604072373,548.087435271126,1397.8442155693,832.133511770153,639.871271820151,180.23650857173,353.129046039434,130.336460819197,224.878674319904,21.5951213171072,55.1848113385058,0,0,8.8180777334682,17.7134828379063,6.6573251773348,11.5571538378448,1.15294263376379,2.96462131900959,0,0,0,0,0,0,0,0,297.188765593042,248.566164901024,301.063011952696,653.070632283802,344.475901818045,695.864666908337,36.1239219656261,108.143228031968,11.4184548200964,9.55030988353187,11.5495429489319,25.0428341845636,13.1777425913828,26.6153254193424,1.38219802984239,4.1372018840381,269.086417367807,224.192472648653,342.730588485226,782.802441233654,454.203988663133,929.804287745277,66.3079703500217,199.874843296311,10.3387134943036,8.61383375745705,13.1441662693385,30.0068638253968,17.3707536012927,35.5497091690898,2.53549772682728,7.64091352583598,0,0,54.7351674235904,129.461822113569,66.6233734551243,125.065635203085,11.8945562446654,32.4864523369,0,0,0,0,0,0,0,0,568.33091854326,274.155030914123,1533.83795308262,1633.18653781404
"198",2006,1530,16.4166666666667,4869.7346297228,3890.22988916209,1225.26471805888,2335.80550953681,593.683770588986,946.124448194657,94.724999778302,224.357440590072,0,0,0,0,0,0,0,0,0,0,2.04408064234741,3.99116696413013,1.1439605696861,1.83080699820717,0.184840097849028,0.438429353276569,0,0,0,0,0,0,0,0,4738.01028156267,3667.73154765263,914.826200485479,1844.37548676106,580.758314133293,1057.50223799285,128.722783811191,348.536078056078,182.041931898046,140.920111384369,35.2593385008729,71.0959962292271,22.3783153829025,40.7478870023421,4.96233608511879,13.4360785756027,21632.0895841344,16613.6889909018,4627.43746259297,9041.65805715584,3292.57692653414,5648.8716017066,580.329453344403,1479.37822984954,831.130347421224,638.324710827456,180.164025687018,352.972969349911,129.561106146894,222.797729980341,22.8660203066915,58.4045225896847,0,0,8.82443832280785,17.7255137088548,6.62376256458002,11.4608564566864,1.22278779930739,3.14283207516515,0,0,0,0,0,0,0,0,298.354271902278,249.223593881366,302.673312520832,656.530136564148,344.30947641956,693.064390041276,38.1726978329648,114.135837820742,11.4632355972788,9.57556935160327,11.6115819811595,25.1761225866701,13.1718717555046,26.5092288265447,1.46066274510972,4.36668378715158,268.539771784393,223.424722617851,343.092053585866,783.372748286505,451.663239659183,921.158867855054,69.8392584214828,210.281214294934,10.3177108573712,8.58433556349681,13.1583608174525,30.0295600390093,17.2742654045113,35.2206112006825,2.6706352185274,8.0390728854588,0,0,54.7462124420712,129.499022356875,66.2213137002457,123.90126772125,12.6184669959531,34.433069449417,0,0,0,0,0,0,0,0,572.471424149742,276.11872477297,1551.0621952843,1653.30876108438
"199",2006,1530,16.5,4847.81570796877,3870.68477364835,1221.17087708037,2327.79883020114,587.246357981732,932.331252133915,99.0476948802863,234.296471272813,0,0,0,0,0,0,0,0,0,0,2.03796213416537,3.97876261491062,1.13200098053579,1.80479327260593,0.193398857652563,0.458129753946364,0,0,0,0,0,0,0,0,4758.04328629428,3679.01433504985,919.717205954263,1854.18615371089,580.656425646255,1053.70393186026,136.919477835653,370.450908930299,182.811631976,141.353614119257,35.4479274967946,71.4743379145399,22.3744287402527,40.6016095970225,5.27841991432343,14.2811676740658,21606.1563353511,16573.7335414839,4625.53649166744,9037.5169419746,3273.29727933272,5597.30350992605,612.322448846221,1560.09561882363,830.134072181959,636.789555401795,180.090043385651,352.812319186093,128.800730068147,220.760846629952,24.1271889811194,61.5920988295952,0,0,8.83053867665436,17.7371088468771,6.59086850467034,11.3665859844573,1.29239660789483,3.3200556292204,0,0,0,0,0,0,0,0,299.514119691932,249.877654650313,304.271213311418,659.967454523573,344.147007088513,690.307135305601,40.1648409340186,119.931792870103,11.5077989637087,9.60069940766012,11.6731455895899,25.3085615566732,13.1661499807841,26.404767001566,1.53696901887832,4.58866824820964,268.00813776726,222.673220450947,343.451625108791,783.941935863212,449.166208781805,912.674420358859,73.278280741793,220.363978050469,10.2972849802152,8.55546163870429,13.1724813428519,30.0522104944097,17.1794416679812,34.8976416494405,2.80225498243188,8.42489353939263,0,0,54.7556268950631,129.531736165607,65.8235786197183,122.754297263929,13.3406929648708,36.3681607146806,0,0,0,0,0,0,0,0,576.628097120848,278.087592476482,1568.30600121535,1673.40518254926
"200",2006,1530,16.5833333333333,4825.89158492321,3851.20327449943,1217.03247308184,2319.70474792905,580.931924370173,918.876854050046,103.225189569432,243.853545788256,0,0,0,0,0,0,0,0,0,0,2.03173615599737,3.9661739609812,1.12026009010708,1.77940013873241,0.201685523915173,0.477107470402115,0,0,0,0,0,0,0,0,4777.87452343771,3690.12866488418,924.560024782169,1863.8878390937,580.552138143942,1049.94640431108,145.1891958755,392.506674298706,183.573579820555,141.780644445186,35.6346608614254,71.8484841628581,22.3704518839986,40.456907346547,5.59733426881049,15.1317329175713,21580.4139787709,16534.0824480729,4623.60239092346,9033.27014914745,3254.39583714203,5546.8385287007,644.074073610977,1640.02240236012,829.145130086314,635.266093859096,180.01471688068,352.647413281566,128.055075786167,218.767129500881,25.3789210199045,64.7485466672477,0,0,8.83640139826218,17.7482829617923,6.55862603213374,11.2742933038265,1.36176638880673,3.49629567450819,0,0,0,0,0,0,0,0,300.6679899869,250.527981184131,305.856551277762,663.381368740544,343.988355727162,687.592008982095,42.1069513286719,125.551398993846,11.5521326638455,9.62568598848493,11.7342274209275,25.4401041367045,13.1605716956987,26.3019054072147,1.61136918322603,4.80393136479283,267.492194402677,221.938526166636,343.810301497524,784.512643858926,446.714094057734,904.352605791434,76.6250187633444,230.124753030687,10.2774619545648,8.5272334998885,13.186566052522,30.07491616716,17.0863281663856,34.5808643076043,2.93035612433902,8.798436509828,0,0,54.7634586561632,129.560100803196,65.430214706826,121.624650058059,14.0612076781119,38.2918140091139,0,0,0,0,0,0,0,0,580.800856563238,280.061606004791,1585.56931261701,1693.47646810502
"201",2006,1530,16.6666666666667,4803.97361267952,3831.79338515414,1212.85348680475,2311.53087561728,574.737733288112,905.752232074207,107.260698486778,253.038817179713,0,0,0,0,0,0,0,0,0,0,2.02540902789183,3.95340825996701,1.10873314089676,1.75461179097325,0.209704897405031,0.495379193455727,0,0,0,0,0,0,0,0,4797.4865614501,3701.06206034104,929.350008925669,1873.47179110214,580.442826454014,1046.22493561402,153.52271328111,414.677144032906,184.32710568396,142.200722982989,35.8193597913945,72.2180980905016,22.3662836379246,40.3135982936404,5.91872401963141,15.9867643981962,21554.8714073551,16494.7411448898,4621.63847904851,9028.92453010446,3235.86560373204,5497.45324790549,675.591494852722,1719.18303846513,828.163862815494,633.754534990675,179.938176821873,352.478521867156,127.323876765782,216.815676327162,26.6214916229771,67.8748129845234,0,0,8.84204474190147,17.7590475655688,6.52701863970365,11.1839302093266,1.43089417328798,3.6715541943844,0,0,0,0,0,0,0,0,301.815509637497,251.174176397744,307.429014797992,666.770464821436,343.833202330641,684.917834240352,44.0048410956462,131.01269528359,11.5962223606752,9.65051383743369,11.7948154104238,25.5706957894763,13.1551243539653,26.2005986412792,1.68408540401757,5.01316247444547,266.992396580489,221.220999301498,344.168819784982,785.086827409359,444.307679452136,896.194132142225,79.880069846369,239.566974400934,10.2582592581764,8.49966496101467,13.200643132262,30.0977517908639,16.994954835768,34.2703065397613,3.0549612999903,9.15983228403352,0,0,54.7697538449308,129.584243578064,65.041258332778,120.512233714182,14.7799859273859,40.2041189386411,0,0,0,0,0,0,0,0,584.989616788662,282.040734334359,1602.8520595556,1713.52325096483
"202",2006,1530,16.75,4782.07228370282,3812.46239875955,1208.63766269931,2303.28438383705,568.661061918908,892.948503882694,111.157390345553,261.86223103199,0,0,0,0,0,0,0,0,0,0,2.01898707790835,3.94047363045828,1.09741549697973,1.73041272938159,0.217461869311219,0.512961582922295,0,0,0,0,0,0,0,0,4816.86525730497,3711.80463937035,934.083560346344,1882.93135193356,580.326741812789,1042.53648369305,161.91128543017,436.937556019468,185.071666168518,142.613470048497,36.0018858005356,72.5829232370061,22.3618565088578,40.171564963825,6.24225241922653,16.8453084414799,21529.535275631,16455.7133351206,4619.64754696901,9024.48592076385,3217.69942523413,5449.12424072461,706.881414457671,1797.60048773173,827.190526047491,632.255021078676,179.86053338594,352.305875724393,126.606860032786,214.905583470651,27.8551582360658,70.971787365132,0,0,8.84748348570518,17.7694118017344,6.49603036563467,11.0954496937873,1.49977674635445,3.84583172356191,0,0,0,0,0,0,0,0,302.956268554208,251.81582483907,308.988193231949,670.133218992393,343.681119736082,682.283286650609,45.8636155064078,136.331675820911,11.640052297897,9.67516699217277,11.854893686012,25.700277764587,13.1497913062134,26.100795644571,1.75531278841318,5.21697264115869,266.509008529425,220.520829316098,344.527690009776,785.665849805243,441.947392957802,888.198897884289,83.0445442268646,248.695590101152,10.239687043311,8.4727633014552,13.214732064865,30.1207694151942,16.9053379931299,33.9659647463617,3.1761127729765,9.50926918791547,0,0,54.7745568598029,129.604283053022,64.6567369850288,119.41693971114,15.4970035746815,42.1051661537224,0,0,0,0,0,0,0,0,589.194286715023,284.024943256923,1620.15415390275,1733.5461265527
"203",2006,1530,16.8333333333333,4760.19734244382,3793.21700002727,1204.38853637822,2294.97205270014,562.699213962529,880.456947232905,114.918387014733,270.333525835061,0,0,0,0,0,0,0,0,0,0,2.01247656706903,3.92737875923386,1.08630262471141,1.70678775010707,0.224961393336806,0.529871215111947,0,0,0,0,0,0,0,0,4835.99918288989,3722.34865225133,938.75792210909,1892.26153311226,580.202792859072,1038.87924187244,170.346660667134,459.264651089909,185.806822187877,143.018587885046,36.1821327079848,72.9427672752654,22.357128280965,40.0307373899742,6.56760160800761,17.7064689760633,21504.410405178,16417.0013130768,4617.63195833207,9019.95933893796,3199.8900691109,5401.828208656,737.950090188663,1875.29628320947,826.225305036365,630.767640274033,179.781880160267,352.129673825533,125.903749253705,213.035951590844,29.0801613505139,74.0403047347998,0,0,8.85272976139155,17.7793832327343,6.46564587832557,11.0088062268569,1.56841069525917,4.01912759374242,0,0,0,0,0,0,0,0,304.089835839669,252.452504517098,310.53362310356,673.468079262349,343.531643427246,679.68702020513,47.687751800811,141.522505602965,11.6836059197398,9.69962923913227,11.9144443427871,25.8287902178125,13.1445544814094,26.00244454366,1.82522240067061,5.41590292067292,266.042136064918,219.838064772996,344.887228515747,786.250572333376,439.633361174624,880.366125942021,86.11996734417,257.516772280748,10.2217493757439,8.44653038705584,13.228844905719,30.1440018466746,16.8174824221126,33.6678094814619,3.29386867788416,9.8469823475549,0,0,54.777910410621,129.620330197969,64.27667044308,118.338645744887,16.2122373843464,43.995046750659,0,0,0,0,0,0,0,0,593.414769350054,286.014195234138,1637.47548324488,1753.54564777833
"204",2006,1530,16.9166666666667,4738.35786578179,3774.06333169255,1200.10945449439,2286.60030925355,556.84952800028,868.269012613181,118.546762964003,278.462234139518,0,0,0,0,0,0,0,0,0,0,2.0058836523509,3.91413272327293,1.0753900851192,1.68372194633411,0.232208464532366,0.546124544209158,0,0,0,0,0,0,0,0,4854.87921808867,3732.68815384502,943.371032862264,1901.45872010206,580.070400734292,1035.25234972776,178.821080895986,481.636671831142,186.532223332586,143.415848070888,36.3600210554566,73.2974906774426,22.3520764514198,39.8910820074121,6.89447264603129,18.5694075139793,21479.5000724596,16378.6061924587,4615.59371896657,9015.34912017424,3182.43027415631,5355.54206962653,768.803358361395,1952.29060390404,825.268325671103,629.29243536668,179.702296829031,351.950088593806,125.214266691742,211.205889106264,30.2967253617897,77.0811481475976,0,0,8.8577935627132,17.788968257109,6.43585046720355,10.9239557741017,1.6367924669417,4.19144018306735,0,0,0,0,0,0,0,0,305.215770255909,253.083794401241,312.064814474933,676.773509981956,343.384303337583,677.127721594141,49.4811668092198,146.597707906956,11.7268662731304,9.72388440164348,11.9734484570511,25.9561739251457,13.1393956093086,25.9054947387237,1.89396385139702,5.61043153379983,265.591750664608,219.172635127766,345.247586761256,786.841429101366,437.365458050123,872.694478725105,89.1082017496099,266.037685093391,10.2044451597819,8.42096350738123,13.242987386917,30.1674655155446,16.7313832377511,33.3757898517515,3.40830003268278,10.1732448068328,0,0,54.7798556127817,129.632489322188,63.9010716864945,117.277217588727,16.9256648866032,45.8738517950581,0,0,0,0,0,0,0,0,597.650961630525,288.008449399293,1654.8159107076,1773.52232640359
"205",2007,1530,17,4714.66121643282,3753.22223700672,1195.19987677951,2277.46508710877,549.877983561745,853.134385826394,123.421750586534,289.750228677739,0,0,0,0,0,0,0,0,0,0,1.99937684982788,3.90117008275106,1.06230668841513,1.65492521624976,0.241872726032223,0.568525546507235,0,0,0,0,0,0,0,0,4874.00216802656,3743.27488634151,947.724003767904,1910.50329541563,578.671624023846,1027.81148049744,188.822614366622,508.377455747129,187.266957650034,143.822607263381,36.5279225486484,73.6463726713228,22.2982245550244,39.6044596523815,7.28020515660726,19.6007312467516,21454.7267662477,16340.4701029977,4612.21520393912,9009.78622496463,3158.23754538264,5290.09865915272,807.390286710956,2050.36792542173,824.316609068432,627.827182910729,179.571454250788,351.734505489707,124.259746992951,208.6200548328,31.8176244604457,80.9534564994489,0,0,8.86355596897671,17.800420144815,6.39235451197782,10.7997926098692,1.72105946644788,4.40736742991898,0,0,0,0,0,0,0,0,306.469889497172,253.834258869884,313.723472875221,680.425965185926,342.817131797654,672.785058674595,52.1114712959516,154.34696188137,11.7750516842326,9.75271844251684,12.0373411967189,26.0968640875748,13.1181678415572,25.7403020522087,1.99473657747174,5.90728863700648,265.177564070322,218.546287178221,345.628612361549,787.517109389223,434.169303971163,861.894890416723,93.1037738650768,277.813080342735,10.1885317511774,8.39689820921106,13.257919579818,30.1941756588623,16.6097646347413,32.9641136886232,3.56127882008178,10.6240098545625,0,0,54.7874586420814,129.659060470696,63.387667841261,115.790706747029,17.7974260016031,48.2198344326674,0,0,0,0,0,0,0,0,601.736647213231,289.857295079252,1671.48755225154,1791.95639806013
"206",2007,1530,17.0833333333333,4690.87654561227,3732.36896493859,1190.23161031555,2268.21597719629,543.010901544717,838.322954651433,128.16286794945,300.664200395141,0,0,0,0,0,0,0,0,0,0,1.99260635932319,3.88781292855556,1.04942857887379,1.626746211324,0.25129350133281,0.590233985296951,0,0,0,0,0,0,0,0,4893.11493106293,3753.84163425412,952.089160738258,1919.57031714082,577.303906749286,1020.47219088012,198.963339234772,535.417112487834,188.001300570434,144.228598616202,36.6962843755209,73.9961047462875,22.2455650506993,39.3217429628555,7.67131731728182,20.6436148003861,21429.963406946,16302.4904595296,4608.74732912319,9004.0410543646,3134.29092335689,5225.55011822944,845.886210620971,2147.91068292783,823.365273483916,626.367941395565,179.437089166551,351.511709457113,123.314780742197,206.069227676582,33.3350045147359,84.8047185024147,0,0,8.86861751279398,17.810958888444,6.34930122402416,10.6772477949421,1.80544920693494,4.62297609531663,0,0,0,0,0,0,0,0,307.713267009951,254.576688183982,315.352056284234,684.026473757886,342.208081303332,668.381701610631,54.6874271706032,161.888683560332,11.8228243798076,9.78124375994693,12.1000793063524,26.2355614236177,13.0953332659243,25.5727711485521,2.09343805782995,6.19623131565512,264.768661103097,217.928392216847,345.997792176236,788.173947808957,431.002910149041,851.231623184712,97.0319439689811,289.320983789249,10.1728213412085,8.37315768856433,13.2723954522284,30.2201592850299,16.4892742969245,32.5576178727118,3.7116918480956,11.0645844384827,0,0,54.7933766501828,129.681276080767,62.8765001843146,114.317830722203,18.6708586132661,50.56059367416,0,0,0,0,0,0,0,0,605.833053769024,291.706203146812,1688.139329384,1810.28379491294
"207",2007,1530,17.1666666666667,4667.09044161844,3711.58126697582,1185.23180391871,2258.8891593426,536.290283379186,823.940964014677,132.724457584602,311.09164816026,0,0,0,0,0,0,0,0,0,0,1.985598488555,3.87408539718568,1.03683034625106,1.5993840736888,0.260379861831717,0.611025482969476,0,0,0,0,0,0,0,0,4912.14639785306,3764.33171783699,956.455766245961,1928.6252614855,575.997466427281,1013.34381454554,209.178991649857,562.568752238466,188.732519959048,144.631644402875,36.8646942200624,74.3453602723604,22.1952643148042,39.0471485548424,8.06533359454525,21.6908588823124,21405.2469485297,16264.6944412221,4605.24677237729,8998.16387447986,3110.84105557543,5162.59705447646,884.015941780408,2244.17378489892,822.415738767367,624.915755087537,179.301373692232,351.283615128986,122.389236513392,203.581056413632,34.8380292796572,88.6055259640166,0,0,8.87305474282919,17.8206221551639,6.30718446052921,10.5577423216282,1.88938460467206,4.83668964264043,0,0,0,0,0,0,0,0,308.941805392958,255.307142310255,316.949027624225,687.567193513874,341.579299693681,663.996479576341,57.1860363725209,169.148740295692,11.8700269313653,9.80930897154768,12.1616039349466,26.3719653646443,13.0717396317441,25.4059187391643,2.18918816223923,6.4744228640766,264.36645390438,217.31986228931,346.356302990119,788.814092482325,427.90157232872,840.821034474641,100.852546213077,300.433333594536,10.1573681866673,8.34977698769129,13.2864600477553,30.245498488992,16.3712624610813,32.1607529899802,3.85800219159668,11.4900692961306,0,0,54.7973790830098,129.698636017492,62.3727467775371,112.874324131826,19.5402189944765,52.8792034465586,0,0,0,0,0,0,0,0,609.945946176488,293.56046716409,1704.79424260824,1828.55789084454
"208",2007,1530,17.25,4643.32090481684,3690.87239615846,1180.20581502137,2249.49530010967,529.713154493438,809.975781416265,137.111116435074,321.048029436636,0,0,0,0,0,0,0,0,0,0,1.97838503329368,3.860028303252,1.02450155174818,1.57280965967547,0.269138235802795,0.63092451623367,0,0,0,0,0,0,0,0,4931.04867625843,3774.70910922227,960.807943224122,1937.63693975729,574.739317915412,1006.40089117133,219.457920924327,589.799264508678,189.458775723324,145.030360375103,37.0325425949444,74.6929415592206,22.1468234281513,38.7796980099149,8.46180565908772,22.7411892684063,21380.6085414972,16227.104663554,4601.72188208149,8992.17198163361,3087.88150000921,5101.206223553,921.790685912802,2339.1999174597,821.469201763599,623.471492909523,179.164633990136,351.050898487807,121.482867986019,201.154249489172,36.3271315192018,92.3575406437162,0,0,8.87696480457671,17.8295151305875,6.26598018063887,10.4412009175843,1.97286785500738,5.04853836279224,0,0,0,0,0,0,0,0,310.156159211749,256.026080283696,318.517411070451,691.052832069295,340.936743597334,659.64066006959,59.6154263664437,176.153609488858,11.9166844883298,9.83693171417805,12.2220311490175,26.5062564845807,13.0476149872103,25.2401764610643,2.28229773993886,6.74287566052441,263.972796470084,216.722146692979,346.705972220315,789.442084586805,424.865207647306,830.659697567786,104.565730174708,311.153423846563,10.1422435210892,8.32681179091236,13.3001833544607,30.2703671221715,16.2557260186995,31.7733886676823,4.00021519013049,11.9005888456658,0,0,54.7995050510682,129.71130954788,61.8764289870524,111.459859033533,20.4055254940783,55.1760327975099,0,0,0,0,0,0,0,0,614.075131156789,295.420001823246,1721.45125911595,1846.77866331545
"209",2007,1530,17.3333333333333,4619.58401087586,3670.25405014849,1175.15850616293,2240.0441222869,523.27645150254,796.414890830894,141.327356950899,330.54838831072,0,0,0,0,0,0,0,0,0,0,1.97099379694128,3.84567850115236,1.01243303401093,1.54699578162572,0.27757519589158,0.649955474664813,0,0,0,0,0,0,0,0,4949.78254291414,3784.94460628106,965.132906067663,1946.58034567284,573.519352715324,999.623505764936,229.789029585133,617.077295340406,190.178560838861,145.423624540394,37.1993385891638,75.0378880948835,22.0998538768644,38.5186257500311,8.86030634806304,23.7933989743301,21356.0732988207,16189.7390587699,4598.17947807701,8986.07968006966,3065.40491119681,5041.34333573167,959.221008768476,2433.02946654052,820.52662734817,622.035843847,179.027137062706,350.814119574212,120.595393418412,198.787473973689,37.8027195448288,96.0623359986213,0,0,8.88042600674082,17.837721580166,6.22566449224419,10.3275473237518,2.05590037319864,5.25854893851544,0,0,0,0,0,0,0,0,311.356762383225,256.733799768302,320.059455933399,694.48674354053,340.284956185873,655.322819494831,61.9828138776391,182.92702831055,11.962813722453,9.86412342456521,12.2814472540226,26.6385633711709,13.0231331765917,25.0758727532804,2.37304276517627,7.00249717682773,263.58911135859,216.136327044552,347.048311313051,790.061555492025,421.893516330122,820.743754416202,108.17236302655,321.486692721905,10.127502001517,8.30430365566789,13.3136232630518,30.2949042018492,16.1426535945312,31.3953780923669,4.13836364662152,12.2963495730529,0,0,54.7997981251328,129.719456203912,61.3875499605129,110.07407892924,21.2667976936874,57.4514485526934,0,0,0,0,0,0,0,0,618.220422831087,297.284724620571,1738.10957211923,1864.94631464886
"210",2007,1530,17.4166666666667,4595.89426646052,3649.73666007217,1170.09433301389,2230.54457223516,516.977062758771,783.245946370281,145.377608448791,339.607373369084,0,0,0,0,0,0,0,0,0,0,1.96344931438972,3.83106945912082,1.00061656308127,1.52191677882171,0.28569741922706,0.668142590065573,0,0,0,0,0,0,0,0,4968.31561901538,3795.01437907229,969.420279839357,1955.43528323436,572.329630024827,992.995877456955,240.16179763897,644.373310074189,190.890631260196,145.810521314304,37.3646837701265,75.3794239381282,22.0540503617264,38.2633249095909,9.26043061156078,24.8463507092193,21331.661581376,16152.6118861185,4594.62518862339,8979.89894343028,3043.40331391032,4982.97354065789,996.316877574186,2525.70067585546,819.588797815209,620.609355763034,178.889103769453,350.573748073337,119.72650629491,196.479374460272,39.2651787793666,99.7214031789853,0,0,8.88350242500571,17.8453093988258,6.18621398125617,10.2167056268353,2.13848293862975,5.46674503286349,0,0,0,0,0,0,0,0,312.543886240017,257.430480714985,321.576847177462,697.871309220953,339.627462931816,651.049583141087,64.2946235999178,189.490336075429,12.0084250587407,9.89089101671139,12.339916877744,26.7689772428329,12.9984290241863,24.9132612480004,2.46166888182055,7.2541030833621,263.216478538005,215.563194919466,347.384557592373,790.675374921127,418.985999715185,811.068989434677,111.673875256635,331.440254168541,10.1131851221467,8.28228299554876,13.3268271650985,30.3192195756975,16.0320262188525,31.0265607955233,4.27250192210295,12.6776221083005,0,0,54.7983045957929,129.72322666721,60.9060982433817,108.71660527203,22.1240559628581,59.705814105724,0,0,0,0,0,0,0,0,622.381639593885,299.154554617626,1754.76853376661,1883.06120368394
"211",2007,1530,17.5,4572.26475152657,3629.32950685582,1165.01737873512,2221.00488486942,510.811849803838,770.456809993687,149.266213904733,348.239231136529,0,0,0,0,0,0,0,0,0,0,1.95577315811001,3.81623150096394,0.989044706120788,1.49754836804928,0.293511662282361,0.685509878435911,0,0,0,0,0,0,0,0,4986.62159806509,3804.89935050383,973.661807790622,1964.18577648719,571.164065351005,986.505737475861,250.566316147618,671.659689103194,191.593976249645,146.190317724446,37.5282609722255,75.7169350899418,22.0091788540334,38.0133234735194,9.66179681073652,25.8989805795569,21307.3895451386,16115.7341648192,4591.06359401516,8973.63969629317,3021.86822989538,4926.06167082286,1033.08766636986,2617.24967114555,818.65633390139,619.192452033553,178.750714371748,350.330174199166,118.875880251989,194.228582548709,40.7148719456788,103.336151903575,0,0,8.88624580556155,17.8523328842176,6.14760582523284,10.1086007546734,2.22061578385673,5.6731476225622,0,0,0,0,0,0,0,0,313.71766560663,258.116205064325,323.070796039567,701.208102535211,338.966933797998,646.825926643533,66.5565384832844,195.862615031387,12.0535236773402,9.91723763890502,12.3974864504573,26.8975582837986,12.9736045588278,24.7525323402973,2.54839332903659,7.49842263968745,262.85567385063,215.003285841036,347.715694852581,791.285720110379,416.141979353817,801.630888495434,115.07218101277,341.022653649157,10.099322692191,8.26077038621334,13.3398327395509,30.3433965657963,15.9238180514375,30.6667648950828,4.40270288636823,13.0447318766112,0,0,54.7950727387825,129.722763160091,60.4320493764468,107.387040681301,22.977321176479,61.9394883775068,0,0,0,0,0,0,0,0,626.558602663451,301.029411874626,1771.42762870356,1901.12381840219
"212",2007,1530,17.5833333333333,4548.70731355895,3609.04087911487,1159.93140195803,2211.43267472278,504.777669908612,758.035582213588,152.997430383054,356.457814571026,0,0,0,0,0,0,0,0,0,0,1.94798435062901,3.80119214669609,0.977710650181383,1.47386742955579,0.301024733485997,0.702081088099327,0,0,0,0,0,0,0,0,5004.67923219846,3814.58438964931,977.850972040644,1972.81930499464,570.018045490647,980.143572383952,260.993294760702,698.910744261502,192.287779430262,146.562432416432,37.6898197547333,76.0499401793151,21.9650618266951,37.7682552468821,10.0640470174815,26.9502987494626,21283.2698575218,16079.1142361429,4587.49841339537,8967.31018054663,3000.79082753429,4870.5725064635,1069.5421838991,2707.71056159639,817.729722308548,617.785453143381,178.61211574964,350.083722866581,118.043174902561,192.033727178341,42.1521401219684,106.907914310269,0,0,8.88869804536227,17.8588356887526,6.10981792992908,10.0031590862003,2.30229869649026,5.87777539718308,0,0,0,0,0,0,0,0,314.878131013484,258.790980912479,324.542153511647,704.498093945607,338.305390114488,642.655561939343,68.7735732263268,202.060901845208,12.098110751255,9.94316360221376,12.454188562976,27.0243435132009,12.9487369514689,24.5938279967612,2.63340775550373,7.73610679155601,262.507219630125,214.456923385208,348.042481797647,791.894168842606,413.360614496782,792.424690740685,118.369585247935,350.243585105575,10.0859347806668,8.23977825996292,13.3526690399265,30.3674955273128,15.8179970427959,30.3158090605264,4.52905436365051,13.3980482653831,0,0,54.790151914291,129.718200051596,59.9653679327083,106.084972708571,23.8266144897223,64.1528251268727,0,0,0,0,0,0,0,0,630.751134420312,302.909216801933,1788.0864397483,1919.1347406498
"213",2007,1530,17.6666666666667,4525.23274836709,3588.87822032746,1154.83988141817,2201.83502053962,498.87139688574,745.970630158826,156.575429262231,364.276590921594,0,0,0,0,0,0,0,0,0,0,1.94009975876867,3.78597645206023,0.966608049938868,1.45085182504472,0.308243464506587,0.717879645598204,0,0,0,0,0,0,0,0,5022.47138776729,3824.05756051112,981.982641073374,1981.32609387247,568.888077134758,973.901938427098,271.434063314652,726.102716679793,192.971382499885,146.926406790147,37.8491628866937,76.3780632386599,21.9215647730331,37.5278335481861,10.4668470871486,27.9993893920382,21259.3123652513,16042.7582871202,4583.93267776139,8960.91729429478,2980.16205794902,4816.47101409109,1105.68870424585,2797.11554943972,816.809341364291,616.38859680797,178.473428085963,349.834666802342,117.228041135749,189.89344394179,43.5773039022201,110.437949119007,0,0,8.89089342643533,17.864853443495,6.07282901359183,9.90030889529305,2.38353112918123,6.08064518440991,0,0,0,0,0,0,0,0,316.025238279138,259.454764639451,325.991512038677,707.741834039773,337.644385187098,638.541274044556,70.9501500187291,208.10040604928,12.1421845829412,9.96866723068782,12.5100458726275,27.1493538172701,12.9238854450143,24.437254677234,2.71688112022309,7.96773653574567,262.171432660859,213.924260900278,348.365482549849,792.501794083026,410.640925248682,783.445448124802,121.568691486943,359.113609000322,10.0730335590673,8.21931250868006,13.3653576612748,30.3915574696635,15.714525814259,29.9735047777715,4.65165560205033,13.7379738323317,0,0,54.7835917976161,129.709664530654,59.5060094564511,104.809977491307,24.6719571217954,66.3461722656722,0,0,0,0,0,0,0,0,634.959056964203,304.793889605305,1804.7446185985,1937.09461583441
"214",2007,1530,17.75,4501.85090739059,3568.8482164097,1149.74604254754,2192.21851555237,493.089932273172,734.250600564837,160.004296684286,371.708648630488,0,0,0,0,0,0,0,0,0,0,1.9321343396255,3.77060724286635,0.955730957101377,1.42848031212773,0.315174690424651,0.732928621727356,0,0,0,0,0,0,0,0,5039.98449478636,3833.30968478696,986.052866746301,1989.69870611008,567.771593080792,967.775089181348,281.880562281342,753.213742137142,193.64426407798,147.281888200537,38.0061385622675,76.7010180668332,21.8785887689893,37.291836916605,10.8698863002582,29.0454093839494,21235.5244835772,16006.6706551039,4580.36882886924,8954.46678500911,2959.97272774643,4763.72246736392,1141.53499301547,2885.49502212205,815.895475975988,615.002049675167,178.334748689262,349.583234020937,116.43012395564,187.806379821517,44.9906643903639,113.927445140231,0,0,8.89285979802927,17.8704150904174,6.03661859238594,9.79998041982829,2.46431228051982,6.28177226324878,0,0,0,0,0,0,0,0,317.158884787992,260.107472983601,327.419258099376,710.93954709995,336.985091932086,634.485085483471,73.0901539064258,213.994671122673,12.1857412297228,9.9937453252821,12.5650731234379,27.2725975446632,12.8990947168539,24.2828896435902,2.79896181335769,8.19382908955153,261.848453079511,213.405306516899,348.685090050081,793.109229975572,407.981815701193,774.688075425201,124.672341124515,367.643966084114,10.0606244118051,8.19937344475318,13.3779136360889,30.4156065833568,15.6133625416958,29.6396582589761,4.77061494996638,14.0649371774112,0,0,54.7754420485855,129.69727717676,59.0539216565539,103.561622057156,25.5133702217371,68.5198714504827,0,0,0,0,0,0,0,0,639.182191460307,306.683350047022,1821.40187269247,1955.00413907289
"215",2007,1530,17.8333333333333,4478.57080909569,3548.95688651077,1144.65288516316,2182.58931985908,487.430216528907,722.864432014961,163.288034434299,378.766705722476,0,0,0,0,0,0,0,0,0,0,1.92410139399591,3.75510535237947,0.945073742522786,1.40673244924231,0.321825230145941,0.747250698364732,0,0,0,0,0,0,0,0,5057.2079721305,3842.3338863763,990.058672513946,1997.93161704145,566.666752628186,961.758594121307,292.32532838819,780.223802217599,194.306017620798,147.628612456826,38.1606322792601,77.0185919076656,21.8360628127166,37.060094472251,11.2728768188879,30.0875864551326,21211.9116029522,15970.8541452183,4576.80882261364,8947.963451501,2940.21357422658,4712.2925707958,1177.08833653218,2972.87765375563,814.988333255898,613.625919522136,178.196155989803,349.329615641972,115.649065415774,185.771198036657,46.3925043112391,117.3775251429,0,0,8.89461983889344,17.8755443184836,6.00116698108243,9.70210598551127,2.5446411738057,6.4811706688899,0,0,0,0,0,0,0,0,318.278926437348,260.748995599493,328.825627624438,714.091229662887,336.328397180765,630.488433092906,75.1969893632709,219.755739564103,12.2287751549249,10.0183936463487,12.6192792751693,27.3940742932195,12.8743984968627,24.1307877424143,2.87977982330005,8.41484421318288,261.538274601177,212.899949211398,349.001549770236,793.716739518407,405.382094217072,766.147393570437,127.683553314969,375.846392732449,10.0487070975457,8.17995680247071,13.3903463422708,30.439652831398,15.5144617300448,29.3140720963498,4.88604755531893,14.3793858751605,0,0,54.7657519409043,129.681152517411,58.6090456237615,102.339466629189,26.3508747647983,70.6742577710936,0,0,0,0,0,0,0,0,643.420357462745,308.577517198826,1838.05795064359,1972.86403985461
"216",2007,1530,17.9166666666667,4455.40074129089,3529.20966645914,1139.56320896189,2172.95320861813,481.889238746551,711.801364399182,166.430560983097,385.463118733394,0,0,0,0,0,0,0,0,0,0,1.91601280126679,3.73948984644179,0.934631028899066,1.38558851219627,0.328201868219553,0.76086813914094,0,0,0,0,0,0,0,0,5074.13370283755,3851.12517616309,993.997861361491,2006.0208288037,565.572263929832,955.849001258824,302.761476115884,807.114663103957,194.956331261671,147.966387869195,38.3125594729147,77.3306306609558,21.7939370060347,36.8324729664543,11.6755529844348,31.1252168627051,21188.4774601945,15935.3103195983,4573.25422269504,8941.41132672379,2920.87533160892,4662.14756577547,1212.35557201164,3059.29050941456,814.088056781695,612.260266368379,178.057713160807,349.073972966925,114.884507205325,183.786582203082,47.7830891597634,120.789249834451,0,0,8.89619218266428,17.8802608307436,5.96645528134614,9.60662008299266,2.62451673050199,6.67885347840984,0,0,0,0,0,0,0,0,319.385192706336,261.379206179716,330.210754531566,717.196736358774,335.674983559066,626.552322105478,77.2736349420735,225.394313052558,12.2712798068458,10.0426073409551,12.6726693680675,27.5137782082892,12.8498227084586,23.9809873154491,2.95944883027715,8.63119034432038,261.240772407676,212.4079827754,349.314982674978,794.324278898368,402.840493160524,757.818170074333,130.605469531554,383.732950242321,10.0372768207189,8.1610546589727,13.4026603825962,30.4636944132743,15.4177749673183,28.9965468066483,4.99807324364385,14.6817799416726,0,0,54.7545700506097,129.661399575528,58.1713169524745,101.143066749875,27.1844914683826,72.8096595083967,0,0,0,0,0,0,0,0,647.673372369382,310.476309248476,1854.71262976975,1990.6750688014
"217",2008,1530,18,4432.22279972364,3509.47464856246,1134.41956418495,2163.25567785887,476.441339887584,700.92276110348,169.472013338897,391.952462224964,0,0,0,0,0,0,0,0,0,0,1.90790374229374,3.72381242488269,0.92435379389214,1.36478001399109,0.334381837264216,0.774080533585657,0,0,0,0,0,0,0,0,5090.82401494954,3859.74197931687,997.820220556289,2013.92026263718,564.460674496634,949.870222806981,313.226536584731,834.065297158502,195.597599743648,148.29745922609,38.4599923574701,77.6353658507851,21.7511533018454,36.602186714798,12.0793606647556,32.1651958317946,21165.3679191028,15900.1487927721,4569.49198256891,8934.62014878732,2901.81036816097,4612.40967712278,1247.56568041078,3145.70086249014,813.200250771689,610.909301782043,177.91126958821,348.809054867266,114.130648793782,181.817944354916,49.1714223742492,124.200744257904,0,0,8.89770694114264,17.8847465426804,5.93218305895559,9.51171810621716,2.70439382453444,6.87677755216257,0,0,0,0,0,0,0,0,320.495333498617,262.008509982545,331.590244354788,720.281545459146,335.046075172779,622.611306833973,79.3530391696574,231.056169591138,12.3139333223259,10.0667861957777,12.7258420174868,27.6326861648584,12.8261796486414,23.830983246813,3.03922991738537,8.8484463040321,260.959591459023,211.932940563716,349.62700817081,794.935657046906,400.336714621343,749.55790727923,133.471847541437,391.468520269761,10.0264736264916,8.14280277140215,13.4149176865473,30.4878770500678,15.3225254599334,28.6816304412246,5.10798365526222,14.9784270537595,0,0,54.7426963599192,129.63937241656,57.7379145554384,99.9536662336303,28.0186843450142,74.9468348522427,0,0,0,0,0,0,0,0,651.922963556429,312.36923140123,1871.29518092824,2008.34080977837
"218",2008,1530,18.0833333333333,4408.41801309025,3489.08152013018,1128.9328202397,2153.20362323351,470.971844561114,689.614747744212,172.587807024256,398.913234229786,0,0,0,0,0,0,0,0,0,0,1.89982111254734,3.70816705246106,0.914029613325894,1.34312074585321,0.340707702125183,0.788215302533027,0,0,0,0,0,0,0,0,5107.67389439724,3868.52945730568,1001.317582763,2021.47060036651,563.218768977468,943.021584955141,323.940516902087,862.046029165376,196.244999057838,148.635088183084,38.5949381565353,77.926685381727,21.7033471936904,36.3383793595075,12.4927766238032,33.2449105141335,21143.2281598408,15865.8577409549,4564.48285252978,8926.63914075038,2882.33266163107,4559.0296852181,1283.79207237287,3236.60434522093,812.349703605402,609.591782286926,177.717036303465,348.49856883942,113.360521589664,179.705678283834,50.5997245761117,127.789231187906,0,0,8.89937482610176,17.8894583814162,5.8969864029608,9.40908738103144,2.78647908596773,7.08426365336877,0,0,0,0,0,0,0,0,321.692698330133,262.686631474709,333.027750104087,723.456553753364,334.526755502138,618.331831749299,81.57850611373,237.37338474971,12.3599381199828,10.0928407044087,12.7812388540553,27.7550506853607,12.8067264945642,23.6680079930745,3.12460928400025,9.09080591060193,260.711105323307,211.490270349742,349.943162502153,795.56256602921,397.782065283153,740.709072401301,136.432823235834,399.790379711997,10.0169266130053,8.12579466793216,13.4273298728128,30.5126479837241,15.2253186161364,28.3441624173259,5.22152493620732,15.2975387752604,0,0,54.7336822820427,129.620919353531,57.2954649234563,98.683714095022,28.8748901000032,77.1835246964006,0,0,0,0,0,0,0,0,656.081379954546,314.205638724193,1887.4652395775,2025.38597949052
"219",2008,1530,18.1666666666667,4384.72391111926,3468.83591701743,1123.45956361579,2143.15064973358,465.612084350914,678.638796318752,175.563134249498,405.496013416692,0,0,0,0,0,0,0,0,0,0,1.89158388933445,3.69231515811237,0.90391568207492,1.32209567058533,0.34676313296023,0.801619974976183,0,0,0,0,0,0,0,0,5124.3092992377,3877.14313302862,1004.79042814954,2028.95144919788,562.01082009249,936.346480253987,334.648091796879,889.913596799869,196.884157914636,148.966039379085,38.7289307969332,78.2153164950038,21.6568483599015,36.081256101293,12.9059612578986,34.3203045413983,21121.1878422393,15831.775126148,4559.49148457397,8918.6053393095,2863.25065087301,4507.02312056842,1319.7187061563,3326.40223922848,811.50297605905,608.282271306837,177.523404507264,348.185876482298,112.605930875182,177.64750488358,52.0162312977872,131.334007350266,0,0,8.90034322717411,17.8932457461185,5.86252995850402,9.30908519040293,2.86807999959188,7.28977231989451,0,0,0,0,0,0,0,0,322.8702148613,263.350594916465,334.425148535972,726.56275522465,333.986966334986,614.098769860715,83.7691089688696,243.526129186769,12.4051803133308,10.1183512381365,12.8350950247839,27.8747730591577,12.7864844766848,23.5067928264967,3.20866000184239,9.3268879093677,260.4713895081,211.055891675984,350.252158416235,796.175711888496,395.290244590571,732.086753562248,139.309718833221,407.795613426284,10.0077165641647,8.10910513884164,13.4394647772505,30.536884970687,15.1305061848504,28.0153316723392,5.33185814730802,15.6045648290454,0,0,54.7229753973549,129.598484484441,56.8602368036455,97.4421229018767,29.7268264965279,79.3982819568877,0,0,0,0,0,0,0,0,660.255173845112,316.046743059371,1903.63846265267,2042.37893042234
"220",2008,1530,18.25,4361.15098392188,3448.74494142906,1118.00284094327,2133.10343528931,460.359793829355,667.984175239459,178.401917293546,411.714043285536,0,0,0,0,0,0,0,0,0,0,1.8832220495811,3.6762912615874,0.894004266117224,1.30168154438022,0.352554569484356,0.814317275193303,0,0,0,0,0,0,0,0,5140.7077799661,3885.56708919039,1008.2302507987,2036.34644281723,560.831201555952,929.832089752945,345.342326545165,917.648614339271,197.514213768168,149.289701246152,38.8616440832856,78.5006309851339,21.611440548717,35.8303240742597,13.318647150119,35.3906303683521,21099.2612657581,15797.9104396882,4554.52197252959,8910.52811152007,2844.5578414324,4456.35643572808,1355.35253473355,3415.12632149031,810.660617541156,606.981133513969,177.33053588313,347.871346221895,111.866624830776,175.642112612587,53.4212130795182,134.836319188127,0,0,8.90072935803979,17.8962291000946,5.82879006797827,9.21163890963106,2.94919748799787,7.49332926123137,0,0,0,0,0,0,0,0,324.028403240294,264.000650257647,335.785663330648,729.604180375892,333.431173267829,609.917957605267,85.9276390290524,249.527498285044,12.4496798872646,10.1433274004337,12.88753423348,27.9920078297381,12.7656245150257,23.3475614455521,3.29148863666887,9.55719254193636,260.240830293614,210.630254432655,350.55386024971,796.776230903192,392.85874943283,723.685178973512,142.105537423546,415.494976730844,9.99885832157212,8.09275146962903,13.4513171088089,30.5606313986028,15.0379924493984,27.6949180769361,5.4390977758364,15.8999150962402,0,0,54.7105739404631,129.572153807149,56.4321749172528,96.2283887960369,30.574526781498,81.5915304146123,0,0,0,0,0,0,0,0,664.444091696845,317.892446233334,1919.81366966694,2059.32002630613
"221",2008,1530,18.3333333333333,4337.70862796431,3428.8148260302,1112.56541559599,2123.0681008626,455.212691355844,657.640401405834,181.107990518593,417.580155593824,0,0,0,0,0,0,0,0,0,0,1.87476132644214,3.66012596809606,0.884288620633999,1.28185654434629,0.358088431967771,0.826329576058206,0,0,0,0,0,0,0,0,5156.851413291,3893.78890434425,1011.6301847859,2043.64252095004,559.675484478974,923.468034200361,356.016879433335,945.233511802967,198.134477976912,149.605596532437,38.9928146960858,78.7821274604567,21.5669534748537,35.5851840685566,13.7305896498537,36.4552101588214,21077.4595965924,15764.2708018931,4549.57757124147,8902.41518474878,2826.24739766665,4406.99612073997,1390.70007847524,3502.80662464044,809.823057076269,605.688642482143,177.138559613581,347.555282902868,111.142338214495,173.688191076787,54.8149238197461,138.297345701428,0,0,8.90062907485148,17.898506800824,5.79574519304728,9.11667770673501,3.02983207307235,7.69495820549443,0,0,0,0,0,0,0,0,325.167666647059,264.636974331521,337.111938793567,732.5840058949,332.863014342791,605.793842803351,88.0565696083807,255.389237769536,12.4934523325751,10.1677759855176,12.9386579398821,28.106876759164,12.7442858221579,23.1904843210092,3.37318957760147,9.78216838439802,260.019625738562,210.213631383614,350.848159712918,797.364960227102,390.485247237548,715.498659903559,144.823300797128,422.899562414379,9.99035949506641,8.07674414031478,13.4628826416276,30.5839192119899,14.9476882301758,27.3827046872729,5.54335903066753,16.1840124162552,0,0,54.6964888152791,129.542017513137,56.0112146557961,95.0420000714963,31.4180233126384,83.7636840110373,0,0,0,0,0,0,0,0,668.647885964326,319.742651564583,1935.98986126194,2076.20975474322
"222",2008,1530,18.4166666666667,4314.40528411596,3409.05104605426,1107.14980178518,2113.0502752412,450.168495460744,647.597261938252,183.685100892583,423.106777079801,0,0,0,0,0,0,0,0,0,0,1.86622384988082,3.64384645833291,0.874762770745977,1.26260006241946,0.363371108931338,0.83767885553604,0,0,0,0,0,0,0,0,5172.72605342067,3901.799061612,1014.9847261537,2050.82935374091,558.540196109033,917.245868894461,366.665973625706,972.652473618834,198.744407036931,149.913359584262,39.1222315381423,79.0594092789743,21.5232535660139,35.3455111561683,14.1415657995269,37.5134334523733,21055.7914003416,15730.8613756213,4544.66084047023,8894.27292918068,2808.31224721046,4358.90889679592,1425.76745188011,3589.47152626454,808.990623770804,604.404996576463,176.947577934451,347.237938708764,110.432796426851,171.784438580559,56.1976017972493,141.718201856449,0,0,8.90012083501183,17.9001593469599,5.76337555276498,9.02413275367307,3.10998401451667,7.89468127363911,0,0,0,0,0,0,0,0,326.288316406452,265.259688828334,338.40614949132,735.504736834934,332.285463741391,601.729778877017,90.1580842516274,261.12186009237,12.5365096108355,10.1917016689223,12.9885495687275,28.219475822409,12.7225821804043,23.0356899819769,3.45384611834543,10.002216805474,259.807821003986,209.806150287,351.134965279868,797.942475648522,388.167552513856,707.521590236845,147.466025597986,430.020670206335,9.98222181991841,8.06108805956759,13.4741578050694,30.6067703538657,14.8595099819202,27.0784777157845,5.64475692924605,16.4572875893496,0,0,54.6807407391437,129.508168343638,55.5972839333917,93.8824401066473,32.2573475090977,85.915146603734,0,0,0,0,0,0,0,0,672.86631373204,321.597263409314,1952.16618539831,2093.04869692851
"223",2008,1530,18.5,4291.24858242043,3389.45843611829,1101.75830087231,2103.05516478199,445.224937131718,637.844818847728,186.136912113556,428.305951917225,0,0,0,0,0,0,0,0,0,0,1.85762878890241,3.62747701840408,0.865421324592952,1.24389251008517,0.368408946980271,0.848386677681006,0,0,0,0,0,0,0,0,5188.32060505517,3909.59037784466,1018.28946465046,2057.89879067769,557.422600032504,911.158627271238,377.284349760215,999.891310144602,199.343574649056,150.212714413554,39.2497254533356,79.332163420087,21.4802355298156,35.1110371798462,14.5513725202406,38.5647522496918,21034.2631559519,15697.6857625074,4539.77378314594,8886.10662848356,2790.74516825628,4312.06184805249,1460.56040312146,3675.14789498109,808.163566559378,603.130334177283,176.757671476527,346.919523633756,109.737718914449,169.929567283786,57.5694711874411,145.099944199115,0,0,8.89926936346976,17.9012532553055,5.7316627818048,8.93393724576605,3.18965342420609,8.09251935141411,0,0,0,0,0,0,0,0,327.390594747723,265.86887606169,339.670101952222,738.368369536622,331.700978700011,597.728282252269,92.2341133584497,266.734795830083,12.5788610288577,10.2151076132684,13.0372784144206,28.32988146292,12.7006075744943,22.883274888197,3.53353186055915,10.2176977650117,259.605341933928,209.407824749173,351.414194917226,798.50913539617,385.903605405171,699.748449076634,150.036703292911,436.869689603219,9.97444244705226,8.04578375016225,13.4851394020561,30.6291984400312,14.7733789695374,26.7820266231247,5.74340553043192,16.7201748889427,0,0,54.6633577342774,129.470700332474,55.1903048880416,92.7491898315331,33.09252986023,88.0463122049145,0,0,0,0,0,0,0,0,677.099135509459,323.456186789077,1968.3419065212,2109.83750207317
"224",2008,1530,18.5833333333333,4268.24541163272,3370.04124694381,1096.39301852953,2093.08758585179,440.379767973631,628.373419509321,188.46700460463,433.189344970267,0,0,0,0,0,0,0,0,0,0,1.8489926816348,3.61103931023079,0.856259383339339,1.22571523558513,0.373208240565437,0.858474165757006,0,0,0,0,0,0,0,0,5203.62664536559,3917.1577050769,1021.54094371353,2064.84457203644,556.320580768974,905.200580868088,387.86724710348,1026.9374094129,199.931657194732,150.503463227254,39.3751638605477,79.6001494217555,21.4378179255942,34.8815415427186,14.9598258928583,39.608679174863,21012.8795251256,15664.7462118381,4534.91791756982,8877.92062045862,2773.53883965721,4266.42251248538,1495.08433123212,3759.86115016465,807.342064555879,601.864741705579,176.5689020528,346.600210920759,109.056821122221,168.122306753526,58.9307427189095,148.443573133493,0,0,8.89812752567101,17.9018430311471,5.70058976253144,8.84602642199939,3.26884033045891,8.28849230211707,0,0,0,0,0,0,0,0,328.474687065498,266.464587586046,340.905287479695,741.176476584178,331.111573257518,593.79116114805,94.2863536435772,272.236471950173,12.6205137097783,10.2379957993608,13.0849016689514,28.4381538552034,12.6784390194471,22.7333083702755,3.61231145992706,10.4289328130585,259.412013441613,209.018571070026,351.685773295849,799.065106260996,383.69146404947,692.173811439573,152.538284637861,443.45801840053,9.96701464947049,8.03082799620335,13.4958245006522,30.6512097578836,14.689220974303,26.4931445236534,5.83941733989256,16.9731089428325,0,0,54.6443738087013,129.429708135778,54.7901947993409,91.641729332284,33.9235999111375,90.1575648334236,0,0,0,0,0,0,0,0,681.346114635654,325.319327213278,1984.51639025573,2126.57687427749
"225",2008,1530,18.6666666666667,4245.40201259653,3350.80322087834,1091.05588815131,2083.15200965921,435.630768111738,619.173699567016,190.678877981627,437.768256012193,0,0,0,0,0,0,0,0,0,0,1.84032985981755,3.59455272837914,0.84727242729701,1.20805040661244,0.377775222910085,0.867961985203238,0,0,0,0,0,0,0,0,5218.63794681388,3924.49755656047,1024.73648449814,2071.6619677654,555.232505199751,899.366955298667,398.410366738365,1053.77963377004,200.508415401987,150.785472058917,39.4984440090753,79.8631855341875,21.3959378470413,34.6568403096496,15.3667597490679,40.6447835212741,20991.6436907194,15632.0438807096,4530.09436808358,8869.71847389393,2756.68589704102,4221.95896599074,1529.34431532324,3843.63536836312,806.52624005515,600.608263618611,176.381316161508,346.280143903931,108.389816682798,166.361407259249,60.2816147942081,151.750037009031,0,0,8.89673868705431,17.9019736457186,5.67014040627122,8.76033755047844,3.34754475188804,8.48261921946563,0,0,0,0,0,0,0,0,329.540736655956,267.046854307265,342.112947712984,743.930310376497,330.518910746169,589.919675497178,96.3162947181919,277.634420648536,12.6614731592462,10.2603674146522,13.1314669391875,28.544340881998,12.6561401063581,22.5858387627149,3.69024164492367,10.6362092591728,259.227582003144,208.638228911123,351.949628327157,799.610396215393,381.529290998658,684.792351105097,154.973665952858,449.796981172611,9.95992868649657,8.01621463722837,13.5062102995253,30.6728045140695,14.6069657725947,26.211628290919,5.93290278465325,17.2165216116077,0,0,54.623827348291,129.385286258998,54.3968671971848,90.5595395394731,34.7505863003652,92.2492787073092,0,0,0,0,0,0,0,0,685.607016560136,327.186590473319,2000.6890838575,2143.26755645286
"226",2008,1530,18.75,4222.72404938041,3331.74764957762,1085.74868870701,2073.25259637395,430.975751937676,610.236584004247,192.775952873673,442.053631102858,0,0,0,0,0,0,0,0,0,0,1.83165277287994,3.57803468099875,0.83845623907602,1.19088092983642,0.382116057669152,0.876870330164227,0,0,0,0,0,0,0,0,5233.35011633235,3931.60782425306,1027.87405329204,2078.34750642942,554.157121634398,893.65372463991,408.909839907877,1080.40822763759,201.073680482136,151.058659914188,39.6194878964416,80.1211383254185,21.3545470482127,34.4367783154517,15.7720244597076,41.6726877223745,20970.5576126061,15599.5790303856,4525.30393328565,8861.50312097665,2740.17897360075,4178.63988069169,1563.34513916656,3926.49337381119,805.716168363542,599.360909954311,176.194947622114,345.959441132774,107.73641900986,164.645642063973,61.6222744324617,155.020235595489,0,0,8.89513843828853,17.9016823283979,5.64029949486655,8.67680988008364,3.42576674897089,8.67491862275381,0,0,0,0,0,0,0,0,330.588855520157,267.615693773324,343.294122731526,746.630877410445,329.924369714156,586.11464898247,98.3252417729631,282.935371706656,12.7017436805036,10.2822231333643,13.177014094053,28.648480987182,12.6337635293752,22.4408977001167,3.76737208625672,10.8397837108094,259.051732828342,208.266577140756,352.205689710607,800.144882143637,379.415344278912,677.598846387481,157.345677910787,455.897763214763,9.95317246350516,8.00193517700003,13.5162940710186,30.6939778956904,14.5265467931227,25.9372787770305,6.02396978401402,17.4508394594426,0,0,54.6017599610008,129.337528546416,54.0102326939956,89.5021035544502,35.5735167978405,94.3218184059926,0,0,0,0,0,0,0,0,689.881608367415,329.057882523382,2016.85950218665,2159.91031910277
"227",2008,1530,18.8333333333333,4200.21666915686,3312.87742261317,1080.47305981825,2063.39322394709,426.412572433828,601.55328605838,194.761572648771,446.056073554129,0,0,0,0,0,0,0,0,0,0,1.82297225880243,3.56150083164072,0.829806846623547,1.17419038857228,0.386236831463707,0.885218914067131,0,0,0,0,0,0,0,0,5247.76029693402,3938.48754566556,1030.95215236448,2084.89875308569,553.093479725322,888.057449488795,419.362197693982,1106.81472632161,201.62734266517,151.322989812695,39.7382380840434,80.3739141621593,21.3136088690175,34.2212229477176,16.1754857737826,42.6920638608905,20949.6222390427,15567.351188034,4520.54714211793,8853.27696568088,2724.01073193887,4136.43456618893,1597.09131409645,4008.45682389956,804.911885919957,598.122662545463,176.009819743212,345.638200567824,107.096342543823,162.973809051901,62.9528981476608,158.255023365376,0,0,8.89335597794055,17.9009999881333,5.61105255479599,8.59538457118682,3.50350646208649,8.86540861706103,0,0,0,0,0,0,0,0,331.619132954742,268.171115849165,344.449689608463,749.278996288728,329.329095620892,582.376555431739,100.314336383925,288.145337157423,12.7413287044542,10.3035633345238,13.2215767450573,28.7506054038738,12.611353067006,22.2985034296329,3.84374619437724,11.0398853171475,258.884104079447,207.903347014874,352.453888568762,800.668334868149,377.347970500572,670.588186323808,159.657076359887,461.771355288675,9.94673207822663,7.98797928993878,13.5260731462111,30.714721028415,14.4479008530846,25.6699010491364,6.11272339840041,17.6764816386836,0,0,54.5782155716724,129.286527820701,53.6301996636745,88.4689077481992,36.3924183488112,96.3755390570564,0,0,0,0,0,0,0,0,694.169658440668,330.933109412043,2033.02721661466,2176.5059517458
"228",2008,1530,18.9166666666667,4177.88455423158,3294.19506972419,1075.23051490276,2053.57751325498,421.93912451346,593.115304676638,196.639005110555,449.785854635923,0,0,0,0,0,0,0,0,0,0,1.8142977779584,3.54496531127292,0.821320476876241,1.15796299008273,0.3901435475198,0.893026963372987,0,0,0,0,0,0,0,0,5261.8669118052,3945.13670441199,1033.96972674646,2091.31412024835,552.04086433829,882.575144581418,429.764341514239,1132.99186553823,202.169341367385,151.578461124863,39.854654123275,80.6214519589995,21.2730956961451,34.0100590638822,16.5770236883874,43.7026302039242,20928.8376878271,15535.3592848764,4515.82430176542,8845.04197606304,2708.17389003618,4095.31299973187,1630.58710066173,4089.5462904531,804.1133972561,596.893480327639,175.825947174455,345.316503154299,106.469303768879,161.344731924103,64.2736527793771,161.455212617105,0,0,8.89141528121123,17.8999524085681,5.58238575034834,8.51600462409235,3.58076414176238,9.05410702709286,0,0,0,0,0,0,0,0,332.631642681688,268.713127336471,345.580394770817,751.875345485459,328.73404393723,578.705589994837,102.284575448224,293.26968852595,12.7802310636,10.3243882794626,13.265183489022,28.8507399892185,12.5889452337245,22.1586635394258,3.91940184531098,11.2367187284762,258.724299048292,207.548233492572,352.694157505297,801.180441510126,375.325598534573,663.755375031872,161.910535180366,467.4285082447,9.94059228861286,7.97433525588189,13.535544916401,30.7350218328053,14.3709679162256,25.4093045564433,6.19926555615507,17.8938581527503,0,0,54.5532396678661,129.232375599671,53.2566748182962,87.4594426870666,37.207317124305,98.410786552612,0,0,0,0,0,0,0,0,698.470936211364,332.812177243663,2049.19184567643,2193.05525582952
"229",2009,1530,19,4155.40745132948,3275.34633858456,1069.88079432315,2043.65278008544,417.377807354394,584.504721904646,198.622609217866,453.690217782234,0,0,0,0,0,0,0,0,0,0,1.80570257546172,3.52850919561359,0.812652606630287,1.14138422075891,0.394253814130209,0.901168190858026,0,0,0,0,0,0,0,0,5275.84463906457,3951.69838013602,1036.82330261372,2097.50014138967,550.76925551377,876.592594915339,440.397693199018,1159.60121419536,202.706388001442,151.830571199411,39.9647654343465,80.8601662092566,21.2241433476132,33.7796173653284,16.9874823525748,44.7298784623198,20908.5218017475,15503.7840130381,4510.67942032162,8836.36262423501,2691.52872757347,4052.40168522071,1665.20507431697,4172.8259121916,803.332914194915,595.680305786249,175.625905809289,344.977738190516,105.81049977902,159.645212547639,65.6385002396574,164.741522784514,0,0,8.8896618559878,17.8989193315527,5.55195343874315,8.43270026762734,3.66036968845033,9.24737969843413,0,0,0,0,0,0,0,0,333.680680849599,269.265632205434,346.737244021323,754.481053150649,328.107416311752,574.798021371402,104.420247910434,298.769083882884,12.8205369011764,10.3456163969673,13.3097917627311,28.9512296057089,12.5653222108392,22.0097479301712,4.00139679119712,11.4479228530911,258.580925014879,207.208879760133,352.933491931777,801.689891651155,373.190301563828,656.634203999435,164.297865133266,473.371892497227,9.93508379992683,7.96129673827431,13.5449775245782,30.7552131563778,14.289701002667,25.1376423659084,6.29094035407109,18.1222109552827,0,0,54.5290926594618,129.177973152808,52.8673131653021,86.4125171378565,38.0452127419199,100.492962695818,0,0,0,0,0,0,0,0,702.729431953553,334.670652993432,2065.14380134715,2209.3449237637
"230",2009,1530,19.0833333333333,4132.41729232286,3255.9369273,1064.27216606421,2033.44347293297,412.549717139345,575.314739588386,200.923080621606,458.198121233083,0,0,0,0,0,0,0,0,0,0,1.79715984513067,3.51210337264492,0.803465060436108,1.12366832385352,0.398983915596822,0.910492351487363,0,0,0,0,0,0,0,0,5289.97680838205,3958.39219521039,1039.4430347341,2103.4313287226,549.064397812695,869.527008658327,451.592320390311,1187.40658316902,203.249368546351,152.087758279112,40.0658909645488,81.0890811755626,21.1584930546829,33.507436002338,17.4195793033531,45.8032369800423,20888.9317036672,15472.7568406787,4504.62209186665,8826.74986538165,2672.90348420045,4004.82272864871,1702.3513482244,4261.35903092296,802.580315626196,594.488190142655,175.39093178978,344.603210880828,105.07387026658,157.761876678089,67.1027294844999,168.23465061045,0,0,8.88803399915765,17.8978850981955,5.51738044195548,8.33952396871466,3.7452827205339,9.45172745942701,0,0,0,0,0,0,0,0,334.818678212878,269.852403086983,347.957975502765,757.144748624394,327.394177637265,570.325243084778,106.892791551304,305.060945023624,12.8642606891172,10.3681610695587,13.3568495120979,29.0539392836215,12.5383764175891,21.8391733170525,4.09629709974747,11.6894823531757,258.460662853856,206.889202088016,353.176436907708,802.192252717304,370.786163699741,648.752676390262,167.016801802435,480.101678472414,9.93046330196694,7.94901420649075,13.554545115298,30.7751245072184,14.1981297197883,24.8368442483272,6.39531948432146,18.3806884201367,0,0,54.5079430603036,129.125885461593,52.439168526695,85.2667179089469,38.9341215298448,102.688042896367,0,0,0,0,0,0,0,0,706.88609345812,336.482568540316,2080.65756001561,2225.13769567048
"231",2009,1530,19.1666666666667,4109.58363076004,3236.70469996108,1058.7000329495,2023.2727973185,407.822726098103,566.406664252835,203.096647039263,462.3890668293,0,0,0,0,0,0,0,0,0,0,1.78850828078891,3.49557693686088,0.794473478722518,1.10649664857627,0.403470067891314,0.919202287149394,0,0,0,0,0,0,0,0,5303.92472119194,3964.93945778776,1042.05308911907,2109.31834783893,547.411583482812,862.669566076597,462.767442520765,1215.03623551365,203.78526966158,152.339314577515,40.1666324910957,81.3162787390042,21.0948458978883,33.2432711341272,17.8509332901613,46.8698441648323,20869.3817148172,15441.8802231846,4498.60089637635,8817.10789130502,2654.66550684735,3958.54420975987,1739.16356652063,4348.75255635981,801.829257129723,593.301859085671,175.157269957523,344.227406740815,104.352484880186,155.929846312078,68.5538098848555,171.682730863964,0,0,8.88574778180984,17.8960048799741,5.48355140471041,8.24889919971325,3.82960577780016,9.65386164724531,0,0,0,0,0,0,0,0,335.93113513157,270.423334994132,349.133364897927,759.736883261658,326.656678544568,565.920336137433,109.312440462739,311.174144947935,12.9070031715795,10.3900971834561,13.4021648367142,29.1538990666386,12.510495785353,21.6711812314641,4.18917526242837,11.9242099428336,258.343980850193,206.571239416364,353.40695003253,802.664126953704,368.441527317972,641.076948064993,169.672385078011,486.585852684892,9.92598035577009,7.93679756786732,13.5636326085968,30.793859068654,14.1088263549655,24.5438968011553,6.49727959866106,18.62978194455,0,0,54.485079097513,129.070099810602,52.0188006469533,84.1494349097574,39.8177228417081,104.859526022781,0,0,0,0,0,0,0,0,711.056746734077,338.298374664021,2096.16491185229,2240.87319833922
"232",2009,1530,19.25,4086.91566095688,3217.6556911653,1053.16679574721,2013.1464389088,403.19475264942,557.770836445174,205.147340342607,466.275633895108,0,0,0,0,0,0,0,0,0,0,1.77977643348841,3.47896109133516,0.785670456471102,1.0898477253368,0.407718440544462,0.927318917468683,0,0,0,0,0,0,0,0,5317.66279633325,3971.32193495956,1044.64312560155,2115.14091980734,545.803499713965,856.004104251418,473.916310368433,1242.47417753705,204.313108478017,152.584539557117,40.2665935840645,81.5409807801245,21.0329208901846,32.9865014008278,18.2812843872563,47.9290838194338,20849.8896631372,15411.1662697148,4492.62030210947,8807.44711977743,2636.80870019455,3913.5325527497,1775.64996806796,4435.04035667597,801.080423684882,592.121777868402,174.925096697845,343.850734919918,103.646105347127,154.147803230668,69.9920629925563,175.087095565616,0,0,8.88292220377184,17.8933989417016,5.45044399796524,8.16075214685614,3.91334467972146,9.85382316119395,0,0,0,0,0,0,0,0,337.019060918227,270.978877844326,350.267594277526,762.262471693666,325.900805552491,561.58837156595,111.683404047846,317.122619792692,12.9488031279364,10.4114420252074,13.4458982982318,29.2513014169253,12.4819058624762,21.5059664057673,4.28019231001261,12.1526385394104,258.231415194786,206.255845766035,353.625282058711,803.108494461532,366.15351823649,633.602539660132,172.265688401026,492.832293223225,9.92165556270944,7.92467963524959,13.5722495717665,30.8115310470349,14.0216810227681,24.2586293456186,6.59686130770906,18.8697914388981,0,0,54.4605133496397,129.010725347304,51.6061191986813,83.0600547003444,40.6960852180629,107.007950063483,0,0,0,0,0,0,0,0,715.241080607731,340.1179664698,2111.6645568136,2256.55213168809
"233",2009,1530,19.3333333333333,4064.42142185018,3198.7950275001,1047.67456087647,2003.06949448838,398.663692039474,549.397846981481,207.079078995342,469.86993732803,0,0,0,0,0,0,0,0,0,0,1.7709886440198,3.46228336834425,0.777049572415284,1.0737015161758,0.41173524745803,0.934862888398272,0,0,0,0,0,0,0,0,5331.17060264345,3977.52534617804,1047.20476968377,2120.8828121737,544.234243087537,849.517331777388,485.032767636152,1269.70622984999,204.832099997723,152.822884536436,40.3654531619035,81.7625643661786,20.9724911331032,32.7366156596923,18.7103954130359,48.9804093769243,20830.4697496575,15380.6243719814,4486.68378738367,8797.77601243708,2619.32654016367,3869.75419836557,1811.81828497626,4520.25440891463,800.334360920416,590.948307335276,174.69455005809,343.473528746437,102.954476659686,152.414429841989,71.4177907910333,178.449003291566,0,0,8.87965407368482,17.8901645802321,5.41803748376556,8.07501028174074,3.99650444213942,10.0516498087076,0,0,0,0,0,0,0,0,338.083302007516,271.519386690966,351.364110904535,764.725462071288,325.131349203658,557.332923665256,114.009463788984,322.918922422755,12.9896930795341,10.4322092365323,13.4881822443761,29.3462978445254,12.4527901803303,21.3436661513548,4.36949287837194,12.3752480901235,258.123305295046,205.943663413895,353.831712514457,803.527875735601,363.919567367278,626.324936805459,174.797971926966,498.849264316246,9.91750196342933,7.91268508593994,13.5804066928809,30.8282370507146,13.9365955328106,23.9808698725057,6.69411239662273,19.1010316856856,0,0,54.434270082636,128.947872546126,51.2010257300723,81.9979619611649,41.5692748048893,109.133836593552,0,0,0,0,0,0,0,0,719.438795565937,341.941241797312,2127.15542508349,2272.17530811307
"234",2009,1530,19.4166666666667,4042.10797290614,3180.12706869317,1042.22518470371,1993.04655693389,394.227433728122,541.278551329658,208.895673186473,473.183650679799,0,0,0,0,0,0,0,0,0,0,1.7621657593207,3.4455681413177,0.768605145252155,1.0580391750241,0.415526717753957,0.941854509769409,0,0,0,0,0,0,0,0,5344.43190059568,3983.53861467037,1049.73124425969,2126.53106295825,542.699024762649,843.19820271052,496.111207001429,1296.71989363,205.341620272108,153.053923928145,40.4629513808491,81.9805320083024,20.9133725119278,32.4931889766115,19.1380502502518,50.0233387870968,20811.1332345438,15350.2617293033,4480.7940316117,8788.10145403685,2602.21220212741,3827.17581755906,1847.67578593942,4604.4249475151,799.591501473185,589.781724095452,174.465737122408,343.096060387189,102.277332058682,150.728417493842,72.8312773648037,181.769644902811,0,0,8.87602263208155,17.8863811336233,5.38631244255314,7.99160276542185,4.0790894716553,10.2473768668385,0,0,0,0,0,0,0,0,339.124575702185,272.045144760001,352.425777713197,767.128983868455,324.352234756378,553.156436238545,116.294013918139,328.574360881922,13.0297005862665,10.4524096994249,13.5291265855496,29.4390084203291,12.4232991009682,21.1843744122732,4.4572067670025,12.5924708751618,258.019835852678,205.635163566344,354.026531921908,803.924386685941,361.737351777588,619.23958983417,177.270646830771,504.645295146349,9.91352665453823,7.90083202443989,13.5881150949747,30.844058192668,13.8534811258096,23.7104450156877,6.78908645573176,19.3238276922674,0,0,54.4063821585352,128.88165176614,50.8034156710531,80.9625422587404,42.4373554818984,111.237691345384,0,0,0,0,0,0,0,0,723.649601694981,343.768100587141,2142.63662949155,2287.74361727502
"235",2009,1530,19.5,4019.9815248019,3161.65551240628,1036.82030649808,1983.08177861056,389.883873155464,533.404075695652,210.600829401395,476.228027093792,0,0,0,0,0,0,0,0,0,0,1.75332566200532,3.42883702712204,0.760332077393375,1.04284288773094,0.419099073194233,0.948313715403068,0,0,0,0,0,0,0,0,5357.4339482578,3989.35332557117,1052.21710252653,2132.07542002973,541.193960942896,837.037474681742,507.146534046459,1323.5042353613,205.841179735762,153.277334419661,40.558879400354,82.1944901707751,20.8554156589197,32.2558656751372,19.5640524673849,51.0574501082983,20791.8889331433,15320.0837277079,4474.95305305451,8778.4290249398,2585.4586492193,3785.76444690406,1883.22931243381,4687.58059277644,798.85218404693,588.622235088506,174.238739331416,342.718551384344,101.614396468769,149.088471749054,74.2327902926565,185.050148500549,0,0,8.87209275821311,17.8821134028124,5.35525058239191,7.91046061009527,4.1611037013054,10.4410375115568,0,0,0,0,0,0,0,0,340.143494200683,272.55637948521,353.454979634031,769.475518468513,323.566681458324,549.060465031785,118.540098331714,334.099121476342,13.068849169754,10.4720521522547,13.5688228768789,29.5295283257768,12.3935559257453,21.0281510685465,4.54345035376882,12.8046962227874,257.921067042987,205.330676124312,354.210031958254,804.29978724031,359.604756404359,612.341927666242,179.685244159025,510.22908048976,9.90973194814455,7.88913312606864,13.5953859558507,30.859061949062,13.7722570033956,23.4471805750142,6.88184168562338,19.5385108800298,0,0,54.376888967917,128.812172439263,50.4131797474979,79.9531839998097,43.3003889608337,113.320004726368,0,0,0,0,0,0,0,0,727.873217213044,345.598444459367,2158.10743267582,2303.25800358975
"236",2009,1530,19.5833333333333,3998.04752996567,3143.38346713526,1031.461371245,1973.1789149462,385.630920665535,525.765824051771,212.198152725764,479.013910948201,0,0,0,0,0,0,0,0,0,0,1.7444836479395,3.41210917439768,0.752225748822566,1.02809576794856,0.422458509174131,0.954260026709752,0,0,0,0,0,0,0,0,5370.16700664236,3994.96333933446,1054.6580371688,2137.50793991271,539.715924920315,831.027398456307,518.134142164106,1350.04980385753,206.330404201212,153.492880119808,40.6530720711498,82.4041338917286,20.7985002781215,32.0243474271548,19.9882243604197,52.0823783362615,20772.7435706449,15290.094211114,4469.16230736369,8768.76319556757,2569.05869696302,3745.48759355159,1918.48530403451,4769.74843913287,798.116667038777,587.469988003735,174.013616286506,342.341180172745,100.965389012715,147.493316477273,75.6225816211472,188.291582823991,0,0,8.86791722942981,17.8774140512369,5.32483460857319,7.83151678920029,4.2425506887424,10.6326631305514,0,0,0,0,0,0,0,0,341.140581781601,273.053274024221,354.453699112382,771.767020068471,322.77731436986,545.045846242965,120.75043769099,339.502358749305,13.1071589735977,10.4911436322309,13.6073472176777,29.6179324954018,12.3636611842648,20.8750284029444,4.62832763369574,13.012273956798,257.82695644575,205.030411265055,354.382499121811,804.655518653285,357.51984783405,605.627371758466,182.043390399062,515.609401660584,9.90611621447455,7.87759646617036,13.6022302631177,30.8733035863125,13.6928493213794,23.1909020446957,6.97243996011625,19.7454160531561,0,0,54.3458349579903,128.7395425001,50.0302050101167,78.9692800088045,44.158434854829,115.381252076549,0,0,0,0,0,0,0,0,732.10936747101,347.432176433392,2173.56722405687,2318.71945036261
"237",2009,1530,19.6666666666667,3976.31078210825,3125.31353197232,1026.14965479106,1963.34137290474,381.466509653902,518.355479657054,213.69115088456,481.55175635357,0,0,0,0,0,0,0,0,0,0,1.73565283591295,3.39540158429227,0.744281905697159,1.01378174059672,0.425611176716904,0.959712524037928,0,0,0,0,0,0,0,0,5382.62381047827,4000.36438000481,1057.05067650479,2142.82256042672,538.262393728057,825.161400111091,529.069876683476,1376.34851490388,206.809014525125,153.700396739541,40.7454001232201,82.609230399309,20.7425292629199,31.7983810595186,20.4104055806828,53.0978109890016,20753.7021610497,15260.2957695508,4463.42279246835,8759.10753331986,2553.0050776932,3706.31332690934,1953.44983152888,4850.95417125302,797.385143099814,586.325082353981,173.790409801088,341.964090082709,100.330025518518,145.941697430236,77.0008891400342,191.494961731424,0,0,8.86353912103333,17.8723261423902,5.29504807779225,7.75470631579891,4.32343371933057,10.8222836550481,0,0,0,0,0,0,0,0,342.116292896642,273.535979099296,355.423595913922,774.00504123173,321.986282463702,541.112871025812,122.927461517884,344.792301026423,13.1446474585397,10.5096899303438,13.6447633155616,29.7042804379465,12.3336971635767,20.7250177971325,4.71193144917591,13.2155184402824,257.737382103745,204.734482450372,354.544208849279,804.992745704879,355.48084461348,599.091346390577,184.346783011666,520.79505129819,9.90267476781674,7.86622640412661,13.6086585865484,30.8868277758406,13.6151900504981,22.9414350023301,7.06094588763733,19.9448785137093,0,0,54.3132681123198,128.663867847829,49.654375886465,78.0102289548684,45.0115508061096,117.421894238095,0,0,0,0,0,0,0,0,736.357783877492,349.269200640726,2189.01549534568,2334.12896367069
"238",2009,1530,19.75,3954.77549325315,3107.44785844395,1020.88628332783,1953.57224853014,377.388602490983,511.165004548318,215.083237426565,483.851642548291,0,0,0,0,0,0,0,0,0,0,1.72684448511164,3.37872937012959,0.736496585804683,0.999885460929458,0.428563167468494,0.964689825971754,0,0,0,0,0,0,0,0,5394.79916415833,4005.55372107916,1059.39242877817,2148.01477547977,536.831333834297,819.433846708519,539.950004344869,1402.39355008452,207.276811083965,153.899779522252,40.8357641981814,82.8096066425186,20.6874243101892,31.5777495615922,20.8304519673274,54.1034842342251,20734.76829636,15230.6899587114,4457.73512836746,8749.46485918959,2537.290488098,3668.21034152383,1988.12862485715,4931.22216314594,796.65775024611,585.187577911216,173.569146983198,341.587395398746,99.708020371276,144.432384699489,78.3679374576122,194.66124802316,0,0,8.85899356592233,17.8668849711043,5.26587529196697,7.67996624651002,4.40375588171846,11.0099278182519,0,0,0,0,0,0,0,0,343.071025725747,274.004621662345,356.366066488649,776.190823693557,321.195344837938,537.261407443294,125.073336591138,349.97634268888,13.1813299232729,10.5276959242889,13.6811247659611,29.7886197238223,12.3037312144452,20.5781144114871,4.79434457847317,13.4147121112708,257.652160029272,204.442924205076,354.695422688262,805.312393751001,353.48609655722,592.729293030432,186.597169064415,525.794770090833,9.89940053914977,7.85502426643369,13.6146809681039,30.8996700123999,13.539216182774,22.6986056565747,7.14742599163287,20.1372316345884,0,0,54.2792388697436,128.585252041513,49.28557497559,77.0754364730691,45.8597925905332,119.442378024497,0,0,0,0,0,0,0,0,740.618203125993,351.109422140252,2204.45182266881,2349.48756141516
"239",2009,1530,19.8333333333333,3933.44535940443,3089.78820323549,1015.67225002576,1943.87435905551,373.395195102337,504.186637202235,216.377734695835,485.92328849441,0,0,0,0,0,0,0,0,0,0,1.71806826515539,3.36210598463326,0.728866061052198,0.986392249131442,0.431320500943299,0.96921007440878,0,0,0,0,0,0,0,0,5406.68960192475,4010.52992179854,1061.68135130338,2153.0813627041,535.42110746642,813.839856559185,550.771184043785,1428.17925907489,207.733660717773,154.090973111678,40.9240898338016,83.0051388470428,20.6331223254145,31.362264802589,21.248234428009,55.0991791481102,20715.9443896901,15201.2774839961,4452.09962397809,8739.83737850372,2521.9076276081,3631.1480029749,2022.52709917636,5010.57557095552,795.934581199352,584.057501777813,173.349842818701,341.211186418648,99.0990880095608,142.96417451387,79.7239390037954,197.791357021759,0,0,8.85430919771275,17.8611195490881,5.23730121034143,7.60723565448526,4.48352012939068,11.1956233722082,0,0,0,0,0,0,0,0,344.005133381927,274.459311892774,357.28229289104,778.325371410728,320.405941118479,533.49099681856,127.189993304217,355.061129134325,13.2172199349484,10.5451658473353,13.716476930736,29.87098879097,12.273818451118,20.4343008822831,4.87564074613579,13.6101087383384,257.571058805156,204.155707163356,354.83638690054,805.615182648999,351.534067817787,586.536684168426,188.796326401549,530.617192976705,9.89628463713546,7.84398892480808,13.6203068671291,30.9118579131823,13.4648690825379,22.4622413757649,7.23194798829487,20.3228047958632,0,0,54.2437992609595,128.503796103906,48.9236837047684,76.1643160796008,46.7032142206401,121.443136688488,0,0,0,0,0,0,0,0,744.890366573749,352.952746785404,2219.87585193839,2364.79626486751
"240",2009,1530,19.9166666666667,3912.32361710364,3072.33597360018,1010.5084293819,1934.25027065573,369.484320496108,497.412888833497,217.577876630227,487.776066768593,0,0,0,0,0,0,0,0,0,0,1.70933248770111,3.34554341915083,0.721386791786148,0.973288035724254,0.433889113863162,0.973290924410364,0,0,0,0,0,0,0,0,5418.29309916539,4015.29260358282,1063.91603947179,2158.02015325576,534.030395173925,808.375144434674,561.530438643084,1453.7010653093,208.179485637715,154.273962962165,41.0103232094356,83.1957436870275,20.5795724505639,31.1517615894667,21.6636378600715,56.0847181021179,20697.2318817119,15172.0583563059,4446.51633368946,8730.22679116271,2506.84922964371,3595.09638081722,2056.65037926027,5089.03641993217,795.215691318781,582.934854372359,173.13250235728,340.835533720412,98.5029441442682,141.535890533078,81.0690949692438,200.886159928601,0,0,8.8495093535902,17.8550538321157,5.20931137467535,7.53645558653101,4.56272933162598,11.3793972696769,0,0,0,0,0,0,0,0,344.918933263187,274.90014889573,358.173283547742,780.409510010597,319.619249818071,529.800931239883,129.279149937537,360.052634485142,13.2523296884913,10.5621035072611,13.750858503813,29.9514192285361,12.2440039890641,20.2935502954489,4.95588555348942,13.801936398385,257.493811869622,203.872750906436,354.96733197413,805.901657495419,349.623322554608,580.50903545931,190.946047330425,535.27080426341,9.89331682012303,7.83311728942956,13.625545140651,30.9234123951756,13.3920939373597,22.2321711525786,7.31458016083128,20.5019216630656,0,0,54.2070022060544,128.419598394471,48.5685828782727,75.2762899150726,47.5418680473846,123.424590390238,0,0,0,0,0,0,0,0,749.174019737819,354.79908112994,2235.28728668067,2380.0560920013
"241",2010,1530,20,3890.77761305463,3054.43280672051,1005.13475895597,1924.35632725989,365.169363923055,488.807056234475,219.237627998656,491.489670746341,0,0,0,0,0,0,0,0,0,0,1.70076599617669,3.32915187400009,0.713111453285261,0.956587995290626,0.437352826571226,0.981008104721076,0,0,0,0,0,0,0,0,5429.94681794481,4020.11203961644,1065.94700105032,2162.67897920884,531.960636339062,799.721973130966,573.05028218179,1482.41423909245,208.627240149489,154.45913340167,41.0887315809606,83.3755850013724,20.4998538425767,30.8183852462973,22.1083584669297,57.1932521519072,20679.1185593015,15143.2983227789,4440.27297987809,8719.81364939622,2488.80149426014,3545.26874680137,2094.2820295361,5181.71140418507,794.519821856025,581.829846132089,172.889953485334,340.429158259327,97.789381408371,139.565408025211,82.552079689259,204.540390042183,0,0,8.8452803256806,17.8493036685393,5.17502838214854,7.43662525209134,4.64926940950989,11.5929945399049,0,0,0,0,0,0,0,0,345.929648549321,275.370410831644,359.153213690969,782.552980189005,318.627340424775,524.165742660565,131.86673642692,367.212590668993,13.2911630831216,10.5801717202367,13.7886522677933,30.0341217537435,12.2063222590999,20.0782773543019,5.05522798097886,14.0768318567132,257.434984742895,203.606527253519,355.105850168168,806.184652918586,347.29189221026,572.253268599636,193.573691008594,542.197212894784,9.89105671836285,7.82288854754494,13.6310706826808,30.9348253168426,13.3031950961037,21.9167436202394,7.41552283986413,20.7680918060241,0,0,54.173513383486,128.337596127367,48.1561082287812,74.1019178098303,48.4492496054578,125.7032705402,0,0,0,0,0,0,0,0,753.346723914455,356.604233836523,2250.24564124096,2394.89668025034
"242",2010,1530,20.0833333333333,3868.76099678277,3036.04978417847,999.547012026586,1914.17313919395,360.487309186927,478.591912528737,221.308118708793,496.830466019751,0,0,0,0,0,0,0,0,0,0,1.69223133025611,3.3127661721927,0.704124259826777,0.936727663418683,0.441627600064713,0.991937073187332,0,0,0,0,0,0,0,0,5441.83534668067,4025.11870638267,1067.84832157805,2167.19664680206,529.294751753412,788.216614357086,585.366717439614,1514.33877377269,209.08401643529,154.651497545336,41.1621579874759,83.5499929153849,20.3971581151958,30.3750890305694,22.5837804163373,58.4255433558671,20661.4193491786,15114.8611381527,4433.36479218639,8708.55975410261,2467.96286688652,3482.95052493055,2135.19036435333,5287.30542189037,793.839862067003,580.737242294491,172.621974433975,339.990530322551,96.9661943960932,137.103312104544,84.1638035313901,208.703086369015,0,0,8.84110188460669,17.8433304503046,5.13491656082087,7.31045498799737,4.74277751366734,11.834120234113,0,0,0,0,0,0,0,0,347.025432752769,275.866639497596,360.196882343317,784.732920544224,317.410320293674,516.710011406969,134.885181005206,376.18160397967,13.3332649582026,10.5992376165711,13.8288905734461,30.1182187514162,12.1600112779229,19.7932510843945,5.17107995300407,14.4210319480008,257.387432473569,203.347500748724,355.243155121278,806.431325083347,344.570718590955,561.944438494442,196.649250700501,551.18720941071,9.88922981170496,7.81293633168035,13.6365463172687,30.9448364896231,13.1993571247893,21.5226578723674,7.53362748877389,21.1133078387465,0,0,54.1427993878547,128.256714269216,47.6899802287507,72.6673481552811,49.4214786019079,128.253985347721,0,0,0,0,0,0,0,0,757.412411625032,358.369376533913,2264.75326447444,2409.28060084047
"243",2010,1530,20.1666666666667,3846.88950409613,3017.82808018121,994.000508211698,1904.03762447735,355.919463012744,468.797345193971,223.242117300099,501.728093311307,0,0,0,0,0,0,0,0,0,0,1.68359157113072,3.2962639201394,0.695361667031,0.917677021154835,0.445643253136893,1.0020219063526,0,0,0,0,0,0,0,0,5453.6381467286,4030.05424464607,1069.76928245671,2171.72604644398,526.723249902123,777.153725678704,597.67929817684,1546.09049359258,209.537498887807,154.841128818177,41.2363274619952,83.7248322372537,20.2980961882519,29.9488392099429,23.0590577609018,59.6511805532881,20643.6392791788,15086.4718135873,4426.4907564777,8697.2683552139,2447.60616465048,3422.84052195717,2175.64199999303,5390.81475803757,793.156794643315,579.646477340847,172.355227681567,339.55030780143,96.1619804146873,134.728265315977,85.7575650907447,212.783570217392,0,0,8.83627484109701,17.836507667589,5.09577271603872,7.18876489781689,4.83549168703203,12.0713250099438,0,0,0,0,0,0,0,0,348.090408912313,276.346491746483,361.191143503646,786.842466246182,316.172316867133,509.446230133053,137.810105114769,384.687722411142,13.3741831383825,10.617674304801,13.8672301441135,30.1996098804054,12.1128911855435,19.5155599652628,5.28335195121444,14.7475088462234,257.336589696478,203.082734251038,355.361762006738,806.627562708776,341.916042830865,551.956903544739,199.651970212184,559.807714789837,9.88727647598595,7.8027635761769,13.6413012612678,30.9529049935214,13.0980563992961,21.1408481684816,7.6489463255871,21.4443859484195,0,0,54.1102390646467,128.172061946186,47.2335595952071,71.2800891168336,50.3860923950251,130.762582053808,0,0,0,0,0,0,0,0,761.490774868865,360.137644286895,2279.23713636654,2423.5578616404
"244",2010,1530,20.25,3825.17791434896,2999.77823442752,988.498893090706,1893.95788071707,351.463285288886,459.404685850152,225.044835134499,506.204929345132,0,0,0,0,0,0,0,0,0,0,1.67487612842015,3.27967851145293,0.686814361193831,0.899398304591476,0.449406815778874,1.01129730866733,0,0,0,0,0,0,0,0,5465.30201916825,4034.87972161452,1071.69046771038,2176.22809473989,524.231908097271,766.497577763027,609.975299379274,1577.63331048833,209.985643519444,155.026531360059,41.3104950713675,83.8986027497349,20.2021215265178,29.5382614491866,23.5337013624574,60.8687771521072,20625.8178629126,15058.1585164037,4419.6597553156,8685.95866882043,2427.72412626624,3364.86439682942,2215.65216420243,5492.32770950679,792.472137759201,578.558633504621,172.090061128444,339.109242124753,95.3764546866325,132.437345829495,87.3339590474239,216.785306691602,0,0,8.83092324550478,17.8289677382411,5.05756809635124,7.07139412257027,4.92742617376796,12.304737026254,0,0,0,0,0,0,0,0,349.126270355104,276.81070698114,362.141335972653,788.887955274243,314.921196583016,502.377980139171,140.649674812148,392.773714255192,13.4139826839669,10.635510193966,13.9038760252307,30.2785385654603,12.0652635602152,19.2453422122828,5.39235677886623,15.0579005425585,257.284573143357,202.8146526765,355.464169432539,806.782650079975,339.32611089112,542.285353964072,202.582114525946,568.061963765419,9.88527803941878,7.79246345018701,13.6454314049555,30.9593870485685,12.9992260052563,20.7711124485823,7.76148908313286,21.7614482606066,0,0,54.0758934056424,128.083852585628,46.7867258651857,69.9387274590668,51.3432625939545,133.230488718632,0,0,0,0,0,0,0,0,765.581462292329,361.908934670222,2293.69611517904,2437.73119551139
"245",2010,1530,20.3333333333333,3803.63889456522,2981.9091214864,983.045271534363,1883.94094661119,347.116169617606,450.395956815137,226.72128364742,510.282252948157,0,0,0,0,0,0,0,0,0,0,1.66611034811938,3.26303989425545,0.678474252079473,0.881855981153914,0.452925496438739,1.01979756774508,0,0,0,0,0,0,0,0,5476.7840998763,4039.5640971516,1073.59639405444,2180.67187957085,521.809440286244,756.218662741733,622.243233095118,1608.93466378125,210.426803422038,155.206512559303,41.3840666984206,84.0701176822801,20.1088003034156,29.1422203081285,24.0072694867124,62.0770816523109,20607.9871674549,15029.94385449,4412.87873774621,8674.64606517466,2408.30858589105,3308.94875798075,2255.23500433149,5591.9272186012,791.78712348274,577.47457941693,171.826747812475,338.667935656746,94.6092972108759,130.227669234817,88.8935382610035,220.711552687462,0,0,8.8251467798009,17.8208153743468,5.02027473126673,6.95818461082388,5.01859317129773,12.5344736338709,0,0,0,0,0,0,0,0,350.13439883651,277.259834910293,363.051682706107,790.873989021866,313.663105094968,495.506370138717,143.411203502953,400.478041060578,13.4527166841778,10.6527664047545,13.9389904051667,30.3551815224907,12.0173639647846,18.9826410886534,5.49837454852788,15.35367998737,257.233012820552,202.545199679524,355.552510600292,806.904331291566,336.799237713361,532.923815381626,205.440381399871,575.955815813929,9.88329712946486,7.78211063202131,13.6490186313626,30.9645798179143,12.9028016839123,20.4132231905081,7.87128211235331,22.064717608695,0,0,54.0398281060741,127.992284891902,46.3493450339272,68.6418676011093,52.2931529038528,135.659078907975,0,0,0,0,0,0,0,0,769.684140988725,363.68314949404,2308.12934366919,2451.80341801331
"246",2010,1530,20.4166666666667,3782.28337789554,2964.22825208301,977.642304857502,1873.99298782157,342.875476569344,441.753865941267,228.276291378055,513.980332291024,0,0,0,0,0,0,0,0,0,0,1.65731620544061,3.2463749664503,0.670334142207341,0.86501641988247,0.45620660748387,1.02755637230447,0,0,0,0,0,0,0,0,5488.04974614599,4044.08259145511,1075.47466970379,2185.0328953081,519.446805532332,746.292184430339,634.47272191562,1639.96533097866,210.859647567395,155.380120336282,41.4565667998176,84.2384360554123,20.0177848810939,28.7597613239019,24.479362965836,63.2749704526782,20590.1733422508,15001.8460332266,4406.1531394713,8663.34290914678,2389.35075019405,3255.02153562066,2294.40371019797,5689.6913542428,791.102756518515,576.395014557479,171.56550213774,338.226874197342,93.8601635230841,128.096402983888,90.4368185210925,224.565375523642,0,0,8.81902659039961,17.8121347167294,4.9838655963079,6.84898236861213,5.1090033021147,12.7606430728207,0,0,0,0,0,0,0,0,351.115936984066,277.694285344061,363.925571191856,792.803921438177,312.402910373165,488.830802156372,146.101250493944,407.835360108772,13.4904290405652,10.6694586827267,13.9727033800897,30.4296675396414,11.969378949596,18.7274343126519,5.60165645999978,15.6361743414326,257.183154350228,202.275932882723,355.628594882643,806.999043926872,334.333767510337,523.865759048752,208.227818566564,583.497180476961,9.88138160494276,7.77176496803103,13.6521324067107,30.9687303602154,12.8087202979845,20.0669316034113,7.97836520340509,22.3544954954054,0,0,54.0021113215914,127.897543926474,45.9212729843522,67.3881352447682,53.2359198804113,138.049674895862,0,0,0,0,0,0,0,0,773.798492354197,365.460193480922,2322.53617392465,2465.77737119145
"247",2010,1530,20.5,3761.12076307385,2946.74193261467,972.292262102469,1864.11939438694,338.738553276054,433.461813208377,229.714510405683,517.318461154928,0,0,0,0,0,0,0,0,0,0,1.64851268200373,3.22970781147907,0.66238757199508,0.848847751549893,0.459257518505319,1.03460669567036,0,0,0,0,0,0,0,0,5499.07141801878,4048.41581768255,1077.3155471225,2189.29210365144,517.136840274324,736.697259749884,646.654443371591,1670.69935510096,211.283117826267,155.546609817502,41.5276212620907,84.4028266739048,19.9287997044327,28.3900803676811,24.949623077001,64.461445109295,20572.3974277301,14973.8794696283,4399.48710501898,8652.05900362837,2370.84134875073,3203.01220741329,2333.17057314523,5785.69354148839,790.419845275707,575.320492850887,171.306488454316,337.786444127075,93.1286905410007,126.040775175957,91.9642808233983,228.349661787343,0,0,8.81262821482727,17.8029928462577,4.94831465851313,6.74363793640199,5.19866587435999,12.9833454749307,0,0,0,0,0,0,0,0,352.071826639306,278.114354635023,364.765697228289,794.680108616245,311.144422345656,482.349338706467,148.725679488725,414.876816443407,13.5271559401619,10.6855984142227,14.005118475193,30.502087062651,11.9214544821317,18.4796481590413,5.70242704309892,15.9065761666985,257.135913781545,202.008075112621,355.69393617745,807.072058088895,331.928067688492,515.104206367632,210.945766595973,590.695652009451,9.8795666619586,7.76147344116604,13.6548308653544,30.9720409560247,12.7169195928367,19.7319716193379,8.08278939241499,22.6311480817005,0,0,53.9628125975491,127.799801878566,45.502357453543,66.1761803082584,54.1717131703337,140.403548403779,0,0,0,0,0,0,0,0,777.924210008415,367.239973614404,2336.91613100896,2479.6558971486
"248",2010,1530,20.5833333333333,3740.15911264186,2929.45542331126,966.997070993644,1854.32487790431,334.702750971945,425.503887246215,231.04042460372,520.315004444719,0,0,0,0,0,0,0,0,0,0,1.63971614757183,3.21305994774386,0.654628669327536,0.833319722027926,0.462085612094397,1.04098069460393,0,0,0,0,0,0,0,0,5509.82756859328,4052.54892443835,1079.11148151827,2193.43500627121,514.873905360402,727.41616470745,658.780058319291,1701.11391219951,211.696386332244,155.705410388597,41.5969404769524,84.5627325701748,19.8416277612389,28.0324947101844,25.4177288060458,65.6356272971447,20554.6761587075,14946.0554000715,4392.88370669743,8640.8020264806,2352.77077607905,3152.85198333903,2371.54705516516,5880.00283854349,789.739032735839,574.25144601654,171.049829515967,337.346949306418,92.4145020851929,124.058081748573,93.4763740378381,232.067128035003,0,0,8.8060044563352,17.7934432119422,4.91359690777438,6.64200679346377,5.28758913751134,13.2026738734912,0,0,0,0,0,0,0,0,353.002846417309,278.520251268471,365.574204724862,796.504148844783,309.890606355692,476.059054485434,151.289720953968,421.630353814306,13.5629272985812,10.7011936095809,14.0363180133163,30.5725014143079,11.8737041388517,18.2391709651111,5.8008865489752,16.1659553424853,257.091932323785,201.742565798739,355.749783311381,807.127620639035,329.580520415171,506.631820074872,213.595805078252,597.562160050939,9.87787693683813,7.75127214580983,13.657161973752,30.9746746349878,12.6273378684247,19.4080633760865,8.18461489557986,22.8950927896774,0,0,53.9220018604848,127.699218915681,45.0924399033344,65.0046792625295,55.1006758902591,142.721922051239,0,0,0,0,0,0,0,0,782.060997765029,369.022398524793,2351.26887752005,2493.44181343639
"249",2010,1530,20.6666666666667,3719.40534905094,2912.37309454284,961.758368347887,1844.61356789893,330.765440979063,417.864854217973,232.258358956748,522.987450200055,0,0,0,0,0,0,0,0,0,0,1.63094074361437,3.19645059237508,0.647052007708568,0.818403545168551,0.46469824160774,1.04670962171294,0,0,0,0,0,0,0,0,5520.30155375428,4056.4707550118,1080.85669943132,2197.45073885575,512.653549562131,718.433626223574,670.842128354664,1731.18913202832,212.098813591805,155.8560933909,41.6643028024267,84.7177362656372,19.7560976734719,27.6864158436921,25.8833936900774,66.7967519738716,20537.0227541535,14918.3824761343,4386.34515808307,8629.57795621624,2335.12922517566,3104.47395478168,2409.54386490584,5972.68425036056,789.060826796872,573.18820646172,170.795614728695,336.908627543374,91.717214071021,122.145692276915,94.9735178434318,235.720332916143,0,0,8.7991981570587,17.7835289079114,4.87968836686867,6.54394966047725,5.37578053267472,13.4187152229677,0,0,0,0,0,0,0,0,353.909648066633,278.912120321372,366.352819320827,798.277109083442,308.643785825278,469.956362577609,153.798038666607,428.121045335803,13.5977681570237,10.7162498428904,14.0663682464626,30.6409514931513,11.8262168824744,18.0058656576698,5.89721350192792,16.4152717380986,257.051630382769,201.48011202369,355.797152753895,807.169104385093,327.289514849894,498.440991076022,216.179699967747,604.108628770418,9.87632858229031,7.74118824920607,13.6591647834076,30.9767608937706,12.5399136777673,19.09491653614,8.2839090878158,23.1467852299897,0,0,53.8797484942023,127.595944124791,44.6913573185845,63.8723370648439,56.0229450784851,145.005971254416,0,0,0,0,0,0,0,0,786.208567693891,370.807377928073,2365.59417993968,2507.13789104528
"250",2010,1530,20.75,3698.86539571245,2895.49853937574,956.577536362292,1834.98908120832,326.924025292177,410.530143538864,233.372486650193,525.352452153153,0,0,0,0,0,0,0,0,0,0,1.62219866893102,3.17989688399555,0.639652522901232,0.804071806249246,0.467102700845427,1.05182377523967,0,0,0,0,0,0,0,0,5530.48086485073,4060.17325587102,1082.54689772152,2201.33143995273,510.472281256683,709.736349711583,682.834050384158,1760.90793163254,212.489919002572,155.998349394837,41.7295430209277,84.8675355641535,19.6720749352367,27.3513313440536,26.3463633161418,67.9441610306352,20519.4474725896,14890.8671830976,4379.8729618996,8618.39136576136,2317.90677596091,3057.81316948839,2447.17101725988,6063.79898929873,788.385621612254,572.131023361091,170.543905866737,336.471661962915,91.0364379516056,120.301052899427,96.4561050267108,239.311687245549,0,0,8.79224400153349,17.7732847289908,4.84656605570295,6.44933249743378,5.46324686735997,13.6315511941338,0,0,0,0,0,0,0,0,354.792781268197,279.29005975113,367.102935401886,799.999667625454,307.405770253555,464.037205924281,156.254785903965,434.371370050528,13.6316996350902,10.7307708778315,14.0953226983991,30.707463254835,11.7790619742904,17.7795771074725,5.99156685432909,16.6553858137927,257.01524580678,201.221225232517,355.836857706457,807.199128014017,325.053450140942,490.523920729048,218.699360239183,610.347712222147,9.87493073687514,7.73124140188991,13.6608705454933,30.978400293674,12.4545859403645,18.7922334371217,8.38074483904111,23.3867090516258,0,0,53.8361208453536,127.490116421005,44.2989434932842,62.7778884642666,56.9386520228583,147.256825752518,0,0,0,0,0,0,0,0,790.366638875129,372.594822306359,2379.89188795975,2520.74684337885
"251",2010,1530,20.8333333333333,3678.54429559163,2878.83466817653,951.45573313625,1825.45458043333,323.175944689593,403.48583114594,234.386835598885,527.425869657347,0,0,0,0,0,0,0,0,0,0,1.61350042390199,3.16341408260827,0.632425448612029,0.790298380325279,0.469306199426514,1.05635246531483,0,0,0,0,0,0,0,0,5540.3564888195,4063.65098432863,1084.178994495,2205.07172916534,508.32738477102,701.312645904668,694.749994350385,1790.25584323077,212.869356268246,156.131969283654,41.7925427879255,85.0119235372281,19.5894548636597,27.0267905405085,26.8064129396446,69.0772967188437,20501.9580754572,14863.5141881885,4373.46803202515,8607.24566432705,2301.09346533722,3012.80667423832,2484.43788815014,6153.4047196784,787.713715394219,571.080076036776,170.294741789907,336.036190371064,90.3717834467343,118.521687987583,97.9245035951426,242.843463456506,0,0,8.78516997325507,17.762738802293,4.81420794680717,6.35802643366435,5.54999445906464,13.8412588540971,0,0,0,0,0,0,0,0,355.652713884079,279.65413346159,367.825685506356,801.67222526354,306.177956387373,458.29720276024,158.663656321384,440.401462745592,13.664739708772,10.7447591696919,14.1232248310756,30.7720519840495,11.7322928566963,17.5601377154872,6.08408793794736,16.8870681971329,256.982865947597,200.966252253552,355.869534694482,807.219662115606,322.870739169979,482.872690280781,221.156801113953,616.292572029658,9.87368675683907,7.72144492955924,13.6623037300972,30.9796685257546,12.37129408524,18.4997117521814,8.47519910268935,23.6153674149981,0,0,53.7911858654675,127.381865390158,43.9150300874763,61.7200989132304,57.847922578353,149.475571147347,0,0,0,0,0,0,0,0,794.534936419156,374.384642680258,2394.16191825838,2534.27131869269
"252",2010,1530,20.9166666666667,3658.44632697087,2862.38380089189,946.393922466252,1816.01283107524,319.518686237101,396.718620921085,235.305295197656,529.222808745802,0,0,0,0,0,0,0,0,0,0,1.60485504879284,3.1470157640183,0.625366252192632,0.777058348209744,0.471315839671228,1.06032398483315,0,0,0,0,0,0,0,0,5549.92228317786,4066.90062848141,1085.75088689966,2208.66819992417,506.216744124232,693.152075394939,706.584837694866,1819.22082919554,213.236889384819,156.256825808735,41.8532213438955,85.1507690679341,19.5081558338753,26.7123908662328,27.2633449771174,70.195694579878,20484.5602800027,14836.3266802361,4367.13081226451,8596.14333278201,2284.67935425522,2969.39354896824,2521.35327061762,6241.55580768117,787.045327814221,570.035487008471,170.048143036318,335.602314368248,89.7228611552245,116.805201481141,99.3790589418206,246.317805265499,0,0,8.77799878985135,17.7519142001886,4.78259292498463,6.26990771784722,5.63602927336067,14.0479113143793,0,0,0,0,0,0,0,0,356.489851586581,280.00438388578,368.522007765088,803.295012741402,304.961427536294,452.73179038184,161.027933834854,446.229359274414,13.696903964632,10.7582163488165,14.1501106354346,30.8347264235653,11.6859509641668,17.3473729342536,6.17490237715874,17.1110090871822,256.954459032566,200.71540567043,355.895669273949,807.232132333691,320.739809956349,475.479321026958,223.554110135324,621.956669015665,9.87259542147872,7.71180700001587,13.6634830116905,30.9806203661827,12.2899781044717,18.2170467952034,8.56735161359261,23.8332750000624,0,0,53.7450087523751,127.27131209556,43.5394476377613,60.6977653083268,58.7508775149693,151.66325059389,0,0,0,0,0,0,0,0,798.713190524842,376.176750396915,2408.40423840705,2547.71389248353
"253",2011,1530,21,3637.38971956113,2844.96400009889,938.785103662184,1798.46265311245,318.431623211057,394.785567625439,235.778810632623,533.761878565093,0,0,0,0,0,0,0,0,0,0,1.59297486259044,3.11784603252766,0.623341454872669,0.773299448614741,0.471941582293465,1.0680482237672,0,0,0,0,0,0,0,0,5559.75638143496,4070.34025165746,1084.53174446344,2202.63051973783,508.11181070782,693.309297237001,716.837142043114,1849.03446982859,213.614731166244,156.388981631699,41.806376551728,84.9182486913407,19.5812267228567,26.7185392228467,27.6593262542136,71.3469668323782,20468.3522489861,14809.8191187551,4349.8383664594,8548.03767181496,2286.57237743288,2962.02795884476,2550.20944390622,6330.24338142358,786.422651521501,569.017022644681,169.376036524897,333.724930076727,89.7929704802361,116.506910900399,100.513950616549,249.80256693769,0,0,8.75275731250606,17.6681406356237,4.78925426758804,6.25779444736636,5.70444388355389,14.254192231724,0,0,0,0,0,0,0,0,357.522835486228,280.448253384825,368.58846927049,801.793927496333,306.528146637226,452.970746357507,161.995419396752,450.293521004184,13.7365929394591,10.7752705226086,14.152808740166,30.7774830180521,11.7462575968145,17.3570031963269,6.21225790021457,17.2676036931492,256.966798666095,200.497002156063,355.179754364533,803.931997093285,321.198342965174,473.895073965239,224.249127590052,625.293235017234,9.8730696307205,7.70341558513377,13.6361699202854,30.8544286809836,12.3078776670266,18.1569295693907,8.59433492717832,23.9622328043589,0,0,53.5892131421111,126.639434028894,43.5142330564007,60.4158857484674,59.437121617166,153.660712802639,0,0,0,0,0,0,0,0,802.67592671616,377.859890601988,2421.87643402746,2560.27076813089
"254",2011,1530,21.0833333333333,3616.1311915843,2827.31798468422,930.190930443632,1777.68319210864,318.407702839473,394.830009272492,236.041100937065,539.418011952102,0,0,0,0,0,0,0,0,0,0,1.57949441637564,3.08291007381368,0.623434418166529,0.773478194042513,0.472015618226993,1.07757252680051,0,0,0,0,0,0,0,0,5569.43612883657,4073.65412628234,1082.03261542718,2192.19182746419,511.721427131416,696.99721278973,726.214557712393,1879.00498704082,213.986642540969,156.516305994233,41.7102092661641,84.5160682337916,19.7203731525241,26.8607508852637,28.0216177776802,72.5043901382945,20452.8602217682,14783.8072251723,4327.86192659851,8483.90109736913,2296.41965200105,2970.15727815919,2575.47726036859,6419.35102865228,785.827484176015,568.017602661221,168.521850962833,331.221812074794,90.1756516648815,116.818501779649,101.506512539699,253.299224631711,0,0,8.71846307247994,17.5507240385905,4.81261510927963,6.27841389278232,5.76504667904845,14.4611388335811,0,0,0,0,0,0,0,0,358.620413824513,280.922311094195,368.315402220973,798.805747800005,309.291918233603,455.741137063766,162.45696501372,453.810091854526,13.7787637334967,10.7934845757723,14.1424667000133,30.6631477462008,11.8524313836035,17.4636221515781,6.23025153272772,17.4033096332899,257.014773830445,200.303473171445,354.144825746471,799.171481324272,322.857444350334,474.927694610084,224.192416485049,627.646947561031,9.87491301130697,7.69597988953381,13.596605402507,30.6721769346008,12.371775868951,18.1970616652592,8.59253974255984,24.0536346835264,0,0,53.3832008328896,125.772481261907,43.6448015661483,60.4579895105207,60.0266509201454,155.580665120266,0,0,0,0,0,0,0,0,806.546979910569,379.494738345142,2435.067253407,2572.46464456162
"255",2011,1530,21.1666666666667,3595.22895433174,2810.00099890492,921.829109881624,1757.50268268014,318.283087407787,394.695305283063,236.262372447552,544.816994375337,0,0,0,0,0,0,0,0,0,0,1.56597255015658,3.04824523189372,0.623357554994144,0.773354845483789,0.472105147292718,1.08694517303472,0,0,0,0,0,0,0,0,5578.70325702796,4076.65626602931,1079.52050831766,2181.74380080939,515.208208005937,700.458279621435,735.396772163902,1908.5778274101,214.342700425789,156.631653004242,41.6135278704619,84.1135094250091,19.8547860494085,26.9942172833775,28.3763978609195,73.6465213327334,20437.5833250635,14758.056448348,4306.30426786346,8420.87422466013,2305.88746326505,2977.62123910178,2600.74067848055,6508.14069969308,785.240581676711,567.028215222647,167.683739844669,328.761540309651,90.5436304348333,117.104294998955,102.49894414872,256.783631067568,0,0,8.68347748760552,17.4333178078527,4.83520166816308,6.29761113509258,5.82565190412024,14.6678208483122,0,0,0,0,0,0,0,0,359.680707936198,281.376280303086,367.979161267431,795.742891727185,311.966542438769,458.412270920714,163.047915872095,457.542952528764,13.8195020075128,10.8109267966444,14.1296960745397,30.5459373789228,11.9551849050644,17.5664276095208,6.25319908002335,17.5472882778075,257.080838708253,200.121358977719,353.126571395329,794.468499833507,324.540452507203,475.983891717586,224.158377347789,630.020407649994,9.87745142532161,7.68898276851409,13.5576774734592,30.4921215242875,12.4365855980616,18.2380857354329,8.5916125524047,24.1457900612239,0,0,53.1767337378399,124.909457524268,43.7723888175517,60.4938380827461,60.6170979303201,157.501170023683,0,0,0,0,0,0,0,0,810.429696391286,381.132288693304,2448.33061639904,2584.67953873034
"256",2011,1530,21.25,3574.67547493495,2793.00554353279,913.692308903106,1737.90226815404,318.063355489177,394.392623987539,236.443518132088,549.9647578387,0,0,0,0,0,0,0,0,0,0,1.55247893012977,3.01396743526217,0.623112023889436,0.772935548205751,0.472195498056419,1.09611754872048,0,0,0,0,0,0,0,0,5587.58590029653,4079.3694578458,1077.00296139682,2171.30539855861,518.582816369336,703.711687779841,744.396848684309,1937.77289052852,214.683985785017,156.735898172684,41.5166232736818,83.7113024602185,19.984875219955,27.1196766031599,28.7241668498012,74.7741208806536,20422.5011810383,14732.5501157213,4285.15379716638,8358.92869425816,2314.98447125849,2984.43924361237,2625.98967328039,6596.5941479548,784.661161084199,566.048219742215,166.861262615596,326.343032409087,90.8972373603502,117.365035973075,103.490857340912,260.255076142622,0,0,8.6480308027191,17.3162199376108,4.85700771019225,6.31540139298061,5.88619809735048,14.8740653713151,0,0,0,0,0,0,0,0,360.70465363567,281.810268936668,367.586275501536,792.613525575637,314.553992422913,460.980632137622,163.752478603891,461.465044826313,13.8588437169541,10.8276013318831,14.1147475333749,30.4261654117059,12.0545932195499,17.6652839956345,6.28049521861889,17.6985030270399,257.161610018134,199.948735439026,352.119019482859,789.813660539006,326.237949157932,477.053567793772,224.155242608274,632.428229805029,9.88055488180498,7.68235029369514,13.5191568732446,30.3139021652887,12.5019458569432,18.2796147976386,8.59186833936812,24.2392574188574,0,0,52.9697385782252,124.050304255554,43.8969394840393,60.5234340821832,61.2083981965028,159.422015905443,0,0,0,0,0,0,0,0,814.323678023497,382.772424905254,2461.66330717617,2596.91345124187
"257",2011,1530,21.3333333333333,3554.46389570343,2776.32468853744,905.773571959423,1718.86395658095,317.75388852514,393.932649433159,236.58546542146,554.867258971207,0,0,0,0,0,0,0,0,0,0,1.53906912067797,2.98016739975945,0.622700972487769,0.77222924919358,0.472274801962034,1.10505117434262,0,0,0,0,0,0,0,0,5596.10782158786,4081.81312937167,1074.48560055838,2160.89144427037,521.853859356822,706.77353566199,753.227195217153,1966.60901301477,215.011411629025,156.829787940552,41.4197128717392,83.3100186922961,20.1109715870532,27.2377483518646,29.0654001543412,75.8879088924025,20407.5965904236,14707.273994729,4264.39984833994,8298.03827313071,2323.71962564293,2990.63092107876,2651.21514813119,6684.69489372925,784.088561584191,565.077069381804,166.054014310505,323.965287694784,91.236814535537,117.601479431881,104.481899774856,263.71291803788,0,0,8.61231106583861,17.1996727897002,4.87803542450105,6.3318096130228,5.94663525178545,15.0797298173453,0,0,0,0,0,0,0,0,361.693225115128,282.224462290459,367.142780066423,789.425506952405,317.05667164736,463.444244180736,164.55660802043,465.55207076813,13.8968262918077,10.8435153008386,14.0978527978527,30.3041335220755,12.15074802041,17.7601149768227,6.31160162943504,17.8560230116939,257.254165434467,199.783954050425,351.11744685127,785.199509006949,327.941627644927,478.127518108156,224.189455275132,634.882023149992,9.88411110044149,7.67601912687853,13.4808622826008,30.1372329357469,12.5675382116783,18.3212960266008,8.5935535418923,24.3344802074692,0,0,52.7621843020435,123.195020912896,44.0184028985948,60.5467887668776,61.8004834991251,161.34298114577,0,0,0,0,0,0,0,0,818.228537191282,384.415031097037,2475.06225142492,2609.16439402426
"258",2011,1530,21.4166666666667,3534.58788038025,2759.95194984282,898.066262295818,1700.37049637557,317.359878364741,393.325611713713,236.689167008841,559.530462454282,0,0,0,0,0,0,0,0,0,0,1.52578787971645,2.94691655349878,0.622128885718364,0.771246712226038,0.47233338425821,1.11371547492179,0,0,0,0,0,0,0,0,5604.28939417461,4084.00409448283,1071.97264881458,2150.51367204643,525.028355020527,709.657478753124,761.899567438556,1995.10398810919,215.325760731527,156.913968323847,41.3229601046016,82.9101107573083,20.2333450851879,27.3489582311794,29.4005483354912,76.9885658178527,20392.8548261019,14682.2157592335,4244.03246729354,8238.17838784428,2332.10203231366,2996.2159480387,2676.40882619883,6772.42801831264,783.522217346081,564.114290551219,165.261617267361,321.627369169117,91.5627104023546,117.814382411899,105.471750682001,267.156575243352,0,0,8.57647356323153,17.0838752686441,4.89829249766588,6.34686686822453,6.00692238842262,15.2846955048052,0,0,0,0,0,0,0,0,362.647413236668,282.619101276461,366.654228801866,786.186295504511,319.477213007649,465.802238192876,165.447754764467,469.782127477649,13.9334878025481,10.8586779597357,14.0792251250293,30.1801281397955,12.2437499059732,17.8508868663995,6.34603732887368,18.0190091147667,257.355961353053,199.625589040019,350.118130651106,780.620145044878,329.644169066505,479.197405142363,224.266002154707,637.390914374966,9.88802235198716,7.66993448762566,13.4426507891457,29.9618875653487,12.6330820635508,18.362809805733,8.59685882229481,24.4318068716537,0,0,52.5540710285949,122.343649130757,44.1367338764801,60.5639224422259,62.3932832772914,163.26383809971,0,0,0,0,0,0,0,0,822.143896800743,386.059992662874,2488.52451658211,2621.43041111968
"259",2011,1530,21.5,3515.04155111912,2743.88123990082,890.564042115415,1682.40533678853,316.886324797503,392.5812880943,236.755596574705,563.960331104544,0,0,0,0,0,0,0,0,0,0,1.51267048321665,2.91426942708383,0.621401327087288,0.770000122867438,0.472363515494166,1.12208686955509,0,0,0,0,0,0,0,0,5612.14799828001,4085.95685339958,1069.46713988653,2140.18116281683,528.11193303122,712.375007752845,770.425047511941,2023.27453127572,215.627700868495,156.988996444221,41.2264826555828,82.5119293149376,20.3522123547013,27.4537488005142,29.730036275782,78.0767311015883,20378.2633500525,14657.364776218,4224.0423296293,8179.32594536176,2340.1408887625,3001.2139521018,2701.5632157158,6859.78010199949,782.961646647565,563.159474712692,164.483717940941,319.328396582212,91.8752772500252,118.004500534241,106.460119529203,270.585524163673,0,0,8.54064465070698,16.9689878089016,4.91779101705604,6.36060898347217,6.06702653665429,15.4888649984937,0,0,0,0,0,0,0,0,363.568215612731,282.994473179307,366.125701087579,782.902917752165,321.818395590097,468.054670797173,166.414764844298,474.13556532393,13.9688665790115,10.8731003465095,14.0590595687695,30.0544190939892,12.3337051747174,17.9376016162736,6.38337481975082,18.1867085417788,257.464800771646,199.472416596279,349.118236950632,776.071049377958,331.339188464235,480.255748907781,224.388562793427,639.961785018474,9.89220422418934,7.66404935513856,13.4044136118285,29.7876927853111,12.6983325950836,18.4038693699276,8.6019247751662,24.531499938441,0,0,52.3454253450343,121.496265807968,44.2518930338983,60.5748645500012,62.9867253800093,165.184355211705,0,0,0,0,0,0,0,0,826.069390533796,387.707196527495,2502.0473117696,2633.7095879988
"260",2011,1530,21.5833333333333,3495.81940727259,2728.10680301304,883.260842680211,1664.95256559228,316.338038414027,391.709017399312,236.785743416421,568.162814466665,0,0,0,0,0,0,0,0,0,0,1.49974447589349,2.88226680546553,0.62052460992546,0.768502592413957,0.472359081246095,1.13014756412043,0,0,0,0,0,0,0,0,5619.69854535967,4087.68398982429,1066.97118708806,2129.90089696746,531.109094787033,714.935813741196,778.814043180666,2051.13628467864,215.917804961898,157.055355787642,41.1303627753124,82.1157442563869,20.4677467150923,27.5524934809446,30.0542631247378,79.15300331835,20363.8114365248,14632.7118213888,4204.42063142679,8121.4590938604,2347.84540991669,3005.64440808168,2726.67154769429,6946.73910697161,782.406437396435,562.212267453844,163.719982686672,317.067537195985,92.1748683370935,118.172583966839,107.446743618618,273.999294590922,0,0,8.50492683125145,16.8551389837634,4.9365460589703,6.37307479177069,6.12692138906272,15.6921585833763,0,0,0,0,0,0,0,0,364.456625307312,283.350900049382,365.561819653109,779.581935702874,324.08304638651,470.202296391385,167.44773161665,478.594771197023,14.0030007762786,10.886794834851,14.0375336617767,29.9272584050763,12.4207220400982,18.0202880583798,6.42323441963385,18.3584465230816,257.578787738132,199.32338603668,348.115675951591,771.548859823775,333.021151853575,481.295894998867,224.559707089283,642.59958824389,9.89658387161419,7.65832336051251,13.366070543077,29.6145197398477,12.7630775997117,18.4442195965802,8.60884949979764,24.633748147926,0,0,52.1362943398869,120.652974499127,44.3638470437706,60.5796536012524,63.5807368933594,167.104299323556,0,0,0,0,0,0,0,0,830.004662834056,389.356531383651,2515.62798466971,2646.00006115654
"261",2011,1530,21.6666666666667,3476.91625344959,2712.62315808952,876.150837671377,1647.99685369105,315.719643581115,390.717714111715,236.780607444088,572.143837552514,0,0,0,0,0,0,0,0,0,0,1.48703123241482,2.85093853940306,0.61950551384783,0.766767731322321,0.47231528431827,1.13788446384038,0,0,0,0,0,0,0,0,5626.95394691419,4089.19652570381,1064.48621935994,2119.67824083129,534.02344944802,717.348122306358,787.07629106904,2078.70382791312,216.196569092238,157.113469834934,41.0346563460845,81.7217633767996,20.5800872165894,27.6455093710214,30.3736024060848,80.2179405488438,20349.4898349828,14608.2488247559,4185.15899443651,8064.55701374611,2355.22476252036,3009.52654553118,2751.72771510621,7033.29426284033,781.85623418041,561.272358712498,162.970094099987,314.843997713617,92.4618353429703,118.319373826628,108.431385745865,277.397465284333,0,0,8.46940331437197,16.7424314649148,4.95457449941886,6.38430466724856,6.18658607667853,15.8945110644501,0,0,0,0,0,0,0,0,365.313621200757,283.688728440047,364.966773413585,776.229429488722,326.273959274299,472.246368027563,168.537854282222,483.143958805648,14.0359280044737,10.8997747398947,14.0148082904255,29.798879614742,12.5049075086494,18.0989942441391,6.46527883844516,18.5336182842838,257.696285273454,199.177593497129,347.108967437664,767.051163213796,334.685291925621,482.311973524528,224.78108136423,645.307650541051,9.90109839897974,7.65272177584197,13.3275647835608,29.442276001468,12.8271342588815,18.4836354441592,8.61769573043279,24.7386780067509,0,0,51.9267402811041,119.813897734707,44.4725687544199,60.5783369516264,64.1752448846924,169.023437750606,0,0,0,0,0,0,0,0,833.949368828047,391.007887895309,2529.26401663463,2658.30002546874
"262",2011,1530,21.75,3458.32715441561,2697.42506263899,869.228425531105,1631.52341803886,315.035581862058,389.615881023946,236.741195816685,575.909292859049,0,0,0,0,0,0,0,0,0,0,1.47454692366197,2.82030528670079,0.618351132358456,0.764809423538027,0.472228453158327,1.14528847629894,0,0,0,0,0,0,0,0,5633.92540996751,4090.50414508563,1062.01312295727,2109.51724358539,536.857867625992,719.618917134924,795.220866653532,2105.9906939572,216.464423851296,157.163710662688,40.9393983263176,81.3301437759476,20.6893445362889,27.7330658266734,30.6884023850636,81.2720609631026,20335.2905578821,14583.9687097356,4166.24941022686,8008.59979114809,2362.28802669578,3012.8792942051,2776.72622566077,7119.43597915454,781.310730113208,560.339476594745,162.233748859344,312.657019394664,92.7365268705546,118.445600050094,109.413832384771,280.779660598628,0,0,8.43414090500812,16.6309458509848,4.97189443189936,6.3943398115412,6.24600435873058,16.0958696686544,0,0,0,0,0,0,0,0,366.140162960104,284.008323233369,364.344345148866,772.851006831458,328.393856912931,474.188520041891,169.67733142078,487.769006607918,14.0676851355177,10.9120540809931,13.9910287555149,29.6694981457484,12.5863659083825,18.1737829262434,6.50920909832967,18.7116828394308,257.815886511837,199.034264424463,346.097146526402,762.576348814141,336.327536521339,483.298850374679,225.053541949568,648.08789495034,9.90569375231764,7.64721484155424,13.2888593239985,29.2708999458841,12.8903464047317,18.5219200904603,8.62849595520724,24.8463623365892,0,0,51.7168373309969,118.979172265633,44.5780370264802,60.5709703221103,64.7701768834677,170.941539621755,0,0,0,0,0,0,0,0,837.903174117311,392.661158796108,2542.95301551116,2670.60773638285
"263",2011,1530,21.8333333333333,3440.04739326754,2682.5074793486,862.488212766189,1615.51798652823,314.290115750731,388.411622367737,236.668519702062,579.465032452611,0,0,0,0,0,0,0,0,0,0,1.46230342742321,2.79038015287348,0.617068730121987,0.76264161570645,0.472095861093073,1.15235385386094,0,0,0,0,0,0,0,0,5640.62271503485,4091.61540452639,1059.55237184977,2099.42091118246,539.614625207062,721.754150206489,803.256198150705,2133.00939304801,216.721745022107,157.206407027494,40.8446077618404,80.9410023778496,20.7956064961887,27.8153925278907,30.9989865864199,82.3158437085449,20321.2066806761,14559.8652415682,4147.68418857882,7953.56830062961,2369.04416097434,3015.72123486508,2801.66215426376,7205.15575650995,780.76965915053,559.413381550899,161.510655733702,310.505873527322,92.9992870823616,118.551979469525,110.393891859842,284.145547058406,0,0,8.39919272683732,16.5207442767495,4.98852462384558,6.40322159064838,6.30516385835069,16.2961920652362,0,0,0,0,0,0,0,0,366.937186550415,284.310061895556,363.697939389254,769.451815017469,330.445357719434,476.030660705575,170.859257752432,492.457299573206,14.0983081306656,10.9236473610019,13.9663258411383,29.5393117583806,12.6651976126423,18.2447274258582,6.55476057699965,18.8921569305097,257.936386909501,198.892736830764,345.079674942786,758.123470519233,337.944438481292,484.252076949488,225.377282232228,650.941053995407,9.91032365118858,7.64177712301343,13.2499335387647,29.1003554632693,12.9525818348543,18.5589030108203,8.64125728435745,24.9568284281288,0,0,51.5066684775238,118.148944642838,44.6802365557964,60.5576173101709,65.3654613133088,172.85837708566,0,0,0,0,0,0,0,0,841.865754544015,394.316238974299,2556.69270831715,2682.9215115362
"264",2011,1530,21.9166666666667,3422.07243212023,2667.86554463441,855.924997926273,1599.96676420859,313.48733272443,387.112657471348,236.563591139106,582.816860160393,0,0,0,0,0,0,0,0,0,0,1.45030919311703,2.76117024856052,0.615665608629138,0.760278119455534,0.471915554397133,1.15907756830794,0,0,0,0,0,0,0,0,5647.05448002236,4092.53793280036,1057.10414910471,2089.39146211137,542.295538834286,723.7589406559,811.190083854999,2159.77144320228,216.968863718408,157.241852039059,40.7502924510924,80.5544257532679,20.8989432615764,27.8926871111467,31.3056544451473,83.3497300535953,20307.232151717,14535.9328831985,4129.45590914366,7899.44409495539,2375.50197027021,3018.07055468455,2826.53109526322,7290.4460967447,780.232788786127,558.493860838204,160.800533716445,308.389857174333,93.2504544498397,118.639214066309,111.371392510512,287.494829897369,0,0,8.36460080900245,16.4118738419335,5.0044840056959,6.41099091446433,6.36405533665519,16.4954444841918,0,0,0,0,0,0,0,0,367.705600207472,284.594329092549,363.030610364441,766.036554781775,332.430946757214,477.774872833919,172.077523635336,497.197574243783,14.1278318857713,10.9345693594015,13.9408168861404,29.4085010804261,12.7414979146183,18.3119078059918,6.60169915581553,19.0746090930021,258.056757335444,198.752445165698,344.056356974847,753.692116409282,339.533106995739,485.167839063693,225.751953954548,653.86687350496,9.91494855478786,7.63638689086992,13.2107799591197,28.9306269518944,13.0137296840663,18.59443802385,8.655966098075,25.0700658457764,0,0,51.2963226451234,117.32336707278,44.7791576825371,60.5383488898814,65.9610278843618,174.773726409805,0,0,0,0,0,0,0,0,845.836795932453,395.97302554594,2570.48093386111,2695.23973194478
"265",2012,1530,22,3404.27957543485,2653.15713181934,848.77313769298,1584.31850231776,312.581032941626,385.312016776658,236.563993402291,586.381671483354,0,0,0,0,0,0,0,0,0,0,1.43850734752572,2.73277591111929,0.614058504620108,0.756923099046456,0.471947491371566,1.16628198678237,0,0,0,0,0,0,0,0,5654.26223937332,4094.025553774,1053.76069488585,2078.86291201631,544.825742928726,724.868805621528,819.267123501352,2187.13525360207,217.2457973591,157.299008815823,40.6215741253854,80.1486834943073,20.9964694482858,27.9354870198582,31.6178321529578,84.4067980281125,20296.3855620697,14514.1100411943,4108.07112276454,7843.98614444595,2381.30037949933,3016.69482117596,2852.27925105029,7378.67679463216,779.816097488972,557.655391150094,159.969192967788,306.223164762253,93.4758612848802,118.580231150181,112.383426017275,290.960038016333,0,0,8.33003689629827,16.3049999200218,5.01905143929868,6.4108077316786,6.42469098256914,16.7008501822483,0,0,0,0,0,0,0,0,368.600285346761,284.943300930673,362.363554758021,762.70111743985,334.491538599117,479.061578810603,173.500049162015,502.601891431674,14.1622071900924,10.9479774136515,13.9153143577257,29.2807456826511,12.8206679496925,18.3615425584446,6.65646450711223,19.2825011015233,258.222723389838,198.648582205753,342.990653751304,749.290585403129,341.043860540273,485.520309058634,226.298511490366,657.414626765373,9.92132531300742,7.63239630789365,13.1699945761986,28.7620318978858,13.0718856498817,18.6083721060096,8.67725946325537,25.2071247158452,0,0,51.0870016337535,116.509942200988,44.8681247506853,60.448145817108,66.5737545524292,176.756561992295,0,0,0,0,0,0,0,0,849.705256008781,397.582523398103,2583.92995592545,2707.19408425363
"266",2012,1530,22.0833333333333,3386.738594494,2638.6485318625,841.696224661218,1569.02321484086,311.608779772233,383.378302848457,236.5473482775,589.793974433804,0,0,0,0,0,0,0,0,0,0,1.42674321488633,2.7049338512337,0.612329781921417,0.753304605943025,0.471963749605693,1.17323995621542,0,0,0,0,0,0,0,0,5661.45280816122,4095.49807112558,1050.35003550115,2068.39100311567,547.279111608464,725.770392523975,827.314234244604,2214.45823465446,217.522070510867,157.355585287276,40.4902584056486,79.7451094188474,21.0910317645536,27.9702543182756,31.9288468945572,85.4622785531506,20286.0322178827,14492.6936940529,4086.53168866596,7789.0784255942,2386.71870418899,3014.40257914068,2878.07487234593,7466.89380044383,779.418356684386,556.832539664639,159.131897140972,304.077885169454,93.686484964306,118.485426921636,113.397399971008,294.425009440535,0,0,8.29461690586691,16.1986770803873,5.03286130457736,6.4086698278623,6.48536602251913,16.9061951506747,0,0,0,0,0,0,0,0,369.486061831885,285.286161293895,361.649196568569,759.341953759037,336.491449359065,480.18744522865,174.964882211694,508.091317771467,14.1962402087737,10.96115065529,13.8879921050961,29.1520715360996,12.8975073712169,18.4050025577144,6.71284630583325,19.493642185158,258.393060950771,198.547612890185,341.909612591409,744.900625425951,342.521464094405,485.755274828325,226.912426163927,661.103348374726,9.92787002997262,7.62851690340295,13.1286168359879,28.5938709874922,13.1287654272319,18.6177902246991,8.70112981207693,25.3495722525445,0,0,50.8774883490257,115.701967983456,44.9526962798617,60.3431869495829,67.1891212062665,178.746879486414,0,0,0,0,0,0,0,0,853.565831491263,399.18637227151,2597.3659922527,2719.08757795605
"267",2012,1530,22.1666666666667,3369.46571750074,2624.38965374853,834.809527027828,1554.15413288323,310.582107406544,381.383369622456,236.493195208799,592.994585677949,0,0,0,0,0,0,0,0,0,0,1.41505668689398,2.67764514112595,0.610496314402229,0.749560078433483,0.471921079302424,1.17982132369445,0,0,0,0,0,0,0,0,5668.45868173942,4096.83503834503,1047.0086397613,2058.05517536398,549.666174893953,726.58320004219,835.298477816421,2241.61111897493,217.791247377319,157.406953705884,40.3615902311463,79.3467554181991,21.1830365031531,28.0015954172524,32.2374289699952,86.5111897483125,20275.706007032,14471.3833179453,4065.38002495698,7735.05833138488,2391.82246989889,3011.72054582699,2903.76745723783,7554.56690553457,779.02165770426,556.013759773427,158.309485001765,301.966941452073,93.8848892166539,118.375493821343,114.407414961784,297.868888820102,0,0,8.25857746396678,16.0929481968188,5.0460267101133,6.40568313062859,6.54575804453625,17.1103283549262,0,0,0,0,0,0,0,0,370.340002763868,285.610697297354,360.889861651174,755.951411881128,338.411973190594,481.213023386548,176.441217756282,513.562508528937,14.2290500540536,10.9736198457438,13.8589397101791,29.0221853952309,12.9712993198211,18.4446090304552,6.76966341315417,19.7040713332267,258.560431388879,198.444206513044,340.818047016496,740.522176638335,343.970966095661,485.952390104798,227.573270522806,664.843743484228,9.93430074396837,7.62454386314674,13.0868317222041,28.4261422659104,13.1845624937066,18.6257453004608,8.72679378209159,25.4939857732391,0,0,50.6675325693642,114.898353174699,45.0339200435007,60.2337665999556,67.8044464874054,180.733702379949,0,0,0,0,0,0,0,0,857.435505237632,400.792097961501,2610.84644140498,2730.97508970801
"268",2012,1530,22.25,3352.46010245075,2610.37854050906,828.10807423877,1539.69994867929,309.5052716723,379.333576463827,236.402901859899,595.990118117496,0,0,0,0,0,0,0,0,0,0,1.40348607441193,2.65093191538728,0.6085620656727,0.745699343571591,0.471818129791573,1.18602859352271,0,0,0,0,0,0,0,0,5675.2694422793,4098.03013109484,1043.72823564072,2047.84273292384,551.985317665793,727.305408777791,843.222146862837,2268.59182226767,218.05292768882,157.452871080487,40.2352537073318,78.9531358882109,21.2724218504468,28.0294411350424,32.5436666747283,87.5534513022876,20265.414929531,14450.183510478,4044.61142729989,7681.91448908808,2396.62280539805,3008.66690089023,2929.35627317924,7641.6983250131,778.626307927076,555.19922812367,157.501782215294,299.889905207841,94.0715024824606,118.251134496724,115.41344140828,301.291758478181,0,0,8.22214897678625,15.9879874361912,5.05855157700784,6.40187575096377,6.60586055733735,17.3132358020438,0,0,0,0,0,0,0,0,371.163467626585,285.9175239645,360.092476530176,752.537237131095,340.257146547232,482.143137620045,177.926359303342,519.012590019405,14.2606889594575,10.9854086151973,13.8284232402796,28.8913848691263,13.0421986120923,18.4805473061261,6.82681260360668,19.9136787435607,258.724823904151,198.338749992393,339.715824671003,736.157455849806,345.390016802891,486.110082094017,228.279263480274,668.632665561235,9.94061704006874,7.62049205313511,13.04463416156,28.2589309988118,13.2391867888328,18.6321772295253,8.75418292525709,25.6402442626258,0,0,50.4571157080575,114.099206293362,45.1118150048534,60.1199906095939,68.4196899457093,182.716904659609,0,0,0,0,0,0,0,0,861.313951371471,402.399599132453,2624.36870746949,2742.85501422471
"269",2012,1530,22.3333333333333,3335.72055376839,2596.61298833982,821.586971515275,1525.64953228686,308.382306818791,377.234906851979,236.277800428167,598.787050864883,0,0,0,0,0,0,0,0,0,0,1.39206166723318,2.6248093411292,0.606531841669873,0.741732386742363,0.471654280823579,1.1918659731802,0,0,0,0,0,0,0,0,5681.8768523634,4099.07860753971,1040.50170624356,2037.74314044591,554.235268603477,727.935848258231,851.087438812736,2295.39858066485,218.306794950619,157.49315522219,40.1109770633498,78.5638479096064,21.3591391779526,28.0537471369774,32.8476446664464,88.5889952300731,20255.1653968057,14429.0977598461,4024.22074559329,7629.63480974368,2401.13033690859,3005.25893665718,2954.84066595271,7728.29020649848,778.23255369552,554.389078737219,156.708597012078,297.846319863875,94.246733982663,118.113017521809,116.415452688582,304.693698098393,0,0,8.18551744464827,15.8839316762905,5.07044387351841,6.39727638592032,6.66566923038036,17.5149071316992,0,0,0,0,0,0,0,0,371.957685541874,286.207194295343,359.262978748807,749.106003143097,342.030538922468,482.98206604961,179.417947627835,524.439024380599,14.2912041497945,10.9965382107954,13.7966707946934,28.759922577585,13.1103421633519,18.5129817491368,6.88420357788301,20.1223674647447,258.886206736744,198.231556563732,338.603208994609,731.808711683461,346.776690018881,486.227150349192,229.028444275767,672.46677050443,9.94681769803784,7.6163735083762,13.0020342897833,28.0923236908708,13.2925645005446,18.6370402102219,8.78322193742071,25.7882192157139,0,0,50.246251563827,113.304650343035,45.1863985118046,60.0019635594128,69.0348087594925,184.696357684528,0,0,0,0,0,0,0,0,865.200857861028,404.008777807766,2637.93037883905,2754.72586128206
"270",2012,1530,22.4166666666667,3319.24559546995,2583.09060266213,815.241406805313,1511.99194526054,307.21704658727,375.093004712936,236.119191489785,601.391737505463,0,0,0,0,0,0,0,0,0,0,1.38080756328767,2.59928723493724,0.604410954733002,0.737669149271231,0.471429459342757,1.19733893739504,0,0,0,0,0,0,0,0,5688.2744025112,4099.97696808422,1037.32288930914,2027.74758260625,556.415042859404,728.473865893416,858.896424687531,2322.02984467683,218.552599058063,157.527671670941,39.9885249957888,78.1785543916391,21.443150844868,28.0744889194623,33.1494427624434,89.6177617973622,20244.962567208,14408.1286883861,4004.20249757018,7578.20669783671,2405.35524682356,3001.51316513654,2980.22006330637,7814.34466772408,777.840593207364,553.583412368247,155.929724576539,295.835708801737,94.41097597291,117.961781509354,117.413425301834,308.074786212122,0,0,8.14883487833791,15.7808894644192,5.08171417224729,6.39191381360866,6.72518131748435,17.7153347093356,0,0,0,0,0,0,0,0,372.723778480852,286.480212249583,358.406504509944,745.663353627013,343.735337648578,483.733655282429,180.913905756858,529.839554638464,14.3206387329731,11.0070279954757,13.7638797061803,28.6280154305442,13.1758522371766,18.542060157578,6.94175685416231,20.3300512929629,259.044536589736,198.122882333294,337.480744622486,727.478170537769,348.129410789333,486.302697616829,229.818740202339,676.342608806233,9.95290105436678,7.61219806888038,12.9590530499297,27.9264060070894,13.3446352917095,18.6403000848517,8.81383125040865,25.9377781581184,0,0,50.0349770787577,112.514816700752,45.257687731808,59.8797895328906,69.6497587257468,186.671932007818,0,0,0,0,0,0,0,0,869.095924591702,405.619538886386,2651.52919620311,2766.58623558777
"271",2012,1530,22.5,3303.03350054182,2569.80882178755,809.066658368116,1498.71645691804,306.013127806486,372.913181348219,235.928344507565,603.810404071919,0,0,0,0,0,0,0,0,0,0,1.36974238231543,2.57437070682741,0.602205091104939,0.733519441107061,0.471144066376091,1.20245404904402,0,0,0,0,0,0,0,0,5694.45713437962,4100.72281982744,1034.18649846898,2017.84878513337,558.52392310845,728.919275977501,866.651033768293,2348.4842413796,218.790149503682,157.556328487659,39.8676956617307,77.7969772219754,21.5244294720377,28.0916598579751,33.4491353478673,90.6396980668185,20234.8104780771,14387.2781500824,3984.55092080262,7527.61714820632,2409.30728792038,2997.44534513174,3005.49397640237,7899.86380984634,777.450581589489,552.782300249603,155.164949046521,293.857579096313,94.5646042907776,117.79803615151,118.407338934918,311.435100732185,0,0,8.11222330952883,15.6789444665447,5.09237513194391,6.38581670520178,6.78439542051786,17.9145132715498,0,0,0,0,0,0,0,0,373.462769790899,286.73703775552,357.527462684971,742.214097179158,345.374381056014,484.401365289127,182.412417359886,535.212183678861,14.3490320276219,11.0168956404189,13.730219380894,28.4958482668345,13.2388377161182,18.5679154841198,6.99940293964883,20.5366539665108,259.199762531579,198.012932889036,336.34920706957,723.168011266519,349.446926191851,486.33610284221,230.647999260265,680.2566695781,9.95886515221186,7.60797363366498,12.9157202596342,27.7612617984463,13.3953511794018,18.6419333012238,8.84592828231057,26.0887863287781,0,0,49.8233485720429,111.729842471751,45.3257002183723,59.7535723623263,70.2644947100124,188.643498268638,0,0,0,0,0,0,0,0,872.99886278413,407.231790007714,2665.16304075145,2778.43482987453
"272",2012,1530,22.5833333333333,3287.08233340501,2556.76494979521,803.058099889572,1485.81255478341,304.774001709982,370.70043543954,235.706499619459,606.049151781748,0,0,0,0,0,0,0,0,0,0,1.35888031208874,2.55006109307134,0.599920130489385,0.729292833826436,0.470798872645098,1.20721870703448,0,0,0,0,0,0,0,0,5700.42137888236,4101.31467934458,1031.08800314242,2008.04075625082,560.561426309478,729.27228267241,874.35303874509,2374.7605178745,219.019305315314,157.579068676791,39.7483160922298,77.4188873713824,21.6029566679438,28.1052682588594,33.7467908018723,91.6547557246081,20224.7122405437,14366.5473718642,3965.2600419831,7477.85287152226,2412.99581586224,2993.0705412189,3030.66200006841,7984.84973755262,777.062638382508,551.985789521679,154.414046186951,291.911426374346,94.7079796029353,117.62236448415,119.397176486015,314.77471975256,0,0,8.07578067910143,15.5781605119558,5.10244074774203,6.37901337137574,6.84331116066245,18.1124394166981,0,0,0,0,0,0,0,0,374.175597680709,286.978094166746,356.629646113421,738.762347649115,346.950209383302,484.988335907434,183.91189303735,540.555141213872,14.3764200812065,11.0261574115473,13.695835569937,28.3635792419545,13.2993960527948,18.5906683867327,7.05708103830762,20.7421079009361,259.351831060272,197.901872897023,335.209535538358,718.88033531522,350.728260920166,486.326980003252,231.514030710486,684.205434890838,9.96470793596812,7.60370652946281,12.8720720300065,27.5969719526191,13.4446748309828,18.641925330011,8.87942898951074,26.2411087552128,0,0,49.6114364996723,110.94986703782,45.3904546405073,59.6234159733567,70.8789712282546,190.610928297634,0,0,0,0,0,0,0,0,876.909393910473,408.845441293306,2678.82991553973,2790.27041363084
"273",2012,1530,22.6666666666667,3271.38998269446,2543.95618195639,797.211204358122,1473.26995254905,303.50294293612,368.459469197474,235.4548688589,608.113958511861,0,0,0,0,0,0,0,0,0,0,1.34823189884334,2.52635666449417,0.597562019807903,0.724998589071197,0.470394940411157,1.21164095561618,0,0,0,0,0,0,0,0,5706.16455538958,4101.75182163946,1028.0235327404,1998.31858589071,562.527277659994,729.533420205677,882.004048023879,2400.85750257331,219.239967341033,157.595864382825,39.6302385338319,77.0440972090266,21.6787220304266,28.1153350699085,34.0424711991109,92.6628895917579,20214.6701889469,14345.9370616656,3946.32373136435,7428.90039095006,2416.42981473133,2988.40316976213,3055.72381118701,8069.30457240091,776.676853281596,551.193907384232,153.67678549074,289.996738558225,94.8414483839944,117.435324652161,120.382924013536,318.093722081736,0,0,8.03958524081154,15.4785853495435,5.11192583715512,6.37153159810649,6.90192893355902,18.3091112280146,0,0,0,0,0,0,0,0,374.863125710645,287.203773938015,355.716318830214,735.311631862319,348.46510521034,485.497437795453,185.410943014773,545.866857366068,14.4028360730855,11.0348283875999,13.6608537171405,28.2313439631132,13.3576148196237,18.6104291832934,7.11473800407608,20.9463531775477,259.500689585101,197.78983341059,334.062782241549,714.617146366616,351.972681351585,486.275145657489,232.414635770018,688.185420083018,9.97042738504317,7.59940179155191,12.8281488186954,27.4336136102074,13.4925781855463,18.6402694169935,8.91424904124628,26.3946117922295,0,0,49.3993215736291,110.175029556172,45.4519712541687,59.4894245798265,71.4931428787503,192.574095943306,0,0,0,0,0,0,0,0,880.827248851705,410.460405154521,2692.52793098098,2802.09182457111
"274",2012,1530,22.75,3255.95418832075,2531.37962563928,791.52154661695,1461.07859526093,302.203057847788,366.194703430303,235.174637100806,610.010679912701,0,0,0,0,0,0,0,0,0,0,1.33780467597715,2.50325319253667,0.595136686920908,0.720645615410206,0.469933562356831,1.21572933360779,0,0,0,0,0,0,0,0,5711.68500755618,4102.03415706887,1024.98979358849,1988.67827833064,564.421388615307,729.703503283964,889.605504379901,2426.77407954519,219.452071941411,157.606712161524,39.5133372755273,76.6724540966054,21.7517223041637,28.1218919818259,34.3362322551948,93.6640566371778,20204.6860028588,14325.4474961851,3927.73574804542,7380.74612027111,2419.61791958927,2983.45703925772,3080.67916507918,8153.23046078819,776.293290824839,550.406664468272,152.952931927563,288.112998894562,94.9653437801739,117.237451455922,121.364570605848,321.392187564872,0,0,8.00369901143858,15.3802535695084,5.1208457006327,6.36339855564264,6.96024971962275,18.5045279828331,0,0,0,0,0,0,0,0,375.526151611115,287.414443225764,354.790289685904,731.864977974879,349.921127990063,485.931313909043,186.908353037848,551.145939576653,14.4283106533265,11.0429226368926,13.6253817847434,28.0992588811656,13.4135730325369,18.6272994430956,7.17232741673336,21.1493366591947,259.646288750132,197.676917755933,332.910072677356,710.380337487572,353.179664021883,486.180591413869,233.34763149819,692.193203948468,9.97602160312934,7.59506338988925,12.7839939034792,27.2712596691672,13.5390412443701,18.6369655246028,8.95030473330119,26.549164273249,0,0,49.1870918006295,109.405467149176,45.5102721670985,59.3517027593065,72.1069646668577,194.532877688494,0,0,0,0,0,0,0,0,884.752167173281,412.076596135208,2706.2552926265,2813.89796167266
"275",2012,1530,22.8333333333333,3240.77256498178,2519.03231839635,785.984805077499,1449.22866274148,300.877292396335,363.910291829121,234.866962869586,611.745050441797,0,0,0,0,0,0,0,0,0,0,1.32760370563592,2.48074443722457,0.592649970530097,0.716242435969282,0.469416209433669,1.21949274514691,0,0,0,0,0,0,0,0,5716.98186085672,4102.16212495219,1021.98399496487,1979.11660673786,566.243836804976,729.783583439652,897.158686287787,2452.509168377,219.655585515782,157.611628892244,39.3975058236966,76.3038348208974,21.8219606108179,28.1249797567153,34.6281233752694,94.6582152026514,20194.7608129473,14305.0785966316,3909.48977918119,7333.37643034614,2422.56843727428,2978.24538716679,3105.52789140775,8236.62958006757,775.911994460651,549.624057746312,152.242247458909,286.25968853298,95.0799864048244,117.029257762495,122.34210823125,324.670197332238,0,0,7.96817072885282,15.2831891013306,5.12921584333106,6.3546407277242,7.01827492454758,18.6986899070256,0,0,0,0,0,0,0,0,376.16541507982,287.610445862941,353.853976990263,728.424992026684,351.320144761517,486.292415416186,188.403062774953,556.391152050828,14.4528722422893,11.050453370037,13.5895127346669,27.9674242296626,13.4673423283795,18.6413733650701,7.2298087538787,21.3510112032403,259.788584202943,197.563206593448,331.75257242377,706.171681795173,354.348867481618,486.043459543657,234.310870449832,696.225453214902,9.98148888616134,7.59069442357552,12.7396521062184,27.1099784246235,13.5840509910991,18.6320193942509,8.9875137395617,26.7046384432825,0,0,48.9748399818971,108.641313417269,45.5653815302659,59.2103554878921,72.7203922740905,196.487153161828,0,0,0,0,0,0,0,0,888.683896475656,413.693930774395,2720.01029044401,2825.68777913096
"276",2012,1530,22.9166666666667,3225.842622067,2506.91124319848,780.596762623029,1437.71057131396,299.528439498785,361.610134429677,234.532978993426,613.322684248305,0,0,0,0,0,0,0,0,0,0,1.3176320251273,2.45882255029831,0.590107569789646,0.711797169514716,0.468844488539861,1.22294035391049,0,0,0,0,0,0,0,0,5722.05490291463,4102.13660460089,1019.00378418558,1969.63098971112,567.994848285775,729.774911769005,904.664712356337,2478.06171082965,219.8504999043,157.610648359536,39.2826544224045,75.9381408680946,21.8894457686993,28.1246468011501,34.918187822109,95.645324488994,20184.8952897901,14284.8299918664,3891.5794730554,7286.77770375372,2425.28936523689,2972.78091299956,3130.26988933806,8319.5041420567,775.5329899601,548.846072958416,151.544492317093,284.436288648675,95.1856850581344,116.811235772412,123.315531558013,327.927833944424,0,0,7.93303826481121,15.1874072398137,5.13705177694945,6.34528387093399,7.07600625232368,18.8915979788479,0,0,0,0,0,0,0,0,376.781604505299,287.792106672575,352.909463964659,724.993922217396,352.66385683709,486.583031695984,189.894146702001,561.601397697147,14.4765472889545,11.0574330672534,13.5533266571312,27.8359264927858,13.5189879880659,18.6527389292398,7.28714665805451,21.5513349700598,259.927537744839,197.448762101924,330.59146076458,701.99282713925,355.480107508484,485.864021867426,235.302255975393,700.278940915445,9.9868277665091,7.58629728161855,12.6951687791697,26.9498333631094,13.6276004406622,18.6254417346571,9.02579569682759,26.860910658276,0,0,48.7626617289717,107.882697324103,45.6173256344265,59.0654881220813,73.3333822649158,198.436805527632,0,0,0,0,0,0,0,0,892.622191823296,415.312327490317,2733.79128963825,2837.46028128529
"277",2013,1530,23,3211.17773588375,2495.0148263778,775.312036985425,1426.47708582926,298.155742323448,359.268006827861,234.182145672917,614.791309350716,0,0,0,0,0,0,0,0,0,0,1.30788794272729,2.43746057907274,0.58750832894754,0.707258699817542,0.468235604722345,1.22616164627879,0,0,0,0,0,0,0,0,5726.95714414642,4101.99938110772,1015.99398099191,1960.16414775906,569.668295804167,729.618197834115,912.138741107911,2503.50930234872,220.038851851939,157.605376013484,39.1666632166258,75.5731701321196,21.9539417306121,28.1186082832205,35.2070100249806,96.6283751897416,20175.2648661009,14264.8244278357,3873.80193541784,7240.73904390564,2427.76070584606,2966.8288675249,3154.96301913362,8402.169208744,775.163017707589,548.077426200543,150.851870694344,282.634667859018,95.2816502170244,116.574155291617,124.287105052382,331.177457770958,0,0,7.89831157214308,15.0928046366918,5.14431031872694,6.33482579268271,7.13356722861709,19.0839191736166,0,0,0,0,0,0,0,0,377.381943249658,287.963151996574,351.956980950131,721.567626731598,353.956384364058,486.768196690796,191.390167841359,566.825241255438,14.4996133263579,11.0640049005582,13.5168324179217,27.704606718728,13.5686680123723,18.6600559261361,7.34466970233655,21.7521703215711,260.065534763179,197.33562972083,329.42490190795,697.838216634193,356.56928031533,485.602231737704,236.327083047479,704.397681459926,9.99212989455755,7.58195055307392,12.6504734467056,26.7906113099868,13.6695323471429,18.6156976295312,9.06535371956536,27.0196686297891,0,0,48.5505501900737,107.128960842948,45.6656135170637,58.9123035416066,73.9468820651891,200.387644700365,0,0,0,0,0,0,0,0,896.56320768736,416.930670788264,2747.58409073404,2849.20697211637
"278",2013,1530,23.0833333333333,3197.07349461388,2483.3560217806,769.317368695373,1414.7715352163,296.689740845315,356.302241548611,233.977653044935,616.977916433174,0,0,0,0,0,0,0,0,0,0,1.29818447903038,2.41620385060933,0.584725778099375,0.701486188882884,0.467897807407212,1.23073960157136,0,0,0,0,0,0,0,0,5732.77669074968,4102.58258672147,1011.92279823294,1949.65308662467,571.138059529276,728.124705811893,919.875246667657,2530.45739140999,220.262448138876,157.627783705809,39.0098775849702,75.1680380738925,22.0105879699323,28.0610513986287,35.5059398156498,97.6692431143113,20169.3286199171,14247.4939367435,3852.26436376468,7191.33808520236,2429.4170927495,2955.52290360319,3180.74778464272,8490.78476488689,774.934980490269,547.411560050803,150.014705375468,280.703457734264,95.3457069569704,116.126803542517,125.301497331558,334.660826401333,0,0,7.86288208577525,14.9965791001501,5.14984460958035,6.31290401611709,7.19339189950167,19.2888601138538,0,0,0,0,0,0,0,0,378.096273263196,288.191712627578,350.948413404576,718.012333688358,355.242634129006,486.111015690392,193.070978375915,573.010230347455,14.5270590883047,11.0727865639831,13.478180781201,27.5683269435771,13.6181039375789,18.6350759344212,7.40927637944175,21.9898503231288,260.250194068613,197.262124040015,328.192097728425,693.562713824817,357.538088478256,484.456260323827,237.528967910981,709.507509048874,9.99922486049991,7.57912634577092,12.6032304933907,26.6267393017138,13.7068451082208,18.5720487611957,9.11169559474988,27.2164111883197,0,0,48.3364269702494,106.364503826659,45.6999204425116,58.654114914637,74.5805363288123,202.456672309668,0,0,0,0,0,0,0,0,900.435327271897,418.528405562396,2761.13498381608,2860.77018266626
"279",2013,1530,23.1666666666667,3183.18095820584,2471.8939933063,763.490196116822,1403.39399528986,295.200583169551,353.35294510546,233.740926612067,618.980607057936,0,0,0,0,0,0,0,0,0,0,1.28850387076312,2.39536525172748,0.581902429270538,0.695741193526697,0.467502851621489,1.23497049338158,0,0,0,0,0,0,0,0,5738.42784542609,4103.04626042566,1007.92910569376,1939.28499315711,572.540013690135,726.583282994308,927.583578545945,2557.27825440531,220.479574538697,157.645598791017,38.8560566341642,74.7683956491378,22.064620896739,28.0016469047812,35.8037744215857,98.7051916646194,20163.3903383733,14230.232726597,3831.12271204371,7142.74458677294,2430.82564200977,2944.09547685673,3206.39584371603,8578.71079588698,774.706864486423,546.748355800544,149.192746572056,278.803536373143,95.4001220322624,115.674774306816,126.310611126741,338.117365485738,0,0,7.82665892118915,14.9007056698207,5.15487715591609,6.29070129848945,7.25292553235593,19.4923728100629,0,0,0,0,0,0,0,0,378.78513681955,288.405917492711,349.904175647143,714.447557544829,356.462994061819,485.393450506131,194.734092792175,579.0832236848,14.5535263876591,11.0810166559456,13.4381568088787,27.4316773998377,13.6650106355483,18.6077753106963,7.47320043941077,22.2232273252921,260.43075525611,197.185468066755,326.954644095125,689.312668509635,358.473177920999,483.278809885632,238.752122976202,714.605482979433,10.006162369186,7.57618109922195,12.5558062812264,26.463837223105,13.7428604436077,18.5271837559863,9.15884701508484,27.4126839079179,0,0,48.1223411071462,105.605753648758,45.73113303652,58.3947587228268,75.213502204592,204.518555361203,0,0,0,0,0,0,0,0,904.314634070352,420.1273672976,2774.70718793386,2872.30095657015
"280",2013,1530,23.25,3169.50094988662,2460.62836306443,757.826228694998,1392.3362150755,293.691347249645,350.422805952707,233.473429929318,620.806371271494,0,0,0,0,0,0,0,0,0,0,1.27888756993677,2.37496332188997,0.579039542963691,0.690027059370823,0.467050788293397,1.23886127233796,0,0,0,0,0,0,0,0,5743.89530192449,4103.3803907252,1004.00403544688,1929.04606997774,573.872325197322,724.990461494174,935.260604258593,2583.95776259841,220.689642960754,157.658436611456,38.7048615563654,74.3737145506482,22.115970089579,27.9402617080895,36.1003937933031,99.7356781422685,20157.461792075,14213.0482939516,3810.37261344597,7094.94960995654,2431.99631527563,2932.5581069071,3231.90960540048,8665.95919781415,774.479121945821,546.088101479274,148.385832847838,276.934567135912,95.4452799888173,115.218513954507,127.31453868794,341.547534569499,0,0,7.78990678604963,14.8053804790049,5.15940310737935,6.26822631145779,7.31216291831332,19.6944542275179,0,0,0,0,0,0,0,0,379.449500661806,288.606172758732,348.830474304498,710.879026645187,357.620030455114,484.618936217061,196.380082151923,585.050593660275,14.5790523682275,11.0887107820221,13.3969989083514,27.2948781942893,13.7094865170913,18.5782859775589,7.53646392903594,22.4525459709912,260.607899270831,197.106483256829,325.712789076248,685.090735534571,359.374432862289,482.07178829,239.994649894077,719.68714536576,10.0129685836267,7.57314637507136,12.5082103613178,26.3020071568484,13.777574002301,18.4811760738754,9.20673525632837,27.6083160478136,0,0,47.9082359674507,104.852738815278,45.7592997621033,58.1343406726836,75.8457718139608,206.573305077905,0,0,0,0,0,0,0,0,908.200875804517,421.727478177254,2788.29861529646,2883.79839195924
"281",2013,1530,23.3333333333333,3156.03370508926,2449.55830113232,752.321127505205,1381.58983338768,292.164932022724,347.514268906439,233.176589172406,622.462080122272,0,0,0,0,0,0,0,0,0,0,1.26936878791615,2.35501097903441,0.576139389918518,0.684347368832788,0.466542216073831,1.24242004015347,0,0,0,0,0,0,0,0,5749.16689671127,4103.57724726435,1000.14004012045,1918.92498354159,575.133824764195,723.343963272834,942.903570056052,2610.48320345302,220.892186062635,157.666000154497,38.5560040315639,73.9835608422584,22.1645906365559,27.8768083983458,36.3956923944222,100.76021413115,20151.5525086209,14195.9465185594,3790.00896065185,7047.94288742263,2432.93866105983,2920.92155047054,3257.29128207954,8752.5412552392,774.252118938922,545.431022996305,147.593773977736,275.096161539109,95.4815495447,114.758439380927,128.313364627831,344.951769664595,0,0,7.75284113973633,14.7107594104088,5.1634233539041,6.24548987344788,7.37110036156202,19.8951031457549,0,0,0,0,0,0,0,0,380.090226164051,288.792831436129,347.732624722018,707.311498340639,358.716037379512,483.790444051377,198.009461311576,590.918081336567,14.6036701253721,11.0958825054399,13.3549112701092,27.1581121492509,13.75161954885,18.5467220339131,7.59908673118452,22.6780266649018,260.782172945296,197.025844054839,324.467029300152,680.899293155019,360.241801642009,480.836950075422,241.254718568364,724.748636509622,10.0196645140137,7.57004808655901,12.4604618368457,26.1413405781511,13.810983893161,18.4340932989033,9.25529022618318,27.8031598404118,0,0,47.6940920468758,104.10550292673,45.7844652170312,57.8729600449748,76.4773332600321,208.620928194077,0,0,0,0,0,0,0,0,912.093805835717,423.328661839481,2801.90729885343,2895.26168256354
"282",2013,1530,23.4166666666667,3142.77904627292,2438.68267923136,746.970608183566,1371.14658124142,290.624053356775,344.629556231539,232.851779120183,623.95439381666,0,0,0,0,0,0,0,0,0,0,1.25997383153067,2.335516615393,0.573204936186769,0.678705804073445,0.465978141274405,1.24565563549203,0,0,0,0,0,0,0,0,5754.23308252226,4103.63098795307,996.330756250211,1908.9125415871,576.323864911687,721.642468084489,950.510035143004,2636.84311055857,221.086837023181,157.668064957698,38.4092410031681,73.5975826119521,22.2104576796685,27.8112363435848,36.6895766728751,101.778358966561,20145.670100215,14178.9319391215,3770.02621640579,7001.71343989772,2433.66173155688,2909.19581958921,3282.54285404831,8838.467382434,774.026147943889,544.777294735625,146.816362885744,273.287903124776,95.5092803439874,114.294938717361,129.30716456871,348.330473178536,0,0,7.71563615124563,14.6169652643066,5.1669428873669,6.22250424212375,7.42973524184113,20.0943191885132,0,0,0,0,0,0,0,0,380.708073790284,288.966197357927,346.61515518969,703.748914355531,359.753058836806,482.910556110989,199.622685559414,596.690795064136,14.6274088773294,11.1025434999496,13.3120678661731,27.0215307634708,13.7914881036505,18.5131826245381,7.66108643414739,22.89986551708,260.954008162795,196.944097187377,323.218043254768,676.740458509151,361.075279241642,479.575890138365,242.530587520805,729.786640985332,10.026266754007,7.5669072397945,12.4125868001688,25.9819189426723,13.8430900113513,18.3859968878979,9.3044452400693,27.9970884100412,0,0,47.4799191135838,103.364102286621,45.8066703100073,57.6107103138457,77.1081712150299,210.661425093574,0,0,0,0,0,0,0,0,915.993185961094,424.930843768839,2815.53138858069,2906.69009055037
"283",2013,1530,23.5,3129.7364617657,2428.00013151662,741.770450728673,1360.99830263683,289.071262090295,341.770692055441,232.500328493545,625.289777431212,0,0,0,0,0,0,0,0,0,0,1.25072358121223,2.31648508115638,0.570239578939108,0.673106029502591,0.46535986636492,1.24857740347905,0,0,0,0,0,0,0,0,5759.08641367869,4103.5372766929,992.570787565688,1899.00124330159,577.442203116662,719.88538930858,958.077811700289,2663.02710053024,221.273309767509,157.664464421223,38.2643663917625,73.2154927417194,22.2535619277064,27.7435230888066,36.981962762973,102.789713492776,20139.820645527,14162.0080287728,3750.4185265592,6956.24978142151,2434.17414919424,2897.39029304653,3307.66611099647,8923.74725334721,773.801442518251,544.127050140469,146.053380015991,271.509355417332,95.5288055230489,113.82837563457,130.296006757618,351.684018953135,0,0,7.67843382939768,14.5240952730249,5.16996951421692,6.19928260210597,7.48806572375474,20.292102597302,0,0,0,0,0,0,0,0,381.303723411655,289.126537246521,345.481955133923,700.194578217575,360.732947642768,481.981570624418,201.220159056035,602.373298126344,14.6502947458301,11.1087040134522,13.2686181383326,26.8852610240839,13.8291632205958,18.4777559838826,7.72247865626387,23.1182377067205,261.123746005326,196.86168649158,321.966629165628,672.616108861039,361.874904615868,478.290064637537,243.820604891696,734.798310718694,10.032788408537,7.56374088771004,12.3646159466979,25.8238144998123,13.8738939354675,18.3369429690508,9.35413705719349,28.1899928168991,0,0,47.2657482559338,102.628601037698,45.8259538202702,57.3476804601061,77.738267864686,212.694791590836,0,0,0,0,0,0,0,0,919.898785137388,426.533950976451,2829.16913233186,2918.08293402769
"284",2013,1530,23.5833333333333,3116.90514155654,2417.50908298338,736.716507812157,1351.13697136552,287.508949305972,338.939510713409,232.123521315723,626.474502601787,0,0,0,0,0,0,0,0,0,0,1.24163415976107,2.29791813973267,0.567247026949877,0.667551636609725,0.464688937607142,1.25119508113416,0,0,0,0,0,0,0,0,5763.72131334113,4103.29310850312,988.855605377782,1889.18506877266,578.488949097298,718.072768419976,965.604940604915,2689.02581555065,221.451390024529,157.655083088905,38.1212072859743,72.8370608419832,22.2939076318502,27.6736703063302,37.2727755552923,103.793917867594,20134.0088631122,14145.1773214705,3731.17977797678,6911.54002389052,2434.48413018795,2885.51375924116,3332.66266913245,9008.3898539748,773.578183961931,543.480386569355,145.304595563696,269.760065964832,95.540442620389,113.359090998567,131.279952734649,355.012754296591,0,0,7.64134809888064,14.4322244475961,5.1725133002558,6.17583883185323,7.54609062630618,20.4884541515989,0,0,0,0,0,0,0,0,381.877783531428,289.274086408343,344.336342422251,696.651235422347,361.657390907505,481.005547925085,202.802238439355,607.969647542944,14.6723511105378,11.1143730867969,13.2246895813188,26.7494084843743,13.8647095834304,18.4405212032221,7.78327718446917,23.3332989712024,261.291647828242,196.778964300604,320.71367395688,668.527891490028,362.640760593558,476.980802856883,245.123210396498,739.781227575833,10.0392395193099,7.56056256750849,12.3165833825516,25.6670906709218,13.9033989234834,18.2869827951338,9.40430595427927,28.3817806185746,0,0,47.0516281602868,101.899068811981,45.8423530950698,57.0839555115955,78.3676033568802,214.721019770011,0,0,0,0,0,0,0,0,923.810378997757,428.137911884322,2842.81886833855,2929.43958238787
"285",2013,1530,23.6666666666667,3104.28402605022,2407.20778725272,731.804711459314,1341.55470509059,285.939357180876,336.137671854874,231.722599867892,627.514655752596,0,0,0,0,0,0,0,0,0,0,1.23271783975179,2.27981507844374,0.564231148410597,0.662046079008935,0.463967077472941,1.25351865451781,0,0,0,0,0,0,0,0,5768.13375425517,4102.89657249642,985.181412281506,1879.45920118036,579.464493233854,716.205137225731,973.089655395752,2714.83082109163,221.620923060687,157.639847541399,37.9796187309972,72.4621026101099,22.3315098365773,27.6016985088732,37.561947316302,104.790647649093,20128.2383487089,14128.4415828981,3712.3036704597,6867.57200513712,2434.59952414682,2873.57448273644,3357.53399689874,9092.40356574672,773.356510434562,542.837371862492,144.569772254548,268.039571302784,95.5444951034648,112.887405440487,132.259058334577,358.317003215327,0,0,7.60447033712818,14.341410111799,5.17458583126273,6.15218720169738,7.60380925209225,20.6833750522601,0,0,0,0,0,0,0,0,382.430803867881,289.409056124474,343.181156074293,693.121181143117,362.527944858395,479.98437116866,204.369238363367,613.48345231584,14.6935990925037,11.1195588377407,13.1803913014546,26.6140613992572,13.8981868572458,18.4015505639113,7.84349418731495,23.5451878417024,261.457910311481,196.696207085438,319.460115283969,664.477239601811,363.372972339357,475.649322676952,246.436935171882,744.733351297121,10.0456276430994,7.55738290164687,12.268525166031,25.5118026586546,13.9316098535986,18.2361633352707,9.4548957181289,28.5723738691675,0,0,46.8376202828041,101.175577805937,45.855904931892,56.8196172909789,78.9961563922537,216.740099117038,0,0,0,0,0,0,0,0,927.727749101292,429.742656149728,2856.47901387181,2940.75944926273
"286",2013,1530,23.75,3091.87184351554,2397.09435561403,727.031077989235,1332.24377583352,284.36458768351,333.366672689301,231.298766853119,628.41614411651,0,0,0,0,0,0,0,0,0,0,1.22398372269558,2.26217316993797,0.561195868375685,0.656592632391369,0.463196135497354,1.25555825334715,0,0,0,0,0,0,0,0,5772.32101540157,4102.34667143604,981.545035743099,1869.81981543836,580.369453518396,714.283414981445,980.530356072123,2740.43452629914,221.781804330071,157.618719463275,37.8394796596673,72.0904717336722,22.3663923417462,27.5276431002926,37.8494166848938,105.779610750202,20122.5117560262,14111.8019403596,3693.78377209251,6824.33338543814,2434.52784407598,2861.58025452585,3382.28143431598,9175.79623107114,773.136523901618,542.198049332529,143.848667483974,266.347400696405,95.5412535246358,112.413621297275,133.233374440182,361.59706895228,0,0,7.56787345929336,14.2516952237866,5.17619971192522,6.12834216497628,7.661221266901,20.8768668516668,0,0,0,0,0,0,0,0,382.963284902984,289.531639125037,342.018827689408,689.606340069604,363.346059735362,478.919788305283,205.921436030662,618.9179217755,14.7140579210419,11.124268671283,13.1358167584178,26.4792937909196,13.9296506441563,18.3609111507304,7.90314038931401,23.7540274990372,261.622676862911,196.613627517233,318.206914128082,660.465387893317,364.071705908879,474.296744560646,247.760400375678,749.652975252966,10.0519582898818,7.55421006129045,12.22047825465,25.357998043328,13.9585331688464,18.1845278104573,9.50585359067658,28.7617074191275,0,0,46.6237953361741,100.458200721107,45.8666461552909,56.5547449327659,79.6239046595165,218.752017354516,0,0,0,0,0,0,0,0,931.650682376742,431.34811454605,2870.14805685099,2952.04198762256
"287",2013,1530,23.8333333333333,3079.66714136078,2387.166781208,722.39171151772,1323.1966175792,282.786610521008,330.627859146675,230.853187221727,629.184701091782,0,0,0,0,0,0,0,0,0,0,1.21543828876321,2.24498804857954,0.558145096983433,0.651194370804535,0.4623780500945,1.25732406839282,0,0,0,0,0,0,0,0,5776.28148054135,4101.64317278693,977.943837690466,1860.26390417227,581.204633116455,712.30882566654,987.925588352097,2765.83011489268,221.933971734195,157.591689920162,37.7006894353938,71.7220532235653,22.3985860718991,27.4515511993097,38.1351278782242,106.760544795691,20116.8309462318,14095.2589897584,3675.61356482361,6781.81172512807,2434.27629176658,2849.53843409531,3406.90620889977,9258.57521003912,772.918295877966,541.56244187486,143.141035080313,264.683079153387,95.5309964984742,111.938024235341,134.202947601819,364.853236180868,0,0,7.53161517351403,14.1631110011931,5.17736820933622,6.10431820693617,7.71832660923744,21.0689314109031,0,0,0,0,0,0,0,0,383.475685740409,289.642013941337,340.851441294658,686.108330461314,364.113098900217,477.813442937939,207.459075252919,624.275909379634,14.733745235647,11.1285094468818,13.0910460625993,26.3451679085756,13.9591532168838,18.3186660384092,7.96222522716207,23.9599274551259,261.786046963432,196.531384559492,316.955033948752,656.493388710029,364.737166671249,472.92410493093,249.092314614685,754.538685761888,10.0582352818888,7.55105015407077,12.1724797039771,25.2057174022249,13.9841768167303,18.1321162062639,9.55713016925428,28.9497273521861,0,0,46.4102305593492,99.7470092431649,45.8746140013658,56.2894152651977,80.2508251786861,220.756761100761,0,0,0,0,0,0,0,0,935.578970667123,432.954218875185,2883.82454901346,2963.28668604799
"288",2013,1530,23.9166666666667,3067.66831328617,2377.42295995452,717.882806495918,1314.40583194838,281.207270546328,327.922436223135,230.386989793341,629.825891242677,0,0,0,0,0,0,0,0,0,0,1.20708586788697,2.22825403370776,0.555082672182017,0.645854149952331,0.461514816662449,1.2588262823312,0,0,0,0,0,0,0,0,5780.01446381427,4100.78648019289,974.375635493533,1850.78912899034,581.970984140383,710.282828136494,995.274025860863,2791.01148158179,222.077398921213,157.558774420703,37.5631648305969,71.3567577159382,22.4281276840786,27.373478957284,38.4190300098609,107.733214689939,20111.1971172872,14078.8128877807,3657.7864833536,6739.99454977774,2433.85178038713,2837.4559862927,3431.40944964936,9340.74743178362,772.701872397089,540.930555509436,142.446626810217,263.046129956294,95.5139915707394,111.460884673452,135.167820581679,368.085772991098,0,0,7.49574075390047,14.0756791496025,5.17810496129278,6.08012971961665,7.77512541637956,21.2595708675101,0,0,0,0,0,0,0,0,383.968430872747,289.740348555543,339.680785285413,682.628518368893,364.830354875048,476.666899235191,208.982370175262,629.559952611911,14.7526773460011,11.1322876186807,13.0461479690146,26.2117363107706,13.986744134384,18.2748752496138,8.02075699304929,24.162985084876,261.948084219723,196.449592259801,315.70542386457,652.562127397134,365.369597523345,471.532368058892,250.431470943122,759.389325503831,10.0644610630078,7.54790756187795,12.124566021182,25.0549948981445,14.0085501809359,18.0789657287082,9.60867929053595,29.1363895797857,0,0,46.1970074310786,99.0420728045123,45.8798464128584,56.0237031204068,80.876894591909,222.754316434406,0,0,0,0,0,0,0,0,939.512410338685,434.560901898348,2897.50710002186,2974.4930656101
"289",2014,1530,24,3056.06492142195,2367.9658102404,713.305882301532,1305.63416675219,279.602303661227,325.038447215803,229.952370433863,630.696477478426,0,0,0,0,0,0,0,0,0,0,1.19888278682472,2.21171632477373,0.551961438678735,0.640155048531459,0.460702390714724,1.26072940447776,0,0,0,0,0,0,0,0,5783.7645159145,4099.98385362804,970.56597545266,1840.98413155258,582.615699584081,707.742816855897,1002.6639141626,2816.63380979572,222.221481919872,157.527936224546,37.416356880864,70.9787530902167,22.4529820613106,27.2755980128113,38.7045245456183,108.722873556897,20106.5039779055,14063.158415223,3639.30310796949,6697.44369427793,2433.0352587573,2823.48633425757,3456.14882525511,9424.87282815708,772.521591080784,540.329084827847,141.726981873765,261.38084782401,95.4816396752847,110.909663831374,136.14199078478,371.395049794217,0,0,7.459995174125,13.9878310943551,5.17794582322292,6.05182013928913,7.83236888642245,21.4542269165612,0,0,0,0,0,0,0,0,384.460652869791,289.838048652017,338.480614446597,679.071540822466,365.468337119519,475.159100920859,210.538495789698,635.143683316845,14.771589355859,11.1360414113155,13.0001142832389,26.0753369547164,14.0112927967195,18.217229800841,8.08054520730121,24.3775291687651,262.119669494609,196.378142471602,314.437425465708,648.590119356508,365.935403546681,469.813708087696,251.822263503795,764.579207611442,10.071053693273,7.54516234554309,12.0759436962673,24.9027018148043,14.0303652601385,18.0132741624317,9.66220388084144,29.3360497637473,0,0,45.9826541724503,98.3325429763619,45.8781458481857,55.7211050736285,81.5080428932242,224.791432297786,0,0,0,0,0,0,0,0,943.449161463006,436.171431641582,2911.18844891871,2985.6830965024
"290",2014,1530,24.0833333333333,3045.29404286256,2359.02974525319,708.201564101424,1296.33484838231,277.906891230327,321.482215230392,229.668479867851,632.614231339374,0,0,0,0,0,0,0,0,0,0,1.19059367361899,2.19470995769832,0.548663409624618,0.63312534542252,0.460166489363944,1.2645810765261,0,0,0,0,0,0,0,0,5788.15151792524,4099.75109144043,965.881278373179,1829.89712801051,583.007511057947,703.593566945854,1010.31959707701,2844.33233013708,222.390037552683,157.518993129072,37.235904915714,70.5513985778907,22.4680906525481,27.1156998713099,39.0002585286174,109.792548456338,20104.8946610436,14049.960510997,3617.79056579845,6650.75350793092,2431.26467320648,2803.2451654752,3481.9725707855,9516.99220785116,772.459794294085,539.821999451166,140.890748950054,259.555279979595,95.4119007881059,110.112138569067,137.15866590505,375.017948823017,0,0,7.42289201119792,13.8951245473815,5.17574810672344,6.01001764061717,7.89188151719612,21.6659195411067,0,0,0,0,0,0,0,0,384.997823673756,289.963051600769,337.16774007539,675.193473944975,365.95245104767,472.52460493247,212.233662143519,641.854623343937,14.7922283695581,11.1408442232263,12.9497491173077,25.926602328537,14.0299393715349,18.116383198318,8.14566380127761,24.6352957460168,262.326357418606,196.339514601534,313.096790515738,644.37474644353,366.351388978118,467.028114956296,253.372857639718,770.997152776942,10.0789950221774,7.54367819982477,12.024528912651,24.7410579772863,14.0464322576762,17.9066685127718,9.72185292576099,29.5827959195041,0,0,45.7634066351853,97.5921946234491,45.8593024293148,55.2950199558676,82.1586665794726,226.979605716389,0,0,0,0,0,0,0,0,947.385524495657,437.794029260089,2924.8497111016,2996.89664685311
"291",2014,1530,24.1666666666667,3034.68406523618,2350.24281140024,703.247384275043,1287.30544752819,276.210336104282,318.00085911773,229.357074708443,634.351799514981,0,0,0,0,0,0,0,0,0,0,1.18233084952605,2.17806501736256,0.545365345923851,0.626235932521482,0.459581585577436,1.26810416212703,0,0,0,0,0,0,0,0,5792.33826375044,4099.37903082417,961.271683451527,1818.95468623824,583.329442113709,699.447752844228,1017.93432006039,2871.84066863743,222.550899022603,157.504697965207,37.0583276041978,70.1295977678388,22.4805070746257,26.9559354875702,39.2944091507561,110.854886951467,20103.2923058828,14036.8223377264,3596.68739691517,6604.86361211412,2429.30993913367,2783.17739856615,3507.64477583894,9608.2346338193,772.398264483276,539.317209045656,140.070255169737,257.760764981861,95.3349937239896,109.32147138831,138.169478893172,378.606657719942,0,0,7.38513049364649,13.802787639613,5.17315110296924,5.96853304164619,7.95107383401642,21.8758154483675,0,0,0,0,0,0,0,0,385.515623990517,290.077081564741,335.831170490021,671.323278696336,366.38814805366,469.883872175781,213.902181029716,648.377477169648,14.8121231375554,11.1452254355323,12.8984717316935,25.778164995602,14.0467265978921,18.0152929985505,8.20975772059564,24.8858439022838,262.53110006257,196.299794569075,311.756459727783,640.198403947169,366.734287751387,464.245140361427,254.924987325598,777.335466178005,10.0868616095098,7.54215209150231,11.9731235788787,24.5809069245753,14.0612269036676,17.8001567692382,9.7815560433351,29.8264768028744,0,0,45.5445292609086,96.8587113066569,45.8379402464381,54.8725991679628,82.8082773406233,229.156845655325,0,0,0,0,0,0,0,0,951.327283999625,439.417295733697,2938.50770150432,3008.04710617492
"292",2014,1530,24.25,3024.23655966625,2341.60544972792,698.439275664377,1278.53890328875,274.514763497032,314.593923614404,229.0196508449,635.917266790352,0,0,0,0,0,0,0,0,0,0,1.17413045723536,2.16179348050132,0.542067690956574,0.619485467459142,0.458948075217001,1.27130602869733,0,0,0,0,0,0,0,0,5796.31139168737,4098.85907532161,956.729778791832,1808.14536126866,583.580792016017,695.302630059817,1025.50334840874,2899.13934810222,222.703552951643,157.484720443302,36.8833419203201,69.7129125199014,22.4902043454081,26.7961992325609,39.5867944811053,111.909140170221,20101.7073949058,14023.7505084903,3575.98803701032,6559.76335925979,2427.1797243023,2763.28611948359,3533.16872661338,9698.62026470346,772.337404406655,538.814967696255,139.265292582675,255.996898230944,95.2512536782863,108.537780876995,139.174556670533,382.161960169365,0,0,7.34695548294222,13.7110117561276,5.17015062529903,5.92736007154291,8.0099385045686,22.0839121724611,0,0,0,0,0,0,0,0,386.014507613296,290.180263126538,334.475859583428,667.465058601532,366.77620997436,467.238023658303,215.545357362768,654.725160705551,14.8312910953116,11.1491898348963,12.8464724092241,25.6301826170439,14.0616844223605,17.9140022633921,8.27287708783755,25.1296691017954,262.734751925863,196.259795769827,310.41691866378,636.063010624712,367.085558215727,461.467735832614,256.477749660595,783.590503759914,10.0946862865064,7.54061527253534,11.9217463653574,24.4223224455239,14.0748051702541,17.6938523284001,9.84127874030226,30.0669530009346,0,0,45.3259697555908,96.132061760901,45.8141155579211,54.4538629206312,83.4568879303289,231.323314845676,0,0,0,0,0,0,0,0,955.274244199009,441.04117002386,2952.16089733338,3019.13445578555
"293",2014,1530,24.3333333333333,3013.95261026498,2333.11773954566,693.773212144429,1270.02820122679,272.822137106485,311.260852020101,228.657640711644,637.31841513774,0,0,0,0,0,0,0,0,0,0,1.16602131850728,2.14590331874593,0.538771712415807,0.612872781608224,0.458266814156246,1.27419514651667,0,0,0,0,0,0,0,0,5800.06056987553,4098.18479923906,952.249376538835,1797.45992205551,583.761511767048,691.156564310847,1033.02254671529,2926.21091273983,222.847602373203,157.458813677929,36.7107116386212,69.300989501134,22.4971805432539,26.6364281428541,39.877255571049,112.954636736029,20100.1481836718,14010.750084173,3555.68647763635,6515.44135282538,2424.88219408149,2743.57384271781,3558.54731879418,9788.16770670683,772.277531260791,538.315469850085,138.475635827815,254.263245745372,95.1609964803515,107.761163477427,140.174011013376,385.684579802073,0,0,7.30856534733718,13.619948824347,5.16674768178152,5.88649507533899,8.06846970163538,22.2902088855193,0,0,0,0,0,0,0,0,386.494851361948,290.272683544577,333.106019415463,663.622163764176,367.117365427857,464.587954533844,217.164324477064,660.909201130436,14.8497467208482,11.1527407739259,12.7939129543885,25.4827839267203,14.0748407476276,17.8125453663661,8.33506543358364,25.3672135068753,262.937981931235,196.220163301424,309.078782027034,631.970175847203,367.406406450151,458.698352305303,258.030310429242,789.759658777466,10.102494754256,7.53909252860635,11.8704209044371,24.2653664522577,14.0872133528626,17.587849382325,9.9009891549736,30.3041248752665,0,0,45.1077101328368,95.4122344410211,45.7878786181607,54.0388240400486,84.1045053168419,233.479161635396,0,0,0,0,0,0,0,0,959.226213570066,442.665591680742,2965.80784984479,3030.15871604001
"294",2014,1530,24.4166666666667,3003.83288828635,2324.77945653152,689.245222919461,1261.76640223716,271.134271189081,308.001000294768,228.272417761774,638.562736718821,0,0,0,0,0,0,0,0,0,0,1.15802628003499,2.13039924369839,0.535479232108131,0.606396787782063,0.457539004060046,1.27678079026713,0,0,0,0,0,0,0,0,5803.57798910755,4097.35157332293,947.825315988081,1786.89093915054,583.872053139438,687.008773310906,1040.48829889212,2953.03976622812,222.982747245046,157.426799805762,36.5402398033275,68.8935443911349,22.5014530090591,26.476592008493,40.1656533902956,113.990776578583,20098.6210789216,13997.8248453678,3535.77637567525,6471.88564781991,2422.42507155592,2724.04260901715,3583.78311275412,9876.89417498963,772.218891207883,537.818860763438,137.701046357876,252.5593519208,95.0645209179511,106.991697270777,141.167940698208,389.175186445248,0,0,7.27012086167603,13.5297190800109,5.1629470609337,5.84593634367641,8.1266627931652,22.4947060565553,0,0,0,0,0,0,0,0,386.956972267371,290.354403721582,331.725240217369,659.797340117383,367.412326221443,461.934419739799,218.760067446002,666.93988679658,14.8675021949997,11.1558805926013,12.7409312992158,25.3360744603856,14.0862228319585,17.7109512852829,8.3963605918107,25.5988717302014,263.141304502693,196.181401329679,307.742748164549,627.9212281648,367.697833401044,455.939012755021,259.581900458193,795.841199578342,10.11030677776,7.53760323057185,11.8191740435522,24.1100900760972,14.098489877429,17.482225701554,9.96065791655962,30.5379263370245,0,0,44.8897586012619,94.6992318092928,45.7592755464559,53.627489598463,84.751131814739,235.624522272963,0,0,0,0,0,0,0,0,963.183004123495,444.290500659042,2979.44717488528,3041.11993847894
"295",2014,1530,24.5,2993.87771817788,2316.5901239342,684.851401244338,1253.7466612365,269.452843892867,304.81365012537,227.865301370966,639.65745166141,0,0,0,0,0,0,0,0,0,0,1.15016334853565,2.11528334004151,0.532192432064887,0.60005642124684,0.456766102559886,1.27907280386057,0,0,0,0,0,0,0,0,5806.85792116312,4096.35624060687,943.453287811095,1776.43243208929,583.913248648712,682.859119362959,1047.89743546181,2979.61199733178,223.108767479787,157.388557531105,36.3717620055215,68.490348373672,22.503053734611,26.3166854080397,40.4518660409926,115.017024263676,20097.1309669808,13984.9775270507,3516.25114292442,6429.08391071028,2419.81569272082,2704.69406764635,3608.87838349858,9964.81565627905,772.16167199349,537.325245518313,136.941275904735,250.884745730218,94.9621108701404,106.229445164219,142.156433441426,392.634402413516,0,0,7.23175256832755,13.4404174230944,5.15875628498452,5.80568360048795,8.18451409503609,22.697405209702,0,0,0,0,0,0,0,0,387.401141674233,290.425466767308,330.336596191646,655.992851982831,367.661808810844,459.278090957568,220.333445271427,672.826421583784,14.884567943263,11.1586109472677,12.6876455640743,25.1901412606607,14.0958581144847,17.6092457933878,8.45679555210252,25.8249967584903,263.345106895837,196.143897424812,306.409565090386,623.917248851773,367.960677190051,453.191383258752,261.131809937514,801.834116645815,10.118137236008,7.53616226949919,11.7680345404627,23.9565349547403,14.1086669229093,17.3770453593211,10.0202579267303,30.7683189780686,0,0,44.6721431306851,93.9930660030319,45.728349688176,53.2198622049894,85.3967660203183,237.759522863056,0,0,0,0,0,0,0,0,967.144430800636,445.91583718803,2993.07754496466,3052.01820022873
"296",2014,1530,24.5833333333333,2984.08711639649,2308.54904307032,680.587911940991,1245.96224233766,267.779403856978,301.698016817064,227.43755897263,640.609514255142,0,0,0,0,0,0,0,0,0,0,1.14244636420887,2.10055544799334,0.528913741539651,0.593850607484272,0.455949768717128,1.28108145252506,0,0,0,0,0,0,0,0,5809.89645553355,4095.19692216425,939.129728232397,1766.07965640737,583.886239590687,678.70798395413,1055.24719229962,3005.91528828847,223.22551282943,157.344014662593,36.2051423353666,68.0912199767239,22.5020265972493,26.1567228919506,40.7357871774797,116.032905493632,20095.6814100666,13972.209959511,3497.10400381923,6387.02352155208,2417.06103515828,2685.52952319985,3633.8351496946,10051.9470006375,772.106010488941,536.834694437201,136.196068707157,249.238944677737,94.8540364163166,105.474456705463,143.139567026805,396.062806056368,0,0,7.19356509887681,13.3521171404391,5.15418500631598,5.76573770065349,8.24202072905294,22.8983088081966,0,0,0,0,0,0,0,0,387.827593894832,290.485903364059,328.942708354572,652.210554081934,367.866544924165,456.619587045572,221.885204337295,678.577016665581,14.9009529682923,11.1609330167884,12.6341564695335,25.0450556415606,14.1037746242103,17.5074526307804,8.51639897637201,26.0459034744546,263.549665751748,196.107937315006,305.080009281903,619.959093317307,368.195640239114,450.456818522158,262.679385004121,807.738025025464,10.1259967580037,7.53478062352172,11.7170322489256,23.8047340537313,14.1177714617091,17.2723604771263,10.0797642280252,30.9952883265486,0,0,44.4549075697033,93.2937562052536,45.6951424025397,52.8159407564619,86.0414033736752,239.884280484536,0,0,0,0,0,0,0,0,971.110311162076,447.541541710988,3006.69768565533,3062.8536013474
"297",2014,1530,24.6666666666667,2974.46083787056,2300.65532936352,676.450997333764,1238.40653166981,266.115379868971,298.653258801781,226.990409404345,641.425625346834,0,0,0,0,0,0,0,0,0,0,1.13488579031174,2.08621360831951,0.525645711720245,0.587778227538018,0.455091801948973,1.28281726018141,0,0,0,0,0,0,0,0,5812.69118777597,4093.87278899335,934.851694948969,1755.82886034361,583.792394638305,674.556128656389,1062.53515794277,3031.93877911994,223.332890911434,157.293139348654,36.0402686365309,67.6960157516704,22.4984242314779,25.9967336395348,41.0173239874501,117.038001916967,20094.2748782048,13959.523233494,3478.32805838171,6345.69168420846,2414.16775570693,2666.54999110337,3658.65521003031,10138.3020441979,772.052001601915,536.347249428131,135.465163946025,247.621459073775,94.7405552915143,104.726770233621,144.117410717367,399.46093650431,0,0,7.15564223722198,13.2648742577226,5.14924431866225,5.72610028472787,8.29918045732535,23.0974201077348,0,0,0,0,0,0,0,0,388.236535928104,290.535737548501,327.545819020882,648.451974654679,368.027292975248,453.959507440743,223.415994724523,684.199006631365,14.9166652233194,11.1628477246903,12.5805501952386,24.9008763794936,14.1100014191283,17.4055947897602,8.57519582553708,26.2618731137239,263.755166688218,196.073722369077,303.754863073652,616.047416852552,368.403319592961,447.736413764439,264.224023429195,813.553052861572,10.1338924754915,7.53346602955112,11.666197250454,23.6547126544932,14.1258264228161,17.1682132143959,10.139153838057,31.2188395703248,0,0,44.238107249996,92.6013257237544,45.6596939375354,52.4157212921614,86.6850368240621,241.998904600009,0,0,0,0,0,0,0,0,975.080465015329,449.167554820831,3020.30637060348,3073.62626144061
"298",2014,1530,24.75,2964.998412097,2292.90794034421,672.436981534041,1231.07304677539,264.462088782321,295.678485384661,226.525025471553,642.112242167872,0,0,0,0,0,0,0,0,0,0,1.12748930505549,2.07225440015451,0.522390933809495,0.581838099482426,0.454194098018483,1.28429088999667,0,0,0,0,0,0,0,0,5815.24098020466,4092.38388714671,930.616770284686,1745.67710019335,583.63325126392,670.404594285011,1069.75923276142,3057.67295484682,223.430858014094,157.2359333587,35.8770488022047,67.3046231988362,22.4923057769003,25.8367575840446,41.2963956276538,118.031946814154,20092.9129271187,13946.917826556,3459.91633044612,6305.07550895723,2411.14221852233,2647.75623849454,3683.34017149624,10223.8937089618,771.999705111221,535.862928839417,134.748297610975,246.031795241994,94.6219139700679,103.986414464245,145.090026353132,402.829297524979,0,0,7.11805065115329,13.1787307226912,5.14394629286967,5.68677353791536,8.35599156447135,23.2947430683113,0,0,0,0,0,0,0,0,388.628154647704,290.574990851866,326.147849096664,644.718376158393,368.14484267861,451.298450764678,224.926383388778,689.698946346623,14.9317118883307,11.1643558982375,12.5269005789342,24.7576520436839,14.1145687641153,17.3036952315177,8.63320786577092,26.4731569828196,263.961719510544,196.041383262729,302.434899097432,612.182697667166,368.584230732712,445.031047456202,265.765170546827,819.279750507565,10.1418286073791,7.53222350835645,11.615559256554,23.5064892383631,14.1328516054592,17.0646374078638,10.198405593078,31.4389940698733,0,0,44.0218058069438,91.915799950718,45.6220439994394,52.0191975989326,87.3276573267296,244.103498109156,0,0,0,0,0,0,0,0,979.054714174371,450.793817235209,3033.90241823635,3084.33631764693
"299",2014,1530,24.8333333333333,2955.69917387371,2285.30569943312,668.542273501152,1223.9554435926,262.820742750334,292.772763592173,226.042536199055,642.675587426396,0,0,0,0,0,0,0,0,0,0,1.12026228997075,2.05867322184482,0.51915197973934,0.576028968141799,0.453258614206763,1.2855130488107,0,0,0,0,0,0,0,0,5817.54576037561,4090.73099091658,926.42297887878,1735.62208755572,583.410469391518,666.254621045843,1076.91759382172,3083.10954109074,223.519411353996,157.172426442278,35.7154076270373,66.9169549147391,22.4837350957361,25.6768423433081,41.5729318776339,119.014421103363,20091.5963478432,13934.3937089423,3441.86180749712,6265.16207941281,2407.99051863392,2629.14881760121,3707.89147370111,10308.7340922484,771.949151415162,535.38173152769,134.045204043854,244.469458120342,94.4983485748506,103.253409783873,146.057469294657,406.168360977843,0,0,7.08084293205081,13.0937169824801,5.13830362772429,5.64776000351783,8.41245276439556,23.4902822923141,0,0,0,0,0,0,0,0,389.00262259907,290.603685511544,324.750446336292,641.010804142197,368.220016291974,448.637025941651,226.416865688557,695.082698177317,14.9460995928001,11.165458391826,12.4732709687042,24.615422872718,14.1175081791576,17.2017773148827,8.69045411143028,26.6799798075074,264.169371119817,196.010991634761,301.120868689213,608.365258276244,368.738827536785,442.341418524342,267.302315352932,824.919011607859,10.1498069556941,7.53105581241459,11.5651471632417,23.3600763073632,14.1388644450758,16.9616599990369,10.2574999981769,31.6557863307149,0,0,43.8060726489073,91.2372047935931,45.582232161311,51.6263616836963,87.9692542531405,246.19815823118,0,0,0,0,0,0,0,0,983.03288228899,452.420269793512,3047.48468922484,3094.98392324746
"300",2014,1530,24.9166666666667,2946.56228998582,2277.84731654053,664.763369192462,1217.04752164035,261.19245591067,289.935124300578,225.544028857267,643.121657861256,0,0,0,0,0,0,0,0,0,0,1.11320824464448,2.04546453027255,0.515931356279509,0.570349499054861,0.452287340742394,1.28649440833023,0,0,0,0,0,0,0,0,5819.60634755104,4088.91547681739,922.268716657104,1725.66206055416,583.125793461179,662.107583665081,1084.0086638306,3108.2414059033,223.598582408503,157.102671487273,35.5552840906501,66.5329436577739,22.4727793135133,25.5170407256745,41.8468719497753,119.9851495835,20090.3252954315,13921.9504343197,3424.15747414813,6225.93850787829,2404.71850240021,2610.72809385897,3732.31041029637,10392.8345480877,771.900346476656,534.903640343954,133.355617237066,242.933953414909,94.3700856663209,102.527769340667,147.019789254199,409.478569956988,0,0,7.04406015769739,13.009854148973,5.13232936901491,5.60906243003731,8.4685631232921,23.6840429754092,0,0,0,0,0,0,0,0,389.360102789832,290.621847023305,323.355026764337,637.330127799352,368.253668311362,445.975859227839,227.887875558279,700.355510686784,14.9598345997439,11.166156185044,12.4197158129176,24.4742223316111,14.1188524279624,17.0998650676502,8.74695121596342,26.8825427539878,264.378116689189,195.982570208868,299.813493012922,604.595284872399,368.867518965631,439.668078357351,268.834986942072,830.472004755791,10.1578273349947,7.52996381480589,11.5149887098703,23.215481127693,14.143880653646,16.8593022623822,10.3164190905235,31.8692613818267,0,0,43.5909808659822,90.5655654117758,45.5402981739948,51.2372041575583,88.6098157410119,248.282977272907,0,0,0,0,0,0,0,0,987.014794721685,454.046853467594,3061.05208437175,3105.56924658859
"301",2015,1530,25,2937.73744630443,2270.56001199956,660.64281195892,1209.38475749445,259.525969250099,286.552141256305,225.16041793288,644.774361256452,0,0,0,0,0,0,0,0,0,0,1.10620033490763,2.03146365374925,0.512630157984825,0.563594137235707,0.451518985332002,1.28964843377672,0,0,0,0,0,0,0,0,5821.88732285924,4087.33844530917,917.622898540042,1714.45071680914,582.667044743966,656.562208805912,1091.26870775777,3135.51457612867,223.68622112751,157.042079414786,35.3762611520808,66.1007332436989,22.45511499393,25.3033485415698,42.1273224697493,121.038415551501,20090.5959165423,13910.774640133,3404.80391939125,6182.54573279642,2400.85235649976,2586.95523728158,3757.51607533568,10485.4320877348,771.910774488333,534.474247800288,132.602545398162,241.23650837607,94.2185311288414,101.591975245147,148.012947267979,413.121784137277,0,0,7.00693979328704,12.919789045007,5.12502278565027,5.55878749183091,8.52626420697486,23.8957000623411,0,0,0,0,0,0,0,0,389.749327707204,290.672048828576,321.911202311375,633.324479553048,368.212236971377,442.424032196075,229.470450653495,706.887902257911,14.9747892888485,11.1680850176036,12.3642993684061,24.3205376716866,14.1173147551891,16.9637982507741,8.80772619125915,27.133418713118,264.608082166569,195.974944342869,298.464193094645,600.515493168752,368.897212858747,436.076796352509,270.47840565258,837.237846808692,10.1666630161948,7.52967081588784,11.4632178609245,23.0589841479549,14.1450975898831,16.7217405150151,10.3795830469743,32.1292534724893,0,0,43.3724521742904,89.8503679545724,45.4872636987614,50.7430289599656,89.264526600043,250.521352418807,0,0,0,0,0,0,0,0,990.979062211225,455.654253411712,3074.53077373224,3115.96471826095
"302",2015,1530,25.0833333333333,2929.25678848088,2263.42969257945,655.990008985696,1200.5713482461,257.791760788049,282.383560697236,224.942296264971,648.145939924989,0,0,0,0,0,0,0,0,0,0,1.09900235341366,2.01602577233558,0.50920514844794,0.555293784662487,0.451058113965612,1.29598087174451,0,0,0,0,0,0,0,0,5824.68341008157,4086.23561816861,912.286483868733,1701.46026441759,581.993048366601,649.058916805565,1098.83129619106,3166.14024587827,223.793651270008,156.999707032439,35.1706781247206,65.5999811665392,22.4291542842642,25.014198890754,42.4194302698707,122.220901356296,20093.0274852689,13901.3604611397,3382.925203433,6132.8948869555,2396.1462093783,2555.54090102739,3783.89747714167,10590.3552264111,772.004228897527,534.112539345605,131.752220303593,239.295916917483,94.0340570115478,100.356118575632,149.052176025348,417.248034835975,0,0,6.96818266373108,12.8194805936163,5.11593300814803,5.49205898065083,8.58645289885031,24.1338046683515,0,0,0,0,0,0,0,0,390.190930154031,290.772319859528,320.374721648201,628.817048799575,368.073735181136,437.597464976079,231.211225000613,715.132976871802,14.9917564052443,11.1719375899143,12.3053215393459,24.1475783403986,14.1120522146232,16.7788502858784,8.87456814555112,27.4499902494051,264.864688336508,195.9939657661,297.044555503311,595.958170838285,368.791578524869,431.171492686592,272.281060972501,845.759526391323,10.1765222744779,7.53040164846033,11.4087431991945,22.8841450440223,14.1411221476161,16.533786483128,10.4488520931385,32.4565926204824,0,0,43.1484655686685,89.0691141398533,45.4189546932315,50.0987884548359,89.9401498574354,252.982841828096,0,0,0,0,0,0,0,0,994.916427565646,457.233834935021,3087.88327166709,3126.08708203779
"303",2015,1530,25.1666666666667,2920.8884115188,2256.4064476764,651.477902014331,1192.03052715003,256.065686299568,278.344202410634,224.696223333719,651.269035589738,0,0,0,0,0,0,0,0,0,0,1.09176990980059,2.00083753593144,0.505803843296652,0.547246214115238,0.450553715904487,1.30191715098712,0,0,0,0,0,0,0,0,5827.32262256872,4085.02444786695,907.046549490076,1688.68699192364,581.271142458822,641.684724522425,1106.34994930764,3196.52196542031,223.895054034312,156.953171932583,34.9687923971066,65.1075780418303,22.4013465352301,24.7300241445039,42.7098408649187,123.393981534353,20095.4131722561,13891.9558825561,3361.46442676621,6084.15988019446,2391.29970973187,2524.72332170417,3810.09714175931,10693.9108001143,772.095920034534,533.751199764104,130.917967667767,237.390876010839,93.8441209396913,99.1437228471446,150.084364977256,421.320904137241,0,0,6.92878841585943,12.7196796630105,5.10654467165275,5.42657256105787,8.6462700943724,24.3692588561086,0,0,0,0,0,0,0,0,390.613334286445,290.859830437078,318.817281279045,624.324685287817,367.88766831137,432.81909038099,232.91442694545,723.03239493276,15.0079858911592,11.1752998852139,12.245536667132,23.9751928776752,14.1049629134215,16.595746240098,8.93996674399198,27.7533002435297,265.118313368941,196.011981999304,295.625403886568,591.449307774108,368.659217550088,426.34016767015,274.071474273975,854.10379276706,10.186266992074,7.53109386004098,11.3542852898581,22.7111616922744,14.1361185830677,16.3486641094027,10.5176480542289,32.7771199648655,0,0,42.9249988256604,88.2962993875724,45.3486560713197,49.4660747073403,90.6143305624436,255.42564615653,0,0,0,0,0,0,0,0,998.858154051305,458.813926399008,3101.21366620791,3136.11378005259
"304",2015,1530,25.25,2912.63703842138,2249.49332233858,647.103011944308,1183.75528500905,254.349580050395,274.430713714705,224.423930950654,654.155818252678,0,0,0,0,0,0,0,0,0,0,1.08454694500187,1.98593022016415,0.502424682910018,0.539442956086548,0.450005237165627,1.30745982791448,0,0,0,0,0,0,0,0,5829.7780725402,4083.68679695317,901.892091815063,1676.11188423023,580.497438340417,634.430330261407,1113.81591175184,3226.62402075276,223.989396348897,156.901777245345,34.7701830404955,64.6227951502255,22.3715424077738,24.4504664716114,42.9982177653058,124.556283227725,20097.7739223901,13882.5748570776,3340.41737907027,6036.32971965494,2386.32226913304,2494.49367541862,3836.12099104256,10796.1425826833,772.186652638607,533.390765140548,130.099632086063,235.520967911725,93.6490874336737,97.954440351792,151.109744349202,425.342098055403,0,0,6.88900623843063,12.620603374178,5.09685408663505,5.36229571084006,8.70570770248089,24.6020701797199,0,0,0,0,0,0,0,0,391.017126339078,290.934922386955,317.244180271251,619.853005793616,367.656020426105,428.091536559192,234.582261584835,730.613013553188,15.0235002706667,11.1781850369936,12.1851483151436,23.8035971136777,14.0961229682619,16.4145870386744,9.00400662192686,28.0443790005704,265.370652356808,196.030234676722,294.208047779364,586.991550178863,368.502228487616,421.583746456793,275.849954025284,862.267437290208,10.1959622971581,7.53179515620282,11.299894442286,22.5401357952355,14.1301674045369,16.1664090529748,10.585982870186,33.0907126642528,0,0,42.7020109488246,87.5318767943477,45.2764449951477,48.8447116386039,91.2871316731069,257.850279152065,0,0,0,0,0,0,0,0,1002.80405089796,460.394459439538,3114.52052663113,3146.04562238432
"305",2015,1530,25.3333333333333,2904.50654187799,2242.69271292707,642.861823601339,1175.73856383875,252.645099430555,270.63974943587,224.127056475433,656.817913138292,0,0,0,0,0,0,0,0,0,0,1.07736882231897,1.97132770714006,0.499067266743024,0.531876364269726,0.449412819678439,1.31261442987175,0,0,0,0,0,0,0,0,5832.02839450013,4082.20846646601,896.814121694105,1663.7196268769,579.669430277393,627.288483575414,1121.22171495415,3256.41481893948,224.075857317243,156.844977423928,34.5745062493791,64.1450455981158,22.3396456722658,24.1752468314685,43.2842738422707,125.706591576593,20100.1265658013,13873.2284659012,3319.77904110499,5989.39204770944,2381.2225027726,2464.84259263155,3861.97414520061,10897.0909090071,772.27707335387,533.031661232142,129.297026615328,233.6857215962,93.4492902190774,96.7879022777359,152.128513212586,429.313189314484,0,0,6.84903708810459,12.522422197629,5.08686211746253,5.29919873484779,8.76475898574284,24.8322480913689,0,0,0,0,0,0,0,0,391.402757097457,290.997851213811,315.659830464506,615.406486098886,367.380418248978,423.416647605489,236.216629722913,737.898867819502,15.0383168636694,11.1806028621505,12.124325981445,23.6329630621963,14.0855947736175,16.2354434933177,9.0667607273058,28.3241485092217,265.623041844172,196.049690423801,292.793745820677,582.58701212314,368.322320398226,416.902714746414,277.616752789777,870.24900837261,10.2056595418881,7.53254267624138,11.2456190147309,22.3711486299272,14.1233341872079,15.9870401182178,10.6538663308975,33.3973152667328,0,0,42.4794931075774,86.7758180769711,45.2023890862111,48.2345162063523,91.9586043117565,260.257217286327,0,0,0,0,0,0,0,0,1006.75393266734,461.97536734611,3127.80252753343,3155.88348370591
"306",2015,1530,25.4166666666667,2896.50008820781,2236.00647932093,638.750813306126,1167.97330830585,250.953745394542,266.967987471724,223.807153249087,659.266439898468,0,0,0,0,0,0,0,0,0,0,1.07026406649627,1.9570479861335,0.495731977472488,0.524539383660111,0.448777119965231,1.31738869399084,0,0,0,0,0,0,0,0,5834.05670872289,4080.57844319915,891.805268557605,1651.49782148505,578.78566710046,620.253489555608,1128.56097073792,3285.86645858915,224.153788393299,156.782349323332,34.3814801846534,63.6738542551729,22.3056006078236,23.9041459516112,43.567763417968,126.843833288612,20102.4845947776,13863.9254708497,3299.54378542103,5943.3335113361,2376.00836547556,2435.76033963397,3887.66105748525,10996.7930910179,772.367700579468,532.67422468201,128.509940528899,231.884627059912,93.2450374887649,95.6437257412664,153.140844718267,433.235633463811,0,0,6.80904410750244,12.4252704049355,5.07657288606547,5.23725420400908,8.82341830674804,25.0598034832997,0,0,0,0,0,0,0,0,391.770575892668,291.048809157436,314.067936550152,610.988724612361,367.062254358539,418.795710963983,237.819178026031,744.911521915691,15.0524490920283,11.1825607468445,12.0632120113886,23.463429041256,14.0734317327059,16.0583650367774,9.12829224643596,28.593435916537,265.876526676024,196.0710931285,291.383686961542,578.237349252141,368.120880422776,412.297190490494,279.372077652167,878.048474654667,10.2153988708804,7.53336500152148,11.1915046927584,22.2042638761043,14.1156721619488,15.8105619999752,10.7213064755668,33.6969267849426,0,0,42.2574600019579,86.0281071890662,45.1265489569897,47.6353009490709,92.6287899523706,262.646905142989,0,0,0,0,0,0,0,0,1010.70761782395,463.55658457659,3141.0584276083,3165.62828391241
"307",2015,1530,25.5,2888.62022920396,2229.43601664592,634.76646692963,1160.45249939558,249.276875655149,263.41213924201,223.465696993035,661.51203646394,0,0,0,0,0,0,0,0,0,0,1.06325544066117,1.94310409182018,0.492419771506935,0.517425428845668,0.448099199795883,1.32179209700974,0,0,0,0,0,0,0,0,5835.84996560486,4078.7884231611,886.859526868692,1639.43648891519,577.84555046564,613.320903052394,1135.82824143649,3314.9544533479,224.222688190425,156.713573890925,34.1908752648469,63.2088387138447,22.2693842591046,23.636992590007,43.8484772882793,127.967066066245,20104.8586548867,13854.6726636734,3279.70550408783,5898.13999481288,2370.68723449105,2407.23692972239,3913.18559913656,11095.2836885715,772.45894333924,532.318716439944,127.738144252249,230.117144329616,93.036615106856,94.5215180989549,154.146889395791,437.110779359706,0,0,6.76915891496721,12.3292523065275,5.06599303436507,5.1764366151199,8.88168097834664,25.2847484844628,0,0,0,0,0,0,0,0,392.120851747802,291.087939464193,312.471607616325,606.602600383972,366.702753235835,414.229583203951,239.391332580302,751.670313073922,15.0659072920429,11.1840641948301,12.0019258795599,23.2951057400876,14.0596807947539,15.8833845552504,9.18865589263119,28.8529828906427,266.131902879275,196.094997503733,289.978983214973,573.943815760672,367.899023181953,407.766982131839,281.116095064143,885.666987602852,10.2252108687651,7.53428344500023,11.1375942106093,22.039529802388,14.1072241085638,15.636967515056,10.7883097781024,33.9895915858295,0,0,42.0359447231361,85.2887367040074,45.0489796874955,47.0468755764065,93.2977217631486,265.019758632558,0,0,0,0,0,0,0,0,1014.66492791216,465.138046486517,3154.28705843452,3175.28097762262
"308",2015,1530,25.5833333333333,2880.86897875213,2222.98231513429,630.905294992735,1153.16918256739,247.615715675072,259.968958446616,223.104091051471,663.564878689653,0,0,0,0,0,0,0,0,0,0,1.05636084440355,1.92950488955278,0.489132009625821,0.510528288017026,0.447380435714141,1.32583546274525,0,0,0,0,0,0,0,0,5837.39839540998,4076.83241215943,881.972045039598,1627.52765877084,576.849167709861,606.487279785776,1143.01892893779,3343.65748650055,224.282181339739,156.638420820248,34.002506083329,62.7496935576446,22.2310000203749,23.3736539803163,44.1262384709408,129.075469223248,20107.2569574659,13845.4751590026,3260.25771525017,5853.79681269942,2365.26597752141,2379.26221426281,3938.55113190867,11192.5947442762,772.551117130189,531.965333018095,126.981393480242,228.382710936971,92.824289241644,93.4208804805257,155.146777970216,440.939878250248,0,0,6.72948680954717,12.2344473981579,5.05513112107437,5.11672210853803,8.93954314053048,25.5070963091959,0,0,0,0,0,0,0,0,392.453790999672,291.115348249873,310.87344974873,602.25040273383,366.303023387375,409.718790573401,240.934327524232,758.192562089355,15.0786993915056,11.1851172832453,11.9405677445288,23.1280811963817,14.0443844575126,15.7105222519066,9.24789900581725,29.1034537006398,266.389754000191,196.121797468027,288.580664383774,569.707313082247,367.657633609657,403.311638026475,282.848935293705,893.106679981446,10.2351179563287,7.53531314165714,11.0839271484995,21.8769811345096,14.0980239976222,15.4662394962724,10.8548813174216,34.2753916571239,0,0,41.8149945002981,84.5577048392518,44.9697320303561,46.4690482789175,93.9654257506406,267.376167736016,0,0,0,0,0,0,0,0,1018.62568690625,466.719689119224,3167.48731572861,3184.84254571626
"309",2015,1530,25.6666666666667,2873.24789015176,2216.64602032835,627.163846077235,1146.1164925045,245.971370528282,256.635248468216,222.723672121288,665.434704594215,0,0,0,0,0,0,0,0,0,0,1.04959420287987,1.91625585284898,0.485870297407277,0.503842031173474,0.446622432216892,1.32953058423817,0,0,0,0,0,0,0,0,5838.694958414,4074.70632812138,877.138917895832,1615.76497127036,575.797130661783,599.749940654335,1150.12915960834,3371.95713007567,224.331997363778,156.556733271538,33.8162234615695,62.2961751032906,22.1904714475737,23.1140267828748,44.4008977950335,130.168332937206,20109.6856917018,13836.3366859157,3241.19366525448,5810.28889258319,2359.75102130807,2351.82596682437,3963.76058263588,11288.7560394889,772.644459755211,531.614217693496,126.239433127021,226.680749002051,92.6083090197031,92.3414110524183,156.140624258458,444.724093681262,0,0,6.69011188798284,12.140915401616,5.04399704158695,5.05808818429278,8.99700163682334,25.7268611078154,0,0,0,0,0,0,0,0,392.769554222868,291.131115799003,309.275657116108,597.933956409963,365.864105422955,405.263623482716,242.449234124644,764.493796878814,15.0908315599517,11.18572309675,11.8792219455476,22.9624256020004,14.0275826142415,15.5397892769142,9.30606266924564,29.3454437975726,266.650487568071,196.151754499925,287.189674567049,565.528438832209,367.397409321402,398.930493781172,284.570697595303,900.370469179521,10.2451357915058,7.53646413791571,11.0305397981929,21.716640933468,14.0880986146783,15.2983526070274,10.921024975586,34.5544390607638,0,0,41.5946666132283,83.8350126464455,44.8888535643154,45.901626935043,94.6319219237776,269.716499432702,0,0,0,0,0,0,0,0,1022.58972060955,468.301449015996,3180.65815069833,3194.31398727818
"310",2015,1530,25.75,2865.75811726432,2210.4274806852,623.538716902663,1139.28767157468,244.344834731668,253.407867922846,222.32571481078,667.130834764072,0,0,0,0,0,0,0,0,0,0,1.04296614371771,1.90335966008537,0.482636380131672,0.497360953481558,0.44582695855901,1.33288994200914,0,0,0,0,0,0,0,0,5839.73491569319,4072.40769119575,872.357024903535,1604.1433725813,574.690456102474,593.106798130238,1157.15569277523,3399.83760427584,224.371954185512,156.468415964946,33.6319082543846,61.8480897233843,22.1478376678644,22.8580304170204,44.6723303932456,131.245049044234,20112.1493460565,13827.2598149467,3222.50640690191,5767.6009129377,2354.14840350017,2324.9179442267,3988.81650227671,11383.7953080936,772.73914367277,531.265469230049,125.512000354602,225.010670581895,92.388908533367,91.282707387899,157.128527462156,448.464509763335,0,0,6.65110083806561,12.0486999549354,5.03260162922078,5.00051349148087,9.05405392227167,25.9440578888779,0,0,0,0,0,0,0,0,393.068268857007,291.135304905792,307.680081075294,593.654712692095,365.387001385822,400.864198584723,243.936984519473,770.587944272077,15.1023086938177,11.1858840479981,11.8179596555643,22.7981948015348,14.0093136809237,15.3711901130805,9.36318262151071,29.579487176692,266.914363918459,196.185020003718,285.80687270633,561.407530289823,367.118896558065,394.622714406952,286.281453791484,907.461894127082,10.2552743768126,7.53774225097072,10.9774651836066,21.5585222641531,14.0774689385561,15.1332749579679,10.9867435750943,34.8268696753141,0,0,41.3750254509362,83.1206621212441,44.8063894990453,45.3444199977039,95.2972251938659,272.041099975985,0,0,0,0,0,0,0,0,1026.5568562684,469.88326310292,3193.79856450959,3203.69631430331
"311",2015,1530,25.8333333333333,2858.40046728814,2204.32678861518,620.026560387836,1132.67608446882,242.7370011024,250.283735009789,221.911435675623,668.662191461384,0,0,0,0,0,0,0,0,0,0,1.03648456768199,1.89081669926399,0.479432061937662,0.491079532834821,0.444995897285589,1.33592647169045,0,0,0,0,0,0,0,0,5840.51546186563,4069.93535921609,867.623893116183,1592.65886057457,573.530467657186,586.556215726645,1164.09584050282,3427.285552165,224.401944017682,156.37342501661,33.4494661016953,61.4052841010852,22.1031496114574,22.6056016624921,44.9404326267822,132.305102415445,20114.6509832044,13818.2461517673,3204.18886466694,5725.7174165656,2348.46381643852,2298.52793531923,4013.72111738842,11477.7384307802,772.835286560391,530.919149320093,124.798827098815,223.371882075516,92.166308535249,90.2443683616303,158.110574166507,452.162138683487,0,0,6.61250609241828,11.9578316602825,5.02095633711801,4.94397765195346,9.11069798572902,26.1587024630666,0,0,0,0,0,0,0,0,393.350039578761,291.127967658915,306.088288049112,589.413823627987,364.872695849995,396.520506317829,245.398392470211,776.487503785534,15.1131348149517,11.1856021383194,11.7568411032967,22.6354331433053,13.9896154071929,15.2047244029029,9.41929005378312,29.8060630484869,267.181521039139,196.221654530796,284.433034685468,557.344703240624,366.822521453732,390.387330953755,287.981251528494,914.384974653425,10.26553901397,7.53914980730307,10.9247331410767,21.4026296859949,14.0661513405259,14.9709695123702,11.0520390037686,35.0928377998156,0,0,41.156140122827,82.4146547310988,44.7223833149739,44.7972372060222,95.9613461494679,274.350296894506,0,0,0,0,0,0,0,0,1030.52692229484,471.465068616084,3206.90760401769,3212.99054756936
"312",2015,1530,25.9166666666667,2851.17544629659,2198.3438158475,616.624092008664,1126.27522961429,241.148668755457,247.259830854321,221.481996801424,670.037316530079,0,0,0,0,0,0,0,0,0,0,1.03015512898769,1.87862549409249,0.476259144151123,0.484992398170743,0.444131202541246,1.33865337346659,0,0,0,0,0,0,0,0,5841.03541135077,4067.2893022887,862.93758141719,1581.30827352066,572.318715791522,580.096895044382,1170.94739734817,3454.28982917767,224.421921308389,156.271759277967,33.2688229957303,60.9676371303383,22.0564669381868,22.356690319311,45.2051193925229,133.348062898762,20117.1924747961,13809.2965021161,3186.23388878414,5684.62290339882,2342.70264412107,2272.64579962121,4038.47637492781,11570.6096112481,772.932960334622,530.575288921274,124.099642165894,221.763787830942,91.9407178687622,89.2259956510616,159.086840079871,455.817927517077,0,0,6.57436844807264,11.8683305997229,5.00907298455095,4.88846111234891,9.16693228392208,26.3708114009043,0,0,0,0,0,0,0,0,393.614956752937,291.109150905809,304.501607851766,585.212202245339,364.322170628397,392.232446969951,246.834171416192,782.203704418365,15.1233133953171,11.1848791676674,11.6959174286398,22.4741757919129,13.9685254417398,15.0403883344365,9.47441230346365,30.025601858323,267.451995933549,196.261644253893,283.068856531819,553.339886381337,366.50861686553,386.223271877212,289.670117279539,921.144091211306,10.2759311247193,7.54068627564682,10.8723704419216,21.248960573395,14.0541586134345,14.8113952897664,11.1169123300502,35.3525115393695,0,0,40.9380825269562,81.7169902806786,44.6368772684897,44.259890151977,96.6242917225744,276.644400754017,0,0,0,0,0,0,0,0,1034.49974807875,473.046803057995,3219.98435847053,3222.19771341974
"313",2016,1530,26,2844.03106699087,2192.29235618832,612.933419228672,1120.27342905291,240.343854075204,246.986859481413,220.064391971822,667.868166974215,0,0,0,0,0,0,0,0,0,0,1.0244046819948,1.8680847984691,0.474631570836329,0.484307343574788,0.441380943492118,1.33462989338774,0,0,0,0,0,0,0,0,5841.96231093795,4065.02219509289,858.046431091257,1570.63835874859,572.878725023931,579.980801092182,1175.59908042144,3473.46517425592,224.457534272798,156.184653394016,33.0803611466385,60.5563062034617,22.0780667040327,22.3522447664846,45.3850212535583,134.089291807828,20121.8904287283,13801.9912909057,3167.60862558892,5646.19452199601,2344.35081207741,2271.78784196303,4054.70465302649,11634.2832153854,773.113488248022,530.294610490917,123.375543359781,220.260916881319,92.0059401717004,89.1901346697028,159.728916874369,458.328609135408,0,0,6.53952229778783,11.7885177599366,5.0129729880228,4.88671633333348,9.2048978115496,26.5199651637056,0,0,0,0,0,0,0,0,394.003660488237,291.152103993532,303.076425280006,581.491766251705,365.095924016459,392.356892011586,247.108091711032,783.354316223753,15.1382480517952,11.1865294931101,11.6411948029515,22.3313931492676,13.9982067025476,15.0452489166712,9.48498009691224,30.0700462284622,267.761780224643,196.335567403198,281.821311353618,549.768904174186,367.359486530038,386.315691890149,290.117421295885,923.22931538743,10.2878335644826,7.54352652051264,10.8244854880681,21.1119466963381,14.0868274123249,14.8150506801437,11.1341669774917,35.4329186402978,0,0,40.740099063302,81.086523955963,44.6928505208952,44.2102836036625,97.1342566453713,278.3950432889,0,0,0,0,0,0,0,0,1038.36559379062,474.584367343553,3232.67786640716,3231.08267894914
"314",2016,1530,26.0833333333333,2837.05215928178,2186.28672052394,609.102964383467,1114.62597361693,240.060338992624,248.540973225688,217.98330635059,663.329144876054,0,0,0,0,0,0,0,0,0,0,1.01886702586819,1.85857350277291,0.474049022676208,0.487245329364074,0.43734275972404,1.32601153093299,0,0,0,0,0,0,0,0,5842.99954844101,4062.89355296345,853.01761951516,1560.44198765023,574.62335145134,584.155880759214,1178.56090315776,3486.71447062091,224.497386596383,156.102867559343,32.8866369467177,60.1632779557655,22.1453231025484,22.5131799781063,45.4997956497279,134.602133104211,20128.2405913838,13795.9500158374,3148.64777660094,5609.83022495064,2351.07819952076,2288.01092506455,4064.96552272235,11677.7885831631,773.35749613985,530.062494520531,122.639122658242,218.839359457167,92.2705926115911,89.825037220117,160.13709561716,460.048279634648,0,0,6.50601390308011,11.7148255260822,5.02772276432785,4.9217115696757,9.22984656942989,26.624868505699,0,0,0,0,0,0,0,0,394.46745122381,291.233074707469,301.733934287172,578.085202213311,366.760360238837,395.519561034323,246.653550637901,781.68153413931,15.1560676697628,11.1896405165721,11.5896462076882,22.2006598680529,14.0620338002188,15.1666070031065,9.46761190679221,30.0062064341435,268.113220815934,196.441247997289,280.66853067487,546.531425262838,369.052452839744,389.384709101843,289.704576282897,922.09415052018,10.3013365050559,7.54758693721343,10.7802384865146,20.9877356324809,14.1517838726871,14.9328529706057,11.1184315579461,35.389807013395,0,0,40.556408916189,80.5049641396662,44.8474092850741,44.4962546735877,97.5360404036688,279.76780240627,0,0,0,0,0,0,0,0,1042.15800308025,476.091079561693,3245.13851005547,3239.80072162981
"315",2016,1530,26.1666666666667,2830.28522618161,2180.46691161887,605.415845225855,1109.19092327885,239.749102196838,250.008613889347,215.937917194376,658.869164622955,0,0,0,0,0,0,0,0,0,0,1.01323524561452,1.84915240824198,0.473423442530367,0.490048150385659,0.433346390727905,1.3174487337312,0,0,0,0,0,0,0,0,5843.6924224509,4060.52445480561,848.036280097412,1550.33682580953,576.261712300711,588.153749695587,1181.3164549436,3499.24921348025,224.524007923866,156.01184301953,32.6947262009673,59.7737540854387,22.2084854481821,22.6672844691808,45.6066178391892,135.087436064139,20134.7426169335,13790.0520809693,3130.07674558984,5574.16052443866,2357.55309445482,2303.75751742245,4075.2086181533,11721.2241089553,773.607338481475,529.835885918329,121.917690949236,217.444771726265,92.5254315574134,90.4413930348679,160.544597249046,461.765316037057,0,0,6.47180293661574,11.6412684448243,5.0419078431715,4.95566743590368,9.25442003809233,26.72853883658,0,0,0,0,0,0,0,0,394.905026064331,291.299504719563,300.359904258774,574.673487416248,368.344484814244,398.605933164768,246.290492244196,780.372956011047,15.1728800307122,11.192192863028,11.5368843708291,22.0697248872461,14.1227773368512,15.2850334366437,9.45374844987134,29.956324121663,268.480139348153,196.556157572298,279.531791798684,543.354350624601,370.748521714303,392.445818464495,289.312275147448,920.989243945563,10.3154341322439,7.55200194613474,10.7366060427517,20.8658404638855,14.2168557767741,15.0503480039273,11.1034820798077,35.3478505599946,0,0,40.373215151405,79.9301187261878,44.9990203265714,44.7761420749136,97.9370859594199,281.139381330174,0,0,0,0,0,0,0,0,1045.95474749334,477.598173155303,3257.62478154414,3248.54058711604
"316",2016,1530,26.25,2823.72062779645,2174.82471130886,601.86591113777,1103.95893401388,239.412043689887,251.393708003015,213.927406021194,654.486243989751,0,0,0,0,0,0,0,0,0,0,1.00756367115744,1.83986316587375,0.472753778944931,0.492715484873702,0.429394754248613,1.30895425229388,0,0,0,0,0,0,0,0,5844.08644037009,4057.94830140268,843.110868331085,1540.33955185392,577.806825156074,591.991275460475,1183.88532178087,3511.13056637681,224.539146722423,155.912863086084,32.5049552914289,59.3883765436574,22.2680539139763,22.8152068795269,45.7062396862218,135.547547849508,20141.3635534932,13784.2737896381,3111.88331196992,5539.16384490717,2363.77904696806,2319.0356106058,4085.42314968278,11764.5546467399,773.861749215924,529.613874220443,121.210780753271,216.076321019327,92.7705910667571,91.0395092113564,160.951002290884,463.478354188667,0,0,6.43713009236278,11.5680374448889,5.05552236409075,4.98858800359852,9.27861363599399,26.8309525036458,0,0,0,0,0,0,0,0,395.31683072413,291.35142370726,298.959463078639,571.260746344216,369.85029797193,401.612973377901,246.007065243549,779.385355172557,15.188702259698,11.1941876727328,11.483106231111,21.9387465979173,14.1805138329758,15.4004114301808,9.44293495555188,29.9187403749406,268.858404242761,196.677642785297,278.405551991202,540.228341078608,372.439263746514,395.491989218075,288.944062265503,919.934398654911,10.329967704236,7.55666960159728,10.6933752649134,20.7459025927441,14.2817198567883,15.1672660252485,11.0894542641968,35.3078081509058,0,0,40.1903693943372,79.3617387478438,45.1476318537858,45.0499558733814,98.3372570846244,282.509378837967,0,0,0,0,0,0,0,0,1049.75557682799,479.105572903074,3270.13437991605,3257.30121027424
"317",2016,1530,26.3333333333333,2817.34968636151,2169.35267356228,598.447407707109,1098.92129771799,239.051006701762,252.700042848728,211.951027685164,650.178606281523,0,0,0,0,0,0,0,0,0,0,1.00189554808417,1.83073766652741,0.472040184216432,0.495248438230791,0.425490222233358,1.30053852083796,0,0,0,0,0,0,0,0,5844.22013021775,4055.19342472886,838.247537340618,1530.46256506248,579.269117695544,595.682534787152,1186.28512037288,3522.41437693847,224.544283300163,155.807016318762,32.3175620891594,59.007622925536,22.3244293093271,22.9574887403397,45.7993376486486,135.984612227588,20148.0756481967,13778.5951629088,3094.0563959686,5504.82071465534,2369.76022502937,2333.85378161416,4095.59982042793,11807.7495511966,774.119662040388,529.395691804081,120.51796855241,214.733255969312,93.0062293293739,91.6197156837017,161.355949099821,465.186204113115,0,0,6.40219216470419,11.4952879077348,5.06856811950041,5.02048465591357,9.30242657703212,26.9320981197873,0,0,0,0,0,0,0,0,395.703448903965,291.388983143274,297.537424558709,567.851136701468,371.280350017935,404.538938745955,245.792855273874,778.680323398837,15.2035567834347,11.1956307655103,11.4284966890745,21.8078846996717,14.2353409912775,15.5126738915253,9.43477180282759,29.8919812120465,269.244509832074,196.803469248068,277.285487267897,537.145869124701,374.117444088375,398.516878717727,288.602562121854,918.945402575753,10.3448025277108,7.56150405483174,10.6503800708968,20.6276329879599,14.3460986385785,15.2833636474488,11.0764485553652,35.2702846503428,0,0,40.00777119082,78.7996256088113,45.2931978189666,45.3177110397653,98.7364320659995,283.877433302644,0,0,0,0,0,0,0,0,1053.56024587547,480.613204037637,3282.6651171925,3266.08151750832
"318",2016,1530,26.4166666666667,2811.16450547505,2164.04398213069,595.154918264064,1094.06984536376,238.667774750244,253.931271720177,210.008094969018,645.944636581334,0,0,0,0,0,0,0,0,0,0,0.996265600371652,1.82180038508059,0.471283621979284,0.497649116356471,0.421634723978345,1.29221013367796,0,0,0,0,0,0,0,0,5844.12644962178,4052.28410829063,833.450719668158,1520.7150335058,580.657017685702,599.239377852521,1188.53178778402,3533.15187205773,224.540683941854,155.695235728716,32.1327182865208,58.6318466835246,22.3779356967489,23.0945861048035,45.8865238597531,136.400596138726,20154.8552956309,13772.9991900196,3076.58580647164,5471.11330230985,2375.5012273448,2348.22100996133,4105.73057713133,11850.781977559,774.380170003495,529.180685088415,119.838865057757,213.414888599962,93.2325214230279,92.1823581479801,161.759124209522,466.887822877409,0,0,6.36715159692102,11.4231470371283,5.08105179498634,5.05137350447252,9.32586082883816,27.0319735783539,0,0,0,0,0,0,0,0,396.06555991386,291.412423623977,296.098259279956,564.448705713476,372.637496686199,407.383023668035,245.638662830468,778.223579014386,15.2174697020983,11.1965313854577,11.3732274846637,21.6772946792243,14.2873682957268,15.6217897899309,9.4289059995999,29.874731038974,269.635462602286,196.931742907736,276.168250953696,534.100871197515,375.776872427562,401.514808195793,288.289658056653,918.034738921649,10.3598235871129,7.56643253329707,10.6074919172589,20.5107988349897,14.409754698805,15.3984229373472,11.0645369781985,35.2357581705521,0,0,39.8253563371974,78.2436193843025,45.43567830711,45.5794278027348,99.1345014958291,285.243216726679,0,0,0,0,0,0,0,0,1057.36851558323,482.120992864532,3295.21492461574,3274.88044461499
"319",2016,1530,26.5,2805.15788856344,2158.8923866669,591.983339515,1089.39690611082,238.264068640252,255.090913766618,208.097971341399,641.782861238284,0,0,0,0,0,0,0,0,0,0,0.990701189923582,1.81306943903499,0.47048569828583,0.499920435373395,0.417829795063665,1.28397606638913,0,0,0,0,0,0,0,0,5843.83343090481,4049.24105462953,828.723402407414,1511.10339010881,581.977234657538,602.671698423812,1190.63970389353,3543.3899295372,224.529425694162,155.578316740698,31.9505399593424,58.2612961614986,22.4288311908463,23.2268799039434,45.968350809617,136.797300063232,20161.6825569644,13767.4714849923,3059.46212842019,5438.02520785909,2381.00699238953,2362.14658471969,4115.80849822541,11893.6285736704,774.642507029506,528.968301341009,119.173110857682,212.120586244899,93.4496557953903,92.7277944707397,162.160257993364,468.582302666651,0,0,6.33214085436083,11.3517173043772,5.09298383642626,5.08127428811781,9.34892062524263,27.1305846266651,0,0,0,0,0,0,0,0,396.403917905817,291.422059049273,294.646085251976,561.057329610056,373.924789353928,410.145192378143,245.53639962171,777.984648806259,15.2304699914143,11.1969015931112,11.3174568359027,21.547125483042,14.3367127912521,15.7277577176673,9.42502720596285,29.8658204462558,270.028728952702,197.060873883068,275.051350380877,531.088569537692,377.412322837703,404.480747722177,288.00658386965,917.211946153278,10.3749335374797,7.57139395121318,10.5646150648681,20.3952166978492,14.472487596394,15.5122508470277,11.0537666532785,35.2045938852962,0,0,39.6430913985803,77.6935932488605,45.5750396134566,45.8351317265752,99.5313673424855,286.606432329426,0,0,0,0,0,0,0,0,1061.18015378462,483.628867116926,3307.7818542163,3283.69694485078
"320",2016,1530,26.5833333333333,2799.32324159639,2153.89212625331,588.927850740293,1084.89525603152,237.841544576576,256.182356159891,206.220062728387,637.69192441984,0,0,0,0,0,0,0,0,0,0,0.985223670313445,1.80455781855422,0.469648469792865,0.50206590534586,0.414076635357129,1.27584193620814,0,0,0,0,0,0,0,0,5843.36494678007,4046.08193945183,824.067436468491,1501.63189228918,583.235084916686,605.987753840448,1192.62185070514,3553.1714535705,224.511425784904,155.456938483611,31.7710994415908,57.8961360708574,22.4773204200279,23.3546882156119,46.0453174379692,137.176372362354,20168.5405884018,13761.9998791599,3042.67659254772,5405.54122122925,2386.2826970939,2375.6400010306,4125.82765439821,11936.269087069,774.90602595865,528.758073022076,118.520371386034,210.849762213461,93.6578303408263,93.256390685482,162.559119261683,470.268855569006,0,0,6.29726755962241,11.2810805014374,5.10437716677993,5.11020913621928,9.37161191429264,27.2279432303947,0,0,0,0,0,0,0,0,396.719328891304,291.418258796829,293.184664508549,557.680653498526,375.145357165336,412.825991099303,245.478959552942,777.936463604648,15.2425886196318,11.1967555805516,11.2613293053415,21.417517204679,14.3834945518237,15.8305986687384,9.4228627836161,29.8642106917518,270.422171923397,197.189532997804,273.933004988537,528.105267249384,379.019432834902,407.41028670277,287.754030480962,916.484045043904,10.3900502734173,7.57633723950215,10.5216811299931,20.2807446511466,14.5341300065779,15.6246780904424,11.0441638892101,35.1770604168515,0,0,39.4609674232551,77.1494471018577,45.7112542251089,46.0848536869163,99.9269417344666,287.966811328549,0,0,0,0,0,0,0,0,1064.99493581602,485.136756294063,3320.36407834728,3292.52999699626
"321",2016,1530,26.6666666666667,2793.65448980721,2149.03786389161,585.983887030835,1080.55807362125,237.40179301733,257.208856552422,204.373810597062,633.670568354573,0,0,0,0,0,0,0,0,0,0,0.979849525602602,1.79627441664825,0.468774288829946,0.504089452962036,0.410376159143627,1.26781222435588,0,0,0,0,0,0,0,0,5842.74136583413,4042.82188576211,819.483792969928,1492.30308773713,584.434767028183,609.194442086482,1194.48995447077,3562.53571452001,224.48746680775,155.331682007475,31.594435171906,57.5364653674591,22.5235650906927,23.4782768900732,46.1178745698687,137.539322255987,20175.4151517977,13756.5740723461,3026.22096731049,5373.64712136658,2391.33367280361,2388.71087282015,4135.78298558757,11978.6860149029,775.170179744159,528.549604382243,117.880332746965,209.601868021218,93.8572491437627,93.7685176139495,162.955510496837,471.946800024237,0,0,6.26261885161245,11.2113012118133,5.11524617410902,5.13820158544696,9.3939418993594,27.3240661877971,0,0,0,0,0,0,0,0,397.012631666887,291.401432773001,291.717407056983,554.322050122047,376.302315766882,415.426393146162,245.460103447251,778.05499315261,15.2538578146566,11.1961090970362,11.2049759490003,21.2885994973842,14.4278331705693,15.9303500831871,9.42217337215559,29.8689796901005,270.813996058919,197.316614096048,272.812023019942,525.148169859648,380.594608735773,410.299599183304,287.532239460683,915.855917456456,10.405104810677,7.58121989788499,10.4786443493086,20.1672754292097,14.5945440952832,15.7355578188153,11.0357377710777,35.1533443700408,0,0,39.2789946538821,76.6111021840521,45.8443007009031,46.3286297461691,100.321145880581,289.324110086835,0,0,0,0,0,0,0,0,1068.81264495417,486.644591923259,3332.95988721297,3301.37861117539
"322",2016,1530,26.75,2788.14601115141,2144.32463406455,583.147117289484,1076.37890334226,236.946338380509,258.17354593137,202.55868652223,629.717617825068,0,0,0,0,0,0,0,0,0,0,0.974591238845099,1.78822480674371,0.467865698427263,0.50599529528611,0.406729036320177,1.25989045296782,0,0,0,0,0,0,0,0,5841.98007333594,4039.4738407535,814.972758007439,1483.11817122746,585.579578196069,612.297526504979,1196.25460537663,3571.51863807919,224.458216732533,155.203044764153,31.4205591766891,57.1823309506103,22.5676922870959,23.5978681702869,46.1864294930187,137.887530865841,20182.2942260688,13751.1853555738,3010.08747720888,5342.32952323106,2396.16534225262,2401.36886538762,4145.67019857453,12020.8643088689,775.43450652214,528.342560808536,117.25269855799,208.376387470396,94.0481200331603,94.2645482541032,163.349263888453,473.615549410505,0,0,6.22826478181126,11.1424295754094,5.12560607464162,5.1652759375016,9.41591869632208,27.418974050743,0,0,0,0,0,0,0,0,397.284683466008,291.37201993437,290.247384680203,550.984602664938,377.398709315219,417.947683870107,245.474359957492,778.318927689174,15.2643105127693,11.1949790079789,11.148514843504,21.1604909098062,14.4698455274469,16.0270614215262,9.42274908641096,29.879309793689,271.202702167004,197.441203373319,271.687698265033,522.215234815717,382.134936687582,413.145402686616,287.341082041393,915.330631771489,10.4200395479124,7.58600681653184,10.435477614517,20.0547306476146,14.6536181095889,15.8447640458814,11.0284831919201,35.1335628193496,0,0,39.0971984590018,76.0784968719371,45.9741633875638,46.5665008836913,100.713909170017,290.678107760731,0,0,0,0,0,0,0,0,1072.63307264126,488.152307731466,3345.56768357441,3310.24183184512
"323",2016,1530,26.8333333333333,2782.79257867639,2139.74779727711,580.413424822363,1072.35162352083,236.476639191918,259.079431617806,200.774187580862,625.831966985552,0,0,0,0,0,0,0,0,0,0,0.969458030455867,1.78041190071145,0.466925347146341,0.50778783542205,0.403135728302727,1.25207933760205,0,0,0,0,0,0,0,0,5841.0959220113,4036.04890187972,810.534094724784,1474.07728313051,586.672098151579,615.301830870524,1197.92536605185,3580.1530720746,224.424246224733,155.071453135565,31.2494632984401,56.8337391256795,22.6098015258878,23.7136481764398,46.2513501078945,138.222261405833,20189.1676707992,13745.8263710552,2994.26873448035,5311.57574940568,2400.78316733778,2413.62363863588,4155.48567553176,12062.7911089155,775.698616686777,528.136659602867,116.637187309548,207.172831681786,94.2306525540454,94.7448555785366,163.740237793529,475.2746017468,0,0,6.19426122521775,11.0745036749842,5.13547241331101,5.19145675134293,9.43755104720982,27.5126902045406,0,0,0,0,0,0,0,0,397.536348046236,291.33047862001,288.777347460071,547.671096760368,378.437467274711,420.391366124219,245.516936498283,778.709388873409,15.2739799009179,11.1933829234997,11.092051718001,21.033298575434,14.5096441252496,16.1207905277189,9.42440609813331,29.8944766989032,271.587047426607,197.562552467013,270.559720304713,519.305040361234,383.638100662048,415.944916093576,287.180128366663,914.909731643021,10.4348067339676,7.59066924215441,10.3921690252537,19.943055768442,14.7112632344413,15.9521900352025,11.0223835095044,35.1177743886891,0,0,38.9156158843744,75.5515831033517,46.1008321089101,46.7985126943534,101.105168361888,292.028604179686,0,0,0,0,0,0,0,0,1076.45601860485,489.659839770522,3358.18597680269,3319.11873961697
"324",2016,1530,26.9166666666667,2777.58931156237,2135.30300137619,577.778890405127,1068.47041842235,235.994088671216,259.929400452462,199.019832526565,622.012568395499,0,0,0,0,0,0,0,0,0,0,0.964456466490913,1.7728364871349,0.465955924391616,0.509471580504751,0.399596518828064,1.24438091580857,0,0,0,0,0,0,0,0,5840.10161356758,4032.55659283258,806.167173845775,1465.17975178003,587.714341136809,618.211404954009,1199.51086871691,3588.46902971559,224.386043304258,154.937273037181,31.0811242138713,56.4906649132207,22.6499705878396,23.8257732598151,46.3129686436442,138.544668473892,20196.0269415758,13740.4909090133,2978.7576837296,5281.37372549157,2405.19260759082,2425.48480095134,4165.22639357526,12104.4555061564,775.962181953068,527.931662175543,116.03353022424,205.990735045891,94.4050563521355,95.2098107437622,164.128313623329,476.923530528582,0,0,6.16065230888466,11.0075515495055,5.14486070781338,5.21676847359033,9.45884809015821,27.6052401055087,0,0,0,0,0,0,0,0,397.768486182548,291.277278670654,287.309743102945,544.384021702811,379.421375863887,422.759085837112,245.583640017636,779.209669634076,15.282899051455,11.1913388956309,11.035680693923,20.9071182557863,14.5473359884908,16.2116007648873,9.42698359512725,29.9138394617699,271.966010792398,197.680055261358,269.428097587795,516.416672660178,385.102307090722,418.695816773409,287.048707311837,914.59348930325,10.4493671386621,7.59518388681504,10.3487189346262,19.8322157658966,14.7674107033249,16.0577466575319,11.0174128413122,35.105988970698,0,0,38.7342928173641,75.0303234189273,46.2243018220339,47.0247150536836,101.49486686711,293.375417968107,0,0,0,0,0,0,0,0,1080.28129087442,491.167126496822,3370.81337623609,3328.00845191982
"325",2017,1530,27,2772.90985759426,2131.17403513785,575.452314947605,1067.64776062191,235.82525632591,261.551414184709,196.17898247179,614.162065594114,0,0,0,0,0,0,0,0,0,0,0.960859539475672,1.77100717442279,0.46560633433889,0.512670572751443,0.394133716251316,1.22969140727694,0,0,0,0,0,0,0,0,5839.44571740592,4029.49267140695,802.527003314594,1460.50571590353,589.522363105886,622.994079443608,1199.06774443439,3589.96481713779,224.360842724838,154.81955227628,30.9408548826109,56.3104856998862,22.7196501761077,24.010084024066,46.2963719951621,138.604105214064,20204.5447652744,13736.8129295084,2965.80510364881,5266.40430936766,2412.7428021503,2444.68100944422,4167.44707903089,12121.9597379336,776.289471057422,527.790347888386,115.530391689878,205.403750764167,94.7027907516113,95.9627912590661,164.222463761376,477.628331923916,0,0,6.13573036713541,10.9757708047436,5.16095133590566,5.25784578902835,9.46412440206422,27.6461482739916,0,0,0,0,0,0,0,0,398.017246928979,291.272104936144,286.20304115903,542.824540941625,380.88604566385,426.47422267863,244.768854650097,776.934484272797,15.2924568686645,11.1911401117591,10.9931703561303,20.847282895621,14.6034570139114,16.35407495433,9.39573246204278,29.8266624758788,272.360173083047,197.818831240286,268.645483852901,515.143696876906,387.064888963783,422.735368142344,286.037831332428,911.47098731046,10.4645115098251,7.60051588126158,10.3186725602068,19.7834090233267,14.8426654830081,16.2127205053292,10.9786908431605,34.9864841066798,0,0,38.6068432958606,74.7491971382993,46.4090374075077,47.3949255506921,101.764969317907,294.33921700976,0,0,0,0,0,0,0,0,1084.10642529504,492.647083144545,3383.44724225659,3336.76071639261
