"","year","sim_id","time","N_1_1_1_1","N_1_1_1_2","N_1_1_2_1","N_1_1_2_2","N_1_1_3_1","N_1_1_3_2","N_1_1_4_1","N_1_1_4_2","N_1_2_1_1","N_1_2_1_2","N_1_2_2_1","N_1_2_2_2","N_1_2_3_1","N_1_2_3_2","N_1_2_4_1","N_1_2_4_2","N_2_1_1_1","N_2_1_1_2","N_2_1_2_1","N_2_1_2_2","N_2_1_3_1","N_2_1_3_2","N_2_1_4_1","N_2_1_4_2","N_2_2_1_1","N_2_2_1_2","N_2_2_2_1","N_2_2_2_2","N_2_2_3_1","N_2_2_3_2","N_2_2_4_1","N_2_2_4_2","N_3_1_1_1","N_3_1_1_2","N_3_1_2_1","N_3_1_2_2","N_3_1_3_1","N_3_1_3_2","N_3_1_4_1","N_3_1_4_2","N_3_2_1_1","N_3_2_1_2","N_3_2_2_1","N_3_2_2_2","N_3_2_3_1","N_3_2_3_2","N_3_2_4_1","N_3_2_4_2","N_4_1_1_1","N_4_1_1_2","N_4_1_2_1","N_4_1_2_2","N_4_1_3_1","N_4_1_3_2","N_4_1_4_1","N_4_1_4_2","N_4_2_1_1","N_4_2_1_2","N_4_2_2_1","N_4_2_2_2","N_4_2_3_1","N_4_2_3_2","N_4_2_4_1","N_4_2_4_2","N_5_1_1_1","N_5_1_1_2","N_5_1_2_1","N_5_1_2_2","N_5_1_3_1","N_5_1_3_2","N_5_1_4_1","N_5_1_4_2","N_5_2_1_1","N_5_2_1_2","N_5_2_2_1","N_5_2_2_2","N_5_2_3_1","N_5_2_3_2","N_5_2_4_1","N_5_2_4_2","N_6_1_1_1","N_6_1_1_2","N_6_1_2_1","N_6_1_2_2","N_6_1_3_1","N_6_1_3_2","N_6_1_4_1","N_6_1_4_2","N_6_2_1_1","N_6_2_1_2","N_6_2_2_1","N_6_2_2_2","N_6_2_3_1","N_6_2_3_2","N_6_2_4_1","N_6_2_4_2","N_7_1_1_1","N_7_1_1_2","N_7_1_2_1","N_7_1_2_2","N_7_1_3_1","N_7_1_3_2","N_7_1_4_1","N_7_1_4_2","N_7_2_1_1","N_7_2_1_2","N_7_2_2_1","N_7_2_2_2","N_7_2_3_1","N_7_2_3_2","N_7_2_4_1","N_7_2_4_2","N_8_1_1_1","N_8_1_1_2","N_8_1_2_1","N_8_1_2_2","N_8_1_3_1","N_8_1_3_2","N_8_1_4_1","N_8_1_4_2","N_8_2_1_1","N_8_2_1_2","N_8_2_2_1","N_8_2_2_2","N_8_2_3_1","N_8_2_3_2","N_8_2_4_1","N_8_2_4_2","HIV_neg_male","HIV_neg_female","HIV_pos_male","HIV_pos_female"
"1",1990,939,0,7403.92122785124,7440.55758676453,348.332530418285,659.866562266427,145.200395551902,206.480410148239,0,0,0,0,0,0,0,0,0,0,0,0,0.537389573032676,1.0328643948662,0.262221601649031,0.373481411975165,0,0,0,0,0,0,0,0,0,0,2639.50658438549,2675.53637772063,80.2167057891489,151.326129209617,25.8075351896962,36.688650806212,0,0,101.414063989889,102.798386267563,3.09044807588995,5.83041871902011,0.994483531752173,1.41380325514773,0,0,33774.0140236423,34309.3795670443,1200.78547112404,2260.41600365706,427.758938866977,605.629688655052,0,0,1297.61239154458,1318.22272330707,46.4802172549272,87.5389122608176,16.6688547529653,23.6075995435585,0,0,0,0,1.86476563703025,3.55813419625303,0.76171540520752,1.0804158077845,0,0,0,0,0,0,0,0,0,0,256.274751679972,259.83228447084,32.6729195090035,62.618092141693,22.344109174856,31.7823326658385,0,0,9.84642096756785,9.98317435328212,1.25088650670586,2.39684148001701,0.852075335020777,1.21185292365003,0,0,736.943049174485,748.705806457895,65.0730126384264,127.564775939739,49.9124536505523,71.5065908405577,0,0,28.314280180807,28.7664839406203,2.49410831654059,4.88844851343041,1.90718154308158,2.73211436264536,0,0,0,0,7.11412037855631,14.3374900497093,4.94489863769492,7.16176454487255,0,0,0,0,0,0,0,0,0,0,0,0,0,0
"2",1990,939,0.0833333333333333,7395.71146915044,7424.70276378877,358.284501864467,678.360276257481,147.275443401743,209.93235355396,0,0,0,0,0,0,0,0,0,0,0,0,0.544881552646224,1.04818002008126,0.265970825831292,0.379739530167076,0,0,0,0,0,0,0,0,0,0,2641.86486413859,2675.06895976059,83.6493313463778,157.676301686996,26.4488773058406,37.6902327345951,0,0,101.504672869292,102.780427322058,3.22252604612469,6.07478891749816,1.01919522910645,1.45239639887617,0,0,33703.6566338767,34201.6737296555,1245.69583323237,2343.79885398041,437.106555993898,620.320494202564,0,0,1294.9094162034,1314.08448104835,48.2136521946969,90.7595217406158,17.034231786019,24.1819437001596,0,0,0,0,1.9039719797747,3.63626681648177,0.77840002734374,1.10671809494026,0,0,0,0,0,0,0,0,0,0,254.447122909957,258.528898728103,33.1264600436059,63.870713041039,22.6508136000469,32.4417206713301,0,0,9.77620146418523,9.9330961590494,1.26826455705392,2.44480736389822,0.863750577707008,1.23696406408513,0,0,734.132439740028,745.069863458031,66.8920398597044,131.206435171,51.173921764935,73.5027891224187,0,0,28.2062942541623,28.6267851029148,2.56383614070296,5.02800143668546,1.95532338965945,2.80829496067655,0,0,0,0,7.28073147125862,14.6953287498234,5.0775726608975,7.3726713024683,0,0,0,0,0,0,0,0,0,0,2.14899651854339,1.25027582703562,0.967897555244311,0.955039299610054
"3",1990,939,0.166666666666667,7387.69564727362,7409.12563382874,368.031008273834,696.520598479679,149.432141006702,213.500487475818,0,0,0,0,0,0,0,0,0,0,0,0,0.553826710567515,1.06602948915191,0.269786117190421,0.386103025040151,0,0,0,0,0,0,0,0,0,0,2643.75698534726,2674.13362333238,86.9656109200951,163.831702398869,27.1089087537562,38.7194276242095,0,0,101.577371191951,102.744490200725,3.3501546693093,6.31171302618446,1.04462682908392,1.49205338237357,0,0,33634.0193744818,34094.9382506247,1289.78583526304,2425.87787880193,446.853257996895,635.59111349395,0,0,1292.23410751658,1309.98352160471,49.9159394697141,93.9307529026691,17.4150730882147,24.7787955636054,0,0,0,0,1.9495837814364,3.72570340842459,0.795506947392086,1.13368314972194,0,0,0,0,0,0,0,0,0,0,252.741581253766,257.295765422089,33.6649607917441,65.2514443751619,22.9845776350881,33.1327378079043,0,0,9.71067270609019,9.88571717665031,1.28890011712213,2.4976860079652,0.876457947590756,1.2632813495851,0,0,731.299008720239,741.461157095225,68.6863850352244,134.837905013825,52.4490266613934,75.5376966294729,0,0,28.0974314818241,28.4881327411072,2.63261683318274,5.16715997453875,2.00398648051915,2.88595306476043,0,0,0,0,7.45099890857286,15.06117761899,5.21292656190697,7.58834713733043,0,0,0,0,0,0,0,0,0,0,4.2831331302039,2.49443617931523,1.95008008520524,1.93004806794916
"4",1990,939,0.25,7379.85241910376,7393.80375189445,377.575804772798,714.35242042992,151.666925031907,217.18044226531,0,0,0,0,0,0,0,0,0,0,0,0,0.563927160760804,1.08590794128957,0.273691761222436,0.392603649693802,0,0,0,0,0,0,0,0,0,0,2645.28693942093,2672.83772989405,90.1751241202179,169.809174938314,27.7875833642055,39.7766751318688,0,0,101.636154474117,102.694699902471,3.47369901792808,6.54183311989419,1.07077677149308,1.53279137749896,0,0,33565.0282974701,33989.09567982,1333.06565212156,2506.66430511483,456.985867006886,651.426004401297,0,0,1289.5836243585,1305.91686921514,51.5874541158761,97.0530121161103,17.8108790159597,25.3975678241328,0,0,0,0,2.00025402366582,3.82414349589465,0.813134316556718,1.1614409422255,0,0,0,0,0,0,0,0,0,0,251.148558177893,256.126893517463,34.275582873971,66.7413191807515,23.3451915128845,33.8558425167101,0,0,9.64946705717554,9.84080722087969,1.31230004347667,2.55474847766944,0.89018968447852,1.29082250536275,0,0,728.441558827327,737.874445596986,70.4625435506831,138.467878863193,53.7388537311494,77.6121869498328,0,0,27.9876458629766,28.3503254578389,2.70069943309693,5.30625758501281,2.05321210651805,2.96512186953453,0,0,0,0,7.62578017128056,15.4365555638215,5.35103603544134,7.80891472388844,0,0,0,0,0,0,0,0,0,0,6.40339627967706,3.73280518924926,2.94838927055231,2.92653218960395
"5",1990,939,0.333333333333333,7372.16276478211,7378.71709348511,386.922515084948,731.860462584059,153.97634427789,220.96796780738,0,0,0,0,0,0,0,0,0,0,0,0,0.574935925609634,1.10739476046766,0.277704448496466,0.399263438237531,0,0,0,0,0,0,0,0,0,0,2646.54452444796,2671.27376326137,93.2868637195901,175.624509804459,28.4848542575775,40.8623662788938,0,0,101.684472901947,102.634609803396,3.59350197225231,6.76575140331465,1.09764341698871,1.57462562619013,0,0,33496.6197855191,33884.0793638381,1375.54554355243,2586.16967784972,467.491489052939,667.809906716887,0,0,1286.95552251609,1301.88196294653,53.2285747399555,100.126718296546,18.2211604618552,26.037683565758,0,0,0,0,2.05487230328719,3.92968173994002,0.831347911144263,1.19007988215809,0,0,0,0,0,0,0,0,0,0,249.659494161509,255.017064878822,34.9471425157835,68.3237369050867,23.7323250386843,34.6113214273021,0,0,9.59225564907386,9.79816580258652,1.33803482466308,2.6153568722446,0.904933349305948,1.31959860877579,0,0,725.559370406374,734.305288538385,72.2258251145108,142.103350991402,55.0445227884366,79.727231868098,0,0,27.8769097479647,28.2131926448195,2.76828745280664,5.44556244410914,2.10304290607865,3.04583835144827,0,0,0,0,7.80571209454338,15.8226079723768,5.49199766119797,8.03452460306102,0,0,0,0,0,0,0,0,0,0,8.51069606487271,4.96567991578575,3.96445153268131,3.94582261163527
"6",1990,939,0.416666666666667,7364.60970598219,7363.84775962733,396.074645897897,749.049296701853,156.357053020174,224.858925855101,0,0,0,0,0,0,0,0,0,0,0,0,0.586648226683358,1.130139463747,0.28183503601247,0.406096918237871,0,0,0,0,0,0,0,0,0,0,2647.60716641234,2669.52125696566,96.3092333144714,181.292448657549,29.2006816705886,41.9768593879413,0,0,101.725301305562,102.567275708961,3.70988409454461,6.98403031603169,1.12522535681854,1.61757006306329,0,0,33428.7392114279,33779.8320310257,1417.23584985383,2664.40585105704,478.357510882064,684.727838638325,0,0,1284.347703184,1297.8766023279,54.839683365601,103.152302590589,18.6454387369038,26.6985761323356,0,0,0,0,2.11252333268757,4.04074000830427,0.850189029924949,1.21965678339398,0,0,0,0,0,0,0,0,0,0,248.266720367999,253.961729701427,35.6699165880386,69.984199988192,24.1455565839076,35.3993207398558,0,0,9.53874383479686,9.75761811095521,1.3657310948583,2.67895417525769,0.920672947229496,1.34961530508022,0,0,722.652127252623,730.749945390984,73.9805240583563,145.749854056316,56.3671627639754,81.8838680399666,0,0,27.7652109881187,28.0765905849122,2.83554542335046,5.58528658038336,2.15352188899936,3.12814198536235,0,0,0,0,7.99125200319918,16.2201742270739,5.63592139284219,8.26534556681389,0,0,0,0,0,0,0,0,0,0,10.6058741131658,6.19333381237767,4.9997035254757,4.98909626202668
"7",1990,939,0.5,7357.17803231258,7349.17969076115,405.035601047456,765.923367003662,158.805802919855,228.849280802307,0,0,0,0,0,0,0,0,0,0,0,0,0.598893887381453,1.15384931136263,0.286089962666468,0.413112899238563,0,0,0,0,0,0,0,0,0,0,2648.54165892138,2667.64863071422,99.2500649267959,186.826721159496,29.9350376675876,43.1204919288228,0,0,101.761206002172,102.495326413734,3.82314426825757,7.19719388721342,1.15352160201978,1.66163777997145,0,0,33361.3396610411,33676.3044463952,1458.14698657657,2741.38497321666,489.571589528459,702.165085608002,0,0,1281.75836389833,1293.89889567004,56.421165229153,106.130207818824,19.083245181435,27.3796887094432,0,0,0,0,2.17245100749473,4.15600818923589,0.869680734631077,1.2502047832778,0,0,0,0,0,0,0,0,0,0,246.963343685265,252.956908281089,36.4354513998158,71.7100505192778,24.5843979806669,36.2198746994352,0,0,9.48866677180941,9.71901123934728,1.39506427680476,2.74505411470711,0.937389891752684,1.38087390947214,0,0,719.7198480125,727.205278027717,75.7300782253943,149.411682668498,57.7078921805176,84.0831694678814,0,0,27.6525503001111,27.9403987062137,2.90260499959108,5.72559447085154,2.20469168295932,3.21207368480434,0,0,0,0,8.18271291850224,16.6298459334981,5.78292487138532,8.50155731320268,0,0,0,0,0,0,0,0,0,0,12.6897115052963,7.41602003263764,6.05541718434782,6.05739662734038
"8",1990,939,0.583333333333333,7349.85411441832,7334.69847137471,413.808690181443,782.487003447663,161.319438493753,232.935094389758,0,0,0,0,0,0,0,0,0,0,0,0,0.611532217765784,1.17828094993542,0.290472181090323,0.420315653811523,0,0,0,0,0,0,0,0,0,0,2649.40535835841,2665.71445239132,102.116629384534,192.240066790163,30.6879087591168,44.293587916454,0,0,101.794390715744,102.42101218949,3.93356007125682,7.40572853197795,1.18253168984099,1.70684131696987,0,0,33294.3810550401,33573.4544861551,1498.28943806793,2817.11947482902,501.121649516295,720.107197167626,0,0,1279.18596479505,1289.94722450751,57.9734085374657,109.060888012672,19.5341210609373,28.0804742044392,0,0,0,0,2.23403426545996,4.27440434993426,0.889831917769606,1.28173852163138,0,0,0,0,0,0,0,0,0,0,245.743169224407,251.999123823286,37.2364309543139,73.4902888487833,25.0483125667198,37.0729262291626,0,0,9.44178644431097,9.68221160372028,1.42575351348581,2.81323418005733,0.955063703030851,1.41337220509072,0,0,716.762837456147,723.668683433393,77.4771795904181,153.092049632327,59.0678046341033,86.3262271203725,0,0,27.5389393937973,27.8045169966832,2.96956921070899,5.86660904831935,2.25659397362163,3.29767501761162,0,0,0,0,8.38028736756831,17.0520063387926,5.93312961911648,8.74334549838589,0,0,0,0,0,0,0,0,0,0,14.7629340090428,8.63397365811341,7.13271700561151,7.15164802199399
"9",1990,939,0.666666666666667,7342.62570213385,7320.39111952366,422.397137667639,798.744434778307,163.894891464966,237.112519263516,0,0,0,0,0,0,0,0,0,0,0,0,0.624446804589558,1.20323187138729,0.294982061302704,0.427706065870299,0,0,0,0,0,0,0,0,0,0,2650.2474623283,2663.76878425171,104.915660101691,197.54427978553,31.4592979957441,45.4964650398029,0,0,101.826745696933,102.346256508113,4.04138866065246,7.61008473061753,1.21225577006959,1.75319294306192,0,0,33227.8292113291,33471.2461523923,1537.67374715708,2891.6220469402,512.995876411759,738.539980310876,0,0,1276.62919258608,1286.02020574109,59.4968040725692,111.944807597294,19.9976173268868,28.8003949982058,0,0,0,0,2.2967625939559,4.39503418422698,0.910641218030074,1.31425913686094,0,0,0,0,0,0,0,0,0,0,244.600616012835,251.085331279176,38.0665330852605,75.315373265605,25.536732593017,37.958347614111,0,0,9.39788842403777,9.64710220839338,1.45755613481424,2.88312791243489,0.973672681864398,1.4471052429942,0,0,713.781636084945,720.138021883656,79.2238902518899,156.793250625803,60.4479558251861,88.6141295563127,0,0,27.424399036084,27.6688632446611,3.03651691649389,6.00841803229942,2.30926900427081,3.3849874604039,0,0,0,0,8.58407133032251,17.4868701695204,6.08665753234132,8.99089714760817,0,0,0,0,0,0,0,0,0,0,16.8262179097059,9.84741407509362,8.23259886175423,8.27267110394066
"10",1990,939,0.75,7335.48174878526,7306.24590373862,430.804089812956,814.699799001843,166.529175972513,241.377793554053,0,0,0,0,0,0,0,0,0,0,0,0,0.637541278492918,1.22853343816487,0.299618071322553,0.435282501203929,0,0,0,0,0,0,0,0,0,0,2651.1101180898,2661.85434916556,107.653379044625,202.75025666759,32.24922552433,46.7294392523759,0,0,101.859890310823,102.272700850598,4.14686774450079,7.81067881202409,1.24269463138514,1.80070483842208,0,0,33161.6550329099,33369.6487203497,1576.31050343273,2964.9056177913,525.182711656604,757.449494444209,0,0,1274.08692935681,1282.11665887478,60.9917447422759,114.782440502166,20.4732944263474,29.5389227581456,0,0,0,0,2.36021625489796,4.5171581029549,0.93209991037513,1.34775797858092,0,0,0,0,0,0,0,0,0,0,243.530643985917,250.212856464375,38.9203029311875,77.1770423509184,26.0490736012949,38.8759582273285,0,0,9.3567790651719,9.61358030689328,1.49026279266084,2.95441806998136,0.993194466225968,1.48206602728979,0,0,710.776976392331,716.611554053533,80.9717424127399,160.516807270476,61.8493536703117,90.9479471914496,0,0,27.3089573704236,27.5333706224789,3.10350664797214,6.15107942840804,2.36275519431861,3.47405179349675,0,0,0,0,8.79408351782363,17.9345158963047,6.24362836276603,9.24439730780975,0,0,0,0,0,0,0,0,0,0,18.8801950849688,11.0565469965485,9.35594655673946,9.42119655894641
"11",1990,939,0.833333333333333,7328.41228080944,7292.25220735931,439.032619714725,830.357150222659,169.21938497818,245.727236864851,0,0,0,0,0,0,0,0,0,0,0,0,0.650736437593203,1.25404611271742,0.304377192886347,0.443041343728504,0,0,0,0,0,0,0,0,0,0,2652.02923955361,2660.00738879116,110.335522365703,207.86804199496,33.0577279911342,47.9928269029926,0,0,101.895204427293,102.201737679411,4.25021654656346,8.00789467824289,1.27384968192181,1.84938918041814,0,0,33095.833910216,33268.6361119893,1614.21033169098,3036.98333021805,537.670848498086,776.822047681672,0,0,1271.55822960318,1278.23558194716,62.4586251362928,117.574269297988,20.9607221529738,30.2955383020516,0,0,0,0,2.42405295184568,4.64016890251298,0.954193623873892,1.38221883372581,0,0,0,0,0,0,0,0,0,0,242.528699961602,249.379351940733,39.7930578020215,79.0681798855061,26.5847440345679,39.825537067528,0,0,9.318283428606,9.58155570686144,1.52369380410623,3.02683143229847,1.01360640334235,1.51824599953316,0,0,707.749750936166,713.087894212672,82.7218111820427,164.263572327329,63.2729525616115,93.3287220067212,0,0,27.1926486901207,27.3979858881432,3.17057940354174,6.29462557133161,2.41708891777166,3.56490770536461,0,0,0,0,9.0102782891361,18.3949075281531,6.40415831036468,9.50402712790146,0,0,0,0,0,0,0,0,0,0,20.9254568055281,12.2615659214622,10.503544278051,10.5978754138441
"12",1990,939,0.916666666666667,7321.40825471649,7278.40037989346,447.085732397991,845.720465756961,171.962686232258,250.157245755745,0,0,0,0,0,0,0,0,0,0,0,0,0.663967014124058,1.2796541073571,0.309255406940493,0.450977618746393,0,0,0,0,0,0,0,0,0,0,2653.03540366818,2658.25860426205,112.967369795308,212.906881043577,33.8848584092909,49.2869478006918,0,0,101.933862861602,102.1345465812,4.35163691356381,8.20208579211641,1.30572294796939,1.89925826586429,0,0,33030.3450652645,33168.1862091609,1651.38387857844,3107.86851544662,550.449227201317,796.644192401176,0,0,1269.04229503355,1274.37612514212,63.8978410126553,120.320784195208,21.4594794713649,31.0697314343893,0,0,0,0,2.48799279886879,4.76356665096525,0.976904378455843,1.41762055143767,0,0,0,0,0,0,0,0,0,0,241.590658077524,248.582748426368,40.6807827874814,80.9826666739304,27.143155601984,40.8068362265229,0,0,9.2822429934478,9.5509489031499,1.5576951383505,3.10013310100233,1.03488595125657,1.55563555938286,0,0,704.70097768985,709.565959271222,84.4747942558523,168.033844596787,64.7196469673176,95.7574561628135,0,0,27.0755121070847,27.2626674275974,3.23776170951394,6.43906754107975,2.47230425626654,3.65759335506428,0,0,0,0,9.23256021833496,18.8679191267229,6.56835833418119,9.76996157669168,0,0,0,0,0,0,0,0,0,0,22.962557934662,13.4626537464705,11.676090257767,11.803290341773
"13",1991,939,1,7311.53955920073,7259.91351050372,457.692216233754,865.570941318337,174.755464152911,254.711752064403,0,0,0,0,0,0,0,0,0,0,0,0,0.677513201342122,1.30596245174551,0.314224207462768,0.459142088138527,0,0,0,0,0,0,0,0,0,0,2653.39926515364,2655.41357492843,116.268188912311,219.117578644216,34.73148354915,50.6227951453248,0,0,101.947843001749,102.025236004519,4.47876666685287,8.44131631766719,1.33834741531106,1.95073517209073,0,0,32955.4446176188,33052.5448925561,1697.06970109458,3193.70814260591,563.506754131166,817.058138054814,0,0,1266.16475992864,1269.93298941494,65.6643605857031,123.642496802274,21.9691174962091,31.8670281613184,0,0,0,0,2.55302037736001,4.88949248658988,1.00013749556738,1.45411984818495,0,0,0,0,0,0,0,0,0,0,240.602594595592,247.722924462211,41.6591418720676,83.099634820925,27.7174865350206,41.8345175492618,0,0,9.2442806501443,9.51791306857617,1.59517540127105,3.18120189210991,1.05677304039494,1.59479368948609,0,0,701.441396586578,705.740123254638,86.4104959138319,172.152713397725,66.1854494576684,98.2481027954222,0,0,26.9502760072089,27.115672598493,3.31196200562486,6.59689427763268,2.52824901919006,3.75264179770638,0,0,0,0,9.46046980986427,19.3546124995256,6.73577248289046,10.0435455271228,0,0,0,0,0,0,0,0,0,0,25.0226815492868,14.6152197057195,12.8931882383577,12.9928711505012
"14",1991,939,1.08333333333333,7301.51898393601,7241.22611471543,468.287789728917,885.424601287583,177.625480445386,259.38331687883,0,0,0,0,0,0,0,0,0,0,0,0,0.691736240046825,1.33348436547515,0.319314654209754,0.46749683056202,0,0,0,0,0,0,0,0,0,0,2653.85032649638,2652.62871934799,119.560576396241,225.325629444611,35.6048055019961,52.0014867252613,0,0,101.965173499861,101.918237399663,4.60558289420303,8.68046489756126,1.37200019972177,2.00386242821023,0,0,32880.109508784,32936.2775365763,1742.61317577905,3279.40169301287,576.933630191628,838.043673792835,0,0,1263.27052370573,1265.46580028921,67.4257349890652,126.959259811772,22.4931299206905,32.6866113714597,0,0,0,0,2.62042381515434,5.01974544200683,1.02399062923416,1.49160016401458,0,0,0,0,0,0,0,0,0,0,239.666235687093,246.888773975111,42.6723144481917,85.2777400567102,28.314653899005,42.8964088993637,0,0,9.20830486156677,9.48586365047231,1.6339886611228,3.26461087285353,1.07953159147292,1.63525664047213,0,0,698.144674042325,701.891819729339,88.3638578493708,176.324701394237,67.6768773975374,100.793371144562,0,0,26.8236128755702,26.9678145319352,3.38683807996253,6.75675350150389,2.58517237640594,3.84977473740359,0,0,0,0,9.69454944212423,19.8543723946139,6.90699027898044,10.3239143917932,0,0,0,0,0,0,0,0,0,0,27.0770832958195,15.7602220425095,14.1398835087413,14.209488651703
"15",1991,939,1.16666666666667,7291.57607510514,7222.71827909624,478.652029135102,904.893878233502,180.570306814807,264.165074432131,0,0,0,0,0,0,0,0,0,0,0,0,0.706464089200393,1.36191513656333,0.324536129790877,0.476047268293078,0,0,0,0,0,0,0,0,0,0,2654.47857131123,2650.03163731435,122.791996286791,231.439754721376,36.5047876226301,53.4225542880022,0,0,101.989311670317,101.818453354757,4.73006556171272,8.91602172708267,1.40668004370434,2.05862217836879,0,0,32805.1152889422,32820.649801209,1787.26814352768,3363.63977301051,590.72084607797,859.578020136119,0,0,1260.38938347821,1261.02318649233,69.1532821357897,130.220734279544,23.0311781575814,33.5276101583906,0,0,0,0,2.68955229096034,5.15317130312402,1.04849400836579,1.53008077219326,0,0,0,0,0,0,0,0,0,0,238.787460344822,246.086965954484,43.7091981484145,87.4949123151226,28.9353134241424,43.9920059515105,0,0,9.17454150737539,9.45505688210137,1.67370828638917,3.34951230112967,1.10318665484551,1.67700525320536,0,0,694.826716654258,698.044519306944,90.3215288669383,180.524734304367,69.1951314698423,103.393232504181,0,0,26.6961338640273,26.8199950066386,3.46187671148145,6.91768159572584,2.64312011340385,3.94899096883492,0,0,0,0,9.93503721896492,20.3675005928199,7.08216907006717,10.6111572271113,0,0,0,0,0,0,0,0,0,0,29.1237227919564,16.9014376913431,15.4156137560695,15.4576112894642
"16",1991,939,1.25,7281.70198462456,7204.38040233809,488.788910028233,923.984053927188,183.586258364116,269.052397728409,0,0,0,0,0,0,0,0,0,0,0,0,0.721549768779118,1.39100147324459,0.329891989651299,0.484798046671442,0,0,0,0,0,0,0,0,0,0,2655.30734942987,2647.6452947056,125.968649420433,237.470676077415,37.4311702769537,54.8859824722021,0,0,102.021154650992,101.726766255563,4.85245152540428,9.14839639348376,1.44237706236537,2.11501397779785,0,0,32730.4468584573,32705.6449155708,1831.04756922337,3446.43880631694,604.855201786434,881.645265988441,0,0,1257.52075912379,1256.60450365877,70.8474840956605,133.427524875138,23.582759920663,34.3894211215452,0,0,0,0,2.75985425307413,5.28881792514078,1.07365689429329,1.56957592066548,0,0,0,0,0,0,0,0,0,0,237.963271854121,245.316312899382,44.7650237353983,89.743800859863,29.5794441951603,45.1217984389674,0,0,9.1428754500808,9.42544713775627,1.71415112247955,3.43562373565272,1.12773743949061,1.72005821190841,0,0,691.488224368016,694.19712160272,92.2843486271481,184.753393715534,70.7409360435037,106.048536110246,0,0,26.5678658654555,26.6721717440481,3.53710995173702,7.07970061562006,2.70211982446705,4.05032282464607,0,0,0,0,10.1820285494912,20.8941955965717,7.26142021801006,10.9054535937434,0,0,0,0,0,0,0,0,0,0,31.1630797456164,18.0390135946072,16.7211742323138,16.7379050734661
"17",1991,939,1.33333333333333,7271.88865846205,7186.20371348406,498.70230625824,942.700286766632,186.669742862016,274.040752369766,0,0,0,0,0,0,0,0,0,0,0,0,0.736872323866074,1.42053365428474,0.335382675026799,0.493750022258737,0,0,0,0,0,0,0,0,0,0,2656.3558123094,2645.48832229736,129.096227263616,243.428240456679,38.3837514836735,56.3918123267527,0,0,102.061438271493,101.643891926275,4.97295825623291,9.37796518660453,1.47908356013997,2.17303951673387,0,0,32656.0920579927,32591.2491334807,1873.9644264673,3527.81540594173,619.323777942739,904.229769728661,0,0,1254.66418348852,1252.20922363699,72.5088236663016,136.580244018977,24.147383323484,35.2714507396475,0,0,0,0,2.83087929336902,5.42590297067207,1.0994782420336,1.61008650130773,0,0,0,0,0,0,0,0,0,0,237.190959279359,244.575786548962,45.8357311275344,92.018118085552,30.246952482809,46.2861604483872,0,0,9.11320253221087,9.39699490999062,1.75516128799334,3.52270364520806,1.15318034574782,1.76442975225236,0,0,688.130047948726,690.348822987338,94.2527679081455,189.010675353642,72.3149976118594,108.760140180677,0,0,26.4388415674003,26.5243138674295,3.61255492641619,7.24281011831125,2.76219842271577,4.15380297981132,0,0,0,0,10.4355326540943,21.4345064019635,7.44485457191988,11.206982885439,0,0,0,0,0,0,0,0,0,0,33.1956090129483,19.1730914751555,18.0572792741512,18.0509734624376
"18",1991,939,1.41666666666667,7262.12870321424,7168.1801329683,508.396000320848,961.047625790421,189.817253331829,279.125688751331,0,0,0,0,0,0,0,0,0,0,0,0,0.752331291055189,1.45033643771573,0.341006595185267,0.502901383058003,0,0,0,0,0,0,0,0,0,0,2657.63969044599,2643.57582632231,132.179964919163,249.321511061962,39.3623800643027,57.9401362131325,0,0,102.110766922639,101.570410772508,5.09178584837939,9.60507454594984,1.51679377384719,2.23270243213461,0,0,32582.0411105493,32477.451153154,1916.03168051588,3607.78633585933,634.113923077944,927.316148141263,0,0,1251.81928094941,1247.83691219319,74.1377837028671,139.679510397903,24.7245664127784,36.1731149690736,0,0,0,0,2.90225614351936,5.56377763266481,1.12595000093323,1.65160423335224,0,0,0,0,0,0,0,0,0,0,236.468051809411,243.864485123291,46.9178498003836,94.3124669091402,30.9376926337731,47.4853771550817,0,0,9.08542782219799,9.36966555095803,1.79660557145982,3.61054476125224,1.17950977135091,1.81013069186167,0,0,684.753152996586,686.499063716599,96.2269313662054,193.296110996093,73.9179936732627,111.528894049869,0,0,26.3090980695141,26.3763998705081,3.68821701644598,7.40699185174724,2.82338171236902,4.25946376587771,0,0,0,0,10.6954935585584,21.9883674573174,7.63257994782637,11.515921011599,0,0,0,0,0,0,0,0,0,0,35.2217438638099,20.3038087328307,19.4245762670754,19.397368530301
"19",1991,939,1.5,7252.41532610593,7150.30221018908,517.873686092665,979.031014947743,193.025366934506,284.302840751436,0,0,0,0,0,0,0,0,0,0,0,0,0.767844220646902,1.48026498255372,0.34676051330122,0.512248141268914,0,0,0,0,0,0,0,0,0,0,2659.17165770806,2641.91977023329,135.224659548382,255.158798350593,40.3669519978931,59.5310948756842,0,0,102.169627554723,101.506782449254,5.20911771437816,9.83004223107286,1.55550373576577,2.29400819893615,0,0,32508.2863576864,32364.2418415421,1957.26227509979,3686.36848950935,649.213257105837,950.88928099066,0,0,1248.98575727986,1243.48721841995,75.7348466180836,142.725948151971,25.3138373023238,37.0938394165092,0,0,0,0,2.97368284927379,5.7019103969438,1.15305852984162,1.69411346954526,0,0,0,0,0,0,0,0,0,0,235.792299266352,243.181618068183,48.0084441468516,96.6222624111346,31.6514779216974,48.7196584449154,0,0,9.05946486549411,9.3434286862844,1.83837132867282,3.6989710608747,1.20671852994781,1.85716895537612,0,0,681.358600945298,682.647502693606,98.2067184384102,197.608829277267,75.5505655900523,114.355627212801,0,0,26.1786761534926,26.2284166477909,3.76409143058063,7.57221209415128,2.88569411453172,4.36733675078517,0,0,0,0,10.9617998285495,22.5556148265431,7.82469982507588,11.8324386398775,0,0,0,0,0,0,0,0,0,0,37.2418972081646,21.4312988087252,20.823652172172,20.7775963030457
"20",1991,939,1.58333333333333,7242.74225495764,7132.56304045917,527.138973875368,996.655299855346,196.290741239309,289.567921783228,0,0,0,0,0,0,0,0,0,0,0,0,0.783343488984019,1.51019959150691,0.352640025183299,0.521784744087815,0,0,0,0,0,0,0,0,0,0,2660.96179975247,2640.52946232286,138.234704805121,260.947718934692,41.3974058814295,61.1648739528788,0,0,102.238407674809,101.453364595997,5.32512189061119,10.0531595560186,1.59521110293689,2.35696400056384,0,0,32434.8219230516,32251.6138850535,1997.66911789271,3763.57886089737,664.609666676233,974.934307662597,0,0,1246.16338672218,1239.15986131634,77.3004938191483,145.720185763069,25.9147340053138,38.0330592199977,0,0,0,0,3.0449141549739,5.83986616212928,1.18078636150179,1.73759344335495,0,0,0,0,0,0,0,0,0,0,235.161645161481,242.526486809086,49.1050404861744,98.9436258191232,32.3880929456889,49.9891550914524,0,0,9.03523464934433,9.3182574756012,1.88036367398982,3.78783368507358,1.23479832949332,1.90555019797634,0,0,677.947526877921,678.793985236248,100.191793637396,201.947630469298,77.2133119970279,117.241138212343,0,0,26.0476194307338,26.0803582561411,3.8401651385305,7.73842453026371,2.94915841395744,4.47745231278112,0,0,0,0,11.234296677435,23.1360064283439,8.02131199318157,12.1566993718359,0,0,0,0,0,0,0,0,0,0,39.256463488804,22.555691686742,22.2550421184899,22.1921236825577
"21",1991,939,1.66666666666667,7233.10366481777,7114.95618890924,536.195394703758,1013.92523353001,199.610110988085,294.916721402754,0,0,0,0,0,0,0,0,0,0,0,0,0.798773513821375,1.54004109874581,0.358639948512841,0.531504573205515,0,0,0,0,0,0,0,0,0,0,2663.01804217998,2639.41200122537,141.214124425466,266.695252837667,42.453718226102,62.8417000743657,0,0,102.317411797154,101.410429953622,5.43995231139875,10.2746935622469,1.63591497975703,2.42157858306809,0,0,32361.6434051478,32139.5614708968,2037.26506553207,3839.43451549912,680.291301625921,999.43662504462,0,0,1243.35200018344,1234.85461754468,78.8352051285431,148.662854937547,26.5268043080324,38.9902189762633,0,0,0,0,3.11575054167876,5.97728801850657,1.20911361253021,1.78202007552617,0,0,0,0,0,0,0,0,0,0,234.574202228295,241.898467630131,50.2055595389388,101.273285758294,33.1473045649327,51.2939733901187,0,0,9.01266466272825,9.29412795473125,1.92250288253581,3.8770071377349,1.26374019414497,1.9552783693596,0,0,674.521119093691,674.938513142975,102.181652409069,206.311055262422,78.9067834405073,120.186184949657,0,0,25.9159735572705,25.9322247646568,3.91641863334247,7.90557289654581,3.01379555328486,4.58983926924215,0,0,0,0,11.5127964707268,23.7292396911454,8.22250752259026,12.4888583159959,0,0,0,0,0,0,0,0,0,0,41.2658204056978,23.6771143277525,23.7192373923088,23.6413849047588
"22",1991,939,1.75,7223.49412667847,7097.47563731814,545.046403302083,1030.84548018889,202.980285691305,300.345102856046,0,0,0,0,0,0,0,0,0,0,0,0,0.81408898717575,1.56970791641641,0.364754530549239,0.5414002154075,0,0,0,0,0,0,0,0,0,0,2665.34644587384,2638.57258276647,144.166598927414,272.407788841806,43.5358995039783,64.561837228213,0,0,102.406872790584,101.378178154059,5.55374982280489,10.4948887411715,1.67761576823988,2.48786211825186,0,0,32288.747666178,32028.0800685551,2076.06291211847,3913.95256760222,696.246571870795,1024.38188569311,0,0,1240.55147712275,1230.57131303435,80.3394583382986,151.554589734833,27.1496056591695,39.9647726781065,0,0,0,0,3.18603135046619,6.11388571257841,1.23801870216577,1.82736691042173,0,0,0,0,0,0,0,0,0,0,234.028235427689,241.297000443494,51.3082686736999,103.608507513656,33.9288687961867,52.6341849473036,0,0,8.9916882433959,9.2710186041896,1.9647225537431,3.96638656390159,1.29353473036721,2.00635609085145,0,0,671.080605171399,671.081223499354,104.175652250285,210.697432132759,80.6314798722433,123.191479049708,0,0,25.7837856983076,25.7840214403851,3.9928271269396,8.07359280240418,3.07962453709164,4.7045246612866,0,0,0,0,11.7970852319252,24.3349626328336,8.42837035791115,12.8290614647985,0,0,0,0,0,0,0,0,0,0,43.2703301489274,24.7956909469818,25.2166911202607,25.1257861392089
"23",1991,939,1.83333333333333,7213.90855806949,7080.11573299855,553.69538085404,1047.42061869592,206.398147200587,305.849000608535,0,0,0,0,0,0,0,0,0,0,0,0,0.829253163786583,1.59913317650198,0.370977652446384,0.551463727611637,0,0,0,0,0,0,0,0,0,0,2667.95149040406,2638.01479382049,147.095492910855,278.09117102018,44.6439904801631,66.3255834842657,0,0,102.506962767342,101.356747010756,5.66664321981953,10.7139688026771,1.72031502910855,2.55582608031039,0,0,32216.1326295937,31917.1662207388,2114.07537751553,3987.15015709649,712.464143992575,1049.75599568491,0,0,1237.76173777287,1226.3098149499,81.8137287561114,154.396025674199,27.7827050477332,40.956183640035,0,0,0,0,3.25562811370117,6.24942447260512,1.26747906850805,1.87360604377403,0,0,0,0,0,0,0,0,0,0,233.52214547925,240.721578092455,52.4117356588729,105.947024327744,34.7325371941997,54.0098358491117,0,0,8.97224394511683,9.24890993818982,2.00696783268081,4.05588510622096,1.32417237320963,2.0587850087403,0,0,667.627238826835,667.222368366295,106.173042386362,215.104922564637,82.3878484850539,126.257680658547,0,0,25.6511040232694,25.6357579679107,4.06936169033776,8.24241346896937,3.14666234911053,4.82153355503625,0,0,0,0,12.0869289334785,24.9527845712041,8.63897692053675,13.1774450878557,0,0,0,0,0,0,0,0,0,0,45.2703406078319,25.911543279018,26.7478237731112,26.6457099416738
"24",1991,939,1.91666666666667,7204.34217628811,7062.87114042838,562.145637649958,1063.65514579124,209.860647305951,311.424417926344,0,0,0,0,0,0,0,0,0,0,0,0,0.844236280034345,1.62826208444672,0.377303008789802,0.561686870522874,0,0,0,0,0,0,0,0,0,0,2670.83634074614,2637.74088859645,150.003882278343,283.750745152134,45.7780586203574,68.1332677295956,0,0,102.617803330849,101.346223134028,5.77875028094291,10.9321384398587,1.76401534560374,2.62548312272133,0,0,32143.7970898614,31806.8173472278,2151.31509590438,4059.04442653091,728.932937572714,1075.54511225549,0,0,1234.98273583132,1222.07002415432,83.2584887607019,157.18779885107,28.4256788716596,41.9639244161607,0,0,0,0,3.32443841286255,6.38371469327265,1.29747179153402,1.92070893241924,0,0,0,0,0,0,0,0,0,0,233.054453225576,240.17173647005,53.5147846796319,108.286971754749,35.5580625632817,55.4209550865325,0,0,8.95427493693512,9.22778412498677,2.04919371860523,4.14543137916563,1.3556436068188,2.11256611897307,0,0,664.162287712705,663.362295510653,108.172991441201,219.531563415007,84.1762821361327,129.385393969351,0,0,25.5179772370572,25.487447708995,4.14599031663369,8.41195935786623,3.21492389208634,4.94088887096483,0,0,0,0,12.382079254689,25.5822859684509,8.85439581197483,13.5341352522192,0,0,0,0,0,0,0,0,0,0,47.2661865373397,27.0247908216971,28.3130284076464,28.2015194938229
"25",1992,939,2,7194.31691083984,7044.78039791007,571.079060490885,1080.69115180647,213.355602995679,317.047109992028,0,0,0,0,0,0,0,0,0,0,0,0,0.859017901343934,1.65703425825754,0.383706105116056,0.572022593686975,0,0,0,0,0,0,0,0,0,0,2673.8271117733,2637.45524355346,153.063537592733,289.669838462282,46.9361481216975,69.9807226268071,0,0,102.732713536461,101.335248194681,5.89667022926624,11.1602822986771,1.80864131407676,2.69667261256531,0,0,32069.6479985823,31693.4206543282,2189.90762739071,4133.14367349316,745.609715893601,1101.6647661269,0,0,1232.1340552007,1217.71313120264,84.7553795537092,160.064644130892,29.0768475604539,42.9847093603691,0,0,0,0,3.39238139612794,6.51651819207477,1.32791144581111,1.96851414685096,0,0,0,0,0,0,0,0,0,0,232.593193243022,239.594740412304,54.6283991300777,110.638781719255,36.4000970468888,56.8561237572956,0,0,8.93655306322591,9.20561499484669,2.09182338044242,4.23542956969474,1.3877444639352,2.16726405379898,0,0,660.644047882551,659.429859553267,110.211887731126,224.034769824441,85.9931024266252,132.56624323537,0,0,25.3828030198616,25.336357143598,4.22411129433587,8.58443717163093,3.28426858632143,5.0622706251331,0,0,0,0,12.6819821223869,26.2221472998864,9.0742615992816,13.8983124357471,0,0,0,0,0,0,0,0,0,0,49.2751374598932,28.1605181020813,29.9264869669373,29.8297836965256
"26",1992,939,2.08333333333333,7182.7229250505,7023.58793269904,582.094674402599,1101.21261143038,216.877338014249,322.688511138314,0,0,0,0,0,0,0,0,0,0,0,0,0.874093356384951,1.68623431201123,0.390140914448272,0.582373121596649,0,0,0,0,0,0,0,0,0,0,2676.46404417087,2636.40591835069,156.665790687789,296.493410174928,48.1166815749454,71.8609273040238,0,0,102.834028696077,101.294931442342,6.03544303125327,11.4231869715181,1.85413172648132,2.76912350551158,0,0,31988.7143439348,31568.3950476256,2234.84393398402,4217.69747420484,762.464656557963,1128.00201292406,0,0,1229.02470675351,1212.90943641069,86.4961811187279,163.343516469633,29.7350159529724,44.0140903384533,0,0,0,0,3.46109752978294,6.65036033434569,1.35863517705758,2.01667996395896,0,0,0,0,0,0,0,0,0,0,232.066593016706,238.869476541042,55.7944378376606,113.054714332133,37.2470938454575,58.2891456621312,0,0,8.91632072454913,9.1777491771972,2.13646744337837,4.32789482585165,1.42003485262268,2.22188041961727,0,0,656.972858845124,655.25524281116,112.377724096017,228.752919414063,87.8292710462516,135.778476327444,0,0,25.2417522855253,25.1759616029076,4.30710615900215,8.76516605602086,3.35435150172934,5.1848485766778,0,0,0,0,12.9857526615146,26.8698900240835,9.2975393484417,14.267689209474,0,0,0,0,0,0,0,0,0,0,51.3375324896188,29.378128082125,31.6228968400769,31.6202352889537
"27",1992,939,2.16666666666667,7171.18947215695,7002.57985020445,592.85753408369,1121.3067356045,220.466213842817,328.42904226434,0,0,0,0,0,0,0,0,0,0,0,0,0.889642403537782,1.71624267887421,0.39667726337923,0.592879708657487,0,0,0,0,0,0,0,0,0,0,2679.33819508418,2635.59459695902,160.227795607773,303.261213515077,49.3289855727343,73.7923132912963,0,0,102.94445817042,101.263759177034,6.17267752808871,11.6839642046645,1.90084588451787,2.84354593686846,0,0,31908.1650817242,31444.1149158561,2278.86043588193,4300.70494687312,779.634942741599,1154.83105598183,0,0,1225.93012583988,1208.13438403956,88.2018886002736,166.563495020809,30.405526553145,45.0627576170166,0,0,0,0,3.531225599721,6.7866056388061,1.38988093090064,2.06568744730561,0,0,0,0,0,0,0,0,0,0,231.579604777897,238.176809656957,56.977958389687,115.504784482354,38.1173695219301,59.7605291592004,0,0,8.89761033141013,9.15113578825666,2.18177988851615,4.42166418241234,1.45321323266122,2.27795952478198,0,0,653.297140572437,651.083507865765,114.543110202067,233.481627870221,89.6991528593945,139.052874324891,0,0,25.1005275220225,25.0156767859683,4.3900796092773,8.94629071887637,3.42572132039976,5.30979823746382,0,0,0,0,13.2945284466759,27.5286921886338,9.52572949636697,14.6455255545618,0,0,0,0,0,0,0,0,0,0,53.3954299870696,30.5921301441105,33.3567940498893,33.4517526400105
"28",1992,939,2.25,7159.70897307576,6981.74779716957,603.371851251898,1140.97927474687,224.118272140722,334.263610661858,0,0,0,0,0,0,0,0,0,0,0,0,0.905517269864898,1.74681047604397,0.403320766847104,0.603549392744058,0,0,0,0,0,0,0,0,0,0,2682.46454795444,2635.03527327438,163.754688693738,309.982019085948,50.5731404910313,75.7753497070842,0,0,103.064577647263,101.242269066617,6.30856997049282,11.9429491807267,1.94878698223701,2.91995808821043,0,0,31827.99056524,31320.5684094089,2321.97137135584,4382.18548926566,797.107370725986,1182.13545457319,0,0,1222.84994184116,1203.38751880711,89.8730334970389,169.725298627024,31.0878750654554,46.1300848445453,0,0,0,0,3.60226410494776,6.92441560658465,1.42166576906634,2.11555849306448,0,0,0,0,0,0,0,0,0,0,231.130625046566,237.515698789948,58.1754297013341,117.983208843771,39.0111208315646,61.2707625029156,0,0,8.88036027610754,9.1257348322745,2.22762511064551,4.51651555245181,1.48728716782579,2.3355200753265,0,0,649.617087777318,646.914404939447,116.708392628188,238.221139791006,91.602954402211,142.389840513345,0,0,24.9591362105663,24.8554930959159,4.47304493253928,9.12782048111358,3.49838582780114,5.43713484677846,0,0,0,0,13.6083797272229,28.1986583034422,9.75888755617829,15.0319259164918,0,0,0,0,0,0,0,0,0,0,55.44917434234,31.8026874841858,35.1288986029746,35.3250733853489
"29",1992,939,2.33333333333333,7148.27443460581,6961.08403336396,613.641737243838,1160.23585894375,227.829649495396,340.187220339892,0,0,0,0,0,0,0,0,0,0,0,0,0.921596272187459,1.77773156476087,0.41007367303973,0.614384939428948,0,0,0,0,0,0,0,0,0,0,2685.85513988141,2634.73895671856,167.251162816246,316.663843641022,51.8492424250013,77.810509410798,0,0,103.194849611228,101.230884110682,6.44329971707926,12.2004483561346,1.99795879683929,2.99837826065876,0,0,31748.1831762252,31197.7457397209,2364.19094577046,4462.15860471731,814.869035537931,1209.8990748697,0,0,1219.78386207329,1198.66846462002,91.5101464441181,172.829650708261,31.7815683140758,47.2154569957915,0,0,0,0,3.67380360255549,7.06310172416834,1.45399564652206,2.1663011071626,0,0,0,0,0,0,0,0,0,0,230.718210940383,236.885219685233,59.3838626064653,120.485049894924,39.9284813463345,62.8202567923415,0,0,8.86451512132473,9.1015107978903,2.2738883574824,4.6122594014663,1.52226178983507,2.3945778098117,0,0,645.933041855063,642.747875473864,118.873641673203,242.971250303012,93.5408836895347,145.789783723934,0,0,24.8175914680928,24.6954082828396,4.55600480965359,9.30974741180172,3.57235287315152,5.56687386536238,0,0,0,0,13.9272988727029,28.8797626445184,9.99707032923014,15.4269959155776,0,0,0,0,0,0,0,0,0,0,57.499096386412,33.0099582899355,36.9398730006174,37.2408828657156
"30",1992,939,2.41666666666667,7136.87937109491,6940.58135076799,623.67120783794,1179.08200428525,231.596574266764,346.194968749074,0,0,0,0,0,0,0,0,0,0,0,0,0.937779118883479,1.80883502658607,0.416935740495932,0.625385928898891,0,0,0,0,0,0,0,0,0,0,2689.51952687966,2634.71415162772,170.721503360959,323.314011439988,53.1574039650113,79.8982728350542,0,0,103.335641219675,101.229931059424,6.57703059938847,12.4567417905345,2.04836572245093,3.07882502658357,0,0,31668.7369914257,31075.6388367889,2405.53331026393,4540.64386340998,832.907328755069,1238.10608890522,0,0,1216.73165897526,1193.97691141486,93.1137563943087,175.877277780916,32.4861241673737,48.3182703391213,0,0,0,0,3.74550965202522,7.20209827499686,1.48686846451321,2.21791314532247,0,0,0,0,0,0,0,0,0,0,230.341057755961,236.284545425671,60.6007347832798,123.006105020928,40.8695348519635,64.4093604497128,0,0,8.85002473876737,9.07843191361212,2.32047283684321,4.70873447316981,1.55814031583589,2.45514605898498,0,0,642.245464360812,638.584021403112,121.038704011672,247.731385686749,95.5131394402169,149.25310422943,0,0,24.6759110282309,24.5354262632067,4.63895334063366,9.49204943050354,3.6476299556762,5.69903043429705,0,0,0,0,14.2512170690512,29.571876036153,10.2403332206162,15.8308389643656,0,0,0,0,0,0,0,0,0,0,59.5455147257552,34.2140962870785,38.7903308883984,39.1998220763294
"31",1992,939,2.5,7125.51773035157,6920.23299679224,633.464189730822,1197.52312115764,235.415361510811,352.282041416346,0,0,0,0,0,0,0,0,0,0,0,0,0.953982943479653,1.83997875713185,0.423904895191399,0.636549577267931,0,0,0,0,0,0,0,0,0,0,2693.46520489572,2634.96728961178,174.169628208098,329.939221977447,54.4977535962183,82.039129781713,0,0,103.487240478859,101.239657025582,6.70991244060739,12.7120857212576,2.10001275052288,3.16131730258128,0,0,31589.6474832882,30954.2410420238,2446.01254773083,4617.66087232232,851.209928286894,1266.74096473093,0,0,1213.69315860972,1189.31260335704,94.6843900684948,178.868908292869,33.2010711607959,49.4379320748033,0,0,0,0,3.81710856961615,7.34093944113749,1.52027630795194,2.27038507671101,0,0,0,0,0,0,0,0,0,0,229.997978397642,235.712929420317,61.8239202522527,125.542800494333,41.8343268257237,66.0383721838617,0,0,8.83684351878718,9.05646949420988,2.36729700170625,4.80580370602821,1.59492449125822,2.51723624610021,0,0,638.554913333072,634.423077034344,123.20324874312,252.50067520971,97.5199034829296,152.780183367032,0,0,24.534116331622,24.3755560394709,4.72187781522955,9.67469306971002,3.72422393311976,5.83361897708365,0,0,0,0,14.5800178909568,30.274787868971,10.4887285244029,16.2435540822092,0,0,0,0,0,0,0,0,0,0,61.5887371027065,35.4152512730688,40.6808451574817,41.2024951536901
"32",1992,939,2.58333333333333,7114.18385008176,6900.03262934062,643.024522808905,1215.56451727052,239.282411504223,358.44371034262,0,0,0,0,0,0,0,0,0,0,0,0,0.970139969960882,1.87104568925074,0.430977609512661,0.647871211978384,0,0,0,0,0,0,0,0,0,0,2697.69786625472,2635.50299356124,177.599109976316,336.545587447503,55.8704351520742,84.233580339565,0,0,103.649866097014,101.260239628002,6.8420818998465,12.9667139862148,2.15290545101307,3.2458743872484,0,0,31510.9113362652,30833.5469196432,2485.64265948115,4693.22925177274,869.76479829662,1295.78846709623,0,0,1210.66823360525,1184.6753315942,96.2225714447443,181.80527172813,33.9259484974491,50.5738603624634,0,0,0,0,3.88837906236927,7.47924583068321,1.55420672038779,2.32370156570424,0,0,0,0,0,0,0,0,0,0,229.687891437977,235.1696953052,63.0516468892017,128.092127800302,42.8228717471422,67.7075493232453,0,0,8.82492991164803,9.03559755268666,2.41429291429896,4.90335178103009,1.63261487187247,2.58085820856997,0,0,634.862028234806,630.265391484522,125.366796514776,257.277996646066,99.5613352378424,156.371375761709,0,0,24.3922319473383,24.2158110252636,4.80475983283393,9.85763522580725,3.80214081034801,5.97065290201941,0,0,0,0,14.9135454917404,30.9882193838881,10.7423043268021,16.6652344546074,0,0,0,0,0,0,0,0,0,0,63.629061111253,36.6135693928261,42.6119529584696,43.2494740573743
"33",1992,939,2.66666666666667,7102.87240490285,6879.97426217218,652.355964095262,1233.2114025054,243.194206361967,364.675330450063,0,0,0,0,0,0,0,0,0,0,0,0,0.986194757891283,1.90193932853421,0.438149335944489,0.659344815677121,0,0,0,0,0,0,0,0,0,0,2702.22170085857,2636.32438583121,181.013207806333,343.138686682836,57.2756073344267,86.4821362515647,0,0,103.823679056871,101.29179883256,6.9736636804141,13.2208400756143,2.20704995639259,3.33251601653311,0,0,31432.5262327472,30713.5520379967,2524.43755229279,4767.36860921293,888.560182851369,1325.23365162148,0,0,1207.65679493171,1180.0649258544,97.7288212540786,184.687097594711,34.660305814997,51.7254841079158,0,0,0,0,3.95914237512413,7.61670858775248,1.58864416679965,2.37784328422185,0,0,0,0,0,0,0,0,0,0,229.409806566074,234.654225086493,64.2824449368626,130.651565619096,43.835161125932,69.4171170600344,0,0,8.81424586842986,9.01579234472054,2.46140426377482,5.00128211742705,1.67121113351406,2.64602055470347,0,0,631.167512965627,626.111408413551,127.52875250261,262.062028194461,101.637566484486,160.027001790422,0,0,24.2502849201899,24.0562082667085,4.88757657043903,10.0408251554688,3.88138553881977,6.11014431370127,0,0,0,0,15.2516139945503,31.7118389743515,11.0011034180396,17.0959660164525,0,0,0,0,0,0,0,0,0,0,65.6667751545929,37.8091935006093,44.5841616412701,45.3413040943453
"34",1992,939,2.75,7091.57836137318,6860.05221851165,661.46219096321,1250.46889281656,247.147307250258,370.972336713425,0,0,0,0,0,0,0,0,0,0,0,0,1.00210199038613,1.93258014801313,0.445414824387364,0.670963427324628,0,0,0,0,0,0,0,0,0,0,2707.03965079798,2637.43334857974,184.414895980897,349.723613519847,58.7134427749428,88.7853213685813,0,0,104.008792398261,101.334406954777,7.10477161810712,13.4746589719985,2.26245292761876,3.42126238354389,0,0,31354.4906724437,30594.2527853282,2562.41102635748,4840.09851513529,907.584600777369,1355.06186036596,0,0,1204.65878496069,1175.48124736737,99.2036565115856,187.515114495039,35.4037029978695,52.8922428022809,0,0,0,0,4.02925443777298,7.75307665525371,1.6235710805342,2.43278821950217,0,0,0,0,0,0,0,0,0,0,229.162812443504,234.165949442882,65.5151027755846,133.219012236472,44.871170132491,71.1672763085464,0,0,8.80475637443524,8.99703199606608,2.50858466390794,5.09951427085578,1.71071232775662,2.71273096678313,0,0,627.472121322099,621.961648547559,129.688434137499,266.851292714931,103.748697436214,163.747341574555,0,0,24.1083042120919,23.8967677709378,4.97030184829205,10.224206176293,3.96196186639454,6.25210378341651,0,0,0,0,15.5940149412904,32.4452744199014,11.2651625841365,17.5358264946663,0,0,0,0,0,0,0,0,0,0,67.702159248971,39.0022634506793,46.597953870955,47.4785087037993
"35",1992,939,2.83333333333333,7080.29694535434,6840.26109737764,670.346803525658,1267.34201304358,251.138352195354,377.330241962375,0,0,0,0,0,0,0,0,0,0,0,0,1.01782498149292,1.9629031365146,0.452768307589581,0.682719379510959,0,0,0,0,0,0,0,0,0,0,2712.15359279727,2638.83070986348,187.806886808847,356.30501536743,60.1841269314361,91.1436714103478,0,0,104.205278227933,101.388095809916,7.23550955186165,13.7283486182524,2.3191215131434,3.51213413103952,0,0,31276.8038434956,30475.6462387193,2599.57676607947,4911.43848429461,926.826841210546,1385.25871808204,0,0,1201.67417251356,1170.92418382914,100.64759015739,190.290049400229,36.1557100150436,54.073586386516,0,0,0,0,4.09860062018981,7.88814820078592,1.65896845405711,2.48851242180715,0,0,0,0,0,0,0,0,0,0,228.946068043148,233.704341047494,66.7486344030267,135.792735246434,45.9308621359692,72.9582093038536,0,0,8.79642911641544,8.97929624597192,2.55579640189379,5.19798199782196,1.7511170567891,2.78099641682595,0,0,623.776646547724,617.816696924644,131.84509063592,271.644189464438,105.894794554109,167.532631237339,0,0,23.966320300561,23.737512016053,5.05290688026959,10.4077168863917,4.04387225394534,6.39654020646487,0,0,0,0,15.9405221972658,33.1881210376867,11.5345123047434,17.9848849617305,0,0,0,0,0,0,0,0,0,0,69.7354856139107,40.1929162985211,48.6537913840597,49.6615929904306
"36",1992,939,2.91666666666667,7069.02360957202,6820.59574018296,679.013327008197,1283.83569963409,255.164053800095,383.744634595002,0,0,0,0,0,0,0,0,0,0,0,0,1.03333416578647,1.99285532262274,0.460203695727533,0.694604545986992,0,0,0,0,0,0,0,0,0,0,2717.56451906581,2640.51642767278,191.191654279424,362.887133217975,61.6878571926636,93.5577340371735,0,0,104.413174668157,101.452863783897,7.36597222398762,13.9820714409884,2.37706331589042,3.60515235580672,0,0,31199.4654947921,30357.730034597,2635.94833065557,4981.40795631822,946.275958770485,1415.81012808489,0,0,1198.70294795574,1166.39364442671,102.0611306887,193.012626900226,36.9159067438209,55.2689751016662,0,0,0,0,4.16709040989324,8.02176193544605,1.69481646984339,2.54499079705527,0,0,0,0,0,0,0,0,0,0,228.758793991743,233.268907940846,67.9822469553073,138.371321229817,47.0141930856387,74.7900849982924,0,0,8.7892341499388,8.96256619255895,2.60300918861117,5.296631319069,1.79242364234303,2.85082337466332,0,0,620.081911090959,613.677190334444,133.997922252535,276.439025397351,108.075888455482,171.383059258835,0,0,23.8243647852056,23.5784654685336,5.13536101358945,10.5912923672863,4.12711779561203,6.5434606632651,0,0,0,0,16.2908969187783,33.9399499229129,11.8091764236106,18.4432013585181,0,0,0,0,0,0,0,0,0,0,71.7670192693968,41.3812865033996,50.7521187341055,51.8910472492593
"37",1993,939,3,7056.00206502922,6798.60899159193,688.586854303986,1301.88439548965,259.249389674441,390.290703918298,0,0,0,0,0,0,0,0,0,0,0,0,1.04872360908181,2.02270106807572,0.467761608043657,0.706749617383832,0,0,0,0,0,0,0,0,0,0,2722.98248935234,2642.03978213803,194.871045591399,369.982019996127,63.2322013230587,96.0483466407278,0,0,104.621341750817,101.511393498554,7.50775853497567,14.2555059720003,2.43656983061306,3.70111984229011,0,0,31118.6580470322,30234.7406451992,2675.12925656088,5056.1696868614,966.025209011292,1446.99571220462,0,0,1195.59843653068,1161.66818504338,103.582764739776,195.919784370721,37.6879335427966,56.4893297678131,0,0,0,0,4.23508954025071,8.15495970517676,1.73126858524262,2.60271005618788,0,0,0,0,0,0,0,0,0,0,228.589948183014,232.860699944932,69.2677052147695,141.089999216108,48.1354313593006,76.7078394872461,0,0,8.78274721782399,8.94688217187005,2.65220939093524,5.40064656975752,1.83517610395438,2.9239247820585,0,0,616.33235839103,609.453398531267,136.215002644043,281.364804811856,110.303174606643,175.333742501129,0,0,23.6803031096009,23.4161805479078,5.22027912817771,10.7798861840173,4.2121259568238,6.69420579812689,0,0,0,0,16.6457289882957,34.7037399267433,12.090381525335,18.9145485747286,0,0,0,0,0,0,0,0,0,0,73.7619523240178,42.4971865671742,52.8564525558069,54.0318877171393
"38",1993,939,3.08333333333333,7040.43862545401,6773.211439283,699.535615470915,1322.29968609228,263.42396430878,397.026898527485,0,0,0,0,0,0,0,0,0,0,0,0,1.06452984863161,2.05338512899839,0.475465114091915,0.719223022321606,0,0,0,0,0,0,0,0,0,0,2728.33257895562,2643.24791972069,198.976036036889,377.816339734083,64.8294348556054,98.6378015639434,0,0,104.826900749074,101.557812076496,7.66590683547108,14.5573721291048,2.498113174311,3.8008943706456,0,0,31032.6299498308,30104.082130545,2718.65127563618,5138.36334337599,986.177644469288,1479.02586814073,0,0,1192.29334210906,1156.64806544205,105.271421687147,199.113120451706,38.4757791169994,57.7428274198081,0,0,0,0,4.30447275146909,8.29103386446631,1.76841477097072,2.66193392990524,0,0,0,0,0,0,0,0,0,0,228.432685217292,232.475653336927,70.639711705917,144.024613221369,49.3014024430211,78.7319577715856,0,0,8.77670530888222,8.9320880492133,2.70472951067945,5.512937796854,1.87963501539171,3.00108203875404,0,0,612.498524661847,605.103534502866,138.528272916728,286.487857619129,112.583573070912,179.406622596429,0,0,23.5330032355886,23.24905172993,5.30888803611263,10.9760443886906,4.29916110004289,6.84961323456105,0,0,0,0,17.0053567907966,35.4810845713637,12.3787446977547,19.4008994375178,0,0,0,0,0,0,0,0,0,0,75.7043645412655,43.5087609309951,54.9510229189205,56.0204666548293
"39",1993,939,3.16666666666667,7024.88814013687,6747.9728767878,710.207139587387,1342.24033815571,267.651214767389,403.843363016124,0,0,0,0,0,0,0,0,0,0,0,0,1.0806677911477,2.08460583086387,0.483253066731298,0.731831874946939,0,0,0,0,0,0,0,0,0,0,2734.06203171704,2644.81823065835,203.069689725459,385.650819233446,66.4724287932576,101.302205117998,0,0,105.047035486532,101.618145933914,7.8236284112807,14.8592611410965,2.56141863547748,3.90355518730922,0,0,30946.9484895462,29974.1746281426,2761.23915826925,5218.96692573094,1006.59816256335,1511.49659525794,0,0,1189.00156475046,1151.65680100887,106.92436833535,202.245764969669,39.2741726335511,59.013698660886,0,0,0,0,4.37491449316419,8.42879944252418,1.80603164108241,2.72195967637195,0,0,0,0,0,0,0,0,0,0,228.301270096744,232.109971662117,72.0245619593658,146.979737153258,50.4921788002449,80.798538472797,0,0,8.7716565108858,8.91803795839455,2.75774174856786,5.62601391961802,1.92504094072446,3.07985982379368,0,0,608.661441481182,600.759300560698,140.837675259415,291.619835117591,114.901476652041,183.553195338428,0,0,23.3855785032283,23.0821392294017,5.39734444667986,11.1725347484493,4.38762724057781,7.00783104460175,0,0,0,0,17.3686936838019,36.267237833041,12.6725580151693,19.8970056209684,0,0,0,0,0,0,0,0,0,0,77.6455499677499,44.5187032113194,57.090724118836,58.0540970131776
"40",1993,939,3.25,7009.34598108561,6722.88793707159,720.60584275574,1361.71243409685,271.926963757797,410.734599878726,0,0,0,0,0,0,0,0,0,0,0,0,1.0970066374046,2.11614579528183,0.491128499235467,0.744579359963023,0,0,0,0,0,0,0,0,0,0,2740.1682466088,2646.74697791612,207.15545376101,393.491218416704,68.1609204435228,104.041696744682,0,0,105.281646027545,101.692251487951,7.98105485354982,15.1613929978836,2.62647629771448,4.00910792018407,0,0,30861.6161887744,29845.017951763,2802.90815844988,5298.00207599928,1027.27414702292,1544.39201539505,0,0,1185.72320139016,1146.69438458786,108.542175988134,205.318523642226,40.0826306181195,60.3013363696369,0,0,0,0,4.44597758272254,8.56754067154642,1.84413273151487,2.78280381656345,0,0,0,0,0,0,0,0,0,0,228.195545022814,231.763934275538,73.4200749381874,149.952596122808,51.7085548060558,82.9090227538283,0,0,8.76759476115711,8.90474263267876,2.81116232775607,5.7397683150102,1.97142438907836,3.1603134056752,0,0,604.821848607095,596.421035139721,143.143112576846,296.75945043924,117.256711797825,187.773210833043,0,0,23.2380573350694,22.9154560495346,5.48564479387274,11.3693082392966,4.47751774027643,7.16884968941994,0,0,0,0,17.7357762846949,37.0622190676268,12.9718396573972,20.4029207817765,0,0,0,0,0,0,0,0,0,0,79.5857276250045,45.52709820073,59.2762081841661,60.1333410332068
"41",1993,939,3.33333333333333,6993.80772128373,6697.9514710207,730.736035433482,1380.72192699314,276.247124655585,417.695199296453,0,0,0,0,0,0,0,0,0,0,0,0,1.1134390340987,2.1478255114733,0.49909157208341,0.757465087411581,0,0,0,0,0,0,0,0,0,0,2746.64808646359,2649.0299087713,211.236483363648,401.342805797258,69.8947261158486,106.856502287941,0,0,105.530611837127,101.779965342199,8.13830664739227,15.4639689758196,2.69327925037955,4.1175614810849,0,0,30776.6358404723,29716.61218325,2843.67341402588,5375.49038728773,1048.1932520127,1577.69652232861,0,0,1182.4583593505,1141.76081932287,110.125411884716,208.332200834621,40.9006796451947,61.6051434109313,0,0,0,0,4.51730616014753,8.70667158339202,1.88272166626656,2.84447072591253,0,0,0,0,0,0,0,0,0,0,228.115351476997,231.437786065751,74.8244191126853,152.940877157411,52.9511970041817,85.0646927722947,0,0,8.76451396934491,8.89221148107385,2.86492093609117,5.85411217705839,2.01881096448982,3.24249195865803,0,0,600.980542373835,592.089167068051,145.444315983267,301.905216554183,119.649136827901,192.066465353455,0,0,23.0904703273945,22.7490186665913,5.57377891176073,11.5663081441996,4.56882719440753,7.33266141556378,0,0,0,0,18.1065730307155,37.8659361043835,13.2766084491065,20.9186983358482,0,0,0,0,0,0,0,0,0,0,81.5251152035246,46.5340318632958,61.5081042808498,62.2587501240765
"42",1993,939,3.41666666666667,6978.26910397745,6673.1585157249,740.601929325431,1399.27464958586,280.607697311459,424.7198352129,0,0,0,0,0,0,0,0,0,0,0,0,1.12987634244111,2.1794958574079,0.507140404106256,0.770486103072877,0,0,0,0,0,0,0,0,0,0,2753.49802601315,2651.66240376285,215.31567336627,409.210412884436,71.6737324219678,109.746926126904,0,0,105.793797468834,101.88111000958,8.29549436739242,15.76717370571,2.76182326019435,4.2289277702979,0,0,30692.0104091685,29588.9575741541,2883.54993430808,5451.4533771573,1069.34339675127,1611.39477801324,0,0,1179.20715254526,1136.85611487816,111.674638713445,211.287598529739,41.7278561464852,62.9245325074715,0,0,0,0,4.58860886414961,8.84570970512709,1.92179513058752,2.90695620456026,0,0,0,0,0,0,0,0,0,0,228.060528218637,231.131738405875,76.2360567187638,155.942656908415,54.2206684774201,87.2666989175433,0,0,8.76240794049738,8.88045262487095,2.91895857460996,5.96897172273993,2.06722230304337,3.32643960973917,0,0,597.138362092603,587.764198474005,147.740882702213,307.055493915918,122.078626195331,196.432781429691,0,0,22.9428497277176,22.5828463731457,5.66173149367311,11.7634718897368,4.6615508275116,7.49925949144017,0,0,0,0,18.4810004213814,38.6782108347115,13.5868814353177,21.4443884936528,0,0,0,0,0,0,0,0,0,0,83.4639290470202,47.5395911462023,63.7870230020738,64.4308677479723
"43",1993,939,3.5,6962.7260228218,6648.50427391222,750.207641560195,1417.37631986489,285.004765708491,431.803263118736,0,0,0,0,0,0,0,0,0,0,0,0,1.14624572574792,2.21103346693958,0.515271541208601,0.783637462838582,0,0,0,0,0,0,0,0,0,0,2760.71424796999,2654.63957352524,219.395679351457,417.098470271353,73.4978898304101,112.713345194315,0,0,106.071056256376,101.995497632849,8.4527194797786,16.0711765442258,2.83210652746004,4.34322145130272,0,0,30607.7429666835,29462.0544816264,2922.55259079152,5525.91246901726,1090.71276344361,1645.47171169949,0,0,1175.96969901006,1131.98028497535,113.190414250535,214.185515610233,42.5637063398354,64.2589262133338,0,0,0,0,4.65964855729379,8.98425989042329,1.96134451775452,2.97024947222932,0,0,0,0,0,0,0,0,0,0,228.030910334014,230.845970177911,77.6537067666599,158.956353420989,55.5174449255096,89.5160781462997,0,0,8.76127033852722,8.86947293700063,2.97322613069918,6.08428632924054,2.1166766908777,3.4121961431966,0,0,593.296180805719,583.446693164345,150.032301164061,312.208522409858,124.545060261169,200.871994412924,0,0,22.7952290795474,22.4169608315571,5.74948305806853,11.9607322771205,4.75568410125873,7.66863769268547,0,0,0,0,18.858932951828,39.4987949726827,13.9026725620025,21.9800365978093,0,0,0,0,0,0,0,0,0,0,85.4023841190533,48.543863838831,66.1135593715474,66.6502314941026
"44",1993,939,3.58333333333333,6947.17450568075,6623.98409724767,759.557197783568,1435.03254520555,289.434496317549,438.94031853957,0,0,0,0,0,0,0,0,0,0,0,0,1.16248775643806,2.24233691703993,0.523480332543718,0.796912694459562,0,0,0,0,0,0,0,0,0,0,2768.29272271524,2657.95633888537,223.478935831376,425.011038671205,75.3672072147481,115.756203951805,0,0,106.362233375352,102.122933062055,8.61007503251202,16.3761327535472,2.90412947981445,4.46045976152097,0,0,30523.8366386835,29335.90331544,2960.69610792874,5598.88897451935,1112.28979663029,1679.91252044719,0,0,1172.74611884888,1127.13334535793,114.673291002942,217.026747181753,43.4077862104944,65.6077569384287,0,0,0,0,4.73023390025069,9.12200103931467,2.00135724518184,3.03433476553689,0,0,0,0,0,0,0,0,0,0,228.02632858085,230.580628775998,79.0763139337751,161.98068546221,56.8419281021163,91.8137694119572,0,0,8.76109466102705,8.8592780805794,3.02768317840843,6.20000696341582,2.1671895806721,3.49979759346312,0,0,589.45489747967,579.137266814707,152.317972114215,317.362448345609,127.048316705876,205.383940982384,0,0,22.6476429224331,22.2513856970704,5.83701076078414,12.1580185221396,4.85122238522353,7.84078986218194,0,0,0,0,19.2402112882207,40.3273830523918,14.2239916200131,22.5256817733023,0,0,0,0,0,0,0,0,0,0,87.3406939584264,49.546938444684,68.4882954157977,68.9173748746469
"45",1993,939,3.66666666666667,6931.61069738479,6599.59346846294,768.654536183138,1452.24882758536,293.893135559891,446.12591468649,0,0,0,0,0,0,0,0,0,0,0,0,1.17855391922322,2.2733227413232,0.531761309839262,0.810304263537435,0,0,0,0,0,0,0,0,0,0,2776.22928782861,2661.60751027097,227.567677383166,432.951844926221,77.281745790106,118.87600866722,0,0,106.667168898919,102.263216905531,8.76764645807041,16.6821848707198,2.97789454259685,4.58066229640177,0,0,30440.2945524913,29210.504486547,2997.9950551854,5670.40407652736,1134.06319957634,1714.70266669147,0,0,1169.53653222889,1122.31531181469,116.123815896137,219.812083912538,44.2596613824141,66.9704668646739,0,0,0,0,4.8002105801185,9.25867224697827,2.04181808104969,3.09919294841594,0,0,0,0,0,0,0,0,0,0,228.0466089087,230.335831627685,80.5030151499913,165.014628661541,58.1944597999375,94.1606299684635,0,0,8.76187422084282,8.84987256735968,3.08229669002173,6.31609448853452,2.21877412913582,3.58927687146075,0,0,585.615429042709,574.836576688233,154.597230349002,322.515352061895,129.588262233014,209.968447824725,0,0,22.5001264860383,22.0861462227896,5.92428923126081,12.3552573184136,4.94816063879988,8.01570947660178,0,0,0,0,19.624650652591,41.163625808718,14.550843277234,23.0813556946815,0,0,0,0,0,0,0,0,0,0,89.2790706455904,50.5489040404157,70.9118028824462,71.2328291666793
"46",1993,939,3.75,6916.03084665808,6575.32798773258,777.503510663828,1469.03056768035,298.377007820519,453.355040699401,0,0,0,0,0,0,0,0,0,0,0,0,1.19440478827135,2.30392249785656,0.5401084320137,0.823803877275165,0,0,0,0,0,0,0,0,0,0,2784.51970690502,2665.58784630377,231.663956306712,440.924311812793,79.2416137582535,122.073322155611,0,0,106.985700057618,102.416147781142,8.92551224428562,16.9894638411864,3.05340593566425,4.70385081044219,0,0,30357.1197990756,29085.8583698704,3034.46384042325,5740.47881490592,1156.02193126443,1749.82787640599,0,0,1166.34105792015,1117.52619875013,117.542530013781,222.542311482262,45.1189070116841,68.3465078838936,0,0,0,0,4.86945496516568,9.39406270812922,2.08270997988263,3.16480253833145,0,0,0,0,0,0,0,0,0,0,228.091572420619,230.111667866991,81.9331130894976,168.057380489733,59.5753326601906,96.5574483007875,0,0,8.76360214460145,8.84125982201114,3.13704001454398,6.43251831311316,2.27144161227905,3.68066426112937,0,0,581.778704116422,570.545313400867,156.869361465369,327.665269365255,132.164746644561,214.62532311893,0,0,22.3527154492989,21.9212689432868,6.01129121659235,12.5523736626396,5.04649318422816,8.19338932066904,0,0,0,0,20.0120468372746,42.0071398772414,14.8832265554326,23.6470818850091,0,0,0,0,0,0,0,0,0,0,91.2177247601263,51.5498501478763,73.3846454350932,73.5971248912222
"47",1993,939,3.83333333333333,6900.43129591688,6551.18336198856,786.10789353761,1485.38306829582,302.882513720693,460.622760166249,0,0,0,0,0,0,0,0,0,0,0,0,1.21000862962721,2.33408050940249,0.548515255225014,0.837402697199501,0,0,0,0,0,0,0,0,0,0,2793.1597138147,2669.89209766305,235.769657818256,448.931583561871,81.2469616605392,125.348759102887,0,0,107.317662939921,102.581524001592,9.08374451175399,17.2980899895867,3.13066949684934,4.83004903995243,0,0,30274.3154050093,28961.9652771278,3070.11670458409,5809.1340747207,1178.15520337966,1785.27413717562,0,0,1163.15981221815,1112.76601814034,118.929968387501,225.218210123402,45.9851076791302,69.7353415318623,0,0,0,0,4.93786927029588,9.52800398545786,2.12401465423689,3.23114041396319,0,0,0,0,0,0,0,0,0,0,228.161035566877,229.908200031369,83.3660546216335,171.108331634676,60.9847987022552,99.0049545592286,0,0,8.76627138015434,8.83344224732102,3.19189204758446,6.54925528698316,2.32520175303184,3.7739878200105,0,0,577.945658035225,566.264194238319,159.133615030044,332.810208434286,134.777598552191,219.354350045559,0,0,22.2054457490654,21.7567814178296,6.09798808769337,12.7492915049869,5.14621354239784,8.3738212390333,0,0,0,0,20.4021807374412,42.8575151650612,15.2211345434671,24.2228753067431,0,0,0,0,0,0,0,0,0,0,93.1568653404709,52.5498666204711,75.9073804551929,76.0107930150614
"48",1993,939,3.91666666666667,6884.80847138914,6527.15539455581,794.471378261969,1501.31153784079,307.406128338998,467.924209612557,0,0,0,0,0,0,0,0,0,0,0,0,1.22534001449563,2.36375162418046,0.556975105719317,0.851091554386161,0,0,0,0,0,0,0,0,0,0,2802.14505508463,2674.51504892939,239.886515354342,456.976551596229,83.2979778398648,128.702981508782,0,0,107.662894120593,102.759145182126,9.24240959554943,17.6081739989749,3.20969250954271,4.95928253032937,0,0,30191.8843058076,28838.8254311526,3104.96771651274,5876.39057450684,1200.45247698757,1821.02769597985,0,0,1159.99290791946,1108.03477854634,120.28665979157,227.840554164684,46.8578572715465,71.1364389116996,0,0,0,0,5.00537675113471,9.66036233573049,2.16571316227938,3.29818253842628,0,0,0,0,0,0,0,0,0,0,228.254810373624,229.725465815235,84.8014095881322,174.167037778165,62.4230776047758,101.503830727094,0,0,8.76987470536339,8.82642129156741,3.24683641373373,6.66628861271212,2.38006303936449,3.86927376964431,0,0,574.117228019331,561.993956616956,161.389217389924,337.948166225664,137.426621299288,224.15528053117,0,0,22.0583533946418,21.592711979138,6.18435033167612,12.9459343803046,5.24731427672398,8.55699589716586,0,0,0,0,20.7948228446526,43.7143221514887,15.5645541049677,24.8087419492027,0,0,0,0,0,0,0,0,0,0,95.0966998466826,53.5490435300004,78.4805608191547,78.4743661322146
"49",1994,939,4,6867.8402347997,6500.90262561986,804.191646795936,1519.43250145801,311.92802005363,475.229315832941,0,0,0,0,0,0,0,0,0,0,0,0,1.24047420168866,2.39304674658187,0.56544259266959,0.864803990924798,0,0,0,0,0,0,0,0,0,0,2811.05705542553,2678.80042090888,244.408433962319,465.683558081588,85.3899281785976,132.128904511394,0,0,108.005307425488,102.923796026613,9.41664217071271,17.9437041659545,3.2902924752262,5.09127820433447,0,0,30105.3151410636,28709.1881633697,3143.53140949228,5949.44623729451,1222.83365779262,1856.96901205578,0,0,1156.66701515284,1103.05389746577,121.786025586756,230.685833327638,47.7340252131919,72.5451266148836,0,0,0,0,5.07216917942617,9.79138833945212,2.2076352861116,3.36568191522598,0,0,0,0,0,0,0,0,0,0,228.312204110653,229.473967948991,86.2688387115341,177.278197246416,63.8774926069856,104.034425174681,0,0,8.77208021793058,8.81675832604964,3.30301521020201,6.78534102901343,2.43554228418212,3.96577327797614,0,0,570.215025255725,557.609598877672,163.705246184052,343.187899723228,140.102047970167,229.012715847513,0,0,21.9084265825975,21.4242578623696,6.27303283762488,13.146482801377,5.34942261418046,8.74232570669361,0,0,0,0,21.1890179166394,44.5756541080122,15.9123677952132,25.402988994157,0,0,0,0,0,0,0,0,0,0,97.0616668514365,54.5710131389489,81.1379778287625,81.0483338299692
"50",1994,939,4.08333333333333,6849.95089832184,6473.17240880236,814.751016216086,1538.90237335662,316.472625921988,482.569156013804,0,0,0,0,0,0,0,0,0,0,0,0,1.25593631779092,2.42283071660367,0.573930480674878,0.878557156899703,0,0,0,0,0,0,0,0,0,0,2819.98667477014,2682.90622792431,249.204502495424,474.845505262732,87.5284740512509,135.633676157739,0,0,108.34839768068,103.081547698026,9.60141781658374,18.2967321414136,3.37268718055613,5.22631110967352,0,0,30016.0126458379,28575.3187670129,3184.36516237878,6026.00603264538,1245.37317240906,1893.19213805509,0,0,1153.23610487141,1097.91041115816,123.372702789933,233.665971463453,48.6164831514031,73.965037457137,0,0,0,0,5.13987927681936,9.9237056407227,2.24982845862223,3.43370365641775,0,0,0,0,0,0,0,0,0,0,228.353589117544,229.183660834993,87.7748267388522,180.453711571716,65.3533736274414,106.604946103568,0,0,8.77367065254611,8.80560424697194,3.36067675183048,6.90686805687888,2.49184304695228,4.06379974757453,0,0,566.264807082843,553.150936302228,166.059959314173,348.494261034325,142.806651294601,233.930633867453,0,0,21.7566549438794,21.2529488347379,6.36320046626518,13.3495868315885,5.45264482820751,8.92996311103252,0,0,0,0,21.5849311336889,45.4417841902049,16.2648213456512,26.0060110660634,0,0,0,0,0,0,0,0,0,0,99.0441165487178,55.6083382980117,83.871678032579,83.7174586885276
"51",1994,939,4.16666666666667,6832.07269601181,6445.61951212347,825.018134029744,1557.86799291474,321.053225423075,489.963232164823,0,0,0,0,0,0,0,0,0,0,0,0,1.27167751686824,2.45303231964649,0.582472342136404,0.892398207180047,0,0,0,0,0,0,0,0,0,0,2829.22516809923,2687.28855886117,253.998057781656,484.02444091545,89.7186926951724,139.22525511065,0,0,108.703355368299,103.249923860709,9.7861070336139,18.650431900979,3.45707231710408,5.3646879537394,0,0,29927.168407712,28442.3469675091,3224.28108479592,6100.98557320878,1268.12510915769,1929.77669527247,0,0,1149.82280028464,1092.80141203363,124.924228219459,236.58565462164,49.5073452931132,75.399286847389,0,0,0,0,5.2083867645906,10.0571590834401,2.29241961443344,3.50242781133729,0,0,0,0,0,0,0,0,0,0,228.421816860039,228.918140363784,89.2998058768371,183.664909581286,66.8607112014668,109.231203434006,0,0,8.77629242445785,8.79540251049099,3.41906756978886,7.02976455727833,2.54934652198192,4.16395627604184,0,0,562.323065299494,548.70719909883,168.404355423241,353.788845477455,145.546951334256,238.919305989417,0,0,21.6052089691572,21.0822132643975,6.4529703488749,13.5522336746634,5.55723001074383,9.12030045100255,0,0,0,0,21.9831581026891,46.3138195925627,16.6226613777174,26.6189812273295,0,0,0,0,0,0,0,0,0,0,101.027042479431,56.6444065171978,86.659594764554,86.4409842360101
"52",1994,939,4.25,6814.19971098428,6418.23725377573,834.997420265979,1576.33550226882,325.665428277096,497.405652025798,0,0,0,0,0,0,0,0,0,0,0,0,1.28757163010896,2.48344544367643,0.591070945167403,0.906329719829551,0,0,0,0,0,0,0,0,0,0,2838.77860720289,2691.95229974402,258.792912476243,493.226764707019,91.9610543486876,142.904897390535,0,0,109.070413776227,103.42911224354,9.97085544896171,19.0050480141627,3.54346609004484,5.5064572122544,0,0,29838.7777805384,28310.2647982404,3263.29422209593,6174.40675691361,1291.07721633677,1966.70694778171,0,0,1146.42692289494,1087.72659400113,126.441166159953,239.445699511942,50.4061403190247,76.8472700777206,0,0,0,0,5.27730594287293,10.1911332835479,2.33541861832222,3.57186521777738,0,0,0,0,0,0,0,0,0,0,228.516402677904,228.677015191037,90.8412274835426,186.908093313424,68.400011639636,111.914191808236,0,0,8.77992691236905,8.78613808052936,3.47808983194883,7.15388864217073,2.60807224967649,4.26628116819201,0,0,558.390076013641,544.278594650499,170.738671180854,359.071321233271,148.322632852104,243.978258778621,0,0,21.4540992669425,20.9120591193325,6.54235179580818,13.7544111055732,5.66316624692138,9.31331987264268,0,0,0,0,22.3837138251302,47.1917188523805,16.985866678596,27.241887604124,0,0,0,0,0,0,0,0,0,0,103.01067558392,57.6793290245236,89.5026188835896,89.219756234505
"53",1994,939,4.33333333333333,6796.3263890837,6391.01932772777,844.693200358127,1594.31093712461,330.304945430833,504.890626167121,0,0,0,0,0,0,0,0,0,0,0,0,1.30351527907548,2.5139001953196,0.59972620123302,0.920350751547036,0,0,0,0,0,0,0,0,0,0,2848.65153225021,2696.90083574708,263.592523543929,502.458267699761,94.2560195428238,146.673818364599,0,0,109.449747345024,103.619242910324,10.155795137204,19.3608018413745,3.63188631357473,5.65166578030358,0,0,29750.8371308824,28179.0653117266,3301.41953000027,6246.29147381362,1314.21754710505,2003.96749016008,0,0,1143.04833311377,1082.68569012657,127.924077844097,242.246923083419,51.3124083106019,78.3083947000235,0,0,0,0,5.34632390984623,10.3251263946604,2.37882679501497,3.64201653421254,0,0,0,0,0,0,0,0,0,0,228.6369162387,228.459936089285,92.3969455515925,190.18013910205,69.9717196114333,114.654843648193,0,0,8.78455758233649,8.77779753920664,3.53766119805213,7.27912052736514,2.66803740325421,4.37081034434243,0,0,554.466213097875,539.86543526857,173.062938800163,364.341074515668,151.133396667018,249.107037529131,0,0,21.3033402019864,20.7424983990422,6.63134626370874,13.95609607113,5.77044225119375,9.50900426342116,0,0,0,0,22.786553351935,48.0753453335049,17.3544164636403,27.8747173905359,0,0,0,0,0,0,0,0,0,0,104.995242739427,58.7132153348882,92.4016066577926,92.054596865893
"54",1994,939,4.41666666666667,6778.44747782271,6363.9597415992,854.109712528714,1611.80023501116,334.967581940199,512.412460620166,0,0,0,0,0,0,0,0,0,0,0,0,1.31942288057489,2.54425512062005,0.608436041907493,0.934457893429101,0,0,0,0,0,0,0,0,0,0,2858.84727433493,2702.13637270775,268.400040430528,511.724217256177,96.6040448245543,150.533206036946,0,0,109.841484060636,103.820400612863,10.341046453361,19.7178947687836,3.72235063448825,5.80035948650471,0,0,29663.3436121638,28048.7423539446,3338.67185993319,6316.66157192918,1337.53444172003,2041.54322758228,0,0,1139.68692158389,1077.67846396179,129.373520870674,244.990141189582,52.2257000868413,79.7820797837617,0,0,0,0,5.41518419965866,10.4587250697671,2.42263967818799,3.71287545633003,0,0,0,0,0,0,0,0,0,0,228.782969702386,228.266585613717,93.9651450382211,193.478398221629,71.5762306326284,117.454039580957,0,0,8.79016953303618,8.77036868978312,3.59771205865245,7.40535870344642,2.72925727011508,4.47757774255927,0,0,550.551927156939,535.468115800551,175.377032474791,369.597272643222,153.978948179707,254.30519249554,0,0,21.1529490871844,20.5735462741987,6.71994914152755,14.1572571164406,5.87904692637342,9.70733672344565,0,0,0,0,23.1915873053218,48.9644911222587,17.7282882236861,28.5174543221535,0,0,0,0,0,0,0,0,0,0,106.980967371985,59.7461734988094,95.3573871698074,94.946310408998
"55",1994,939,4.5,6760.55799903789,6337.052788831,863.251109438445,1628.80923719848,339.649235998718,519.965555957631,0,0,0,0,0,0,0,0,0,0,0,0,1.33522437975638,2.57439365963417,0.61719679643234,0.948645729370797,0,0,0,0,0,0,0,0,0,0,2869.3681127838,2707.66009520079,273.218325528462,521.029392840398,99.0055846773314,154.484226400077,0,0,110.245711498443,104.032630864413,10.5267188108417,20.0765095710523,3.81487660785167,5.95258330048435,0,0,29576.2950529012,27919.2904528481,3375.06594568562,6385.53883356576,1361.01652675782,2079.41937495752,0,0,1136.34260488569,1072.70470526128,130.790048693422,247.67616768298,53.1455771772706,81.2677558832392,0,0,0,0,5.48367939921363,10.59159310988,2.46684816745679,3.78443008416422,0,0,0,0,0,0,0,0,0,0,228.954212261699,228.096673270383,95.5443078192701,196.800649810275,73.2138975252596,120.312614079871,0,0,8.79674928599619,8.76384037101436,3.65818422390243,7.5325181219539,2.79174550070452,4.58661553621504,0,0,546.647734633073,531.08710199974,177.680691879027,374.838896511862,156.85899086446,259.572270583997,0,0,21.0029457649905,20.4052206397891,6.80815065411949,14.357855633929,5.9889691141148,9.90830024740042,0,0,0,0,23.5986891271454,49.8588882430804,18.1074567155311,29.1700774094457,0,0,0,0,0,0,0,0,0,0,108.968069687583,60.7783101859964,98.3707660831349,97.8956862435699
"56",1994,939,4.58333333333333,6742.65321635921,6310.29301562978,872.121461273512,1645.34369207523,344.3458961288,527.544404497334,0,0,0,0,0,0,0,0,0,0,0,0,1.35086264074882,2.60422005834428,0.626003614092074,0.962907348792702,0,0,0,0,0,0,0,0,0,0,2880.2154526238,2713.47234339952,278.04998142745,530.378133632889,101.461094027375,158.528030070934,0,0,110.662483641828,104.255946734976,10.7129117183075,20.4368122252075,3.90948179540504,6.10838158993746,0,0,29489.6898319255,27790.7046943252,3410.61639145423,6452.94495127142,1384.65270864506,2117.58144985972,0,0,1133.01532074271,1067.76422521632,132.1742101554,250.305813485724,54.0716115820418,82.7648647742442,0,0,0,0,5.55164266554787,10.7234584048275,2.51143982531215,3.85666445248528,0,0,0,0,0,0,0,0,0,0,229.150323935752,227.949930151336,97.1331725287054,200.145044933601,74.8850376237125,123.231361873353,0,0,8.80428454713741,8.75820225102474,3.71902937703947,7.66052804054625,2.85551438606293,4.69795438097452,0,0,542.754205769597,526.722917684699,179.973548351988,380.064776666672,159.773219641455,264.907806819943,0,0,20.8533521449627,20.2375416217613,6.89593686894219,14.5578472505463,6.10019734057633,10.1118773975162,0,0,0,0,24.0077031972923,50.7582212532945,18.4918929569936,29.8325597054232,0,0,0,0,0,0,0,0,0,0,110.95676696767,61.8097307959039,101.442529905132,100.903502181101
"57",1994,939,4.66666666666667,6724.7286042894,6283.6751895325,880.724758784452,1661.40925843367,349.05363837486,535.143587570413,0,0,0,0,0,0,0,0,0,0,0,0,1.36629100491622,2.63365553346743,0.634850844586519,0.977234809465789,0,0,0,0,0,0,0,0,0,0,2891.389992462,2719.57277996877,282.897378297005,539.774386180864,103.971030460056,162.665758468166,0,0,111.091827332392,104.490335263598,10.8997158217749,20.798953726139,4.00618385271676,6.26779835997339,0,0,29403.5267605984,27662.9806054661,3445.33766017843,6518.90150411632,1408.43216685735,2156.01526522557,0,0,1129.70502349639,1062.85685196987,133.526549034092,252.879885671558,55.00338551993,84.2728591825436,0,0,0,0,5.61893981233399,10.854100720954,2.55640003828869,3.92955990360548,0,0,0,0,0,0,0,0,0,0,229.371009806575,227.826104022716,98.7306957138573,203.510052226281,76.5899396151867,126.211044183891,0,0,8.81276398533223,8.75344463858378,3.78020757878558,7.78932992931592,2.92057512123581,4.81162365513412,0,0,538.871953096847,522.376132445282,182.255149771554,385.27362775429,162.721314798044,270.311316284804,0,0,20.7041917613777,20.0705311046705,6.98329065222094,14.7571831524243,6.21271958316882,10.318049994555,0,0,0,0,24.4184523656166,51.6621389707567,18.8815633744279,30.5048672504103,0,0,0,0,0,0,0,0,0,0,112.94727384507,62.8405395578204,104.573450096365,103.970527675263
"58",1994,939,4.75,6706.77982644757,6257.19427716482,889.064915623253,1677.011508021,353.768624226624,542.757773614088,0,0,0,0,0,0,0,0,0,0,0,0,1.38147167740289,2.66263571465681,0.643732253905896,0.991619404069567,0,0,0,0,0,0,0,0,0,0,2902.89184163717,2725.96050640596,287.762674682954,549.221740101413,106.535855024781,166.898547192793,0,0,111.533746771106,104.73576192837,11.0872136961397,21.1630714468604,4.10500056155419,6.43087738451203,0,0,29317.8050010364,27536.1140737005,3479.2440651265,6583.42994027529,1432.34434853845,2194.70692385306,0,0,1126.41168096421,1057.98242750976,134.847603712158,255.399186790873,55.9404912297579,85.7912025804817,0,0,0,0,5.68546414289192,10.9833436531074,2.60171265169084,4.00309584946365,0,0,0,0,0,0,0,0,0,0,229.615996202777,227.724956172855,100.336023624889,206.894418087675,78.3288685384579,129.252393649597,0,0,8.82217708577529,8.74955836200542,3.84168618174615,7.9188759384603,2.98693799753628,4.92765164889299,0,0,535.001623103704,518.047352717593,184.524978054369,390.464073155609,165.702938105285,275.782288593187,0,0,20.5554894532404,19.9042123887639,7.07019234130515,14.9558110313997,6.32652312161688,10.526798906269,0,0,0,0,24.8307428028622,52.570262125992,19.2764294303795,31.186958582328,0,0,0,0,0,0,0,0,0,0,114.939802485971,63.8708395912808,107.764286038419,107.097526142123
"59",1994,939,4.83333333333333,6688.80271625991,6230.84542448878,897.145770528927,1692.15592789854,358.487098649609,550.381716404683,0,0,0,0,0,0,0,0,0,0,0,0,1.39637430439395,2.69110838460148,0.652641207737945,1.00605188703284,0,0,0,0,0,0,0,0,0,0,2914.72062376165,2732.63416555038,292.64783704527,558.723461540022,109.156032866506,171.227528967718,0,0,111.988227496554,104.992174585009,11.2754805889588,21.5292904134663,4.20594985542276,6.59766232056629,0,0,29232.5239940095,27410.1012757659,3512.34976226577,6646.55156097149,1456.37896314962,2233.642812997,0,0,1123.13527166941,1053.14080493951,136.137906878104,257.864514247693,56.8825307730104,87.3193689874036,0,0,0,0,5.75113190473927,11.111047531959,2.64736050666804,4.07725041711164,0,0,0,0,0,0,0,0,0,0,229.885027381979,227.646258722124,101.948466692657,210.297130511419,80.1020702016497,132.356118775771,0,0,8.83251402251741,8.74653466578786,3.90343884835363,8.04912750598804,3.05461257245273,5.0460657355235,0,0,531.14388880347,513.737213811079,186.782464668806,395.634666935562,168.71772954745,281.320183059174,0,0,20.4072710786556,19.7386098836497,7.15662034058897,15.1536759282699,6.44159441252594,10.7381038622588,0,0,0,0,25.2443682366077,53.482190067978,19.6764473453064,31.8787843618464,0,0,0,0,0,0,0,0,0,0,116.934562750285,64.9007329572865,111.015787711621,110.285257053303
"60",1994,939,4.91666666666667,6670.79325849348,6204.62393789584,904.971089531708,1706.84792281571,363.205388102154,558.010253309232,0,0,0,0,0,0,0,0,0,0,0,0,1.41097459875323,2.71903129657275,0.661570849324878,1.02052269401341,0,0,0,0,0,0,0,0,0,0,2926.8755755999,2739.59203925917,297.554659122399,568.282526323561,111.832033867517,175.653836535815,0,0,112.455240184004,105.259507219719,11.464585157739,21.8977245686057,4.3090498454274,6.76819682085783,0,0,29147.6833901786,27284.938610147,3544.66874291922,6708.28750477953,1480.52597687796,2272.80959874527,0,0,1119.87578219916,1048.33184588252,137.397985237555,260.276659689955,57.8291158275364,88.8568427620618,0,0,0,0,5.81587789638288,11.2371025719316,2.69332596428625,4.15200107659155,0,0,0,0,0,0,0,0,0,0,230.177862372463,227.58979209037,103.567474815018,213.717383973062,81.9097753491405,135.522908154561,0,0,8.84376553711709,8.74436511330855,3.96544459989434,8.18005400612678,3.12360782993498,5.16689253364848,0,0,527.299442608745,509.446372265041,189.027005455676,400.783914854758,171.765304304225,286.92442413798,0,0,20.259563241071,19.5737488146209,7.24255169080721,15.3507210399231,6.55791897361752,10.9519432793548,0,0,0,0,25.6591140275169,54.3975072202526,20.0815678399837,32.5802870248971,0,0,0,0,0,0,0,0,0,0,118.931762347235,65.9303207073434,114.328698282682,113.534477958418
"61",1995,939,5,6650.60526647933,6175.71229981129,913.965455702833,1723.78112777471,367.858489793621,565.80619129611,0,0,0,0,0,0,0,0,0,0,0,0,1.42528823339748,2.7470323103383,0.670392211943856,1.03531731883945,0,0,0,0,0,0,0,0,0,0,2938.95539160863,2746.37409805038,302.793852181023,578.508237724744,114.546124851902,180.233627025045,0,0,112.91936603273,105.520084764137,11.6664636726892,22.2917954967097,4.41361696656388,6.94464430348491,0,0,29058.582162997,27155.1079519418,3579.56906598594,6775.39504554738,1504.51475083452,2312.86843171578,0,0,1116.45259456384,1043.34353503592,138.757135075843,262.895620276642,58.7696678788325,90.4294680130296,0,0,0,0,5.87955376053337,11.363738836646,2.73909187015003,4.22852981788075,0,0,0,0,0,0,0,0,0,0,230.383472166955,227.575482641976,105.179846631377,217.404789053631,83.70748834894,138.869480040168,0,0,8.85166573090486,8.74381530768827,4.02720378160259,8.32121996107776,3.19222714638069,5.29458257538443,0,0,523.40294563137,505.105502715539,191.292062218146,406.056841784075,174.811938405159,292.679660317641,0,0,20.1098555310001,19.4069655897243,7.32927443507548,15.5525115511099,6.67420956976407,11.1715485247433,0,0,0,0,26.0723691040811,55.3236902537769,20.4879704137699,33.300872806922,0,0,0,0,0,0,0,0,0,0,120.996286704134,66.8601269517441,117.813419142003,116.526014221817
"62",1995,939,5.08333333333333,6629.74125584659,6146.09441543725,923.098230553466,1741.01709671092,372.502118599034,573.671545521511,0,0,0,0,0,0,0,0,0,0,0,0,1.4397136404454,2.77534996386201,0.679189156961037,1.05023617000307,0,0,0,0,0,0,0,0,0,0,2951.27550310459,2753.32827137851,308.152435719821,588.988569119479,117.318437760075,184.943041029865,0,0,113.392724418349,105.787275224304,11.8729380127252,22.6956711051648,4.52042638406076,7.12608462956243,0,0,28968.4961567559,27024.4730215481,3614.63733727083,6843.06547749101,1528.55423225015,2353.40464101729,0,0,1112.99156985932,1038.32432280024,140.122731344375,265.53643041109,59.7123276392662,92.0210155099948,0,0,0,0,5.94335471216153,11.4911679890081,2.78499735442921,4.30603628855558,0,0,0,0,0,0,0,0,0,0,230.584824485068,227.584879468228,106.808165516473,221.187704354768,85.5288925242561,142.314358658693,0,0,8.85940234630884,8.74417633523087,4.08957840048959,8.46605098963729,3.26175536834488,5.4260304269703,0,0,519.492600942127,500.764089769628,193.548403701905,411.363357296741,177.875691687404,298.534337023867,0,0,19.9596157618191,19.2401614871429,7.41566502371213,15.7555901333361,6.79115618052453,11.3949520401705,0,0,0,0,26.4856289850454,56.2553147926368,20.8980418969479,34.0342246744379,0,0,0,0,0,0,0,0,0,0,123.08229985462,67.75964783931,121.395538167774,119.479650168966
"63",1995,939,5.16666666666667,6608.85057022285,6116.62506056368,931.93542299359,1757.73428558497,377.152901695442,581.552530155264,0,0,0,0,0,0,0,0,0,0,0,0,1.45419726601865,2.80371304587182,0.688000363040654,1.06519111015951,0,0,0,0,0,0,0,0,0,0,2963.96072301161,2760.59534190183,313.538255267453,599.543364326008,120.155602417703,189.768322140637,0,0,113.88011085299,106.066487695086,12.0804679740083,23.1024262428732,4.62973369755071,7.31198789710521,0,0,28878.8564563889,26894.7126389107,3648.85532826018,6909.25220824064,1552.71813495597,2394.20852002441,0,0,1109.54769176109,1033.33871215845,141.455676160373,268.120326830284,60.6599778634205,93.6232924031025,0,0,0,0,6.00720352506571,11.6185192996818,2.83119989796031,4.38416648449342,0,0,0,0,0,0,0,0,0,0,230.815963352968,227.611548194109,108.456362407496,224.990023359578,87.3884949240383,145.823956904556,0,0,8.8682834052263,8.74520097685191,4.1527173205066,8.61163120884205,3.33274610243573,5.55995618106125,0,0,515.588630147039,496.443836965435,195.785536960364,416.658507307034,180.965870032846,304.46257811697,0,0,19.8096208752104,19.0741703917092,7.50131994664384,15.9582325175833,6.90911434041352,11.621166658354,0,0,0,0,26.8995825291669,57.1898954642087,21.3128504623126,34.777453356768,0,0,0,0,0,0,0,0,0,0,125.170270560385,68.6592399185837,125.043037350905,122.492951123953
"64",1995,939,5.25,6587.9293275719,6087.29960964529,940.481443329507,1773.93881830704,381.806622707281,589.443217093994,0,0,0,0,0,0,0,0,0,0,0,0,1.46864888785165,2.83197230481884,0.696825014153611,1.08017966838697,0,0,0,0,0,0,0,0,0,0,2977.00840028229,2768.17204219466,318.952920914139,610.175593034596,123.057722040191,194.71054948918,0,0,114.381423479174,106.357596636763,12.2891149514885,23.5121743521528,4.74154302657308,7.50239585007977,0,0,28789.6638078832,26765.8239511989,3682.23804534973,6973.9775127508,1576.99590779321,2435.26615144825,0,0,1106.12098894003,1028.38659349964,142.756534488217,270.648143448307,61.6122103349612,95.2357605669388,0,0,0,0,6.07086902774773,11.7454227203647,2.87769927976588,4.46291883646006,0,0,0,0,0,0,0,0,0,0,231.076399539935,227.655718556981,110.122725371966,228.811436614969,89.286792496576,149.40003788859,0,0,8.87829011075288,8.74689805942966,4.21655494957591,8.757948789103,3.40521864968851,5.69642764623986,0,0,511.692312332911,492.14513819722,198.003932113355,421.940077270211,184.082248900444,310.463202570416,0,0,19.6599200154791,18.9090074374723,7.58625745539717,16.1603545064578,7.02807572653842,11.8501478592272,0,0,0,0,27.3141585852455,58.1272382318232,21.7323349765188,35.5304867995847,0,0,0,0,0,0,0,0,0,0,127.260466205515,69.5589719163867,128.756996680427,125.566613470216
"65",1995,939,5.33333333333333,6566.97375342667,6058.11355488478,948.740604159487,1789.63670541063,386.459160220352,597.337769355182,0,0,0,0,0,0,0,0,0,0,0,0,1.48299493002694,2.86000514960951,0.705660414988097,1.09519706244289,0,0,0,0,0,0,0,0,0,0,2990.41580982207,2776.05501789297,324.397936307048,620.88798136561,126.024959573497,199.770841610051,0,0,114.89655759441,106.660473169304,12.4989363066278,23.9250196002742,4.85586076591416,7.69735172423729,0,0,28700.918936722,26637.8041211777,3714.80028645315,7037.26345561717,1601.37725270681,2476.56388500809,0,0,1102.71148927885,1023.46785781212,144.025863638918,273.120706597767,62.5686263011194,96.8578917291185,0,0,0,0,6.13416516361762,11.8715786855136,2.9244903015062,4.54228590145876,0,0,0,0,0,0,0,0,0,0,231.3656668629,227.717591418689,111.805788185647,232.651769389984,91.2242106490843,153.044251864612,0,0,8.88940455150389,8.74927530039855,4.28103514174722,8.90499712136933,3.47918956090105,5.83550831695973,0,0,507.804901063001,487.868422993606,200.203897322079,427.205864725243,187.224596069349,316.535062129099,0,0,19.5105613462763,18.7446891276106,7.67048958792709,16.3618723483672,7.14803174188498,12.0818523990151,0,0,0,0,27.7292514924319,59.0670938155675,22.1564326770602,36.2932489567204,0,0,0,0,0,0,0,0,0,0,129.353149756606,70.4589134308631,132.538474435227,128.701345857184
"66",1995,939,5.41666666666667,6545.98016869518,6029.06249298504,956.717129232146,1804.83385531998,391.106481784595,605.230435820879,0,0,0,0,0,0,0,0,0,0,0,0,1.49717470940629,2.8877097654682,0.714502603859487,1.11023693304683,0,0,0,0,0,0,0,0,0,0,3004.18019394945,2784.24087136691,329.874710262851,631.683045034655,129.057529592735,204.950353247657,0,0,115.425407244164,106.974986750338,12.7099858053988,24.3410581410265,4.97269527858903,7.89690012881083,0,0,28612.6225235339,26510.6503010262,3746.55664710321,7099.13188939327,1625.85211147155,2518.08832339933,0,0,1099.31921893658,1018.58239567749,145.264213483667,275.538834939177,63.5288359816093,98.4891669553638,0,0,0,0,6.19694058003152,11.9967421613895,2.97156448596959,4.6222563272758,0,0,0,0,0,0,0,0,0,0,231.683319344282,227.79734157752,113.504288512919,236.51095416844,93.2011202148818,156.758155245796,0,0,8.90160959241491,8.75233941578942,4.34610958636946,9.05277374887183,3.55467328937403,5.97725810256073,0,0,503.927623266278,483.614148569333,202.385611985662,432.453690249831,190.39266309844,322.677027277324,0,0,19.3615920079228,18.5812330290477,7.75402344359785,16.5627031628796,7.26897318554718,12.3162377714367,0,0,0,0,28.1447307828847,60.0091726943251,22.5850780424473,37.065658525808,0,0,0,0,0,0,0,0,0,0,131.448580151735,71.359134779494,136.388511389337,131.897868892887
"67",1995,939,5.5,6524.9449875975,6000.14212268542,964.41515462482,1819.53607643612,395.744644722649,613.115552547548,0,0,0,0,0,0,0,0,0,0,0,0,1.51113899293646,2.9150028458556,0.72334658163337,1.1252916204585,0,0,0,0,0,0,0,0,0,0,3018.29878310641,2792.72618360273,335.384559765803,642.563099558691,132.155694799847,210.25027402135,0,0,115.967866017588,107.301006015889,12.9223137304283,24.760378502067,5.0920567630954,8.10108699708098,0,0,28524.7751893467,26384.3596180719,3777.52151426732,7159.60444307372,1650.41066910039,2559.82632613203,0,0,1095.944201782,1013.73009672254,146.472126219197,277.903339025446,64.4924587006452,100.129076794194,0,0,0,0,6.25907464044004,12.1207165133103,3.01891069781573,4.70281557816408,0,0,0,0,0,0,0,0,0,0,232.028930526642,227.895118587672,115.217151667783,240.389019095578,95.2178449003128,160.543218194525,0,0,8.91488884840987,8.75609615171468,4.41173718260871,9.20127991884709,3.63168247732833,6.12173361852882,0,0,500.061677330863,479.382796055954,204.549140883515,437.681404902283,193.586180203182,328.887979645077,0,0,19.2130580441568,18.4186576276299,7.83686172612671,16.7627652279093,7.39089005576246,12.5532619170346,0,0,0,0,28.5604451863573,60.9531513241106,23.0182022609542,37.8476282375437,0,0,0,0,0,0,0,0,0,0,133.547012351686,72.2597069272164,140.308132706465,135.15691551216
"68",1995,939,5.58333333333333,6503.86471220073,5971.34823859955,971.838733060401,1833.74908285405,400.369793906541,620.987541185064,0,0,0,0,0,0,0,0,0,0,0,0,1.52484794459969,2.94181635803847,0.732186625337779,1.14035254273131,0,0,0,0,0,0,0,0,0,0,3032.76881922183,2801.50753904683,340.928716493573,653.53027894921,135.319760800821,215.671826098316,0,0,116.523827945179,107.638399734925,13.1359671268724,25.1830622956455,5.21395705520861,8.30995949953367,0,0,28437.3774812179,26258.9291598974,3807.70906651573,7218.70251667094,1675.04334917415,2601.76500485468,0,0,1092.58645884152,1008.91084904698,147.65013636589,280.215021084627,65.4591227169494,101.777121107351,0,0,0,0,6.32047176012417,12.2433447839192,3.06651599930583,4.78394693146843,0,0,0,0,0,0,0,0,0,0,232.402092018727,228.011048493533,116.94346622068,244.286071819101,97.2746711022426,164.400835842083,0,0,8.92922662853812,8.76055035100217,4.47788310025838,9.35051995555386,3.71022833354092,6.26898861661508,0,0,496.208232045604,475.174865568505,206.694453821898,442.886897341243,196.804851224702,335.166803196961,0,0,19.065004361468,18.2569821385794,7.91900349780129,16.9619782552748,7.51377135578036,12.7928828851605,0,0,0,0,28.9762279772231,61.8986804673536,23.4557326777394,38.6390641890931,0,0,0,0,0,0,0,0,0,0,135.648697534293,73.1607013860984,144.298350561714,138.479230970046
"69",1995,939,5.66666666666667,6482.73592813603,5942.67672619858,978.991837722478,1847.47849949851,404.978160073398,628.840908016277,0,0,0,0,0,0,0,0,0,0,0,0,1.53826932729056,2.968094700653,0.741016549506071,1.15541051220002,0,0,0,0,0,0,0,0,0,0,3047.58757574974,2810.58154713056,346.508332884945,664.586552791719,138.550070985645,221.216261694867,0,0,117.093188268682,107.987037636376,13.3509900309933,25.609184867831,5.33840943347341,8.52356595019094,0,0,28350.4298598709,26134.3559616454,3837.13327334871,7276.44727508418,1699.74081015972,2643.89171985809,0,0,1089.24600782423,1004.12453873574,148.798770734905,282.474674777573,66.428465091082,103.432808944163,0,0,0,0,6.38105646271507,12.3645020562997,3.11436635668134,4.86563230346599,0,0,0,0,0,0,0,0,0,0,232.802412222731,228.145235545562,118.682461576539,248.202284714944,99.3718566761188,168.332338617194,0,0,8.94460788707423,8.76570601912201,4.54451791669842,9.50050068730833,3.79032097060861,6.41907438075115,0,0,492.368425577498,470.990871555179,208.82144365076,448.068100336488,200.04834933563,341.512376108059,0,0,18.917474689809,18.0962263278214,8.0004448709251,17.1602636423462,7.63760492807356,13.0350585223306,0,0,0,0,29.3919016400838,62.8453924999507,23.8975923722692,39.4398653144726,0,0,0,0,0,0,0,0,0,0,137.753883269028,74.0621901169666,148.360166627488,141.865572870952
"70",1995,939,5.75,6461.5553021425,5914.12355869564,985.878365112706,1860.72986596136,409.566058593914,636.670243384271,0,0,0,0,0,0,0,0,0,0,0,0,1.55137739642875,2.99379293502433,0.749829839334683,1.17045589985352,0,0,0,0,0,0,0,0,0,0,3062.75236881692,2819.94485465118,352.124486756555,675.733738375393,141.847002381408,226.884860621155,0,0,117.675843869394,108.346790884832,13.567423644159,26.0388157594444,5.46542846134051,8.74195571387425,0,0,28263.9326932331,26010.6369992649,3865.80789514519,7332.85964427028,1724.49394219488,2686.19407715327,0,0,1085.92286287355,999.371049599421,149.918548420243,284.683085044923,67.4001315693672,105.095658436776,0,0,0,0,6.44077037538121,12.4840907606555,3.16244698489305,4.94785266033778,0,0,0,0,0,0,0,0,0,0,233.229515464014,228.297763642433,120.433492210813,252.13788483905,101.509636632912,172.338999591242,0,0,8.96101819008086,8.77156637959611,4.61161701061798,9.65123105729038,3.87196962401642,6.57204000842749,0,0,488.543364945087,466.831339479659,210.929938599915,453.222994697403,203.316314871763,347.92356544307,0,0,18.7705115623625,17.9364103845143,8.08117948092099,17.3575446235276,7.76237737035555,13.2797462680329,0,0,0,0,29.8072806433021,63.7929058310941,24.3437000454244,40.2499232193946,0,0,0,0,0,0,0,0,0,0,139.862813651383,74.9642454531983,152.494573883591,145.316711146262
"71",1995,939,5.83333333333333,6440.31957983579,5885.68479411657,992.502137975976,1873.50864042322,414.12988822113,644.470221151382,0,0,0,0,0,0,0,0,0,0,0,0,1.56415181587223,3.01887505347519,0.758619782860686,1.18547879783258,0,0,0,0,0,0,0,0,0,0,3078.26056738827,2829.59415717696,357.77818595739,686.973512823846,145.210961525454,232.678927776652,0,0,118.271693658739,108.717532518741,13.78530650832,26.4720191670756,5.59502983001172,8.96517911151752,0,0,28177.8862506599,25887.7691834682,3893.74648326524,7387.96030757719,1749.29386360935,2728.6599253235,0,0,1082.61703434539,994.650262942145,151.009980796377,286.84102795996,68.3737764580723,106.765196687157,0,0,0,0,6.49956928105208,12.602036074657,3.21074269277167,5.03058842752973,0,0,0,0,0,0,0,0,0,0,233.683041117396,228.468697802075,122.196022143163,256.093144086545,103.688228568784,176.422041645232,0,0,8.97844368183974,8.77813393051784,4.67915996486518,9.80272174234851,3.95518286097114,6.72793268525462,0,0,484.734125573329,462.696802544693,213.019714354709,458.34961293962,206.608353430338,354.399222057108,0,0,18.6241562984391,17.7775547951633,8.16119894941364,17.5537464116045,7.8880739617732,13.5269029589412,0,0,0,0,30.2221741473015,64.7408292200762,24.7939699146239,41.0691220284369,0,0,0,0,0,0,0,0,0,0,141.975729440796,75.8669400244022,156.702558412735,148.833428021369
"72",1995,939,5.91666666666667,6419.02558379962,5857.35657265158,998.866908242425,1885.82020359674,418.666129852704,652.235598220055,0,0,0,0,0,0,0,0,0,0,0,0,1.57657664021366,3.04331235200624,0.767379592604296,1.20046916905936,0,0,0,0,0,0,0,0,0,0,3094.10960199958,2839.52620903234,363.470372934604,698.307424807016,148.642380395901,238.599790571411,0,0,118.880638913795,109.099137834057,14.0046746781768,26.908854388168,5.72723020338941,9.19328732253157,0,0,28092.2906981419,25765.7493546761,3920.96238037868,7441.76970244931,1774.13191722347,2771.27735219558,0,0,1079.32852862396,989.962057367333,152.073571524317,288.949270595435,69.3490624893285,108.440959647527,0,0,0,0,6.55742035359132,12.7182816055205,3.2592382001411,5.11381986579267,0,0,0,0,0,0,0,0,0,0,234.162642752071,228.658085638337,123.969610055435,260.068369855306,105.907837672755,180.582644288223,0,0,8.99687105199839,8.78541050128798,4.74712999412252,9.95498479136373,4.03996877302209,6.88679794615079,0,0,480.941750946304,458.587798534976,215.090505521146,463.446042560007,209.924034338696,360.938175887318,0,0,18.4784489901342,17.6196802223202,8.24049332382896,17.7487963238965,8.01467860327933,13.7764846480274,0,0,0,0,30.636388524172,65.6887658047533,25.2483116421054,41.8973382731854,0,0,0,0,0,0,0,0,0,0,144.092868199582,76.7703466815393,160.985101135868,152.416517967945
"73",1996,939,6,6396.26600890244,5827.2000715775,1005.84817754535,1899.34493736356,423.155919168866,660.07246053169,0,0,0,0,0,0,0,0,0,0,0,0,1.58872299938388,3.06753485229412,0.776067098324309,1.21561300044555,0,0,0,0,0,0,0,0,0,0,3110.26302763902,2849.74992757248,369.208723533827,709.823433768838,152.136330442322,244.690822697998,0,0,119.501279358924,109.491949449825,14.2258220829591,27.3527074228076,5.86183952958258,9.4279512901539,0,0,28006.0330944693,25643.5768296998,3947.92180111869,7495.85774584969,1798.91810186334,2814.48904354701,0,0,1076.01458458724,985.267985053608,153.127193480162,291.06836502378,70.3224703338605,110.140271078017,0,0,0,0,6.61421993284975,12.8339510623636,3.30776508699633,5.19836301374993,0,0,0,0,0,0,0,0,0,0,234.62754676469,228.883879974478,125.752779649569,264.212817089058,108.154148974102,184.908775526925,0,0,9.01473371538189,8.79408586838807,4.81547270190992,10.113737593096,4.12578158307616,7.05199131411131,0,0,477.168178520414,454.520555367509,217.130899169549,468.54264628244,213.251959972394,367.599636882409,0,0,18.3334640770091,17.4634101686392,8.31862505057509,17.9438566343707,8.14175650923613,14.0307519360884,0,0,0,0,31.0489934794434,66.6416706989199,25.7054252181034,42.7413062492693,0,0,0,0,0,0,0,0,0,0,146.231117716738,77.6179615622953,165.377689990362,155.839072220649
"74",1996,939,6.08333333333333,6373.36764267025,5797.05081823222,1012.60298873976,1912.46814238238,427.619347058489,667.88347670205,0,0,0,0,0,0,0,0,0,0,0,0,1.60073135605661,3.09149257827688,0.784713320406001,1.23072414527316,0,0,0,0,0,0,0,0,0,0,3126.77162989476,2860.26412771154,375.000029357246,721.465028621825,155.701387371096,250.920704056553,0,0,120.135566257639,109.895921833154,14.4490105836988,27.8014013208028,5.99918808158754,9.66796398898618,0,0,27920.1456343205,25522.1700666638,3974.19747661776,7548.76019740506,1823.72432888059,2857.86934378002,0,0,1072.71486097288,980.603334603147,154.154455622333,293.14181367479,71.296808505428,111.846474791704,0,0,0,0,6.6701714928569,12.9481887824838,3.3564533833729,5.28343312199521,0,0,0,0,0,0,0,0,0,0,235.118058016739,229.127935953091,127.546789012331,268.377917911013,110.441796116631,189.318259074288,0,0,9.03358024743671,8.80346287707437,4.88423435877041,10.2732897928146,4.21317980568838,7.22037962882134,0,0,473.408452817119,450.478364615557,219.150229090789,473.615844814586,216.599590934457,374.329636491553,0,0,18.1890111625122,17.3081026695156,8.3959526194885,18.1380260552572,8.2695928713418,14.287645560628,0,0,0,0,31.46046904035,67.5942347258361,26.1662873728812,43.5945974808428,0,0,0,0,0,0,0,0,0,0,148.374656427529,78.4632685941009,169.848975912843,159.314217413356
"75",1996,939,6.16666666666667,6350.40700301917,5767.01482082273,1019.08552409274,1925.09999514409,432.053841090827,675.657245432067,0,0,0,0,0,0,0,0,0,0,0,0,1.61255144942729,3.11508167620322,0.793317430956442,1.245786560723,0,0,0,0,0,0,0,0,0,0,3143.63283940621,2871.06317242017,380.843820332161,733.227434789291,159.338248635247,257.288581315725,0,0,120.783400890997,110.310838400359,14.6742222053871,28.254752391511,6.13930279794836,9.91329264018865,0,0,27834.6927292721,25401.5838763148,3999.7763345596,7600.40889661299,1848.54725541933,2901.38206573409,0,0,1069.43183258906,975.970211930566,155.154849161042,295.166966607469,72.2719467654194,113.558155947307,0,0,0,0,6.72524852175194,13.0608719065029,3.40530008499282,5.36896923172404,0,0,0,0,0,0,0,0,0,0,235.636144107095,229.389367189933,129.351819533399,272.557009539717,112.77195003284,193.807883575836,0,0,9.05348624642316,8.81350747103093,4.95342197348583,10.4333865332823,4.30220843104976,7.39184107873173,0,0,469.66380472296,446.461003642583,221.148845746075,478.661333049958,219.967120389782,381.123530568168,0,0,18.0451375390054,17.1537491708951,8.47248968963215,18.3311403460353,8.39819543275795,14.54698907557,0,0,0,0,31.8706846043047,68.5458009942072,26.6308659947236,44.456699717787,0,0,0,0,0,0,0,0,0,0,150.522797914013,79.3095085188047,174.398121126171,162.855443596828
"76",1996,939,6.25,6327.38171229429,5737.08898423175,1025.29977164731,1937.24620395485,436.455818021873,683.388360020285,0,0,0,0,0,0,0,0,0,0,0,0,1.62414051846963,3.13822792442176,0.801875596164108,1.26079379544525,0,0,0,0,0,0,0,0,0,0,3160.84177716385,2882.14194361043,386.739700934366,745.11006585505,163.047204967398,263.795691164698,0,0,121.444595799649,110.73650250632,14.9014417695892,28.7127381828532,6.2821949342009,10.1639849783935,0,0,27749.6758952492,25281.8163338842,4024.67158454437,7650.82428891523,1873.37903001684,2945.01615334847,0,0,1066.16555768473,971.368543082767,156.128873598123,297.14459244657,73.2475781890018,115.274882330797,0,0,0,0,6.77942590369119,13.1719523832591,3.45429300834722,5.45495553675057,0,0,0,0,0,0,0,0,0,0,236.181410208959,229.66828103433,131.16795307946,276.751840452077,115.144880944852,198.379202190341,0,0,9.07443654253274,8.82422377479204,5.02303885442716,10.5940951352134,4.39287807651686,7.56643553935617,0,0,465.935569277279,442.469141617217,223.126518935061,483.676568802631,223.354129609328,387.979857237103,0,0,17.9018945005563,17.0003753833107,8.54822763978141,18.5231027134177,8.52754857624318,14.8087275011226,0,0,0,0,32.2794681191685,69.4960049291549,27.0990550532341,45.3274642787175,0,0,0,0,0,0,0,0,0,0,152.675792051744,80.1567456785825,179.026143582878,166.463485097629
"77",1996,939,6.33333333333333,6304.28937613326,5707.27020436999,1031.24963358301,1948.91237574892,440.821777925035,691.071496206493,0,0,0,0,0,0,0,0,0,0,0,0,1.63546418856654,3.16087104620249,0.810383223486417,1.27573840918358,0,0,0,0,0,0,0,0,0,0,3178.39411882409,2893.49583083995,392.687374809478,757.112467514177,166.828598999939,270.44333344286,0,0,122.118984835401,111.172737010465,15.1306579011617,29.1753413036272,6.42787773443426,10.4200911563378,0,0,27665.0962019638,25162.8651347148,4048.89614754193,7700.02643309934,1898.21199777177,2988.76075503885,0,0,1062.9160773646,966.798239510728,157.077017629507,299.075445383801,74.22340322729,116.996229253562,0,0,0,0,6.83268646109802,13.2813958925203,3.50341976570137,5.54137586628894,0,0,0,0,0,0,0,0,0,0,236.75347045935,229.964758031603,132.995258004217,280.963982458602,117.560841760532,203.033703459428,0,0,9.0964163103567,8.83561488303907,5.09308778853432,10.7554761520447,4.48519869462933,7.74422042394232,0,0,462.225004391731,438.503417086541,225.083015531717,488.659182751309,226.760156251088,394.897136247384,0,0,17.7593303778774,16.8480058407664,8.62315773944596,18.7138229862651,8.65763502513914,15.0728051677786,0,0,0,0,32.6866469342702,70.4444792805904,27.570744735466,46.206735534846,0,0,0,0,0,0,0,0,0,0,154.833885082434,81.0050447702806,183.734067744428,170.139101122847
"78",1996,939,6.41666666666667,6281.12760006319,5677.55538287384,1036.93893482487,1960.10402830091,445.148300549977,698.701409846652,0,0,0,0,0,0,0,0,0,0,0,0,1.64649461818475,3.18296169899783,0.818835232153193,1.29061231015192,0,0,0,0,0,0,0,0,0,0,3196.2859894668,2905.12063406979,398.686624294616,769.234289218965,170.68281382192,277.232857294326,0,0,122.806419117624,111.619380540584,15.3618622437059,29.642548337862,6.57636599291662,10.6816632146301,0,0,27580.9543503995,25044.7276653585,4072.46267911538,7748.03503285846,1923.03869147573,3032.60521610441,0,0,1059.68341856618,962.259200801188,157.999760019859,300.96026636761,75.1991293817631,118.721779282578,0,0,0,0,6.8850191302631,13.3891787686217,3.55266796390183,5.62821394818584,0,0,0,0,0,0,0,0,0,0,237.35194915465,230.278856746896,134.833794263167,285.194859316244,120.020073703205,207.772822396121,0,0,9.11941111482125,8.84768304593971,5.16357123671215,10.9175844638841,4.57917978953706,7.92525110748225,0,0,458.533300004087,434.564442190713,227.018100419231,493.606955877669,230.184697055536,401.873867489442,0,0,17.6174908900282,16.6966640626698,8.69727118374803,18.9032167503046,8.78843594488398,15.339165658001,0,0,0,0,33.0920491884537,71.3908566300925,28.045821639168,47.0943512027578,0,0,0,0,0,0,0,0,0,0,156.997319839358,81.8544707331446,188.522923780584,173.883072970314
"79",1996,939,6.5,6257.89400022357,5647.94143672791,1042.37142491813,1970.82659387993,449.432046947475,706.272939611651,0,0,0,0,0,0,0,0,0,0,0,0,1.65720974538769,3.20446024906182,0.827226163446845,1.30540689354596,0,0,0,0,0,0,0,0,0,0,3214.51391984671,2917.01252332052,404.737301380695,781.4752713118,174.610267724658,284.165655002159,0,0,123.506765352366,112.076285942741,15.5950491133103,30.1143493520075,6.72767585275275,10.9487548455507,0,0,27497.25070303,24927.4010326331,4095.38357145701,7794.86943962348,1947.85183446139,3076.53908284666,0,0,1056.46759522086,957.751315793064,158.897569681835,302.799783216393,76.1744713165761,120.451122398594,0,0,0,0,6.93641821148788,13.4952867360376,3.60202528868814,5.71545352030847,0,0,0,0,0,0,0,0,0,0,237.976481697194,230.61061568875,136.683615618579,289.445757648419,122.522808791204,212.59794464223,0,0,9.14340694755724,8.86042974305488,5.23449141794541,11.080469694658,4.67483051236033,8.10958108594228,0,0,454.861580631096,430.652803853179,228.931537414334,498.517812335449,233.627208073601,408.908529187936,0,0,17.4764192424997,16.5463725995621,8.7705591281099,19.0912050738375,8.91993095097613,15.6077517364367,0,0,0,0,33.4955045928164,72.3347707762129,28.5241687893226,47.9901422860689,0,0,0,0,0,0,0,0,0,0,159.166335757251,82.7050886899447,193.3937474952,177.696203326439
"80",1996,939,6.58333333333333,6234.58621516171,5618.42530858855,1047.55078284899,1981.08542650619,453.669758539822,713.781007265765,0,0,0,0,0,0,0,0,0,0,0,0,1.66759220473287,3.22533500499585,0.835550330457471,1.32011322966699,0,0,0,0,0,0,0,0,0,0,3233.0747827318,2929.1679803528,410.839314747835,793.835226885195,178.611406771747,291.243152963846,0,0,124.219903386372,112.543318040554,15.830215001724,30.5907372001318,6.88182452115636,11.2214210473235,0,0,27413.9853298152,24810.882106137,4117.67096490224,7840.54866812635,1972.64433737453,3120.55210053236,0,0,1053.26861002104,953.274464210925,159.770906110488,304.594711207654,77.1491507433813,122.183855928656,0,0,0,0,6.98688230202458,13.5997131036754,3.65147961057188,5.80307847214548,0,0,0,0,0,0,0,0,0,0,238.626715312843,230.960056194767,138.544772460921,293.717844089564,125.069273034877,217.510412971,0,0,9.16839025447082,8.87385579421035,5.30585041708546,11.2441768675714,4.77215978411228,8.29726222493326,0,0,451.210910500445,426.769065948316,230.823090321376,503.389806396814,237.087106416244,415.999576808215,0,0,17.3361563243913,16.397153116402,8.84301272780626,19.2777140065205,9.05209817478513,15.8785053069058,0,0,0,0,33.8968452986114,73.2758583175057,29.0056657700094,48.8939332298353,0,0,0,0,0,0,0,0,0,0,161.341168997289,83.5569638731477,198.347580021469,181.579314729429
"81",1996,939,6.66666666666667,6211.20191568195,5589.00397529477,1052.48062087319,1990.88580781696,457.858256720088,721.220618434765,0,0,0,0,0,0,0,0,0,0,0,0,1.67762851454468,3.24556088574197,0.843801922105676,1.33472219579955,0,0,0,0,0,0,0,0,0,0,3251.96574305047,2941.58375328898,416.992619410712,806.314027188748,182.686698783519,298.466804390127,0,0,124.945724291659,113.020351891685,16.0673581794359,31.0717069648115,7.03883003887025,11.4997178443419,0,0,27331.1580439302,24695.1675512912,4139.33675656138,7885.09140795145,1997.40929582358,3164.63421210481,0,0,1050.08645579295,948.828517934521,160.620219708904,306.345753515764,78.1228963384793,123.919584505109,0,0,0,0,7.03641349698807,13.7024574062777,3.70101905300666,5.89107293762179,0,0,0,0,0,0,0,0,0,0,239.302309490807,231.327184675207,140.417313739303,298.012178746725,127.65968869201,222.511532252061,0,0,9.19434795264221,8.88796144569949,5.37765025863472,11.4087469198366,4.87117638242348,8.48834494951744,0,0,447.582297520624,422.913770828403,232.692524028141,508.221112251531,240.563771899348,423.145442248805,0,0,17.1967408609391,16.2490264512347,8.91462317914706,19.4626741873608,9.18491432548906,16.1513673803888,0,0,0,0,34.2959065425077,74.2137598516292,29.4901888572032,49.8055420670506,0,0,0,0,0,0,0,0,0,0,163.522052556054,84.4101615653376,203.385467675744,185.533248386427
"82",1996,939,6.75,6187.73881337002,5559.67445511067,1057.16448800957,2000.23295237786,461.994442471613,728.586863383949,0,0,0,0,0,0,0,0,0,0,0,0,1.68730842578769,3.26511834578821,0.851975076452272,1.34922457069539,0,0,0,0,0,0,0,0,0,0,3271.18421561599,2954.25681838829,423.197207852171,818.911589081643,186.836628139299,305.838083000203,0,0,125.684128741216,113.507271319176,16.3064783556857,31.5572554762406,7.19871108088362,11.7837020455197,0,0,27248.7684320007,24580.2538571848,4160.3926081202,7928.5160338493,2022.13998776646,3208.7755565045,0,0,1046.92111665831,944.413342068662,161.445952082068,308.053601602289,79.095443649711,125.657920009492,0,0,0,0,7.08501675220177,13.8035243134735,3.7506320329736,5.97942135278567,0,0,0,0,0,0,0,0,0,0,240.002936175204,231.711994508711,142.301288282184,302.329726745102,130.29427588951,227.602573547203,0,0,9.22126743768607,8.90274644311995,5.44989295728594,11.5742171442633,4.97188900389626,8.68287840068119,0,0,443.976696756834,419.087440520047,234.53960564433,513.010015097794,244.05654882792,430.344533350013,0,0,17.0582095470648,16.1020126611606,8.98538176230166,19.6460205021296,9.31835475739198,16.4262780550742,0,0,0,0,34.6925271292391,75.1481209027217,29.9776111715005,50.7247805931995,0,0,0,0,0,0,0,0,0,0,165.709216379482,85.2647470483297,208.508461899431,189.558863138172
"83",1996,939,6.83333333333333,6164.19466824203,5530.43381412062,1061.60587332834,2009.13201265801,466.075296011735,735.874917819664,0,0,0,0,0,0,0,0,0,0,0,0,1.69662436229429,3.28399244899696,0.860063940857622,1.36361111249289,0,0,0,0,0,0,0,0,0,0,3290.72782785121,2967.18434656489,429.453102104599,831.627863762452,191.061691068068,313.358477233318,0,0,126.435025576838,114.003967625027,16.5475763747517,32.0473808801973,7.36148677583663,12.0734310223824,0,0,27166.815880711,24466.1373609756,4180.84995309496,7970.84061525452,2046.82987077351,3252.96646680015,0,0,1043.77256905664,940.028795880715,162.248536309913,309.718935575872,80.0665349984486,127.398481509078,0,0,0,0,7.13269933711216,13.9029226908172,3.80030729154355,6.06810850011933,0,0,0,0,0,0,0,0,0,0,240.728279816665,232.114467706735,144.196745789887,306.671368458565,132.973253872331,232.784777656568,0,0,9.24913658573435,8.91821009532388,5.52258055592704,11.7406215805973,5.07430631212548,8.88091057074879,0,0,440.395013552679,415.290577698846,236.364105608979,517.754903152377,247.56474784713,437.595233655739,0,0,16.9205971673161,15.9561310597831,9.05527988296531,19.8276917759923,9.45239353981733,16.7031765060408,0,0,0,0,35.08654982583,76.0785926969231,30.4678028347925,51.6514545491405,0,0,0,0,0,0,0,0,0,0,167.902887476586,86.1207855580284,213.71761923543,193.657034522838
"84",1996,939,6.91666666666667,6140.56729550785,5501.27917177703,1065.80820901342,2017.58808363458,470.097876458208,743.080043709243,0,0,0,0,0,0,0,0,0,0,0,0,1.7055709593515,3.30217210120284,0.868062716365792,1.37787261710435,0,0,0,0,0,0,0,0,0,0,3310.59438758713,2980.36367467614,435.760346850895,844.462826882305,195.362391483215,321.029485080234,0,0,127.198330571884,114.510338487038,16.790653951262,32.5420822589299,7.52717654624888,12.3689625108715,0,0,27085.2995997271,24352.8142688176,4200.72000350347,8012.08292494584,2071.47257914647,3297.19746809035,0,0,1040.64078262597,935.674733604675,163.028397198092,311.342424519304,81.0359193759053,129.140895184525,0,0,0,0,7.17947038529222,14.0006648242458,3.85003391144533,6.1571195359101,0,0,0,0,0,0,0,0,0,0,241.478037278604,232.534576341805,146.103737473884,311.037908394463,135.696841858116,238.05935807757,0,0,9.27794374983532,8.9343513292937,5.59571515016304,11.9079913554492,5.17843697055536,9.08248841628409,0,0,436.83810629859,411.523666449536,238.165798769052,522.4542605903,251.087647850757,444.895902410716,0,0,16.7839367022332,15.811400246415,9.12430911294923,20.0076305017399,9.58700352922109,16.9820009838997,0,0,0,0,35.4778216594834,77.004832773786,30.9606311334598,52.5853638152977,0,0,0,0,0,0,0,0,0,0,170.10329003327,86.9783422451824,219.014001343064,197.828653941134
"85",1997,939,7,6117.10956707445,5472.3770265286,1069.89315592603,2025.83223803638,474.021370214707,750.152483449472,0,0,0,0,0,0,0,0,0,0,0,0,1.71407887515254,3.31955462110126,0.875895274274589,1.39191586675239,0,0,0,0,0,0,0,0,0,0,3330.78810144117,2993.81257953384,442.088262326398,857.373226381955,199.723045442184,328.832545319149,0,0,127.974205351322,115.027066918746,17.0345303527126,33.0396948552506,7.69517613167345,12.6695814227836,0,0,27004.4196872672,24240.5317930558,4219.84550182258,8052.06087253303,2095.89369153987,3341.25792816741,0,0,1037.53344548823,931.360653537223,163.779420821487,312.916951769529,81.9967708534428,130.87690770002,0,0,0,0,7.22504916694097,14.096339314768,3.89948825850599,6.24606350181223,0,0,0,0,0,0,0,0,0,0,242.229556471335,232.956600802175,147.989150635078,315.377435833114,138.432107119849,243.383733206198,0,0,9.30681860372472,8.9505661723269,5.66802892003647,12.0743399319821,5.2830244672508,9.28598797692019,0,0,433.306284162795,407.789333451074,239.931842882662,527.086121634446,254.604012992786,452.217607381411,0,0,16.6482400304471,15.6679211422808,9.19197733999429,20.1849954734425,9.72137429369561,17.2616480188279,0,0,0,0,35.86475200283,77.9241524135882,31.4534382718189,53.5230822261773,0,0,0,0,0,0,0,0,0,0,172.340484622433,87.8590455411552,224.471907237483,202.181971095788
"86",1997,939,7.08333333333333,6095.34094836359,5444.73924030509,1074.56021684101,2035.20141782196,477.629579977318,756.835559944152,0,0,0,0,0,0,0,0,0,0,0,0,1.72195575181001,3.33592935819527,0.883142638004302,1.4052375238705,0,0,0,0,0,0,0,0,0,0,3351.24057943088,3007.55230820438,448.243427996089,870.076333696041,204.032487786306,336.624464867095,0,0,128.760022262661,115.55496926642,17.2717614599095,33.5293368168079,7.8612039530431,12.969773183113,0,0,26925.4261315488,24130.8153707648,4237.27762422828,8089.66461424687,2119.09506861816,3383.95052466155,0,0,1034.49858428915,927.145165430933,164.464758101461,314.399237217853,82.9100303995134,132.559606543647,0,0,0,0,7.2677136362249,14.1874782256367,3.94679675575406,6.33267642256997,0,0,0,0,0,0,0,0,0,0,242.85727736661,233.292808014918,149.666806788063,319.392690280366,140.988609201553,248.505174270225,0,0,9.33093694815716,8.96348377900998,5.73239236989417,12.2282893047429,5.38080073909616,9.48176665676841,0,0,429.800586740049,404.10442669824,241.583601578346,531.524306058168,257.987688087914,459.393244418375,0,0,16.5135470944136,15.526341074404,9.25527054873382,20.3549522568031,9.85068939648925,17.5357400198164,0,0,0,0,36.2387035541939,78.8224015211053,31.9310438433037,54.445142851382,0,0,0,0,0,0,0,0,0,0,174.789639342287,88.8896921854241,230.521843793913,207.3532892103
"87",1997,939,7.16666666666667,6073.51756720604,5417.21120894999,1078.99532527326,2044.13999534586,481.187747820451,763.44427699774,0,0,0,0,0,0,0,0,0,0,0,0,1.72976378073743,3.35214440138368,0.890288869511965,1.41841353054895,0,0,0,0,0,0,0,0,0,0,3371.84397916889,3021.38199880045,454.430065580123,882.853107232515,208.392678821691,344.528966740875,0,0,129.551637828919,116.086328095137,17.5102065480633,34.021822168,8.02918899886246,13.2743056088744,0,0,26846.9837446572,24021.9749417265,4254.19978833403,8126.30485296283,2142.2255519418,3426.64859164521,0,0,1031.48489875962,922.963334447177,165.130325762839,315.844206323209,83.8206368022329,134.242775563042,0,0,0,0,7.3094643600107,14.2770339475844,3.99408549216611,6.4195093882846,0,0,0,0,0,0,0,0,0,0,243.519148848742,233.654161152863,151.370618297662,323.453960872004,143.597193844735,253.727983618876,0,0,9.35636740900926,8.97736753247515,5.79776223738842,12.3840118620911,5.48057530244427,9.68143444227989,0,0,426.327764573235,400.457339982911,243.205096407337,535.906155125312,261.37573911025,466.605917442606,0,0,16.3801172594013,15.3862141136292,9.31741017739989,20.5227650668735,9.98018270024161,17.8112671289823,0,0,0,0,36.6094072590172,79.7154014865926,32.4105382508369,55.3733386133815,0,0,0,0,0,0,0,0,0,0,177.245306682666,89.9218812766596,236.661395693662,212.609167949039
"88",1997,939,7.25,6051.63420244204,5389.78724214992,1083.2015339261,2052.65237214209,484.692915850344,769.973879191844,0,0,0,0,0,0,0,0,0,0,0,0,1.73745121386172,3.36810797459404,0.89733506970455,1.43144409434105,0,0,0,0,0,0,0,0,0,0,3392.61561096257,3035.317533021,460.650656374958,895.708885021631,212.806684705094,352.551628661444,0,0,130.349717139787,116.621753605168,17.7499609147442,34.5173558033205,8.19924891795091,13.583392826546,0,0,26769.0772773468,23913.9932476199,4270.62055998191,8161.99486053682,2165.27894472867,3469.34222210867,0,0,1028.49180300924,918.814497493096,165.776448205419,317.252357018285,84.7283451867681,135.926023372024,0,0,0,0,7.35032832549624,14.3650300470365,4.0413429620444,6.50654610675166,0,0,0,0,0,0,0,0,0,0,244.213561566298,234.039526496047,153.098498854878,327.558659216879,146.255956497093,259.05036800425,0,0,9.38304815257713,8.99217387338589,5.86405871224272,12.5414086703109,5.58227549121726,9.88492306388089,0,0,422.887984861242,396.847781438042,244.797418735843,540.231913748563,264.768056630017,473.85445550462,0,0,16.247956949469,15.247529045953,9.37843810975365,20.6884436030525,10.1098502886193,18.0881853671081,0,0,0,0,36.976723810817,80.6028392990421,32.8917764240189,56.3074415270168,0,0,0,0,0,0,0,0,0,0,179.707823217732,90.955721429594,242.892160803723,217.950939699717
"89",1997,939,7.33333333333333,6029.68615693303,5362.46213687739,1087.18189554044,2060.74300093577,488.142234493605,776.41974466824,0,0,0,0,0,0,0,0,0,0,0,0,1.7449758647013,3.38374463416881,0.904280879682707,1.4443274479888,0,0,0,0,0,0,0,0,0,0,3413.57022804316,3049.37237534445,466.907289552388,908.648150549086,217.277168568893,360.697383612905,0,0,131.154827038003,117.161763123307,17.991104817588,35.0161098510459,8.37148592227269,13.897224265618,0,0,26691.6933067473,23806.8547865094,4286.54854133644,8196.74811417457,2188.24937417382,3512.02194872591,0,0,1025.51878131878,914.698058958996,166.40345146224,318.624195538417,85.6329230826924,137.608975318709,0,0,0,0,7.39033086943395,14.4514911840174,4.08855900027403,6.59377195846056,0,0,0,0,0,0,0,0,0,0,244.939078988555,234.447901266982,154.848665579568,331.704609069642,148.963326774735,264.470979626586,0,0,9.41092398519537,9.00786427342507,5.93121360807801,12.7003965922323,5.68584144416936,10.0921813387501,0,0,419.481455748618,393.275535909083,246.361505211077,544.501721656949,268.164399724203,481.137548163373,0,0,16.1170741618532,15.1102776047897,9.43839030204526,20.851993524492,10.2396832083764,18.3664453980153,0,0,0,0,37.3405221509081,81.4844128209989,33.3746121931806,57.2472203510731,0,0,0,0,0,0,0,0,0,0,182.177510140019,91.9913165349805,249.215659794832,223.379900562066
"90",1997,939,7.41666666666667,6007.66919638157,5335.23111938117,1090.93945714602,2068.41637413109,491.532959529505,782.777381950506,0,0,0,0,0,0,0,0,0,0,0,0,1.75230349918415,3.39899260472583,0.911124845823955,1.45706032696659,0,0,0,0,0,0,0,0,0,0,3434.72038673558,3063.55791608885,473.201719221192,921.674653946149,221.806442695146,368.970602094397,0,0,131.967449957649,117.706794283788,18.2337056606402,35.5182283156582,8.54598878240554,14.2159678047525,0,0,26614.8199755533,23700.5455661771,4301.99233720715,8230.57822709124,2211.13126718894,3554.67870831333,0,0,1022.56537811956,910.613481240989,167.011661899474,319.960233750158,86.5341494973774,139.291272126182,0,0,0,0,7.42949585667062,14.5364427340837,4.13572451755454,6.68117367110609,0,0,0,0,0,0,0,0,0,0,245.694417091168,234.878396815281,156.619595256632,335.889982074865,151.718016136232,269.988843438348,0,0,9.43994557272848,9.0244045892214,5.99916868499135,12.8609058230061,5.79122409977275,10.3031723838892,0,0,416.108412923667,389.740449412562,247.898160177735,548.715635272568,271.564418671449,488.453773493001,0,0,15.987477952051,14.9744538738448,9.49729764142907,21.0134172884207,10.3696683392085,18.6459936034333,0,0,0,0,37.7006789947153,82.3598306788156,33.8588985397535,58.1924408443444,0,0,0,0,0,0,0,0,0,0,184.654674767003,93.0287662616996,255.633348174775,228.897317396361
"91",1997,939,7.5,5985.57948170068,5308.08978110246,1094.4772563132,2075.67701406432,494.862445397993,789.042422055792,0,0,0,0,0,0,0,0,0,0,0,0,1.75940624940321,3.41380112061337,0.917864735412839,1.46963838746848,0,0,0,0,0,0,0,0,0,0,3456.07682564333,3077.88383199807,479.535423614339,934.791538865131,226.396525119772,377.375181925903,0,0,132.787998493046,118.257218882584,18.4778202628812,36.0238319394851,8.7228349935251,14.5397732085819,0,0,26538.4467174109,23595.0528427709,4316.96052927349,8263.4988894288,2233.9193179125,3597.3037954468,0,0,1019.63118744252,906.560274699424,167.601405211277,321.260986857907,87.4318136729556,140.972568119708,0,0,0,0,7.46784588846011,14.6199104821833,4.18283125847017,6.76873901776253,0,0,0,0,0,0,0,0,0,0,246.478421409666,235.330220224216,158.409978419328,340.11323202194,154.518964159963,275.603283318864,0,0,9.47006855893016,9.04176435564392,6.06787388984979,13.0228773690704,5.89838313747786,10.5178707852811,0,0,412.769107956482,386.242414214425,249.408079273007,552.87364857058,274.967677360818,495.801624506053,0,0,15.8591779857533,14.840053713801,9.55518684950687,21.1727149496706,10.4997892524206,18.9267730972089,0,0,0,0,38.0570781199399,83.2288116866721,34.3444878039363,59.1428660415266,0,0,0,0,0,0,0,0,0,0,187.139612396773,94.0681666538176,262.146628834479,234.504434878626
"92",1997,939,7.58333333333333,5963.41353839698,5281.03404915406,1097.79831851817,2082.52946788795,498.12814438059,795.210618002941,0,0,0,0,0,0,0,0,0,0,0,0,1.76626181694902,3.42812908925222,0.924497695200237,1.48205641795355,0,0,0,0,0,0,0,0,0,0,3477.64865425247,3092.35826647093,485.909634231982,948.001404765069,231.049167086878,385.914591588822,0,0,133.616822645214,118.813349802102,18.7234959749613,36.5330205887893,8.90209182556833,14.8687737856645,0,0,26462.5641190391,23490.3649901872,4331.46165851183,8295.52383201651,2256.60847508892,3639.88884379081,0,0,1016.71584762075,902.537992640364,168.173005741874,322.526972009186,88.3257146046821,142.652530511644,0,0,0,0,7.50540239947157,14.7019204593201,4.22987168696766,6.85645667137388,0,0,0,0,0,0,0,0,0,0,247.290055886863,235.802665201193,160.218696222682,344.373061318994,157.365310845986,281.313883525374,0,0,9.5012531369434,9.05991643579958,6.13728646980114,13.1862617622131,6.00728591606819,10.7362611195999,0,0,409.463801416989,382.781360635252,250.891861482456,556.975704617272,278.373665012467,503.179523367293,0,0,15.7321842744319,14.7070744474616,9.6120809437694,21.329884602328,10.630026659902,19.2087242704961,0,0,0,0,38.4096101268132,84.0910847879035,34.8312318047223,60.0982563506199,0,0,0,0,0,0,0,0,0,0,189.632607168811,95.1096104100074,268.756858491518,240.20247932019
"93",1997,939,7.66666666666667,5941.16821398583,5254.06014584391,1100.90565447665,2088.97830107836,501.327603007551,801.277840900712,0,0,0,0,0,0,0,0,0,0,0,0,1.77285244980572,3.44194336959575,0.931020446919115,1.4943085999158,0,0,0,0,0,0,0,0,0,0,3499.44359964234,3106.98806396249,492.32537478754,961.306390824132,235.765890825494,394.591930358826,0,0,134.4542193009,119.37545001725,18.9707721719928,37.0458764692538,9.08381776888408,15.2030886898797,0,0,26387.1637406114,23386.471329792,4345.5042068319,8326.66678509481,2279.19392112718,3682.42579603646,0,0,1013.81903438838,898.546224773198,168.726785771069,323.758706695542,89.2156602405769,144.330838252455,0,0,0,0,7.54218579338961,14.78249875114,4.27683883798797,6.94431601783088,0,0,0,0,0,0,0,0,0,0,248.128387605,236.295099889328,162.044790129891,348.668377696432,160.256361034257,287.120439614226,0,0,9.53346346268541,9.07883655273446,6.2073698104755,13.3510173991703,6.11790610991658,10.958336071969,0,0,406.192755483252,379.357247453612,252.350024742418,561.02170910128,281.781810698373,510.58583821263,0,0,15.6065068913418,14.5755144910313,9.66799983490393,21.4849228979929,10.7603589703237,19.4917854370327,0,0,0,0,38.7581719888989,84.9463887137409,35.3189819859385,61.058369727789,0,0,0,0,0,0,0,0,0,0,192.133933296027,96.1531872760326,275.465355913884,245.992663299962
"94",1997,939,7.75,5918.84064586106,5227.16455796678,1103.8022582131,2095.02809268424,504.458459553084,807.240077488542,0,0,0,0,0,0,0,0,0,0,0,0,1.77916417658471,3.45521747532703,0.937429423206103,1.50638869127793,0,0,0,0,0,0,0,0,0,0,3521.46819617447,3121.77895045483,498.783490800779,974.708239981786,240.548018736131,403.409974779093,0,0,135.300439520722,119.943739529417,19.2196813879318,37.5624665801826,9.26806365126132,15.5428246991853,0,0,26312.2379772286,23283.3619991235,4359.09658297469,8356.94144640867,2301.67105580815,3724.90688061282,0,0,1010.94045555821,894.58459216597,169.263064965368,324.956707516728,90.1014668594934,146.007181141415,0,0,0,0,7.57821554855664,14.8616713659109,4.32372621403556,7.03230702391574,0,0,0,0,0,0,0,0,0,0,248.992574724757,236.806957318601,163.887438488253,352.998261022022,163.191556988195,293.022920614499,0,0,9.56666719144572,9.09850292255177,6.27809253821951,13.517109268923,6.23022265806345,11.1840949850027,0,0,402.956228472677,375.970054594695,253.783018092886,565.011540681625,285.191494417795,518.018895806203,0,0,15.4821557614043,14.4453730732023,9.72296079193197,21.6378254418682,10.8907627131644,19.7758933184394,0,0,0,0,39.102666701494,85.7944717090585,35.8075895365601,62.0229618216216,0,0,0,0,0,0,0,0,0,0,194.64385604455,97.1989843525134,282.273408204949,251.876189164463
"95",1997,939,7.83333333333333,5896.42823452902,5200.34401113155,1106.49110563041,2100.68343157298,507.518441879253,813.093428184723,0,0,0,0,0,0,0,0,0,0,0,0,1.78518618028523,3.46793050750335,0.943720869966389,1.51829016626297,0,0,0,0,0,0,0,0,0,0,3543.72794494454,3136.73568526688,505.284674211367,988.208352484128,245.396698132267,412.371218083695,0,0,136.155694665574,120.518401199247,19.4702502591854,38.0828447666338,9.45487358497624,15.8880777247444,0,0,26237.7799422019,23181.0278412436,4372.24711118776,8386.36145496589,2324.0354820095,3767.32459145178,0,0,1008.07984653733,890.652742994092,169.782159936263,326.121489163271,90.9829585267221,147.681259054819,0,0,0,0,7.61351030873923,14.9394641372436,4.37052770638109,7.12042013556271,0,0,0,0,0,0,0,0,0,0,249.881856021175,237.337727206884,165.745936756072,357.361935577268,166.170455418209,299.021437388763,0,0,9.60083507583993,9.11889593939436,6.34942776227152,13.6845078894206,6.34421888339838,11.4135426449637,0,0,399.75447057393,372.619777144552,255.19123200066,568.945059499675,288.602056261399,525.476991794925,0,0,15.3591404972213,14.3166500051713,9.77697883724197,21.7885871183983,11.0212128893768,20.0609834371383,0,0,0,0,39.4430029671281,86.6350912661196,36.296905498424,62.9917861091125,0,0,0,0,0,0,0,0,0,0,197.162632593026,98.2470863608861,289.182276027509,257.854251877973
"96",1997,939,7.91666666666667,5873.92862065003,5173.59544768965,1108.97515340744,2105.94891333265,510.505365513845,818.834105469396,0,0,0,0,0,0,0,0,0,0,0,0,1.79091026307755,3.48006623959805,0.949890930333209,1.53000633076157,0,0,0,0,0,0,0,0,0,0,3566.22745173006,3151.86219235135,511.829484660039,1001.80783238656,250.312922937982,421.477904834366,0,0,137.020161696793,121.099585791277,19.7225003405359,38.6070535017749,9.64428579742806,16.238934136972,0,0,26163.783365841,23079.4603088611,4384.9640217461,8414.94036859114,2346.28299282754,3809.67166983661,0,0,1005.23696643841,886.750348856605,170.284383869745,327.2535635454,91.859966603234,149.352781254309,0,0,0,0,7.64808796270303,15.015902645518,4.41723752988268,7.20864619355348,0,0,0,0,0,0,0,0,0,0,250.795541591939,237.886948740981,167.619680273024,361.758746063025,169.192707585078,305.116215267817,0,0,9.63594060880746,9.13999789808047,6.42135241443085,13.8531883873254,6.45988172985902,11.6466882317564,0,0,396.587720418866,369.306420315405,256.575007371898,572.822114395466,292.012804239051,532.958399272688,0,0,15.2374702673662,14.1893454871988,9.83006709141738,21.9372023672133,11.1516832707633,20.3469904442647,0,0,0,0,39.7790949079363,87.4680138689463,36.7867808672238,63.96459402763,0,0,0,0,0,0,0,0,0,0,199.690512800977,99.2975758785209,296.193198083829,263.928041423589
"97",1998,939,8,5851.53941654979,5147.00836589232,1111.38328803922,2111.1525176833,513.364442101648,824.432336346082,0,0,0,0,0,0,0,0,0,0,0,0,1.79624566308102,3.49157192351759,0.95583688316349,1.54148056144604,0,0,0,0,0,0,0,0,0,0,3589.02962961936,3167.2808687399,518.313201123326,1015.38044026596,255.270629779246,430.717342271163,0,0,137.896257835843,121.691995995198,19.972404999448,39.130240435125,9.83529611427663,16.5949049286174,0,0,26090.7569744881,22979.4769086575,4396.64598976266,8442.07818024323,2368.16441125689,3851.81658873448,0,0,1002.43136106662,882.90881969025,170.746535610181,328.32980373496,92.7227312245784,151.016585194055,0,0,0,0,7.68154649439926,15.0907401861939,4.46338895769584,7.29674117493036,0,0,0,0,0,0,0,0,0,0,251.703032630391,238.450956058211,169.455866342056,366.153437747103,172.205249796441,311.277840823745,0,0,9.6708081385185,9.1616679502981,6.49184366776785,14.021800947228,6.57518538533014,11.8824095685406,0,0,393.462489024835,366.044928068833,257.910612691304,576.617361582008,295.392204792027,540.444041271171,0,0,15.1173952344636,14.0640336902752,9.88131527967479,22.0826988588866,11.2809698074885,20.6331866127332,0,0,0,0,40.1087862477363,88.2915893439763,37.273218025288,64.939050186105,0,0,0,0,0,0,0,0,0,0,202.267621662184,100.362336582601,303.419500052632,270.168240258189
"98",1998,939,8.08333333333333,5829.51561358134,5120.70037389128,1113.87673632934,2116.7028877545,516.032965358335,829.859854125944,0,0,0,0,0,0,0,0,0,0,0,0,1.80118727042001,3.50259528737044,0.96143189209315,1.55264552102152,0,0,0,0,0,0,0,0,0,0,3612.16828064691,3183.10215563861,524.605781821008,1028.76637642021,260.226764111599,440.058730778831,0,0,138.78528181094,122.299875138763,20.2149619104113,39.6462604636769,10.0262465476491,16.9548047639632,0,0,26019.3636109395,22882.1136146279,4406.5670159412,8467.05934238066,2389.35762471688,3893.58916529736,0,0,999.68849755012,879.167959300622,171.140590493259,329.322619625939,93.5586385377501,152.665996161663,0,0,0,0,7.71310941288111,15.163324738783,4.50838189978077,7.38438838306117,0,0,0,0,0,0,0,0,0,0,252.570588393417,239.026757339976,171.19122523263,370.498565113822,175.14519840159,317.470284910392,0,0,9.70414129516108,9.18379114559022,6.55847690562114,14.1885277366506,6.68772864616823,12.119331573,0,0,390.386148562886,362.855140099895,259.164214429356,580.300968067585,298.696022841053,547.91054581073,0,0,14.9991986477936,13.9414768873271,9.92942590994558,22.2239320056364,11.407383250381,20.9186800551689,0,0,0,0,40.4293568347298,89.1038559020034,37.7511043424499,65.9122385876138,0,0,0,0,0,0,0,0,0,0,204.944036672516,101.456329520116,311.001811572573,276.664227365851
"99",1998,939,8.16666666666667,5807.40616161721,5094.46234286532,1116.17274767549,2121.87053842421,518.630576495058,835.175770215057,0,0,0,0,0,0,0,0,0,0,0,0,1.80595800322966,3.51328863346896,0.966898225165567,1.56361121537059,0,0,0,0,0,0,0,0,0,0,3635.4946190749,3199.04141563395,530.946004372105,1042.25368330716,265.238700739988,449.531740315237,0,0,139.681517036107,122.912286997358,20.4593516039518,40.1661842674561,10.2193477390381,17.3197768549176,0,0,25948.4462031753,22785.5014737041,4416.12687760598,8491.30119024651,2410.40710237892,3935.25992358862,0,0,996.963919956195,875.455959469558,171.520535682138,330.28660093611,94.3890024102602,154.311614963714,0,0,0,0,7.74365923023092,15.2341895483336,4.55323874757067,7.4720978098434,0,0,0,0,0,0,0,0,0,0,253.467385347679,239.621920278907,172.944854966457,374.870892660495,178.13275966161,323.761053752245,0,0,9.73859794184565,9.20665824681941,6.62581466116639,14.3563080790476,6.80210120474952,12.3600314174436,0,0,387.344627524747,359.703944035925,260.388687208738,583.930093542855,301.991193519332,555.395682896741,0,0,14.8823398597267,13.8204028478436,9.97642732833686,22.3630955253677,11.5334799429422,21.2049132756165,0,0,0,0,40.7453399953616,89.9077509328988,38.2289221685961,66.8886104115283,0,0,0,0,0,0,0,0,0,0,207.629817185394,102.553005676781,318.687915009298,283.261087168303
"100",1998,939,8.25,5785.20882234674,5068.29135326921,1118.27418864678,2126.66000762782,521.155309566471,840.376528189076,0,0,0,0,0,0,0,0,0,0,0,0,1.81053263943584,3.52360121291605,0.97223497060999,1.57437510597545,0,0,0,0,0,0,0,0,0,0,3659.01588888954,3215.10540457886,537.333612825112,1055.84284498663,270.30803239033,459.139732169373,0,0,140.585241836877,123.529491141659,20.7055645766754,40.6900308427135,10.4146608111849,17.6899503196047,0,0,25877.9962525588,22689.6300073917,4425.33263300624,8514.81573205031,2431.30963121858,3976.82240419902,0,0,994.257301757734,871.772417596203,171.886640830415,331.222202130475,95.2136922612571,155.95318103456,0,0,0,0,7.7732846702894,15.3034493915705,4.59794861423748,7.55985454824917,0,0,0,0,0,0,0,0,0,0,254.392255618846,240.235766490514,174.716053644441,379.270553074261,181.16650818646,330.149377796929,0,0,9.77413320709929,9.23024318936681,6.6938302275675,14.525147369482,6.91824878022017,12.604480101355,0,0,384.338296671137,356.591187409992,261.584916966505,587.504162862781,305.277659342401,562.897830927891,0,0,14.7668331154643,13.7008057137979,10.022353432751,22.5001674348274,11.6592578076777,21.4918248583377,0,0,0,0,41.0566225524355,90.7030112536647,38.7065219509536,67.8679078098141,0,0,0,0,0,0,0,0,0,0,210.325267302811,103.652452192497,326.479238825446,289.960010892062
"101",1998,939,8.33333333333333,5762.92161638528,5042.18471532469,1120.18391182686,2131.07584824306,523.605287916016,845.458690890818,0,0,0,0,0,0,0,0,0,0,0,0,1.81489103644111,3.53349195994312,0.977440596518923,1.58493372741588,0,0,0,0,0,0,0,0,0,0,3682.73826852404,3231.29986648904,543.768293274858,1069.53406488976,275.436124191452,468.885671628205,0,0,141.496693598535,124.151708265934,20.9535890647132,41.2178083710569,10.6122381694326,18.0654391017827,0,0,25808.0060178554,22594.4894850944,4434.19123800878,8537.61489769178,2452.062193848,4018.2704288411,0,0,991.568345527757,868.116959815162,172.239171818827,332.12987498875,96.0325850600877,157.590444544676,0,0,0,0,7.80206089273114,15.3712029687006,4.64250285264006,7.64764613119243,0,0,0,0,0,0,0,0,0,0,255.344138398193,240.867686174582,176.504190680576,383.697681638261,184.245241260922,336.634740332066,0,0,9.81070633307254,9.25452254373115,6.76249961251438,14.6950510853715,7.03612561820195,12.8526583250268,0,0,381.367488559718,353.516723910206,262.753724361604,591.022697865998,308.555252022405,570.41529472908,0,0,14.6526911923895,13.58267986365,10.0672356280706,22.6351294658553,11.78471052488,21.7793505503058,0,0,0,0,41.3631083028912,91.4893973727459,39.1837536174047,68.849870614634,0,0,0,0,0,0,0,0,0,0,213.030679224803,104.754753238786,334.377167550204,296.7621850655
"102",1998,939,8.41666666666667,5740.54279821019,5016.13994556601,1121.9047541445,2135.12262387766,525.978721605028,850.418938163649,0,0,0,0,0,0,0,0,0,0,0,0,1.81901716693684,3.54292771024312,0.982513144273643,1.59528296606243,0,0,0,0,0,0,0,0,0,0,3706.66702210571,3247.6296779014,550.249689090133,1083.32731730201,280.624143948321,478.772179743004,0,0,142.41607457727,124.779125734529,21.2034116317043,41.7495161977999,10.8121246585884,18.4463439501752,0,0,25738.4684039168,22500.0708188468,4442.70953930462,8559.7105150637,2472.66195123323,4059.59807464882,0,0,988.896778662528,864.489236951957,172.578390485166,333.010067682397,96.8455646674287,159.223165423144,0,0,0,0,7.83005206910679,15.4375358325553,4.68689447703265,7.73546191569555,0,0,0,0,0,0,0,0,0,0,256.322067322275,241.517128980391,178.308696287065,388.152407042677,187.367940421296,343.216827284435,0,0,9.84828019064689,9.27947516455592,6.83180113728626,14.8660244351705,7.15569301846431,13.1045545638338,0,0,378.432497340112,350.480409785294,263.895870809187,594.48530711873,311.823713675654,577.94632793979,0,0,14.5399253921932,13.4660197742428,10.1111030552388,22.7679666705625,11.9098283444357,22.0674241198588,0,0,0,0,41.6647152222226,92.2666901731191,39.6604671540858,69.8342370012343,0,0,0,0,0,0,0,0,0,0,215.746334422717,105.859990338828,342.383048278028,303.668793673536
"103",1998,939,8.5,5718.0708365357,4990.15474819296,1123.43953645983,2138.80490687604,528.273904857946,855.254064407923,0,0,0,0,0,0,0,0,0,0,0,0,1.82289840723627,3.55188187355583,0.987450356701629,1.60541824708847,0,0,0,0,0,0,0,0,0,0,3730.80661736591,3264.09896096908,556.777410835775,1097.2223845775,285.873086022704,488.801574265784,0,0,143.343556430466,125.411901927161,21.4550175527537,42.285146262836,11.0143584757956,18.8327539841769,0,0,25669.3768740443,22406.3654795404,4450.89427211552,8581.1142964208,2493.1062280234,4100.79965225703,0,0,986.242350014469,860.888921304308,172.904554527965,333.863224238526,97.6525212748254,160.851112522354,0,0,0,0,7.85731327407865,15.502522567733,4.73111778098123,7.82329266949915,0,0,0,0,0,0,0,0,0,0,257.325159898571,242.183596529954,180.129053338604,392.634845976214,190.533741542346,349.895488779859,0,0,9.88682087315149,9.30508190336017,6.9017151265633,15.0380721517899,7.27691818870048,13.3601635934198,0,0,375.533579322221,347.482101307448,265.012063861668,597.891677138813,315.082713036412,585.489149265946,0,0,14.4285455627102,13.3508199233208,10.1539827957203,22.8986670834761,12.0345987062273,22.355977979835,0,0,0,0,41.9613733862763,93.0346883828337,40.1365129661461,70.8207439174458,0,0,0,0,0,0,0,0,0,0,218.472504676003,106.96824264409,350.498195898577,310.681019777204
"104",1998,939,8.58333333333333,5695.50440303473,4964.22700398364,1124.79106307666,2142.12727707726,530.489215595038,859.96097893425,0,0,0,0,0,0,0,0,0,0,0,0,1.82652504933496,3.56033352258326,0.992249765931018,1.61533466347184,0,0,0,0,0,0,0,0,0,0,3755.16080424382,3280.71115924809,563.351042755238,1111.21888228844,291.183787401038,498.97589714815,0,0,144.279283236782,126.050169150757,21.7083910653573,42.8246840675059,11.2189717845595,19.2247477452795,0,0,25600.7253905939,22313.3654405384,4458.7520568847,8601.83782614244,2513.39250352364,4141.86969218299,0,0,983.604827610131,857.3157044757,173.217917375103,334.689784064947,98.4533510616388,162.474063100242,0,0,0,0,7.88389177470546,15.5662282787257,4.77516808477402,7.91113029567066,0,0,0,0,0,0,0,0,0,0,258.352610317016,242.86663726364,181.964791868998,397.145099310086,193.741913804791,356.670711656132,0,0,9.92629742017144,9.33132541049922,6.9722236985219,15.211198346603,7.39977343842665,13.6194854349306,0,0,372.670953140154,344.521652952746,266.102960793816,601.241566368538,318.331856937784,593.041954316549,0,0,14.3185601042184,13.2370747196187,10.1959000075229,23.0272214891192,12.1590066792237,22.6449436409097,0,0,0,0,42.2530235821256,93.7932069268638,40.6117421529723,71.8091273925137,0,0,0,0,0,0,0,0,0,0,221.209452753242,108.079587116528,358.723896630048,317.800046651372
"105",1998,939,8.66666666666667,5672.84235807505,4938.35475662808,1125.9621215508,2145.09432047704,532.623113625288,864.536704546066,0,0,0,0,0,0,0,0,0,0,0,0,1.82988976965575,3.5682663978379,0.9969087844862,1.62502710999556,0,0,0,0,0,0,0,0,0,0,3779.73270416266,3297.46912350698,569.970149563947,1125.31628708932,296.556946432126,509.296946833281,0,0,145.223374926291,126.694036936405,21.9635156327078,43.3681097463105,11.4259914311794,19.6223944323996,0,0,25532.5083480078,22221.0631137376,4466.2893978976,8621.89255061231,2533.51840002887,4182.80292743665,0,0,980.983996077189,853.769294918802,173.518728124205,335.490181551681,99.2479557500241,164.091802158627,0,0,0,0,7.90982843662273,15.6287102193423,4.8190414660248,7.99896753952721,0,0,0,0,0,0,0,0,0,0,259.40368098119,243.56584052251,183.815482762249,401.683248577587,196.991836602586,363.542589894202,0,0,9.96668149216259,9.35818990779834,7.04331052429569,15.3854063750426,7.52423529401348,13.8825242203095,0,0,369.844800712048,341.598915733236,267.169173082927,604.534797854317,321.570702664851,600.602927479191,0,0,14.2099760063172,13.1247784387777,10.2368780954517,23.1536231400982,12.283035433914,22.934252166595,0,0,0,0,42.5396157513598,94.5420750245099,41.08600677561,72.7991228662668,0,0,0,0,0,0,0,0,0,0,223.957433241519,109.194098745663,367.061411970625,325.027058867792
"106",1998,939,8.75,5650.08374011081,4912.53620239626,1126.95548270033,2147.71062845161,534.674139397258,868.978376886656,0,0,0,0,0,0,0,0,0,0,0,0,1.83298722898959,3.5756681526229,1.00142476762279,1.63449037649435,0,0,0,0,0,0,0,0,0,0,3804.52487955736,3314.37517895445,576.634280801929,1139.51395720074,301.993137586627,519.766303674392,0,0,146.17592995184,127.343594622341,22.2203741129308,43.9153988551581,11.6354395091693,20.025754874388,0,0,25464.720520231,22129.4512992345,4473.51268269509,8641.2897709372,2553.48167345494,4223.59427965206,0,0,978.379654624139,850.24941600155,173.807231514691,336.264845783644,100.036242248214,165.704121916623,0,0,0,0,7.93515877532918,15.6900190237188,4.86273457867364,8.08679778862675,0,0,0,0,0,0,0,0,0,0,260.477695526319,244.280831727122,185.680732809087,406.249353967472,200.282981338102,370.511301467771,0,0,10.0079471021927,9.38566100331503,7.11496063949493,15.560698760074,7.65028380096659,14.1492873036821,0,0,367.055268329436,338.713736023095,268.211270242632,607.771253134581,324.798767633659,608.170250926828,0,0,14.1027988897829,13.0139251782444,10.2769388568302,23.2778675216099,12.4066666122464,23.2238345179776,0,0,0,0,42.8211078181306,95.2811347467834,41.5591600506047,73.7904654421128,0,0,0,0,0,0,0,0,0,0,226.716693230221,110.311850723959,375.511981747216,332.363242997616
"107",1998,939,8.83333333333333,5627.22775675901,4886.76968137274,1127.77390076121,2149.98079726977,536.640912881509,873.283243972201,0,0,0,0,0,0,0,0,0,0,0,0,1.83581373922433,3.582529720814,1.00579506158166,1.6437192209633,0,0,0,0,0,0,0,0,0,0,3829.5393934395,3331.43118304278,583.342973957147,1153.8111491957,307.492824263409,530.385352007846,0,0,147.137027577634,127.998913574852,22.4789488809441,44.4665230176253,11.8473338490885,20.434882374698,0,0,25397.3570154257,22038.5231418739,4480.42818212902,8660.04063748339,2573.28020495359,4264.23884675836,0,0,975.791615300362,846.75580433766,174.083667924898,337.014200323729,100.818122331535,167.310821343208,0,0,0,0,7.95991382849037,15.7501997349998,4.90624451372594,8.17461491749466,0,0,0,0,0,0,0,0,0,0,261.574032559418,245.011268107148,187.560180410111,410.843453082621,203.614895796852,377.577088649486,0,0,10.050070375428,9.41372552726367,7.1871602803909,15.7370771449668,7.77790192504122,14.4197845052782,0,0,364.302467904747,335.865954681178,269.229783383054,610.950866721511,328.015537630333,615.742111970193,0,0,13.9970330545005,12.9045088235578,10.3161026168704,23.3999521388015,12.5298806423766,23.5136218348931,0,0,0,0,43.0974647061163,96.0102397956078,42.0310565069456,74.7828901051166,0,0,0,0,0,0,0,0,0,0,229.487472925426,111.432914601594,384.076826692666,339.809788094776
"108",1998,939,8.91666666666667,5604.27377720757,4861.05366993507,1128.42011365035,2151.90942782042,538.522132556096,877.448665866838,0,0,0,0,0,0,0,0,0,0,0,0,1.83836698152939,3.58884478022103,1.0100170421187,1.65270842854182,0,0,0,0,0,0,0,0,0,0,3854.77786095567,3348.63857566558,590.09575671114,1168.20703194842,313.056369993281,541.155299480013,0,0,148.106729860187,128.660049116954,22.7392219164445,45.0214504622092,12.0616884471585,20.8498234510884,0,0,25330.4132365717,21948.2720933697,4487.04205087078,8678.15614578994,2592.91199334321,4304.73189192004,0,0,973.219701482356,843.288208331262,174.348273386955,337.738663049272,101.593512354692,168.911705738554,0,0,0,0,7.9841208917552,15.8092926774629,4.94956868812118,8.2624131632012,0,0,0,0,0,0,0,0,0,0,262.692120015109,245.756834894087,189.453491777606,415.465560195226,206.987190625251,384.740241114889,0,0,10.0930293322751,9.44237138573382,7.2598967391235,15.9145422650817,7.90707503393861,14.6940274626483,0,0,361.586478312334,333.055406395778,270.225208527546,614.07362113149,331.220473885693,623.316709100129,0,0,13.8926815309875,12.7965230231739,10.3543883548337,23.5198763252513,12.6526570087887,23.8035456667665,0,0,0,0,43.3686574999571,96.7292544552705,42.501552118489,75.7761319168417,0,0,0,0,0,0,0,0,0,0,232.270006203759,112.557360423596,392.757150638543,347.367886011207
"109",1999,939,9,5581.252116778,4835.23777392566,1128.95218183107,2153.55276129424,540.363686415984,881.424227408142,0,0,0,0,0,0,0,0,0,0,0,0,1.84072642789145,3.59451845368545,1.01417647897675,1.66136203437346,0,0,0,0,0,0,0,0,0,0,3880.47404541956,3366.2609981053,596.718708352127,1182.38699095467,318.711062395438,552.046084990281,0,0,149.094018359838,129.337130768324,22.9945134202459,45.5680887603658,12.2795547514288,21.2694200255669,0,0,25265.2227310378,21860.0811942228,4492.43400062847,8693.89579660989,2612.60012627192,4344.82891571998,0,0,970.71514921509,839.899766652474,174.565771843654,338.371233763966,102.371150911582,170.497174076852,0,0,0,0,8.00805917065212,15.8667709933903,4.99313999997762,8.34973117965866,0,0,0,0,0,0,0,0,0,0,263.873923922,246.509256844986,191.39918471865,420.034164499639,210.453749826348,391.937951927061,0,0,10.1384363706969,9.47128063066539,7.33464511832628,16.089970301983,8.03986187355204,14.9696179417091,0,0,358.931075024476,330.310392242061,271.190787285864,617.091338621239,334.443041828761,630.857155973876,0,0,13.7906578077756,12.6910551497991,10.3915350149996,23.63579114744,12.7761213863821,24.0921976877702,0,0,0,0,43.6365657037019,97.4353820294926,42.9742586856034,76.7657407860178,0,0,0,0,0,0,0,0,0,0,235.029279966395,113.705902392086,401.443180679778,355.179370659742
"110",1999,939,9.08333333333333,5558.16365247826,4809.31424368497,1129.37768075108,2154.92264820946,542.16729318294,885.207280826568,0,0,0,0,0,0,0,0,0,0,0,0,1.84289970871221,3.59958999059107,1.0182758128651,1.66967103424585,0,0,0,0,0,0,0,0,0,0,3906.62531992648,3384.29414489529,603.213759935715,1196.34794589882,324.45442026894,563.048022013983,0,0,150.098792146708,130.029993106049,23.2448946576677,46.1063146503448,12.5008376570913,21.6932996080101,0,0,25201.8462334997,21774.0021020044,4496.59586958787,8707.23240021227,2632.34006862516,4384.49223814845,0,0,968.280291999865,836.592464068281,174.73583719153,338.910831362152,103.15087141995,172.065750588683,0,0,0,0,8.03123902006895,15.9219156748978,5.0369781015642,8.43652173483655,0,0,0,0,0,0,0,0,0,0,265.11868120771,247.270350827181,193.384189222925,424.538928974092,214.013476409588,399.169356749957,0,0,10.1862621724469,9.50052306901032,7.41090374615484,16.2629636991734,8.17622090233209,15.2465230484801,0,0,356.339942647934,327.630003113069,272.132655231968,619.99732933352,337.689843731332,638.35504910095,0,0,13.6911034531544,12.588070274082,10.4277776267883,23.7474401674974,12.9005260336634,24.3792570062404,0,0,0,0,43.9012750834045,98.1282791433719,43.449351050186,77.751123289546,0,0,0,0,0,0,0,0,0,0,237.764011215706,114.879761111454,410.130460947903,363.253791630507
"111",1999,939,9.16666666666667,5534.97584988253,4783.44014870997,1129.64120704731,2155.97003461874,543.882146779813,888.846557616202,0,0,0,0,0,0,0,0,0,0,0,0,1.84480272126927,3.60416217650973,1.02221927401107,1.67772685475452,0,0,0,0,0,0,0,0,0,0,3932.98109777388,3402.45464809421,609.766006428859,1210.42213126765,330.257281491405,574.191917128574,0,0,151.111423278955,130.72774868067,23.4974741787872,46.6488970037294,12.724413537798,22.1226491570822,0,0,25138.8689206662,21688.5609198949,4500.52155736796,8720.0407082863,2651.88797754555,4423.96369695296,0,0,965.860771101944,833.309671060403,174.896563140884,339.429603796497,103.923116264397,173.62691725133,0,0,0,0,8.05334203002248,15.9752535904076,5.08061038904963,8.52324283474282,0,0,0,0,0,0,0,0,0,0,266.380438336528,248.048928095418,195.364406869047,429.06488383555,217.607763290689,406.501465133888,0,0,10.2347411336047,9.53043724325742,7.48698370793722,16.436781169444,8.31391338593956,15.5273024801592,0,0,353.78883013324,324.983720402649,273.059385826079,622.841026118082,340.930103303975,645.844779127747,0,0,13.5930867063758,12.4863958222116,10.4634468105577,23.856720458887,13.024695364319,24.66603722345,0,0,0,0,44.1606665312255,98.8104839010074,43.9227661720275,78.7363955406377,0,0,0,0,0,0,0,0,0,0,240.511700720576,116.057280336581,418.937112809992,371.444694220213
"112",1999,939,9.25,5511.68923225966,4757.61497538284,1129.74547527467,2156.69966903655,545.507304546415,892.340019393492,0,0,0,0,0,0,0,0,0,0,0,0,1.8464365635258,3.60822855943404,1.02600468964429,1.68552573575782,0,0,0,0,0,0,0,0,0,0,3959.54070976135,3420.74206654041,616.373336725938,1224.6054135767,336.12020634032,585.478404549274,0,0,152.131886044829,131.430380542051,23.7521714206192,47.1956777343506,12.9503038629503,22.557493022801,0,0,25076.2876160619,21603.7523737021,4504.21668799507,8732.33120802173,2671.24302595499,4463.24003669411,0,0,963.456464475419,830.051184985772,175.048166780874,339.927952076077,104.68784672545,175.180536130031,0,0,0,0,8.07450413730671,16.0269744749327,5.12402529719979,8.60987920370469,0,0,0,0,0,0,0,0,0,0,267.658914131073,248.844440549521,197.341997145769,433.613150575567,221.236419640848,413.933613832478,0,0,10.2838624509117,9.56100209451981,7.56296794577621,16.6114660294596,8.45293215178927,15.8119313428985,0,0,351.277488659309,322.371741711905,273.969788172553,625.622785806792,344.162674701261,653.325456720011,0,0,13.4965980074298,12.3860393863353,10.4984968201056,23.9636454984843,13.1485856594326,24.9525046051434,0,0,0,0,44.414646854109,99.4817880291986,44.3943617485839,79.7212954486003,0,0,0,0,0,0,0,0,0,0,243.272522787213,117.238541886838,427.863797100246,379.753284496184
"113",1999,939,9.33333333333333,5488.30438108567,4731.83825041056,1129.69317240462,2157.11627648911,547.041891292464,895.685728451709,0,0,0,0,0,0,0,0,0,0,0,0,1.84780290379389,3.61178509493628,1.02963000150915,1.69306392128533,0,0,0,0,0,0,0,0,0,0,3986.30354815663,3439.1560176162,623.033783150156,1238.89399354615,342.043642576552,596.908064701163,0,0,153.160157094284,132.137873989407,24.0089112591644,47.7465114896107,13.1785257958188,22.9978535019597,0,0,25014.0990798223,21519.5711776701,4507.68667859187,8744.11403733647,2690.40447114181,4502.31810010874,0,0,961.067247638825,826.816802757032,175.190857336415,340.406264005408,105.445027408838,176.726473081784,0,0,0,0,8.09483847235922,16.0772373817581,5.16721444167143,8.69641875772912,0,0,0,0,0,0,0,0,0,0,268.953843841719,249.656374059142,199.318815379468,438.184616050047,224.899323355602,421.465239504425,0,0,10.3336159522882,9.59219786908584,7.63892772033278,16.7870525643446,8.59327266880896,16.1003885645023,0,0,348.805634418161,319.794202756445,274.862907841368,628.343055881637,347.386405998506,660.796086726181,0,0,13.4016264520645,12.2870061808597,10.5328909813337,24.0682322471084,13.2721529489495,25.2386213477486,0,0,0,0,44.6631464591009,100.142017232189,44.8639949632591,80.7055591496453,0,0,0,0,0,0,0,0,0,0,246.046648864989,118.423625019865,436.911215197285,388.180772581206
"114",1999,939,9.41666666666667,5464.82194608614,4706.10954962847,1129.48696143138,2157.22456419472,548.485098229298,898.881847334716,0,0,0,0,0,0,0,0,0,0,0,0,1.84890385357251,3.61482964871129,1.03309326961956,1.70033770911282,0,0,0,0,0,0,0,0,0,0,4013.26901326479,3457.69613001321,629.74550199573,1253.28435006801,348.02793281854,608.481414491659,0,0,154.196213386082,132.850214756478,24.2676232718282,48.3012635135343,13.4090924724247,23.4437504610065,0,0,24952.3000445064,21436.0120643108,4510.93675959275,8755.39902293851,2709.37164816579,4541.19482581949,0,0,958.692995051133,823.606321988704,175.324836938291,340.864915636542,106.194625996177,178.264597678373,0,0,0,0,8.11444019541563,16.1261770723987,5.21017169790189,8.78285171129791,0,0,0,0,0,0,0,0,0,0,270.264977770933,250.484245524725,201.296460612969,442.779973602832,228.596401777241,429.095861376211,0,0,10.3839920439783,9.62400600549664,7.71492444943237,16.9635676089613,8.73493230674988,16.3926562301739,0,0,346.372955094662,317.251186044457,275.737985640156,631.002353216956,350.600152884017,668.255592073504,0,0,13.3081600407465,12.1892993758774,10.5666001092875,24.1705003304304,13.3953535374772,25.5243464924438,0,0,0,0,44.9061144617346,100.791024736104,45.3315233944686,81.6889220591423,0,0,0,0,0,0,0,0,0,0,248.834247776884,119.612606653103,446.080102840656,396.728371122271
"115",1999,939,9.5,5441.24265335794,4680.42850470684,1129.12948341919,2157.02922519769,549.836183770767,901.926641032275,0,0,0,0,0,0,0,0,0,0,0,0,1.849741899414,3.61736172781562,1.03639267572946,1.70734347927388,0,0,0,0,0,0,0,0,0,0,4040.43648100594,3476.36201547487,636.506762114143,1267.77320779411,354.073318886651,620.198901132729,0,0,155.240030942077,133.567387925826,24.5282413046008,48.859808410388,13.6420131657518,23.895201096453,0,0,24890.8872355655,21353.0698019283,4513.97198499499,8766.1956997796,2728.14396637997,4579.86724780862,0,0,956.333580898145,820.419541670513,175.450301014042,341.304272013897,106.936613116295,179.794783195094,0,0,0,0,8.13338908993572,16.1739074607299,5.2528927456196,8.86917013014228,0,0,0,0,0,0,0,0,0,0,271.592080290621,251.327601114812,203.276302966517,447.399746268902,232.327619809216,436.825069783619,0,0,10.4349816727948,9.65640906682048,7.7910107585197,17.1410314398021,8.87790987939176,16.6887191432271,0,0,343.979113581972,314.742725670536,276.594433996219,633.601251959074,353.80278690534,675.702828358624,0,0,13.2161858214138,12.0929202813527,10.5996016012174,24.2704715715919,13.5181443205344,25.8096364825445,0,0,0,0,45.1435160772652,101.42868787697,45.7968055207421,82.6711194686291,0,0,0,0,0,0,0,0,0,0,251.635485841425,120.805561480472,455.371226432763,405.397294377444
"116",1999,939,9.58333333333333,5417.56731254201,4654.79480905444,1128.62335959987,2156.53494192461,551.09447392368,904.818478578181,0,0,0,0,0,0,0,0,0,0,0,0,1.85031983690109,3.61938221871457,1.03952652593393,1.71407772042499,0,0,0,0,0,0,0,0,0,0,4067.80527313931,3495.15324296196,643.315933354285,1282.35750464411,360.179946784347,632.060896768423,0,0,156.291583703172,134.289376936233,24.7907030337178,49.4220289052929,13.8772934745298,24.3522197262738,0,0,24829.857390123,21270.7392103328,4516.79724327988,8776.51333138155,2746.72090558769,4618.33249424414,0,0,953.988879814063,817.256262771122,175.56743870424,341.7246879516,107.670962202032,181.316906574528,0,0,0,0,8.1517520860638,16.2205249683575,5.29537463533264,8.95536750470301,0,0,0,0,0,0,0,0,0,0,272.934928745994,252.186014322374,205.259511045316,452.044309714236,236.092968516144,444.652514614587,0,0,10.4865762840045,9.68939066597399,7.86723153292226,17.3194586568473,9.02220520634469,16.9885643819988,0,0,341.623751649381,312.268812212452,277.431813333085,636.140371828785,356.993202927835,683.13659828701,0,0,13.1256900303995,11.9978685352635,10.6318785294836,24.3681695401479,13.6404830706838,26.0944457152362,0,0,0,0,45.3753300758192,102.054904754862,46.2597011898796,83.6518871156551,0,0,0,0,0,0,0,0,0,0,254.450527003228,122.002562098471,464.785379249092,414.188757314155
"117",1999,939,9.66666666666667,5393.79682270614,4629.20822263195,1127.97119341494,2155.74638947813,552.259362261333,907.55583401521,0,0,0,0,0,0,0,0,0,0,0,0,1.85064071045462,3.62089314655056,1.04249325215914,1.72053705238484,0,0,0,0,0,0,0,0,0,0,4095.37463178795,3514.06931669905,650.171475268635,1297.03436079014,366.347872135928,644.067694308284,0,0,157.350842550523,135.016162739216,25.0549495373753,49.9878146612249,14.1149355298004,24.8148176277869,0,0,24769.2072729645,21189.0151738112,4519.41726851108,8786.36093005501,2765.10201197438,4656.58778563054,0,0,951.658767495841,814.116288736505,175.676433285346,342.126508805862,108.397649337678,182.830848364014,0,0,0,0,8.16958557308514,16.2661116053776,5.33761540475761,9.04143837134833,0,0,0,0,0,0,0,0,0,0,274.293312271651,253.059083899783,207.247078093687,456.713913764256,239.89245480827,452.577894130929,0,0,10.5387677758399,9.72293538638042,7.94362492200585,17.4988590112551,9.16781871645281,17.2921808712553,0,0,339.306493381436,309.829397484607,278.249809701511,638.620367499716,360.170325354815,690.555665219647,0,0,13.0366582245683,11.9041422862372,10.6634187826785,24.4636191424984,13.762328676233,26.3787270592617,0,0,0,0,45.6015464448579,102.669591141339,46.7200720229873,84.6309616943966,0,0,0,0,0,0,0,0,0,0,257.27953296682,123.203679136772,474.323377715135,423.103974760419
"118",1999,939,9.75,5369.9321769478,4603.66857562487,1127.17557221135,2154.66823831341,553.330309911143,910.137287352555,0,0,0,0,0,0,0,0,0,0,0,0,1.85070776800022,3.62189749069904,1.04529141264529,1.72671824181556,0,0,0,0,0,0,0,0,0,0,4123.14370076447,3533.10966032199,657.071927331526,1311.80105287459,372.577065572373,656.219505000516,0,0,158.417774588043,135.747723189941,25.3209249246828,50.5570612956037,14.3549381999608,25.2830029426716,0,0,24708.9336878512,21107.8926500339,4521.83664980018,8795.74727368954,2783.28689437537,4694.63043272186,0,0,949.343121137852,810.999425832141,175.777462530273,342.510071116284,109.11665311904,184.336492643517,0,0,0,0,8.18693715400934,16.3107373223828,5.37961382034483,9.12737805261244,0,0,0,0,0,0,0,0,0,0,275.667030606508,253.946431904455,209.239843708846,461.408699787172,243.726093169476,460.600945011327,0,0,10.5915484539669,9.75702870688017,8.02022317277084,17.6792380736702,9.31475112965451,17.5995590003297,0,0,337.026947984469,307.424398524991,279.048216429149,641.041920356549,363.333112449914,697.958764392473,0,0,12.9490753891467,11.8117383467352,10.6942143610789,24.5568463039976,13.8836413070783,26.6624322835365,0,0,0,0,45.8221646142113,103.272678117472,47.1777816937473,85.6080812394628,0,0,0,0,0,0,0,0,0,0,260.122663312341,124.40898137343,483.986058145453,432.144160686878
"119",1999,939,9.83333333333333,5345.9744661509,4578.17577137855,1126.23906875843,2153.30515656762,554.306845468025,912.561525392837,0,0,0,0,0,0,0,0,0,0,0,0,1.8505244228469,3.62239902823041,1.04791969203063,1.73261821488544,0,0,0,0,0,0,0,0,0,0,4151.1115106582,3552.27360439577,664.015900039307,1326.65499109593,378.867417919373,668.516456799645,0,0,159.492342569422,136.484032567646,25.5885759980102,51.1296695062687,14.5972972884956,25.7567806127171,0,0,24649.0334863366,21027.366676742,4524.0598399683,8804.68092084579,2801.27522076936,4732.45783432215,0,0,947.041819770636,807.905483399964,175.870699038257,342.875703182157,109.827954521918,185.833726948892,0,0,0,0,8.20384712936203,16.3544620043197,5.42136917041242,9.21318244765401,0,0,0,0,0,0,0,0,0,0,277.055892932385,254.847701821338,211.238513040362,466.128715789986,247.593898654519,468.721433285434,0,0,10.6449109868619,9.79165692959374,8.0970533669235,17.8605978146365,9.46300318757222,17.9106902753686,0,0,334.784712239924,305.053701172174,279.82691800528,643.405731576656,366.480559593366,705.344612781245,0,0,12.8629260319841,11.720652330487,10.7242607579316,24.647877702069,14.0043825396418,26.9455124339565,0,0,0,0,46.0371919525683,103.864110066157,47.6326961542156,86.5829854547163,0,0,0,0,0,0,0,0,0,0,262.980075599177,125.618535841203,493.774273740946,441.310527546458
"120",1999,939,9.91666666666667,5321.92488196573,4552.72978866135,1125.16424259526,2151.66181206048,555.188564836925,914.827342432037,0,0,0,0,0,0,0,0,0,0,0,0,1.85009422215469,3.62240220294352,1.05037690107659,1.7382340671962,0,0,0,0,0,0,0,0,0,0,4179.27696732069,3571.56037696493,671.002066830871,1341.59369899343,385.218745168116,680.958593465483,0,0,160.574504455727,137.225061212567,25.8578519463898,51.7055443003885,14.8420057236279,26.2361523438626,0,0,24589.5035743423,20947.4323764551,4526.09116344472,8813.17022424954,2819.06671499723,4770.06747499624,0,0,944.754744513565,804.834274039235,175.956310535604,343.223725577551,110.531536778986,187.32244219142,0,0,0,0,8.22034973321479,16.3973371363053,5.46288110472174,9.29884786798314,0,0,0,0,0,0,0,0,0,0,278.459716743492,255.762556767505,213.243673634009,470.87392938875,251.495881064844,476.93914613038,0,0,10.6988483623756,9.82680711093933,8.17413806751764,18.0429371033238,9.61257542935827,18.2255670045973,0,0,332.579372630537,302.717163256735,280.585876074999,645.712516432329,369.611701568549,712.711917674891,0,0,12.7781942652434,11.6308787751104,10.7535564217527,24.7367405463714,14.1245154445978,27.2279181608128,0,0,0,0,46.2466425125704,104.443842989139,48.0846838123585,87.5554159921214,0,0,0,0,0,0,0,0,0,0,265.851925457675,126.832407925116,503.688891832696,450.604285665288
"121",2000,939,10,5298.92733838123,4528.05426875432,1124.40793547518,2150.48267524911,555.895500349386,916.705748359248,0,0,0,0,0,0,0,0,0,0,0,0,1.84933463955184,3.62154901440635,1.05250563474594,1.743121257886,0,0,0,0,0,0,0,0,0,0,4207.68302250804,3591.00080671552,677.912027759042,1356.36069795293,391.565055437327,693.356808161064,0,0,161.665910522116,137.971993612123,26.124197724911,52.2748106483117,15.0865217242589,26.7138335810453,0,0,24531.5231201612,20868.9026671871,4527.65706675503,8820.44604904227,2836.24250417066,4806.24386719704,0,0,942.527200790442,801.817031364179,176.023637005305,343.524004382934,111.21096922555,188.754890790713,0,0,0,0,8.23585883881687,16.4373418155307,5.50333027661798,9.38199017269663,0,0,0,0,0,0,0,0,0,0,279.844060945326,256.616546316523,215.168377875582,475.305128584717,255.320500950775,484.892195317599,0,0,10.7520373023598,9.85961874624762,8.24814482620913,18.2132591260564,9.75920461913322,18.5303599844468,0,0,330.414850538365,300.418397391469,281.297406425264,647.868035719829,372.671062042739,719.875754155172,0,0,12.695030754366,11.5425564829774,10.7810395756146,24.8198231900454,14.2419198981663,27.5025844697011,0,0,0,0,46.4471199203214,104.998603874285,48.5264423931855,88.5027459359317,0,0,0,0,0,0,0,0,0,0,268.80219195106,128.150537844969,513.952144475119,460.798939841532
"122",2000,939,10.0833333333333,5276.42864681324,4503.8050123859,1123.74400400856,2149.40474801033,556.479481000668,918.328589000045,0,0,0,0,0,0,0,0,0,0,0,0,1.84846796620668,3.6203586917652,1.05438850089208,1.74750627867346,0,0,0,0,0,0,0,0,0,0,4236.18249632626,3610.46757728903,684.782775931102,1371.03278073503,397.911324348868,705.753232437507,0,0,162.760905881694,138.719938068218,26.3890365854506,52.8404274891284,15.331039124218,27.1914513566958,0,0,24474.5833053154,20791.4358866165,4528.92829778524,8826.95674642892,2853.0222571971,4841.60258855895,0,0,940.339638983564,798.840628161271,176.079324822351,343.794076119655,111.874856193658,190.155226349995,0,0,0,0,8.25070403098763,16.4756234073049,5.54311714489021,9.46376118136547,0,0,0,0,0,0,0,0,0,0,281.228622551366,257.452152537716,217.062516917569,479.617490815277,259.128036719344,492.774090986136,0,0,10.8052345953144,9.89172406469251,8.3209853905018,18.3790410709692,9.9051942576399,18.8324628208685,0,0,328.295571137872,298.158865049901,281.977289239963,649.913007982178,375.687844616456,726.920678976227,0,0,12.6136055213188,11.455741606241,10.8073152665623,24.8986857225495,14.3577116192492,27.7727409221923,0,0,0,0,46.6405220136866,105.535285658653,48.961527058722,89.4358283543982,0,0,0,0,0,0,0,0,0,0,271.799029659275,129.522976366751,524.452098513456,471.512825208247
"123",2000,939,10.1666666666667,5253.85996262879,4479.62192013548,1122.9471014732,2148.06226839535,556.981949795871,919.811830442509,0,0,0,0,0,0,0,0,0,0,0,0,1.84754419021873,3.61902712875062,1.05610792807247,1.75161525368474,0,0,0,0,0,0,0,0,0,0,4264.74346296792,3629.93613341939,691.671095629947,1385.73205756107,404.288586848092,718.238183730227,0,0,163.858263893887,139.467951128263,26.6545530465171,53.4070962254821,15.5767531149745,27.6724845392344,0,0,24418.0968076551,20714.6239984884,4530.05073950327,8833.10384155984,2869.61540227808,4876.74690340634,0,0,938.169493281165,795.889387023043,176.129057399143,344.049661518281,112.531404284998,191.547130878606,0,0,0,0,8.26521585833585,16.5132491745915,5.58264578242635,9.54533497479681,0,0,0,0,0,0,0,0,0,0,282.630242897266,258.306455946548,218.969970129401,483.981245368292,262.973079796937,500.763792661731,0,0,10.8590873103616,9.92454775909142,8.39434141873585,18.5468049709399,10.0526307439154,19.1387140402157,0,0,326.219555940365,295.936779995145,282.639851892435,651.895874409488,378.688885021474,733.936771809173,0,0,12.5338425497676,11.3703655148096,10.8329328325233,24.975184216369,14.4729160312264,28.041828752658,0,0,0,0,46.8285958510688,106.060517341689,49.3934046340494,90.365557621145,0,0,0,0,0,0,0,0,0,0,274.810750002869,130.89992710619,535.07911531382,482.362822605412
"124",2000,939,10.25,5231.22013022745,4455.50284575719,1122.01936414824,2146.45908074562,557.402315655994,921.154185031705,0,0,0,0,0,0,0,0,0,0,0,0,1.84653665783323,3.61750518704387,1.0576670062357,1.75545189732657,0,0,0,0,0,0,0,0,0,0,4293.3801433147,3649.41938179156,698.579166090241,1400.46303654668,410.700300754706,730.817535813531,0,0,164.958530947709,140.216528687734,26.9208308362225,53.9749898203262,15.8237963172287,28.1571584034929,0,0,24362.0492978874,20638.4521768836,4531.02622493059,8838.89089715331,2886.02062944284,4911.67247873597,0,0,936.016213131923,792.962738313684,176.172906737798,344.290897451737,113.180557434725,192.930425999394,0,0,0,0,8.27941609787256,16.5502379571271,5.62191428490875,9.6267051507921,0,0,0,0,0,0,0,0,0,0,284.048094961072,259.178347126638,220.889779968099,488.392038030629,266.853680791103,508.857011486083,0,0,10.913563672032,9.95804720389043,8.46817616873669,18.7163838866228,10.2014394370703,19.4489496292995,0,0,324.185506727907,293.751466606685,283.28525877113,653.819245192243,381.673206372479,740.923590862901,0,0,12.455691960403,11.2864022502525,10.8578984443731,25.0494183708787,14.5874956651601,28.3098308909881,0,0,0,0,47.0113633853105,106.574284685143,49.8219487560492,91.2916794646252,0,0,0,0,0,0,0,0,0,0,277.837530747174,132.281486917331,545.834289610901,493.350649008097
"125",2000,939,10.3333333333333,5208.50851176181,4431.44608391543,1120.96298913299,2144.59916992069,557.740093394883,922.354534537925,0,0,0,0,0,0,0,0,0,0,0,0,1.84542389738701,3.61575307412867,1.05906791624547,1.75901863769627,0,0,0,0,0,0,0,0,0,0,4322.10422647683,3668.928004434,705.50861278505,1415.22916707422,417.149234173037,743.496082738961,0,0,166.062156157469,140.966081167246,27.1879324255183,54.5442406197612,16.0722749118673,28.6456568399654,0,0,24306.4282507173,20562.9072273248,4531.85680281774,8844.32193791301,2902.23692742478,4946.37547298938,0,0,933.879317296266,790.060175080022,176.21095323467,344.517938835579,113.82227123699,194.304952442508,0,0,0,0,8.29332378119971,16.5866075472249,5.66092183851275,9.70786689455844,0,0,0,0,0,0,0,0,0,0,285.481460496031,260.066837172863,222.821158250114,492.846082911148,270.768269463393,517.05014703344,0,0,10.9686360841717,9.99218440377101,8.54245939502903,18.8876326687487,10.3515602409888,19.7630319667856,0,0,322.192227117103,291.602303347185,283.913685818322,655.685478596288,384.639832890344,747.880560571689,0,0,12.3791077865481,11.2038279321016,10.8822187095727,25.1214782133975,14.7014130641873,28.576725096235,0,0,0,0,47.1888520605199,107.076582440663,50.247037489827,92.2139454121078,0,0,0,0,0,0,0,0,0,0,280.879541201594,133.667746919656,556.718656167937,504.477930298694
"126",2000,939,10.4166666666667,5185.72489450744,4407.45028881538,1119.78021999028,2142.48663215915,557.994892352636,923.411912803196,0,0,0,0,0,0,0,0,0,0,0,0,1.84418848320074,3.61373834487933,1.06031221375686,1.76231701660038,0,0,0,0,0,0,0,0,0,0,4350.92537280583,3688.47090419306,712.460631247766,1430.03306937264,423.637601559651,756.277749080278,0,0,167.16951068932,141.716950628394,27.4559037771263,55.1149491546156,16.322273850919,29.1381304057461,0,0,24251.2225812869,20487.9772626086,4532.54467688689,8849.401331113,2918.26352498879,4980.85244389501,0,0,931.758379877933,787.181240596444,176.243283330564,344.730954005373,114.456510678059,195.670566488513,0,0,0,0,8.3069557177943,16.6223747439652,5.69966832729932,9.78881644141999,0,0,0,0,0,0,0,0,0,0,286.929707773892,260.971035795522,224.763441593488,497.340046246872,274.715558283304,525.340131284348,0,0,11.0242802748039,10.026925152377,8.61716563916787,19.060423501892,10.5029439046863,20.0808438408602,0,0,320.238602283527,289.488707887743,284.525321343609,657.496722987489,387.58780945236,754.807014997985,0,0,12.3040471951424,11.1226201863398,10.9059007048195,25.191445713428,14.8146315385328,28.8424856281393,0,0,0,0,47.3610937339939,107.567413071084,50.6685531013384,93.1321124450996,0,0,0,0,0,0,0,0,0,0,283.936943714614,135.058793367418,567.73320428969,515.746218791888
"127",2000,939,10.5,5162.86945536499,4383.51444224647,1118.47334055874,2140.12566314161,558.166413908865,924.325502492369,0,0,0,0,0,0,0,0,0,0,0,0,1.84281656810656,3.61143507661658,1.06140094472544,1.76534785521506,0,0,0,0,0,0,0,0,0,0,4379.85141781657,3708.05538677517,719.436038168974,1444.87662782924,430.167118883421,769.16567293838,0,0,168.280895596275,142.469417768101,27.7247763050585,55.6871877172938,16.5738589695092,29.6346995019728,0,0,24196.4224965993,20413.6515706756,4533.09217883228,8854.13373442344,2934.09986744709,5015.10031284219,0,0,929.653024615502,784.325523288282,176.269988467982,344.930122703057,115.083249234666,197.02713860138,0,0,0,0,8.32032671277465,16.6575553819488,5.73815418157194,9.86955086625941,0,0,0,0,0,0,0,0,0,0,288.392282217584,261.89014244496,226.716073119376,501.870998846643,278.69450088449,533.724362093656,0,0,11.0804749362214,10.0622386913084,8.69227352741642,19.2346440802182,10.6555504281688,20.4022858974535,0,0,318.323590905529,287.410130681115,285.120365782379,659.254933512434,390.516211386035,761.702218561566,0,0,12.2304701772111,11.0427578984738,10.9289519674234,25.2593954235325,14.9271155431072,29.1070840446052,0,0,0,0,47.5281242375123,108.046786314949,51.0863820735367,94.0459430223816,0,0,0,0,0,0,0,0,0,0,287.009894243099,136.454707966708,578.87888334653,527.157000013621
"128",2000,939,10.5833333333333,5139.94271090773,4359.6378094842,1117.04466687153,2137.52054175713,558.254445997697,925.094627060994,0,0,0,0,0,0,0,0,0,0,0,0,1.84129725960107,3.60882276502522,1.06233479275992,1.76811146424062,0,0,0,0,0,0,0,0,0,0,4408.88864888606,3727.68740583026,726.435339401557,1459.76111656414,436.739080212003,782.162323089863,0,0,169.396552449413,143.223711335119,27.9945694830832,56.2610051762169,16.8270799191534,30.1354588599652,0,0,24142.0192946955,20339.9204359718,4533.50173445095,8858.52402913471,2949.74558393657,5049.11631393563,0,0,927.562917166538,781.492649868207,176.291163781242,345.115633493698,115.702467612213,198.37455146625,0,0,0,0,8.3334498630314,16.6921643815398,5.77638018459969,9.95006781450363,0,0,0,0,0,0,0,0,0,0,289.868693834065,262.823433953675,228.678578761882,506.436351606306,282.704238854076,542.20061577825,0,0,11.1372012421369,10.0980972353115,8.76776486161728,19.4101951341707,10.809347020778,20.7272732879809,0,0,316.446214342257,285.366047180318,285.699031199915,660.961895979722,393.424154126124,768.565389976687,0,0,12.1583391320702,10.9642209145608,10.9513804770965,25.3253953966349,15.0388310507336,29.3704901234239,0,0,0,0,47.6899827729472,108.514718488625,51.5004150034141,94.9552049406462,0,0,0,0,0,0,0,0,0,0,290.098543162448,137.855568354178,590.156610115343,538.711702115002
"129",2000,939,10.6666666666667,5116.94547706258,4335.8199037056,1115.49654059167,2134.6756168735,558.258858680843,925.71874438548,0,0,0,0,0,0,0,0,0,0,0,0,1.8396221180631,3.60588543275133,1.06311419296452,1.77060780714663,0,0,0,0,0,0,0,0,0,0,4438.04202913386,3747.37176106325,733.458784555943,1474.68730031426,443.354420525939,795.269594855966,0,0,170.516671939723,143.980015741786,28.2652929390535,56.8364308438836,17.0819725738464,30.6404812127932,0,0,24088.0052019751,20266.7749948428,4533.77583657984,8862.57726643379,2965.20046069594,5082.89795237879,0,0,925.487758857256,778.682279780243,176.306907049506,345.287681686908,116.314152714671,199.712698387503,0,0,0,0,8.34633679988832,16.7262157995552,5.81434732808754,10.0303652986314,0,0,0,0,0,0,0,0,0,0,291.358506933487,263.770254344061,230.650548698982,511.033803121445,286.744059274558,550.766976240485,0,0,11.194442452677,10.1344755806756,8.84362390655278,19.5869884211222,10.9643064719063,21.0557329509658,0,0,314.605548026507,283.355951865451,286.261540469528,662.6192467775,396.310799907802,775.395721013264,0,0,12.0876185366271,10.8869898117087,10.9731946250803,25.3895079510295,15.1497458111549,29.6326725847323,0,0,0,0,47.8467114183587,108.971231910189,51.9105465113966,95.8596712235311,0,0,0,0,0,0,0,0,0,0,293.203035919954,139.261448492273,601.567274363504,550.41170339437
"130",2000,939,10.75,5093.87883667784,4312.0604573658,1113.83132379444,2131.59529671654,558.179600479627,926.19744158961,0,0,0,0,0,0,0,0,0,0,0,0,1.83778476165079,3.60261092144587,1.06373941287338,1.77283661783953,0,0,0,0,0,0,0,0,0,0,4467.31537700782,3767.11225717689,740.506409742292,1489.65551351473,450.013766618817,808.488887219029,0,0,171.641400778078,144.738477170867,28.5369480948914,57.4134775093843,17.3385609802004,31.1498202491344,0,0,24034.3732426238,20194.2071192875,4533.91702425282,8866.29862547027,2980.46441956063,5116.44297100505,0,0,923.427281665779,775.894100733402,176.317317889894,345.446467713637,116.918296815707,201.041482001282,0,0,0,0,8.35899788871486,16.7597228886315,5.85205671806421,10.1104415616574,0,0,0,0,0,0,0,0,0,0,292.861331757448,264.730006375602,232.631623523795,515.661297650203,290.813361981376,559.421778710181,0,0,11.2521835927261,10.1713507804634,8.91983685917075,19.7649451129783,11.120405894268,21.387601454024,0,0,312.800714693814,281.379353851736,286.808126003649,664.228489736551,399.175361480617,782.192390719689,0,0,12.0182746852328,10.8110457293303,10.9944031659991,25.4517903180139,15.2598294953347,29.8935996387744,0,0,0,0,47.9983547272128,109.416354416334,52.3166751475206,96.759120021547,0,0,0,0,0,0,0,0,0,0,296.323513559023,140.672419000301,613.111742812515,562.258338202605
"131",2000,939,10.8333333333333,5070.74411131152,4288.3593973603,1112.05139443734,2128.28403957113,558.016695057707,926.530430409905,0,0,0,0,0,0,0,0,0,0,0,0,1.83578052574585,3.59899027984711,1.0642106196971,1.77479749878494,0,0,0,0,0,0,0,0,0,0,4496.7115221188,3786.91184156892,747.578074260287,1504.665728395,456.717481748931,821.821170530635,0,0,172.770847682654,145.499208866096,28.8095295745096,57.9921440498573,17.5968590684115,31.6635132070511,0,0,23981.1171252669,20122.2093160906,4533.92786501997,8869.69337741772,2995.53749916176,5149.7493209077,0,0,921.381243867223,773.127824826199,176.322497072655,345.592195734479,117.514896833968,202.360813146031,0,0,0,0,8.37144240320527,16.7926981534096,5.88950949951981,10.190294966451,0,0,0,0,0,0,0,0,0,0,294.376817158134,265.702144070369,234.621482634664,520.316988498798,294.911631825239,568.163561165177,0,0,11.3104111706476,10.2087018573281,8.99639140297234,19.9439943917885,11.2776256591723,21.7228231302757,0,0,311.030878595874,279.435773339616,287.339028456099,665.791011227132,402.017104395999,788.954577068822,0,0,11.9502754673529,10.7363702327505,11.0150151685317,25.5122952216516,15.3690537847911,30.1532394344907,0,0,0,0,48.1449593777456,109.850118931605,52.7187033008695,97.6533345214012,0,0,0,0,0,0,0,0,0,0,299.460113171584,142.08854744849,624.79086233475,574.252901992936
"132",2000,939,10.9166666666667,5047.54283730631,4264.71682400058,1110.15914255265,2124.7463458748,557.770238280161,926.717543143067,0,0,0,0,0,0,0,0,0,0,0,0,1.8336061794557,3.59501725172673,1.06452793240772,1.77648999768427,0,0,0,0,0,0,0,0,0,0,4526.23243674264,3806.77272042876,754.673490934614,1519.71761150303,463.465703627773,835.267044014966,0,0,173.905088431441,146.262295592797,29.0830263681038,58.5724175984158,17.8568721081674,32.1815830771617,0,0,23928.2311473153,20050.774641634,4533.81094058681,8872.76685584905,3010.41983901105,5182.8151365031,0,0,919.349426358569,770.383185273546,176.322545964544,345.72507249184,118.103953719582,203.670609904019,0,0,0,0,8.38367867406633,16.8251534054602,5.92670680251282,10.26992391434,0,0,0,0,0,0,0,0,0,0,295.904644358351,266.686166240175,236.619834988208,524.9992070607,299.038416165805,576.991023793594,0,0,11.3691129385345,10.2465095548167,9.0732763530855,20.1240722622175,11.4359485324775,22.061348523104,0,0,309.295240698337,277.524738893527,287.854495365924,667.308093451811,404.835347864815,795.681466093664,0,0,11.8835901830606,10.6629452086521,11.035039963769,25.571071389223,15.4773924058242,30.4115604114709,0,0,0,0,48.2865738746714,110.272563092279,53.1165371119035,98.5421028657778,0,0,0,0,0,0,0,0,0,0,302.61296827661,143.509898614131,636.6054623416,586.396655483781
"133",2001,939,11,5023.45891256129,4239.98112383408,1108.57173672545,2121.65787802925,557.495028043913,926.791359829237,0,0,0,0,0,0,0,0,0,0,0,0,1.83139168257348,3.59082556422145,1.06479362792307,1.7779735387227,0,0,0,0,0,0,0,0,0,0,4555.76148790359,3826.46345886538,761.976606224183,1535.06716660124,470.306638819838,848.860681497982,0,0,175.039641798996,147.018845252356,29.3645109633039,59.164138398147,18.1204571185159,32.7053459397496,0,0,23874.5775078432,19978.0392103018,4534.68426885473,8877.11051228968,3025.40474699183,5215.81726564703,0,0,917.288113240121,767.588568591313,176.360528439347,345.906332526368,118.696967429357,204.977809417676,0,0,0,0,8.39624479932887,16.8575862014696,5.96422256831929,10.3496762839182,0,0,0,0,0,0,0,0,0,0,297.463842508,267.662635464862,238.707082999125,529.783038153751,303.278342395755,585.960931988379,0,0,11.4290200249403,10.2840270561589,9.15357591592061,20.3080591069544,11.5986111064348,22.4053484592467,0,0,307.586659786274,275.631067289919,288.379225345925,668.80726316351,407.669590929787,802.398636267509,0,0,11.817944456254,10.5901872932498,11.0554250703358,25.6291748258777,15.5863553035435,30.6695398315134,0,0,0,0,48.4255626455928,110.68555670508,53.5152032678456,99.4285283929334,0,0,0,0,0,0,0,0,0,0,305.738485470004,144.92264913929,648.392686362756,598.572186363441
"134",2001,939,11.0833333333333,4999.17443700638,4215.11627225205,1106.93481015615,2118.44688194463,557.14912647446,926.728993095129,0,0,0,0,0,0,0,0,0,0,0,0,1.82912592705668,3.58647411260597,1.06492504891304,1.77920078517537,0,0,0,0,0,0,0,0,0,0,4585.41203875216,3846.18262973783,769.342531164369,1550.51863036457,477.209124520286,862.587549559821,0,0,176.178863378847,147.776487331567,29.648414299835,59.7597842527387,18.3864129741361,33.2342410699586,0,0,23821.07005068,19905.5224829197,4535.60761731919,8881.3886016761,3040.26096402461,5248.61734525187,0,0,915.232415667467,764.802354909008,176.40024471832,346.084600023417,119.284856643336,206.276959329456,0,0,0,0,8.40900036309286,16.8900696491611,6.00159838124281,10.4292761404701,0,0,0,0,0,0,0,0,0,0,299.03649122557,268.646821546593,240.815132665378,534.606803065548,307.557985115455,595.023368305559,0,0,11.489443901858,10.321841051572,9.23467841367892,20.4935894087194,11.7628057142342,22.7529147883604,0,0,305.909145991857,273.764502982509,288.89677041656,670.268649059336,410.489037957902,809.082396814539,0,0,11.7534923624589,10.5184708840659,11.0755392183556,25.6858425140734,15.6947649683122,30.9262717790066,0,0,0,0,48.5601029177634,111.0876492428,53.9104347839829,100.309660999123,0,0,0,0,0,0,0,0,0,0,308.872552459287,146.338061876082,660.289062458097,610.877711561413
"135",2001,939,11.1666666666667,4974.84031992921,4190.33288312132,1105.17464433395,2114.99471462185,556.722802489481,926.524553070491,0,0,0,0,0,0,0,0,0,0,0,0,1.82677124238121,3.58191497789883,1.06490520289746,1.78016231404554,0,0,0,0,0,0,0,0,0,0,4615.20536197246,3865.97237749085,776.737363887466,1566.02440362487,484.164316942229,876.441402872162,0,0,177.323570501538,148.536841087395,29.9334329928897,60.3575256743513,18.6543990968277,33.7680281065041,0,0,23767.9100935979,19833.5564187876,4536.38005348679,8885.31708071367,3054.93614310674,5281.1821370795,0,0,913.190068547159,762.037298636983,176.433957880257,346.24894816683,119.865563569403,207.566745036096,0,0,0,0,8.4218225701262,16.922476874538,6.03873768699921,10.5086666347758,0,0,0,0,0,0,0,0,0,0,300.618898967431,269.641799521555,242.929404748982,539.45581216977,311.862217733334,604.167798471574,0,0,11.5502427346294,10.360069688863,9.31602457869076,20.6800996901354,11.9279540411582,23.1036451536446,0,0,304.263115535721,271.927307023052,289.402844589079,671.688666853339,413.285655818717,815.726998772876,0,0,11.6902498936687,10.4478828543249,11.0952178223742,25.7409364637272,15.8023140521953,31.1815360756845,0,0,0,0,48.689867123462,111.478616233279,54.3012193403144,101.184696120213,0,0,0,0,0,0,0,0,0,0,312.0231964907,147.758698152639,672.325175359494,623.336046192878
"136",2001,939,11.25,4950.45889198873,4165.63157039913,1103.294108065,2111.30664520223,556.216146031924,926.178010330162,0,0,0,0,0,0,0,0,0,0,0,0,1.82430908349774,3.5771165482452,1.06473533014436,1.78085927137013,0,0,0,0,0,0,0,0,0,0,4645.13960413927,3885.83183519843,784.159937428736,1581.58195087211,491.171241725012,890.420765612038,0,0,178.473691955507,149.299873211155,30.2195221092251,60.9572650845471,18.9243781067234,34.3066504423725,0,0,23715.0946139926,19762.1362114125,4537.00493687738,8888.90259953957,3069.43048147634,5313.51025137757,0,0,911.160955744537,759.293215101936,176.461798803916,346.399634230395,120.439092090664,208.847103862401,0,0,0,0,8.43466692377935,16.9547402415674,6.07564554491116,10.5878515376407,0,0,0,0,0,0,0,0,0,0,302.21101348013,270.647207398921,245.050016654898,544.329029381605,316.191483126512,613.394134389379,0,0,11.6114145155981,10.3986990597643,9.39761886390409,20.8675501784636,12.0940731595408,23.4575365549883,0,0,302.64784935948,270.119186120548,289.897341156942,673.068419841734,416.058567433679,822.331687002949,0,0,11.6281894227577,10.3784119353091,11.1144566462818,25.7944985678676,15.9089687800919,31.4353033807856,0,0,0,0,48.8149439800485,111.858570044749,54.6874788183292,102.053443851724,0,0,0,0,0,0,0,0,0,0,315.190519847618,149.184613980007,684.501704152181,635.948360083787
"137",2001,939,11.3333333333333,4926.0325743007,4141.01301281857,1101.29605015884,2107.38792786548,555.629314427221,925.689444874032,0,0,0,0,0,0,0,0,0,0,0,0,1.82172488416694,3.57205398746496,1.06441633288504,1.78129240818774,0,0,0,0,0,0,0,0,0,0,4675.21272695079,3905.75997776396,791.609102107704,1597.18881529853,498.228885319063,904.524132028552,0,0,179.629149425939,150.065544316995,30.5066373736508,61.5589079113029,19.1963110996694,34.8500502919142,0,0,23662.6206892612,19691.2571883541,4537.48554397146,8892.15166541009,3083.74420259707,5345.60034406539,0,0,909.144964967117,756.569924781106,176.483895218302,346.536910146117,121.005447227465,210.117975066137,0,0,0,0,8.44749733914573,16.9868048736539,6.11232551187078,10.6668327077081,0,0,0,0,0,0,0,0,0,0,303.812777453616,271.662702753399,247.177037232591,549.225445400386,320.546118876595,622.702194273891,0,0,11.672957042825,10.4377160077475,9.47946386060991,21.0559021232305,12.2611761001397,23.8145823830083,0,0,301.062650812449,268.339831276274,290.380190768019,674.40892674029,418.807006298312,828.895774112705,0,0,11.5672841835406,10.3100462547845,11.1332528830671,25.846567473886,16.0146996042261,31.6875469415116,0,0,0,0,48.9354141775088,112.227612682369,55.0691391366788,102.915719703002,0,0,0,0,0,0,0,0,0,0,318.374624227501,150.615863469503,696.819338764199,648.715810128937
"138",2001,939,11.4166666666667,4901.56387411579,4116.4779506901,1099.18330149042,2103.24380389178,554.962528584068,925.059040803243,0,0,0,0,0,0,0,0,0,0,0,0,1.81900716234374,3.56670774619961,1.06394891060158,1.78146225143579,0,0,0,0,0,0,0,0,0,0,4705.42251632449,3925.75563004015,799.083721210795,1612.84259825414,505.336201763498,918.749965904277,0,0,180.789857844243,150.833809253879,30.7947350043913,62.1623618032075,19.4701579099554,35.3981686739491,0,0,23610.485491436,19620.9148028653,4537.82507588684,8895.07065796879,3097.87755414553,5377.45111581558,0,0,907.141987558437,753.867252981054,176.50037199477,346.661023082701,121.564635055763,211.379299800299,0,0,0,0,8.46028420419293,17.0186257774671,6.14878006551107,10.7456106215519,0,0,0,0,0,0,0,0,0,0,305.424128317461,272.687959917668,249.310494999684,554.144076366904,324.926369923166,632.091713853459,0,0,11.7348679122583,10.4771080201522,9.56156061279176,21.2451177437317,12.4292723365277,24.1747728487878,0,0,299.506844501086,266.588921010284,290.851354563985,675.711133967312,421.530300222872,835.418630845075,0,0,11.5075082265659,10.2427734609688,11.151604892391,25.8971790550504,16.1194805815572,31.9382422238876,0,0,0,0,49.0513523275045,112.585838618273,55.4461297361176,103.771344021911,0,0,0,0,0,0,0,0,0,0,321.575610708207,152.052499013426,709.278776104885,661.639540055547
"139",2001,939,11.5,4877.05538578927,4092.0271864376,1096.95867518797,2098.87950186606,554.21607371301,924.287088171883,0,0,0,0,0,0,0,0,0,0,0,0,1.81614717647527,3.56106298890928,1.06333361360398,1.78136917448777,0,0,0,0,0,0,0,0,0,0,4735.76658166888,3945.81746666613,806.582669103806,1628.54095030887,512.492114804048,933.096698298491,0,0,181.955725360071,151.604617099322,31.0837716410177,62.7675362873182,19.7458771924779,35.9509453262742,0,0,23558.6862870189,19551.1046333854,4538.02665941558,8897.66583202599,3111.83080813326,5409.06131383239,0,0,905.15191849168,751.185029818208,176.511351186858,346.772215554217,122.116662715789,212.63102118996,0,0,0,0,8.47300363566382,17.0501667322962,6.18501075975608,10.8241845705949,0,0,0,0,0,0,0,0,0,0,307.044997803229,273.722668907605,251.45038115172,559.083963430845,329.332392650019,641.562349439889,0,0,11.7971445009198,10.5168631868919,9.643908732113,21.4351602118582,12.5983679410504,24.5380951009215,0,0,297.979776466824,264.866122746555,291.310821554151,676.975920261887,424.227865490042,841.899683076396,0,0,11.4488364259478,10.1765807757505,11.1695121001052,25.9463665877831,16.2232891496923,32.1873667967477,0,0,0,0,49.1628277253319,112.933335979007,55.8183834978145,104.620141966575,0,0,0,0,0,0,0,0,0,0,324.793579677283,153.494571313359,721.880717802607,674.720679553689
"140",2001,939,11.5833333333333,4852.50978874611,4067.66158298863,1094.62496751556,2094.30023840026,553.390297780894,923.373981209086,0,0,0,0,0,0,0,0,0,0,0,0,1.81313841683766,3.55510874345694,1.06257091591482,1.78101349075339,0,0,0,0,0,0,0,0,0,0,4766.24236117296,3965.94401698068,814.104828653812,1644.2815588897,519.695521799006,947.562726574686,0,0,183.126653544548,152.377911348167,31.3737042460974,63.3743422961403,20.0234265742339,36.5083186705115,0,0,23507.2204336428,19481.8223786955,4538.09335093904,8899.94332538272,3125.60426009942,5440.42973212942,0,0,903.174656241413,748.523090032723,176.516952179303,346.870725717658,122.661538380899,213.87308434606,0,0,0,0,8.48563638159324,17.0813986512889,6.221018452761,10.9025529482223,0,0,0,0,0,0,0,0,0,0,308.675311668484,274.766533652184,253.596654389522,564.04417152987,333.764262569211,651.113684175041,0,0,11.8597839563,10.5569701324432,9.72650658252276,21.6259936047582,12.7684658788552,24.9045334649018,0,0,296.480813587432,263.17109483188,291.758604518509,678.204104431629,426.89919688086,848.338406254491,0,0,11.3912444563662,10.111455072258,11.1869748415277,25.9941610490714,16.3261057448149,32.434900117858,0,0,0,0,49.2699054555635,113.27018818809,56.1858365076365,105.461943279213,0,0,0,0,0,0,0,0,0,0,328.028630773605,154.942129472108,734.625867449269,687.960343764693
"141",2001,939,11.6666666666667,4827.92984565338,4043.38206229581,1092.18495841928,2089.51121840561,552.485610356841,922.320217127619,0,0,0,0,0,0,0,0,0,0,0,0,1.80997622079704,3.5488372549922,1.06166126680583,1.78039552052746,0,0,0,0,0,0,0,0,0,0,4796.84712689388,3986.13366978967,821.649089233629,1660.06213870768,526.945296703333,962.146413441659,0,0,184.302537585746,153.153630095761,31.6644900290569,63.9826918013031,20.3027627701571,37.0702257770391,0,0,23456.0853768728,19413.0638535466,4538.02813944465,8901.9091647243,3139.19822859761,5471.55521195508,0,0,901.21010266069,745.881272820497,176.517291802827,346.956787597267,123.199271238448,215.105436385774,0,0,0,0,8.49816699500525,17.1122983405355,6.2568034708024,10.9807134570529,0,0,0,0,0,0,0,0,0,0,310.314989439683,275.819270512473,255.749244727693,569.023788077999,338.221980712623,660.745232940638,0,0,11.9227831864805,10.597417958944,9.80935142597528,21.8175828542353,12.9395662524797,25.2740696312376,0,0,295.009343041596,261.503488170202,292.194736769248,679.396451807816,429.543859531927,854.734321039534,0,0,11.334708772494,10.0473829376536,11.2039942375646,26.0405913642716,16.4279134897397,32.6808233662327,0,0,0,0,49.3726472227668,113.596475212628,56.5484278992417,106.296582156242,0,0,0,0,0,0,0,0,0,0,331.280862823478,156.395221063405,747.514928231837,701.359632756195
"142",2001,939,11.75,4803.31840029799,4019.18960363671,1089.64141190607,2084.51763507636,551.502481421235,921.126394838714,0,0,0,0,0,0,0,0,0,0,0,0,1.80665746698297,3.54224346833759,1.06060512634036,1.77951563777067,0,0,0,0,0,0,0,0,0,0,4827.57799063874,4006.38467883162,829.214345081046,1675.88042399364,534.240292505123,976.84608615163,0,0,185.483266514676,153.931706247944,31.9560863835685,64.5924975164133,20.5838416778296,37.6366023357654,0,0,23405.2786466028,19344.8249839712,4537.83394926091,8903.56927070418,3152.61305479495,5502.43664211589,0,0,899.258162842597,743.259421653047,176.512484438095,347.030631277727,123.729871474897,216.32802644884,0,0,0,0,8.51058318244376,17.1428475111923,6.29236572704104,11.0586632605653,0,0,0,0,0,0,0,0,0,0,311.963944192921,276.880606921649,257.908056751143,574.021921409874,342.705479599578,670.456446736326,0,0,11.9861388517093,10.6381961939401,9.89243954713412,22.0098936869904,13.1116665302938,25.6466828232559,0,0,293.564771705066,259.862947639554,292.619269400652,680.553680136466,432.161481634742,861.086989511584,0,0,11.2792065857968,9.98435072757458,11.220572089513,26.0856846332582,16.5286979142517,32.9251192962881,0,0,0,0,49.4711120019574,113.912274545477,56.9060997416749,107.123897170615,0,0,0,0,0,0,0,0,0,0,334.550373773831,157.853892193548,760.54860079432,714.919631040299
"143",2001,939,11.8333333333333,4778.67837527016,3995.08524177806,1086.9970763177,2079.32466969028,550.441440137148,919.793213578204,0,0,0,0,0,0,0,0,0,0,0,0,1.80318031152344,3.53532458048235,1.05940299447242,1.77837430848819,0,0,0,0,0,0,0,0,0,0,4858.43191014502,4026.69516848125,836.799493895411,1691.73416184904,541.579343381038,991.660035885775,0,0,186.668723442747,154.712067740193,32.2484508340007,65.2036726425958,20.8666184613088,38.2073826339548,0,0,23354.7978533874,19277.1018025793,4537.51364260807,8904.92946254277,3165.84910212377,5533.07295922349,0,0,897.318744979335,740.657384096769,176.502642112593,347.09248307869,124.253350262883,217.540805710852,0,0,0,0,8.52287524360246,17.1730319275178,6.32770482145164,11.1363991105462,0,0,0,0,0,0,0,0,0,0,313.622082374337,277.950280133133,260.072972512931,579.037699206613,347.214628762249,680.246716623737,0,0,12.0498473575005,10.6792947422871,9.97576636437937,22.2028925642322,13.2847617580718,26.0223499483208,0,0,292.146525512641,258.249113363328,293.032268846616,681.676464991911,434.751747795258,867.396011785972,0,0,11.2247158400184,9.92234461497702,11.2367107856547,26.1294663382812,16.628446700773,33.1677721077379,0,0,0,0,49.5653565956007,114.217662045752,57.2587969447583,107.943731215211,0,0,0,0,0,0,0,0,0,0,337.837260623489,159.318187556584,773.727581277768,728.641407114633
"144",2001,939,11.9166666666667,4754.01276945133,3971.07006500314,1084.2546844938,2073.93749121716,549.303073586888,918.321471446041,0,0,0,0,0,0,0,0,0,0,0,0,1.79954397030598,3.52807966916898,1.0580554322878,1.77697211903651,0,0,0,0,0,0,0,0,0,0,4889.40569558644,4047.06313972368,844.403435674802,1707.62110678752,548.961266512499,1006.58651728295,0,0,187.858785811732,155.494637767161,32.5415409910482,65.8161306595955,21.1510476218397,38.7824995394074,0,0,23304.640684684,19209.8904438151,4537.07002195532,8905.99546210961,3178.90675599809,5563.46314787485,0,0,895.391760217838,738.075011630686,176.487874590087,347.142565709434,124.769719750733,218.743727393876,0,0,0,0,8.53503561146344,17.2028407032305,6.36282011809686,11.2139174460327,0,0,0,0,0,0,0,0,0,0,315.289303658012,279.02803607544,262.243854060571,584.070266873074,351.749239857904,690.115377260535,0,0,12.1139048491749,10.7207038421513,10.0593265266384,22.3965466195199,13.4588447548046,26.4010457333849,0,0,290.754048789491,256.661621829151,293.433814765684,682.765444701481,437.314393070581,873.661023047293,0,0,11.1712151854894,9.86135063312536,11.2524132203944,26.1719605330861,16.727149456005,33.4087673316428,0,0,0,0,49.6554360871812,114.512712624336,57.6064671862231,108.755931471585,0,0,0,0,0,0,0,0,0,0,341.141619352719,160.788150483064,787.052559538989,742.52601302801
"145",2002,939,12,4729.34280552634,3947.14858268658,1081.43590795497,2068.39068447693,548.086979165521,916.706742778371,0,0,0,0,0,0,0,0,0,0,0,0,1.79574695003622,3.52049938800307,1.05656104614655,1.77529947174774,0,0,0,0,0,0,0,0,0,0,4920.49268085434,4067.47921461042,852.028440288308,1723.54078573343,556.383813410524,1021.61785343275,0,0,189.053197499076,156.279056013069,32.83544384849,66.4298525421441,21.4370425958609,39.3616573780883,0,0,23254.8046022527,19143.1607369433,4536.53264771203,8906.79953254632,3191.78038297701,5593.57390458887,0,0,893.477111041542,735.511145046223,176.469317659468,347.182107309559,125.278755914602,219.935475265169,0,0,0,0,8.547050656133,17.2322163069824,6.39769870534731,11.2911492318186,0,0,0,0,0,0,0,0,0,0,316.964820679764,280.111047777752,264.419603571277,589.109568496532,356.307072493429,700.049629930701,0,0,12.1782810749939,10.7623148767877,10.1430778953526,22.5904702130939,13.6338298114716,26.7822806975482,0,0,289.386560981926,255.099632592926,293.823922022237,683.819573367839,439.848366593015,879.876596677797,0,0,11.1186746323475,9.80133649080324,11.2676798180979,26.2131267409108,16.824765721372,33.647896924694,0,0,0,0,49.7413562943188,114.79716659078,57.9489504219549,109.559714802296,0,0,0,0,0,0,0,0,0,0,344.464464527315,162.266304572985,800.527980360597,756.598232464824
"146",2002,939,12.0833333333333,4705.32071238612,3923.45207527184,1079.20597550887,2063.72116415748,546.763805209451,914.773508034554,0,0,0,0,0,0,0,0,0,0,0,0,1.79184063776211,3.51242407555643,1.05485202913735,1.7729996770269,0,0,0,0,0,0,0,0,0,0,4951.52023331535,4087.63962152696,859.780815911519,1739.52923448223,563.796420615618,1036.51875706496,0,0,190.245325682937,157.053651086706,33.134241330994,67.0462024782383,21.7226565149264,39.9357932924594,0,0,23205.3126208159,19076.0107650989,4536.84804837065,8908.29210043894,3204.27114072145,5622.28260735745,0,0,891.575681989321,732.931131236025,176.483279404108,347.247142680177,125.772645598517,221.07189198198,0,0,0,0,8.55882577540528,17.2597224800044,6.43191564695152,11.3657857030712,0,0,0,0,0,0,0,0,0,0,318.624917959499,281.110401715194,266.570767462643,593.846530775483,360.818733557756,709.630749788656,0,0,12.2420648499838,10.8007116462213,10.2258918210161,22.7728137105687,13.8070615259235,27.150034867115,0,0,288.037909042219,253.546974747116,294.202482525746,684.778469311292,442.327884554507,885.861321720626,0,0,11.0668577712888,9.74168087583575,11.2825068018975,26.2506507980761,16.9203089039039,33.878222418218,0,0,0,0,49.8216212082897,115.059624401074,58.2824526305657,110.332737019855,0,0,0,0,0,0,0,0,0,0,347.83805976507,163.839986560828,814.2850727924,771.694746282399
"147",2002,939,12.1666666666667,4681.29922733744,3899.87127141527,1076.87335398911,2058.85820055578,545.376923171631,912.723098699128,0,0,0,0,0,0,0,0,0,0,0,0,1.78795994965562,3.50435653428467,1.05300591384378,1.77045314845901,0,0,0,0,0,0,0,0,0,0,4982.56667579696,4107.76950817516,867.529232438419,1755.5017956881,571.227526905557,1051.48260768663,0,0,191.438179651597,157.827073522825,33.432891260211,67.6619499033414,22.0089858077331,40.5123593594197,0,0,23156.208533412,19009.4299667105,4537.04246446604,8909.51123193191,3216.6067162607,5650.77033543007,0,0,889.689155333375,730.37298602769,176.492432012668,347.301252926363,126.260318947372,222.199403302445,0,0,0,0,8.5707738500827,17.2873679938801,6.46590832708143,11.4401777344555,0,0,0,0,0,0,0,0,0,0,320.294381683412,282.121340546366,268.734269521051,598.627892596744,365.357149483224,719.302196822539,0,0,12.3062084971931,10.8395535258813,10.3091834122058,22.9568705478246,13.9813300877285,27.5212731765438,0,0,286.719196004874,252.02165629279,294.574444715705,685.700441528492,444.785453519167,891.797360476785,0,0,11.0161911981229,9.68307568446147,11.297083270389,26.2867662886007,17.0150220917663,34.1067089772249,0,0,0,0,49.898098069403,115.312397563034,58.6109578436748,111.097834997765,0,0,0,0,0,0,0,0,0,0,351.2293160921,165.419302041733,828.189398262999,786.958703987972
"148",2002,939,12.25,4657.27927048883,3876.40542632627,1074.44054292955,2053.80630855729,543.926486952896,910.555841652354,0,0,0,0,0,0,0,0,0,0,0,0,1.78407279636414,3.49624295304208,1.05102726088027,1.76766636868946,0,0,0,0,0,0,0,0,0,0,5013.64118342198,4127.87753043786,875.276053746615,1771.46266592968,578.679759705813,1066.51381652893,0,0,192.632111927947,158.599655894289,33.7314840414314,68.2772552599663,22.2961311886178,41.091524622499,0,0,23107.4812921542,18943.407051276,4537.11698585007,8910.45889605692,3228.78571239898,5679.03331863219,0,0,887.817106597294,727.836275621861,176.496818523474,347.344515278542,126.741719860761,223.317857066829,0,0,0,0,8.58283166469865,17.3150511083327,6.49967856680056,11.5143231416494,0,0,0,0,0,0,0,0,0,0,321.972719223221,283.143068374199,270.908606472541,603.448681989684,369.920721540485,729.059627685848,0,0,12.3706930890622,10.8788099361285,10.3928948715191,23.1424498145048,14.1565741390052,27.8958292421545,0,0,285.429155044534,250.52299871373,294.939705601836,686.587770669609,447.220224220511,897.684912307602,0,0,10.9666262396929,9.62549484699213,11.3114051328666,26.3215602836215,17.1088725291246,34.3333636740025,0,0,0,0,49.9708679413315,115.555606828757,58.9344119466051,111.854854850657,0,0,0,0,0,0,0,0,0,0,354.638342361664,167.004317563435,842.241884717651,802.391734128096
"149",2002,939,12.3333333333333,4633.26216040026,3853.05404526577,1071.91015731832,2048.57024317566,542.412789746744,908.272298539496,0,0,0,0,0,0,0,0,0,0,0,0,1.78015315462673,3.48803961678506,1.04891975212628,1.76464470297941,0,0,0,0,0,0,0,0,0,0,5044.75084216462,4147.97060078882,883.023066006579,1787.41502579072,586.155068383111,1081.61568910598,0,0,193.82739476645,159.371663789394,34.0300879366976,68.8922400506074,22.5841673626952,41.6734157160908,0,0,23059.1210659468,18877.9316390892,4537.07303354446,8911.13774774731,3240.80712445705,5707.06841881103,0,0,885.959158056068,725.320601213392,176.496494904334,347.377033865656,127.216807674925,224.427126003509,0,0,0,0,8.59494766959985,17.3426887549498,6.53322775037528,11.5882196792095,0,0,0,0,0,0,0,0,0,0,323.6594959193,284.17486303818,273.092497586648,608.304505608633,374.508114425389,738.899227270691,0,0,12.4355019252805,10.9184531303997,10.476976945573,23.3293827981513,14.3327424225897,28.2735569160385,0,0,284.166615158733,249.050363655048,295.298153885921,687.442471997929,449.631439209159,903.524156114637,0,0,10.9181179045077,9.56891383680183,11.3254679696633,26.3551096571206,17.2018309442559,34.5581927435598,0,0,0,0,50.0400057016862,115.789368259937,59.2527695528545,112.603656719098,0,0,0,0,0,0,0,0,0,0,358.065230420128,168.595091579229,856.443296199335,817.995248863452
"150",2002,939,12.4166666666667,4609.24955912478,3829.81691715834,1069.28484419984,2043.15484153842,540.836213833599,905.87317519257,0,0,0,0,0,0,0,0,0,0,0,0,1.77618015850535,3.4797114230043,1.04668632764789,1.76139253491462,0,0,0,0,0,0,0,0,0,0,5075.90095550619,4168.05411835152,890.771561640598,1803.36118225643,593.654834498459,1096.79062156729,0,0,195.024231935336,160.143304651097,34.3287522842765,69.5069922977594,22.8731472543971,42.2581243998558,0,0,23011.1192993768,18812.9944757589,4536.91222827288,8911.55084993375,3252.67019413247,5734.87291639508,0,0,884.114980998117,722.82560723355,176.491524881548,347.398928729101,127.685551369277,225.527099239945,0,0,0,0,8.60708013852253,17.3702135841724,6.56655677607585,11.6618648900595,0,0,0,0,0,0,0,0,0,0,325.35433061838,285.216073959615,275.284854325097,613.191500224637,379.118215263913,748.817671601856,0,0,12.5006203613372,10.95845811242,10.5613877622498,23.5175211288743,14.5097922162843,28.6543288766633,0,0,282.930508975593,247.603162224799,295.649673293821,688.266301832157,452.018422672362,909.315233910094,0,0,10.8706251827181,9.51331002771042,11.3392671639401,26.3874813424456,17.2938711717583,34.7812009798127,0,0,0,0,50.1055790325628,116.013788873468,59.5659901501828,113.344108870302,0,0,0,0,0,0,0,0,0,0,361.510067716485,170.191678630166,870.79434286815,833.770569273679
"151",2002,939,12.5,4585.24340741307,3806.69405979816,1066.56727191995,2037.56500050167,539.197220457413,903.359305672263,0,0,0,0,0,0,0,0,0,0,0,0,1.77213701741254,3.47123011691376,1.04432941412992,1.75791357009663,0,0,0,0,0,0,0,0,0,0,5107.09539560609,4188.13226895696,898.522441030927,1819.30274763936,601.179987507013,1112.04028266458,0,0,196.222772209164,160.914739305719,34.6275113956674,70.1215733995125,23.1631064420062,42.8457145317448,0,0,22963.4684601143,18748.5872136924,4536.6363398611,8911.70157731562,3264.37436188434,5762.44443318915,0,0,882.284286020086,720.350972954257,176.481977984109,347.410332096888,128.147927722642,226.617679312451,0,0,0,0,8.61919496556135,17.397570503546,6.59966616816883,11.7352561316855,0,0,0,0,0,0,0,0,0,0,327.056883213413,286.26610901622,277.484736475515,618.106232872558,383.750071490382,758.812014874161,0,0,12.5660353297827,10.9988021319031,10.6460911461341,23.7067329471224,14.6876869490698,29.0380322968444,0,0,281.719855346357,246.180844018451,295.994148894542,689.060801540462,454.380577794938,915.058266404483,0,0,10.8241103772964,9.45866227228602,11.352798146202,26.418734023469,17.3849700564805,35.0023923402711,0,0,0,0,50.1676501843509,116.228969131528,59.8740374564792,114.076086783387,0,0,0,0,0,0,0,0,0,0,364.972937997294,171.794129870115,885.295691555436,849.718939984557
"152",2002,939,12.5833333333333,4561.24589655301,3783.68569583189,1063.76012437431,2031.80566524273,537.496346765636,900.731647683376,0,0,0,0,0,0,0,0,0,0,0,0,1.76801054015147,3.46257351341248,1.04185102513812,1.75421097174327,0,0,0,0,0,0,0,0,0,0,5138.33675600945,4208.208156104,906.27625742268,1835.24071738571,608.731055777934,1127.36569215276,0,0,197.423115236085,161.68608699465,34.9263862760048,70.7360211104692,23.4540651129648,43.4362250718443,0,0,22916.1619292428,18684.7023177755,4536.24726339422,8911.59357195583,3275.91924683959,5789.78090075964,0,0,880.466818813223,717.896408864171,176.467928623387,347.411386668651,128.60392053958,227.698780950404,0,0,0,0,8.63126470479843,17.4247151638465,6.63255612334311,11.8083905878562,0,0,0,0,0,0,0,0,0,0,328.766848896898,287.32442887805,279.691332668934,623.045657501009,388.402862483646,768.879638792739,0,0,12.6317351194321,11.0394644669289,10.7310558703091,23.8969012398479,14.8663951123075,29.4245669002457,0,0,280.533752313162,244.782892405153,296.331470148821,689.827316972967,456.717386026211,920.75336042618,0,0,10.7785388338477,9.40495072073563,11.3660565123956,26.4489188821104,17.4751074278705,35.2217702340708,0,0,0,0,50.2262767570611,116.435004101428,60.1768792224677,114.799472922579,0,0,0,0,0,0,0,0,0,0,368.453921544745,173.402493248974,899.947969625143,865.841534661812
"153",2002,939,12.6666666666667,4537.25942885101,3760.79221946343,1060.86609398914,2025.88181478101,535.7341998775,897.99127335341,0,0,0,0,0,0,0,0,0,0,0,0,1.76379047692031,3.45372441881576,1.03925289336863,1.75028753796732,0,0,0,0,0,0,0,0,0,0,5169.62656502075,4228.28398279992,914.033279141618,1851.17557848179,616.30823814017,1142.76733248443,0,0,198.625319736,162.457432360952,35.2253870080571,71.3503536953477,23.7460308063963,44.0296743628655,0,0,22869.1938480016,18621.3329331883,4535.746987998,8911.23068397702,3287.30461790869,5816.88051382478,0,0,878.662354275009,715.461651589947,176.449454886557,347.402243320418,129.053519533344,228.770329274265,0,0,0,0,8.64326724956793,17.4516118752021,6.66522657685992,11.88126528678,0,0,0,0,0,0,0,0,0,0,330.483950514624,288.390538930992,281.903933966293,628.007053530083,393.075862615721,779.018183982332,0,0,12.697709081584,11.0804261136313,10.8162546419765,24.0879214823864,15.0458888415094,29.8138423305405,0,0,279.371366602435,243.408818165473,296.661534365381,690.567026616101,459.028403825088,926.400617343076,0,0,10.7338785369303,9.35215657645717,11.3790381578536,26.4780806806636,17.5642659784025,35.4393378493047,0,0,0,0,50.2815127534346,116.631984962297,60.4744868679898,115.51415624046,0,0,0,0,0,0,0,0,0,0,371.953095558172,175.016813821033,914.75177073593,882.139464520123
"154",2002,939,12.75,4513.28658733388,3738.01417101914,1057.88787622932,2019.79845062307,533.911452272644,895.139362126539,0,0,0,0,0,0,0,0,0,0,0,0,1.75946902497564,3.44466981573238,1.03653656267569,1.74614582623023,0,0,0,0,0,0,0,0,0,0,5200.9654472732,4248.3611891357,921.793536637951,1867.10739086289,623.911458219478,1158.24523308677,0,0,199.829409708316,163.228830735224,35.5245145548996,71.9645730482179,24.0390004963026,44.626063360276,0,0,22822.5590020621,18558.4727855095,4535.13757340548,8910.61692687924,3298.53037213092,5843.74169538634,0,0,876.870692062923,713.046460058086,176.426637630704,347.383059375131,129.496719488723,229.832258448629,0,0,0,0,8.65518485879367,17.4782320624815,6.697677250479,11.9538771170505,0,0,0,0,0,0,0,0,0,0,332.20793281291,289.463983069505,284.121914325287,632.987978787862,397.768414651596,789.225498956329,0,0,12.76394740899,11.1216695477048,10.9016633522741,24.2796998321782,15.2261428951823,30.2057761938463,0,0,278.231925612243,242.058154891665,296.984248858827,691.280963997818,461.313258741176,932.000138688788,0,0,10.6900998021976,9.30026191931005,11.3917393611336,26.5062586230939,17.6524311158346,35.6550983721589,0,0,0,0,50.3334093472485,116.820000111653,60.7668352181028,116.220031825218,0,0,0,0,0,0,0,0,0,0,375.470534419475,176.637133979289,929.707658737417,898.613784600388
"155",2002,939,12.8333333333333,4489.33011045882,3715.35221582671,1054.82816503839,2013.56058724208,532.028837721844,892.177194520744,0,0,0,0,0,0,0,0,0,0,0,0,1.7550404271713,3.43540019613842,1.03370345536762,1.74178824531745,0,0,0,0,0,0,0,0,0,0,5232.35325652141,4268.44056524259,929.556860962406,1883.03585360153,631.540409042127,1173.79903916327,0,0,201.035379534052,164.000312475572,35.8237622343825,72.5786672286223,24.3329623019474,45.2253782697392,0,0,22776.2527267382,18496.116098698,4534.42113114126,8909.75644137237,3309.59651707632,5870.36306837006,0,0,875.091652952493,710.650612343659,176.399559755071,347.353997202089,129.933519581515,230.884510586811,0,0,0,0,8.66700338421265,17.5045530311056,6.72990768988848,12.0262228431566,0,0,0,0,0,0,0,0,0,0,333.93855778539,290.544338496987,286.344715067833,637.98623031237,402.47990947182,799.499599381824,0,0,12.830440957071,11.1631785246271,10.9872604797094,24.4721516243681,15.4071338762207,30.6002924959655,0,0,277.114710702987,240.730455409195,297.299532229825,691.970037116771,463.571644727779,937.552030000115,0,0,10.6471750186163,9.24924956812467,11.4041568340008,26.5334871018538,17.739590785611,35.8690551368548,0,0,0,0,50.3820154832283,116.999136030728,61.0539022886937,116.917000615142,0,0,0,0,0,0,0,0,0,0,379.006309894659,178.263493653785,944.816170487436,915.265498853059
"156",2002,939,12.9166666666667,4465.39286996884,3692.80712582942,1051.68964884614,2007.17324367769,530.087147540909,889.106146390359,0,0,0,0,0,0,0,0,0,0,0,0,1.75050062674866,3.42590898619644,1.03075492735732,1.73721713085687,0,0,0,0,0,0,0,0,0,0,5263.78919056182,4288.52234884399,937.322916979993,1898.96036198257,639.194591679296,1189.42807135484,0,0,202.243198391264,164.771886715709,36.1231169920039,73.1926126485748,24.627896969906,45.827592834397,0,0,22730.2708251862,18434.2575242638,4533.5998085028,8908.65346433584,3320.50315568035,5896.74343109207,0,0,873.325075694461,708.27390294893,176.368305581232,347.31522301445,130.363922791882,231.927034803178,0,0,0,0,8.67871161179015,17.5305569125785,6.76191729727696,12.0982991201574,0,0,0,0,0,0,0,0,0,0,335.675600703254,291.631211178249,288.571831713697,642.999810158904,407.209769369886,809.838633398576,0,0,12.8971810913925,11.204937904935,11.0730265844588,24.6652000595149,15.5888395905116,30.997320311847,0,0,276.019051298885,239.425288805465,297.60731522247,692.635045761407,465.803317305587,943.056403649123,0,0,10.6050784218367,9.19910296654122,11.4162877550641,26.5597963635328,17.8257352872582,36.0812117366321,0,0,0,0,50.4273783831425,117.169478011925,61.3356690991806,117.604969151024,0,0,0,0,0,0,0,0,0,0,382.560491296948,179.895930486175,960.077818091471,932.0955644901
"157",2003,939,13,4441.6887760596,3670.48292528611,1048.61429926849,2000.86689747332,528.074106263682,885.885523965045,0,0,0,0,0,0,0,0,0,0,0,0,1.74582968416967,3.41611867021055,1.0276662461677,1.73235157471908,0,0,0,0,0,0,0,0,0,0,5295.24774150943,4308.55694874349,945.104022321575,1914.87734176491,646.856275781187,1205.07224402604,0,0,203.451886226219,165.541648082564,36.4230505547116,73.8062660946559,24.9231214245837,46.4303921102245,0,0,22684.6863342318,18372.7978975715,4532.82298228086,8907.46098396658,3331.16671615235,5922.59845577719,0,0,871.573766528657,705.912521806845,176.338589005578,347.272498268711,130.784646662792,232.948643758933,0,0,0,0,8.69019806483299,17.5558213435594,6.79353345784448,12.1695187321525,0,0,0,0,0,0,0,0,0,0,337.409488636876,292.703913192706,290.784893662836,647.941661678906,411.926443705363,820.123724788492,0,0,12.9638000051944,11.2461528256039,11.1582568487448,24.8555058736656,15.7700520985219,31.3923093420312,0,0,274.942812513808,238.13935573209,297.904837315065,693.261745647071,467.996388363936,948.467837699943,0,0,10.5637279864301,9.14969534830446,11.4280261242054,26.5846398954979,17.9104093174665,36.2898295585133,0,0,0,0,50.4689079211107,117.328299910096,61.6105631382795,118.278180128101,0,0,0,0,0,0,0,0,0,0,386.146236641881,181.556008476325,975.549686569058,949.328969543923
"158",2003,939,13.0833333333333,4418.82708631549,3648.68355499033,1045.99368556946,1995.27922443388,525.961582430725,882.410471856659,0,0,0,0,0,0,0,0,0,0,0,0,1.74109902614126,3.40603939725101,1.02436818990875,1.72696470008561,0,0,0,0,0,0,0,0,0,0,5326.58844536315,4328.34337661312,952.919930117694,1930.74331352349,654.456908869293,1220.52367984844,0,0,204.656046187369,166.301874283163,36.7243184392249,74.4179418335916,25.2159964668841,47.0257707531721,0,0,22639.7662281413,18311.5118131048,4532.51331533577,8906.61749558202,3341.365910174,5947.14706275516,0,0,869.847983149346,703.557808469024,176.326587273475,347.242360683534,131.186996162229,233.918602249268,0,0,0,0,8.70134575841879,17.5794973355038,6.82426846287149,12.2382148806583,0,0,0,0,0,0,0,0,0,0,339.114758416111,293.707431995867,292.939255632755,652.590722077055,416.545380019287,830.034200674396,0,0,13.0293193640792,11.2847096166164,11.2412385362137,25.0345897734677,15.9475340298234,31.7729839577117,0,0,273.885027945566,236.865918336048,298.186564597909,693.805292446022,470.12153779296,953.656482932898,0,0,10.5230865819505,9.10076783430633,11.4391596348856,26.6062977550817,17.9924902699633,36.4899389273896,0,0,0,0,50.5050067948604,117.468077628374,61.8743307147806,118.920726987864,0,0,0,0,0,0,0,0,0,0,389.80053388323,183.304639385171,991.390451898842,967.600571144649
"159",2003,939,13.1666666666667,4396.0058614933,3627.0206638383,1043.29161589788,1989.54475090377,523.80531418383,878.851479950848,0,0,0,0,0,0,0,0,0,0,0,0,1.73642798256126,3.39605115069302,1.02096681766115,1.72138581541334,0,0,0,0,0,0,0,0,0,0,5357.86743517745,4348.0399751649,960.713702082799,1946.5507948282,662.052448791111,1235.9892247636,0,0,205.857834996434,167.058649097717,37.0247382504304,75.0273734583661,25.5086784397832,47.6216990146464,0,0,22595.2415335799,18250.7831627194,4532.10830785817,8905.56046054067,3351.42977479649,5971.48492706191,0,0,868.137390967081,701.224512686528,176.310801670126,347.203674696872,131.583886828918,234.879999187014,0,0,0,0,8.71262077923954,17.6032808845221,6.85478003617757,12.3066137582273,0,0,0,0,0,0,0,0,0,0,340.827565349951,294.720842561217,295.106149381495,657.283266249193,421.185883496367,840.022793905217,0,0,13.0951283108545,11.3236464650322,11.324704138046,25.2153494034026,16.1258523709752,32.156672594055,0,0,272.853002797084,235.616674038759,298.46422994754,694.322793436138,472.225473772477,958.796442809822,0,0,10.4834348857909,9.05276985820051,11.450137994248,26.6269588373693,18.073765271447,36.6882002367836,0,0,0,0,50.5382589858604,117.599873245093,62.1329886838108,119.554340822946,0,0,0,0,0,0,0,0,0,0,393.473294860383,185.05928514057,1007.38358331298,986.053278739793
"160",2003,939,13.25,4373.22575031549,3605.49305440976,1040.51051136517,1983.66778803546,521.605622450403,875.209351525398,0,0,0,0,0,0,0,0,0,0,0,0,1.73178455991479,3.38609925318805,1.01746720940644,1.71562279545328,0,0,0,0,0,0,0,0,0,0,5389.09703203788,4367.65813374127,968.488641053809,1962.30632912743,669.646855240655,1251.47576222722,0,0,207.057726049223,167.812410122977,37.3244364585719,75.6348115138703,25.8013191819604,48.2184407830509,0,0,22551.0985126794,18190.5984930594,4531.60827244563,8904.29019224239,3361.35657628204,5995.6078043249,0,0,866.441462154599,698.912117559603,176.291245221002,347.156454558896,131.975251333611,235.832667387684,0,0,0,0,8.72396965059095,17.6270802755297,6.88506874214544,12.3747116621238,0,0,0,0,0,0,0,0,0,0,342.54721325984,295.743211362844,297.28349531119,662.013084771757,425.845515365933,850.083329798256,0,0,13.1612000972407,11.3629275032917,11.4085737194249,25.3975462811491,16.3049134686852,32.5431384368864,0,0,271.845368694926,234.390805899081,298.737772889147,694.816513359678,474.307469994937,963.888218208872,0,0,10.4447203231368,9.00567003179223,11.4609587452881,26.6467096508484,18.1542061874232,36.8846319579435,0,0,0,0,50.5687283260486,117.723803507846,62.3865158298313,120.178927979825,0,0,0,0,0,0,0,0,0,0,397.16459717762,186.820001916467,1023.52979437829,1004.68852072195
"161",2003,939,13.3333333333333,4350.48785232112,3584.09990630036,1037.65284847413,1977.65277228454,519.362923972032,871.485041718679,0,0,0,0,0,0,0,0,0,0,0,0,1.72714285804129,3.37613929689927,1.01387342678796,1.70968212002313,0,0,0,0,0,0,0,0,0,0,5420.28692212464,4387.20702784019,976.247288943936,1978.01504353137,677.243163077332,1266.98863064579,0,0,208.25609150427,168.563509896248,37.6235103648839,76.240452258531,26.0940350650546,48.8162007058467,0,0,22507.3253495452,18130.9459987202,4531.01387562715,8902.80773184552,3371.14497562487,6019.51213846826,0,0,864.759742729513,696.620169505444,176.26794466569,347.100742772211,132.361037715205,236.776466510857,0,0,0,0,8.73534911823442,17.6508211798322,6.91513511201885,12.4425055065645,0,0,0,0,0,0,0,0,0,0,344.273096175255,296.773706376408,299.469537453121,666.774776619028,430.522273689557,860.210527570026,0,0,13.2275114408946,11.4025207636877,11.4927797747808,25.5809729552895,16.4846404342792,32.9321789578253,0,0,270.860901554196,233.187579811498,299.007102047396,695.288378718261,476.366874362251,968.932232014995,0,0,10.4068958629571,8.95944014956433,11.4716182402714,26.6656237201097,18.2337877068239,37.0792495463213,0,0,0,0,50.5964723056028,117.839976909945,62.6348965056832,120.794404956679,0,0,0,0,0,0,0,0,0,0,400.874511354258,188.586840588492,1039.82970488019,1023.50758151845
"162",2003,939,13.4166666666667,4327.79363782359,3562.84070941671,1034.72114266264,1971.50423283911,517.077720473403,867.679639995756,0,0,0,0,0,0,0,0,0,0,0,0,1.72248200389592,3.36613539712625,1.01018877688439,1.7035692306558,0,0,0,0,0,0,0,0,0,0,5451.44460597228,4406.69399753906,983.991561888,1993.68089719223,684.843643767771,1282.5318892105,0,0,209.453219544106,169.312230435042,37.9220332803279,76.8444471817071,26.3869131796009,49.4151343740852,0,0,22463.9118263964,18071.8152488637,4530.32606590022,8901.11470951015,3380.79396207106,6043.19495095882,0,0,863.091840111172,694.34826775429,176.240937677985,347.036604725493,132.7412068106,237.711278777053,0,0,0,0,8.74672417238102,17.6744433621609,6.94497960327822,12.5099926039772,0,0,0,0,0,0,0,0,0,0,346.004681902815,297.811581826521,301.662782746772,671.563622223464,435.214496286062,870.399830122696,0,0,13.2940418941083,11.4423975923359,11.5772648963021,25.7654481330274,16.6649694190637,33.3236193854659,0,0,269.898500641508,232.00632926424,299.272107072965,695.740025579216,478.403114971365,973.928854602596,0,0,10.3699192135705,8.91405460305986,11.4821121006689,26.6837634246377,18.3124875778077,37.2720664289892,0,0,0,0,50.6215434625587,117.948495706313,62.8781199920085,121.400697446884,0,0,0,0,0,0,0,0,0,0,404.603101752508,190.359847311768,1056.28385718621,1042.51162179188
"163",2003,939,13.5,4305.14487768714,3541.71520520598,1031.71793514194,1965.2267650447,514.750588226429,863.794353430546,0,0,0,0,0,0,0,0,0,0,0,0,1.71778521532468,3.35605864189208,1.00641601688644,1.69728880985293,0,0,0,0,0,0,0,0,0,0,5482.57579488792,4426.12488141239,991.722868485983,2009.30689814441,692.449947766384,1298.10855172078,0,0,210.649329606285,170.058796066727,38.2200590571327,77.44691131306,26.6800167920617,50.0153572826261,0,0,22420.8490367405,18013.1969438573,4529.54601275158,8899.21322535513,3390.30279468048,6066.65374257336,0,0,861.437412100491,692.096054999116,176.21027050907,346.964124086927,133.11572999282,238.637005163385,0,0,0,0,8.75806637805286,17.6978978780919,6.97460257863485,12.5771705106215,0,0,0,0,0,0,0,0,0,0,347.74149765952,298.856164179347,303.861948931863,676.375468297047,439.920780837025,880.647257888137,0,0,13.3607732918153,11.482532110988,11.6619797729431,25.9508122590869,16.8458465482891,33.7173070987234,0,0,268.957169392416,230.846442322972,299.532667371314,696.172845390639,480.415699704959,978.878422869139,0,0,10.3337520856233,8.86948988077444,11.4924355539168,26.7011817601603,18.3902865972712,37.4630947426145,0,0,0,0,50.6439905242053,118.049457557483,63.116179887279,121.99773937261,0,0,0,0,0,0,0,0,0,0,408.350427427344,192.139064093059,1072.89272995655,1061.70169688391
"164",2003,939,13.5833333333333,4282.54360244178,3520.72335259969,1028.64578433007,1958.82501343897,512.38217260717,859.830497971523,0,0,0,0,0,0,0,0,0,0,0,0,1.71303926439112,3.34588620116681,1.0025574693772,1.69084493957895,0,0,0,0,0,0,0,0,0,0,5513.68463693701,4445.50420678738,999.442177835455,2024.89522678589,700.063186845346,1313.72072030297,0,0,211.844581066116,170.803380738456,38.517624696045,78.0479279542201,26.9733885002935,50.6169499540933,0,0,22378.1292226495,17955.0827776044,4528.67507077368,8897.10578007215,3399.67096936976,6089.88643870013,0,0,859.796160627862,689.863212106146,176.175996601227,346.883400121209,133.484587897719,239.553563290632,0,0,0,0,8.7693529289877,17.7211454818702,7.0040042957448,12.6440369439437,0,0,0,0,0,0,0,0,0,0,349.483121760854,299.906844253743,306.065934797289,681.206662405512,444.639938796928,890.949324834203,0,0,13.4276894322341,11.5229009139292,11.7468820479067,26.1369250042742,17.0272261520669,34.1131084041775,0,0,268.036004882859,229.707354413692,299.788657218526,696.588011844037,482.40421559904,983.781250904762,0,0,10.2983597875656,8.82572429086372,11.5025836309603,26.7179233718098,18.4671685899445,37.6523457480098,0,0,0,0,50.6638590579848,118.142956493625,63.3490737987294,122.58547243265,0,0,0,0,0,0,0,0,0,0,412.116542555515,193.924529082734,1089.65674531453,1081.07876660418
"165",2003,939,13.6666666666667,4259.99205395561,3499.86528786748,1025.50725647457,1952.30365284045,509.973180795927,855.789486774987,0,0,0,0,0,0,0,0,0,0,0,0,1.70823383402943,3.33560025646018,0.998615155316817,1.68424128352394,0,0,0,0,0,0,0,0,0,0,5544.77398835166,4464.83541745735,1007.15010083634,2040.44738411474,707.684033167204,1329.3697477218,0,0,213.039083664601,171.546116766274,38.8147534624196,78.64755435937,27.2670540312364,51.2199641594106,0,0,22335.7455786945,17897.46527162,4527.7147377937,8894.79519290671,3408.8981787572,6112.89132176056,0,0,858.167824220083,687.649451739769,176.138174969266,346.794544515466,133.84776886994,240.46088480706,0,0,0,0,8.7805655210019,17.7441547280383,7.03318489836672,12.7105896889582,0,0,0,0,0,0,0,0,0,0,351.229173769195,300.963067512786,308.273784857352,686.053973079773,449.370942127282,901.302938984667,0,0,13.4947756983543,11.5634826949631,11.831934962103,26.3236621988754,17.2090687209426,34.5109047195084,0,0,267.134184640821,228.588539766643,300.03995128554,696.986514068088,484.36832619315,988.63764115126,0,0,10.2637107189355,8.78273763240483,11.5125513794559,26.734025830071,18.5431203103321,37.8398302635107,0,0,0,0,50.6811922322211,118.229084013299,63.5768029227313,123.16384544447,0,0,0,0,0,0,0,0,0,0,415.901496992218,195.716276967134,1106.57627765398,1100.64370762935
"166",2003,939,13.75,4237.49264842897,3479.14129402714,1022.30491839552,1945.66737366476,507.524376018822,851.672821031489,0,0,0,0,0,0,0,0,0,0,0,0,1.70336103321534,3.32518718814714,0.994590884954362,1.67748121284525,0,0,0,0,0,0,0,0,0,0,5575.8456186434,4484.12104562538,1014.84695146992,2055.96430296733,715.312794376272,1345.05635979552,0,0,214.232905389206,172.287101441473,39.1114572349885,79.2458259981738,27.5610251198643,51.8244276099901,0,0,22293.6921041848,17840.3376498159,4526.66662359269,8892.28453999181,3417.98428210697,6135.66698061958,0,0,856.552172323192,685.454513551587,176.096868990969,346.697678992304,134.205267799597,241.358913430244,0,0,0,0,8.7916895276407,17.7669005733366,7.06214441562212,12.7768265422688,0,0,0,0,0,0,0,0,0,0,352.979307085766,302.024326606752,310.484663235706,690.914528654854,454.112885055308,911.705328756691,0,0,13.5620187733075,11.6042579609007,11.9171063511296,26.5109134848318,17.3913394378307,34.9105897470351,0,0,266.250956607776,227.489505218012,300.286428251433,697.36918315511,486.307767433002,993.447891537694,0,0,10.229775984663,8.74051095724744,11.5223340033446,26.7495206503407,18.618131288285,38.02555894268,0,0,0,0,50.6960313602497,118.307929870976,63.7993717263265,123.732813847003,0,0,0,0,0,0,0,0,0,0,419.70533667478,197.514339271115,1123.6516597536,1120.39732272251
"167",2003,939,13.8333333333333,4215.04794536718,3458.55177532744,1019.04133142827,1938.920869589,505.036572487719,847.482081928785,0,0,0,0,0,0,0,0,0,0,0,0,1.69841499543477,3.31463689827187,0.990486326524432,1.67056790188079,0,0,0,0,0,0,0,0,0,0,5606.90038103591,4503.36285458898,1022.5327975276,2071.44643993708,722.949476050769,1360.78075702018,0,0,215.426079022148,173.026402512764,39.4077384504008,79.8427600784996,27.8553019039655,52.430347853569,0,0,22251.9634806446,17783.6937345348,4525.53242432197,8889.57710347391,3426.92928053256,6158.21226872125,0,0,854.949000594958,683.278160185877,176.052145417425,346.592933339924,134.557085162142,242.24760332622,0,0,0,0,8.80271333405225,17.7893632406343,7.09088276583631,12.8427452759695,0,0,0,0,0,0,0,0,0,0,354.733202840696,303.090155068914,312.697832417363,695.785765794554,458.86495396507,922.153983037964,0,0,13.6294064056139,11.6452087893435,12.0023678291613,26.6985803396672,17.5740070219642,35.3120671742343,0,0,265.385630675955,226.409785254227,300.527973355059,697.736715243129,488.222342658374,998.212300352384,0,0,10.196529069918,8.69902637960814,11.531926961493,26.7644341799447,18.6921936389729,38.2095424643299,0,0,0,0,50.708416329722,118.37958269568,64.0167876765443,124.292339275819,0,0,0,0,0,0,0,0,0,0,423.528103949326,199.31874461778,1140.88318750213,1140.34034834446
"168",2003,939,13.9166666666667,4192.66062083036,3438.09723537127,1015.71904621508,1932.06882688141,502.510630835349,843.218923416035,0,0,0,0,0,0,0,0,0,0,0,0,1.69339153602154,3.30394223058711,0.986303061463549,1.66350440526218,0,0,0,0,0,0,0,0,0,0,5637.93835832734,4522.56196063356,1030.20750389251,2086.89385385321,730.593835154753,1376.54270167365,0,0,216.618607744664,173.764062869617,39.7035917624057,80.438358554184,28.1498749740687,53.0377156137803,0,0,22210.554967155,17727.5278576907,4524.31390090235,8886.67632818308,3435.73329587716,6180.52626827171,0,0,853.35812688379,681.120173865467,176.004073537129,346.480443733767,134.903226200264,243.126917722395,0,0,0,0,8.81362777633589,17.8115272597343,7.11939976260274,12.9083436121825,0,0,0,0,0,0,0,0,0,0,356.49056470593,304.160121850171,314.912635359713,700.665385015394,463.626402749764,932.646600734923,0,0,13.6969272098859,11.6863186186947,12.0876941018261,26.8865743690775,17.7570427824468,35.7152487376155,0,0,264.537571336603,225.348937901444,300.764480297398,698.089691893116,490.111917300117,1002.93116968989,0,0,10.1639455576459,8.65826691813744,11.5413260412679,26.7787883810707,18.7653018612998,38.3917916672307,0,0,0,0,50.7183859573875,118.44413049827,64.2290610034359,124.842389190203,0,0,0,0,0,0,0,0,0,0,427.369837843421,201.129518956529,1158.2711237211,1160.47346113431
"169",2004,939,14,4170.25411924166,3417.57559181452,1012.46089228995,1925.29083401419,499.337332912179,837.36263269172,0.629810078831977,1.50128350313207,0,0,0,0,0,0,0,0,0,0,1.68832610671268,3.29306722741059,0.980843893079483,1.65328730783338,0.00123790498193909,0.00296553417797185,0,0,0,0,0,0,0,0,5668.98816878393,4541.68364081998,1037.90418710941,2102.32468692779,737.347705356388,1389.82003660039,0.939407649387914,2.51679701511955,217.811591116309,174.498748401183,40.0002918057394,81.0333149537697,28.4101373998224,53.5493521371643,0.0361955285830702,0.0969713819364206,22169.440350784,17671.5191454414,4523.20243664642,8883.73671240098,3440.18696247321,6191.33710767116,4.34633941397229,11.1174169237733,851.778544031371,678.968226102102,175.96004915412,346.366082893734,135.078406860503,243.553436436686,0.170662638085067,0.437343113339773,0,0,8.82460201681049,17.8331672450282,7.13896140799482,12.9500478959211,0.00903121125225129,0.0232824940024523,0,0,0,0,0,0,0,0,358.269563310295,305.217001422312,317.166593693055,705.502996915553,467.858829927175,941.417959303313,0.582584959633811,1.6676518080105,13.7652793301739,11.7269256165982,12.174525450948,27.0729620538277,17.9198249441019,36.0525335296692,0.0223139054771131,0.0638639992888398,263.706229609699,224.303613671082,301.001242697907,698.417710505352,491.37323297838,1005.76770434054,0.621497376090232,1.80750061872815,10.1320043553589,8.61810388011612,11.5507342685396,26.7921839390737,18.8143573221344,38.501991272333,0.0237966553807921,0.0691931221075195,0,0,50.7269280758638,118.500064740039,64.357361273626,125.154912951733,0.0814382455922922,0.225015168002016,0,0,0,0,0,0,0,0,431.209486448706,202.95879223533,1175.71744491083,1180.92873918061
"170",2004,939,14.0833333333333,4147.71920973789,3396.82006318195,1009.31456510915,1918.65114399925,495.197489601661,829.112018784593,2.22508276226925,5.30070013034209,0,0,0,0,0,0,0,0,0,0,1.68328488388385,3.28208320964356,0.973475364254468,1.63832021767553,0.004383530308801,0.0104911724170694,0,0,0,0,0,0,0,0,5700.18997885234,4560.80202508663,1045.6794430522,2117.82306040143,742.713146018637,1399.16910932525,3.45663470463953,9.26311767072864,219.010414556111,175.23330729824,40.3000149187878,81.6308604748156,28.6169001362342,53.9096279750856,0.133185077003979,0.356905818152461,22128.4788946339,17615.3827676467,4522.27638857293,8880.79006926689,3437.91053565636,6184.21466576803,15.5425184534835,39.761950723339,850.204844722883,676.811373264235,175.923101078769,346.251021539455,134.98914298918,243.274115646534,0.610329027152256,1.564259884808,0,0,8.83579069792437,17.8543006722147,7.14460135463282,12.9543200933887,0.0324505542446169,0.0836595075990828,0,0,0,0,0,0,0,0,360.078344178619,306.251730169746,319.476813002082,710.27828178687,471.233094320902,947.409664817428,2.0246754856246,5.80744851880311,13.8347757303242,11.7666815444412,12.263518567526,27.2569636841199,18.0497447619642,36.2833819220744,0.0775500690048033,0.222406210596962,262.884909424277,223.263822435652,301.236829927763,698.688794617033,491.646445033685,1005.61515722838,2.22834071381166,6.4762240874781,10.1004481897611,8.57815342884973,11.5600967009265,26.803393820588,18.8255788492184,38.4977638818263,0.0853241953801851,0.247925701191965,0,0,50.7344257577825,118.546046392936,64.3560919230051,125.097552883679,0.292580392116903,0.807874838413584,0,0,0,0,0,0,0,0,435.034902724437,204.813563715412,1193.14336998691,1201.74495251315
"171",2004,939,14.1666666666667,4125.16521956872,3376.13898125147,1006.08337163616,1911.86299768475,491.075210621013,820.920182088616,3.7735736627429,8.98407033982559,0,0,0,0,0,0,0,0,0,0,1.67821024384506,3.27104915737961,0.96612796467469,1.62344062032775,0.00745029125521231,0.0178144391906695,0,0,0,0,0,0,0,0,5731.50736795156,4579.97923920912,1053.48314273813,2133.36389819515,748.111623026841,1408.57364658847,6.09809712687685,16.3455060142913,220.213678727106,175.970126532437,40.6008317392482,82.2300377530947,28.8249334959328,54.2720369478105,0.234962859876107,0.62979247185796,22087.6780161113,17559.5971043608,4521.22884607332,8877.58770866255,3435.61658829027,6177.10247720536,26.6858483983402,68.2806557622701,848.637313981714,674.667995481167,175.881373138406,346.125813390794,134.89899384135,242.99479285341,1.04797199188698,2.6863323653868,0,0,8.84692418207691,17.8752991209091,7.15023123146405,12.9586408713997,0.0559790759831321,0.144326435434414,0,0,0,0,0,0,0,0,361.887022848743,307.291401270593,321.782059883573,715.071545668332,474.597873010923,953.407593436418,3.38335623051922,9.72276304252393,13.9042682024664,11.8066273654767,12.3523229101638,27.4416605174365,18.1793072666621,36.5144787273233,0.129594344690528,0.372360110065251,262.072723587664,222.232842206344,301.46289318858,698.917584302993,491.888951308782,1005.38356187415,3.82847396192541,11.1205614231456,10.0692429736859,8.53854151076972,11.5690928279743,26.8129791401383,18.8356229723585,38.4905041324654,0.146598642542714,0.425736817839497,0,0,50.7393878432394,118.584642088052,64.3505727775353,125.032415887987,0.504593995932868,1.39238792687391,0,0,0,0,0,0,0,0,438.879582630971,206.674627536646,1210.69487686593,1222.69698838302
"172",2004,939,14.25,4102.60598860421,3355.54204933317,1002.77274399577,1904.93634345766,486.971200184085,812.788201928834,5.27587031148735,12.5529839892686,0,0,0,0,0,0,0,0,0,0,1.67308529530807,3.25993393156231,0.958802762276951,1.60865016445027,0.010437714204644,0.0249353788893781,0,0,0,0,0,0,0,0,5762.89135199614,4599.17657445234,1061.30064188551,2148.91684846043,753.528918344693,1418.00559976912,8.858452899646,23.7494568859849,221.419501582402,176.70771885227,40.9021797367525,82.8296808425173,29.0336913241954,54.6355015712547,0.341324106317054,0.91507535858396,22047.0678693573,17504.1844937131,4520.06907116712,8874.14765011044,3433.30927634403,6170.00758247399,37.7802192262738,96.6842416456361,847.07711037103,672.538951019583,175.835225372386,345.991160849116,134.808126083412,242.715751737568,1.48373872515889,3.80396639761369,0,0,8.85798568221261,17.8961249839387,7.15585493014402,12.9630157751689,0.0796189967966195,0.205295265684065,0,0,0,0,0,0,0,0,363.695974576357,308.335868137472,324.08344826547,719.881652804612,477.955564047132,959.413638956798,4.66858355474624,13.4390773017298,13.9737711645272,11.846757447582,12.4409812260053,27.6270089831514,18.3086044389541,36.7458968198941,0.178828245501849,0.514702035975133,261.271786163575,221.213013510757,301.681832208652,699.113754333044,492.105796327613,1005.08709364275,5.41423226740701,15.7198233948728,10.0384699329133,8.49935805268664,11.5778146146038,26.8213107443558,18.8446825951511,38.4807541762137,0.207326375938692,0.601833969686346,0,0,50.7419277491576,118.616123590041,64.3409571815672,124.959787995521,0.7174370988235,1.97845072198707,0,0,0,0,0,0,0,0,442.743527253929,208.542013301922,1228.37168752531,1243.78515914969
"173",2004,939,14.3333333333333,4080.05402042631,3335.03785409838,999.387763252662,1897.88047761285,482.886052267441,804.716942104354,6.73257697542807,16.0090688685608,0,0,0,0,0,0,0,0,0,0,1.6678974145243,3.24871413795463,0.951500681070349,1.5939502919791,0.0133455674293447,0.0318544809965101,0,0,0,0,0,0,0,0,5794.30039585503,4618.36150936894,1069.1198138997,2164.45698487084,758.953594684419,1427.44262444365,11.7320677233866,31.4596694750043,222.626287275838,177.444834731724,41.203592956966,83.4288319328602,29.2427341560983,54.9991632346734,0.452052725544535,1.21216767815559,22006.6732389347,17449.1628957309,4518.80504612102,8870.48536159649,3430.99176395782,6162.93512160297,48.8292936194897,124.98278944095,845.525186147757,670.42492993244,175.784968373101,345.847667648607,134.716667857729,242.437202147709,1.91776782363638,4.9175440477374,0,0,8.86895999010241,17.9167439936069,7.16147301269645,12.9674439164985,0.103371717640422,0.266574853414225,0,0,0,0,0,0,0,0,365.505372084447,309.384854820023,326.38155680688,724.706724286225,481.307575698645,965.428022954555,5.88926457660449,16.9793284110565,14.0432912528023,11.8870611883019,12.5295156988791,27.8129369408494,18.437690230192,36.9776447818112,0.225593078208101,0.650310819615239,260.483787390518,220.206238815521,301.895651509152,699.285485350125,492.301377179525,1004.73810782655,6.97934389535656,20.2570103030562,10.0081940092013,8.4606761504076,11.5863388774281,26.8287022040357,18.8529258772941,38.4689865941244,0.267267141749406,0.775565974860905,0,0,50.7421469240611,118.640736226703,64.3273883443062,124.879935553449,0.931069470283559,2.56596509362284,0,0,0,0,0,0,0,0,446.626740579666,210.415749324346,1246.17358439178,1265.00977110925
"174",2004,939,14.4166666666667,4057.52068847612,3314.63403944822,995.933207012653,1890.70413478973,478.820274884956,796.707094507974,8.14431210948947,19.3539843856575,0,0,0,0,0,0,0,0,0,0,1.66263743851693,3.23737268618788,0.944222536334361,1.57934227139066,0.0161738270584113,0.0385726192239862,0,0,0,0,0,0,0,0,5825.6991767509,4637.50667290402,1076.93061395169,2179.96386299761,764.376484303639,1436.86703009824,14.7131312946595,39.4603585556673,223.832678649823,178.180422531099,41.5046853119081,84.0267051757468,29.4517096177885,55.3623419325138,0.566925776868151,1.52046377920815,21966.5144421748,17394.5466396854,4517.44369246687,8866.61420816785,3428.66642186712,6155.88872293498,59.8364913736996,153.185709851084,843.982321931972,668.326482773186,175.730871740685,345.695856186619,134.62471646577,242.159295155683,2.35018867601417,6.02742196336647,0,0,8.8798335133336,17.9371253781629,7.16708374798778,12.9719200507506,0.127237812410292,0.328171038512633,0,0,0,0,0,0,0,0,367.315226054638,310.437986621617,328.676559174591,729.544366659194,484.654572915566,971.449757609048,7.05335369070431,20.3641252609772,14.1128288776987,11.9275241911919,12.6179329506974,27.9993524580148,18.5665900263987,37.2096846787879,0.270193639841061,0.779976078185198,259.710059945887,219.214047743191,302.106001319615,699.439633467693,492.479495413071,1004.34730234667,8.51875222789377,24.7183558688585,9.97846640625446,8.42255457447354,11.5947288508024,26.8354163100756,18.8604982062973,38.4556105916695,0.326227233793009,0.946405500075853,0,0,50.7401366337903,118.658702842882,64.3100005230389,124.793107570905,1.14545234288504,3.15483761210903,0,0,0,0,0,0,0,0,450.529227547915,212.295861933621,1264.1003807346,1286.37109840431
"175",2004,939,14.5,4035.01640625537,3294.33745011383,992.413588922955,1883.41556286515,474.774309719604,788.759214553134,9.51170627934106,22.5894164032386,0,0,0,0,0,0,0,0,0,0,1.65729900274118,3.22589760355717,0.936969063015423,1.56482722658252,0.0189226478313819,0.0450909987487974,0,0,0,0,0,0,0,0,5857.05755717329,4656.58898399432,1084.72471585802,2195.4207325462,769.790264996949,1446.26490732253,17.795753732522,47.7355134478713,225.037517773009,178.913595439033,41.8051366597647,84.6226564830359,29.6603361687967,55.7245027967456,0.685717178001866,1.83934911816547,21926.6080791813,17340.3470441672,4515.99105259001,8862.54582342078,3426.33499017938,6148.8708217973,70.8049801819303,181.301718404596,842.44915552304,666.244044420089,175.673171093289,345.536181876195,134.532344672288,241.88213539935,2.78112109741929,7.1339303884453,0,0,8.89059425766971,17.9572418807463,7.17268390213541,12.9764361551946,0.151217047620068,0.390086815693163,0,0,0,0,0,0,0,0,369.125418552754,311.494815098925,330.968328207305,734.39185194619,487.996673157386,977.477010893118,8.16794155130003,23.6119505320162,14.1823795079982,11.9681292263412,12.7062280409239,28.1861507233237,18.6953081690836,37.441946088975,0.31290162589902,0.904405950768731,258.951634929688,218.237652523616,302.314216607912,699.581885712259,492.643409813411,1003.92387607775,10.0284567143678,29.0929176800423,9.94932674070385,8.38503990068955,11.6030356812641,26.8416710283941,18.8675242066702,38.4409780343799,0.384053399952456,1.1139333716522,0,0,50.7359794897512,118.670227189039,64.2889200734667,124.69953780505,1.36054817807899,3.74497877479071,0,0,0,0,0,0,0,0,454.450992491151,214.182374947098,1282.15189828027,1307.86936441536
"176",2004,939,14.5833333333333,4012.55076572828,3274.1542485612,988.83319092154,1876.02258395634,470.748547691029,780.873749461335,10.8354004487199,25.7170729689303,0,0,0,0,0,0,0,0,0,0,1.65187800894363,3.21428107820163,0.929740937763814,1.55040616154201,0.0215923381820865,0.0514111107966505,0,0,0,0,0,0,0,0,5888.34974504859,4675.58894835742,1092.49521451821,2210.81389020849,775.18911436497,1455.62541435958,20.9740443003554,56.2691104034607,226.239813672684,179.643604454023,42.1046813966508,85.2161587135002,29.8683898437036,56.0852287351967,0.808200734093512,2.16820843134936,21886.9676465114,17286.57292373,4514.4524376258,8858.29041158043,3423.99870915727,6141.88291632222,81.7376718953028,209.3388252829,840.926205478087,664.177953542275,175.612073777183,345.369044818187,134.439605771866,241.605790994166,3.21067517527506,8.23737274345754,0,0,8.90123175747174,17.9770696489642,7.17826930442533,12.9809825526511,0.175308427259833,0.452322552855455,0,0,0,0,0,0,0,0,370.935730120826,312.554838037058,333.256516607416,739.246254031338,491.333596792738,983.507384275885,9.23933727551384,26.7393495346631,14.251934711776,12.0088569978498,12.7943875654099,28.3732192855686,18.8238337325889,37.6743367738337,0.35395877916681,1.02423433067737,258.209288546181,217.277994635084,302.521354313275,699.716902208754,492.795889835046,1003.47568276705,11.5053710391004,33.3722099529163,9.92080483568742,8.34816830215238,11.6112998536264,26.8476449479341,18.8741097773685,38.4253893216508,0.440627408114072,1.27782450715048,0,0,50.7297507478989,118.675496804975,64.2642663835299,124.599446620512,1.57632045589997,4.33630231950802,0,0,0,0,0,0,0,0,458.392037921419,216.075309288718,1300.32795131886,1329.50472986106
"177",2004,939,14.6666666666667,3990.13265113963,3254.09001122475,985.196089913514,1868.53264474499,466.743341376267,773.051061002467,12.1160445640854,28.7386807756588,0,0,0,0,0,0,0,0,0,0,1.64637219017287,3.20251867466907,0.922538796462424,1.53607998140593,0.0241833389167942,0.0575346934862507,0,0,0,0,0,0,0,0,5919.5535980713,4694.49007657988,1100.23637933672,2226.13214239909,780.568425193773,1464.94018877783,24.2421750870566,65.0452851916225,227.438715606059,180.369816026433,42.4030990021406,85.8067810706218,30.07569333586,56.4441978652159,0.93415258945409,2.50643237947566,21847.6040459737,17233.2310080743,4512.83254947255,8853.85699611929,3421.65842551839,6134.92577499352,92.6372230789419,237.304336697378,839.413890660677,662.128468705457,175.547763577932,345.194799408659,134.346537708132,241.330301576963,3.63895128122677,9.33802565226689,0,0,8.91173698428461,17.9965880640749,7.18383526573927,12.9855487365165,0.199510249888318,0.514876227258252,0,0,0,0,0,0,0,0,372.745862009419,313.617515595696,335.540620391044,744.104553128327,494.664784264244,989.538126314669,10.2731437781824,29.7611050997516,14.3214830106023,12.0496867641886,12.8823920935122,28.5604420675972,18.9521450255599,37.9067508875215,0.393579775698059,1.1400275642776,257.483581554283,216.335784510056,302.728227913264,699.84844502023,492.939267063353,1003.00937610723,12.9471972420201,37.549875917662,9.8929222365954,8.31196707480843,11.6195525153418,26.8534822181703,18.880344056162,38.409098927057,0.49586122324789,1.43783536469657,0,0,50.7215194130022,118.674685474775,64.2361526920679,124.493042621215,1.79273349382384,4.92872463470321,0,0,0,0,0,0,0,0,462.352363580994,217.974682717468,1318.62833528536,1351.27728540987
"178",2004,939,14.75,3967.77033424162,3234.14980914276,981.506180193626,1860.95285866379,462.759015077817,765.291444099051,13.3542963397186,31.6559821161545,0,0,0,0,0,0,0,0,0,0,1.64078074993923,3.19060868116481,0.915363248266248,1.5218495105844,0.0266962047067333,0.0634636976044164,0,0,0,0,0,0,0,0,5950.65003811348,4713.27839458892,1107.94344690794,2241.36635285585,785.924567764918,1474.20285538679,27.5944330007723,74.0484747059434,228.633490560951,181.091693250041,42.7002060894557,86.3941717528349,30.2821068798347,56.801164636167,1.06335323060302,2.85342300292407,21808.526013247,17180.3262945842,4511.13558295278,8849.25362736869,3419.31468005792,6127.99960738535,103.506038656226,265.204864599734,837.912546708932,660.095781916956,175.480404665399,345.013762362506,134.253166470242,241.055684925406,4.06604020253773,10.4361392913753,0,0,8.92210224092655,18.015779529172,7.18937688733762,12.9901239740921,0.22382017365413,0.577743671373971,0,0,0,0,0,0,0,0,374.555454693159,314.682283540895,337.820029335657,748.96371629574,497.989488289399,995.566298203291,11.2743273688641,32.6904006068363,14.3910105909382,12.0905968465862,12.9702181061615,28.7477024608552,19.0802131339985,38.1390753415393,0.431954891193626,1.25229069604948,256.774893110018,215.411535852112,302.935439573778,699.97949563501,493.075484478826,1002.53054636737,14.3523128621361,41.6213926983412,9.86569351134893,8.27645595596573,11.6278167085442,26.8592970521869,18.8863013016098,38.3923206192528,0.549692683407318,1.59379263702957,0,0,50.7113491910307,118.667955346306,64.2046868155531,124.380524100371,2.00975228831936,5.52216424461228,0,0,0,0,0,0,0,0,466.33196569397,219.880509638285,1337.05281864311,1373.18704756947
"179",2004,939,14.8333333333333,3945.47155325016,3214.33827494358,977.767192140303,1853.29004095599,458.79587284445,757.595141828977,14.5508202131621,34.4707322590137,0,0,0,0,0,0,0,0,0,0,1.63510406575087,3.17855157147693,0.908214886624204,1.50771550810704,0.0291315881536653,0.0692002569369574,0,0,0,0,0,0,0,0,5981.62256234886,4731.94203528427,1115.61244842955,2256.50906555781,791.254693630179,1483.40861945358,31.0252610732746,83.2635301321515,229.823504472383,181.808780171876,42.9958497866269,86.9780434905408,30.4875207232956,57.1559442217699,1.19558907883206,3.20859808494606,21769.7404760215,17127.8623423111,4509.36531053854,8844.48755408362,3416.96777896388,6121.10420273189,114.346278149631,293.046343435762,836.422439795814,658.080029921043,175.410144865777,344.826219344765,134.159508858206,240.781942332416,4.49202337405624,11.5319380120199,0,0,8.93232104838331,18.0346292337778,7.19488928132005,12.9946977316713,0.248235285473304,0.640918819587169,0,0,0,0,0,0,0,0,376.364103121911,315.748563932555,340.094066350688,753.82075768213,501.306844925792,1001.58889872155,12.2472815436263,35.5389707646999,14.4605018901109,12.1315650396592,13.0578395087193,28.934885641753,19.2080046527403,38.3711946101872,0.469252445164188,1.3614732450134,256.08344961917,214.50559512507,303.143409631947,700.112361014388,493.206142742073,1002.04384718142,15.7196707134875,45.5838079098894,9.83912735896378,8.24164825731303,11.6361085001332,26.8651777918871,18.8920426624181,38.375232309216,0.602081659722548,1.7455831605692,0,0,50.6992993023589,118.655458742642,64.1699717859319,124.26208031372,2.22734237949981,6.11654136926802,0,0,0,0,0,0,0,0,470.330836392694,221.792800983242,1355.6011374517,1395.23395716817
"180",2004,939,14.9166666666667,3923.24357654348,3194.65965704906,973.98270739328,1845.55073702085,454.854204587188,749.962357083169,15.7062864475894,37.184697189903,0,0,0,0,0,0,0,0,0,0,1.62934345349208,3.16634957532788,0.901094297458185,1.49367868032383,0.0314902263014769,0.0747466629351433,0,0,0,0,0,0,0,0,6012.45684574679,4750.47090670911,1123.24007005147,2271.55419914284,796.556578628728,1492.55394066561,34.5292896670091,92.6758032361567,231.00820694977,182.520689042821,43.2899023799463,87.5581618236445,30.6918491031772,57.5084000077891,1.33065369497991,3.57139448258363,21731.2528454979,17075.8415107113,4507.52515056703,8839.56536089443,3414.61784973897,6114.23903815731,125.159864242538,320.834053206782,834.943777828891,656.0813033716,175.337118296391,344.632430284274,134.065574652406,240.509062806259,4.91697320011857,12.6256212067154,0,0,8.94238802659704,18.0531248978182,7.20036770841081,12.9992599329337,0.272752173654401,0.704393954322485,0,0,0,0,0,0,0,0,378.171368884848,316.815773412199,342.362016441942,758.67277980204,504.615924809157,1007.60295118353,13.1958850969881,38.3172403193595,14.5299400636764,12.1725689298413,13.1452287443656,29.1218801597891,19.335483655589,38.6029940765653,0.505621027662729,1.46797451919384,255.409348829992,213.618166435427,303.352403415782,700.248768366221,493.332543430522,1001.55311244249,17.0487109096242,49.4355070724273,9.81322753522939,8.20755182094315,11.6444380100135,26.8711905415834,18.8976178314094,38.3579805215851,0.653006685684885,1.89314500506197,0,0,50.6854251623244,118.637339679509,64.1321064032767,124.137892583475,2.44546973722312,6.71177755423549,0,0,0,0,0,0,0,0,474.348963309065,223.711564158589,1374.27299243588,1417.41788022717
"181",2005,939,15,3900.27903550124,3174.19500667597,970.125417360389,1837.78678799484,449.627707385524,739.266190443196,18.1710064446005,42.9856015677012,0,0,0,0,0,0,0,0,0,0,1.62356917489302,3.15413071194006,0.891414813472633,1.47351020549789,0.0364532506911276,0.0864641449172378,0,0,0,0,0,0,0,0,6043.4099095651,4769.03219886579,1130.78459487339,2286.57647998297,799.535768157232,1495.36187135796,40.5628075666582,108.879988697617,232.197473160857,183.233843570128,43.5807666124518,88.1374084365407,30.8066817080927,57.6166734163808,1.56318988818653,4.19590804899645,21692.8397220465,17023.7637162736,4505.35477859099,8834.53016679473,3402.34858744596,6081.59846645587,146.209714959647,374.899070471096,833.467977285967,654.080388263859,175.251416798338,344.434236289367,133.582014697871,239.221931405713,5.74385093598334,14.7529730535428,0,0,8.9526520268807,18.0719399676558,7.18489629830392,12.9489076399511,0.3191062231728,0.824386327580228,0,0,0,0,0,0,0,0,380.021065280588,317.908044461454,344.708559272895,763.688479556645,506.530738613152,1009.47296015913,15.6024304068831,45.2723748552481,14.6010084872428,12.2145357257046,13.2356368547242,29.3151611733726,19.4095411345925,38.6760305717517,0.59785920211821,1.73451436337767,254.753535538373,212.748886786497,303.56504389738,700.398019127578,492.00727230063,996.799198423581,19.8258762841269,57.4961758945151,9.78803034082918,8.17415269993728,11.6529056954569,26.8776919506515,18.8475801892938,38.177440556052,0.75940929027982,2.20192122359771,0,0,50.6719838048486,118.617988876549,63.9044638762817,123.483202710522,2.85757040014509,7.84395017841895,0,0,0,0,0,0,0,0,478.330691536642,225.597614633698,1392.79476535915,1439.26057845159
"182",2005,939,15.0833333333333,3877.25528808672,3153.74261768701,966.198530391099,1829.90469062697,444.386538849374,728.556632960541,20.634471305893,48.767342265964,0,0,0,0,0,0,0,0,0,0,1.61769524605245,3.14176674634789,0.881692448127261,1.45328118264958,0.0414308162867976,0.098179224257366,0,0,0,0,0,0,0,0,6074.44011803843,4787.621682946,1138.34941943285,2301.63385221446,802.399039357065,1497.8229871485,46.9387151113192,125.987759709823,233.389703392959,183.948081276221,43.8724088056207,88.71799931901,30.9170447606652,57.7115781850321,1.80892833615441,4.85526317800927,21654.5032049871,16971.9309903259,4503.05949119772,8829.25935286316,3389.57197108782,6047.69859496633,167.805260034921,430.314484298543,831.995119023388,652.088889119263,175.160821374109,344.2267197482,133.078346926456,237.884875133479,6.59220103902497,16.9334996874417,0,0,8.96263604906524,18.0903504874057,7.16831604133776,12.8957235744508,0.366976804406916,0.948186666863676,0,0,0,0,0,0,0,0,381.869222405984,319.000445972256,347.043736104212,768.693263531259,508.334433653041,1011.04123325911,17.9894658562794,52.1753657950424,14.672017768224,12.2565075341705,13.3256099610912,29.5080270362264,19.4793422271167,38.7375044860744,0.689356507487133,1.99907633864615,254.102096525453,211.886831234993,303.767354902652,700.524503815319,490.575559136606,991.765805984121,22.6494706824193,65.6740644136202,9.76300120821468,8.14103114048597,11.6609752083464,26.8833156023196,18.7934580972064,37.9861757784136,0.867597865609535,2.51520962171222,0,0,50.6565118644719,118.592543315488,63.6633265672549,122.794728427789,3.28243712361226,9.00864256207863,0,0,0,0,0,0,0,0,482.328095578355,227.487522332159,1411.38979362753,1461.1542454418
"183",2005,939,15.1666666666667,3854.24395615054,3133.37684126804,962.20992933664,1821.91212657964,439.219876911028,718.045765788139,23.006310787785,54.317158548521,0,0,0,0,0,0,0,0,0,0,1.61171614243494,3.12924233340985,0.872101333709472,1.43341103250197,0.0462416066601554,0.109463555112104,0,0,0,0,0,0,0,0,6105.46406451026,4806.17646176336,1145.91750724026,2316.6816939469,805.281544286517,1500.32335971969,53.4842732471796,143.533565924631,234.581693028948,184.660985550616,44.1641742690252,89.2982196897657,31.0281482117343,57.807994344827,2.06121474773138,5.53152611710799,21616.2992555342,16920.407418377,4500.66832376096,8823.77254749632,3376.9629003401,6014.28992389075,189.26114303645,485.322297956947,830.527353163428,650.109268205336,175.066446777358,344.01063571924,132.581075587241,236.566765435848,7.43510651303465,19.0980257076786,0,0,8.97233961456448,18.1083239915373,7.15203800344723,12.8434123577615,0.414905732271861,1.07202703859253,0,0,0,0,0,0,0,0,383.713205014526,320.091354263954,349.363688620587,773.677559013307,510.123270082898,1012.59086146491,20.2686200445501,58.7699288129106,14.7428666563295,12.2984219708285,13.4149999037411,29.7001102694576,19.5485754675998,38.7982618609354,0.776726898146336,2.25184202200346,253.458139650507,211.03482304767,303.962334722743,700.636401553989,489.141994784252,986.755583126487,25.4115685151422,73.6571013904728,9.73825954633702,8.10829561701142,11.6687615640408,26.8883751588946,18.739257928238,37.7957771385378,0.973437973281152,2.82105748497612,0,0,50.6389633089873,118.561006728097,63.421504769497,122.108306891898,3.70701039431535,10.1696441253791,0,0,0,0,0,0,0,0,486.344870902864,229.38390861206,1430.07470068589,1483.12870115134
"184",2005,939,15.25,3831.26306828965,3113.11072966372,958.165900088727,1813.82081032107,434.127381895842,707.731185615605,25.2884442308748,59.6405486985933,0,0,0,0,0,0,0,0,0,0,1.60563345370684,3.11655513005034,0.862639023621204,1.4138931276258,0.0508873743746358,0.120323932893799,0,0,0,0,0,0,0,0,6136.41964669008,4824.64849051161,1153.47052642257,2331.68362605686,808.166499728188,1502.83174680124,60.1878361531855,161.484945711758,235.771055999513,185.370710435025,44.4553587287427,89.8766717598769,31.1393471405057,57.9047213672659,2.31960174203568,6.22344977315219,21578.2680008111,16869.2227922854,4498.19226164655,8818.09140371503,3364.52417816958,5981.37424675215,210.584060644422,539.942065679297,829.066221447275,648.142670172954,174.96872075605,343.786829563512,132.09031752863,235.267688061444,8.27282245113894,21.247298959174,0,0,8.98178431598033,18.1258697972531,7.13605591316781,12.7919596022159,0.462893155179783,1.1959151007514,0,0,0,0,0,0,0,0,385.55315188084,321.180653390367,351.669810692099,778.642336122978,511.899489010707,1014.12553243825,22.4527413145377,65.090163362129,14.8135604834996,12.3402745808405,13.5038601523099,29.891448013707,19.6173266906608,38.8584440128413,0.860462766715798,2.49411802724081,252.824629149643,210.195452848082,304.152982812437,700.741813448772,487.713120530376,981.782550521367,28.1062091527528,81.429752447293,9.71391924592457,8.07604566541156,11.6763798295352,26.8931813257191,18.6852302156901,37.6067817023804,1.07670107696702,3.11886910943336,0,0,50.619446325346,118.523675261313,63.1791971649334,121.424294881993,4.1312374335236,11.3268645153565,0,0,0,0,0,0,0,0,490.380974666472,231.286764361366,1448.84887432044,1505.18349567859
"185",2005,939,15.3333333333333,3808.32879628522,3092.95580383467,954.072244825944,1805.64155187167,429.10856747813,697.610248430093,27.4827962882775,64.7429927156021,0,0,0,0,0,0,0,0,0,0,1.59945014919694,3.10370624613837,0.85330338323061,1.39472123799251,0.0553701156994924,0.130767556659559,0,0,0,0,0,0,0,0,6167.25477844818,4842.99786266078,1160.99352068721,2346.61016713367,811.040899715975,1505.32431141847,67.0377400455991,179.80946299799,236.955791072254,186.075722656748,44.7453874217926,90.4522224109015,31.2501416053729,58.0008429704774,2.58364111215637,6.92978766075722,21540.4423711325,16818.4011336899,4495.64059718589,8812.23425114269,3352.25730058405,5948.95094629651,231.780246903685,594.19200261104,827.612989105058,646.190017971869,174.868005576036,343.556017957823,131.606138625947,233.987634559725,9.1055864140652,23.3820164979743,0,0,8.99098630587618,18.1429921701646,7.12036133019565,12.7413461861619,0.510937719349456,1.31985341230135,0,0,0,0,0,0,0,0,387.388970699291,322.268064351681,353.962833495941,783.587454476418,513.664241796501,1015.6469638605,24.5532628938569,71.1666041265111,14.8840957032012,12.3820546445871,13.5922187134247,30.0820347286703,19.6856398592336,38.9181165522181,0.941002256781967,2.72707432154611,252.203918789994,209.370760402338,304.341733994016,700.847274988322,486.294351668609,976.858210111613,30.7290876579055,88.980938872815,9.69007074253248,8.0443596567599,11.6839234128808,26.8979847655423,18.6315823923714,37.4196301418347,1.17722208567727,3.40821951448504,0,0,50.5980599561984,118.480817777933,62.9365833538907,120.743011118364,4.55506887534499,12.4802234248275,0,0,0,0,0,0,0,0,494.43636418375,233.19607926022,1467.71176090074,1527.31821596351
"186",2005,939,15.4166666666667,3785.45570803187,3072.92226479896,949.93434186086,1797.38437003984,424.162831902142,687.68012599122,29.5912922509241,69.629941288651,0,0,0,0,0,0,0,0,0,0,1.59317024153074,3.09069948766065,0.844092518295193,1.37588943563467,0.0596920366043924,0.140801965458235,0,0,0,0,0,0,0,0,6197.92584010246,4861.19153381505,1168.4743497047,2361.437575633,813.894815054379,1507.78321909646,74.0224502355874,198.475103178406,238.13422230923,186.774752597255,45.0337936418282,91.0239588015229,31.3601497794551,58.0956733168805,2.85288948304922,7.64930913575382,21502.8492328951,16767.961616229,4493.02120802906,8806.21665081011,3340.16271957173,5917.01750201848,252.855464115923,648.08896489427,826.168688383069,644.252048283868,174.764608768577,343.318810338035,131.128563973464,232.726521967083,9.93361805533851,25.5028237545463,0,0,8.99995757884477,18.1596919720106,7.1049445364729,12.6915501708986,0.559036680580267,1.44383988270198,0,0,0,0,0,0,0,0,389.220386999521,323.353182833873,356.242984857234,788.51195348736,515.417883150249,1017.15545507844,26.5803296310662,77.0265194150652,14.9544617698412,12.4237466276764,13.6800842496019,30.2718333417341,19.7535283220186,38.9772905731096,1.01873411900896,2.95175565727144,251.597841743946,208.562316440569,304.530521305563,700.957947914757,484.890099267589,971.991837032414,33.2773162656534,96.3034067429654,9.66678446964996,8.01329794101681,11.6914664713787,26.9029834505612,18.5784834405224,37.2346778841738,1.27489021294029,3.68883026864651,0,0,50.5748951169156,118.432679362524,62.6938260825177,120.064740663381,4.97845823381961,13.6296489318809,0,0,0,0,0,0,0,0,498.510994882118,235.111840974827,1486.66283422911,1549.53245513596
"187",2005,939,15.5,3762.6570050292,3053.01919210912,945.757202062686,1789.05859903288,419.28948664626,677.93785766377,31.6158537934809,74.3068058802973,0,0,0,0,0,0,0,0,0,0,1.58679848237184,3.07754066543691,0.835004711594661,1.35739201245378,0.063855519014455,0.150434974694664,0,0,0,0,0,0,0,0,6228.39621967771,4879.20212199477,1175.90316257224,2376.14676086718,816.72074133606,1510.1953355729,81.130692247813,217.450625969946,239.304943019806,187.466748197099,45.320198551523,91.5911466102651,31.4690829433997,58.1887070601747,3.12691335888873,8.38081297937701,21465.5104550593,16717.919432287,4490.34081794542,8800.05191431993,3328.24008538293,5885.56995607625,273.815001832937,701.64845190423,824.734159519434,642.329344824544,174.658793201137,343.07572896691,130.657587278752,231.484210885895,10.7571190580991,27.6103145493079,0,0,9.00870711610616,18.1759680849372,7.08979528852846,12.6425484183818,0.607186043697235,1.56786829122498,0,0,0,0,0,0,0,0,391.046989633962,324.435514117464,358.510133553315,793.414314191516,517.160231627109,1018.65037527965,28.5429285771068,82.6942215626795,15.0246428864694,12.4653315221944,13.7674516213446,30.460785304286,19.8209848199253,39.0359414073333,1.09400271505994,3.16909346501916,251.00779672486,207.771301014046,304.720841216995,701.077813946512,483.503897017515,967.190778193762,35.7491896417663,103.393104398016,9.64411416816811,7.98290585763587,11.6990664110776,26.9083300867048,18.5260687386789,37.0522065216915,1.36963998061564,3.96054563498908,0,0,50.5500356089936,118.379484730976,62.451073411443,119.389739214197,5.40136139724012,14.775075922613,0,0,0,0,0,0,0,0,502.604818491963,237.03403446175,1505.70156925253,1571.8257871529
"188",2005,939,15.5833333333333,3739.94470286148,3033.25469489248,941.545511864045,1780.67296955497,414.487777574973,668.380388796324,33.5583957047405,78.7789512233637,0,0,0,0,0,0,0,0,0,0,1.58034014907739,3.06423710007533,0.8260383801785,1.33922342793599,0.0678630928432104,0.159674622795248,0,0,0,0,0,0,0,0,6258.63520300937,4897.00699566525,1183.27199831979,2390.72245749355,819.513112373084,1512.55125831202,88.3515434353274,236.70581203334,240.466773116661,188.150839916525,45.6042958637005,92.1531983774599,31.5767268187741,58.279582188055,3.405292653512,9.12313690315312,21428.4437204854,16668.2864514182,4487.60519315435,8793.7514937706,3316.48842399429,5854.60325267515,294.663685341426,754.884633706158,823.31008191678,640.422363641018,174.550784660021,342.827224009119,130.193177748128,230.260518663858,11.5762734403562,29.7050320880286,0,0,9.01724166330904,18.1918183066434,7.07490326164776,12.5943175447352,0.655380718800183,1.69192882279928,0,0,0,0,0,0,0,0,392.868264650679,325.514498835916,360.763891006279,798.292642256747,518.890746034621,1020.1304911891,30.4490039948742,88.1913438939647,15.0946193062277,12.506787836384,13.8543057936568,30.6488176228614,19.8879882643929,39.094021217572,1.16711242537238,3.37991646721479,250.434815327837,206.998564778314,304.913811468441,701.209839641457,482.138515183058,962.460713969871,38.1439915924819,110.248667421348,9.62209947371683,7.95321609015979,11.706766104103,26.9141384331759,18.4744444194825,36.8724338185898,1.46144381108725,4.22331283532368,0,0,50.5235589722138,118.321440979893,62.2084604763145,118.718236609274,5.82373622051962,15.9164448219558,0,0,0,0,0,0,0,0,506.717781823975,238.962641523414,1524.82742641025,1594.19775249398
"189",2005,939,15.6666666666667,3717.32976735142,3013.63602590079,937.303665889541,1772.2356701896,409.756900277285,659.00459859432,35.4208234775377,83.0516899107595,0,0,0,0,0,0,0,0,0,0,1.57380089472676,3.05079726716453,0.817192046530757,1.32137827609531,0.0717174133749013,0.168529127783389,0,0,0,0,0,0,0,0,6288.61713388629,4914.58758487158,1190.5744849374,2405.15260417946,822.2679407558,1514.84460406995,95.6744936894343,256.211626289207,241.618726847135,188.82631426817,45.8858402987751,92.7096496740648,31.6829277758981,58.3680526832457,3.68762303323719,9.87516385236182,21391.6631399394,16619.0717174368,4484.81928932764,8787.32527295217,3304.90626598298,5824.11148288776,315.40588992289,807.810393630292,821.89699773317,638.531452210913,174.440777528913,342.573684791513,129.735285090167,229.055228908761,12.3912480860104,31.7874705492416,0,0,9.02556626124951,18.2072399100427,7.06025830755547,12.5468344736484,0.703614670502299,1.81600856048951,0,0,0,0,0,0,0,0,394.683620311129,326.589531808973,363.003682427148,803.144794650082,520.608643767494,1021.59418457317,32.3055554059874,93.5370793836429,15.1643682935722,12.5480923182514,13.9406245696828,30.8358477270041,19.9545082855519,39.1514673584142,1.23833140724486,3.58495982502207,249.879614419219,206.244676623286,305.110220280137,701.356112970788,480.79605766398,957.80587726984,40.4618398947684,116.871003455915,9.60076792955097,7.92425049624483,11.7145957756828,26.9204885386997,18.4236910837224,36.6955220925502,1.55030608034872,4.477166139947,0,0,50.4955371782094,118.258739759781,61.9661108832096,118.050439614947,6.24554221665219,17.0537006293722,0,0,0,0,0,0,0,0,510.849825970022,240.897640540039,1544.03984270152,1616.64785068977
"190",2005,939,15.75,3694.82225856895,2994.16970209121,933.035801575767,1763.75441249399,405.096016090306,649.807329177857,37.2050308527978,87.1302769313131,0,0,0,0,0,0,0,0,0,0,1.5671865867573,3.03723041744382,0.808464307376456,1.30385124915742,0.0754212375615227,0.177006841901801,0,0,0,0,0,0,0,0,6318.32052374177,4931.92865178958,1197.80552106896,2419.42768656593,824.98243925365,1517.07125912559,103.089506161076,275.940380990171,242.759978586131,189.492585790461,46.1646353774369,93.2601339011422,31.7875783069778,58.453959752814,3.97351826074336,10.6358283018567,21355.1799031655,16570.2819748597,4481.98740739018,8780.78187584251,3293.49178268665,5794.0881430511,336.045557396254,860.437377354876,820.495336897217,636.656869669174,174.328940807343,342.31545173251,129.283844802046,227.868101530772,13.2021933630636,33.8580769201689,0,0,9.03368482245619,18.2222302643892,7.04585074891016,12.500077070868,0.751881067836471,1.94009198442061,0,0,0,0,0,0,0,0,396.492413495208,327.659981897111,365.228822433947,807.968514030739,522.313027494485,1023.03968521744,34.1187408524053,98.7484324191184,15.2338651387977,12.5892207184064,14.0263814960946,31.0217886337569,20.0205101008415,39.2082113310934,1.30789555288436,3.78487478764025,249.342651825497,205.509974215863,305.310577652904,701.517986591767,479.478062050219,953.229279631257,42.7035244496813,123.262859001029,9.58013712620482,7.89602204958925,11.7225749714948,26.9274322349488,18.3738676289614,36.5215868649398,1.63625691529873,4.7222102671327,0,0,50.4660373509564,118.191559549322,61.7241381637758,117.38653482178,6.6667402525402,18.1867919604417,0,0,0,0,0,0,0,0,515.000885475246,242.839006194554,1563.33822181718,1639.17553195353
"191",2005,939,15.8333333333333,3672.43143177964,2974.86158943624,928.745823550015,1755.23647666692,400.504262673331,640.785404942222,38.9128979763057,91.0199057048854,0,0,0,0,0,0,0,0,0,0,1.56050321175,3.02354634168141,0.79985381687703,1.2866371213946,0.0789774054558975,0.185116215702373,0,0,0,0,0,0,0,0,6347.72742972709,4949.01778175832,1204.96105648505,2433.54028523355,827.654768314469,1519.22888241472,110.587048772306,295.865820219108,243.889838940707,190.149177492271,46.4405249993995,93.8043649476012,31.8906073337179,58.5372127539443,4.2626114166056,11.4041195326885,21319.0027333533,16521.9220356071,4479.1132997497,8774.12887585851,3282.24287394078,5764.52629934318,356.586217681499,912.776055181296,819.105434569338,634.798800897248,174.215422215795,342.052824436966,128.838781580967,226.69887915037,14.0092439377263,35.9172533481156,0,0,9.04160044590033,18.2367870914763,7.0316714667354,12.4540243329731,0.800172434144527,2.06416144706341,0,0,0,0,0,0,0,0,398.293967229236,328.725204911979,367.438559436837,812.761505548938,524.002951927611,1024.46519018704,35.893964564503,103.840435606251,15.3030838314905,12.6301482861022,14.1115475694422,31.2065519010592,20.085957082978,39.2641833715595,1.37601185023425,3.98023700316702,248.824166896236,204.794600848142,305.515158499774,701.696193432179,478.185584878857,948.732899512443,44.8703817116115,129.428480838202,9.56021625998295,7.8685362557004,11.730714212189,26.9349975693842,18.3250145144539,36.3507040698821,1.7193473812338,4.95860740860455,0,0,50.4351223420526,118.120067377394,61.4826468934226,116.726690891987,7.08729231949791,19.3156703243492,0,0,0,0,0,0,0,0,519.170887941664,244.786709378514,1582.72193145958,1661.78019617168
"192",2005,939,15.9166666666667,3650.16582541155,2955.71697690677,924.437424982857,1746.68875146595,395.980762854751,631.935648794049,40.5462897958652,94.725704722233,0,0,0,0,0,0,0,0,0,0,1.55375679691796,3.00975517385492,0.791359273162063,1.2697307370868,0.0823888236027488,0.192865765934907,0,0,0,0,0,0,0,0,6376.82291315125,4965.84494072715,1212.03790275339,2447.48468638963,830.283822303647,1521.3164863313,118.158115008818,315.963175325457,245.007733942466,190.795703849329,46.7133861797767,94.3421222525887,31.9919720008576,58.617773098998,4.55455570868449,12.1790837912474,21283.1382828193,16473.9950976378,4476.20026178017,8767.3729755544,3271.15724157935,5735.418724806,377.03101204661,964.835788771652,817.727546344368,632.957368765591,174.100351731575,341.78606864909,128.400012183978,225.547292438027,14.8125196545913,37.9653596672877,0,0,9.04931567057547,18.250908647459,7.01771195146962,12.4086564992851,0.848480786602938,2.18819761248353,0,0,0,0,0,0,0,0,400.087585518213,329.784554424797,369.632111461732,817.521497777666,525.67747539931,1025.86895453887,37.635958121018,108.826351708735,15.3719976304082,12.6708501845106,14.1960926136443,31.390049971642,20.1508127440967,39.3193159413196,1.44286149450797,4.17155426014434,248.324216447766,204.098538047856,305.724041912931,701.890951161961,476.919278861289,944.317851822785,46.9641832800824,135.37331467464,9.54100751397307,7.84179240484003,11.7390164998977,26.943192812446,18.2771567192937,36.1829165464476,1.79964521220083,5.18656568142113,0,0,50.4028512452589,118.044420345222,61.2417336832838,116.071060554578,7.50716134356202,20.4402895211131,0,0,0,0,0,0,0,0,523.359753764494,246.740717152911,1602.19030216179,1684.4611933536
"193",2006,939,16,3627.99043471455,2936.65781924336,920.109945119874,1738.1460024247,391.215703952682,622.5170111471,42.4196534809954,98.9921725642186,0,0,0,0,0,0,0,0,0,0,1.54696018044926,2.99587176722134,0.782361674505587,1.25164333076945,0.086283923992712,0.20175142313207,0,0,0,0,0,0,0,0,6405.67581215736,4982.47016509506,1218.97086672145,2461.2000879752,832.213097989865,1521.5319481692,126.464003753979,338.029430572246,246.11630846295,191.434471556092,46.980714208837,94.8710690074638,32.0663758222527,58.6262022269706,4.87483205725687,13.0299609922462,21247.7690382085,16426.6154454299,4473.06067074351,8760.36697081939,3257.65679145942,5699.99296116303,399.989958933964,1023.40616274399,816.368683597972,631.136964268162,173.976532761758,341.509540902621,127.866349133607,224.14703175634,15.7144648797404,40.2693860722337,0,0,9.05686497436708,18.2646086016691,6.9984326646744,12.3493005972863,0.902403799840875,2.32688386752814,0,0,0,0,0,0,0,0,401.880994935848,330.840736473082,371.814766820201,822.248953176809,526.928510574593,1026.03597226784,39.7678560723891,114.929587236019,15.4409034026877,12.7114303839242,14.2802195273501,31.572300171101,20.1994329805879,39.3270383497043,1.52466482255568,4.40571794265511,247.845322149824,203.424069566435,305.935281816896,702.098960247585,475.302699970578,938.868011432203,49.3675911295648,142.220965633491,9.52260777480794,7.81587824238827,11.7474070068348,26.9518911195217,18.2158670824231,35.9754568454949,1.89181565992505,5.44913869556931,0,0,50.3694988280987,117.964879561441,60.9532656095628,115.282892439065,7.97514268873195,21.6978622669716,0,0,0,0,0,0,0,0,527.561715235009,248.699736660483,1621.71518668624,1707.20151533309
"194",2006,939,16.0833333333333,3605.73381577914,2917.42302061346,915.738120923224,1729.64925033059,385.459662730433,610.750613748947,45.2928102697247,105.603880004587,0,0,0,0,0,0,0,0,0,0,1.54012842035419,2.98193404671897,0.771362317947183,1.22879287028956,0.0921917964344488,0.215380715187456,0,0,0,0,0,0,0,0,6434.63785244953,4999.17715741458,1225.65147386221,2474.64028537083,831.831127095275,1515.43037834071,137.277288197901,366.854476754813,247.22907636618,192.076380918317,47.2383406424735,95.3894286213282,32.051722037786,58.3912255594202,5.29174012600339,14.1413099368822,21213.2004776626,16379.9509978356,4469.18890266486,8752.67028683786,3235.32612048728,5641.47576220869,431.9825237119,1105.3444431874,815.040583185438,629.344039119003,173.824545910421,341.20630025743,126.985968888241,221.83848310794,16.9709956447375,43.4922574879077,0,0,9.0641257695466,18.2777619456112,6.96005299181212,12.2395734402915,0.976096287780969,2.5171170813845,0,0,0,0,0,0,0,0,403.694077765577,331.901522789572,373.994223025837,826.943718079258,526.721857755552,1021.90462231171,43.2744439812544,124.992433966793,15.510565057031,12.7521874867515,14.3642235948375,31.7532959718966,20.1921701300321,39.1699942191479,1.65917432550058,4.79167482321806,247.384718183946,202.768965719385,306.133605245742,702.285538247253,472.375317435946,929.564727247208,53.0378852879224,152.759427677778,9.50491077550417,7.79070810029514,11.7552990888329,26.9597607950178,18.1043311718177,35.6203129154101,2.03254833873514,5.85316314280931,0,0,50.3353820749826,117.881215379683,60.4967672145544,114.022078709131,8.61418351946652,23.4313244699007,0,0,0,0,0,0,0,0,531.762281411485,250.660540346756,1641.20126207056,1729.91752420167
"195",2006,939,16.1666666666667,3583.52334062575,2898.28654664651,911.331244153419,1721.08590213172,379.833128240889,599.318065629475,48.0339002140017,111.876617788233,0,0,0,0,0,0,0,0,0,0,1.53323336223371,2.96793102457018,0.760600026916105,1.20656668673253,0.0978513616840858,0.228361637447569,0,0,0,0,0,0,0,0,6463.45357301704,5015.74818134008,1232.31599274216,2488.02968956501,831.48718913667,1509.46951682575,148.254375870176,396.049868263793,248.336222431598,192.713066157407,47.495340417302,95.9058217662758,32.0385319629847,58.1616669074362,5.71497912844523,15.2669804556564,21178.7507277188,16333.5606683143,4465.2580165205,8744.81322828732,3213.40668264197,5584.18133276534,463.680232268451,1186.32808850596,813.717046646937,627.561646061053,173.670213305074,340.896698522738,126.121609583776,219.577789794388,18.215959247105,46.677498220449,0,0,9.07090187670266,18.2902541801352,6.92240868871374,12.1321026355421,1.04958081714585,2.70636116022234,0,0,0,0,0,0,0,0,405.496285224184,332.95478040839,376.146197708123,831.594832385719,526.508254209542,1017.80758636791,46.626606878871,134.587314791803,15.579808860985,12.7926553250269,14.4471722827402,31.9326165638302,20.1846357862524,39.0142470755591,1.78777365583676,5.15972336380725,246.930446418729,202.122068199948,306.322359417334,702.453681625679,469.480811569053,920.401698292606,56.6093023107103,162.967183853058,9.48745706590704,7.76585325855765,11.7628214368799,26.9669170352655,17.994043660617,35.2705103140876,2.16950186644979,6.24454649891683,0,0,50.2996207058384,117.792871652013,60.0450795388942,112.780297574016,9.24998362609833,25.149119911055,0,0,0,0,0,0,0,0,535.981698798886,252.627598666774,1660.72970128807,1752.64041702483
"196",2006,939,16.25,3561.38043310685,2879.26426749486,906.896166693753,1712.46892651288,374.333846244053,588.210886774386,50.6468655829857,117.822022622868,0,0,0,0,0,0,0,0,0,0,1.52627698751942,2.95385701017283,0.750069211442083,1.18494791025767,0.10326761437176,0.240711455887276,0,0,0,0,0,0,0,0,6492.04945349591,5032.12708998906,1238.94163586234,2501.32310398029,831.161645194002,1503.61206163414,159.378030732641,425.567308595079,249.43492188925,193.342370020348,47.7508383812083,96.4185122392865,32.0260509682358,57.9360928991436,6.1438863540216,16.4051154643907,21144.4697951279,16287.4814849983,4461.28097663013,8736.82165282786,3191.8973602089,5528.0952374456,495.094522890033,1266.39416670098,812.399995316311,625.79120777436,173.514040079669,340.581745427686,125.27323536613,217.364402508777,19.4497961403039,49.826543938241,0,0,9.07725432078012,18.302135556323,6.88548463753072,12.0268451027738,1.12286007772628,2.89463953199219,0,0,0,0,0,0,0,0,407.287639105569,334.000375154352,378.272763339419,836.20414935677,526.290366420102,1013.7497235315,49.8414998959438,143.761902586444,15.6486356519057,12.8328287435248,14.5291450840868,32.1103329038675,20.1769321955533,38.8599835270834,1.91112036356023,5.51169048361536,246.486181209961,201.486457483634,306.505573711859,702.613918811678,466.626546574646,911.392934439182,60.0763800807621,172.831558015125,9.47038782065021,7.74143207397031,11.7701287087177,26.9737638708223,17.8852868739587,34.9265864914343,2.30246647611379,6.62280152618726,0,0,50.2623230605328,117.700179476086,59.5983560726123,111.557653565736,9.88253678837404,26.8514129949547,0,0,0,0,0,0,0,0,540.219854341654,254.60086677991,1680.29981330467,1775.37012360888
"197",2006,939,16.3333333333333,3539.32404635197,2860.3700359479,902.439092996074,1703.81007755594,368.959420879719,577.420491016241,53.1355935304489,123.45148775887,0,0,0,0,0,0,0,0,0,0,1.51926276189467,2.93971070787023,0.739764620035677,1.16392018797489,0.108445806352099,0.252447716267883,0,0,0,0,0,0,0,0,6520.36513834916,5048.26826322811,1245.51019667549,2514.48467094065,830.839832205234,1497.83047091331,170.631233563667,455.359329244012,250.522855782885,193.96253970866,48.0041351307432,96.9261221779906,32.0137154274423,57.7134448277736,6.57780725594822,17.5538892331816,21110.3982009775,16241.7429850411,4457.26846881643,8728.71694277188,3170.7953846113,5473.20020856513,526.236099573646,1345.57745079054,811.090986075122,624.033859123534,173.356443205413,340.262277316655,124.440745858786,215.197660927053,20.6729188674138,52.9407428328976,0,0,9.08323110170765,18.3134430208277,6.84926365664642,11.9237524469124,1.1959344915599,3.08196793874295,0,0,0,0,0,0,0,0,409.067893798177,335.037979530477,380.375115309947,840.772050440747,526.06955101577,1009.73341236035,52.9343555022678,152.558830105034,15.7170359930036,12.8726951592872,14.6101878006287,32.2864593998992,20.1691112781988,38.7072948701293,2.02979827001123,5.84920984912258,246.054771894689,200.864501707936,306.686478140626,702.774614978444,463.818277362166,902.548999097559,63.4357412402967,182.345538754112,9.45381251584989,7.71753553416119,11.7773448831813,26.9806223280743,17.7782815009168,34.5889469098848,2.43131233163277,6.98765816684091,0,0,50.2235900906156,117.603437722953,59.156723189684,110.354199503771,10.51184151659,28.5383794346349,0,0,0,0,0,0,0,0,544.476633883368,256.58029850157,1699.91098833446,1798.10663435637
"198",2006,939,16.4166666666667,3517.37103863977,2841.61599863575,897.965672223354,1695.12006818286,363.707360563808,566.938265511731,55.5039095010075,128.776150423581,0,0,0,0,0,0,0,0,0,0,1.51219517485919,2.92549407478944,0.729681254521364,1.14346759980356,0.113391386988165,0.263588124371364,0,0,0,0,0,0,0,0,6548.35107553734,5064.13469385456,1252.00716300977,2527.48604118686,830.510937946647,1492.10469228167,181.997416558462,485.379923977083,251.598120243905,194.572153346437,48.2546730226305,97.4275618771381,32.001109566959,57.492951554471,7.01610447789765,18.7115317943529,21076.5687108773,16196.3686005358,4453.22933894019,8720.51687664011,3150.09675321597,5419.47695584224,557.114923699289,1423.91041223796,809.791277828805,622.290500406949,173.197768422015,339.938990834954,123.623992331262,213.076825149729,21.885711696633,56.0213552341116,0,0,9.08887030362516,18.3242040571103,6.81372771766476,11.8227738779521,1.26880245146388,3.26835530785354,0,0,0,0,0,0,0,0,410.836608009917,336.067128000813,382.453821290596,845.297900325366,525.846295675261,1005.7594004228,55.9186773549699,161.016165471744,15.7849929291299,12.9122366856778,14.6903221174686,32.4609713843416,20.1611915628079,38.5562097202087,2.14432489826077,6.17374009745966,245.638388132331,200.257983857849,306.86761023447,702.942289197576,461.060382009497,893.877541268431,66.6857130768414,191.506746004122,9.43781451333732,7.69423214426304,11.7845673599665,26.9877425912939,17.6731954835705,34.2578853891649,2.55597495490178,7.33902392910011,0,0,50.1835158230122,117.50291728413,58.7202840957995,109.169944308603,11.1379000711532,30.210203181605,0,0,0,0,0,0,0,0,548.751919505978,258.565845220336,1719.56265226044,1820.84995361044
"199",2006,939,16.5,3495.53647584941,2823.01284621032,893.481073095343,1686.40871085263,358.575111662548,556.755626425729,57.7555735489643,133.806887586847,0,0,0,0,0,0,0,0,0,0,1.50507942375481,2.91121150353319,0.719814313506194,1.12357460452648,0.118109954772434,0.274150453626859,0,0,0,0,0,0,0,0,6575.96666443709,5079.69648836837,1258.4210291023,2540.3049565149,830.167156348563,1486.42046797568,193.460612665927,515.584946506939,252.659155331434,195.170062377601,48.5020097943682,97.9219754343241,31.9879330580104,57.2740644792232,7.45816360831204,19.8763442694696,21043.0076882322,16151.3767408568,4449.17093077104,8712.2362988077,3129.7965334359,5366.9047469184,587.740232419602,1501.42329028526,808.501883501291,620.56183894206,173.038303287768,339.612468822236,122.822789512035,211.001098281733,23.0885312873611,59.0695561574705,0,0,9.09420231169906,18.3344392688273,6.77885861858708,11.7238578493717,1.34146061236281,3.45380474189263,0,0,0,0,0,0,0,0,412.593197814487,337.087257490411,384.50899657679,849.780363219613,525.620509066761,1001.82735813233,58.8064301185019,169.167888557218,15.8524840249015,12.9514316884564,14.7695523371442,32.633817262314,20.1531693257504,38.4067152912213,2.25515875040563,6.48658309753749,245.238636369755,199.668203563075,307.050914644804,703.121895294818,458.356077151461,885.383776574577,69.8260074797684,200.316558280001,9.42245553542939,7.67157183812502,11.7918707804464,26.9953147743171,17.5701522593488,33.9336025127447,2.6764429553116,7.67695042862362,0,0,50.1421879434493,117.398864807248,58.2891221880389,108.004859689801,11.7607176195775,31.8670738759803,0,0,0,0,0,0,0,0,553.045587869424,260.557455256743,1739.25424035661,1843.60007397816
"200",2006,939,16.5833333333333,3473.83382209751,2804.56997167977,888.990030483765,1677.68500507832,353.560081515081,546.864058969962,59.8942765651998,138.554308803152,0,0,0,0,0,0,0,0,0,0,1.49792120840571,2.89686928824319,0.710159159292267,1.10422601532278,0.12260722208364,0.284152473948517,0,0,0,0,0,0,0,0,6603.17904870407,5094.92988857517,1264.74284251192,2552.92431506588,829.803132588809,1480.76822383221,205.005564361398,545.932401996674,253.70469865218,195.755353974331,48.7458011909916,98.4087049047361,31.973979725048,57.0564149086268,7.90339737274001,21.0467101073624,21009.735978775,16106.7815008042,4445.09930636094,8703.88755623726,3109.88906236779,5315.46179121672,618.120549795678,1578.14413362476,807.223604020015,618.848416273429,172.878285689726,339.283197196325,122.036923341189,208.969641359645,24.2817070903237,62.0864368227457,0,0,9.09925122415222,18.344163993249,6.74463836690032,11.6269530020307,1.41390412506394,3.63831428920195,0,0,0,0,0,0,0,0,414.336972554228,338.097734861475,386.54041788372,854.21760878281,525.391701989971,997.936222660929,61.6081668541666,177.04420936919,15.9194827441459,12.9902558414559,14.8478697505705,32.8049264225625,20.1450255522018,38.2587706123486,2.3627041916091,6.78889615569597,244.856637639924,199.096045133833,307.237813969199,703.317017945142,455.707570935185,877.070826217585,72.8574979504238,208.779502921499,9.40777865407433,7.64958859235725,11.7993097447249,27.0034764416765,17.4692366157273,33.6162186007845,2.79274948007617,8.00161001217863,0,0,50.0996881897801,117.291505161037,57.8633032601943,106.858884606143,12.3803016583948,33.5091850347412,0,0,0,0,0,0,0,0,557.357509041954,262.555073412185,1758.98518205942,1866.3569616929
"201",2006,939,16.6666666666667,3452.27516101423,2786.29565347555,884.496900470748,1668.95724074682,348.659661675761,537.255154892592,61.9236381977422,143.028755115267,0,0,0,0,0,0,0,0,0,0,1.49072651176343,2.88247504494498,0.700711282045276,1.08540697018139,0.126888976624082,0.293611877902561,0,0,0,0,0,0,0,0,6629.96174750035,5109.81616706336,1270.96569662492,2565.33112612029,829.415362130057,1475.14187618323,216.617811411936,576.382676023156,254.733732770002,196.327308599527,48.9857815035304,98.887250213979,31.959114485365,56.8397682710876,8.35124902218121,22.2211039278135,20976.7699115129,16062.5934581692,4441.01949354909,8695.48098805026,3090.368160313,5265.12564204239,648.263716462635,1654.09889750349,805.957066773688,617.150638816503,172.71791340492,338.951583886795,121.266159269894,206.981589004903,25.4655424574304,65.0730082986633,0,0,9.10403641156927,18.3533900532882,6.71104957916777,11.5320091554004,1.48612689843083,3.82187780991202,0,0,0,0,0,0,0,0,416.067173159889,339.097885972502,388.547644710356,858.60752918135,525.15917760124,994.084557972061,64.3331855101185,184.671964289352,15.9859599222082,13.0286832430815,14.9252572987762,32.9742175761457,20.136733245798,38.1123203634917,2.46731745035352,7.08170720701622,244.493116419452,198.542054872551,307.42929107876,703.53009942869,453.11623411312,868.940090987352,75.7819744359238,216.902586656855,9.39381170489826,7.62830339676973,11.8069219705743,27.0123213072885,17.3705012406227,33.3057880275688,2.9049628142781,8.31327009297171,0,0,50.0560928512772,117.181044324239,57.4428780196903,105.731930268634,12.9966614450571,35.1367323133611,0,0,0,0,0,0,0,0,561.687545465661,264.558640591819,1778.75488553699,1889.12054213605
"202",2006,939,16.75,3430.87136340639,2768.19719447728,880.005702064499,1660.23307627137,343.871244947178,527.920639598491,63.8472051428389,147.240298429915,0,0,0,0,0,0,0,0,0,0,1.48350145440701,2.86803730918828,0.691466278532151,1.06710291838381,0.130961050359038,0.302546221884086,0,0,0,0,0,0,0,0,6656.29362569073,5124.34079641229,1277.08435247169,2577.51573257382,829.001756866211,1469.53797551951,228.283742218599,606.898664445257,255.745445639207,196.885368086453,49.2217490639291,99.3572393323136,31.94325669639,56.6239912455857,8.80119432186005,23.3980965572062,20944.122051054,16018.8202728808,4436.93566880296,8687.02528605039,3071.22728188049,5215.87347794928,678.176923579355,1729.31155094088,804.702754517713,615.468800877749,172.557351165519,338.617972781973,120.510248141253,205.036060395809,26.6403159203071,68.0302055479955,0,0,9.10857358116427,18.3621268645576,6.67807564924165,11.4389777519883,1.5581218520793,4.00448578800398,0,0,0,0,0,0,0,0,417.782999833555,340.08701648958,390.530100814879,862.947882711653,524.922147072368,990.270770675491,66.9896645915335,192.074962866028,16.0518848295731,13.0666872159135,15.0016927034474,33.1416042761513,20.1282618751183,37.9673031744032,2.56931182098989,7.36592811267737,244.148469144958,198.006500643436,307.625959348981,703.762627444725,450.582745308367,860.991564622121,78.6019464112335,224.694755758545,9.38056991971087,7.60772654313067,11.8147309884754,27.021906440027,17.2739722863804,33.0023112221728,3.01317883064506,8.61227245369998,0,0,50.011473237348,117.067671724632,57.0278840980399,104.623884193551,13.6098075364134,36.7499120950261,0,0,0,0,0,0,0,0,566.035551394269,266.568093627964,1798.56273090698,1911.89069439574
"203",2006,939,16.8333333333333,3409.63221435167,2750.28102750346,875.520148977593,1651.51959802013,339.192237341338,518.852390405308,65.6684501219334,151.198742313374,0,0,0,0,0,0,0,0,0,0,1.47625219936239,2.85356525902294,0.682419839899996,1.04929961528701,0.134829295209058,0.310972881156518,0,0,0,0,0,0,0,0,6682.15812176452,5138.49282738974,1283.09495916324,2589.47123743693,828.561337715198,1463.95510504551,239.990615224259,637.445821745611,256.739200940069,197.4291117481,49.4535555205659,99.8184062710952,31.9263683531,56.4090286678979,9.25274238862474,24.5763569280482,20911.8017609847,15975.4671347265,4432.85129157631,8678.52775866636,3052.4596208526,5167.68229437639,707.866749163829,1803.80418894396,803.461027019959,613.803101856842,172.396735852404,338.282653943682,119.768930278143,203.132166756622,27.8062825652232,70.9588916787502,0,0,9.11287550155334,18.3703821245366,6.64570079161775,11.3478120040349,1.62988113763473,4.18612603179926,0,0,0,0,0,0,0,0,419.483631641025,341.064426441252,392.487127641372,867.236385862836,524.679796597864,986.493232635322,69.5847781373238,199.274284396912,16.1172259246361,13.1042408659289,15.0771505204394,33.3069984574416,20.1195799512114,37.8236563415309,2.66896207320384,7.64236603333724,243.822816782656,197.489417464315,307.828120622201,704.015287061485,448.107208709712,853.224084347454,81.320489804779,232.166475160666,9.36805794631191,7.58785937687783,11.8227483661801,27.0322580941837,17.1796538793991,32.7057442666521,3.11751512031355,8.89901711016358,0,0,49.9658960920072,116.951562102647,56.6183476250425,103.534613393625,14.2197514453797,38.3489204458822,0,0,0,0,0,0,0,0,570.401372668853,268.583365243796,1818.40806843334,1934.66725088722
"204",2006,939,16.9166666666667,3388.56653744948,2732.55281835556,871.043680846044,1642.82337867088,334.620069246971,510.042453074165,67.3907712137443,154.91362377355,0,0,0,0,0,0,0,0,0,0,1.46898485745097,2.83906844199577,0.673567739362016,1.03198311618931,0.138499559519839,0.318909006740133,0,0,0,0,0,0,0,0,6707.54249218257,5152.26428168049,1288.99478161126,2601.19294543619,828.093939202597,1458.39330513167,251.726572190583,667.992186586055,257.714509045435,197.958233044837,49.6810953930488,100.270569658323,31.9084427462687,56.1948814323236,9.70543621563499,25.7546531020495,20879.8157554256,15932.5372006193,4428.76923561006,8669.99458872652,3034.05821138209,5120.52908733584,737.339196719317,1877.59715095513,802.232142252303,612.153663047143,172.23618157084,337.94587358385,119.041939428375,201.269018536931,28.9636754975741,73.8598624394226,0,0,9.11695272466566,18.3781625125058,6.61391010710528,11.258467092293,1.70139634305642,4.36678432354616,0,0,0,0,0,0,0,0,421.168245378444,342.02942418725,394.418036386542,871.470802610595,524.431354256865,982.750403668794,72.1248078829479,206.288567904629,16.1819515785891,13.1413176192021,15.1516041408585,33.470313869664,20.1106575987797,37.6813205467865,2.76650875369414,7.91173454949504,243.516056482813,196.990652176642,308.035820973635,704.28810775781,445.689264537983,845.635564982956,83.9411017996735,239.329329399356,9.35627183313646,7.56869601341188,11.8309758492172,27.0433773521353,17.0875323529287,32.416007864947,3.21810542567601,9.17394701182992,0,0,49.9194239867768,116.832877308972,56.2142847359009,102.463967409376,14.8265053480547,39.9339522193775,0,0,0,0,0,0,0,0,574.784846542022,270.604384038034,1838.29021630319,1957.44999644312
"205",2007,939,17,3366.50268847963,2713.90682097776,866.260488268534,1633.74248918289,329.72680339266,500.387803735515,69.4925940931908,159.573382914007,0,0,0,0,0,0,0,0,0,0,1.46178638924811,2.8247487490295,0.664053033131432,1.01292699790333,0.142936358750156,0.328762483527217,0,0,0,0,0,0,0,0,6732.81524459819,5165.99950001498,1294.6120065814,2612.63835524703,826.552201573126,1449.70783342026,264.697080334534,701.997045268656,258.685528608652,198.485962098187,49.8977781395362,100.712122418248,31.849120468104,55.8603722250254,10.2057249465507,27.0662772379132,20848.0803136084,15889.957706583,4423.94017675822,8660.9214890312,3012.12826905603,5063.28615265148,770.960462784234,1962.69751926047,801.012883332225,610.5176887471,172.047052008096,337.588651459536,118.176472377132,199.009249890919,30.2838011617516,77.2050619367899,0,0,9.121403512589,18.3868901678483,6.5742253905386,11.1464840063769,1.78220081709105,4.57290088084901,0,0,0,0,0,0,0,0,422.923203892368,343.059775743206,396.475443136062,876.049459660839,523.656973477694,977.215418809005,75.3830698914187,215.482137151509,16.2493799885398,13.1809053704675,15.2309161129216,33.6468483897769,20.0815592170451,37.4702466714975,2.89160724606403,8.26469020565298,243.23839502083,196.521210161806,308.260164995391,704.624249172043,442.752613690608,836.380092614668,87.1084048963718,248.175151090476,9.34560374071247,7.55065929708978,11.8398398132523,27.0569212688676,16.9755121302051,32.0623404311416,3.33966470686469,9.5134170573733,0,0,49.8758142327421,116.721230587278,55.7436808584167,101.189611195511,15.5109979404515,41.7452964759866,0,0,0,0,0,0,0,0,579.086589881108,272.543245258648,1857.75640000661,1979.24574607246
"206",2007,939,17.0833333333333,3343.63646642455,2694.53859896591,861.227039171198,1624.33297474833,324.616356292034,490.179578634587,71.8484910566424,164.853158214273,0,0,0,0,0,0,0,0,0,0,1.45450141042909,2.81036885372071,0.654100201203027,0.992736393140775,0.147895420644565,0.339893862907245,0,0,0,0,0,0,0,0,6758.15696966776,5179.81771105699,1300.07124245068,2623.99202352981,824.243659177639,1438.76401937911,278.719717447223,738.895134920186,259.659198211533,199.016879864079,50.1083855545556,101.150147016456,31.7602446887561,55.4388316847047,10.7465778845075,28.4894442848448,20816.3804009537,15847.564141066,4418.48258976473,8651.32492450723,2987.55222109119,4998.62515576155,807.73080732242,2056.22422399845,799.794988387873,608.888858156463,171.833830456048,337.2114734062,117.207155843119,196.457882224128,31.7274429027351,80.8812497265694,0,0,9.12562630527507,18.3957529239795,6.52863956541527,11.0178080960247,1.87023110817974,4.79844703533073,0,0,0,0,0,0,0,0,424.724997163686,344.134492196807,398.599067545599,880.838566696847,522.450776562598,970.264933588065,79.130317435586,226.140130064768,16.3186078624357,13.2221976921328,15.3127707668755,33.8314637082064,20.035893140439,37.2048728173424,3.03546738893551,8.67382608831847,242.972700087805,196.066791695648,308.4883210252,704.994308938643,439.408901276446,825.861390616735,90.6785580578925,258.234453010395,9.33539541873,7.53319980962892,11.8488475415326,27.0717611945629,16.8478723976286,31.660213807742,3.47667945297363,9.89943458449702,0,0,49.8337461431729,116.613449964611,55.2228709659093,99.7648601557939,16.2552533474572,43.72641271757,0,0,0,0,0,0,0,0,583.326750843745,274.417555803682,1876.8835390326,2000.22835145545
"207",2007,939,17.1666666666667,3320.91974775356,2675.3442929437,856.202085147039,1614.92473737428,319.633727487256,480.309152883545,74.0722428343292,169.792626657034,0,0,0,0,0,0,0,0,0,0,1.44705292137673,2.79575330113746,0.644399783406039,0.973210964908949,0.152597677224561,0.350356288087757,0,0,0,0,0,0,0,0,6783.26550435242,5193.43772221167,1305.51083964645,2635.28900437788,822.014111393561,1428.10905661582,292.82273082059,775.888486865701,260.623908266915,199.540182473345,50.3182242711444,101.585969316705,31.6744082496374,55.0284124688983,11.2905517382261,29.9163445049389,20784.7722656776,15805.4037482933,4413.00293742897,8641.61507392459,2963.47788722987,4935.56332801635,844.127422232825,2148.46365072379,798.580618738309,607.268986467778,171.619692885521,336.829782940848,116.257497093561,193.969351960158,33.1563803864612,84.5066146338748,0,0,9.12912180141837,18.403588631554,6.4840104553428,10.8922731945808,1.95779705420759,5.02203409744873,0,0,0,0,0,0,0,0,426.502799879736,345.189753204904,400.663232322436,885.511197218476,521.232491278559,963.377905667806,82.7413492582075,236.346147843015,16.386913979797,13.2627425045106,15.3923401683485,34.0116037052128,19.9897552293189,36.9419073697568,3.17411366382315,9.06566031149245,242.70996531562,195.617837142775,308.710261072718,705.36255063437,436.123662231855,815.574542206215,94.1311616320281,267.895303972878,9.32530082834968,7.51595025454122,11.8576139152575,27.0865249485116,16.7224617820914,31.2669405233533,3.60919718978666,10.2702069702975,0,0,49.7901477881625,116.501819599003,54.7102345483239,98.370253860112,16.9939260073138,45.6827185121413,0,0,0,0,0,0,0,0,587.584817128418,276.297675532143,1896.0289922974,2021.18617245441
"208",2007,939,17.25,3298.3715577374,2656.33771054407,851.191440493633,1605.52934204253,314.776322083722,470.76572203897,76.168630591321,174.406189021809,0,0,0,0,0,0,0,0,0,0,1.43947146359371,2.78094275982491,0.63494170394382,0.954324152303141,0.157050259478105,0.360173290421179,0,0,0,0,0,0,0,0,6808.06900712828,5206.80584915582,1310.9074224051,2646.48333072702,819.842610795547,1417.70267955005,306.988365173226,812.928240278438,261.576898508562,200.053807288437,50.5263969675782,102.017824197383,31.5908064150771,54.6275674533221,11.8369632080967,31.3450974303119,20753.3073341335,15763.5140251365,4407.51430845777,8631.81881778722,2939.90198584401,4874.07238066793,880.162964238135,2239.46214116338,797.371750263958,605.659514370741,171.405149767021,336.444629558432,115.327372112953,191.542558286748,34.571105148644,88.0829671496664,0,0,9.13200161928714,18.4105201759418,6.4403149576426,10.769805324237,2.04490144922275,5.24369583109772,0,0,0,0,0,0,0,0,428.257169992441,346.225951991214,402.673353897764,890.076156402492,520.00756680343,956.564589297036,86.2300621445053,246.14233069516,16.4543197780214,13.3025549158848,15.4698322879656,34.1876063673424,19.9433546201711,36.6817442811494,3.30807873364437,9.44180777532863,242.453645155221,195.177048959786,308.927950291435,705.733702553491,432.901334665123,805.524669688898,97.4660045009448,277.160102931576,9.31545269510536,7.49901446453025,11.8662143434961,27.1013939408768,16.5994506542103,30.8827179105285,3.73720931615922,10.6258244265748,0,0,49.7451032090386,116.386629745184,54.2058232712834,97.0054947028421,17.7270824462696,47.6147218347613,0,0,0,0,0,0,0,0,591.860551761112,278.183499489212,1915.19139022898,2042.11872047736
"209",2007,939,17.3333333333333,3276.00832805781,2637.5305656292,846.200239885034,1596.15706416589,310.041432695474,461.538568349796,78.142316217882,178.707771107517,0,0,0,0,0,0,0,0,0,0,1.43178389286028,2.76597416436924,0.625717203153953,0.936051409618605,0.161260382815798,0.369368205243193,0,0,0,0,0,0,0,0,6832.50954539079,5219.87932691279,1316.24240975682,2657.53863757274,817.713323890091,1407.51430031006,321.199678896195,849.968060260937,262.515943073166,200.556111210564,50.7321902437168,102.444314923515,31.5088307258375,54.2351209656112,12.3851601266278,32.7739192863896,20722.026938597,15721.9246397819,4402.02730925178,8621.95816802021,2916.81953198355,4814.12154533586,915.849220405975,2329.26309412221,796.169971016469,604.061581764376,171.190615507679,336.056874114006,114.416590411333,189.176303342825,35.9720754455872,91.6120046798547,0,0,9.1343552069056,18.4166445656742,6.39752889397682,10.6503269162779,2.13154490690077,5.46345844106009,0,0,0,0,0,0,0,0,429.988366375822,347.243261839742,404.633574786155,894.540039731961,518.779761844981,949.831967282536,89.6087728950182,255.566376333133,16.5208352034558,13.3416415841039,15.5454061654184,34.3597248014715,19.8968355270406,36.4246518623863,3.43783465684444,9.8037130024624,242.206363034947,194.746443754132,309.142930456946,706.111222459291,429.745099284833,795.714484165528,100.68417657358,286.034897111678,9.3059518153303,7.48246992087811,11.8747079923453,27.1165008409342,16.4789612111771,30.5076509226131,3.86075714504539,10.9665171409837,0,0,49.6986959094032,116.268146458859,53.709661762762,95.6702408950305,18.4547910050926,49.5229286224279,0,0,0,0,0,0,0,0,596.153722040769,280.074924338848,1934.36956426173,2063.02569772003
"210",2007,939,17.4166666666667,3253.84437466331,2618.93286947256,841.23305897489,1586.8171162263,305.426285045297,452.617121462063,79.9978446397588,182.710843414048,0,0,0,0,0,0,0,0,0,0,1.42401397178842,2.75088112072172,0.61671847523554,0.918369755179032,0.165235309531499,0.377964103350359,0,0,0,0,0,0,0,0,6856.54013803957,5232.62395706725,1321.50094253426,2668.425982248,815.614212126641,1397.52043819404,335.440651391348,886.964425005699,263.439236871717,201.045780281919,50.9350334864703,102.864329571789,31.42801840956,53.8501701883012,12.9345256022731,34.2011340824681,20690.9644882774,15680.6591375302,4396.55061756887,8612.0513563379,2894.22432831972,4755.67847028579,951.197159775289,2417.90715132892,794.976564632092,602.476093296632,170.976429833499,335.667230904443,113.524914078226,186.869327046941,37.3597181994068,95.0953185856977,0,0,9.13625542743295,18.4220399534857,6.35562803843813,10.5337595908757,2.21772628309838,5.68134194324219,0,0,0,0,0,0,0,0,431.69643565886,348.241702083101,406.547109666155,898.907850244871,517.551700019563,943.184811494392,92.8884232740818,264.652086765313,16.5864620476536,13.380003251958,15.6191851980566,34.5281509361433,19.8502985670582,36.1708135048951,3.5638007466721,10.1526711032848,241.970091768356,194.327504400269,309.356381182663,706.497538175715,426.65710660171,786.144765733023,103.787746309072,294.52846638431,9.29687398770956,7.4663735979913,11.8831401315275,27.1319388018887,16.3610761679078,30.1417705017856,3.97991953444238,11.2926201587496,0,0,49.6510077657476,116.146614752475,53.2217528769644,94.3641161511324,19.1771210057088,51.4078404760638,0,0,0,0,0,0,0,0,600.464096413214,281.971847114818,1953.56247871902,2083.90692882482
"211",2007,939,17.5,3231.89212096915,2600.55311491318,836.293969835827,1577.51775139359,300.92806293372,443.990997729136,81.7396411040113,186.428419304327,0,0,0,0,0,0,0,0,0,0,1.4161826652977,2.73569412282016,0.607938511665503,0.901257587904953,0.168982321383158,0.385983733195859,0,0,0,0,0,0,0,0,6880.12334469188,5245.0129797216,1326.67136778831,2679.12279960938,813.536394213056,1387.70347500006,349.696257035441,923.876826068635,264.345341384838,201.521786344443,51.1344791035328,103.277000969042,31.3480279169886,53.4720374052261,13.4844808756412,35.6251813489371,20660.1465053092,15639.7357588994,4391.09124544042,8602.11334917532,2872.10920287555,4698.70966697213,986.216953197418,2505.43226994907,793.792550135938,600.903749797171,170.76286794044,335.276287573441,112.652067012286,184.620324464138,38.7344297322611,98.534396884335,0,0,9.13776110064059,18.4267687609972,6.31458845847028,10.4200251333489,2.30344296379236,5.89736107591996,0,0,0,0,0,0,0,0,433.381255053401,349.221170659037,408.416406773749,903.183286546263,516.325111077456,936.626139480581,96.0786881646894,273.429654560787,16.6511955928917,13.4176359980518,15.6912633392823,34.6930265834289,19.8038100265537,35.920345220561,3.68634771907412,10.4898387534518,241.746241603226,193.921254644209,309.569157908778,706.894179674153,423.638615922003,776.814658442666,106.779578834473,302.651802173385,9.28827339626087,7.45076482982695,11.8915435903984,27.147766524608,16.2458440769336,29.7850448676135,4.09480591086512,11.6045533963282,0,0,49.6021185715965,116.022260201655,52.7420804118738,93.0867150745233,19.8941421542054,53.2699527875012,0,0,0,0,0,0,0,0,604.7914429775,283.874164639422,1972.76920300543,2104.76233289774
"212",2007,939,17.5833333333333,3210.16234373314,2582.39847828875,831.386602798315,1568.26637943679,296.543932078679,435.650032676094,83.3720113166515,189.873062812207,0,0,0,0,0,0,0,0,0,0,1.40830847326399,2.72044081043071,0.59937093338906,0.884694484015942,0.172508692344703,0.393449469002307,0,0,0,0,0,0,0,0,6903.22972866998,5257.02585094811,1331.74468085712,2689.61177244794,811.473479607989,1378.0503700037,363.952507767422,960.667876394641,265.233125608295,201.98334006758,51.3301811319934,103.681663376689,31.2686133518527,53.1002206995902,14.0344869717053,37.0446203342187,20629.5937533882,15599.1683260228,4385.65482437472,8592.15640662718,2850.46625469997,4643.18095671572,1020.91801236237,2591.87385518753,792.618725305808,599.345082334228,170.550151509391,334.884526724259,111.797744463188,182.427963183916,40.0965772412133,101.930629274395,0,0,9.13891974442355,18.4308810343382,6.27438686917727,10.3090465146614,2.38869116345642,6.11152625204494,0,0,0,0,0,0,0,0,435.042577112053,350.181477977289,410.243318999987,907.369047076347,515.101083753289,930.157694169289,99.1881016054865,281.926000703406,16.7150263318403,13.4545325380244,15.7617116696626,34.8544551252161,19.7574115729495,35.6733140668473,3.80580252672578,10.8162471505425,241.535756744922,193.528340271588,309.781834584073,707.301924060409,420.690139604166,767.721966659707,109.663151073666,310.417579696395,9.28018631891439,7.43566842850001,11.8999403945165,27.164013817458,16.1332848509422,29.4373908613585,4.20554917795683,11.9028013983662,0,0,49.5521056032237,115.895290804924,52.2706119950419,91.8376086551909,20.6059240618583,55.1097533231963,0,0,0,0,0,0,0,0,609.135528040143,285.781772963262,1991.98888210435,2125.59189387819
"213",2007,939,17.6666666666667,3188.66440853941,2564.47501270377,826.514205899252,1559.06967819019,292.271061625196,427.584308142009,84.899142423707,193.056899257732,0,0,0,0,0,0,0,0,0,0,1.40040775834105,2.70514623659164,0.591009837980634,0.868661010874243,0.175821661602845,0.400383261549699,0,0,0,0,0,0,0,0,6925.83639207305,5268.64708012481,1336.71399620698,2699.87976172897,809.420953153009,1368.55148430758,378.196472416085,997.303350582541,266.101709768123,202.429846276862,51.5218749486137,104.077811466312,31.1896008605736,52.7343488443329,14.5840454594675,38.4581316012546,20599.3223131759,15558.9670852462,4380.2458755551,8582.19061161439,2829.28707932906,4589.05787354674,1055.30903811918,2677.2649207119,791.455707990763,597.800484588535,170.338459143395,334.492346384757,110.961621792991,180.290899003629,41.4465006318926,105.285313237165,0,0,9.13977013249413,18.4344175440085,6.23500091808714,10.2007487393347,2.47346622225998,6.3238445078013,0,0,0,0,0,0,0,0,436.680071315007,351.122378255795,412.029262018282,911.467110525078,513.880291483746,923.780371214123,102.224186181366,290.165123872019,16.7779415653952,13.4906834285356,15.8305844703114,35.0125122841892,19.7111289248425,35.4297545613435,3.92245332209594,11.1328154100833,241.339208273703,193.149106930549,309.994747580262,707.720939027705,417.811583492951,758.863437765637,112.442377315845,317.839659831644,9.27263469754196,7.4210976743628,11.9083434498982,27.1806870982381,16.0233951405047,29.0986847704263,4.31229902539579,12.187894230422,0,0,49.5010432647645,115.765898852632,51.8073018461597,90.6163494949903,21.3125358420979,56.9277210599879,0,0,0,0,0,0,0,0,613.496114885682,287.694566896696,2011.22071047198,2146.39563432872
"214",2007,939,17.75,3167.40643272882,2546.78778192119,821.679686093846,1549.93367076611,288.10663800687,419.784167804438,86.3251039601281,195.991624627816,0,0,0,0,0,0,0,0,0,0,1.39249499141983,2.68983309590274,0.582849712333525,0.853138619302021,0.178928412258644,0.406806602543339,0,0,0,0,0,0,0,0,6947.92598507413,5279.86544452012,1341.57419362015,2709.91709569756,807.375781359228,1359.19983623273,392.416268574715,1033.75214810541,266.950427256222,202.860873776993,51.7093637007806,104.465073051849,31.1108735208775,52.3741527205382,15.1326981549289,39.8645156580657,20569.344307996,15519.1392750647,4374.8679891951,8572.22421983282,2808.56290987023,4536.30590946453,1089.39806593336,2761.63623777678,790.303963993418,596.270234674378,170.127933298534,334.100073547102,110.143359968107,178.207785500298,42.7845142462037,108.599659715875,0,0,9.14034387846634,18.4374116228978,6.19640923475667,10.0950590769075,2.55776284967208,6.53432028040589,0,0,0,0,0,0,0,0,438.293350579525,352.043589321367,413.775311541877,915.4789068661,512.663114153132,917.494449015456,105.193558625652,298.168388602268,16.8399264212149,13.5260778280403,15.8979229594552,35.1672526956336,19.6649765304908,35.1896775207034,4.03655350857387,11.4403616189982,241.15685783643,192.78365325529,310.208032697051,708.150891575629,415.002358668687,750.234982816439,115.121484074583,324.932730184583,9.2656285850929,7.4070563570968,11.9167579624764,27.1977735643626,15.9161526157573,28.7687707821237,4.41521712833957,12.4603937102747,0,0,49.449002991571,115.634262422561,51.3520927761646,89.4224756582613,22.014045812976,58.724325348212,0,0,0,0,0,0,0,0,617.872963193468,289.612439804097,2030.4639191664,2167.17360255576
"215",2007,939,17.8333333333333,3146.39542700321,2529.340976664,816.885645220129,1540.8637929532,284.047876107196,412.240228014975,87.6538492103462,198.688515785651,0,0,0,0,0,0,0,0,0,0,1.38458296964629,2.6745219343206,0.574885361292909,0.838109554222719,0.181836052636578,0.412740495005077,0,0,0,0,0,0,0,0,6969.48585033783,5290.67331265305,1346.3216150515,2719.71696201834,805.33608614293,1349.99049061286,406.601040465709,1069.98621695274,267.778791757528,203.276129354271,51.8925066796337,104.843185771733,31.0323588177938,52.0194418730401,15.6800262848277,41.262690064766,20539.6685304071,15479.6896151897,4369.52397816823,8562.26395922299,2788.28473326823,4484.89071191222,1123.19251254471,2845.01648668599,789.163831143772,594.754513930317,169.918686221983,333.707975756957,109.342610088627,176.177281746188,44.1109086391589,111.874798894067,0,0,9.14066676918631,18.4398906930744,6.15859144654372,9.99190720055731,2.64157533803477,6.74295609058726,0,0,0,0,0,0,0,0,439.881993369607,352.944809032246,415.482283872491,919.405458356954,511.449733999081,911.299770160357,108.102026750374,305.954791241647,16.9009647032088,13.5607041277688,15.9637583873335,35.3187153258332,19.6189612535227,34.95307703295,4.14832545918278,11.7396130379677,240.988713098355,192.43187690831,310.421658865982,708.591044488477,412.261478445986,741.83186449139,117.704904499508,331.712001941572,9.25916827613915,7.3935405447293,11.9251827312087,27.2152448941604,15.8115196838033,28.4474681860421,4.51447309687816,12.7208817789653,0,0,49.396053202965,115.500546727955,50.9049179164912,88.2555139778283,22.7105212816547,60.5000253287319,0,0,0,0,0,0,0,0,622.265828647664,291.535283476202,2049.71776594507,2187.92586266791
"216",2007,939,17.9166666666667,3125.63743332326,2512.13802778615,812.134415128112,1531.86495907859,280.092029599769,404.943386786906,88.8892169175806,201.158441715082,0,0,0,0,0,0,0,0,0,0,1.37668302770874,2.65923135232324,0.567111837564176,0.823556765841271,0.184551598760106,0.418205426596162,0,0,0,0,0,0,0,0,6990.50719081377,5301.06598736911,1350.95377119351,2729.2748193403,803.300833570059,1340.91997898867,420.740929423225,1105.98045622973,268.586465275295,203.675432536508,52.0712080653221,105.211974515699,30.95401669609,51.6700822530999,16.2256493662918,42.65168573063,20510.301051791,15440.6207813814,4364.21602712603,8552.3153207411,2768.4434016067,4434.778270679,1156.69922450026,2927.43241346313,788.035542720452,593.253425163025,169.710805716147,333.316272366902,108.559017724769,174.198059612621,45.4259524294048,115.111786179388,0,0,9.14076006855228,18.4418777649301,6.12152820916311,9.89122535991545,2.72489775945018,6.94975317321724,0,0,0,0,0,0,0,0,441.445564831732,353.82573093605,417.150813638534,923.247515427744,510.240229248495,905.195919190145,110.954683921711,313.541219898431,16.9610397036072,13.5945505533304,16.0281150230228,35.4669286938816,19.5730859708405,34.7199372874829,4.25796414123414,12.0312160737002,240.834581784451,192.093519321821,310.635460324096,709.040348889363,409.587648307071,733.648869301163,120.197180146319,338.192927870249,9.25324638322859,7.38054030267022,11.9336113826876,27.2330607981018,15.7094469355367,28.134577973577,4.6102407078312,12.9699496831532,0,0,49.3422592513602,115.364905417495,50.465702371966,87.1149831788689,23.4020283778265,62.2552695033872,0,0,0,0,0,0,0,0,626.674462604297,293.46298802554,2068.98152538383,2208.65248459921
"217",2008,939,18,3104.3801285916,2494.37739439264,807.179116363482,1522.68147508941,276.168711176958,397.518473814347,90.1404578493068,203.81723176053,0,0,0,0,0,0,0,0,0,0,1.3688684451482,2.64407266688272,0.559391001292139,0.808721679233808,0.187296750914867,0.424048771218455,0,0,0,0,0,0,0,0,7011.50597508364,5311.50795689999,1355.14625401053,2738.31339340848,801.087337756685,1330.77689907758,435.147770760933,1143.11838131414,269.393272147554,204.076629704361,52.2330132521021,105.56080084476,30.8688063443873,51.2793921811918,16.7815826430578,44.0848113168442,20481.8701800149,15402.3991867303,4357.88545519548,8541.41071885866,2748.36171025011,4381.88482372051,1190.98697369308,3013.41657467826,786.943239103918,591.784888716325,169.463751342788,332.888011896801,107.766035441456,172.10972190768,46.7715568410484,118.488663888263,0,0,9.14109040609522,18.444106574567,6.08374403861348,9.7839296274926,2.81008979474992,7.16481868435647,0,0,0,0,0,0,0,0,443.082705720389,354.746686500513,418.91704445984,927.234283368027,509.049174029428,898.522411104042,113.981643365318,321.912474365506,17.0239413566654,13.6299351362275,16.0962238795002,35.6206973991226,19.5279096644206,34.4649240991538,4.37429713720931,12.3529445466978,240.710520889677,191.783959763668,310.855927274108,709.513680014521,406.880409816819,725.006019549006,122.759372553353,345.134794917901,9.24847984162048,7.36864652699013,11.9422932091485,27.2517924549653,15.6060815093782,27.8040239783456,4.70869714138549,13.2367147288638,0,0,49.2910262090692,115.232920700152,50.0222659290722,85.920906270924,24.1080678435546,64.0791662410979,0,0,0,0,0,0,0,0,631.004191617748,295.342149464713,2087.84286740837,2228.77987712961
"218",2008,939,18.0833333333333,3083.10354103178,2476.57636785848,802.18265304218,1513.47525693452,272.317363840566,390.213256832,91.3368952478557,206.384707957991,0,0,0,0,0,0,0,0,0,0,1.36101356966175,2.62889531861495,0.551810650320063,0.794115382961558,0.189930106684925,0.429705701066872,0,0,0,0,0,0,0,0,7032.25508480248,5321.7728679664,1359.15875242826,2747.10189754826,798.843662049419,1320.42403350113,449.631780175621,1180.54098662428,270.19048612429,204.471024002863,52.3878886381935,105.899993541755,30.7824309951568,50.8806137089545,17.3405112831082,45.528961813154,20453.8753486321,15364.6495521554,4351.21358132781,8530.15134262154,2728.45474183112,4328.92028586337,1225.35249522048,3099.92414587261,785.867687905412,590.334485761944,169.203589531634,332.446116372897,106.979950985417,170.018725330997,48.1201458620618,121.885835848356,0,0,9.14085201047175,18.4455990249972,6.04620367513826,9.67611539790328,2.89560722488125,7.38141632689766,0,0,0,0,0,0,0,0,444.724969972352,355.666585168784,420.666121386143,931.18527589419,507.853869536341,891.704350224818,117.02442119228,330.368624207324,17.0870398560992,13.6652791115319,16.1636718261375,35.7730878962065,19.4825616465526,34.204342452301,4.4912443381488,12.6779505883293,240.600705052101,191.487317233123,311.077593826084,709.990961967722,404.201081416686,716.342139902006,125.291577113683,352.043528944563,9.24426061588882,7.35724904423431,11.9510183415737,27.2706690300368,15.5037753878205,27.4726345347949,4.80601047353527,13.5022296165463,0,0,49.2399268208257,115.100538094057,49.5824228917404,84.7267115713457,24.8158392889801,65.9121000739198,0,0,0,0,0,0,0,0,635.315868323348,297.206959874006,2106.56735727117,2248.67025515285
"219",2008,939,18.1666666666667,3062.08784195185,2459.03026793494,797.237709220196,1504.3447813184,268.5602244082,383.154484657362,92.4431233175636,208.721153546687,0,0,0,0,0,0,0,0,0,0,1.35310628443967,2.61367893237269,0.544413298637617,0.779994157740711,0.192378983633074,0.434889526383001,0,0,0,0,0,0,0,0,7052.55467723016,5331.6838795297,1363.10519368372,2755.73279947198,796.632587874115,1310.29381933796,464.070936234451,1217.72347127559,270.970428927845,204.85182091651,52.5402080033854,106.233099879178,30.6973105915323,50.4904115676185,17.8977329055635,46.9639137743089,20426.0971452226,15327.2066988713,4344.58862794748,8518.89670470517,2708.95760007807,4277.33658200355,1259.41544526903,3185.33404392583,784.800459035256,588.895869863825,168.945189499985,332.004324593599,106.20998561165,167.982105155677,49.4568050119672,125.239629696777,0,0,9.13992441738747,18.4461428958134,6.00941714756661,9.57102136488539,2.98059059345907,7.59587952981079,0,0,0,0,0,0,0,0,446.336218811189,356.563358577517,422.349929925471,935.019395229809,506.650015514857,884.984114321099,120.004271922434,338.5672678284,17.1489466927941,13.699734577421,16.2286099800223,35.9209845368379,19.4368769600616,33.9474895430109,4.60578444556941,12.993099284867,240.499338405793,191.197953258323,311.296854902106,710.465138830612,401.584767710851,707.899852026905,127.740419647487,358.657725077932,9.240366019725,7.34613121529222,11.9596482723701,27.2894195176072,15.4038751871351,27.1497147858806,4.90013315033132,13.7564683175681,0,0,49.1877213216828,114.965828891226,49.1505131360378,83.5610326652933,25.5183454613633,67.7221228646473,0,0,0,0,0,0,0,0,639.643345469165,299.076538895284,2125.30227466694,2268.52927917965
"220",2008,939,18.25,3041.34034657974,2441.74341987385,792.34665941009,1495.29551428637,264.895198284708,376.333311599121,93.4628549532116,210.837737509946,0,0,0,0,0,0,0,0,0,0,1.34516985423846,2.59845156546896,0.537192631870094,0.766338946409945,0.194649958685292,0.439620560723006,0,0,0,0,0,0,0,0,7072.38080738776,5341.22491403344,1366.97626082751,2764.18801211214,794.447555060149,1300.371108911,478.455912370537,1254.64046678207,271.732180553839,205.218402719873,52.6896141198045,106.559425590467,30.6131929473357,50.1082032359242,18.4528876534081,48.3886884270435,20398.5537156878,15290.0822693022,4338.01569496554,8507.65834352237,2689.86422095872,4227.10048138344,1293.18289256466,3269.67814186269,783.742249693089,587.469488342263,168.688752336941,331.563090320751,105.455903365831,165.998560112831,50.7818120055638,128.551302145017,0,0,9.13841968050242,18.4458543142837,5.97336182808796,9.46857299325798,3.06503713751552,7.80822676735212,0,0,0,0,0,0,0,0,447.916714196432,357.437088941148,423.973282328943,938.742759614508,505.44019892919,878.364703282151,122.926176763044,346.528721361063,17.2096719316484,13.7333046927046,16.2912230957053,36.0646220769895,19.390954835133,33.6944808737875,4.71810817162509,13.2991686806528,240.407053438346,190.916533214851,311.512774129203,710.936136403459,399.030646675834,699.675963712129,130.109731911524,364.989931323432,9.23682035435404,7.33531860495638,11.9681469955449,27.3080410097348,15.3063495940689,26.8351432048958,4.99121172273452,13.9999106417808,0,0,49.1344360487792,114.828935015472,48.7264708577147,82.4233340158148,26.2156655425158,69.5097757709569,0,0,0,0,0,0,0,0,643.986323168552,300.950765373898,2144.04620694524,2288.3567929241
"221",2008,939,18.3333333333333,3020.86710299282,2424.71915393301,787.511540313315,1486.3322548482,261.320179197969,369.741142405802,94.399684092641,212.745178063576,0,0,0,0,0,0,0,0,0,0,1.33722418088615,2.58323801775558,0.530143075520293,0.753131869456831,0.196749518102668,0.443918623991725,0,0,0,0,0,0,0,0,7091.71562164451,5350.38455543523,1370.76467638326,2772.45365127243,792.283727275719,1290.64409872215,492.778324383107,1291.26941274179,272.475055037224,205.570330790347,52.8358279643994,106.878437659713,30.5298920691236,49.7335346009133,19.0056518656346,49.8024148502528,20371.2587932586,15253.2845883926,4331.49874178836,8496.44555494857,2671.16800882953,4178.17852205371,1326.6613690844,3352.98623331835,782.69358753745,586.055661054656,168.434434924293,331.122780293488,104.717447469733,164.066779692709,52.0954238442021,131.822029312623,0,0,9.13642913283769,18.444827866706,5.93801690964282,9.36869744040768,3.14894368490805,8.018474051537,0,0,0,0,0,0,0,0,449.466615728312,358.287797599714,425.54019054324,942.360358070339,504.226404293712,871.847960792395,125.794520738491,354.271124869703,17.2692217047534,13.7659902773011,16.3516651972386,36.2041919096811,19.3448713795191,33.4453875524966,4.82838335945573,13.5968533633643,240.324172927212,190.643444302923,311.724574135802,711.403643250972,396.537600611326,691.666606394105,132.403383474047,371.053142486037,9.23363602144559,7.32482609007683,11.9764846182863,27.3265214997466,15.2111559557258,26.5287723125027,5.0793942077743,14.2330536019743,0,0,49.080106271561,114.689994859686,48.3102188568664,81.3130697753064,26.9078766823311,71.2755855667043,0,0,0,0,0,0,0,0,648.344503650914,302.829518441292,2162.7978801022,2308.15272952625
"222",2008,939,18.4166666666667,3000.6731211974,2407.95999084716,782.734109786552,1477.45924750941,257.833064106109,363.369634707458,95.2570934878887,214.453776655355,0,0,0,0,0,0,0,0,0,0,1.32928645573686,2.56806034891163,0.523259586417843,0.740356000841084,0.198684050054141,0.447803033275809,0,0,0,0,0,0,0,0,7110.54599590426,5359.1549829134,1374.46474434308,2780.51905446397,790.137510050477,1281.10337932306,507.030641676838,1327.59033247269,273.198548129239,205.907304639456,52.9786311648444,107.189726700538,30.4472696623984,49.3660435021439,19.5557346787198,51.2043213902339,20344.2227000407,15216.8194344064,4325.04084512167,8485.26590309564,2652.86201661506,4130.53729931757,1359.85694068956,3435.28627803349,781.654869166588,584.65461001085,168.182359897756,330.683693987668,103.994347328862,162.185455378067,53.3978795279977,135.052916174171,0,0,9.1340283949138,18.4431420223143,5.90336310335294,9.27132389901196,3.23230688964596,8.22663571579186,0,0,0,0,0,0,0,0,450.986016539879,359.115470337534,427.054058062169,945.876351626727,503.010206413061,865.434952170242,128.613185143076,361.810759602674,17.3275995904259,13.7977907850211,16.4100669442477,36.3398536314435,19.2986869786476,33.2002508009969,4.9367585303869,13.8867766337468,240.250789960237,190.378866042543,311.931596545922,711.867168814392,394.104298480956,683.867420309729,134.62522344995,376.86053720575,9.23081659762932,7.31466056809757,11.9846358236881,27.3448421107456,15.1182434338901,26.2304357691693,5.16482785174227,14.456401320135,0,0,49.0247732435605,114.549142652036,47.9016713481721,80.2296879284201,27.5950540411513,73.0200651070915,0,0,0,0,0,0,0,0,652.717590192262,304.712677189672,2181.55612483524,2327.91708298601
"223",2008,939,18.5,2980.76245767765,2391.46771190955,778.015868073694,1468.68022173243,254.431761503367,357.210709931809,96.0384540197414,215.973419659388,0,0,0,0,0,0,0,0,0,0,1.32137141281452,2.55293807678317,0.516537579468154,0.727995301710149,0.200459833575016,0.451292575874579,0,0,0,0,0,0,0,0,7128.8629970488,5367.53154425063,1378.07216865476,2788.37639217792,788.006357333142,1271.74154927075,521.206164844323,1363.58578281619,273.902316605197,206.229145521571,53.1178590428618,107.492992051509,30.3652277073657,49.0054449155189,20.1028771734187,52.5937337571746,20317.4527440652,15180.6903478641,4318.64430071672,8474.12541962404,2634.93902235218,4084.14360993079,1392.77523078475,3516.60447916792,780.626375373724,583.266471242997,167.932619573712,330.246071318587,103.286321510127,160.353286267955,54.6894009568616,138.244999499842,0,0,9.13127928607542,18.440861172528,5.86938249980174,9.17638367410528,3.31512335033193,8.43272481525564,0,0,0,0,0,0,0,0,452.474958669596,359.920068405131,428.517754883409,949.294190655502,501.792837772324,859.126096787165,131.385585592813,369.162174429273,17.3848072038475,13.8287047270476,16.4665385103171,36.4717395490339,19.252448884322,32.9590870420902,5.04336434441557,14.1694953575318,240.186801365017,190.122799761268,312.133288174782,712.326073434104,391.729240381054,676.273656568087,136.779045476958,382.425330121436,9.22835811890374,7.30482209002381,11.992579339974,27.3629782466873,15.0275547090477,25.9399522858156,5.24765778623954,14.6704593549624,0,0,48.968483007131,114.406508143946,47.5007351652141,79.1726325340068,28.2772707069061,74.7437129082799,0,0,0,0,0,0,0,0,657.105286772926,306.600120587589,2200.31986509763,2347.64989826914
"224",2008,939,18.5833333333333,2961.13833961885,2375.24346006685,773.35808968963,1459.9984524953,251.114199767823,351.25655550001,96.7470280807267,217.313595035617,0,0,0,0,0,0,0,0,0,0,1.31349169212803,2.53788847598537,0.50997282459356,0.716034511651968,0.202083030642827,0.454405497007696,0,0,0,0,0,0,0,0,7146.66113831307,5375.5121728363,1381.58380278288,2796.02013451371,785.888520154067,1262.55272301448,535.298967960155,1399.24070045295,274.586149654811,206.535774034209,53.2533910149016,107.788021323025,30.2836988128726,48.6515120670439,20.6468501660467,53.9700691464162,20290.9537672766,15144.8990529011,4312.31076410397,8463.028880502,2617.39162456766,4038.96460600477,1425.42146374213,3596.965433029,779.608292201546,581.891310994811,167.685281386374,329.8101033471,102.593081454546,158.568985082007,55.9701945961614,141.399253606742,0,0,9.12823248420521,18.4380384703807,5.83605838180838,9.08381027085059,3.39738974374612,8.63675359600895,0,0,0,0,0,0,0,0,453.933452291027,360.701541935584,429.933720523141,952.616773467251,500.57528166564,852.921349921569,134.114727952943,376.338377552453,17.4408449359007,13.8587301874137,16.5211735386155,36.5999607702802,19.2061947909125,32.7218948836069,5.14831574640824,14.4455073208457,240.131952148761,189.875107796024,312.329181028316,712.779605364656,389.410807235658,668.880288888905,138.868554443163,387.760618863068,9.2262507880858,7.29530536661851,12.0002971717977,27.3809010121439,14.9390278850187,25.6571299059808,5.32802575095922,14.8757288290993,0,0,48.9112848374883,114.262216337763,47.1073113174099,78.1413461984546,28.9545977309747,76.4470133390921,0,0,0,0,0,0,0,0,661.507297637933,308.491727373686,2219.08810123987,2367.35125742439
"225",2008,939,18.6666666666667,2941.80327586516,2359.287830325,768.761851914393,1451.41681438566,247.878334375939,345.499625807184,97.3859725664252,218.483407701832,0,0,0,0,0,0,0,0,0,0,1.30565816639188,2.52292685358048,0.503561361019998,0.704459057584381,0.20355967806275,0.457159488283424,0,0,0,0,0,0,0,0,7163.93771932802,5383.09687166608,1384.99742802958,2803.44658148104,783.782832848066,1253.53211523235,549.303839300551,1434.54223818109,275.249943525583,206.827190292466,53.3851420946537,108.074672384489,30.202638010724,48.3040604782517,21.1874519390143,55.3328299734942,20264.7286309823,15109.4458298325,4306.04137508416,8451.98004977505,2600.21232391281,3994.96792397312,1457.80050705927,3676.39227500417,778.600729593879,580.529140036122,167.440392697886,329.375941710789,101.914334657409,156.831283198952,57.240453093675,144.516595963338,0,0,9.12492984194908,18.4347182822129,5.80337504848934,8.99353942049657,3.47910294127581,8.83873391787242,0,0,0,0,0,0,0,0,455.361492205728,361.459841302104,431.304054011511,955.846582768468,499.35834804015,846.820350016227,136.80326117742,383.351018411826,17.4957125868513,13.8878652593784,16.574052597797,36.7246124451525,19.1599557479101,32.4886607740412,5.25171399396238,14.7152582098097,240.085874934875,189.635548318235,312.518875460783,713.226935466547,387.147305417166,661.682114067448,140.897338332461,392.879250730882,9.22448049002706,7.28610110643946,12.0077739528776,27.3985785431875,14.8525981995762,25.381769857014,5.40606901292932,15.0727013119214,0,0,48.8532299060808,114.116387301777,46.721296371876,77.1352723166516,29.6271041781393,78.1304368353063,0,0,0,0,0,0,0,0,665.923327000301,310.387376007213,2237.85989584742,2387.02126817596
"226",2008,939,18.75,2922.75913026746,2343.60092947387,764.228053704533,1442.93781760142,244.722151989701,339.93264013108,97.9583412295055,219.491591833898,0,0,0,0,0,0,0,0,0,0,1.2978801563263,2.50806674574163,0.497299453564336,0.693255002798941,0.204895681676926,0.459571683721203,0,0,0,0,0,0,0,0,7180.69241117399,5390.28738991765,1388.31161437408,2810.6535734415,781.688591443992,1244.67580521978,563.216232241102,1469.47962080793,275.893685579893,207.103461502547,53.5130575576618,108.352862257053,30.1220180854917,47.9629389180523,21.72450635997,56.6815983554995,20238.7785199378,15074.3297476066,4299.83683552971,8440.98183010968,2583.39356920722,3952.12175044043,1489.91690296658,3754.90679224835,777.603733079067,579.179922594098,167.197983806053,328.943704452078,101.249786466812,155.138933242176,58.5003564916446,147.597891518078,0,0,9.12140575957837,18.4309375982084,5.7713176859018,8.90550898834146,3.56026007357788,9.03867752480262,0,0,0,0,0,0,0,0,456.759067041848,362.194923170947,432.63056814769,958.985763810705,498.142709615894,840.822488377974,139.453516483694,390.210524359072,17.5494097197738,13.91610827799,16.6252452657725,36.8457767681384,19.1137575473662,32.259361680326,5.35364816096877,14.979146855176,240.048114239104,189.403796922126,312.702031206565,713.667181717887,384.936997234722,654.673821703184,142.868852259207,397.793741992248,9.22302972434132,7.27719684529627,12.0149966010721,27.4159769477688,14.7681991938452,25.1136692244737,5.48191975358619,15.2618557215636,0,0,48.7943705451957,113.969136199199,46.342583329919,76.1538565438778,30.2948571754394,79.7944401180535,0,0,0,0,0,0,0,0,670.353079001303,312.28694470654,2256.63436618443,2406.66005844882
"227",2008,939,18.8333333333333,2904.0071929294,2328.18243401025,759.75743411641,1434.5636430958,241.643674105663,334.548579452182,98.4670872397544,220.346523830512,0,0,0,0,0,0,0,0,0,0,1.29016563933243,2.49332010880232,0.491183549949054,0.682408996372988,0.206096811253091,0.461658657538364,0,0,0,0,0,0,0,0,7196.92685509807,5397.08691105138,1391.52558619324,2817.64021215988,779.605439303002,1235.98051783621,577.032213376375,1504.0439913782,276.51743887708,207.364709978091,53.6371077929391,108.622556413023,30.04182518277,47.6280209906714,22.2578608938542,58.0160302200512,20213.1032365233,15039.5488879769,4293.69748458975,8430.03640831537,2566.92780098958,3910.39488191294,1521.77490068011,3832.5295385308,776.61729507267,577.8435849663,166.958070852116,328.513481652649,100.599141785145,153.490711426729,59.7500734645796,150.643957114412,0,0,9.11768851689596,18.4267274036922,5.73987224567308,8.81965889669406,3.64085858906941,9.23659629076532,0,0,0,0,0,0,0,0,458.126167909766,362.906756129859,433.914841730957,962.036199334739,496.928937028251,834.926976731633,142.067545438498,396.926234184183,17.6019359931149,13.9434580363392,16.6748121357275,36.9635258574218,19.067622073499,32.0339676826112,5.45419659941001,15.2375303562149,240.018149841121,189.179467384981,312.878358585883,714.099432282578,382.778127945015,647.85005571333,144.786405487648,402.516207813121,9.22187850337845,7.26857774389308,12.0219539802424,27.4330611909521,14.6857637484881,24.8526233118529,5.55570457039686,15.4436556350078,0,0,48.7347595382433,113.82057331652,45.9710624613622,75.1965481618499,30.9579219829756,81.4394664950609,0,0,0,0,0,0,0,0,674.796257698958,314.190311498606,2275.41067676565,2426.26777096509
"228",2008,939,18.9166666666667,2885.54824836312,2313.03164548012,755.350589973397,1426.29617634516,238.640960265347,329.340682355385,98.9150658566843,221.05623563287,0,0,0,0,0,0,0,0,0,0,1.28252144774553,2.47869750246255,0.485210241006553,0.671908224586289,0.20716869607662,0.463436423987764,0,0,0,0,0,0,0,0,7212.64428349209,5403.49975888294,1394.63909573795,2824.40659881697,777.533261913937,1227.44342324996,590.748409818719,1538.22825338378,277.121327610807,207.611101847008,53.7572834517447,108.883758725411,29.9620547689667,47.2991974452871,22.7873845829439,59.3358492583598,20187.7014784179,15005.1005565519,4287.62336962079,8419.14539246977,2550.80749167577,3869.7567774052,1553.37848823432,3909.27994798673,775.641365546108,576.520023629554,166.720658563772,328.085340743706,99.9621066387648,151.885419629024,60.9897625415119,153.655565866106,0,0,9.11380152604611,18.4221139675241,5.70902533219585,8.73593105215899,3.72089630442326,9.43250243766879,0,0,0,0,0,0,0,0,459.462796255381,363.59532570941,435.158268474932,964.999579192846,495.717531466271,829.132909929479,144.647156477512,403.506526813899,17.6532914624289,13.969913978487,16.7228066947552,37.0779244296037,19.0215685559555,31.8124443826371,5.55342834106489,15.490729019383,239.995418659939,188.962131100504,313.047610197898,714.52276682094,380.668949745453,641.205469059674,146.653151049395,407.058302142911,9.22100519271206,7.26022733448899,12.0286365808987,27.4497959128457,14.6052250042371,24.5984277402453,5.62754407820588,15.61854698016,0,0,48.6744494617869,113.670804105344,45.606622086094,74.2628013383196,31.6163620761888,83.0659462122423,0,0,0,0,0,0,0,0,679.25256709241,316.097354281593,2294.18803234207,2445.84455817429
"229",2009,939,19,2866.3045649105,2297.00435146567,750.665131552806,1417.74220826294,235.434221639105,323.668643917401,99.6363547803621,222.301427700295,0,0,0,0,0,0,0,0,0,0,1.27504440222735,2.46429885766261,0.478816454307771,0.660451486988443,0.208793758773501,0.46629991846317,0,0,0,0,0,0,0,0,7228.58983589065,5410.13061839508,1397.27803946594,2830.63598154656,774.580469014241,1216.70494842149,605.502393677189,1574.67250986974,277.733981233597,207.865870073331,53.8592282500312,109.124319307054,29.8483475845153,46.8855393544068,23.3569121209444,60.7427864087993,20163.3101564386,14971.3691027304,4280.35173779925,8407.07951926306,2532.03361658139,3822.65487195596,1588.33876078933,3993.21747281528,774.704257570438,575.224005909,166.437444355395,327.612316642944,99.2211592170567,150.026632244373,62.3609431937403,156.949054957921,0,0,9.11051435261203,18.4179709122457,5.67209833036372,8.63731298315942,3.80849793353878,9.64467493977754,0,0,0,0,0,0,0,0,460.933596421572,364.336960021923,436.604494901992,968.176904486181,494.143646063776,822.016199270294,147.947310287048,411.746424792708,17.7098020250596,13.9984087526022,16.7785924600041,37.2005377354726,18.9615970170188,31.5401512847544,5.68031428760427,15.8076173723989,240.000260703725,188.768731932482,313.227257263818,714.953366825164,378.159848095877,633.477317322702,149.009610073823,412.759130584834,9.22119128780673,7.25279662743226,12.0357158337174,27.4668027419677,14.5093323676162,24.3026397803832,5.7181767275379,15.837901694457,0,0,48.6188977081976,113.526556808514,45.1957245824093,73.2077705788712,32.3349862906654,84.828915350971,0,0,0,0,0,0,0,0,683.559776579497,317.938654128666,2312.2813176921,2464.6744944609
"230",2009,939,19.0833333333333,2847.23788704522,2281.13346270225,746.012387253971,1409.24834109379,232.283851405878,318.137675447945,100.313819121566,223.431750474759,0,0,0,0,0,0,0,0,0,0,1.26754146824363,2.44991794472662,0.472536671457442,0.649277759610037,0.210330282700056,0.468928517545188,0,0,0,0,0,0,0,0,7244.24712293471,5416.54073919303,1399.85138192657,2836.74088665038,771.614678516554,1206.04181270623,620.307526955015,1611.06195513622,278.335559240482,208.112157165257,53.9586344726638,109.360065292523,29.7341354223492,46.4747768894482,23.9284213891568,62.1476356128226,20139.1107815798,14937.8931738722,4273.02106598127,8394.91449254059,2513.37958732651,3776.16132833482,1623.29203694412,4076.75033218037,773.77452373467,573.937805890955,166.151944213703,327.13545180787,98.4849893011316,148.191931083398,63.7317988630047,160.226454193463,0,0,9.10656729508999,18.4129627246244,5.63533381492592,8.53981147797653,3.89617895524324,9.85607508799219,0,0,0,0,0,0,0,0,462.381677276803,365.060140665776,437.996372190364,971.259155171051,492.527481308221,814.892055177633,151.226261185141,419.871488365941,17.7654396744206,14.0261945072929,16.8322871535737,37.3194922777477,18.8999941219391,31.2675505038698,5.80639085629907,16.1201107065413,240.007132630507,188.575359797865,313.401150311546,715.358735919984,375.663015844196,625.825770316724,151.357818438604,418.365514933706,9.22145537293428,7.24536695908495,12.0425712309306,27.4828334223939,14.4139004481652,24.0097664327946,5.80849709137086,16.0536443895373,0,0,48.5627735328923,113.380944498498,44.788025238461,72.1671974937931,33.0537369171221,86.5828737396875,0,0,0,0,0,0,0,0,687.865588697557,319.777222301481,2330.307746743,2483.39625044241
"231",2009,939,19.1666666666667,2828.45365229679,2265.52837304961,741.425912511615,1400.85512450688,229.214328766882,312.800848679385,100.919290576106,224.39233353961,0,0,0,0,0,0,0,0,0,0,1.26002305756908,2.43556654039519,0.466417595835154,0.638492988812491,0.211719577993815,0.471207271092278,0,0,0,0,0,0,0,0,7259.52155941391,5422.65622633886,1402.38364020686,2842.72935751589,768.710326578038,1195.65543698904,635.051246753164,1647.13410682761,278.922427516422,208.347123961098,54.0564435257426,109.591305187718,29.6222879661832,46.0746740967555,24.4975749060927,63.5402821530232,20115.0545164028,14904.6499195774,4265.75471041441,8382.77713666599,2495.12122180347,3730.95523811085,1657.90860683985,4159.1539575024,772.850287653488,572.660545625616,165.868881748679,326.659602792612,97.7644050281982,146.407967995614,65.089408657616,163.459329681916,0,0,9.10199667238662,18.407120007406,5.59933744935561,8.44495593745361,3.98318799764378,10.0650312796817,0,0,0,0,0,0,0,0,463.792466326342,365.758184151952,439.316787133227,974.22531777141,490.906967088289,807.89745599176,154.418971721221,427.73101389672,17.8196445121098,14.05301445222,16.8832329692401,37.4339804712305,18.8382154789831,30.9998984029465,5.92916203183484,16.4224256010162,240.015160827283,188.381626642414,313.566861298967,715.739658547697,373.220184750593,618.368203267179,153.647471122678,423.757986755811,9.22176388252569,7.23792341978147,12.049109440944,27.4979180366608,14.3205305924891,23.7243113263747,5.89657469616585,16.261190643402,0,0,48.505580244944,113.233459010261,44.3884528439908,71.1541157027652,33.7666565123033,88.3138456946752,0,0,0,0,0,0,0,0,692.184732015554,321.619372668868,2348.32909125307,2502.07576406449
"232",2009,939,19.25,2809.95660244956,2250.19141094059,736.907098942137,1392.56636855411,226.223793333991,307.650781835215,101.456159010441,225.192643110569,0,0,0,0,0,0,0,0,0,0,1.25251016770829,2.42126809817672,0.460453281224068,0.628080608012101,0.212967350968354,0.47315302552167,0,0,0,0,0,0,0,0,7274.38731151368,5428.45953851697,1404.8638282398,2848.57952331546,765.858553060936,1185.52608424444,649.72510255679,1682.87005205494,279.493593484949,208.57009649546,54.1522343784219,109.817199914608,29.51246474023,45.6844720835497,25.0640470635179,64.9199969125149,20091.1626942114,14871.6533900357,4258.55793119975,8370.67951148955,2477.25281475469,3687.00370166925,1692.19736976474,4240.46297736944,771.932368992626,571.392764943467,165.588464085063,326.185242622303,97.0591822755165,144.673449895187,66.4341218412869,166.649046740316,0,0,9.09691458982225,18.4005567846543,5.56408751367685,8.35266982485654,4.06953172288632,10.2715861548685,0,0,0,0,0,0,0,0,465.166882098719,366.431518796303,440.571930383739,977.08262610479,489.2857787604,801.034627545112,157.532407296385,435.345712160877,17.8724518294587,14.0788850439633,16.9316677133749,37.5442801127611,18.7764022683982,30.7372810552222,6.04889483453189,16.7153557808233,240.025342626333,188.188774777808,313.723816311369,716.098785650263,370.830916868823,611.103268219929,155.879185659781,428.943900182926,9.22215513570338,7.23051374112245,12.0553083887296,27.5121583907885,14.2292062302186,23.4462235654516,5.98243285561666,16.4608213882063,0,0,48.4473541364418,113.084248577445,43.9969047358018,70.1678993331003,34.4738573857752,90.0224562882386,0,0,0,0,0,0,0,0,696.516863115294,323.464979627077,2366.3439809089,2520.71322809699
"233",2009,939,19.3333333333333,2791.75029496677,2235.12398568886,732.457028722399,1384.38525709497,223.310372590096,302.680326700861,101.927682792623,225.8416961711,0,0,0,0,0,0,0,0,0,0,1.24502055789761,2.4070431296939,0.45463850336225,0.618025184437479,0.214079259395832,0.474782216649451,0,0,0,0,0,0,0,0,7288.82505034094,5433.93808336987,1407.28327120163,2854.27448689983,763.052502137406,1175.63786363317,664.321416549659,1718.25331662513,280.04831449908,208.780590949829,54.245674600918,110.037101176072,29.4044022078358,45.303559616725,25.6275419046682,66.2861444061523,20067.451831237,14838.9140541818,4251.43471824029,8358.63115248155,2459.7680444408,3644.2735812072,1726.16659432686,4320.70981941131,771.021402338789,570.134866077444,165.310849142223,325.712746440733,96.3690729379828,142.987074553713,67.7662632628607,169.796885052155,0,0,9.0914121023516,18.3933651399341,5.52956345116422,8.26287770465246,4.15521556851969,10.4757783271482,0,0,0,0,0,0,0,0,466.505690484714,367.080484956338,441.766998575708,979.836973049117,487.666750605699,794.304477163354,160.572777019588,442.73417680292,17.9238910532133,14.1038193596023,16.9777910176062,37.6506174997597,18.7146633731004,30.4797338757537,6.16582726575183,16.9996137593214,240.03834338112,187.997714868798,313.87162648469,716.438233737187,368.494525300383,604.028790926998,158.054004321814,433.931318486218,9.22265469643605,7.22317291230319,12.0611531161089,27.5256357770261,14.1399012435268,23.1754205471576,6.06611120713237,16.6528448477681,0,0,48.3881391808947,112.93345524484,43.6132689785422,69.2079197091131,35.1754482542636,91.7093095919035,0,0,0,0,0,0,0,0,700.861646601748,325.313919550446,2384.35122252071,2539.30892231404
"234",2009,939,19.4166666666667,2773.83732927846,2220.32676929944,728.076532996035,1376.31446035259,220.472195799454,297.88256786484,102.336999316486,226.34809988876,0,0,0,0,0,0,0,0,0,0,1.23756937337085,2.39290966078494,0.448968560137724,0.608312204012666,0.21506089366528,0.476110846477108,0,0,0,0,0,0,0,0,7302.82050547812,5439.08309255842,1409.63510125116,2859.80118920451,760.286801058939,1165.97770604738,678.833231725888,1753.26965312996,280.586042266553,208.978270430593,54.3365010413792,110.250507919231,29.2978937764759,44.9314338213184,26.1877911424945,67.6381746714133,20043.9347024624,14806.4396181771,4244.3880762618,8346.63964567555,2442.66016984961,3602.73179897842,1759.82399536336,4399.92497471996,770.117878534385,568.887145110303,165.036156643295,325.242413741067,95.6938125803679,141.347542171179,69.0861363228223,172.904048895114,0,0,9.08556424694004,18.3856207667112,5.49574577368536,8.17550584373772,4.24024406643921,10.6776433306795,0,0,0,0,0,0,0,0,467.809547001879,367.705363812883,442.906420808141,982.493260503575,486.052117263721,787.707019333043,163.545640635027,449.913178571534,17.9739873694043,14.1278282025538,17.0217730345992,37.7531808672463,18.6530846490455,30.2272579695029,6.28017241068994,17.2758421257621,240.054580268039,187.80910477178,314.010034085833,716.759682814321,366.210132909184,597.141962724987,160.173279678286,438.728749351183,9.22327859333488,7.21592620921757,12.0666337096584,27.5384147323158,14.0525822148729,22.9117953126916,6.14766131687873,16.8375863696205,0,0,48.3279843062569,112.781214691478,43.237426897036,68.2735486059489,35.8715344654247,93.3749900399916,0,0,0,0,0,0,0,0,705.218753397829,327.166070286021,2402.34975807618,2557.86318285897
"235",2009,939,19.5,2756.21943453425,2205.79976854355,723.766214346175,1368.35617691448,217.707401770663,293.250830848689,102.687125705428,226.720057305179,0,0,0,0,0,0,0,0,0,0,1.23016939313655,2.37888341046245,0.443439199067653,0.598928004040914,0.215917761100264,0.477154452364472,0,0,0,0,0,0,0,0,7316.36388175668,5443.88916322525,1411.91405348027,2865.14994785595,757.557346412269,1156.53494165251,693.254306548546,1787.90698886117,281.106400441326,209.162927351334,54.4245120070044,110.457048646928,29.19278159698,44.5676839705245,26.7445539619519,68.9756212891711,20020.6207749322,14774.2353583934,4237.42014039209,8334.7108586715,2425.92211665889,3562.34549039562,1793.17675785619,4478.13707967522,769.222161325955,567.649804768384,164.764472574545,324.774477289829,95.0331237755172,139.753561332919,70.3940238881817,175.971670273683,0,0,9.07943200957272,18.3773851058586,5.46261600829588,8.09048240787651,4.32462099626804,10.8772140709686,0,0,0,0,0,0,0,0,469.079014512843,368.30638974125,443.993949043655,985.055539436289,484.443604390696,781.241534870409,166.455950994121,456.897781037192,18.0227624041127,14.1509205778919,17.0637579091679,37.8521257661425,18.5917324074848,29.9798262464039,6.39212006828195,17.5446179856579,240.074257266692,187.623382332751,314.138891672516,717.064421860697,363.976706416203,590.439444970425,162.238617178894,443.345001691138,9.22403466365093,7.20879045460812,12.0717444993992,27.5505447829691,13.9672097327532,22.6552205489015,6.22714447513567,17.0153829271711,0,0,48.266942248851,112.627656095993,42.8692542345403,67.3641602879169,36.5622179427607,95.020062275308,0,0,0,0,0,0,0,0,709.58786020632,329.021311010704,2420.33864945652,2576.37639073068
"236",2009,939,19.5833333333333,2738.89760036541,2191.54243043362,719.526480533107,1360.51219848022,215.014147051698,288.778682057638,102.980964232791,226.965388915976,0,0,0,0,0,0,0,0,0,0,1.22283139982552,2.36497807162834,0.438046510661153,0.589859659382759,0.216655271627201,0.477928087995638,0,0,0,0,0,0,0,0,7329.44901859565,5448.35360436899,1414.11617154496,2870.31379702461,754.861011399462,1147.30073050027,707.579077564905,1822.15527442821,281.609152324028,209.334458319473,54.5095559833018,110.656456106894,29.0889453327044,44.2119696384532,27.2976155925379,70.2980955919229,19997.5168332644,14742.3045966452,4230.53234213497,8322.84927301822,2409.54658946678,3523.08217407765,1826.23158629996,4555.37308267725,768.334511397267,566.422972680804,164.495855595492,324.30911597846,94.3867204618975,138.203855616455,71.6901901940598,179.000815356709,0,0,9.07306518052975,18.3687084460717,5.43015661818277,8.00773771296567,4.40834958434747,11.0745214130903,0,0,0,0,0,0,0,0,470.314587444339,368.883766637576,445.0327885183,987.527207190018,482.842558663366,774.906795709822,169.308122141855,463.701527587862,18.0702351540039,14.1731043196321,17.1038687857583,37.9475826400616,18.5306584074616,29.7373920559082,6.50183936398681,17.8064601354429,240.097414229825,187.440811828551,314.25813272131,717.35341322566,361.793094898509,583.917491361157,164.251804486383,447.789022619783,9.22492443862002,7.20177580241265,12.0764829297801,27.5620629162369,13.8837398664551,22.4055532764801,6.30462898243738,17.1865768580286,0,0,48.205068017816,112.472902116736,42.5086226540641,66.4791336083454,37.247597318077,96.6450718794148,0,0,0,0,0,0,0,0,713.968648649248,330.879522002375,2438.3170554401,2594.84895554756
"237",2009,939,19.6666666666667,2721.8721770886,2177.55372310836,715.3575703554,1352.78395951567,212.390611965183,284.459927604488,103.221306524722,227.091549966571,0,0,0,0,0,0,0,0,0,0,1.21556446601195,2.35120553825771,0.432786854522537,0.58109490164453,0.217278725989677,0.478446309569072,0,0,0,0,0,0,0,0,7342.07275426503,5452.47594312774,1416.23858410235,2875.28798997239,752.195432449332,1138.26765100294,721.80262386665,1856.00634443925,282.094176435935,209.492845166902,54.5915230661049,110.848548216946,28.98629397096,43.8640049069091,27.846785950584,71.6052813320267,19974.6274523404,14710.6490585982,4223.72553489461,8311.05823379112,2393.52615368559,3484.9098717604,1858.99474610758,4631.65838319639,767.455104530731,565.206715150086,164.230341887458,323.8464644751,93.7543111256506,136.697168256638,72.9748824374293,181.992489842701,0,0,9.06650445986193,18.3596321727605,5.39835092446575,7.9272043338111,4.49143265983198,11.2695946432746,0,0,0,0,0,0,0,0,471.516709584764,369.437679694497,446.025695274017,989.91115114803,481.25003829907,768.701217455393,172.106086148852,470.336597568257,18.116422670138,14.1943865431713,17.1422115538396,38.0396623430005,18.4699033324583,29.4998950477355,6.60948093086534,18.0618350537652,240.123963728527,187.261519154777,314.367751006294,717.627345857222,359.658061383442,577.572046911672,166.214756260317,452.069772129029,9.22594455911346,7.19488708974039,12.0808487668003,27.5729956232168,13.8021253768639,22.1626386446077,6.38018802901877,17.3515110502544,0,0,48.1424177964117,112.317068973128,42.1554008835104,65.6178536592887,37.9277680385082,98.2505459594297,0,0,0,0,0,0,0,0,718.36080469719,332.740584509662,2456.28421521655,2613.2813045444
"238",2009,939,19.75,2705.14295867599,2163.83220269735,711.259575087115,1345.1725785838,209.835005093935,280.288610190904,103.410837462451,227.105646659138,0,0,0,0,0,0,0,0,0,0,1.20837619294866,2.33757610667926,0.427656807067633,0.5726220578161,0.21779330610995,0.478723168125113,0,0,0,0,0,0,0,0,7354.23441389348,5456.25752808896,1418.27932355808,2880.06960091548,749.558845184197,1129.42938615982,735.920630002565,1889.45377775755,282.561446847413,209.638139708506,54.6703380143438,111.033212796149,28.8847595267153,43.5235463200885,28.3918982213368,72.8969293311152,19951.9553775099,14679.2691611189,4217.0000950298,8299.34014858523,2377.85329772916,3447.79719229837,1891.47210161145,4707.01695935871,766.584046215458,564.00104819259,163.967949058237,323.386620923361,93.1356012195587,135.232265419755,74.2483322393546,184.947643882974,0,0,9.05978309150462,18.3501904696228,5.36718302341918,7.84881709669929,4.5738727832936,11.4624618530686,0,0,0,0,0,0,0,0,472.685787741828,369.968304148491,446.975053570913,992.209858066439,479.666877865505,762.62296430666,174.853345092518,476.81394931705,18.1613405827187,14.214773981375,17.1788778210125,38.1284603391922,18.4094992800873,29.2672652041527,6.71517890460898,18.311162390351,240.153720123175,187.085520006033,314.467785803862,717.886682683285,357.570311010654,571.398834827542,168.129468219332,456.196121772973,9.22708789259018,7.18812491960218,12.0848435288554,27.5833607172711,13.7223167962227,21.9263132628099,6.4538979304945,17.5105250502258,0,0,48.0790481433294,112.160266642844,41.8094556392087,64.7797131086124,38.602822467641,99.8369937150911,0,0,0,0,0,0,0,0,722.764018282945,334.604380688464,2474.23943601086,2631.67387514686
"239",2009,939,19.8333333333333,2688.70925527386,2150.37607164343,707.23245724055,1337.67889466329,207.345566815905,276.259004867764,103.552138954391,227.014451704388,0,0,0,0,0,0,0,0,0,0,1.20127291938105,2.32409865561946,0.422653118294663,0.564429997292809,0.218204067313053,0.47877220569622,0,0,0,0,0,0,0,0,7365.93536786291,5459.70118816371,1420.23716959604,2884.65718371855,746.949948213354,1120.78046606087,749.929347306113,1922.49275714749,283.011016210724,209.770450635573,54.7459542523155,111.210394474475,28.784291813924,43.190382998724,28.9328073793797,74.1728521036237,19929.5018524696,14648.1642591761,4210.3560088722,8287.6966581653,2362.52048455867,3411.71339650956,1923.66915204137,4781.47148785993,765.721384244829,562.805947024864,163.708679505297,322.929653546333,92.5302951690605,133.807938733347,75.5107570298963,187.867176711125,0,0,9.05292825699555,18.340411758485,5.33663771156538,7.77251305401841,4.65567235555614,11.6531502611448,0,0,0,0,0,0,0,0,473.822203140557,370.475812408097,447.88294204826,994.425505549377,478.093741621242,756.670033650544,177.553018350594,483.143450306502,18.2050035390227,14.2342732584548,17.2139474541187,38.2140602172252,18.3494718111242,29.0394260908002,6.81905273874828,18.5548199601492,240.186424363472,186.912744076555,314.558309788147,718.131702570576,355.528514172625,565.393428615306,169.997978883098,460.176773237329,9.22834448595335,7.18148659073708,12.0884700210719,27.5931689445615,13.644263315634,21.6964079672179,6.52583665842044,17.6639519340364,0,0,48.0150153335823,112.002599073485,41.47065240913,63.9641132950543,39.2728499993817,101.404907039888,0,0,0,0,0,0,0,0,727.17798300604,336.470793568246,2492.18208261055,2650.02710896881
"240",2009,939,19.9166666666667,2672.56995498039,2137.1832282745,703.276066572208,1330.30349828029,204.920571914218,272.365613780607,103.647693513879,226.824419061598,0,0,0,0,0,0,0,0,0,0,1.19425989920761,2.31078080567083,0.417772679414764,0.556508088798884,0.218515932291791,0.478606455377001,0,0,0,0,0,0,0,0,7377.17866544247,5462.81095049588,1422.11151892838,2889.05049124659,744.36779574282,1112.31606737578,763.825554957777,1955.11993182743,283.443001683667,209.889932677412,54.8183488764951,111.380083927446,28.6848543221482,42.8643289401765,29.4693886981099,75.4329185896216,19907.2668909762,14617.3328496153,4203.79294477882,8276.12877666754,2347.52019196994,3376.62844210782,1955.59106473864,4855.04345435642,764.867119156117,561.62135389299,163.452523201617,322.475606074652,91.9380979417466,132.423007043306,76.7623613267284,190.751940906316,0,0,9.04596220077552,18.3303198397369,5.30670041530146,7.69823142074018,4.73683370674563,11.8416864758716,0,0,0,0,0,0,0,0,474.92632038237,370.960379432569,448.751187797047,996.560033941427,476.53116361572,750.840316967836,180.207885407355,489.333995010075,18.2474255476217,14.2528910966247,17.2474906562524,38.2965364522788,18.2898414900472,28.8162971977168,6.92120884770895,18.7931482667187,240.221764104192,186.743054947711,314.639419995292,718.36253704152,353.531325872766,559.55131258395,171.822338313332,464.020194713945,9.22970233842925,7.17496686172221,12.09173198758,27.6024253934591,13.5679135277804,21.4727501422108,6.59608263960253,17.8121158625509,0,0,47.950374860986,111.844164429723,41.1388560959164,63.1704651035108,39.937937171799,102.954761118943,0,0,0,0,0,0,0,0,731.602395937542,338.339707051957,2510.11156909134,2668.34144755219
"241",2010,939,20,2656.58696818406,2124.11226092356,699.346016234174,1322.98748140363,202.507675597697,268.392879389167,103.757503701203,226.756300225674,0,0,0,0,0,0,0,0,0,0,1.18735995763177,2.29764499845707,0.412909305902713,0.548416492770363,0.218851266055931,0.478677194886615,0,0,0,0,0,0,0,0,7388.05010640452,5465.65786307881,1423.86142626064,2893.20646229357,741.626502876945,1103.16719042185,777.820310825085,1988.22160482746,283.860699830703,209.999315611543,54.885951817128,111.540629566626,28.5792836691176,42.5118959609576,30.0097749575867,76.7112816293262,19885.3322649425,14586.8151344833,4197.17877148278,8264.48584512782,2332.26090578086,3339.89294394089,1987.91038617173,4930.43120743133,764.024392743183,560.448813424239,163.194437193885,322.018726886363,91.3358442122516,130.973571481349,78.0294863911668,193.707763052306,0,0,9.03904596236746,18.3200650012543,5.27603647666438,7.61993626759134,4.81887188124198,12.0342111484525,0,0,0,0,0,0,0,0,476.022521625357,371.431529828536,449.620330063703,998.653813246484,474.891408046767,744.56908276962,182.968570792725,496.004123467947,18.2895434098441,14.2709934465055,17.2810655880914,38.3774403771217,18.2272409127068,28.5762047979857,7.02742859567698,19.0498862121582,240.262127297531,186.578631424636,314.714246373272,718.58196052654,351.489278945924,553.433322768782,173.70473831912,468.177765875071,9.23125319896567,7.16864944573484,12.0947497495851,27.6112367086969,13.4898339637742,21.2384871241352,6.66855766823302,17.9723381596491,0,0,47.8859570415784,111.685868480152,40.8037130330731,62.3492694528731,40.6098770502467,104.537047821069,0,0,0,0,0,0,0,0,736.013156173534,340.202596934376,2527.93117293225,2686.53494050944
"242",2010,939,20.0833333333333,2639.55788445601,2109.95224793501,695.058987985761,1315.20616946921,199.685363880729,262.626066407875,104.355153953094,228.553690441779,0,0,0,0,0,0,0,0,0,0,1.18064352870569,2.28471834740656,0.407213223188849,0.536652193994779,0.220183719475153,0.482570117757681,0,0,0,0,0,0,0,0,7399.44518771546,5468.94814076042,1425.21231451418,2896.89376794448,737.221457905457,1086.24448863413,793.78818936728,2029.45671277278,284.298517077333,210.125733341782,54.938234559779,111.683163774172,28.4095934347288,41.8598806374474,30.6262017656043,78.3030782226743,19864.2200028186,14556.8361289358,4189.36718056773,8251.41766170977,2311.84637824177,3279.84230377919,2026.20319510678,5029.75782380124,763.21326201831,559.296971065292,162.890615806518,321.507365801916,90.5317885051093,128.610057992243,79.5305147230086,197.602207817926,0,0,9.03299918523816,18.3103456221941,5.23363288307241,7.48823815873297,4.91452387621402,12.2815948421802,0,0,0,0,0,0,0,0,477.309134075939,371.967354572556,450.793057388446,1001.00984568395,472.419712779457,733.164930259923,187.030078488378,508.019173365555,18.3389771726815,14.2915806883215,17.3263067589902,38.4684165839304,18.1327007252528,28.1390927251294,7.18358190808492,19.5117691267055,240.321245905996,186.429317013174,314.804302196613,718.784727581196,348.654509029573,543.405737929891,176.4843653041,476.312921596899,9.23352467144402,7.16291254601305,12.0983503687166,27.6194015463476,13.3813219969641,20.8541692378898,6.77546944546119,18.2852087024972,0,0,47.8279654361419,111.533703259945,40.379521041265,61.0957697702586,41.3867817891942,106.566059980833,0,0,0,0,0,0,0,0,740.208177928693,341.98795317783,2544.81712222077,2703.87894122384
"243",2010,939,20.1666666666667,2622.76428825216,2096.01544231103,690.832265885377,1307.51385431022,196.944561092617,257.125670592868,104.879049727654,230.110680120006,0,0,0,0,0,0,0,0,0,0,1.17387883092426,2.2717768125236,0.401687890244496,0.525424116592465,0.221371152256608,0.485990950779383,0,0,0,0,0,0,0,0,7410.68916508722,5472.12121266076,1426.59091634663,2900.59813396758,732.957294134996,1069.96450221283,809.728759869325,2070.41621344627,284.730528668979,210.247647838472,54.9915638948057,111.826322030311,28.2453260338514,41.2326239540627,31.2415783495426,79.8842527449016,19843.0419118745,14526.9189205301,4181.59968575937,8238.33254150251,2291.90379386889,3221.92901836893,2064.03378028799,5127.02194001377,762.399601426964,558.147503070608,162.58844342347,320.995290080081,89.7463031537348,126.330592496365,81.0134048272405,201.415612414347,0,0,9.02622754459559,18.299682667087,5.19224462274935,7.36121568334167,5.0092881409065,12.5247448129148,0,0,0,0,0,0,0,0,478.553204681073,372.47810962868,451.880751209923,1003.24590419191,469.956558325221,722.068153539842,190.935321599114,519.330583000955,18.3867764090653,14.3112047126658,17.3682771852886,38.5547761057005,18.0384802178906,27.713755362404,7.33373984842945,19.9466536966651,240.368826401731,186.267532293817,314.87910843063,718.930566570462,345.871877248276,533.667337822742,179.193967633431,484.105388120653,9.23535283034904,7.15669651714626,12.1013623914339,27.6253724713355,13.2748023818408,20.4809264606958,6.87969596143671,18.5849346739792,0,0,47.7687034948739,111.379304630821,39.9647089951225,59.8850525116817,42.1559911258666,108.556511460792,0,0,0,0,0,0,0,0,744.414333786692,343.775822376266,2561.67861304444,2721.13361808636
"244",2010,939,20.25,2606.21846425831,2082.31037682112,686.669016758907,1299.91772696548,194.283401695883,251.878693539356,105.333236363327,231.443088664685,0,0,0,0,0,0,0,0,0,0,1.16709096452103,2.25884841022405,0.39632510401114,0.514704339593673,0.222419106991084,0.488963933271255,0,0,0,0,0,0,0,0,7421.70369931533,5475.11991589028,1427.9691648851,2904.26156947409,728.810815270692,1054.27178875438,825.623604477339,2111.04835066791,285.153724688128,210.362862811984,55.0448631212204,111.967878612094,28.0855902409882,40.627993707338,31.8551968613843,81.4528170273486,19821.8609576126,14497.1084447531,4173.89034914864,8225.26001881263,2272.42903748236,3166.08474492255,2101.42076397894,5222.32050715562,761.585830207275,557.002135933297,162.288468321055,320.483650645076,88.979224869997,124.132490331645,82.4788844528385,205.151774889077,0,0,9.0188725496035,18.2882301726231,5.15184274531679,7.23870310967641,5.1031861859918,12.7638207896995,0,0,0,0,0,0,0,0,479.756788600191,372.964831618399,452.892861465046,1005.37316239938,467.508388148219,711.280536423538,194.698445636381,530.00408504226,18.4330200815047,14.3299053481936,17.4073399929977,38.6369482977897,17.9448270296216,27.300262499011,7.47844525889179,20.3570622817785,240.409372453255,186.097668125857,314.941226754444,719.033084868558,343.145243549452,524.221230861403,181.8323735216,491.552308763905,9.23691071380977,7.15017006297076,12.1038842571913,27.629672329746,13.1704235223817,20.1188791567436,6.98119193962918,18.8714052439432,0,0,47.7082695471564,111.222979318993,39.55918399382,58.7158379346403,42.9177409897332,110.509900166927,0,0,0,0,0,0,0,0,748.631258687558,345.566086710999,2578.51439658077,2738.30090819023
"245",2010,939,20.3333333333333,2589.93023204769,2068.84362946095,682.571764391372,1292.42372519666,191.699943441647,246.872649406976,105.721561303805,232.565814587441,0,0,0,0,0,0,0,0,0,0,1.16030160384151,2.24595836983503,0.391117814692295,0.504466808844144,0.223333229903252,0.491513012543831,0,0,0,0,0,0,0,0,7432.42651461969,5477.8993322786,1429.32484453632,2907.83876477027,724.764076000965,1039.12132432689,841.456032103143,2151.30606493825,285.565712399718,210.46965243438,55.0972799363841,112.106094266828,27.9296963705309,40.0442577206282,32.4664156126586,83.0069627165622,19800.7279925105,14467.440603991,4166.25019021627,8212.22352819237,2253.41630440168,3112.24072366337,2138.38122380867,5315.74377937862,760.773902196678,555.862249080262,161.991121047459,319.973362174587,88.2303247883772,122.013051329952,83.9276215330081,208.814233199996,0,0,9.01104785272156,18.276109158662,5.11239785259925,7.12053514366514,5.19623570600742,12.9989647211116,0,0,0,0,0,0,0,0,480.921527880564,373.428289894417,453.837035554858,1007.40007298637,465.079767588326,700.800650486153,198.332080491168,540.098832769803,18.4777712800797,14.3477121546658,17.443789066282,38.715257989503,17.8519166477158,26.8985604386947,7.61818279828519,20.7452647118376,240.446370514436,185.923187898281,314.992778674088,719.103278949927,340.477298845927,515.067942014537,184.399401937384,498.655622493452,9.23833227695163,7.14346625243028,12.10599749795,27.6327236751682,13.0682889724622,19.7680485520038,7.07995016638453,19.1446937795696,0,0,47.6467606622449,111.065003072029,39.162832824027,57.586851122848,43.6722560180989,112.427663405802,0,0,0,0,0,0,0,0,752.858603887017,347.358632719557,2595.3234831693,2755.38285107007
"246",2010,939,20.4166666666667,2573.9073086118,2055.62011771576,678.542484445486,1285.03671143469,189.19219658809,242.095586404179,106.047682641634,233.492874827208,0,0,0,0,0,0,0,0,0,0,1.15352938084659,2.23312922991335,0.386059872112053,0.494687128816444,0.224119215144912,0.493661671329989,0,0,0,0,0,0,0,0,7442.80875175263,5480.42473557513,1430.64057586628,2911.29482920506,720.803301223993,1024.47630867949,857.211039588877,2191.14719248385,285.96461455332,210.56668246758,55.1481475284144,112.239629489266,27.7771148279711,39.4799996556981,33.074657608139,84.5450690015332,19779.6837413195,14437.9437759046,4158.68771744673,8199.24148953709,2234.85851112609,3060.32850639931,2174.93080738853,5407.375660456,759.965382110039,554.728932826412,161.696734937296,319.465145011365,87.4993243738915,119.969588056273,85.3602286087064,212.406278570132,0,0,9.00284473681007,18.26341491303,5.0738808907085,7.0065494128322,5.28845122528389,13.2303029990361,0,0,0,0,0,0,0,0,482.048736247568,373.869047891124,454.719477361888,1009.33300221315,462.673867610149,690.624796025514,201.847466503602,549.667904349259,18.5210804802183,14.3646467801325,17.4778628317748,38.78994984641,17.7598709843167,26.5085081451553,7.75338377965364,21.1132976327793,240.48246777004,185.746783944817,315.035484080545,719.149888451315,337.869737068593,506.205844486855,186.89566949169,505.421091877766,9.23971922884692,7.13668852929218,12.1077682197889,27.6348623677435,12.9684640275839,19.4283732743199,7.17599407395513,19.405020521461,0,0,47.5842712751533,110.905623071747,38.7755259009897,56.4968284455607,44.4197499842108,114.311178301374,0,0,0,0,0,0,0,0,757.096033745641,349.153350151969,2612.10508137876,2772.38153343629
"247",2010,939,20.5,2558.15569658819,2042.64341143417,674.582705996542,1277.76066550963,186.758148718027,237.536074354496,106.315085395572,234.237481543837,0,0,0,0,0,0,0,0,0,0,1.1467903559435,2.22038108636949,0.381145795467576,0.485342329452341,0.22478275621506,0.495432815335505,0,0,0,0,0,0,0,0,7452.81223405968,5482.66948187838,1431.90278193796,2914.60300664568,716.917852214031,1010.30609645631,872.875185638308,2230.53432166638,286.348964340818,210.65292921028,55.1969449493404,112.367456919928,27.6274364486614,38.9340396269839,33.6794057336124,86.0656972007004,19758.7608547446,14408.6403646411,4151.2094662846,8186.32839856904,2216.74766985845,3010.28047898603,2211.08390194046,5497.2943338221,759.16152444515,553.603047974684,161.405566888245,318.959567319239,86.7859099411905,117.999446040234,86.7772693815261,215.930979855971,0,0,8.99433736332928,18.2502236578909,5.03626361925013,6.89658788279803,5.37984480154046,13.4579492046402,0,0,0,0,0,0,0,0,483.139481119504,374.287520658874,455.545292585678,1011.17681110618,460.292884653744,680.747785189596,205.254635654208,558.759054729212,18.5629886938375,14.3807251714919,17.5097575204609,38.8612106898963,17.6687745029967,26.1299073341877,7.88443312464799,21.46299336037,240.51965375822,185.570539368712,315.070719852528,719.179808117072,335.323456355755,497.631639625576,189.322390927552,511.857316289581,9.24114801073908,7.12991692971431,12.1092493536978,27.6363533960974,12.8709834377959,19.099727753499,7.26937007698145,19.6527146888814,0,0,47.5208923953511,110.745061531332,38.3971212425193,55.4445222480141,45.1604266573941,116.161765059972,0,0,0,0,0,0,0,0,761.343222651319,350.950130966122,2628.85854424859,2789.29904831476
"248",2010,939,20.5833333333333,2542.6798708111,2029.91588443266,670.693560372304,1270.59877619492,184.395779083853,233.183210415213,106.52708609376,234.812066625993,0,0,0,0,0,0,0,0,0,0,1.14009824932838,2.20773171687977,0.376370669639967,0.476410780624259,0.225329513677513,0.49684868928039,0,0,0,0,0,0,0,0,7462.4081334436,5484.61397489799,1433.1011782193,2917.74354445544,713.099716548002,996.585187200583,888.436548465057,2269.43478068073,286.717654140616,210.727639741667,55.2432775598245,112.488817974719,27.480352926969,38.4053954389515,34.280201147808,87.567590354587,19737.9849088533,14379.5475593513,4143.82026249213,8173.49535922706,2199.07507822304,2962.03017434826,2246.85370732391,5585.57251686311,758.363311881518,552.485254959499,161.117807527645,318.45706565664,86.0897400146444,116.100015937871,88.1792615237649,219.391193323379,0,0,8.98558524172286,18.2365956265568,4.99951876871514,6.79049742420759,5.47042641614705,13.6820056233167,0,0,0,0,0,0,0,0,484.194624757475,374.684004125127,456.318655053257,1012.93513648597,457.93823228313,671.163296994118,208.562501221187,567.415078752595,18.6035290503872,14.3959586987499,17.5396335553069,38.9291802916675,17.5786815823445,25.762516119922,8.01167280473009,21.7959938147745,240.559350704584,185.396008555182,315.099554784024,719.198306947371,332.838677270656,489.340642662782,191.681265524968,517.975176375449,9.24267326682089,7.12321117566204,12.1104819963283,27.637399292858,12.7758559402606,18.7819331784404,7.36014320901182,19.8881931459609,0,0,47.4567112140118,110.583517480732,38.0274666419089,54.4287045828852,45.8944799657147,117.980687041053,0,0,0,0,0,0,0,0,765.599853639996,352.748868878484,2645.58334564697,2806.13747602152
"249",2010,939,20.6666666666667,2527.48301592749,2017.43890609964,666.875843342667,1263.55355921936,182.103073295746,229.026608478136,106.686842822443,235.228330836059,0,0,0,0,0,0,0,0,0,0,1.13346474579603,2.19519676336902,0.371730013887154,0.467872059333723,0.225765082745408,0.497930806155678,0,0,0,0,0,0,0,0,7471.57528685856,5486.24436897523,1434.22813814038,2920.70229214438,709.342897872951,983.292032640691,903.884625617918,2307.82045646746,287.069870834649,210.790282089391,55.2868527049382,112.603169104081,27.3356334024581,37.8932368110007,34.876639456299,89.0496663451332,19717.3756703924,14350.6782876894,4136.52355091913,8160.75074773951,2181.83154045562,2915.51256833417,2282.25235301206,5672.27789780911,757.571503895738,551.376050481757,160.833593911323,317.957970652139,85.4104539075398,114.268744999871,89.5666811945401,222.789579529481,0,0,8.97663634520081,18.2225789334535,4.96362024318228,6.68813046636879,5.56020442976263,13.9025650627314,0,0,0,0,0,0,0,0,485.214874034953,375.058709751847,457.043012443459,1014.61073078934,455.610777073934,661.864310095755,211.778980195043,575.674318432441,18.6427287090764,14.4103554866132,17.5676234526555,38.9939644262392,17.4896255778571,25.4060656472216,8.13540654013624,22.1137699891846,240.602526752425,185.224318346704,315.122792590776,719.209301216347,330.415074048842,481.327086227878,193.97435231862,523.787214909616,9.24433219471979,7.11661456222496,12.1114970616815,27.6381506209099,12.6830692924075,18.4747691376675,7.44839232922492,20.11193662445,0,0,47.3918107166428,110.421169175116,37.6664021464829,53.44817022109,46.6220945938192,119.769152904009,0,0,0,0,0,0,0,0,769.865616663228,354.54945882472,2662.27905008601,2822.8988621528
"250",2010,939,20.75,2512.5672345394,2005.21300927072,663.130069591655,1256.6269606929,179.878035705288,225.056386405973,106.797364283199,235.497289798038,0,0,0,0,0,0,0,0,0,0,1.12689977527142,2.1827899242875,0.367219678710876,0.459706840400823,0.22609496438466,0.498699891475979,0,0,0,0,0,0,0,0,7480.29874016126,5487.55144796733,1435.27814734972,2923.46950047199,705.642908655759,970.408057643778,919.210231562737,2345.66756539765,287.405039860817,210.840502154508,55.3274587883441,112.710135733739,27.1931049933644,37.3968477934529,35.4683667987046,90.5110091620313,19696.948190793,14322.0420392897,4129.32167712906,8148.10077858573,2165.00755001051,2870.66430605431,2317.29100788239,5757.47355805953,756.786678794822,550.275799148126,160.553020404053,317.462528893091,84.747678810511,112.50314585687,90.9399672751441,226.128619631097,0,0,8.96752967665826,18.2082126636439,4.92854320068748,6.58934529405222,5.64918599409562,14.1197125545516,0,0,0,0,0,0,0,0,486.200822367538,375.411793386228,457.721256695123,1016.20573589115,453.311019500155,652.843426097697,214.911111118752,583.57115301728,18.6806104698821,14.4239215229799,17.5938383682301,39.0556453905538,17.40162577256,25.0602725207765,8.25590432362871,22.4176407595928,240.649793718811,185.056255906055,315.141015205826,719.215605879115,328.05189798687,473.584402852043,196.203958270376,529.307086436484,9.24614830144225,7.11015733345524,12.1123169436155,27.6387156292793,12.5925950048384,18.1779844570658,7.53420582658725,20.3244685871252,0,0,47.3262694835205,110.258176425845,37.3137622645615,52.5017393504918,47.3434465059571,121.528318570226,0,0,0,0,0,0,0,0,774.1402072362,356.351796568815,2678.94528960794,2839.58520235793
"251",2010,939,20.8333333333333,2497.9336819738,1993.23799876296,659.456507974114,1249.82042431592,177.718696421724,221.263151495227,106.861516512637,235.629309492038,0,0,0,0,0,0,0,0,0,0,1.1204117100895,2.17052311833561,0.362835792617366,0.451896829189095,0.226324547624712,0.499175860639017,0,0,0,0,0,0,0,0,7488.56883270063,5488.52992211424,1436.24746537434,2926.03908383514,701.996476593479,957.917104787895,934.405411324153,2382.95641140697,287.722790041457,210.878096695978,55.3649522962313,112.809483967196,27.0526415248575,36.915605434484,36.0550765471158,91.9508596683722,19676.7134939035,14293.6453817773,4122.21606087006,8135.54984954847,2148.59339266976,2827.42379880191,2351.9799611457,5841.21830088277,756.009260139923,549.184753297001,160.276145385609,316.970916280258,84.1010338006388,110.800800291535,92.2995244891727,229.410628076802,0,0,8.95829673109838,18.1935285134538,4.89426399640963,6.49400591704349,5.73737732349952,14.3335265545865,0,0,0,0,0,0,0,0,487.152974457016,375.743371774866,458.355821978854,1017.72183016407,451.039181283242,644.093015407464,217.96514287703,591.136371963952,18.7171937242549,14.4366612934406,17.6183718617954,39.1142876563072,17.3146907353814,24.724844417161,8.37340582942731,22.708787202037,240.701467843414,184.892323990781,315.154616602027,719.219108486651,325.748064577174,466.105421092677,198.372565412869,534.549203836596,9.24813373744009,7.10385880610126,12.1129568143677,27.639166932541,12.5043916848213,17.8913047269837,7.61767882086701,20.5263416528952,0,0,47.260161740706,110.094682380722,36.9693773969163,51.5882591610098,48.0587033230333,123.259288837449,0,0,0,0,0,0,0,0,778.423325754823,358.15577854711,2695.58175259668,2856.19843741021
"252",2010,939,20.9166666666667,2483.58270302901,1981.51306136368,655.855217303997,1243.13495972625,175.623118091521,217.637984251835,106.882030067186,235.634143692541,0,0,0,0,0,0,0,0,0,0,1.11400756292055,2.15840664437605,0.358574704857854,0.444424688984884,0.226459092568145,0.499377797994642,0,0,0,0,0,0,0,0,7496.38026090488,5489.17771031978,1437.13378126101,2928.40786918991,698.401248504884,945.804878946631,949.463345339802,2419.67111739553,288.02291760486,210.902985754758,55.3992445906603,112.90109177221,26.9141521618691,36.4489584506711,36.6365056667297,93.3686053379465,19656.6792803491,14265.4924880513,4115.20737336587,8123.10089478256,2132.57925145367,2785.73131881486,2386.32870790437,5923.56699540242,755.239543808911,548.103073257571,160.002998104615,316.483251692624,83.470133918997,109.159362921244,93.6457267035466,232.637765898222,0,0,8.94896303086001,18.1785525468968,4.86076016124252,6.40198204235399,5.82478395852587,14.5440800934046,0,0,0,0,0,0,0,0,488.071771503014,376.053539354768,458.948785761551,1019.16038098616,448.795299894502,635.605378735666,220.946623311956,598.397548099894,18.7524954237917,14.4485784264161,17.6413037803499,39.1699437309513,17.228821953407,24.3994862958212,8.48812381561571,22.9882669175485,240.757632137183,184.732797516059,315.163835364811,719.220942025864,323.5022344065,458.88254401027,200.48276220343,539.528399984562,9.25029169214578,7.09772954284314,12.113425875448,27.6395481497474,12.4184081407333,17.6144391524487,7.69891052543514,20.7181246017925,0,0,47.1935573750982,109.930815269068,36.6330752362702,50.7066052213828,48.7680247816077,124.963119313126,0,0,0,0,0,0,0,0,782.714676799108,359.961301709499,2712.18817144661,2872.74044711197
"253",2011,939,21,2468.94976676662,1969.49034926926,651.543750987476,1234.21874744218,174.13926174721,215.184258667319,106.901002577331,236.595127249754,0,0,0,0,0,0,0,0,0,0,1.10678409381805,2.14291403353903,0.355557546779147,0.439343057452764,0.226393362450761,0.500898807000815,0,0,0,0,0,0,0,0,7504.06401476585,5489.73818982337,1436.47911093794,2925.51612459394,697.062898525257,938.488096568727,963.510070772841,2456.35958226947,288.318139715822,210.924520273587,55.3741691852825,112.789919684521,26.8626366424061,36.1671161533009,37.1789898485698,94.7854422828259,19637.2222458674,14237.7391768816,4104.08463335422,8096.62727940228,2123.68698970716,2758.55944117757,2417.48959784247,6005.41248107825,754.49200298691,547.036745837867,159.570258053172,315.449600047808,83.1180698779985,108.087139747847,94.8662013724841,235.842013406867,0,0,8.93224854472238,18.1334586171243,4.8433668664185,6.34311490163283,5.90453048476357,14.7525936790897,0,0,0,0,0,0,0,0,489.053092069733,376.389967884399,459.246957609583,1019.02211487371,448.111649528777,630.453398190559,222.971268002072,604.288061202803,18.7901993756994,14.4615045471124,17.6529021546687,39.1649908810017,17.2028427787787,24.2021616468006,8.56613226337373,23.2152138805629,240.831362244792,184.587900570536,314.906302423546,718.037377048801,322.338581480835,454.059317876433,201.832333145086,543.360784502238,9.25312455267414,7.09216236951851,12.1036399542911,27.5943683875407,12.3739605711879,17.4296711501122,7.75095734853028,20.8659409945044,0,0,47.0883048872725,109.586615316897,36.4202917493412,50.092590945168,49.4022839154335,126.593304288393,0,0,0,0,0,0,0,0,786.920925644,361.723270120262,2728.40861934409,2888.8052993984
"254",2011,939,21.0833333333333,2453.20736997552,1956.36141078664,645.344113127209,1219.51259078685,174.081445104647,215.366111535313,106.993302523652,240.218030443963,0,0,0,0,0,0,0,0,0,0,1.09713925066378,2.1182302626373,0.355478165913206,0.439691925093032,0.226043677472591,0.506487591007894,0,0,0,0,0,0,0,0,7512.0037135912,5490.47924553927,1431.92801958271,2909.18438061148,701.429446033489,942.744498625364,975.008531669274,2493.88734479857,288.623195641614,210.952992819266,55.1989767678925,112.160657620171,27.0309727241349,36.3312763489321,37.6233283417779,96.2348815046314,19619.0842902247,14210.7391052355,4082.20063083723,8033.73856617956,2132.44552677074,2765.84203734774,2441.01389839216,6088.81775983732,753.795142536493,545.999359107024,158.720039945651,312.998133889721,83.456999499469,108.365265645728,95.7853835070822,239.09954106666,0,0,8.89561150869743,18.0093840608857,4.86620091889057,6.36337805544637,5.96589222694881,14.9628966162752,0,0,0,0,0,0,0,0,490.243114548848,376.826399401697,458.786322208525,1014.81510123248,451.427497492298,633.458413107448,222.785847484226,607.456776546083,18.8359219867372,14.4782729425695,17.6353311637047,39.0036523385524,17.3303973175877,24.317958452906,8.55935153229448,23.3378802783138,240.959601830853,184.482991645508,313.987402675144,713.805179089841,323.924924930717,455.024560986895,201.320318479413,544.760723964642,9.2580517534967,7.08813159992048,12.0684316822886,27.432021122709,12.4350751608852,17.4670896731552,7.73157622935688,20.9205249426061,0,0,46.8826561934199,108.771989752838,36.5136138813208,50.1106769939096,49.8526320500696,128.089636540745,0,0,0,0,0,0,0,0,790.8910523849,363.368432558183,2743.7119782864,2903.76457006178
"255",2011,939,21.1666666666667,2437.8862289539,1943.60594708882,639.36839705562,1205.36108825629,173.957068869238,215.419698629655,107.060443144628,243.645797111174,0,0,0,0,0,0,0,0,0,0,1.08745959084601,2.09375131111519,0.355290969365059,0.439830644107635,0.225741229750832,0.51204424184906,0,0,0,0,0,0,0,0,7519.28124802145,5490.72628963967,1427.35053827005,2892.82989506175,705.611674548404,946.672519797093,986.197009068947,2530.77985248979,288.902810152434,210.962484648669,55.0227485806506,111.530495053233,27.192206928284,36.4827783996527,38.0557356801712,97.6598836578848,19601.3259121361,14184.1182737038,4060.77190218343,7972.02832999665,2140.85646091637,2772.50181419665,2464.53674689339,6171.91621192416,753.11286552238,544.976543404125,157.887343133379,310.592253141003,83.7825006284752,108.619313086191,96.7045693928846,242.345310560242,0,0,8.85815644506042,17.8852051628661,4.88823308957292,6.3821480463978,6.02721446123471,15.1728427050928,0,0,0,0,0,0,0,0,491.384641103632,377.234794646448,458.219507146735,1010.47917181851,454.664388372773,636.374699480831,222.824777774904,610.983777236488,18.8797813062318,14.4939641396229,17.6136756898751,38.8373489079944,17.4549159676273,24.4303381540314,8.56117890551737,23.4742866693586,241.111456383352,184.393209851426,313.10642334417,709.665977823298,325.545400096526,456.029873287148,200.843725185259,546.214187887498,9.26388627827541,7.0846820389094,12.0346781509025,27.2732387538027,12.4974963343411,17.5060379514232,7.71355389569186,20.9771607573178,0,0,46.6775331194116,107.963518531693,36.6048254486894,50.1240741710881,50.3039753039424,129.586730261639,0,0,0,0,0,0,0,0,794.870630830626,365.015440284353,2759.06185199757,2918.71195296663
"256",2011,939,21.25,2422.9714174853,1931.21034400912,633.607115291572,1191.74090975491,173.770944795093,215.354845636859,107.103326058411,246.885207712041,0,0,0,0,0,0,0,0,0,0,1.07781105115401,2.06959148942307,0.354996174674842,0.439763029826448,0.225471170595467,0.517519597383193,0,0,0,0,0,0,0,0,7525.95895728731,5490.52857423386,1422.76537787627,2876.4957401358,709.629334151298,950.305462904278,997.099063670603,2567.07590404737,289.159378421215,210.954888106597,54.8462052928669,110.901089286333,27.3470981957448,36.6229030241825,38.4771148269415,99.061933590198,19583.9035075461,14157.8423674611,4039.78151648115,7911.45658865169,2148.92641472307,2778.55523570939,2488.04300147632,6254.68059114436,752.443496617486,543.966980298365,157.071519631109,308.230422468896,84.0948245973852,108.84991253957,97.6231732677795,245.578264970758,0,0,8.8201427320569,17.7612566813282,4.9094536845205,6.39943738944963,6.08841172839545,15.3822110010287,0,0,0,0,0,0,0,0,492.478333962907,377.615076409994,457.557725620066,1006.02820234355,457.818630854223,639.191197574725,223.061608989357,614.825709123316,18.9218027780679,14.5085751717924,17.5883665347269,38.666613730306,17.5762564512073,24.5388752763337,8.57059883387494,23.6227689150596,241.280983736505,184.314805055259,312.250093407692,705.597597414973,327.188569224833,457.061878884379,200.415135018479,547.740787030555,9.2703998195542,7.08166960037559,12.0018693104559,27.1171692214393,12.5607849750106,17.5460025024236,7.6973729977795,21.0366001181445,0,0,46.4727864461372,107.160967639129,36.6938466525837,50.1327378482411,50.7562288723775,131.084352545849,0,0,0,0,0,0,0,0,798.859270414156,366.66417062796,2774.45518507836,2933.64548445305
"257",2011,939,21.3333333333333,2408.4492421155,1919.16203951662,628.051378369246,1178.63007824839,173.527657137513,215.180837009412,107.122864500956,249.942925124756,0,0,0,0,0,0,0,0,0,0,1.06824568902025,2.04583926217506,0.354595874776085,0.439495681687473,0.225221433374473,0.522874781556605,0,0,0,0,0,0,0,0,7532.08975363214,5489.9281149315,1418.18660200048,2860.21527348727,713.498365320862,953.671014485633,1007.73726415139,2602.81239254204,289.394933420965,210.931817499964,54.6698890500849,110.273724600958,27.4962592999227,36.7527153745881,38.8883310304625,100.442443730849,19566.7804260172,14131.8823785955,4019.21447611019,7851.98766151476,2156.66279636609,2784.01969979379,2511.51918740561,6337.08679624989,751.785627663354,542.969555259054,156.271995903563,305.911272301331,84.3942534214474,109.057731091748,98.5406735916059,248.797468768958,0,0,8.78178431210349,17.6378149862728,4.92986404370139,6.41527187229099,6.14941535102366,15.5908212197156,0,0,0,0,0,0,0,0,493.525039900368,377.96735367243,456.811473853525,1001.47583387505,460.888107311364,641.89994959763,223.472765706822,618.943623328475,18.9620189366401,14.5221102262674,17.5598069816727,38.4919709718078,17.6943370245767,24.6432636582537,8.58670611733881,23.7818319238265,241.46322828297,184.244674031197,311.40799201471,701.582519392418,328.844361260021,458.108465622632,200.043943225884,549.355158385989,9.27740197502176,7.07897505341953,11.9696046429616,26.9631394246384,12.6245543892552,17.5865182872818,7.6833938833103,21.0994039013051,0,0,46.2683207035966,106.364183233068,36.780605138585,50.136636231277,51.2093046430304,132.582262048257,0,0,0,0,0,0,0,0,802.856586571402,368.314500924911,2789.88905540588,2948.56323800743
"258",2011,939,21.4166666666667,2394.30703654444,1907.44935610757,622.692822331479,1166.00781946211,173.231566867062,214.906438168736,107.11997645443,252.825487195402,0,0,0,0,0,0,0,0,0,0,1.05880446059995,2.0225624701246,0.35409348089099,0.439037094517364,0.22498222710043,0.528079285069613,0,0,0,0,0,0,0,0,7537.71884563204,5488.96099893175,1413.62470071885,2844.01427163472,717.231625946442,956.792239808343,1018.13304143722,2638.02413748707,289.611212137472,210.894659356672,54.4942046726421,109.649394092328,27.6401847127163,36.873103177147,39.2902061887162,101.802747569876,19549.9256936293,14106.2136425124,3999.05730868147,7793.58930593917,2164.07356032488,2788.91320120748,2534.95335411606,6419.11358908323,751.138068601995,541.983320632711,155.488257126613,303.633565500675,84.6810905515085,109.243459407838,99.4566075264278,252.002096900844,0,0,8.74325764568002,17.5151076765943,4.94947306629561,6.429686112252,6.21017062282957,15.7985268348461,0,0,0,0,0,0,0,0,494.525739567755,378.291879851466,455.990469457728,996.835190719534,463.871859385612,644.495408996913,224.037244082797,623.302560368709,19.000467460153,14.5345790397615,17.5283704283905,38.3139249907469,17.8091205549768,24.7432899049,8.60869428285683,23.9501337048507,241.654055355514,184.180246574987,310.572036480337,697.607060398159,330.503982929096,459.15879764921,199.73691986478,551.067801435844,9.2847338841919,7.07649964668258,11.9375734886799,26.8106236297348,12.6884669106456,17.6271692244313,7.67187614406127,21.1659742645727,0,0,46.0640826233347,105.57307424861,36.8650367765448,50.1357507196885,51.6631127359653,134.080212863421,0,0,0,0,0,0,0,0,806.862202265671,369.966309349123,2805.36068749596,2963.46334958467
"259",2011,939,21.5,2380.53299902572,1896.0613672111,617.523547503967,1153.85443236665,172.886819953292,214.539923433795,107.095579721687,255.53930380767,0,0,0,0,0,0,0,0,0,0,1.04951933824156,1.99981230745622,0.353493338331588,0.438397052554391,0.224745636803214,0.533109460374921,0,0,0,0,0,0,0,0,7542.88508043081,5487.65840593934,1409.08738896513,2827.91253587665,720.839473263907,959.688397441734,1028.30661958808,2672.74381610041,289.809707140125,210.844611650837,54.3194502987643,109.028861288231,27.7792729170284,36.9848079691625,39.6835161551581,103.144096943526,19533.3130202123,14080.8150864796,3979.29776526387,7736.23206755646,2171.1670324722,2793.25408604455,2558.3349328487,6500.74232290642,750.499809332262,541.00746677097,154.719835545873,301.39617228834,84.9556541055737,109.407802222886,100.370565450586,255.191424294001,0,0,8.70470810934462,17.3933215305366,4.96829490310151,6.44272061834341,6.27063446123237,16.0052093997787,0,0,0,0,0,0,0,0,495.481510483541,378.589021239508,455.103652601597,992.118739021103,466.769788733934,646.973918747957,224.736324150909,627.87113871614,19.0371897485868,14.5459956858144,17.4944004294258,38.1329549031468,17.920603018326,24.8388133306514,8.63584454364411,24.1264695883085,241.850018408184,184.119395597528,309.736060358479,693.660689914736,332.159803336327,460.203261168262,199.49867873572,552.885794742397,9.29226312529295,7.07416165399884,11.9055388339674,26.6592172576748,12.7522294824062,17.6675861289702,7.66299661654693,21.2365821421839,0,0,45.8600522351872,104.787598893588,36.9470857380322,50.1300754716505,52.1175627153543,135.577957557636,0,0,0,0,0,0,0,0,810.875748799278,371.619475453057,2820.86745361775,2978.34403016532
"260",2011,939,21.5833333333333,2367.11609220664,1884.98781558391,612.536082794839,1142.15121526854,172.497350281243,214.089089294756,107.050588238329,258.090651628811,0,0,0,0,0,0,0,0,0,0,1.04041466447228,1.97762587033331,0.352800482540193,0.437586243595472,0.224505365856747,0.537947550055668,0,0,0,0,0,0,0,0,7547.62179616052,5486.04725496093,1404.58011861251,2811.9249214006,724.330148524397,962.375478108008,1038.27695669932,2707.00189429374,289.99169933327,210.782708653743,54.145837040117,108.412699637144,27.9138411566494,37.0884457632894,40.0689884413742,104.467659333035,19516.9201684334,14055.6687526499,3959.92463341104,7679.88887646124,2177.95179173374,2797.06088109795,2581.65464652702,6581.95677122045,749.869995469176,540.041303704326,153.966303259037,299.198054651238,85.2182722920104,109.551471736767,101.282187489465,258.36481925299,0,0,8.66625414880455,17.2726077125889,4.9863475385048,6.4544199718889,6.33077384488397,16.2107748097856,0,0,0,0,0,0,0,0,496.393502512385,378.859236324536,454.159191786307,987.338202296264,469.582465279318,649.333374073608,225.553383856636,632.621289942073,19.0722299815791,14.5563777802674,17.4582109153582,37.9495113347681,18.0288061277268,24.9297529902743,8.6675186629049,24.3097620682579,242.048273695589,184.060379559325,308.895531609383,689.735574277151,333.805271821804,461.233420841277,199.33199443141,554.813285102491,9.2998804371101,7.07189416263506,11.8733264823905,26.5086193656722,12.8155905126371,17.7074450532815,7.65686155292478,21.3113860145827,0,0,45.6562370134891,104.007755715289,37.0267044980318,50.1196170263068,52.5725644879209,137.075249398508,0,0,0,0,0,0,0,0,814.89686649187,373.27388057377,2836.40687382993,2993.20357364622
"261",2011,939,21.6666666666667,2354.04592797762,1874.21901865709,607.723341727333,1130.88037291324,172.066886759447,213.56127729987,106.985908309956,260.485670605461,0,0,0,0,0,0,0,0,0,0,1.03150868717585,1.95602904074798,0.352020372458304,0.436615840617275,0.224256441757565,0.542580581105583,0,0,0,0,0,0,0,0,7551.95779811905,5484.15094538643,1400.10663995669,2796.062470524,727.710208035176,964.866812949144,1048.06171545476,2740.82661688646,290.158295462518,210.709849407371,53.9735105362735,107.801335996796,28.0441419663522,37.1845303781121,40.4473010523888,105.774517425397,19500.7282307279,14030.7592513513,3940.92752778899,7624.53459369224,2184.43654463752,2800.352117092,2604.90438949918,6662.74289678524,749.247900562534,539.08424013669,153.227264137146,297.038248836559,85.4692785513034,109.675180761776,102.191158885012,261.521734545686,0,0,8.62799202198814,17.1530877376282,5.00365124017381,6.46483085769327,6.39056403843505,16.415149040799,0,0,0,0,0,0,0,0,497.262911408538,379.103052869314,453.164503229985,982.5044881758,472.310920236587,651.572851487569,226.473668717774,637.527923741397,19.1056341019194,14.5657456006097,17.4200869347882,37.764013603411,18.1337693759566,25.0160734143136,8.70315011370667,24.4990479539393,242.246480999085,184.001775970805,308.047237403683,685.826066961648,335.434813613545,462.24195272794,199.238158590034,556.852036543346,9.30749590472746,7.06964251826631,11.8408129431057,26.3586130635041,12.8783358767791,17.7464647265445,7.65352029633624,21.3904529729713,0,0,45.4526654027488,103.233573800639,37.1038536990357,50.1043937069536,53.0280291592816,138.571844475068,0,0,0,0,0,0,0,0,818.925205199945,374.92940821442,2851.97661341722,3008.04036342459
"262",2011,939,21.75,2341.31267791137,1863.74579472083,603.078587223388,1120.02494163231,171.598960356673,212.963395329291,106.902435610521,262.730361007682,0,0,0,0,0,0,0,0,0,0,1.02281474238493,1.93503870918922,0.351158702689477,0.435497210232478,0.223994983097162,0.546999492194179,0,0,0,0,0,0,0,0,7555.91812148341,5481.98993656596,1395.66942302727,2780.33327308843,730.984867523232,967.173567279207,1057.67725938871,2774.24402742856,290.310457419404,210.626819992669,53.8025671332402,107.195083660542,28.1703763813294,37.2734923818122,40.8190823115291,107.065669815471,19484.7210648892,14006.0733333864,3922.29673586995,7570.14567137426,2190.63003070421,2803.14619414677,2628.07711853052,6743.08864588695,748.632904411389,538.135767012432,152.502347868013,294.915852229778,85.7090078879881,109.779637500779,103.097205803015,264.661699474819,0,0,8.5899996059114,17.034858353588,5.02022752880672,6.47400075912198,6.4499871227498,16.6182746653349,0,0,0,0,0,0,0,0,498.090958871308,379.321050176989,452.126288610567,977.627666699477,474.956495961011,653.692326999429,227.484087978905,642.568626242664,19.137449049249,14.5741214045944,17.3802861007811,37.5768488797104,18.2355442600645,25.0977737694563,8.74223625516508,24.6934667966234,242.442723902712,183.942428636844,307.189025927169,681.928288656836,337.043725839109,463.222560876311,199.217275521074,559.001893955019,9.31503589640289,7.06736229802625,11.8079155094535,26.209049379403,12.9402849314657,17.7844033620887,7.65297662923127,21.4737765093777,0,0,45.2493817553074,102.46510506592,37.1785018028845,50.0844348062624,53.4838697320152,140.067503426724,0,0,0,0,0,0,0,0,822.960424622765,376.585944320889,2867.57447676456,3022.85287442927
"263",2011,939,21.8333333333333,2328.90701124635,1853.5594115188,598.595405917427,1109.56873412784,171.096910814421,212.301936401699,106.801053113422,264.83058157357,0,0,0,0,0,0,0,0,0,0,1.01434206199559,1.91466429218985,0.350221290376927,0.434241740451023,0.223718035283681,0.551198521108772,0,0,0,0,0,0,0,0,7559.52456213103,5479.58215172628,1391.26993235648,2764.74303715047,734.158244528144,969.305094955205,1067.13867323657,2807.27801768211,290.449022636395,210.534309048673,53.6330644392141,106.594164270906,28.2927032380664,37.3556926930342,41.1849116156135,108.342032856727,19468.8849015389,13981.5995917867,3904.0231186065,7516.69992903893,2196.54096132548,2805.46129461191,2651.1667619883,6822.98377899942,748.024477982444,537.195446057312,151.791206120575,292.830014716628,85.937794496117,109.865542156329,104.000091842836,267.784313358832,0,0,8.55233911534853,16.9179951000906,5.03609861068569,6.4819772464742,6.50903091404218,16.8201083193231,0,0,0,0,0,0,0,0,498.878879506231,379.513847006229,451.050580670378,972.716986272313,477.520753151005,655.692489806972,228.573051401643,647.723413834138,19.1677222590875,14.5815289659188,17.3390403394499,37.3883727944369,18.3341907097622,25.1748806889316,8.78433206772393,24.8922514448336,242.635452362166,183.881410211878,306.319619762236,678.039821850378,338.628086420264,464.169892596989,199.268478997503,561.261128730054,9.32244085697635,7.06501787181471,11.7745850876943,26.0598355254377,13.001287020345,17.8210554096715,7.65519709555884,21.5612897795427,0,0,45.0464428523319,101.702418937677,37.2506246416139,50.0597797249779,53.9400015775327,141.561992615523,0,0,0,0,0,0,0,0,827.002194394527,378.243377443922,2883.198399518,3037.63967173568
"264",2011,939,21.9166666666667,2316.820033005,1843.65153491326,594.267682336138,1099.49628394777,170.563893663837,211.582998137427,106.682629014179,266.792047571176,0,0,0,0,0,0,0,0,0,0,1.00609659085719,1.8949092664744,0.349213957391807,0.432860660920304,0.223423405750763,0.555174589922719,0,0,0,0,0,0,0,0,7562.79621175908,5476.9433847789,1386.9089006851,2749.29565619394,737.233597489415,971.269287076519,1076.45978973579,2839.95039227018,290.574724647026,210.43292340272,53.4650318389597,105.998729598677,28.4112483482577,37.4314359641009,41.5453204380501,109.6044430947,19453.2079478601,13957.3281611311,3886.09801017953,7464.17632911153,2202.17795932344,2807.31529773542,2674.16812671686,6902.41969524785,747.422168184889,536.262898225806,151.093508674486,290.779930014929,86.1559694103529,109.933583609616,104.899614457214,270.889238771514,0,0,8.51505981207323,16.8025558333395,5.05128677110716,6.48880721960725,6.56768789928376,17.0206181943601,0,0,0,0,0,0,0,0,499.627907762247,379.68208943691,449.942786411334,967.78088635663,480.005378360661,657.574557510086,229.730306340625,652.97448701115,19.1965011609384,14.5879931080048,17.2965575464597,37.1989099211898,18.4297735281221,25.2474411619915,8.82904389918988,25.0947185999301,242.823424719501,183.817984365205,305.438433383658,674.159412702992,340.184665209499,465.079456257835,199.390144679346,563.626775272877,9.32966307998258,7.06258094862808,11.7407991834838,25.9109234422043,13.0612180655685,17.8562484039294,7.66011915506464,21.6528785149016,0,0,44.8439144451399,100.945597101846,37.3202049987767,50.0304771500239,54.3963428581919,143.055085180182,0,0,0,0,0,0,0,0,831.050194164309,379.901598897705,2898.84644118769,3052.39940944616
"265",2012,939,22,2304.86766362208,1833.74811558104,589.77845126155,1089.56525936017,169.98879456214,210.692793470782,106.590445679226,268.736324936322,0,0,0,0,0,0,0,0,0,0,0.998072915977604,1.87581904951291,0.348115433134903,0.431121388541757,0.223191939579122,0.55916990462154,0,0,0,0,0,0,0,0,7566.47075541017,5474.6111393284,1381.93936855312,2733.58202832479,740.157388905759,972.524874582695,1085.8181339429,2872.86998219492,290.715906490318,210.343314802857,53.2736137107483,105.393074393588,28.5239486464745,37.479862694753,41.9071496547938,110.876360438225,19439.1835197155,13934.2100272377,3866.74332817447,7411.41876003427,2207.37250470394,2807.13099631803,2697.54408286307,6983.04833522801,746.883350498105,535.374661916474,150.340957853048,288.721309483144,86.3569367983739,109.92199108279,105.813861499444,274.041184936236,0,0,8.47813987313999,16.6890258059253,5.06542046886821,6.49085798621895,6.6270286983773,17.2236481597246,0,0,0,0,0,0,0,0,500.433487874643,379.878403852079,448.84787038692,962.923481007171,482.447877446866,659.023003485909,231.07469855147,658.760658210943,19.227452874545,14.595535820656,17.2545673201248,37.0124629954243,18.5237328447084,25.3033408001456,8.88093700867347,25.3177186899585,243.028604574623,183.769025962376,304.527760499428,670.291238352579,341.684187396367,465.682187306215,199.643138820565,566.374114618841,9.33754644195752,7.06069988778915,11.7058775846936,25.762474041551,13.1189540170439,17.8796517733304,7.67008001737396,21.759111360768,0,0,44.6423953603467,100.198081260763,37.3843074012977,49.9682107369264,54.8602969082429,144.576655992826,0,0,0,0,0,0,0,0,835.04456862282,381.534727553223,2914.28624550182,3066.90116263152
"266",2012,939,22.0833333333333,2292.9948341722,1823.78597633832,585.078935226775,1079.72226156857,169.366351950577,209.618457127578,106.528994499307,270.679195660943,0,0,0,0,0,0,0,0,0,0,0.990136275480791,1.85728248595079,0.346925873642934,0.429003087106496,0.223035427375593,0.563216464231672,0,0,0,0,0,0,0,0,7570.77563638233,5472.74194716615,1376.29830431301,2717.60051709128,742.929122103938,973.005371134724,1095.27893776608,2906.23579452666,290.881306901502,210.271497450828,53.0563782127912,104.777131308308,28.6307845063128,37.4984096251754,42.2729110713076,112.165447464928,19427.0218721553,13912.3705651698,3845.64764606378,7358.19363738869,2212.06472573133,2804.64273063942,2721.3604723193,7065.11096394267,746.416103255371,534.535554239717,149.521554055208,286.645161631783,86.5383688337511,109.820359884218,106.745411890726,277.249608866788,0,0,8.44055464229591,16.5767152865822,5.07844210443025,6.48757265051358,6.68726975228666,17.4298912402971,0,0,0,0,0,0,0,0,501.31082783908,380.112066876908,447.737155527624,958.133033506923,484.846574345024,659.975029204905,232.610271158864,665.105799972128,19.2611617153838,14.604513526647,17.2119679898007,36.8285815761447,18.6160045177718,25.3401687556509,8.94016698585304,25.5621690506854,243.252330875296,183.734025812191,303.583748410686,666.42913553651,343.119113232045,465.921826739412,200.036911573091,569.541766075871,9.34614238742922,7.05935512535711,11.6696723779191,25.6142507282306,13.1742053446713,17.8891052972298,7.68544259191828,21.8814709942097,0,0,44.4417745104743,99.4600718766806,37.4422669537812,49.8681712219458,55.3330965141505,146.131338344111,0,0,0,0,0,0,0,0,838.974300094262,383.137911028962,2929.47175309838,3081.09605617202
"267",2012,939,22.1666666666667,2281.4030586156,1814.0780200144,580.543195290044,1070.23017758631,168.714660569368,208.510036348183,106.446763663913,272.48270602886,0,0,0,0,0,0,0,0,0,0,0.982277923404925,1.83921797233102,0.345679934912816,0.426811086962346,0.222851975844245,0.567017118682452,0,0,0,0,0,0,0,0,7574.8658631978,5470.72008074633,1370.77477576265,2701.8572728594,745.616760669812,973.377555025912,1104.65875608285,2939.36983834887,291.038459956717,210.193814109672,52.8436405699824,104.17033437337,28.7343756770578,37.5127747882363,42.635533488404,113.445573914166,19414.9031020363,13890.6452531724,3824.943611492,7305.85630571503,2216.46465196698,2801.78947666851,2745.04871011891,7146.59332353225,745.950503011441,533.700832403679,148.717207634701,284.603396428429,86.7084788685083,109.704608723592,107.672047815382,280.435605687105,0,0,8.40224406927186,16.4649988459591,5.09082307317985,6.48343120759791,6.74712245882339,17.6346865607591,0,0,0,0,0,0,0,0,502.147070235212,380.321118445929,446.55806369928,953.29291816306,487.157380314269,660.813468481198,234.173505644521,671.439539780357,19.2932915213925,14.612545621167,17.1667371167531,36.6427822709497,18.7048959033156,25.3726243902162,9.00045296276127,25.806167955908,243.466659735112,183.691532578751,302.625967152105,662.56671475021,344.520027762159,466.115152378163,200.49279065185,572.785236062423,9.35437726774364,7.0577224666982,11.632935416236,25.4660078059957,13.2281463363864,17.8967714735755,7.7031856831038,22.0067309244076,0,0,44.2412569747668,98.7274143468366,37.4975663881885,49.7646770348656,55.8056813006827,147.682577812831,0,0,0,0,0,0,0,0,842.910752436252,384.742028037038,2944.67695584452,3095.25659132311
"268",2012,939,22.25,2270.08788262562,1804.61936722406,576.165602890486,1061.07682232829,168.036960129119,207.372300264315,106.344890947012,274.152873634527,0,0,0,0,0,0,0,0,0,0,0.974528718125511,1.82164054286629,0.344380312057856,0.424552865384425,0.222640134481121,0.570574191543469,0,0,0,0,0,0,0,0,7578.73130311488,5468.53998087097,1365.35754980274,2686.3344234704,748.217848500004,973.638474030478,1113.96246024838,2972.27257688635,291.186976339824,210.110051186112,52.6349720310054,103.572000224834,28.8346282021187,37.5228458586638,42.99520466043,114.71675788887,19402.8377615956,13869.0402922697,3804.6271686956,7254.39650063583,2220.58396181998,2798.59002646826,2768.60922167854,7227.5008157085,745.48695520633,532.870734661422,147.927768352802,282.595625555181,86.8677162859145,109.575462843771,108.593784038583,283.599380844802,0,0,8.36347090929511,16.3540781181512,5.10256691971918,6.47846452346197,6.80658530852938,17.8380310752539,0,0,0,0,0,0,0,0,502.943978924708,380.506480035399,445.321673584297,948.415926734753,489.383176545296,661.542722933929,235.759812581522,677.757155963136,19.3239100629579,14.6196675088073,17.1193004203359,36.4555568688957,18.7905177714814,25.4008771834393,9.06161881830931,26.0495343533133,243.672210374629,183.642442322117,301.653571508239,658.706358075892,345.886108462018,466.262405963205,201.007281070615,576.098144113874,9.36227487435144,7.05583633987275,11.5956342349234,25.3178369688498,13.2807454208383,17.9026597240495,7.72317499434531,22.134645992485,0,0,44.0407965552739,98.0001689376249,37.5502282630125,49.657825317845,56.2780155147855,149.230281041626,0,0,0,0,0,0,0,0,846.853610193625,386.346976706495,2959.89942281757,3109.38141400796
"269",2012,939,22.3333333333333,2259.04464769375,1795.40502256778,571.940678633614,1052.25033661983,167.336274266656,206.209667171363,106.224470883813,275.695521865438,0,0,0,0,0,0,0,0,0,0,0.966912641408482,1.80455928546126,0.34303040423868,0.422235979974235,0.222399101085974,0.573891484785221,0,0,0,0,0,0,0,0,7582.36442358517,5466.19794328544,1360.03679240728,2671.0168858471,750.730564096429,973.786262278337,1123.19449811392,3004.9443999546,291.326566638267,210.020066356761,52.4299972287833,102.981552181558,28.9314724653624,37.5285521181326,43.3520960989748,115.979014693018,19390.8343486772,13847.5604627569,3784.69362157688,7203.80289718016,2224.43369949806,2795.06209429846,2792.04255676768,7307.83871841725,745.025786347051,532.045444679314,147.153061076671,280.621419342111,87.0165061778172,109.433606089711,109.510640068325,286.741134962762,0,0,8.32444734291465,16.2441116666735,5.11368154215889,6.47270363608121,6.86565924593823,18.0399253326505,0,0,0,0,0,0,0,0,503.703167503398,380.6689967118,444.037508816288,943.512992629045,491.526536762596,662.166702015916,237.365159085749,684.054484003738,19.3530793370132,14.6259116583732,17.070023913528,36.2673257892009,18.8729690914028,25.4250777088271,9.12350980641218,26.2921085815534,243.869505199358,183.587504689107,300.666472227626,654.850684954765,347.216705612252,466.363928821396,201.576793909088,579.474199963331,9.36985527891491,7.05372554751005,11.5577654189368,25.169839036681,13.3319776769106,17.9067833244321,7.74527264531509,22.2649745564555,0,0,43.8403844469738,97.2784139305073,37.6002724406626,49.5477111206754,56.7500613042432,150.774351849175,0,0,0,0,0,0,0,0,850.802571335828,387.952658941008,2975.1369388489,3123.46931286276
"270",2012,939,22.4166666666667,2248.26855137846,1786.4299208731,567.863095750381,1043.73919344668,166.615428656109,205.026234890893,106.086557786615,277.11628843495,0,0,0,0,0,0,0,0,0,0,0.959448260013771,1.78797866090696,0.341634034238465,0.41986789867267,0.222128568228248,0.576973903961371,0,0,0,0,0,0,0,0,7585.75976570743,5463.69172235066,1354.80389610065,2655.89188006127,753.153601720375,973.819921038169,1132.35888385094,3037.3855643239,291.457021112331,209.923773340576,52.2283876091582,102.398501659847,29.0248586340943,37.5298560603454,43.7063626730901,117.232354532982,19378.8997147549,13826.2094196963,3765.13777433797,7154.06338002264,2228.02434787166,2791.22244322168,2815.34938349749,7387.6122177964,744.567259684465,531.22510289049,146.392891197658,278.680317204644,87.1552521444872,109.279685772962,110.422639948567,289.861065115566,0,0,8.28534585601568,16.1352245305445,5.12417773264255,6.46617936939996,6.92434697469829,18.2403724692393,0,0,0,0,0,0,0,0,504.426122871748,380.809451034714,442.713794693098,938.593521010312,493.589788916705,662.688937909854,238.98598866868,690.327833897337,19.3808564726537,14.6313081370552,17.0192237542278,36.0784507507855,18.9523393967765,25.4453620401519,9.18598947812042,26.5337491970786,244.058993008047,183.527352837615,299.665119936237,651.002422041783,348.511323644437,466.420142992249,202.197728161405,582.907286500833,9.37713572500711,7.05141441654867,11.5193463034235,25.0221189564916,13.3818241153769,17.9091586737241,7.76934031201462,22.3974816690744,0,0,43.6400392375773,96.5622387866427,37.6477177442569,49.4344282518719,57.221779810036,152.314693236811,0,0,0,0,0,0,0,0,854.75734582487,389.558980027849,2990.38746981312,3137.51919576489
"271",2012,939,22.5,2237.7546845661,1777.68895616825,563.927683420045,1035.53220445457,165.87706140707,203.825798592531,105.932167165602,278.420628561302,0,0,0,0,0,0,0,0,0,0,0.952149572751855,1.77189927529384,0.340195301002574,0.417455914054757,0.221828634508693,0.57982723822457,0,0,0,0,0,0,0,0,7588.9136342736,5461.02029704856,1349.65136230457,2640.94862579886,755.486104796616,973.739189470968,1141.45920287974,3069.59617771829,291.578197786213,209.821132908408,52.0298569464898,101.822436562409,29.1147541054574,37.5267484409975,44.0581427918607,118.476781897035,19367.0393046238,13804.9898665595,3745.95402174037,7105.16521077098,2231.36586924489,2787.0869567487,2838.53047911295,7466.82641850552,744.111584422603,530.40981316644,145.647048106114,276.771834102273,87.2843378605795,109.114315422931,111.329811920313,292.959365254913,0,0,8.2463054656624,16.027513648662,5.13406843589145,6.458922152495,6.98265255178529,18.4393776417518,0,0,0,0,0,0,0,0,505.114219012267,380.928571032535,441.357617097608,933.665587408191,495.575050747214,663.112650326005,240.61917036624,696.573938863266,19.4072942604866,14.6358849168681,16.9671723438463,35.8892423952581,19.0287101497123,25.4618542369954,9.24893772784222,26.7743310045278,244.241061760501,183.462520813641,298.650379650378,647.16433236955,349.769607397351,466.431541176747,202.866517950598,586.391503568342,9.3841311186719,7.04892346588981,11.4804101531154,24.8747830803758,13.4302711495574,17.9098049036055,7.79524103796739,22.5319407544855,0,0,43.439801216469,95.8517403382577,37.6925827800084,49.3180696727436,57.6931317812317,153.85120851138,0,0,0,0,0,0,0,0,858.717654806358,391.165848429868,3005.6491418409,3151.53007629586
"272",2012,939,22.5833333333333,2227.49806483071,1769.17700743928,560.129428888897,1027.61852395489,165.123633246483,202.611868248247,105.762277100842,279.61381840501,0,0,0,0,0,0,0,0,0,0,0.945026783071329,1.75631858466449,0.338718449798235,0.415007070236281,0.221499724072281,0.582457960508142,0,0,0,0,0,0,0,0,7591.82381515481,5458.18365858835,1344.57268955453,2626.17806384228,757.727603879427,973.544425725894,1150.49862081203,3101.57618675008,291.690011589541,209.712144722501,51.8341570823804,101.253010624436,29.2011411276707,37.51924372366,44.4075587416556,119.712295086614,19355.2573753643,13783.9037130601,3727.13643187476,7057.09517911044,2234.467744055,2782.67070620027,2861.58672065535,7545.48635396601,743.658924131602,529.599648881206,144.915308378524,274.895466375312,87.4041285608798,108.938077372925,112.232188076416,296.036226629442,0,0,8.20743738128361,15.9210527814039,5.14336809394872,6.4509618638195,7.04058102402143,18.6369475218808,0,0,0,0,0,0,0,0,505.76872974033,381.02703747599,439.975070090403,928.736120652029,497.484262508744,663.440804848054,242.261950890092,702.789907508502,19.4324416425381,14.6396681541117,16.9141039914331,35.6999673086734,19.1021559958645,25.4746685830402,9.312248955576,27.0137432195957,244.416050097146,183.393459445813,297.623418407733,643.339153277897,350.991328974161,466.398677598281,203.579673201006,589.921204334403,9.39085447102388,7.04627001708995,11.4410018454266,24.7279367801284,13.4773100891486,17.9087435232951,7.82284079430484,22.6681350002873,0,0,43.2397272417935,95.1470193853125,37.7348866457548,49.1987278261625,58.1640781238653,155.38380230375,0,0,0,0,0,0,0,0,862.683229847937,392.773175592129,3020.9202221127,3165.50106131419
"273",2012,939,22.6666666666667,2217.49366687956,1760.88896169898,556.463477555887,1019.98764862726,164.357438653995,201.387687603005,105.577829806858,280.700959839734,0,0,0,0,0,0,0,0,0,0,0.938087026672414,1.74123155651955,0.337207757209409,0.412528102626974,0.221142511741347,0.584873042242788,0,0,0,0,0,0,0,0,7594.48930859909,5455.1826114535,1339.56226066618,2611.57258929482,759.87795648673,973.236494004706,1159.47989891573,3133.32537031878,291.792424110245,209.596839692398,51.6410736232792,100.689933208796,29.2840144928168,37.5073757541222,44.7547172744082,120.938885958125,19343.5572034744,13762.9522233802,3708.67882400834,7009.83974217671,2237.3390107104,2777.98801928817,2884.51907471205,7623.59699620778,743.20940470603,528.794658606484,144.197438777462,273.050697131334,87.5149725686602,108.751525392429,113.129803979743,299.091838186482,0,0,8.16883032065222,15.8158971156987,5.15209205660702,6.44232769976969,7.09813809859268,18.8330898389936,0,0,0,0,0,0,0,0,506.390841140107,381.105490798816,438.571398872722,923.811078142623,499.319218299894,663.676166928747,243.911907310494,708.973176945462,19.4563441900615,14.6426824552742,16.8602204005969,35.5108547497953,19.1727459661154,25.4839116578721,9.37583024948827,27.2518876685314,244.584257972129,183.320551349529,296.585603599573,639.529543046478,352.176374222739,466.322159120243,204.333813656876,593.491023009399,9.39731730678899,7.04346877084436,11.4011739643631,24.5816823960631,13.5229366196134,17.9059980745363,7.85200978431492,22.8058584171202,0,0,43.0398860215412,94.4481776496602,37.7746495339847,49.0764949105548,58.6345803811571,156.912381463158,0,0,0,0,0,0,0,0,866.653812154033,394.380875742633,3036.19910025384,3179.43133897429
"274",2012,939,22.75,2207.73644613585,1752.81973167075,552.92513208148,1012.62941528617,163.580615622336,200.156250902944,105.379732897717,281.686984524505,0,0,0,0,0,0,0,0,0,0,0.931334924913778,1.72663117458789,0.33566745701947,0.410025405589213,0.220757866918717,0.58707981355635,0,0,0,0,0,0,0,0,7596.91012323855,5452.01862061453,1334.61524211557,2597.12583392036,761.93730101527,972.816676758138,1168.40541683682,3164.84334754197,291.885435679986,209.475274104608,51.4504221018276,100.132960979172,29.3633797694635,37.4911943969519,45.0997104754477,122.15654022372,19331.9412449836,13742.1361299349,3690.57483197521,6963.38513363229,2239.98829795183,2773.05253575124,2907.32858573081,7701.16325942771,742.763120516732,527.994870482627,143.493198695208,271.237000463244,87.6172025359154,108.555186821234,114.022698223046,302.126386725471,0,0,8.13055450483533,15.7120866949929,5.16025620536009,6.43304810838611,7.15532990184457,19.0278130550645,0,0,0,0,0,0,0,0,506.981661449021,381.164536391175,437.151116698149,918.895585430046,501.081590004525,663.821341229457,245.56690712508,715.121473916763,19.4790444833138,14.6449510804135,16.8056951569511,35.3221020088546,19.2405443950979,25.4896838470226,9.43959985205018,27.4886772949708,244.745954233403,183.244122375391,295.538429057624,635.738046846451,353.324730182086,466.202638645365,205.125691028165,597.095888344555,9.40352995554339,7.04053224685396,11.3609839601292,24.4361179274995,13.5671503187653,17.9015938746802,7.88262329229444,22.9449163529798,0,0,42.8403546714097,93.7553156692743,37.8118930682723,48.9514630080031,59.1046010588356,158.436855661525,0,0,0,0,0,0,0,0,870.629151923249,395.988865735661,3051.48427345429,3193.32016939488
"275",2012,939,22.8333333333333,2198.22135847373,1744.96427039014,549.509850719704,1005.53399706431,162.795154826179,198.920318616554,105.168860548912,282.576657904832,0,0,0,0,0,0,0,0,0,0,0.924773051741205,1.71250886443277,0.334101683706358,0.407505011822721,0.220346806822183,0.589085846557661,0,0,0,0,0,0,0,0,7599.08710141993,5448.69368280239,1329.72749221644,2582.83247711207,763.906016859085,972.286599694933,1177.27719777555,3196.12959011689,291.969078663071,209.347524676728,51.2620444729443,99.5818906681608,29.4392517731118,37.4707626626872,45.4426167263052,123.365237922999,19320.4112713941,13721.4557292983,3672.817958761,6917.7174554363,2242.42385390716,2767.87725692065,2930.0163644777,7778.19000196356,742.320139633885,527.200295904286,142.802342258972,269.453845000411,87.7111365560913,108.349564469989,114.910911992551,305.140056986987,0,0,8.09266500942257,15.6096492830063,5.16787666275031,6.42315074584069,7.21216278455907,19.2211261050697,0,0,0,0,0,0,0,0,507.542229663423,381.20474908499,435.718106942425,913.994056515567,502.772947750287,663.878803848005,247.225072724288,721.232780553867,19.5005824421997,14.646496115491,16.7506776461817,35.1338790266918,19.3056117062009,25.492080579352,9.50348579498666,27.7240348446944,244.901382771063,183.164451266032,294.483455656552,631.967071988386,354.436473448163,466.040809363973,205.952204753423,600.731030225842,9.40950178794246,7.0374711548562,11.3204918662303,24.2913360803605,13.6099542087817,17.895557792815,7.91456228741307,23.0851257427461,0,0,42.6412158918459,93.0685311349595,37.8466405301318,48.8237241527837,59.5741038733475,159.957137858557,0,0,0,0,0,0,0,0,874.609007772908,397.597064913922,3066.77433359151,3207.16687666391
"276",2012,939,22.9166666666667,2188.94337656423,1737.31758309978,546.213245010827,998.691898295173,162.002908222976,197.682432182627,104.946054566243,283.374583132634,0,0,0,0,0,0,0,0,0,0,0.918402323665579,1.69885484842588,0.332514430965405,0.404972581571838,0.219910457984683,0.590898859156831,0,0,0,0,0,0,0,0,7601.02177245521,5445.21021915919,1324.89547773748,2568.68808274971,765.784690119266,971.648168322283,1186.09693535663,3227.18343822245,292.043411818113,209.213684432908,51.0758059311683,99.0365528355425,29.5116532510144,37.4461542766189,45.7835017332566,124.564954031383,19308.9684840348,13700.9109622694,3655.40162307199,6872.82275418601,2244.65357210654,2762.47458975752,2952.58357677912,7854.68202686734,741.880508220651,526.410932596655,142.124620128108,267.700696865222,87.7970791596534,108.135138308118,115.794488640842,308.133031684759,0,0,8.05520454588929,15.5086027278245,5.17496957383136,6.41266245148568,7.26864316832997,19.413038194619,0,0,0,0,0,0,0,0,508.073522992315,381.226676922078,434.27571156545,909.110296730329,504.394777235892,663.850928286899,248.884749965259,727.305304403326,19.5209956126554,14.6473386171497,16.6952964500559,34.9463323453381,19.3680050765191,25.4911933244175,9.56742469198391,27.9578917142602,245.050767408984,183.081777710877,293.42226473548,628.218871235708,355.511759439611,465.837399714417,206.810412240781,604.391980423546,9.41524140366512,7.03429470410184,11.2797585089433,24.1474236246448,13.6513543428945,17.887918053667,7.94771381564081,23.2263151336309,0,0,42.4425556901473,92.3879176138144,37.8789169937034,48.6933703504737,60.0430539320098,161.473144642405,0,0,0,0,0,0,0,0,878.593146224916,399.205394987512,3082.06795617259,3220.9708420401
"277",2013,939,23,2179.97494550443,1729.77763084842,542.590489013486,991.714487504221,161.178652209353,196.218709784226,104.781619617348,284.427333914845,0,0,0,0,0,0,0,0,0,0,0.912156078583523,1.68546106145922,0.330857381664303,0.40197098874145,0.219582196419779,0.593193401477457,0,0,0,0,0,0,0,0,7603.71079556178,5442.33580854802,1319.14907011299,2553.69019068704,767.453951275638,969.786912183357,1195.13419643484,3259.47591782439,292.146728386071,209.103244980557,50.8544249719748,98.4583946964495,29.5759840102734,37.3744188864396,46.1327558479056,125.812384959418,19299.9215876189,13682.1223476402,3635.70095877872,6826.05888669185,2246.32071434475,2753.66904654076,2975.77701689821,7934.68660392341,741.532930291077,525.689043486247,141.35912398127,265.875664643524,87.861078785833,107.787604133099,116.702587907398,311.263588001179,0,0,8.01765026200449,15.4071387415012,5.18073318236232,6.39422268162857,7.32649362331833,19.6129443156056,0,0,0,0,0,0,0,0,508.684108547947,381.291166746306,432.808512103256,904.14896658976,505.932382978346,663.003811650236,250.719646040279,734.248285170426,19.5444553164014,14.6498164184426,16.6389605715715,34.7557984494208,19.427160348369,25.4588411784755,9.638089639299,28.225168094059,245.225514338005,183.021324221635,292.317046854481,624.403844540751,356.494108883542,465.052809919032,207.796820503607,608.695460493132,9.42195547867533,7.03197198382903,11.2373310879667,24.0009371069571,13.6891820343896,17.857954420537,7.98578456825195,23.3921693343075,0,0,42.2431601194306,91.7041268932005,37.9027399177605,48.5043611411849,60.5229570163467,163.053033955961,0,0,0,0,0,0,0,0,882.530688727725,400.799500620198,3097.16847128432,3234.6063764978
"278",2013,939,23.0833333333333,2171.25613408955,1722.36961355755,538.847668997136,984.769124020096,160.330341479503,194.638565740151,104.641054437448,285.568849818961,0,0,0,0,0,0,0,0,0,0,0.905921571548838,1.67231096269818,0.329156149410105,0.398727508078008,0.219302716289306,0.595662247083937,0,0,0,0,0,0,0,0,7606.79065890753,5439.77840579256,1312.96061720368,2538.34147689898,768.968626831421,967.221614864483,1204.29395836788,3292.44301925237,292.265061661037,209.004985476973,50.6160418368574,97.8667373039454,29.6343569244507,37.2755495565643,46.4867162955556,127.085790427619,19292.2230773043,13664.3501790365,3614.88449210944,6778.58550130878,2247.5537371371,2742.90053067391,2999.25433184103,8016.3470168015,741.237159099886,525.006207869423,140.550738763894,264.023435190329,87.9081752867371,107.363326974169,117.621847473355,314.459124277533,0,0,7.9791311469783,15.3051806106743,5.18552679693131,6.37121107880141,7.38498945656382,19.8167117610511,0,0,0,0,0,0,0,0,509.325683839696,381.372303240087,431.288575072498,899.126413192858,507.385946064991,661.661883584408,252.63932906618,741.58575324461,19.5691056946848,14.652933811421,16.5805960502249,34.5629057910651,19.4830846341361,25.40748222228,9.71200694892855,28.5075848264992,245.410710099639,182.969624238545,291.18353942275,620.554829660032,357.407093141668,463.92093368272,208.865664117595,613.352799828957,9.42907101412181,7.02998558727407,11.1938144389927,23.8531387699265,13.7243424760877,17.8146483956135,8.02701694616279,23.5716025068999,0,0,42.0434182730575,91.0210566806026,37.9206570153173,48.2820750825762,61.0087191260963,164.665989314788,0,0,0,0,0,0,0,0,886.443954348309,402.385705746391,3112.15680005709,3248.11743372407
"279",2013,939,23.1666666666667,2162.73621507139,1715.14472488216,535.238681289297,978.069321223452,159.474453874944,193.076203690213,104.484232752635,286.602414921991,0,0,0,0,0,0,0,0,0,0,0.899735589493922,1.65950746056908,0.327441333606072,0.395515923824584,0.218995022145598,0.597920772293261,0,0,0,0,0,0,0,0,7609.68470151707,5437.09382632298,1306.88870513198,2523.21572059519,770.395714191001,964.598399518481,1213.42256165898,3325.23631517497,292.376255406159,208.901839640655,50.382122847196,97.2836480488268,29.6893542998911,37.1744479119523,46.8394614523509,128.352472508791,19284.5484108991,13646.6627271998,3594.46673168932,6731.91805063,2248.56425753586,2732.02818998232,3022.58529572432,8097.32424011256,740.942303692836,524.326627216015,139.757685559438,262.202450409793,87.9466419661848,106.93507602757,118.535466564059,317.62816133915,0,0,7.93997759848515,15.2037790921023,5.18981457927662,6.34792818072337,7.44314389091666,20.0189216686617,0,0,0,0,0,0,0,0,509.936851644641,381.435858660694,429.726418651291,894.101043249595,508.764622778323,660.253515593116,254.540264701449,748.782517781885,19.5925877682279,14.6553757114688,16.5206062321774,34.3698989888593,19.5361296332634,25.3535658664262,9.78519954013305,28.7845879715754,245.589306189459,182.912912183223,290.043937962234,616.726233905021,358.284343134085,462.756192124331,209.957075059028,617.996856444138,9.43593297927469,7.0278066188998,11.1500615203215,23.7061198673392,13.7581271618218,17.7700738862324,8.06911165058752,23.750515140572,0,0,41.8439669429598,90.3441062046037,37.9361582701492,48.0591697811862,61.4936831936118,166.272473415079,0,0,0,0,0,0,0,0,890.362034708967,403.972211585641,3127.143120918,3261.57320308379
"280",2013,939,23.25,2154.41353546634,1708.10058682719,531.758995432394,971.606998435381,158.613073162713,191.533168617684,104.31225451393,287.533573547587,0,0,0,0,0,0,0,0,0,0,0.893625979971269,1.64705835641009,0.325714030052027,0.392338441940068,0.218659284674728,0.599975224730328,0,0,0,0,0,0,0,0,7612.37621472347,5434.27148478814,1300.92238972889,2508.29563359743,771.733251850327,961.913580552143,1222.51619549318,3357.8384157655,292.479667647734,208.793400765484,50.1522499379546,96.7084649221979,29.7409008229135,37.070972548977,47.1908454802794,129.611763552057,19276.9126665705,13629.0696263634,3574.44336933262,6686.04779658512,2249.36242224872,2721.06351425484,3045.77416518415,8177.63454996838,740.648943402275,523.65067168851,138.979804612333,260.412379536325,87.9768703374753,106.50329567892,119.443608715812,320.771328199535,0,0,7.9004383556801,15.1031159314167,5.19359563942857,6.32438456277983,7.50095693306482,20.219582408338,0,0,0,0,0,0,0,0,510.518779860688,381.482400881267,428.130293245357,889.080385161336,510.070113832883,658.781987096399,256.422991567404,755.846704545188,19.6149464095389,14.65716393718,16.4593081413476,34.1770674843426,19.586360748744,25.2972183529504,9.85768826896791,29.0564899204514,245.762498308688,182.852382709757,288.898607698514,612.921433524917,359.127061747555,461.561823080367,211.068529658094,622.622406313473,9.44258731488981,7.02548097922668,11.1060864218992,23.560010352427,13.7905823799907,17.7243555057067,8.11197185165356,23.9287068753605,0,0,41.6447687512869,89.6732948109336,37.9492913403439,47.8357399092147,61.9778566529336,167.872548351659,0,0,0,0,0,0,0,0,894.284700559312,405.558946200541,3142.12564442729,3274.97313368262
"281",2013,939,23.3333333333333,2146.28608094503,1701.234570331,528.40417728595,965.374224679643,157.74811255953,190.010817760369,104.126166297773,288.367637534233,0,0,0,0,0,0,0,0,0,0,0.887614492720829,1.63496784778872,0.323975966330351,0.38919733448832,0.218296039730597,0.601832466889632,0,0,0,0,0,0,0,0,7614.85226853871,5431.30351006322,1295.0523892054,2493.56712220518,772.980193604017,959.165029890974,1231.57144159491,3390.23360678976,292.574801594945,208.679366430259,49.9260685843772,96.1406482757277,29.7889563484475,36.9650418658296,47.5407375551101,130.863060083484,19269.3279803058,13611.5784484082,3554.80939965048,6640.96479747201,2249.95771982796,2710.0170259311,3068.82479195307,8257.29281689228,740.357544517361,522.978632210511,138.216909015972,258.652844887264,87.9992265898562,106.068392962531,120.346421818904,323.889199608311,0,0,7.86071377331315,15.0033336473258,5.19687386101807,6.30059234794591,7.55842943307447,20.4187018690577,0,0,0,0,0,0,0,0,511.072500737094,381.512425164895,426.507210025996,884.07066944744,511.303942375884,657.250117146081,258.287974566176,762.78553713744,19.6362212792886,14.6583175173543,16.3969712218696,33.9846508693706,19.6338365522102,25.2385482062073,9.92949115300724,29.3235683945803,245.931237183961,182.788992442417,287.748249716187,609.143405498031,359.936214087353,460.34056951906,212.197701278914,627.22515815885,9.44907054940862,7.02304542328882,11.0619161312916,23.4149248203683,13.8217452874865,17.6775988594391,8.15550829208694,24.1060131794599,0,0,41.4458203576338,89.0086563757645,37.960098376577,47.6118724510175,62.4612424183302,169.466266643176,0,0,0,0,0,0,0,0,898.211731308906,407.145839919071,3157.10273240942,3288.31676263476
"282",2013,939,23.4166666666667,2138.35156292777,1694.54386270049,525.169896655223,959.363236607139,156.881334402207,188.510344991651,103.926966836232,289.109705398869,0,0,0,0,0,0,0,0,0,0,0.88171817500725,1.6232373790634,0.322229245792559,0.386094838953725,0.217906080616975,0.603499756514917,0,0,0,0,0,0,0,0,7617.10289600897,5428.18414048331,1289.27077840609,2479.01857368793,774.136167161897,956.351765568327,1240.58519853409,3422.40764945456,292.661274301487,208.559515262599,49.7032761164318,95.5797534926784,29.833506632511,36.8566182769049,47.8890189683844,132.105815152596,19261.8041734972,13594.1951551214,3535.55930073937,6596.65824733496,2250.35909000398,2698.89845564205,3091.74069235311,8336.31272189806,740.068484396853,522.310737843249,137.468791688702,256.923434989505,88.0140558042871,105.630744336757,121.244040814539,326.982304413462,0,0,7.82096718073416,14.9045450681604,5.19965636215254,6.27656469686564,7.615562777489,20.6162874242464,0,0,0,0,0,0,0,0,511.598940340952,381.526372536917,424.863184977137,879.077123036023,512.467522875834,655.660418029904,260.135616078465,769.60546684432,19.6564479584591,14.6588533968901,16.3338267043284,33.792850183854,19.6786114317346,25.1776521372203,10.0006238014168,29.5860714320734,246.096285139671,182.723513040302,286.593776104739,605.394764969064,360.712591023763,459.094775432711,213.342445867242,631.801583015118,9.45541197255792,7.02052959946263,11.0175857409626,23.2709639516704,13.8516463484944,17.6298942237988,8.19963873063721,24.282298800448,0,0,41.247142566267,88.3502334011189,37.9686181602387,47.3876485306439,62.943840128661,171.05367359571,0,0,0,0,0,0,0,0,902.142913657813,408.732824948079,3172.07286955973,3301.60369652474
"283",2013,939,23.5,2130.60745872572,1688.02549969545,522.051934836548,953.566453865506,156.014356861537,187.03279017001,103.715608430369,289.764665644028,0,0,0,0,0,0,0,0,0,0,0.87594997237548,1.61186602062917,0.320476242630466,0.383033117463724,0.217490410397069,0.604984642903493,0,0,0,0,0,0,0,0,7619.12074131218,5424.90946006539,1283.57084951653,2464.64053602065,775.2013730254,953.47377064747,1249.55465593286,3454.34771914193,292.738803144912,208.433696804174,49.4836163939137,95.0254187191016,29.8745594488034,36.7457012632516,48.2355821404674,133.339535996498,19254.3490223017,13576.9242939347,3516.68712141918,6553.11663566515,2250.57496294568,2687.71680954121,3114.52507301737,8414.70683940131,739.782061818326,521.647163306156,136.735228734208,255.223710748346,88.0216834685641,105.190698283212,122.13658869444,330.051128767825,0,0,7.78132967033361,14.8068373144917,5.20195287329077,6.25231557364977,7.67235876243237,20.8123459685183,0,0,0,0,0,0,0,0,512.0989311668,381.524637777292,423.203345771923,874.104094486604,513.562186289509,654.015154628555,261.96626095977,776.312230377698,19.6756584328257,14.6587867438647,16.2700717071683,33.6018327231281,19.7207365598883,25.1146173265813,10.0710996066355,29.8442196046905,246.258240412087,182.65655428687,285.436254623864,601.677786324736,361.456839092139,457.826434457544,214.500795293278,636.348830190299,9.46163456953697,7.01795693660356,10.9731363236113,23.1282153231895,13.8803104819665,17.5813184112357,8.24428768540628,24.457454535165,0,0,41.0487760118724,87.6980744506303,37.9748869709106,47.1631441486285,63.4256466669969,172.634808221517,0,0,0,0,0,0,0,0,906.078041111979,410.319835245998,3187.03465234359,3314.83360453803
"284",2013,939,23.5833333333333,2123.05106014139,1681.67640339785,519.046189497093,947.976490253353,155.148664840506,185.579053036334,103.492999689056,290.337205971506,0,0,0,0,0,0,0,0,0,0,0.870319487325107,1.60085094066903,0.318719476585583,0.380014211717894,0.217050184363372,0.60629484633254,0,0,0,0,0,0,0,0,7620.90061226864,5421.47706681517,1277.94693469235,2450.42532351086,776.17645785435,950.531772835643,1258.47725657278,3486.04229411568,292.807188633375,208.301818766523,49.2668730265339,94.4773497571314,29.9121397255135,36.6323189142459,48.5803291705064,134.563779786984,19246.9686017946,13559.7692455171,3498.18658462591,6510.32793522452,2250.61331569707,2676.48046086752,3137.18086826778,8492.48676004125,739.498510201082,520.988038489773,136.015983431263,253.553212712182,88.0224176532534,104.74857884099,123.024177951374,333.096120878407,0,0,7.74190615917562,14.7102768310908,5.20377496992416,6.22785946749796,7.72881944245845,21.0068839552037,0,0,0,0,0,0,0,0,512.573228187187,381.507579270818,421.532068934074,869.155212039526,514.589211320604,652.316417338371,263.780203416493,782.910929357949,19.6938817096451,14.6581313279949,16.2058745008941,33.411738106005,19.7602610958593,25.0495242289364,10.140930008442,30.0982090703511,246.417567956569,182.588593322849,284.276844024065,597.994431261928,362.169496290405,456.537248724235,215.670946520697,640.864623829955,9.46775620467974,7.01534576722124,10.9286124487695,22.9867544885285,13.9077584356613,17.5319370285583,8.28938601685052,24.6313932548761,0,0,40.8507759068312,87.0522311096421,37.9789396266699,46.938431110522,63.9066568230164,174.209704494748,0,0,0,0,0,0,0,0,910.016913285856,411.906806339727,3201.98677406008,3328.00620923503
"285",2013,939,23.6666666666667,2115.67951342998,1675.49341323306,516.148677990083,942.586161698426,154.285619554865,184.149905382952,103.260007866584,290.831821400775,0,0,0,0,0,0,0,0,0,0,0.864833599735804,1.59018779297911,0.316961517388712,0.377040011353824,0.216586664051682,0.607438161365207,0,0,0,0,0,0,0,0,7622.4391120194,5417.88580053597,1272.39425598933,2436.36669407995,777.062413204834,947.527068052209,1267.35066562737,3517.48105564087,292.86630025412,208.163836573033,49.0528636372928,93.9353077026523,29.9462856559315,36.5165211552706,48.9231706594037,135.778149813458,19239.6675694366,13542.7324270288,3480.05117258346,6468.27975401123,2250.48171864157,2665.19722467008,3159.71077150742,8569.66319708779,739.218008497397,520.3334562651,135.310809521406,251.911466952868,88.0165508025311,104.304688490894,123.906911796839,336.117695118863,0,0,7.70278030436049,14.6149134434663,5.20513547448709,6.20321116749761,7.78494701578928,21.1999074469069,0,0,0,0,0,0,0,0,513.022522003275,381.475526930517,419.853094035127,864.233511698837,515.549847517658,650.56617686159,265.577693118835,789.406100545627,19.7111443229225,14.6568998250665,16.1413788911304,33.2226831926548,19.7972330739288,24.9824486806842,10.2101247287635,30.3482142706582,246.574624638313,182.519998688562,283.116744005805,594.346375280419,362.851020961503,455.228678544281,216.851250987056,645.347174914241,9.47379058932355,7.01271025122403,10.884060261223,22.846645997363,13.9340078949027,17.4818063839356,8.33487051904735,24.8040465234735,0,0,40.6532078414189,86.4127556158555,37.9808102727687,46.713577758345,64.386863826288,175.778392377523,0,0,0,0,0,0,0,0,913.959335335066,413.493675182327,3216.92801264171,3341.12127923272
"286",2013,939,23.75,2108.48985106214,1669.47331045261,513.355538971388,937.38849084823,153.426467069205,182.746001824792,103.017460859875,291.252821550194,0,0,0,0,0,0,0,0,0,0,0.859496949771179,1.57987102212492,0.315204922939254,0.37411223848495,0.216101183134544,0.608422384851484,0,0,0,0,0,0,0,0,7623.73434746695,5414.13552825378,1266.90879866464,2422.459592712,777.860500778228,944.461387275326,1276.17274793858,3548.65480097664,292.916065271316,208.019745114631,48.8414350187411,93.3990991168485,29.9770458262905,36.3983746349944,49.2640248411265,136.982292158023,19232.4493896953,13525.8154524408,3462.2741950361,6426.9594529282,2250.18737205867,2653.87441631668,3182.11726038169,8646.24607635376,738.940689822835,519.683478643314,134.619453844354,250.297989623087,88.0043611423927,103.85931041398,124.78488513622,339.116235501157,0,0,7.66401825785843,14.5207834123703,5.20604804790254,6.17838559517199,7.84074374849246,21.3914221889409,0,0,0,0,0,0,0,0,513.447449171111,381.428788204328,418.169616835913,859.341536278132,516.445328683873,648.766319223716,267.35894063109,795.801778692162,19.7274707301633,14.6551040477205,16.0767077938003,33.034765888149,19.8316999198239,24.9134632482142,10.2786919803313,30.594390345251,246.729678783633,182.451049264921,281.95716044402,590.735035099774,363.501814244386,453.901985119855,218.040203302525,649.795105099622,9.47974803300037,7.01006110366232,10.8395261452223,22.7079444495306,13.9590743445825,17.430975126537,8.38068348487121,24.9753616707671,0,0,40.4561446836196,85.7796992349513,37.9805328872941,46.488649501534,64.8662597405511,177.34089858438,0,0,0,0,0,0,0,0,917.90511751245,415.080380051184,3231.85722112524,3354.17862385413
"287",2013,939,23.8333333333333,2101.47901898705,1663.61283900653,510.663033036751,932.376709715636,152.572346230679,181.367889719383,102.766149049169,291.604337598734,0,0,0,0,0,0,0,0,0,0,0.854312351781126,1.56989412523035,0.313452190364706,0.371232437718153,0.215595118994538,0.609255256179098,0,0,0,0,0,0,0,0,7624.78567765413,5410.22695981941,1261.48719975371,2408.69993259858,778.572189675073,941.336785471541,1284.94154814316,3579.55536036933,292.956459058362,207.86957166492,48.632458873108,92.8685676417627,30.0044768045746,36.2779584600468,49.6028168231585,138.1758925226,19225.31652812,13509.01927046,3444.84884747575,6386.3542446613,2249.73713823861,2642.51890212952,3204.40261924832,8722.24461816426,738.666648912888,519.038142075093,133.941658588319,248.712290788522,87.9861139171529,103.412710446001,125.658185439172,342.092098839464,0,0,7.62567186623835,14.4279120255086,5.2065268543843,6.15339766373798,7.89621191517746,21.5814336798653,0,0,0,0,0,0,0,0,513.848601064581,381.367653113966,416.484370219713,854.481419577805,517.276883124689,646.918673094353,269.124122403298,802.101553804891,19.7428836529025,14.6527551390549,16.0119663418846,32.8480683752503,19.8637088453971,24.8426382801384,10.346638658533,30.8368753318396,246.882926921743,182.381950565243,280.799277851395,587.161594113645,364.122238607344,452.558267184946,219.236430411157,654.207380328595,9.48563608668308,7.00740622068623,10.7950556666057,22.5706954735876,13.9829717808519,17.3794856534788,8.42677228904132,25.1452992412198,0,0,40.2596639893346,85.1531109472315,37.9781416754456,46.263709253467,65.3448357970556,178.897247246139,0,0,0,0,0,0,0,0,921.854074786081,416.666860464834,3246.77331943197,3367.1780886048
"288",2013,939,23.9166666666667,2094.64389942825,1657.90872284225,508.067542431919,927.544260471687,151.72429599081,180.016018237262,102.506826973664,291.890328872965,0,0,0,0,0,0,0,0,0,0,0.849281137070947,1.56024986940768,0.311705721239742,0.368401972359394,0.215069870188095,0.609944410171271,0,0,0,0,0,0,0,0,7625.5935028795,5406.16149414071,1256.1266514224,2395.08441329397,779.199106343493,938.155552849729,1293.65527416794,3610.17551984329,292.98749699537,207.713369972177,48.4258281171071,92.3435870334778,30.028641216691,36.1553607862358,49.9394779560013,139.358673277087,19218.2706142007,13492.3442796826,3427.7682595468,6346.45127397598,2249.13756886687,2631.13714194751,3226.5689586237,8797.66741037583,738.395948380291,518.397461874975,133.277163162192,247.15387754298,87.9620624431678,102.965138720162,126.526893492306,345.045617567109,0,0,7.58778129290543,14.3363157039723,5.20658630683346,6.12826216568635,7.95135375709167,21.7699472418818,0,0,0,0,0,0,0,0,514.226531243873,381.292398305326,414.799692964506,849.654955481735,518.04574025004,645.025028826251,270.873385304275,808.308622900163,19.7574043598123,14.6498637282473,15.9472445255692,32.6626597683419,19.89330710313,24.7700426411283,10.4139705156893,31.0757921547324,247.034507608373,182.312848306974,279.644239304968,583.627026476796,364.712632527043,451.198492089303,220.438681063593,658.583253425803,9.49146007391046,7.00475120099285,10.7506928014268,22.4349366526338,14.005713274918,17.3273753036734,8.47308898321974,25.3138307880523,0,0,40.0638459479016,84.5330364719645,37.9736713424148,46.0388177710821,65.8225826612229,180.447460455109,0,0,0,0,0,0,0,0,925.806026520655,418.253057119033,3261.67528749904,3380.11955152853
"289",2014,939,24,2088.52107302329,1652.60211075423,505.036158820442,922.343976437358,150.831159792404,178.272075158904,102.353284263748,292.882800409461,0,0,0,0,0,0,0,0,0,0,0.844245531189633,1.5502884022731,0.309864857190036,0.364764804719943,0.214738444600448,0.611952439673335,0,0,0,0,0,0,0,0,7627.3365245036,5402.93313938296,1249.54795371246,2379.69845134306,779.482547018007,932.718756486527,1302.74362178584,3643.66744611815,293.054466673555,207.589331419698,48.1723694670021,91.7504641096493,30.0395692866445,35.9458374598136,50.2905702977423,140.6521298141,19214.3928893137,13478.1848067201,3407.6142457883,6302.36729193236,2247.633164518,2613.55236287164,3249.80787085645,8881.07194873366,738.246974342134,517.853431903371,132.494431943842,245.433796176543,87.9026654616503,102.274877859178,127.437517260977,348.311215117634,0,0,7.54897360101181,14.2399032677614,5.20450811019233,6.08860791013515,8.00890830511458,21.976805600673,0,0,0,0,0,0,0,0,514.668839380935,381.261089840321,412.98260363269,844.405796309714,518.587650708782,641.541984812235,272.834241278981,816.176249539365,19.7743985701739,14.6486608062587,15.8774320523453,32.460998709934,19.9141874338413,24.6364071545551,10.4894268025426,31.3784808862135,247.220658978305,182.27585424454,278.420085403935,579.861048234111,365.149983052794,448.757085198017,221.804590136878,664.196821295589,9.4986123216692,7.0033298295426,10.7036720138546,22.2902788559155,14.0225749288727,17.2337228803968,8.52568863629963,25.5298941252691,0,0,39.8638529581093,83.8857805784628,37.9544997640642,45.7058725812166,66.3174940333518,182.131282417444,0,0,0,0,0,0,0,0,929.755022230791,419.850872275501,3276.53744276102,3393.09204171668
"290",2014,939,24.0833333333333,2082.65277771769,1647.47669474666,501.999338469382,917.210011077772,149.930283565454,176.482006445528,102.211716011841,293.947363456953,0,0,0,0,0,0,0,0,0,0,0.839198260655698,1.54045987240018,0.308012137240534,0.361028102455787,0.214432911687061,0.614107618252559,0,0,0,0,0,0,0,0,7629.14790668397,5399.79612349563,1242.7962447493,2364.10774402007,779.622420095719,926.795329793979,1311.88478328159,3677.63596752668,293.124062873631,207.468802252688,47.9122460195297,91.1494489893646,30.0449654713995,35.7175614811919,50.6436908431985,141.96394440288,19211.2508865296,13464.6479613649,3387.09197522738,6257.96749420324,2245.79063719988,2594.71660886741,3273.17032967164,8965.59887593868,738.12626762454,517.333324288625,131.697527140402,243.701572743989,87.8300992092453,101.535717645406,128.353024754895,351.620854210114,0,0,7.50921857758125,14.1425639096647,5.20164603085717,6.04598896270599,8.06675094721242,22.1863296274923,0,0,0,0,0,0,0,0,515.107978098268,381.229801806836,411.109295195485,839.074289510473,519.03037252886,637.699398289465,274.813939004613,824.199740182083,19.7912710058983,14.6474586692962,15.8054571164633,32.2561681202853,19.9312558676299,24.4889605710992,10.5656037885174,31.6871496948074,247.411781994841,182.243937978933,277.178769571681,576.065859913938,365.52711340364,446.074003433521,223.207249524773,670.022252582405,9.50595558773676,7.00210355517614,10.6559900639429,22.1444943993342,14.0371213982074,17.1307853527078,8.57969663799657,25.7540877261377,0,0,39.6633877321082,83.237758727288,37.9305082483231,45.3514931924777,66.8155092745232,183.837673200189,0,0,0,0,0,0,0,0,933.706086306952,421.451268671599,3291.37246244789,3406.00682708981
"291",2014,939,24.1666666666667,2076.91369648521,1642.47446569689,499.075914436542,912.261556248317,149.034504520561,174.742457425374,102.05682277935,294.911110466919,0,0,0,0,0,0,0,0,0,0,0.834189905907407,1.53091076773122,0.306170701435498,0.357389546853558,0.214104642077777,0.616078644275066,0,0,0,0,0,0,0,0,7630.7453678342,5396.51474560873,1236.15686608544,2348.73808793332,779.675887400981,920.886760181755,1320.97557898339,3711.34381434777,293.185439885634,207.342726466795,47.6564277527591,90.5569326455721,30.0470328182058,35.4898599023661,50.9948636655641,143.265702982905,19208.1572749188,13451.1972656532,3366.97844665376,6214.35996250224,2243.78861998511,2576.0530648918,3296.38832916279,9049.30662005905,738.007419903272,516.816526688569,130.916350919242,242.000086650331,87.7513460669023,100.803349183045,129.2629547529,354.898655377516,0,0,7.46897594689408,14.0458000096457,5.19838746649777,6.00370430708644,8.12425435833718,22.3939890537577,0,0,0,0,0,0,0,0,515.524736907359,381.185721554108,409.213973880861,833.768176950079,519.411998414776,633.853058406489,276.760879789105,831.983448376516,19.807283569348,14.6457650348266,15.7326341392783,32.0523094085434,19.9459752167728,24.3413659496603,10.6405195918546,31.9866027647035,247.600929511847,182.210838655642,275.937133148218,572.305538758604,365.873984830014,443.396365427928,224.609468734168,675.762128768292,9.51322295167575,7.00083182585005,10.608294273449,22.0000464435255,14.0505033180671,17.0280530036493,8.63368459034457,25.9749882281148,0,0,39.4634909592129,82.5966183883426,37.9046298469668,45.0005384615503,67.3125683482249,185.534840298782,0,0,0,0,0,0,0,0,937.660433884454,423.051506788715,3306.18401151532,3418.84172173726
"292",2014,939,24.25,2071.30431898224,1637.59497319798,496.262025241386,907.492689616853,148.145130803815,173.05270216497,101.88965686137,295.779863285214,0,0,0,0,0,0,0,0,0,0,0.829244412696845,1.52164391387839,0.304340778104272,0.35384780503371,0.213753898120973,0.617870713142654,0,0,0,0,0,0,0,0,7632.11260841306,5393.07865884108,1229.6204740512,2333.57453561303,779.642343108608,914.989967352263,1330.00987172371,3744.76629934609,293.237971455123,207.210706518297,47.4045578077788,89.9723426415263,30.0457480135861,35.2626141438715,51.3438530025945,144.556456427421,19205.1261439763,13437.8417067077,3347.26834087962,6171.5347591873,2241.63566950017,2557.56480567317,3319.46662041216,9132.21862814869,737.890972523541,516.303384402699,130.150704280519,240.328959450891,87.6667367191081,100.077890336379,130.167491041979,358.145529475406,0,0,7.42847061425973,13.9497855639947,5.19473157003165,5.96174887886703,8.18141410955578,22.5997898734235,0,0,0,0,0,0,0,0,515.919659591686,381.129051757374,407.302628449339,828.492088295215,519.733229779481,630.004587045612,278.676688315666,839.543846349565,19.8224571535586,14.6435876899564,15.6591931936946,31.8496004858411,19.9583724328673,24.1936856903231,10.7142367220153,32.2774729713227,247.789291762005,182.177595823499,274.696136335408,568.583047063126,366.192549211204,440.727393529405,226.010472775164,681.413438463028,9.52046014413129,6.9995545826929,10.5606215953165,21.8570489842404,14.0627957053844,16.9256497561878,8.68762286233965,26.1924803263193,0,0,39.2641318778552,81.9623312070624,37.8769176808328,44.6530242791342,67.8087041944316,187.222992458155,0,0,0,0,0,0,0,0,941.617895365993,424.65153337104,3320.97081966952,3431.5969423534
"293",2014,939,24.3333333333333,2065.82470529392,1632.83745314288,493.553885512618,902.897566126542,147.263337516993,171.411957968715,101.711212936117,296.559159715762,0,0,0,0,0,0,0,0,0,0,0.824380496398196,1.51265999266333,0.302523122960914,0.350401584485238,0.213381263750796,0.619489786395758,0,0,0,0,0,0,0,0,7633.23729018041,5389.48033273988,1223.1793004558,2318.60507148187,779.52207201098,909.103287060175,1338.98233959351,3777.88149702553,293.281183527181,207.072453075157,47.1563395702433,89.3952188686272,30.0411219865805,35.0357600488594,51.6904543546782,145.835361497718,19202.1685164371,13424.5881386576,3327.95573962079,6129.48090090544,2239.33973780353,2539.25422990868,3342.40937469959,9214.356182519,737.777349000772,515.794160777477,129.400364829046,238.687771891157,87.5765785288921,99.3594327891183,131.066794960212,361.362303648045,0,0,7.3878835484711,13.8546570167684,5.19068196338541,5.92011983488628,8.2382268062705,22.8037377569691,0,0,0,0,0,0,0,0,516.293197529094,381.059947049423,405.380307412466,823.249726796391,519.99475330181,626.155321392502,280.56276711309,846.895611993122,19.8368091011934,14.6409325759243,15.5853282610642,31.6481836960206,19.9684738925136,24.0459712311798,10.7868091442559,32.560324233623,247.977763495551,182.144997613751,273.456817329187,564.900775054515,366.484311138818,438.069617824432,227.409569065219,686.974446001612,9.52770154284147,6.99830210696733,10.5130119662651,21.7155940108645,14.0740563960931,16.8236729376011,8.74148498013956,26.4064976900019,0,0,39.0653096641162,81.3348840986707,37.8474186241567,44.3089585656429,68.3039428762955,188.902320453247,0,0,0,0,0,0,0,0,945.578305065146,426.251295931822,3335.7317179805,3444.27275607807
"294",2014,939,24.4166666666667,2060.47457747542,1628.20089907307,490.947794069375,898.470439086721,146.390184003606,169.819398526374,101.522434445999,297.254280049086,0,0,0,0,0,0,0,0,0,0,0.819612850526541,1.50395805143484,0.300718806730296,0.347049590153117,0.212987545612012,0.620942331948948,0,0,0,0,0,0,0,0,7634.11017177923,5385.71442164521,1216.82682585892,2303.81990989795,779.315979414974,903.226047013455,1347.88833384088,3810.66993173112,293.314721034093,206.92776074857,46.9115241729593,88.8251866519213,30.0331895341756,34.8092715991527,52.0344890399871,147.101668912879,19199.2930120168,13411.441755884,3309.03429706893,6088.18667569763,2236.9082835849,2521.12321798999,3365.22028890886,9295.73873335699,737.666880522572,515.2890553892,128.665093405674,237.076076179889,87.4811598327184,98.6480481473587,131.961009480585,364.549734186329,0,0,7.34736223283163,13.7605224813849,5.18624531812485,5.87881593171196,8.29468982168797,23.0058380975761,0,0,0,0,0,0,0,0,516.645735525895,380.978530339817,403.451317155935,818.044103007799,520.197286662955,622.306435870565,282.42033759111,854.051903631588,19.850354197131,14.6378044151122,15.5112048337329,31.4481747861509,19.9763071571844,23.898267738508,10.8582838567061,32.8356620699363,248.167013540563,182.113639278295,272.220236995935,561.26064151441,366.750442723888,435.425031180883,228.806135017461,692.444384591405,9.53497284525427,6.99709726920311,10.4655061868106,21.5757553803222,14.0843304535442,16.7221992324571,8.7952471508172,26.6170111776459,0,0,38.8670445389599,80.7142735203248,37.8161754586978,43.9683433652917,68.7983051087843,190.573000311912,0,0,0,0,0,0,0,0,949.541500344629,427.850742524194,3350.46561957256,3456.86946794342
"295",2014,939,24.5,2055.2533557098,1623.68409127473,488.440141505401,894.205675304468,145.526619117165,168.274159854752,101.324214936596,297.870251046723,0,0,0,0,0,0,0,0,0,0,0.81495261636507,1.49553571318933,0.298929135532442,0.343790511499301,0.212573732570609,0.622235210813558,0,0,0,0,0,0,0,0,7634.724772874,5381.77751622499,1210.55764646167,2289.21121031981,779.02548640949,897.358396651461,1356.72383037376,3843.11449205927,293.338334991005,206.776498546547,46.6699054029516,88.2619458348292,30.0220052972804,34.583154377386,52.3758023377135,148.354720087988,19196.5061042612,13398.4062781087,3290.49731636922,6047.63978106266,2234.34830697804,2503.17318953297,3387.90262284882,9376.38401347381,737.559815817287,514.788211155392,127.944637034315,235.49340132391,87.3807512868356,97.9437901679632,132.850260656134,367.708510953244,0,0,7.30702462625583,13.6674652038664,5.18143081593058,5.83783726377762,8.35080120287614,23.2060961099934,0,0,0,0,0,0,0,0,516.97760243294,380.884899717534,401.519298694087,812.877623333951,520.341590509446,618.458980739792,284.250456578284,861.024465188656,19.8631050763518,14.6342069762553,15.4369628599559,31.2496663052004,19.9819014347776,23.7506155932448,10.9287015258686,33.1039376378941,248.357512451061,182.083946595018,270.987457000642,557.664139562064,366.991833520282,432.795159208715,230.199611959724,697.823317809018,9.54229213081193,6.99595642846729,10.4181450828378,21.4375905786685,14.0936520856404,16.62128736892,8.84888802862099,26.824023516216,0,0,38.6693742132687,80.1005032068222,37.7832276819139,43.6311756699776,69.2918068167445,192.235194307598,0,0,0,0,0,0,0,0,953.507321352588,429.44982167791,3365.1715138041,3469.38741702329
"296",2014,939,24.5833333333333,2050.16021117018,1619.2856381657,486.027415414172,890.097768151784,144.673491254931,166.775348332233,101.117401470974,298.411860097278,0,0,0,0,0,0,0,0,0,0,0.810408070597403,1.48738947460367,0.297155540714088,0.340623004330956,0.212140940343917,0.62337552781649,0,0,0,0,0,0,0,0,7635.07687752994,5377.66778082651,1204.36728242138,2274.77267823601,778.652383015193,891.501075539246,1365.48534733151,3875.20023658434,293.351863414961,206.618595940375,46.4313123690024,87.7052554881433,30.0076381185638,34.3574366716178,52.7142603301437,149.593939705154,19193.8125019592,13385.4842219818,3272.33785028188,6007.82750556309,2231.66640902842,2485.40518880828,3410.45926062143,9456.30823893226,737.456335808476,514.291724769642,127.238732811143,233.93926015759,87.2756081645664,97.2466980660043,133.734659996866,370.839265133147,0,0,7.26696500431153,13.5755486693859,5.17624938457151,5.79718490501314,8.40655952923324,23.4045169168654,0,0,0,0,0,0,0,0,517.289085788391,380.779137590484,399.587341499262,807.752218385023,520.428486020412,614.613938918787,286.054041182284,867.823795578937,19.8750727865367,14.6301434255969,15.3627211118514,31.0527325307733,19.9852882565251,23.6030525780044,10.9980974421665,33.3655542425194,248.549572540959,182.056209644792,269.759511646676,554.112400055882,367.20915793865,430.181153569742,231.589497235012,703.111956105512,9.54967139911908,6.99489073013078,10.3709684263641,21.301143161065,14.1020472337864,16.5209817020669,8.90238841177607,27.0275622535683,0,0,38.4723489312586,79.4935810574595,37.7486126378366,43.2974485707271,69.7844600056471,193.889052773651,0,0,0,0,0,0,0,0,957.475610598396,431.048482300551,3379.84845621661,3481.82697013567
"297",2014,939,24.6666666666667,2045.19410689926,1615.00400827794,483.706204055361,886.141347104942,143.831556470944,165.322047136829,100.902797292738,298.883666492133,0,0,0,0,0,0,0,0,0,0,0.805985147993969,1.47951493618907,0.29539950244011,0.337545680883015,0.211690370521411,0.624370519611453,0,0,0,0,0,0,0,0,7635.16415288207,5373.38467558727,1198.25202840004,2260.49926314216,778.19872187253,885.655245238722,1374.16988040693,3906.9142281223,293.355216673558,206.454032187673,46.1956037845771,87.1549223369389,29.9901669567712,34.1321630163397,53.0497474248463,150.818829375008,19191.2154421768,13372.6771092521,3254.54877837695,5968.73686559069,2228.86883575119,2467.81994755082,3432.89275866901,9535.52627164788,737.356564873742,513.79965469983,126.54711088795,232.413154639295,87.1659720582584,96.5567989475488,134.614306330231,373.942575509241,0,0,7.2272583413136,13.4848204044878,5.17071314690708,5.75686063696776,8.46196381049987,23.6011056417972,0,0,0,0,0,0,0,0,517.580442774904,380.661317396739,397.658070847316,802.669437473416,520.458863161124,610.772261576149,287.831888692001,874.459287655238,19.8862672090596,14.6256165847451,15.2885805371792,30.8574330964085,19.9865017957211,23.4556152477669,11.0665022850186,33.6208726750815,248.743378474992,182.030608680164,268.537389244966,550.606243449252,367.402926634047,427.583864778185,232.975337694314,708.311514118849,9.55711774529501,6.99390709978452,10.3240142214659,21.1664447469461,14.109535546596,16.4213150100277,8.95573099272719,27.2276742781617,0,0,38.2760278042392,78.8935168990253,37.7123663105394,42.9671521065758,70.2762734236417,195.534715493574,0,0,0,0,0,0,0,0,961.446212667545,432.646673621898,3394.49556125066,3494.18851747538
"298",2014,939,24.75,2040.35383126935,1610.83755630129,481.473198378676,882.331184052234,143.001485755189,163.913321723516,100.681164178525,299.290011836035,0,0,0,0,0,0,0,0,0,0,0.801687856016434,1.47190698838824,0.293662499607724,0.334557107045732,0.211223279796501,0.625227469420489,0,0,0,0,0,0,0,0,7634.98584097627,5368.92873273048,1192.20882923144,2246.38691857635,777.666740888212,879.822364955416,1382.77484881952,3938.24537837446,293.348365644986,206.282827737308,45.9626632115333,86.6107915647964,29.9696779124831,33.9073894131018,53.3821642848669,152.028961693339,19188.7169273523,13359.9856345229,3237.12286865382,5930.35471165746,2225.96151253482,2450.41793289704,3455.2053857886,9614.05176180125,737.260579954302,513.312027633604,125.869496855683,230.914579972227,87.0520722081383,95.8741096677781,135.489287349979,377.018973958957,0,0,7.187963715409,13.395314891529,5.16483502810355,5.71686673802912,8.5170134122671,23.7958675140104,0,0,0,0,0,0,0,0,517.851908637238,380.531508571142,395.733718824423,797.630520409271,520.433680530509,606.934887129025,289.584693663957,880.939352515924,19.8966973824052,14.6206291214974,15.2146269842787,30.6638157477633,19.9855788633663,23.3083396628261,11.1339427798005,33.8702159899245,248.939011660118,182.00723485172,267.322021160196,547.146226240875,367.573527655594,425.003903175937,234.356723592007,713.423592736638,9.56463429713038,6.99300903957963,10.2773182844099,21.0335168065741,14.1161319605937,16.3223108363606,9.00890012383699,27.4244212894302,0,0,38.0804760638801,78.3003209152148,37.6745238632602,42.6402739069333,70.7672530854262,197.172312823274,0,0,0,0,0,0,0,0,965.418974032468,434.244345170981,3409.11199675213,3506.47246962206
"299",2014,939,24.8333333333333,2035.63802714964,1606.78454568227,479.325193126711,878.662197778356,142.183871750229,162.548224662235,100.453224617385,299.635029959945,0,0,0,0,0,0,0,0,0,0,0.797518631976118,1.46455997218914,0.291945969723395,0.331655801444108,0.210740954267799,0.625953635758461,0,0,0,0,0,0,0,0,7634.5424910926,5364.30136296879,1186.23517201171,2232.43239862106,777.058799383529,874.004089748976,1391.2980466957,3969.18429833842,293.331331433464,206.105036791117,45.7323949321909,86.0727390154536,29.9462617726195,33.6831794177126,53.7114259659175,153.223974516417,19186.3179314777,13347.4098105977,3220.05282979482,5892.66781754957,2222.95007413908,2433.19938802134,3477.39915887997,9691.89727808953,737.168418476783,512.828844062757,125.205613767172,229.443028063455,86.934126660612,95.1986384063239,136.359680999761,380.068950480014,0,0,7.14912722705252,13.3070560591224,5.15862842880813,5.67720580541216,8.57170799315649,23.9888079581636,0,0,0,0,0,0,0,0,518.103703744236,380.389780606322,393.816185716053,792.636457874903,520.353963548197,603.102755049167,291.313063049563,887.271531895931,19.9063717735019,14.6151837058715,15.1409335580165,30.4719186604111,19.9825588396742,23.1612619216709,11.2004422795545,34.113873823719,249.136471260616,181.986108069037,266.11427392285,543.732681601132,367.721260734469,422.441690234336,235.733283390246,718.450079489998,9.57222102252052,6.99219731447367,10.2309139413078,20.9023722235379,14.1218480174668,16.2239854610814,9.06188161804187,27.6178759724425,0,0,37.8857627543235,77.7140023567136,37.6351200710901,42.3167997266218,71.2574027300811,198.801966704958,0,0,0,0,0,0,0,0,969.393742909569,435.841446767154,3423.69697923494,3518.67925501792
"300",2014,939,24.9166666666667,2031.04521656062,1602.84316761384,477.259087012686,875.129456596407,141.379234884569,161.225799836575,100.219663798543,299.922656249141,0,0,0,0,0,0,0,0,0,0,0.793478637401464,1.4574678126148,0.290251281124457,0.328840237210027,0.210244689367547,0.626556196442112,0,0,0,0,0,0,0,0,7633.83573574123,5359.50469421789,1180.32899471524,2218.63309190035,776.377329492903,868.202192777756,1399.73760081786,3999.72315706837,293.304176762643,205.920741107022,45.5047204535855,85.5406648311066,29.9200121406384,33.4596011501828,54.0374602974558,154.403565554179,19184.0185728744,13334.949089732,3203.33135380435,5855.66295162838,2219.83988960488,2416.16436478945,3499.47587381148,9769.07442414271,737.080084991564,512.350082941939,124.555183789489,227.997990293693,86.8123432297422,94.5303859336962,137.225556667494,383.092957681823,0,0,7.11078437399657,13.2200592917019,5.15210697723295,5.63788061288318,8.6260474557359,24.1799326758917,0,0,0,0,0,0,0,0,518.336039181538,380.236206128978,391.907091313681,787.688039309601,520.220799829901,599.276812847461,293.017529321767,893.462598735166,19.9152984926025,14.6092831283012,15.0675625889176,30.2817722782897,19.9774834973115,23.0144184313634,11.266021269853,34.3521062607195,249.335691537103,181.967191775435,264.914945001518,540.365754954135,367.846364762145,419.897500967487,237.104679195457,723.393066397548,9.57987539565844,6.99147051990041,10.1848318660691,20.7730166630386,14.1266929198517,16.1263495304792,9.11466257380458,27.8081188429271,0,0,37.6919589218748,77.1345685881601,37.5941896276169,41.9967138659958,71.7467242012145,200.423791537856,0,0,0,0,0,0,0,0,973.370369167289,437.437928527052,3438.24977004076,3530.80931805192
"301",2015,939,25,2026.74443875608,1598.90072063505,474.373257703736,870.008627338834,140.515289805654,159.116191372763,100.181033702747,302.206125580879,0,0,0,0,0,0,0,0,0,0,0.789271881446341,1.44855107610435,0.288439739588692,0.324419906678005,0.210105906854625,0.630819536210226,0,0,0,0,0,0,0,0,7634.40802900396,5355.86121197098,1172.82295943325,2200.76983416543,775.259484487136,857.941676191455,1408.87017783489,4037.75179469716,293.326165184991,205.780752692551,45.2155348512407,84.8520487114126,29.8769444034425,33.064191510154,54.3902021709764,155.871851095204,19185.2538058582,13325.3283910311,3182.29467103064,5808.10840748821,2215.53490657048,2386.79249724401,3523.5110841064,9866.5595241513,737.127555831865,511.980440023941,123.738648941528,226.1437754447,86.6438692119415,93.3795033290764,138.167903737648,386.910175129647,0,0,7.07055971459712,13.1156130164497,5.1427898600132,5.56971804365416,8.68483235216721,24.4178934515511,0,0,0,0,0,0,0,0,518.69112167695,380.194350023705,389.854907427359,781.749205621429,519.847835843925,592.436065534906,295.121105390359,903.82262800659,19.9289413493188,14.6076749492627,14.9886914046878,30.0535488016149,19.9631965309318,22.7517920730777,11.3469309349723,34.7504872653455,249.579538332265,181.990649767633,263.611051211396,536.254865389542,367.763962524117,415.183101870875,238.741207774401,731.225347164033,9.58924439067325,6.99237181316172,10.1347295129735,20.6150590908475,14.1235666932926,15.9453629645206,9.17762635646226,28.1093497752872,0,0,37.4901940153503,76.456219536783,37.5334413053686,41.4623439212266,72.2662836931178,202.36928314646,0,0,0,0,0,0,0,0,977.297032752767,438.987521548225,3452.57647560016,3542.49488489165
"302",2015,939,25.0833333333333,2022.5193469389,1595.03740607952,471.592019799487,865.072290905361,139.65739145707,157.081054010026,100.127221206025,304.341073807808,0,0,0,0,0,0,0,0,0,0,0.785001499653621,1.43976511758427,0.28665084781805,0.320152436776114,0.20994915188122,0.63487780025964,0,0,0,0,0,0,0,0,7634.85843759793,5352.13712718549,1165.45783372335,2183.21564155459,774.087454512225,847.848314647487,1417.96018633304,4075.5224277609,293.343470603451,205.63766739965,44.9317515573478,84.1753150590544,29.8317870851332,32.675222811411,54.7412976329729,157.330185149849,19186.4729604268,13315.7383469295,3161.64997350326,5761.3981877052,2211.09527280348,2357.92272558091,3547.38380659287,9962.84944453752,737.174408698468,511.611974910621,122.937190288385,224.322303948466,86.4701737437764,92.2483020492345,139.103971191343,390.68089815688,0,0,7.02958247899745,13.0115550290341,5.13317622465594,5.50270173726886,8.74327100296938,24.6533945896813,0,0,0,0,0,0,0,0,519.02527501352,380.139120323084,387.775583241657,775.827101534838,519.417789334486,585.661443728271,297.175735605276,913.726917485966,19.9417800739405,14.6055529353147,14.9087754952463,29.8259648073603,19.9467147304438,22.4917020774097,11.42595819147,35.1313583100107,249.817623415307,182.01087712167,262.306333500399,532.183691273775,367.649179957286,410.521134760621,240.364519621822,738.895617315052,9.59839201128732,6.99314898014486,10.084594249229,20.458625212515,14.1191948543924,15.76638733233,9.24008025965661,28.4043534189219,0,0,37.2890788061573,75.7853119098564,37.4710752860922,40.9367946950193,72.7846756718804,204.300593657119,0,0,0,0,0,0,0,0,981.226050433159,440.536691052457,3466.86346013916,3554.07094621137
"303",2015,939,25.1666666666667,2018.37415114849,1591.2570256458,468.916780735049,860.323675470028,138.807255028291,155.122274051052,100.058504619031,306.326318784404,0,0,0,0,0,0,0,0,0,0,0.780708423525907,1.43114811025273,0.284882972714924,0.316039844586985,0.209771408542933,0.638709219688345,0,0,0,0,0,0,0,0,7635.13762139401,5348.29760215199,1158.22582890989,2165.96286354484,772.855689398503,837.929349403431,1426.99100973933,4112.94588559716,293.354197291358,205.490146707813,44.653074040978,83.5101745260879,29.7843272719944,32.2929753093341,55.0901077543776,158.77513634447,19187.6928410508,13306.1882637949,3141.41837593334,5715.58147547796,2206.53681055932,2329.6109877721,3571.09248943465,10057.8913464948,737.221289249315,511.245045167407,122.151627434548,222.535491379936,86.2918712971474,91.1389686234506,140.033697195657,394.403055538839,0,0,6.98814088359947,12.9082226730707,5.1232724144784,5.4369430364775,8.8013326643229,24.8862135303009,0,0,0,0,0,0,0,0,519.338552005113,380.070358685096,385.677270904929,769.935008558503,518.933536175367,578.970539500581,299.182533704756,923.191402914159,19.9538166956664,14.6029110027035,14.8281280308127,29.5995307321295,19.9281485843098,22.2348241840905,11.5031458850985,35.4953317110719,250.052755265527,182.029867240241,261.003207323752,528.160144656122,367.507404314273,405.92647997059,241.974113461215,746.38424572122,9.60742616376352,6.99387861056927,10.034518972158,20.3040192679636,14.1137843227231,15.5899942237289,9.30200516399055,28.6923760143179,0,0,37.0886092596329,75.1223319847267,37.4072685667539,40.4210215621437,73.3018513677824,206.216660839163,0,0,0,0,0,0,0,0,985.15751894645,442.085607776025,3481.11039299306,3565.54002954786
"304",2015,939,25.25,2014.31299569286,1587.56210781869,466.34432558838,855.757159061256,137.966098709234,153.237518182877,99.9761042538944,308.170647535422,0,0,0,0,0,0,0,0,0,0,0.776425086321887,1.42272195546984,0.28313487774039,0.312076262920574,0.209572147211122,0.642313934865198,0,0,0,0,0,0,0,0,7635.21192937759,5344.32009873245,1151.11360186715,2148.98801570526,771.559290746838,828.173008926667,1435.95168629688,4149.97722086381,293.357052322919,205.337324665733,44.378991812698,82.855726876395,29.734376828813,31.9169960652203,55.4362112165187,160.204976725389,19188.9409239806,13296.6964537841,3121.59634535246,5670.64888113845,2201.86906639453,2301.84958014079,3594.64478495496,10151.7328630643,737.269253169005,510.880354376546,121.381830741595,220.782981234887,86.109331385687,90.0512000642192,140.957379264515,398.078501065603,0,0,6.94646228406728,12.8058112849862,5.11307741806358,5.37240963102931,8.85901135401445,25.1163685102401,0,0,0,0,0,0,0,0,519.631531429861,379.988402082803,383.566230477414,764.079517435799,518.396620499579,572.364897864627,301.14435184887,932.250470010904,19.9650734520822,14.5997620984727,14.7469895239903,29.374499880166,19.9075574272252,21.9812178315092,11.5786036392941,35.8437285044008,250.287307724517,182.049326990319,259.703417085222,524.187363252443,367.342226073938,401.402016680795,243.570723655697,753.689118590459,9.61643805489064,6.99462628499356,9.98457076716459,20.1513619510536,14.1074730189286,15.4162943210817,9.36342940294033,28.9733366903479,0,0,36.8887713516175,74.4672555634865,37.3420976744673,39.9148796948926,73.8179002866998,208.118030145177,0,0,0,0,0,0,0,0,989.091282523934,443.634217307904,3495.31618649032,3576.90313370356
"305",2015,939,25.3333333333333,2010.3391993087,1583.9545478911,463.871427803037,851.367082704788,137.134996716929,151.424469566615,99.8811638873277,309.882381951054,0,0,0,0,0,0,0,0,0,0,0.772177419204582,1.41450318305694,0.281406147368195,0.308256390000129,0.209351350264153,0.645694481989879,0,0,0,0,0,0,0,0,7635.05495009766,5340.18721649449,1144.11032491701,2132.27225430226,770.195316613531,818.57029591721,1444.83296742631,4186.57699951131,293.351020927947,205.178532720972,44.1090907029611,82.2112497559701,29.681822760959,31.546938715887,55.7792524259545,161.618189746858,19190.2390842991,13287.2773240411,3102.17929343698,5626.58918267136,2197.10060518267,2274.63004451594,3618.04724121064,10244.4171374536,737.31914093642,510.518456083456,120.627629512606,219.064345694108,85.9228855680904,88.984664200414,141.875272067161,401.708914676527,0,0,6.90472935732214,12.704472829434,5.10259388452747,5.3090715485865,8.91630193339343,25.3438763098925,0,0,0,0,0,0,0,0,519.90463569541,379.893487393292,381.447645405915,758.265841451029,517.808263368274,565.845304446476,303.063644809825,940.934844905607,19.9755665727698,14.5961153238188,14.6655591535883,29.1510726552115,19.8849881737165,21.730913261468,11.6524258001203,36.1777290929238,250.523084751163,182.070539108708,258.408546476848,520.267709182902,367.15641979132,396.949644762031,245.154972960906,760.810267854504,9.62549699565404,6.99544128821706,9.93481052865283,20.0007441299762,14.1003675290579,15.2453606915846,9.42437700765571,29.2472369625429,0,0,36.6895772364372,73.8200698693289,37.2756287285323,39.4182156244061,74.3328978137604,210.005203944483,0,0,0,0,0,0,0,0,993.027189247498,445.182466423629,3509.47986650101,3588.16131819523
"306",2015,939,25.4166666666667,2006.45541201605,1580.43573199276,461.494874448289,847.14779883442,136.314899351083,149.68083801576,99.774759835663,311.469421422815,0,0,0,0,0,0,0,0,0,0,0.767986262551416,1.40650411489394,0.279696905415626,0.304575326318456,0.209109370126528,0.648855147282219,0,0,0,0,0,0,0,0,7634.64601024944,5335.88560736977,1137.20713738771,2115.80028487215,768.762253328117,809.114228217212,1453.62701363923,4222.71068618279,293.335308805015,205.013258019399,43.8430318589442,81.576156862595,29.6266069429913,31.1825343369779,56.118929858373,163.013446758085,19191.6047501075,13277.9421953515,3083.16185324744,5583.38983598772,2192.23921082164,2247.94342046515,3641.3055054665,10335.9834756261,737.37162217037,510.159785250717,119.888822685415,217.379105366614,85.7328352043472,87.9390094366214,142.787595315992,405.29582769842,0,0,6.86309041610453,12.6043263221257,5.09182712589837,5.2469008325851,8.97319998055664,25.5687525877101,0,0,0,0,0,0,0,0,520.158174876774,379.785781309638,379.325861774766,752.498159190968,517.16951059294,559.412050916471,304.942543654199,949.272122950251,19.9853079713116,14.5919770833561,14.5840039473608,28.9294097195861,19.8604809978269,21.4839217205813,11.7246942674401,36.4983935625176,250.761447500192,182.094458272405,257.120019768063,516.40291995976,366.952123663628,392.570503389846,246.727390320648,767.749328671144,9.63465528379627,6.99636030045655,9.8852930158786,19.8522326567457,14.0925499991125,15.0772371807946,9.48486839257541,29.5141398969608,0,0,36.4910573915215,73.1807685215972,37.2079201568042,38.9308701081729,74.8469078727553,211.878647942153,0,0,0,0,0,0,0,0,996.965089779118,446.730302654837,3523.60054725539,3599.31568374993
"307",2015,939,25.5,2002.66368108056,1577.00659005201,459.211481120521,843.093699279829,135.506640476879,148.004367012094,99.6579036580739,312.939252211418,0,0,0,0,0,0,0,0,0,0,0.763867971681252,1.39873337407911,0.278007697779631,0.301028515494492,0.20884686592546,0.651801671854533,0,0,0,0,0,0,0,0,7633.96952998089,5331.40550642311,1130.39690156737,2099.5598777431,767.259783814389,799.799505546191,1462.32727059092,4258.34843323113,293.30931735129,204.841125376589,43.5805423968843,80.9499793750732,29.5687172251778,30.823578648313,56.4549913099115,164.38959895144,19193.0513970274,13268.6996551804,3064.53800805907,5541.03721231212,2187.29196524593,2221.78036087686,3664.42440804369,10426.4676006631,737.427214629139,509.804671822372,119.165183802439,215.72673846613,85.5394545106377,86.9138692319672,143.694537013965,408.840632659941,0,0,6.82166373456136,12.5054621615203,5.08078466972053,5.18587136955403,9.02970174916914,25.7910121588868,0,0,0,0,0,0,0,0,520.392366910186,379.665394136929,377.204489880054,746.779758087018,516.481289205131,553.065037080167,306.782888627223,957.28699054033,19.9943060211705,14.5873516151822,14.5024626804334,28.7096375053855,19.834071504254,21.240239386244,11.7954797584535,36.8066702035013,251.003370255755,182.121753557523,255.839105157472,512.594184326397,366.730927310791,388.265083214067,248.288416242439,774.509269382871,9.64395035287469,6.99740902868624,9.83606698410897,19.7058732839626,14.0840815054397,14.9119427194763,9.54492056244018,29.7741597365811,0,0,36.2932571646461,72.5493493953818,37.1390238609233,38.4526795723404,75.3599839935315,213.738793342331,0,0,0,0,0,0,0,0,1000.9048368443,448.277674119878,3537.67742260044,3610.36736462036
"308",2015,939,25.5833333333333,1998.96554574602,1573.66767081664,457.018107478348,839.199244985487,134.710949749329,146.392840165883,99.5315474393949,314.29897244026,0,0,0,0,0,0,0,0,0,0,0.759835263649598,1.3911965907285,0.276339335467613,0.297611657891861,0.20856471963546,0.654540863272051,0,0,0,0,0,0,0,0,7633.01411461111,5326.74007616549,1123.67387264403,2083.54122275848,765.688479538761,790.622076288498,1470.92828061704,4293.46466748717,293.272608764913,204.661872085279,43.3214027614514,80.3323412205666,29.5081756082932,30.4699153821633,56.7872266734031,165.745661554468,19194.5892468217,13259.5560524923,3046.3012579136,5499.51690183951,2182.26536400783,2196.13127693437,3687.40808776246,10515.9020686535,737.486311052587,509.453359735689,118.456467445997,214.106692562201,85.3429950271965,85.9088677133693,144.59625831647,412.344599364994,0,0,6.78054360692606,12.4079481930584,5.06947566375899,5.12595865899296,9.08580409534146,26.0106692807222,0,0,0,0,0,0,0,0,520.607363907761,379.532397567664,375.086545499828,741.113231656332,515.744483054462,546.803911035718,308.586275475671,965.001565055655,20.0025665667416,14.5822416738375,14.4210512975806,28.4918557874184,19.8057936339545,20.9998527547489,11.8648435878561,37.1034085714701,251.249517567805,182.152866606652,254.566919915729,508.842238294124,366.493985313932,384.033363009572,249.838414277732,781.094057535837,9.6534077359641,6.99860444152057,9.78717538551891,19.5616943590924,14.0750064144729,14.749476570925,9.60454755447086,30.0274490733611,0,0,36.0962321829968,71.9258117893089,37.0689867917452,37.9834778387654,75.8721709339256,215.586040724235,0,0,0,0,0,0,0,0,1004.8462845565,449.824529303246,3551.7097525235,3621.31751786549
"309",2015,939,25.6666666666667,1995.36210997577,1570.41919943113,454.911668633918,835.458987841932,133.928462375089,144.8440860084,99.3965879050329,315.555312276918,0,0,0,0,0,0,0,0,0,0,0.75589785436553,1.38389693804362,0.274692788017843,0.294320654565782,0.208263974919153,0.657080307092256,0,0,0,0,0,0,0,0,7631.77186377387,5321.88490867201,1117.03344830361,2067.73644920168,764.049578079702,781.578828325054,1479.42553604091,4328.03773660495,293.224879501176,204.475328785944,43.0654371353931,79.722940672372,29.4450297031767,30.1214244106399,57.1154623155556,167.080800298931,19196.2257991892,13250.5158737888,3028.44474452613,5458.81393874007,2177.16540057228,2170.98644129784,3710.26008892781,10604.3166049169,737.549199594533,509.106021369127,117.762414066501,212.518393292572,85.1436888778193,84.9236236738248,145.492897289678,415.80888788103,0,0,6.73980479948073,12.3118341127997,5.05791043774663,5.06713960994555,9.14150442241504,26.2277379209083,0,0,0,0,0,0,0,0,520.803271525387,379.386837654418,372.974554581955,735.500621067667,514.959978450232,540.628158885974,310.354092083751,972.435674627309,20.0100936674977,14.5766490287354,14.3398669315879,28.2761431190787,19.7756814191883,20.7627420912948,11.932839075944,37.3893702370905,251.500302638243,182.188055554198,253.304438586162,505.147442716286,366.242106202455,379.874917375437,251.377679929285,787.508403141258,9.66304330894571,6.99995645689609,9.73865568632929,19.4197098078014,14.0653557999747,14.5898224670813,9.66376078141796,30.2741889869167,0,0,35.9000450615882,71.3101545282055,36.9978520831875,37.5230974155479,76.3835059158917,217.420763012379,0,0,0,0,0,0,0,0,1008.7892879832,451.37081692127,3565.69685410112,3632.16731614682
"310",2015,939,25.75,1991.85410308151,1567.26112531267,452.889143644431,831.867587060637,133.159727738932,143.355981526117,99.2538700333219,316.714652686426,0,0,0,0,0,0,0,0,0,0,0.752062973877086,1.37683556995219,0.273069109244803,0.291151570231971,0.207945789929339,0.659428139593777,0,0,0,0,0,0,0,0,7630.23780443381,5316.83761806408,1110.47196402916,2052.13924244909,762.344812931074,772.667354363962,1487.81535527187,4362.04957630516,293.165938488111,204.281403809316,42.8125055992138,79.121535654123,29.3793461938799,29.7780127308532,57.4395563273309,168.394318685574,19197.9662687466,13241.5820513102,3010.96135121262,5418.91297850159,2171.99763268282,2146.33606536908,3732.98344261676,10691.738401613,737.616080612305,508.762769383949,117.082753848039,210.961251236191,84.9417513370299,83.9577535690944,146.38457206033,419.234560032611,0,0,6.69950605038125,12.2171548768154,5.04610016259087,5.00939235035056,9.19680063426135,26.4422320141559,0,0,0,0,0,0,0,0,520.980164036259,379.22874478379,370.870636693508,729.943523532459,514.128690214962,534.537162962021,312.087549785644,979.607109852457,20.0168901771379,14.5705748473775,14.2589911066153,28.0625609949266,19.7437699862697,20.528883670277,11.9995127523203,37.6652384588652,251.755934738073,182.227430591494,252.052503960974,501.509851030203,365.975827320501,375.789008208037,252.906448096966,793.757547585754,9.67286511234993,7.00146930853995,9.6905402897822,19.2799217385133,14.0551503182133,14.4329521219058,9.72256931832726,30.5145809365825,0,0,35.7047629257633,70.7023746837458,36.9256599154521,37.0713705135806,76.894019647778,219.243307988604,0,0,0,0,0,0,0,0,1012.73370286877,452.916485844583,3579.63809506924,3642.91794271223
"311",2015,939,25.8333333333333,1988.44193268715,1564.19316386931,450.947582174335,828.419822117415,132.40521723872,141.926454859323,99.1041903588018,317.783043265792,0,0,0,0,0,0,0,0,0,0,0.748335809295899,1.3700119981241,0.271469377490293,0.288100603484384,0.207611397940922,0.661592856605546,0,0,0,0,0,0,0,0,7628.40939970622,5311.5974884338,1103.98651850956,2036.74452175206,760.576273012789,763.885761238967,1496.09477254482,4395.48539160502,293.095688254548,204.080069649066,42.5624974441166,78.5279313871091,29.3112054411114,29.4396071380403,57.7593942968216,169.685645780307,19199.8139640129,13232.7562296174,2993.84378707251,5379.79844604267,2166.76723893284,2122.17036208665,3755.58073851802,10778.1923893659,737.687081227907,508.423666966713,116.417209966896,209.434667657083,84.7373830184983,83.0108739539266,147.271383599656,422.622589892123,0,0,6.65969304979699,12.1239335919349,5.0340565635409,4.95269605982148,9.25169109211945,26.6541656768814,0,0,0,0,0,0,0,0,521.138096867305,379.058141894404,368.776575865856,724.443182564896,513.251580108584,528.530246986609,313.78771078245,986.53185129255,20.022958225258,14.5640200111022,14.1784924578225,27.8511573171349,19.7100962648832,20.298251513133,12.0649054099817,37.9316269259684,252.016459938911,182.27098442511,250.811837806562,497.929267189241,365.695478086751,371.774660574436,254.424900373484,799.847088265981,9.68287491632587,7.00314271622668,9.64285694917789,19.1423226697592,14.044402637595,14.2788281459308,9.78098018351346,30.7488400259405,0,0,35.5104553534513,70.1024665580679,36.8524482296447,36.628129881833,77.4037372263306,221.054000584112,0,0,0,0,0,0,0,0,1016.67938544127,454.46148504987,3593.53288850823,3653.57058726738
"312",2015,939,25.9166666666667,1985.12572978605,1561.21483188772,449.084109349818,825.110602292192,131.665331316524,140.553487205179,98.948299941594,318.766218993681,0,0,0,0,0,0,0,0,0,0,0.744719871043954,1.36342440549888,0.269894652928444,0.28516406620729,0.207262076369057,0.663583160435511,0,0,0,0,0,0,0,0,7626.28613729151,5306.1651797502,1097.57482911401,2021.54817928776,758.746293419213,755.232523427368,1504.26144282095,4428.33335729808,293.014109117119,203.871351662261,42.3153256364125,77.9419703857615,29.2406972844423,29.1061485958198,58.0748856629724,170.954324744026,19201.7706054074,13224.0389886023,2977.0846552537,5341.4546541996,2161.47906477738,2098.47959376869,3778.05418641729,10863.7014801386,737.762267545999,508.088736397696,115.76550123639,207.938039104047,84.530771655351,82.0826033396536,148.153418106103,425.973873159656,0,0,6.62040085298725,12.0321838304831,5.021791692318,4.89703082125676,9.30617457597173,26.8635533914089,0,0,0,0,0,0,0,0,521.277116464286,378.875050846557,366.693878280252,719.000558886358,512.329665971613,522.606705814304,315.455511662782,993.224273376856,20.0282995963827,14.556985359817,14.0984289459692,27.6419691188818,19.674699340703,20.0708185332565,12.1290530097514,38.1890875949769,252.281794800438,182.318617379905,249.583052064774,494.405295233928,365.401232449569,367.830725448828,255.933171621559,805.782836069236,9.69306951496732,7.00497285027791,9.59562919881727,19.0068974358342,14.0331194534862,14.1274064564893,9.83899859186988,30.9771895291401,0,0,35.3171927861201,69.5104209911077,36.778253282197,36.1932094666602,77.9126789030255,222.853144891815,0,0,0,0,0,0,0,0,1020.62619230871,456.005763603101,3607.3806888545,3664.12644293278
"313",2016,939,26,1981.8517716183,1558.23621564535,447.179437218667,821.951903829504,131.065707259135,139.688587240274,98.6136881939861,319.051355262242,0,0,0,0,0,0,0,0,0,0,0.741316650576889,1.35736006190994,0.268603156615257,0.283258772719206,0.206564713574929,0.664215878286749,0,0,0,0,0,0,0,0,7624.13739101604,5300.76445997225,1091.13495679587,2006.75512788141,757.582451171323,749.143054907977,1511.49000080865,4457.74733012251,292.931550849007,203.663847371727,42.0670940671015,77.3715840838075,29.1958611933978,28.8714962175869,58.3542207126419,172.090660105819,19204.4287572958,13215.871036005,2960.36631674432,5304.37960773885,2158.20628680448,2082.02958515495,3798.08732990432,10940.4948809403,737.864406823516,507.774910373413,115.115618815839,206.491081770427,84.4029943359391,81.4375856977964,148.940164161242,428.984662654511,0,0,6.58255459014062,11.9444795761569,5.01412470486771,4.85818848724467,9.35489714909656,27.0523049190637,0,0,0,0,0,0,0,0,521.443518408515,378.704774685093,364.692135988373,713.792186891658,511.896379496333,518.477182842491,316.611862845901,997.937314968164,20.0346930407087,14.5504430769699,14.0214767742482,27.4417837996583,19.6580642729195,19.9122824705107,12.1735568183883,38.3705204336965,252.561448222037,182.37844493239,248.39390830456,491.037163014322,365.444454886855,365.145854636264,257.067543609584,810.291701528428,9.70381425538077,7.00727152027961,9.54992459638765,18.8774609857447,14.0347948250029,14.024340201032,9.88265489686234,31.1507297963366,0,0,35.1299902006541,68.9411958759451,36.7383486823232,35.8832778743046,78.3832778574474,224.511375058964,0,0,0,0,0,0,0,0,1024.54134791277,457.536394139936,3621.06777177618,3674.50102120982
"314",2016,939,26.0833333333333,1978.47531543736,1554.97421546804,444.827782929556,819.019915476246,131.051227548054,140.942611099304,97.479230171135,316.439681707935,0,0,0,0,0,0,0,0,0,0,0.738330768704536,1.35273690566847,0.268521596187606,0.285679630359099,0.204305662786241,0.659195684515192,0,0,0,0,0,0,0,0,7622.81970870207,5296.11276297824,1084.27924471141,1993.07393682095,759.713090542689,754.428956504488,1514.61199244508,4472.93395615503,292.880923387307,203.485121734367,41.8029727863093,76.844201092639,29.2779923829314,29.0752448307107,58.4752904177601,172.678670100165,19210.1135456013,13209.9789725257,2942.56798949503,5270.45055378483,2164.52959776258,2097.42453626957,3807.16883008273,10980.2591804033,738.082834057735,507.548527655541,114.425190434955,205.168042333583,84.650556916776,82.0382694850764,149.299034750479,430.548188315849,0,0,6.54857796071486,11.869429452862,5.02870414231715,4.8936164321487,9.37802952448266,27.1540476470943,0,0,0,0,0,0,0,0,521.803386856196,378.639338592281,362.988483821187,709.428650322848,513.905684609423,522.399785695293,315.587880407761,994.612927241997,20.0485197768532,14.5479289172329,13.9559866764131,27.2740774625696,19.7352275008374,20.0629865471516,12.1343256842968,38.2432511655114,252.905148292167,182.48918927651,247.36044120568,488.214661653562,367.149205050747,368.101775424457,256.499097406242,808.738712543313,9.71701977016287,7.01152649484879,9.51020516259723,18.7689993098274,14.1002786390276,14.1379200909501,9.86090893494629,31.091432146593,0,0,34.9672069221176,68.4498029856426,36.8628195241988,36.1241560889765,78.6766846529648,225.555296434176,0,0,0,0,0,0,0,0,1028.30472163977,459.005909788749,3634.20484483708,3684.43095676788
"315",2016,939,26.1666666666667,1975.2792710661,1551.87670437603,442.593541390923,816.240778338113,131.018523092505,142.132360625998,96.3750274730841,313.905800189241,0,0,0,0,0,0,0,0,0,0,0.735221697978077,1.34811391488019,0.268416466329802,0.288006384258451,0.202080702071351,0.654231840851617,0,0,0,0,0,0,0,0,7621.03042056174,5291.13204035836,1077.4837869899,1979.50822724184,761.69621775481,759.474759176092,1517.44881263538,4487.13424471892,292.812176075581,203.293754406292,41.5411542664405,76.3212581471705,29.3544419770174,29.2697400830129,58.5853690265445,173.228674317811,19216.081474398,13204.3180007174,2925.16561154416,5237.21869790281,2170.63659819885,2112.38460209127,3816.26501533496,11020.0540637924,738.312139830882,507.331023853834,113.749998753773,203.87205507696,84.889736415701,82.6220704654722,149.658507663539,432.113036531148,0,0,6.5138006261938,11.7944661197714,5.04273684241308,4.92799498463924,9.40078341611722,27.2545269145662,0,0,0,0,0,0,0,0,522.134642673536,378.558014671443,361.240054502626,705.056128866248,515.832918225615,526.244454768366,314.708969253378,991.822224050399,20.0612471697262,14.5448043217438,13.8887740373113,27.1060231274772,19.8092353681216,20.2106922793295,12.1006629122675,38.1364712723824,253.271427546887,182.613813705186,246.356206812876,485.468554196197,368.866206707302,371.064103504096,255.959992701568,807.242866231974,9.73109281311951,7.01631476446894,9.47160866799087,18.6634723911533,14.166230754636,14.25174337294,9.84028975219761,31.0343293105344,0,0,34.8053539619269,67.9651419217568,36.9851572253949,36.3602725089365,78.9701398762619,226.600267002693,0,0,0,0,0,0,0,0,1032.07058847955,460.475140765474,3647.34553886705,3694.35698950035
"316",2016,939,26.25,1972.25154006783,1548.93322189764,440.470087059545,813.60528490195,130.969030547673,143.261086993074,95.3000761107805,311.446791109887,0,0,0,0,0,0,0,0,0,0,0.732041494845414,1.34353164038961,0.268285812715931,0.290237342831862,0.199892389113266,0.649336167824235,0,0,0,0,0,0,0,0,7618.84695949783,5285.87881691986,1070.76477813349,1966.08845579441,763.553638057671,764.307203811413,1520.03184845799,4500.44569472329,292.728284009781,203.091917160992,41.2822625771096,75.8039266428553,29.4260476689962,29.4560100539771,58.6856614286892,173.744414604761,19222.2741868875,13198.8464663637,2908.14281039995,5204.6552846259,2176.52772791003,2126.91483216255,3825.35837300496,11059.8234556716,738.550081985862,507.120798546565,113.089415040479,202.602008397874,85.1205462666098,83.1891811791607,150.017902676734,433.677031769923,0,0,6.47848590845666,11.7197971444628,5.05621245036378,4.96132477428162,9.4231424445472,27.3536784105202,0,0,0,0,0,0,0,0,522.437399359676,378.460604539164,359.454032164124,700.680143142515,517.677283186835,530.004533059807,313.957165712413,989.503180288458,20.0728795801488,14.5410616682942,13.8201148124342,26.9378328307882,19.88005706807,20.3551435634054,12.0718782971035,38.0477973213798,253.653285363418,182.747709253395,245.371094049844,482.782252785423,370.583738817451,374.022507106899,255.454515991232,805.827487340586,9.74576440914538,7.02145924533298,9.43374640458611,18.5602425835821,14.2322010039486,14.3654131355439,9.8209616157542,30.980316148777,0,0,34.6442180080648,67.4868586201575,37.1052795247686,36.5915984120946,79.2634419894481,227.645694495,0,0,0,0,0,0,0,0,1035.83874231395,461.944024986245,3660.48799988675,3704.27841298931
"317",2016,939,26.3333333333333,1969.38132708238,1546.13437987435,438.451310662073,811.105015661425,130.904128203488,144.331897700318,94.2534474837825,309.059967801249,0,0,0,0,0,0,0,0,0,0,0.728831562859505,1.3390212579127,0.268128866023492,0.292372253028717,0.197742740280323,0.644518076440626,0,0,0,0,0,0,0,0,7616.33458795995,5280.4007925171,1064.13406556859,1952.8372167624,765.302631412308,768.948342762804,1522.38925776228,4512.95708743635,292.631754677589,202.881442703149,41.0267547633055,75.2930760819577,29.4934735289605,29.6349028895931,58.7772488452996,174.229299174058,19228.6425810821,13193.5293305882,2891.48517458136,5172.7351321765,2182.20461297937,2141.02140510612,3834.43390103194,11099.5188178621,738.794773949958,506.916505483956,112.44288620429,201.356928810366,85.3430459677263,83.7398379722605,150.376636708754,435.238289868892,0,0,6.44285075918532,11.6455937190025,5.06913054614448,4.99361611097275,9.44509728788885,27.4514607208821,0,0,0,0,0,0,0,0,522.712044540908,378.347128058527,357.637264046639,696.306473388598,519.439307787912,533.675516571609,313.316661448105,987.600698870974,20.0834319013458,14.5367017200555,13.7502720528364,26.7697286232841,19.9477127495508,20.4961670945969,12.0473644392821,37.9751120579524,254.044957333755,182.88710653116,244.397262541452,480.142636768148,372.291927958976,376.967862509784,254.985606219905,804.510189615333,9.76081308048061,7.02681511144967,9.3963169431816,18.4588055108692,14.2978101607706,14.4785788398163,9.80303706913685,30.9300682289332,0,0,34.4836434058898,67.014664328745,37.2231129305832,36.8181125904396,79.5564103735016,228.691043006439,0,0,0,0,0,0,0,0,1039.60897871061,463.412499971571,3673.63047618501,3714.19452037822
"318",2016,939,26.4166666666667,1966.6589521736,1543.47171140587,436.531560701509,808.73224316846,130.825132923957,145.347759257186,93.2342774472809,306.742843333316,0,0,0,0,0,0,0,0,0,0,0.725624673348147,1.33460644388204,0.267945716402532,0.294411941546859,0.19563331170946,0.639784969324133,0,0,0,0,0,0,0,0,7613.54836542132,5274.73826509409,1057.60008705857,1939.77088837349,766.956821858963,773.416324838174,1524.54628569401,4524.74916749303,292.524703552013,202.663879344217,40.7749568133514,74.7893372232765,29.5572433300247,29.8071168897909,58.8611009315178,174.686428600466,19235.1453187312,13188.3371054126,2875.17988276044,5141.43595900512,2187.66978480137,2154.71135953157,3843.47878387442,11139.0982544256,739.044627445411,506.717011690609,111.80992048947,200.13595494997,85.5573302385217,84.2743106184395,150.734211278679,436.795183406459,0,0,6.40707345380955,11.5719960272158,5.08149746637759,5.02488595656601,9.46664420615074,27.5478510411429,0,0,0,0,0,0,0,0,522.959175660382,378.217775900391,355.796161455559,691.94088834455,521.120445265662,537.254572860826,312.773559098971,986.065893821893,20.0929270880413,14.5317318029069,13.6794920983503,26.6019321562557,20.0122581361622,20.6336538697422,12.0265873621569,37.9165368796687,254.441714006439,183.028935483873,243.428747372559,477.539464563744,373.982553403216,379.892208810602,254.555097996613,803.303808771433,9.77605711404862,7.03226440641115,9.35909094438561,18.3587674626359,14.3627424616075,14.5909345952817,9.78658626977733,30.8840776537621,0,0,34.3235210467157,66.5483239663359,37.3385931163664,37.0398017959549,79.8488830521976,229.735827110046,0,0,0,0,0,0,0,0,1043.38109689648,464.880503683414,3686.77133260049,3724.10462298758
"319",2016,939,26.5,1964.07566899083,1540.93752352398,434.705582319246,806.479834094799,130.733300453164,146.311504898781,92.2417557272386,304.493098269076,0,0,0,0,0,0,0,0,0,0,0.72244676194778,1.33030501357422,0.26773705676823,0.296358021360793,0.19356527895114,0.635142617419985,0,0,0,0,0,0,0,0,7610.53499521893,5268.92546751266,1051.16868132713,1926.90106938098,768.526965128299,777.72614325162,1526.52561907903,4535.89547409047,292.408925049949,202.440542365492,40.5270947753277,74.293157205353,29.6177707501962,29.9732291889566,58.9380893328245,175.118627575796,19241.7474245212,13183.2448529292,2859.21537629929,5110.73778641185,2192.92644139128,2167.99236170138,3852.4820622576,11178.5255731236,739.298298668498,506.521359012135,111.190074839489,198.938314501717,85.7635197952719,84.7928933471145,151.090199730063,438.34630541708,0,0,6.371300821412,11.4991185909471,5.09332393805276,5.05515561942181,9.48778373089442,27.6428412102406,0,0,0,0,0,0,0,0,523.179544590324,378.072867969508,353.936661989459,687.588972163023,522.722759256788,540.740126596724,312.315606985918,984.855284163304,20.1013940283717,14.5261642081005,13.6080031219024,26.4346580284771,20.0737724422918,20.7675432583178,12.0090763232645,37.8704008777045,254.839671626291,183.1706946911,242.461083067129,474.964809388938,375.648815483309,382.788647421018,254.163952376319,802.217314408806,9.79134728977439,7.03771102164393,9.32189670801705,18.2598237076929,14.4267367159717,14.7022153101935,9.77164584942274,30.8426880822367,0,0,34.1637783502555,66.0876453090326,37.4516646126163,37.2566605499732,80.1407142862239,230.779605622874,0,0,0,0,0,0,0,0,1047.15490103538,466.347975117057,3699.90905270014,3734.00806123277
"320",2016,939,26.5833333333333,1961.62356938644,1538.5248203269,432.968487052896,804.341199811627,130.629824413034,147.225836652087,91.2751204305732,302.308563993677,0,0,0,0,0,0,0,0,0,0,0.719317901133644,1.32612980725869,0.267504046793596,0.298212732567216,0.191539481500455,0.630595367914634,0,0,0,0,0,0,0,0,7607.33382164161,5262.99128897708,1044.84353535507,1914.23537243544,770.021390271613,781.890057793316,1528.34756570603,4546.462735714,292.28593084189,202.212541736399,40.2833119273585,73.8048299902696,29.6753763083383,30.133711944175,59.0089945384563,175.528459969888,19248.4195301942,13178.2316449274,2843.58118621642,5080.6226206054,2197.97831292528,2180.87256987749,3861.43445593155,11217.7697877508,739.55465924736,506.328743353105,110.582948215522,197.763311916656,85.9617561572916,85.2958996081483,151.444240378835,439.890450163805,0,0,6.3356522192805,11.4270532835303,5.10462387848381,5.08444954735493,9.50851991780376,27.7364354235919,0,0,0,0,0,0,0,0,523.374025735325,377.912829658837,352.064212053939,683.256034452979,524.248752967046,544.131629272274,311.932055395173,983.930362636154,20.108866318363,14.5200152799139,13.5360144538048,26.2681103264946,20.1323518086296,20.8978141496645,11.9944182951878,37.8352242755152,255.235688894355,183.310380047112,241.491086564607,472.412733913307,377.285197150469,385.651280163563,253.812392463621,801.256342000287,9.80656291393673,7.04307795620078,9.28461183333209,18.1617459910617,14.4895809936091,14.812194320798,9.7582241212362,30.8061151626083,0,0,34.0043736554688,65.6324729170554,37.5622805778781,37.4686909823732,80.4317733786788,231.8219786248,0,0,0,0,0,0,0,0,1050.93020112344,467.814854695131,3713.04223923698,3743.9042102509
"321",2016,939,26.6666666666667,1959.29546365177,1536.22720607562,431.315712781474,802.310232011489,130.51583668729,148.093330314243,90.3336513299472,300.187202068086,0,0,0,0,0,0,0,0,0,0,0.716253473377556,1.32208975313098,0.267248153222504,0.299978755820529,0.18955647694718,0.626146395821547,0,0,0,0,0,0,0,0,7603.97805667622,5256.96016175718,1038.62670133015,1901.77834397362,771.446519082728,785.918102403639,1530.0303021529,4556.51146117012,292.156996985483,201.980816183817,40.0436886247982,73.324531665855,29.730307285044,30.2889518020718,59.0745153609286,175.918251408933,19255.1369429347,13173.2798979778,2828.26772609316,5051.0740731904,2202.82950685305,2193.3604788769,3870.32813620449,11256.8044654248,739.812760447963,506.138489129956,109.988173602066,196.610313749831,86.1521956579944,85.7836560662973,151.796027716762,441.426587914491,0,0,6.30022436068377,11.3558729895251,5.11541298663386,5.1127939343373,9.52885947983246,27.828647555018,0,0,0,0,0,0,0,0,523.543579519887,377.738164343858,350.18375681366,678.947017659604,525.701176994337,547.429293134712,311.613470971115,983.25702701302,20.1153808590635,14.5133043588378,13.4637161915618,26.1024790624525,20.1881019172823,21.0244747241738,11.9822508367753,37.8096965872544,255.627240731402,183.446397947936,240.516604866961,469.878911741209,378.887293353397,388.475122683289,253.500060726321,800.42381997795,9.82160696896052,7.04830398126842,9.24715352076122,18.0643679863208,14.5511060756268,14.92068007212,9.74630711989657,30.77447061626,0,0,33.8452896056835,65.1826809696653,37.670402412322,37.6759025086732,80.7219430206307,232.862583187575,0,0,0,0,0,0,0,0,1054.70681378976,469.281084647087,3726.16961257881,3753.79248537564
"322",2016,939,26.75,1957.08477993235,1534.03880370887,429.74298951919,800.381247967949,130.392408265384,148.916440340768,89.41666427284,298.127087008978,0,0,0,0,0,0,0,0,0,0,0.713265123145058,1.31819072086128,0.266971031002939,0.30165906817199,0.187616587780427,0.621797915659065,0,0,0,0,0,0,0,0,7600.49580522472,5250.85280249709,1032.51901009967,1889.53220492676,772.807293967994,789.818515378726,1531.59009515714,4566.096476974,292.023203316007,201.746161674343,39.8082581784204,72.8523488780084,29.782754135667,30.4392664021503,59.1352774035656,176.290109804482,19261.8788666647,13168.3748172173,2813.26612719028,5022.07705720215,2207.48438443026,2205.4647929777,3879.15652787959,11295.607152536,740.07180325503,505.950027900294,109.405411638795,195.478736911071,86.3350046670532,86.2564976879473,152.145304755201,442.953842769525,0,0,6.26509536593087,11.2856347823501,5.12570776677645,5.14021572523186,9.54881107353389,27.9194988920881,0,0,0,0,0,0,0,0,523.68922264661,377.549430806423,348.299749045848,674.666445096636,527.082887817352,550.633879673953,311.35157083359,982.805066301656,20.1209767138165,14.5060529141645,13.3912795352527,25.9379381723646,20.2411325515664,21.1475543192011,11.9722557214548,37.7926568829252,256.012312075894,183.577492597789,239.536299154359,467.360302131858,380.451650327247,391.256012258002,253.226154063284,799.7205156832,9.83640203296484,7.05334084716448,9.20947027508936,17.9675727942193,14.6111792854731,15.0275125821492,9.73586378788978,30.7477832067059,0,0,33.6865276813253,64.7381672530185,37.7759992223749,37.8783113602003,81.0111178608107,233.901089715889,0,0,0,0,0,0,0,0,1058.48456286803,470.746609295115,3739.2900058746,3763.6723446584
"323",2016,939,26.8333333333333,1954.98549607585,1531.95419946668,428.246315344457,798.548952412847,130.26055057745,149.697504233894,88.5235074551881,296.126394751971,0,0,0,0,0,0,0,0,0,0,0.710361361990104,1.31443605428622,0.266674459110638,0.303256859427774,0.185719934125772,0.6175513237484,0,0,0,0,0,0,0,0,7596.9107503878,5244.68670799448,1026.5203252868,1877.49731163275,774.107453557833,793.598029400732,1533.04146755295,4575.26734472676,291.885459776063,201.509250462924,39.5770166185681,72.388296529994,29.8328610662817,30.5849155069742,59.1918394085195,176.645941301526,19268.6278812509,13163.504023984,2798.5681366378,4993.61759776386,2211.94748575184,2217.19434589787,3887.91416783761,11334.1589576225,740.331118362343,505.76288405604,108.834346685654,194.368041340487,86.5103566845055,86.7147646434711,152.491857561037,444.471476560379,0,0,6.23032747241743,11.216382150576,5.13552507907063,5.16674212778339,9.56838484146839,28.009016621476,0,0,0,0,0,0,0,0,523.81200940891,377.34722881692,346.416173136653,670.418413015012,528.396774398334,553.74657175872,311.139100096513,982.547774662301,20.1256943902643,14.4982839900313,13.3188577051615,25.7746452061628,20.2915547718464,21.267098508987,11.9641542320418,37.7830789571213,256.389326287268,183.70269737781,238.549497898378,464.854927073537,381.975641120247,393.990526032184,252.989515856198,799.145416442869,9.85088752890287,7.05815141484646,9.1715362601001,17.8712843749794,14.6696997102953,15.1325603040144,9.72684951026691,30.7260133769177,0,0,33.5281046505824,64.2988491658599,37.8790472442469,38.0759400613268,81.2992034757121,234.937199323631,0,0,0,0,0,0,0,0,1062.26327963596,472.211375198111,3752.40235814682,3773.54328837011
"324",2016,939,26.9166666666667,1952.99207067425,1529.96838688882,426.821932059153,796.808398964391,130.121216907954,150.438746981856,87.6535577268192,294.183391133466,0,0,0,0,0,0,0,0,0,0,0.707548186942075,1.31082711779975,0.266360272016739,0.304775444879128,0.183866466365192,0.613407341270232,0,0,0,0,0,0,0,0,7593.24284865823,5238.47665763405,1020.62979742926,1865.67261648381,775.349807565614,797.262161034397,1534.39736892498,4584.06879632637,291.744533126017,201.270650397155,39.3499324596953,71.932335470753,29.8807365803347,30.7261121118484,59.2446997860144,176.987466911478,19275.3694137515,13158.6571782409,2784.16601440828,4965.68264096882,2216.22345408602,2228.5580203771,3896.5965612317,11372.4441255216,740.590145857233,505.576660316356,108.274682841702,193.277722616604,86.6784294074332,87.1587991934487,152.835509699438,445.978872408621,0,0,6.19596976513989,11.148147209081,5.14488163529572,5.1924000857603,9.58759195459597,28.0972323213814,0,0,0,0,0,0,0,0,523.913012896098,377.132184622951,344.536567096854,666.206579597437,529.645682982584,556.768845482436,310.96970880296,982.461562489321,20.1295751182178,14.4900216478724,13.2465867837659,25.6127409002995,20.3394780225942,21.3831641738366,11.9577024329995,37.780056388328,256.757072716829,183.821285652029,237.556053110976,462.361653537581,383.457344352026,396.675900732509,252.788726258386,798.696104402237,9.86501694171998,7.06270776579817,9.13334577339657,17.7754591791145,14.726593546005,15.2357170445788,9.71920958151703,30.709067646327,0,0,33.3700490027601,63.8646597473224,37.9795293059123,38.26881692702,81.5861152999429,235.970641073637,0,0,0,0,0,0,0,0,1066.04280304203,473.675331291687,3765.50570784983,3783.40485874973
"325",2017,939,27,1951.2431192021,1528.1261416947,425.495734186269,796.154963930145,130.058679624692,151.364117827259,86.4506987818941,290.93556603633,0,0,0,0,0,0,0,0,0,0,0.705270789732342,1.30926250545089,0.266201822013927,0.306668005164708,0.18143110361468,0.607031046594289,0,0,0,0,0,0,0,0,7589.77411532069,5232.53152613637,1015.2267197149,1856.46331328441,777.035877517849,801.990686942429,1534.51032511535,4588.69112970735,291.611258844097,201.042228937742,39.1416661617432,71.5772400708874,29.9457089380366,30.9083248174479,59.2496256991008,177.167817534658,19282.8350418825,13154.5495839171,2771.00674745043,4944.6596648564,2221.74741610508,2242.85395681756,3901.99206086748,11400.0991602575,740.876994115495,505.418839802493,107.763639952705,192.456799002538,86.8953498753893,87.7175869140499,153.051041256772,447.072049084451,0,0,6.16597221290988,11.0970584033748,5.15711675843407,5.22488028104562,9.59915394837895,28.1606284435003,0,0,0,0,0,0,0,0,524.014022054861,376.936894236851,342.862930643695,663.010191241244,531.17602268465,560.54788448059,310.282967068901,980.82404109626,20.1334560638321,14.4825182786096,13.1822338304076,25.4898737356118,20.3982052538767,21.5282882974416,11.9313687297297,37.7174035700164,257.123918315009,183.943610181859,236.699762563176,460.541362783757,385.144037907055,399.897365001275,252.222493257724,797.128615233383,9.87911174302165,7.06740766966944,9.10042765249709,17.7055050346607,14.7913574313891,15.3594605185841,9.6975258847729,30.64914248843,0,0,33.2337975909762,63.5280845874782,38.1019940332009,38.5134795635147,81.8258805886625,236.854165198911,0,0,0,0,0,0,0,0,1069.82190177389,475.126227808526,3778.59681349895,3793.17692868435
