"","year","sim_id","time","N_1_1_1_1","N_1_1_1_2","N_1_1_2_1","N_1_1_2_2","N_1_1_3_1","N_1_1_3_2","N_1_1_4_1","N_1_1_4_2","N_1_2_1_1","N_1_2_1_2","N_1_2_2_1","N_1_2_2_2","N_1_2_3_1","N_1_2_3_2","N_1_2_4_1","N_1_2_4_2","N_2_1_1_1","N_2_1_1_2","N_2_1_2_1","N_2_1_2_2","N_2_1_3_1","N_2_1_3_2","N_2_1_4_1","N_2_1_4_2","N_2_2_1_1","N_2_2_1_2","N_2_2_2_1","N_2_2_2_2","N_2_2_3_1","N_2_2_3_2","N_2_2_4_1","N_2_2_4_2","N_3_1_1_1","N_3_1_1_2","N_3_1_2_1","N_3_1_2_2","N_3_1_3_1","N_3_1_3_2","N_3_1_4_1","N_3_1_4_2","N_3_2_1_1","N_3_2_1_2","N_3_2_2_1","N_3_2_2_2","N_3_2_3_1","N_3_2_3_2","N_3_2_4_1","N_3_2_4_2","N_4_1_1_1","N_4_1_1_2","N_4_1_2_1","N_4_1_2_2","N_4_1_3_1","N_4_1_3_2","N_4_1_4_1","N_4_1_4_2","N_4_2_1_1","N_4_2_1_2","N_4_2_2_1","N_4_2_2_2","N_4_2_3_1","N_4_2_3_2","N_4_2_4_1","N_4_2_4_2","N_5_1_1_1","N_5_1_1_2","N_5_1_2_1","N_5_1_2_2","N_5_1_3_1","N_5_1_3_2","N_5_1_4_1","N_5_1_4_2","N_5_2_1_1","N_5_2_1_2","N_5_2_2_1","N_5_2_2_2","N_5_2_3_1","N_5_2_3_2","N_5_2_4_1","N_5_2_4_2","N_6_1_1_1","N_6_1_1_2","N_6_1_2_1","N_6_1_2_2","N_6_1_3_1","N_6_1_3_2","N_6_1_4_1","N_6_1_4_2","N_6_2_1_1","N_6_2_1_2","N_6_2_2_1","N_6_2_2_2","N_6_2_3_1","N_6_2_3_2","N_6_2_4_1","N_6_2_4_2","N_7_1_1_1","N_7_1_1_2","N_7_1_2_1","N_7_1_2_2","N_7_1_3_1","N_7_1_3_2","N_7_1_4_1","N_7_1_4_2","N_7_2_1_1","N_7_2_1_2","N_7_2_2_1","N_7_2_2_2","N_7_2_3_1","N_7_2_3_2","N_7_2_4_1","N_7_2_4_2","N_8_1_1_1","N_8_1_1_2","N_8_1_2_1","N_8_1_2_2","N_8_1_3_1","N_8_1_3_2","N_8_1_4_1","N_8_1_4_2","N_8_2_1_1","N_8_2_1_2","N_8_2_2_1","N_8_2_2_2","N_8_2_3_1","N_8_2_3_2","N_8_2_4_1","N_8_2_4_2","HIV_neg_male","HIV_neg_female","HIV_pos_male","HIV_pos_female"
"1",1990,2786,0,6608.91929754593,6634.72022324309,317.05824247953,601.001370560463,133.256779151267,189.510353900194,0,0,0,0,0,0,0,0,0,0,0,0,0.493539237881135,0.948745347501802,0.241678889235357,0.344251285575128,0,0,0,0,0,0,0,0,0,0,2996.58197187227,3037.95459477271,90.6908544925007,171.304232687612,29.7525860823606,42.305259347855,0,0,115.133471401115,116.723073734777,3.49406455511426,6.60030592772971,1.1464970007215,1.63022955231359,0,0,34198.0380439096,34746.430157749,1204.07834560962,2268.06898081223,431.890949484057,611.500998289261,0,0,1313.916838438,1335.014574834,46.6089663861019,87.8363138828806,16.827987946732,23.8334775050512,0,0,0,0,1.89927085630196,3.62423547961899,0.775430681209104,1.09994283663295,0,0,0,0,0,0,0,0,0,0,282.024952446312,286.003299144494,36.0895856074111,69.2149442137871,24.8982932286896,35.4237927109349,0,0,10.8358059384953,10.9887060420984,1.3823864002664,2.65074676742722,0.950381991249385,1.35200687835485,0,0,706.582310489981,717.881565686248,66.1476627648255,129.812457388426,51.6306960846828,73.9642665931849,0,0,27.1478777567362,27.5821641187758,2.53596470927354,4.97598797051372,1.97401780227155,2.82772717676763,0,0,0,0,7.19014117793896,14.4859942236342,4.97933946131593,7.21078745778398,0,0,0,0,0,0,0,0,0,0,0,0,0,0
"2",1990,2786,0.0833333333333333,6602.91741970869,6621.98345907554,325.968960197954,617.535639691944,135.03570867977,192.502330404616,0,0,0,0,0,0,0,0,0,0,0,0,0.499603842400108,0.961338100348809,0.244936398095681,0.349737739936098,0,0,0,0,0,0,0,0,0,0,2998.56265924149,3036.71602850388,94.607405748645,178.544375035108,30.4758570692403,43.4382730884242,0,0,115.209572577295,116.675486038052,3.6447524770387,6.87890698536468,1.17436636375363,1.67388814724042,0,0,34125.8469452542,34636.3509492735,1249.64192271921,2352.59427469947,441.220085287551,626.191843528329,0,0,1311.14333247446,1330.78514599979,48.3674309445194,91.1006757544373,17.1926445937323,24.4078026662574,0,0,0,0,1.93651911693749,3.69916527537618,0.792369705808331,1.12666068791395,0,0,0,0,0,0,0,0,0,0,279.970309035636,284.523393306677,36.8491574725138,70.8687144756141,25.1075972999203,36.0478493058182,0,0,10.7568638880596,10.9318456693747,1.41149156658927,2.71409368925484,0.95834993715109,1.37579284793206,0,0,703.859784694275,714.369289214842,67.9783769588674,133.476531934256,52.9161169557057,76.0049174591723,0,0,27.0432752902482,27.4472167752752,2.60615580257763,5.11643532842277,2.02310851530786,2.90565965202227,0,0,0,0,7.35782070813653,14.8461448608114,5.11259949569332,7.4226347633593,0,0,0,0,0,0,0,0,0,0,2.36474188573634,1.37609749006824,0.901075359457004,0.827978207186402
"3",1990,2786,0.166666666666667,6597.11010577603,6609.51865751615,334.693300358959,633.767272376139,136.887797698158,195.597499212207,0,0,0,0,0,0,0,0,0,0,0,0,0.507076301066619,0.976375088114863,0.24824138185501,0.355301951423666,0,0,0,0,0,0,0,0,0,0,2999.97891804509,3034.91196922564,98.3871659948157,185.554907336702,31.2196887407986,44.6017184016239,0,0,115.263987505367,116.606171195585,3.79020927360921,7.14872995970424,1.20302758506865,1.71871901869708,0,0,34054.4576234786,34527.3295894168,1294.37322168911,2435.79786809293,450.955839155522,641.472257242852,0,0,1308.40063058016,1326.59636148478,50.0942966048289,94.3149836068496,17.5730525046631,25.0050067000498,0,0,0,0,1.98081319832206,3.78648449008663,0.809691206426879,1.15399085761642,0,0,0,0,0,0,0,0,0,0,278.050708582502,283.121425139009,37.6823131507612,72.6469706535933,25.3601724891792,36.7158456351733,0,0,10.6831103788048,10.8779797872638,1.44342059377326,2.78221783571516,0.96797002369073,1.40125603861249,0,0,701.116319303933,710.890108511714,69.8044324371809,137.154150904043,54.2044712475636,78.0762235675663,0,0,26.9378682874157,27.3135410247195,2.67616656808355,5.25739756726501,2.07231212113377,2.98476317925486,0,0,0,0,7.52881202515298,15.2137116110263,5.24853391975465,7.63924716359004,0,0,0,0,0,0,0,0,0,0,4.71276896449214,2.74524692906605,1.8145036788632,1.67318885987026
"4",1990,2786,0.25,6591.47525042178,6597.30260281754,343.234756249258,649.700831421092,138.809723995915,198.791775262074,0,0,0,0,0,0,0,0,0,0,0,0,0.515671478793359,0.993374498513715,0.251618410031357,0.36097590919264,0,0,0,0,0,0,0,0,0,0,3000.94992710728,3032.66566228747,102.041488494421,192.355566196025,31.9838195976998,45.7959159058206,0,0,115.301295226344,116.519864490796,3.9308676285161,7.41052717544741,1.23247087994169,1.76473482712632,0,0,33983.7827270358,34419.2747880692,1338.28214006529,2517.69034547218,461.084656649879,657.326241398379,0,0,1305.68537662761,1322.44471377419,51.789927426614,97.4796186103826,17.9686976629021,25.6244848731956,0,0,0,0,2.03068815663478,3.88369674722938,0.827508218348218,1.18208236368695,0,0,0,0,0,0,0,0,0,0,276.255378524415,281.79056569959,38.577361753517,74.5305852722382,25.6540178700998,37.4271397828804,0,0,10.6141315131776,10.8268460168607,1.47772408603935,2.85438377991861,0.979166050279997,1.42837215507811,0,0,698.350549791788,707.43806414432,71.6306951170832,140.852801602352,55.4984955737095,80.1802072870138,0,0,26.8316043215338,27.1809078961192,2.74618379447468,5.39916219063466,2.12173303543516,3.06511487391225,0,0,0,0,7.70407251032895,15.5903802727434,5.38720815656867,7.86073349513966,0,0,0,0,0,0,0,0,0,0,7.04517144110341,4.10780742438612,2.74186045611411,2.53678914066188
"5",1990,2786,0.333333333333333,6585.99313452495,6585.31456339229,351.596695143352,665.340716019327,140.798276089421,202.081193114097,0,0,0,0,0,0,0,0,0,0,0,0,0.525152925628926,1.01193486187501,0.255084596446295,0.366782086087718,0,0,0,0,0,0,0,0,0,0,3001.57891645058,3030.08360226147,105.581006635473,198.964849127644,32.7680432692657,47.0211729226979,0,0,115.325462002774,116.420657615446,4.06713298596963,7.66500404542732,1.26268851757315,1.81194764671418,0,0,33913.7468417624,34312.1077436028,1381.37870612712,2598.28268519528,471.593269591471,673.738085398125,0,0,1302.99467313639,1318.32717518093,53.4546927937889,100.594977378295,18.3790766717374,26.2656430500525,0,0,0,0,2.08493621637105,3.98873425874246,0.845897679780148,1.21103800885827,0,0,0,0,0,0,0,0,0,0,274.574690500093,280.52487122869,39.5241093939308,76.5028163192442,25.987196169406,38.1810124095327,0,0,10.5495573555704,10.7782159893771,1.51401023738686,2.9299478821618,0.991864166108408,1.45711385359208,0,0,695.561614908882,704.008073221851,73.4609775243393,144.578279835036,56.8007581226888,82.3188651091502,0,0,26.7244503024806,27.0491220966303,2.81635378660621,5.54195167613307,2.17146927072511,3.14679089560047,0,0,0,0,7.88431879326167,15.9774302008319,5.52871181261299,8.08723465135583,0,0,0,0,0,0,0,0,0,0,9.36295371681062,5.46410726911452,3.68457958872921,3.41983726047273
"6",1990,2786,0.416666666666667,6580.64614604183,6573.53599966475,359.782371836605,680.691182816727,142.850346970099,205.461899782097,0,0,0,0,0,0,0,0,0,0,0,0,0.535324644293667,1.03172174968294,0.258651297850143,0.372735567615802,0,0,0,0,0,0,0,0,0,0,3001.95514833761,3027.25763532075,109.015634945884,205.400016342976,33.5722058099971,48.2777930254935,0,0,115.339917433532,116.312079446384,4.19938354764727,7.91281907150602,1.29367472869991,1.86036934506379,0,0,33844.2849926039,34205.7605586065,1423.6730715114,2677.58624873526,482.468697462347,690.692366815897,0,0,1300.32602370782,1314.24113697564,55.0889671476511,103.661471585911,18.8036968108786,26.9278977193332,0,0,0,0,2.1425621764353,4.09988498552513,0.864909082649931,1.24092526621476,0,0,0,0,0,0,0,0,0,0,273.000028842185,279.3191658535,40.513691650829,78.5490507980656,26.3578464802771,38.9766921675361,0,0,10.4890568796065,10.7318908394699,1.55193837717935,3.00834840751415,1.00599337254742,1.4874517311527,0,0,692.749080688872,700.595822531971,75.2981936974674,148.334931366739,58.1136548156441,84.4941446309378,0,0,26.6163895568729,26.9180179056954,2.88678832332251,5.6859327645323,2.22161227968846,3.22986555750714,0,0,0,0,8.07007114207347,16.3758070078354,5.67315040066973,8.31891300976281,0,0,0,0,0,0,0,0,0,0,11.6670431032445,6.81444783996711,4.64396686477809,4.3233025463691
"7",1990,2786,0.5,6575.41849546746,6561.95026681383,367.794942804282,695.75636684013,144.962925509746,208.930144885214,0,0,0,0,0,0,0,0,0,0,0,0,0.546023618961951,1.05245562626115,0.262325538100361,0.378845846527807,0,0,0,0,0,0,0,0,0,0,3002.15589485699,3024.26705050336,112.354597627377,211.67713951824,34.3962014747466,49.5660829697179,0,0,115.347630435834,116.197176395248,4.32797132369917,8.15458564463002,1.32542555382352,1.910011861447,0,0,33775.3411522947,34100.1746676992,1465.17550280391,2755.61276165592,493.698237257973,708.173939748867,0,0,1297.6772757268,1310.18434898066,56.6931296646115,106.679527249843,19.2420756591081,27.6106755582477,0,0,0,0,2.20274323286543,4.21572660988476,0.884571614637117,1.27178531345606,0,0,0,0,0,0,0,0,0,0,271.523656620845,278.168926644735,41.5383997511003,80.6565351835069,26.7641913678457,39.8133771321186,0,0,10.4323328213265,10.6876967889324,1.59121227781781,3.08909514547913,1.02148580914193,1.51935516011146,0,0,689.912868015814,697.1976615981,77.1445075823545,152.125884984081,59.439411848931,86.7079280806625,0,0,26.5074190451316,26.7874550661323,2.95757036360121,5.83122542399466,2.27224704420107,3.31441068779527,0,0,0,0,8.26169289221075,16.786187628881,5.82063881325771,8.55594403546647,0,0,0,0,0,0,0,0,0,0,13.9582990796227,8.15910749326668,5.62121480233714,5.24807636350595
"8",1990,2786,0.583333333333333,6570.2960324761,6550.54242310401,375.637474514746,710.540294234978,147.13309202889,212.482275455542,0,0,0,0,0,0,0,0,0,0,0,0,0.557115092200804,1.07390415118972,0.266110883201162,0.385117929900146,0,0,0,0,0,0,0,0,0,0,3002.2477215588,3021.17993883529,115.606442481962,217.811124732283,35.2399688738785,50.8863557297328,0,0,115.351158564564,116.078564628147,4.45322263838404,8.3908728784011,1.35793870257357,1.96088733157788,0,0,33706.867272294,33995.2998144228,1505.89637401634,2832.37430087784,505.269462275058,726.167932903004,0,0,1295.04658312933,1306.15488026067,58.2675639752248,109.649584255743,19.6937410502352,28.3134133588774,0,0,0,0,2.264803652267,4.33508480775619,0.904898490334738,1.30363853591389,0,0,0,0,0,0,0,0,0,0,270.138630596266,277.07020931945,42.5915674058448,82.8142002127651,27.2045428646947,40.6902503631403,0,0,10.3791184115325,10.6454822920774,1.63157579881816,3.17176266438099,1.03827699199001,1.55279289292887,0,0,687.053203353678,693.810532577623,79.0014320392746,155.953208358308,60.7800859964194,88.9620197911349,0,0,26.3975474684485,26.6573160907093,3.02875785343441,5.97790884466292,2.3234520815908,3.40049514489642,0,0,0,0,8.45941549160258,17.209021714271,5.97129724975822,8.79851099841672,0,0,0,0,0,0,0,0,0,0,16.2375190321141,9.49834404219406,6.61741222576214,6.19497923539778
"9",1990,2786,0.666666666666667,6565.26603961737,6539.29901490041,383.312952158627,725.046894950668,149.358012468384,216.114729254807,0,0,0,0,0,0,0,0,0,0,0,0,0.568487547379661,1.09587397718049,0.270008332542007,0.391553468781147,0,0,0,0,0,0,0,0,0,0,3002.28791637385,3018.05470109063,118.779072470153,223.815765973676,36.1034867948778,52.2389337960585,0,0,115.352702913637,115.958487996213,4.57543930822627,8.62220760880396,1.39121340053343,2.01300822277694,0,0,33638.8222060068,33891.0929182643,1545.84615357923,2907.88326953497,517.170216336984,744.659743200222,0,0,1292.43236503146,1302.15107559178,59.812657667012,112.572095403139,20.158230859873,29.0355577896994,0,0,0,0,2.32818795569538,4.45698894456942,0.925891339601636,1.33649011022595,0,0,0,0,0,0,0,0,0,0,268.838704913334,276.019566410794,43.6674416216069,85.012459146402,27.6773060403041,41.6064946728662,0,0,10.3291736755875,10.6051148916879,1.67280791504127,3.25598254600863,1.05630595980567,1.5877336370311,0,0,684.170566105042,690.431892656046,80.8699356105973,159.818076973119,62.1375681103695,91.2581355117102,0,0,26.2867932462415,26.5275032804045,3.10038783079228,6.12602793529718,2.37529957328278,3.48818440331365,0,0,0,0,8.66336477153889,17.6445752362213,6.12524726288561,9.04679982143262,0,0,0,0,0,0,0,0,0,0,18.5054449111703,10.8323975041466,7.63355551139067,7.16476908825046
"10",1990,2786,0.75,6560.31705350106,6528.20789044291,390.824286682747,739.280012866991,151.634933477395,219.824029178573,0,0,0,0,0,0,0,0,0,0,0,0,0.580048655297945,1.11820409087609,0.274016988857151,0.398151612695257,0,0,0,0,0,0,0,0,0,0,3002.32572354295,3014.9413488057,121.879778748858,229.703800860091,36.9867695545461,53.6241504207967,0,0,115.354155525534,115.838868022649,4.69489988071787,8.8490764848012,1.42525021679789,2.06638738897294,0,0,33571.1707797353,33787.5170979027,1585.03539004551,2982.15236999885,529.388609207714,763.635031033135,0,0,1289.83327003425,1298.17151793313,61.3288017376672,115.447525379358,20.6350928373501,29.7765652198093,0,0,0,0,2.39243938780151,4.58063632390365,0.947543441737732,1.37033414662109,0,0,0,0,0,0,0,0,0,0,267.618248170546,275.013977578324,44.7610691460795,87.2430294668231,28.1809808021539,42.5613047069134,0,0,10.282282247076,10.5664785414286,1.71471834808188,3.3414365248342,1.0755153504766,1.62414652494439,0,0,681.265642983092,687.059646291273,82.7505341288556,163.720920009694,63.5135878212575,93.5978946611602,0,0,26.1751827630703,26.3979361211214,3.17247994730942,6.27559893309555,2.42785554054328,3.57754025322655,0,0,0,0,8.87358197963095,18.0929656063509,6.28260891623589,9.30099532170356,0,0,0,0,0,0,0,0,0,0,20.7627689846364,12.161492424855,8.67055866293241,8.15814860194025
"11",1990,2786,0.833333333333333,6555.43872746076,6517.25805699335,398.174319711377,753.243412691488,153.961178619872,223.606778986144,0,0,0,0,0,0,0,0,0,0,0,0,0.591722430664395,1.14076111127832,0.278134482637961,0.404909555503283,0,0,0,0,0,0,0,0,0,0,3002.40328522623,3011.88249561452,124.915272884788,235.486964929714,37.8898626395378,55.0423492692949,0,0,115.35713556944,115.72134199142,4.81186084758,9.07192801408914,1.46005090086913,2.12103806252621,0,0,33503.883084685,33684.5409280296,1623.47469802789,3055.19457740858,541.913012741286,783.07971663791,0,0,1287.24814902186,1294.21499987273,62.8163900558883,118.27634975003,21.1238844654289,30.5359015859759,0,0,0,0,2.45718493055347,4.70536714368608,0.96984171914425,1.40515626510155,0,0,0,0,0,0,0,0,0,0,266.472180062669,274.050797373782,45.8682077846015,89.4987925700331,28.7141616640207,43.5538951140807,0,0,10.2382489335166,10.5294715989226,1.75714415565799,3.42785109110884,1.09585139758,1.66200143244176,0,0,678.339293402365,683.69209289775,84.6433595776212,167.661530938572,64.9097190693665,95.9828162360655,0,0,26.0627490389041,26.2685492736292,3.24503911516461,6.42661365587852,2.48118005350566,3.66862064147662,0,0,0,0,9.09003833044591,18.5541861644274,6.44349912680156,9.56127896582452,0,0,0,0,0,0,0,0,0,0,23.0101382750345,13.4858396100963,9.72926139219771,9.1757710625471
"12",1990,2786,0.916666666666667,6550.62169064446,6506.43953449356,405.36582830783,766.940786469239,156.334144396821,227.45965881925,0,0,0,0,0,0,0,0,0,0,0,0,0.603446291940197,1.16343443356237,0.28235741826285,0.411823107499219,0,0,0,0,0,0,0,0,0,0,3002.55660644457,3008.91437191135,127.89172258098,241.176052185664,38.8128386191369,56.4938846031638,0,0,115.363026415835,115.607301932212,4.92655799225173,9.29117484781098,1.49561823004339,2.17697386649727,0,0,33436.9337515063,33582.1376787152,1661.17474240213,3127.02310984945,554.732056561569,802.979975990493,0,0,1284.67602728865,1290.28049440263,64.275818755151,121.059053820501,21.6241728026045,31.3130422419523,0,0,0,0,2.5221197861485,4.83063859701208,0.992768852747502,1.4409363189998,0,0,0,0,0,0,0,0,0,0,265.395906134302,273.127701684461,46.9852351760154,91.7736492528607,29.2755370609146,44.5835084429312,0,0,10.1968972094945,10.4940047680202,1.79994622303759,3.51499193185421,1.11726390980295,1.70126928651521,0,0,675.392514461846,680.327873568312,86.5482301881101,171.639180128798,66.3273859918493,98.4143148124132,0,0,25.9495303837288,26.1392905265304,3.31805820160041,6.57904383209351,2.53532745377622,3.76147951613218,0,0,0,0,9.31265005942318,19.0281314868135,6.60802990659732,9.82782649816088,0,0,0,0,0,0,0,0,0,0,25.2481591461842,14.8056379037554,10.8104374652814,10.2182464019161
"13",1991,2786,1,6543.65094235753,6492.13737147926,414.459389984454,783.982981404399,158.748976745691,231.412310467759,0,0,0,0,0,0,0,0,0,0,0,0,0.615372353034811,1.18657613117759,0.286663490292944,0.418928462359099,0,0,0,0,0,0,0,0,0,0,3002.12292638981,3004.95013522106,131.469190351929,247.918483027987,39.7557746533178,57.9880599281788,0,0,115.346363734603,115.454989619085,5.06435331798844,9.5509069530889,1.53195486251399,2.23455289944705,0,0,33362.3123427559,33467.3573298059,1705.73768389514,3210.92041606646,567.82747452987,823.440712939255,0,0,1281.80913634105,1285.87044066933,65.9991742312354,124.306050729121,22.1352382906793,32.1120693349102,0,0,0,0,2.58780628266367,4.9577833870503,1.01624106235311,1.47779717247777,0,0,0,0,0,0,0,0,0,0,264.288168764081,272.157440518258,48.1811873404507,94.2104107760784,29.856377457857,45.6667089348455,0,0,10.1543366078083,10.4567257641079,1.84577760793924,3.60834453220786,1.13941968387056,1.74258210269809,0,0,672.278625597001,676.728896734753,88.604401106575,175.906176357811,67.7636728306385,100.904458374409,0,0,25.8298911237184,26.0010120190585,3.39688770859382,6.74258254236261,2.59018631886899,3.85657811340884,0,0,0,0,9.54100769124311,19.5156217193576,6.77584966022956,10.1017706832519,0,0,0,0,0,0,0,0,0,0,27.5048271912751,16.0811741128136,11.9287805439971,11.254136679856
"14",1991,2786,1.08333333333333,6536.0290143849,6476.81243364003,424.026938962193,801.875334599737,161.229928120997,235.47309875998,0,0,0,0,0,0,0,0,0,0,0,0,0.627936900387048,1.21088102831798,0.291071095767686,0.42620776672811,0,0,0,0,0,0,0,0,0,0,3001.59568010578,3000.76661149559,135.188102789817,254.918866836763,40.7266355854609,59.5297940747594,0,0,115.326106089215,115.29425194739,5.2075948611184,9.82057249551,1.56936711594744,2.29396392138404,0,0,33285.4016384855,33348.9488546066,1751.92330810566,3297.75491448685,581.285915527059,844.494264302939,0,0,1278.85428758631,1281.32098847095,67.7851970042583,127.666574940896,22.6604280894768,32.934204941203,0,0,0,0,2.65595599282055,5.08949476467871,1.04032097362519,1.51567757581003,0,0,0,0,0,0,0,0,0,0,263.213899602498,271.195182206042,49.4258104875279,96.7408087553988,30.4624708103638,46.7924251186439,0,0,10.1130618987755,10.4197542429023,1.89347548788304,3.7052868759027,1.16253978541298,1.78551764525179,0,0,669.096138408202,673.055670365063,90.7181943764265,180.294831192003,69.2235372180574,103.45109397331,0,0,25.7076162127022,25.8598807253844,3.47792814798918,6.91078712819125,2.64594636649751,3.95383431554419,0,0,0,0,9.77547421291827,20.0163982831229,6.94734062407411,10.3826771013421,0,0,0,0,0,0,0,0,0,0,29.7612746511063,17.3390096530683,13.0765627349939,12.3056129303959
"15",1991,2786,1.16666666666667,6528.4816045767,6461.65639469356,433.382760708802,819.415702400584,163.778029900018,239.631764962336,0,0,0,0,0,0,0,0,0,0,0,0,0.641003202360703,1.23608542150506,0.295594170965271,0.433658079931395,0,0,0,0,0,0,0,0,0,0,3001.23806332104,2996.76730686983,138.835291174331,261.807086235081,41.726297233702,61.1176790882943,0,0,115.312365880455,115.140592268103,5.34809095673703,10.0859480115431,1.60788888241433,2.35515284882731,0,0,33208.8330813428,33231.1867357672,1797.20465442352,3383.10816258674,595.10995160994,866.103720226328,0,0,1275.9125835158,1276.79637038838,69.5367912109125,130.970827830023,23.1998535237427,33.7780251129776,0,0,0,0,2.72599202023957,5.22465866572543,1.06505776683465,1.55456897323969,0,0,0,0,0,0,0,0,0,0,262.202206457472,270.267634003411,50.6929206652755,99.3122094809541,31.096156323638,47.9554826961585,0,0,10.0741914477411,10.3841163399765,1.94203358284062,3.80379701600112,1.18671352627538,1.82987853057255,0,0,665.894195420403,669.385373297312,92.8440620880316,184.722331025763,70.70961549087,106.05228117774,0,0,25.584593775641,25.7188619805315,3.55942929748292,7.08047580063738,2.70270829266485,4.05317386210935,0,0,0,0,10.0163864077142,20.5305955302927,7.12276405374548,10.6704165772321,0,0,0,0,0,0,0,0,0,0,32.0088016135015,18.5924709209395,14.2501878584385,13.3840235105588
"16",1991,2786,1.25,6520.99942727741,6446.65920283484,442.530588316015,836.609069930351,166.389856698954,243.884000699706,0,0,0,0,0,0,0,0,0,0,0,0,0.654430089999524,1.26194634122401,0.300236493851423,0.441284570246403,0,0,0,0,0,0,0,0,0,0,3001.07853714355,2992.98037359855,142.417898414316,268.595483020926,42.7544972626615,62.7517214784426,0,0,115.306236629607,114.995092235874,5.4861144243243,10.3475049423366,1.64751018743681,2.41812009764394,0,0,33132.587352002,33114.0499756041,1841.59471266734,3466.9964717721,609.286037411722,888.252746156495,0,0,1272.98328187416,1272.2957796558,71.2544394972134,134.219409092726,23.7529990688857,34.6429101883883,0,0,0,0,2.7973279808311,5.36226398291007,1.09046300984774,1.59448865592626,0,0,0,0,0,0,0,0,0,0,261.24974601,269.373456188869,51.9777177747865,101.916679033359,31.756990682322,49.1561831297176,0,0,10.0375967997775,10.349760581071,1.9912674408437,3.90357000172628,1.21192398109633,1.87567626697859,0,0,662.673374104175,665.716564864682,94.9823453702835,189.188779756727,72.2229201125128,108.709005241082,0,0,25.4608459998058,25.5779004317644,3.64140414034327,7.25165235458075,2.76051071410666,4.15463430717012,0,0,0,0,10.263859142149,21.058445126053,7.30223121347142,10.9651679216859,0,0,0,0,0,0,0,0,0,0,34.2479290218518,19.8417154660901,15.4504823941703,14.490026809155
"17",1991,2786,1.33333333333333,6513.57404766613,6431.81169496682,451.474056406935,853.46030252367,169.06207410005,248.225590139977,0,0,0,0,0,0,0,0,0,0,0,0,0.668101455369516,1.28826273389529,0.304998968206446,0.449088673049312,0,0,0,0,0,0,0,0,0,0,3001.1406433148,2989.42887214196,145.942480573089,275.295396982934,43.8110358935533,64.4319845277116,0,0,115.308622848025,114.858637870459,5.62191575225586,10.6056765896969,1.68822343039165,2.48286822772076,0,0,33056.6486997137,32997.5212522024,1885.10650915945,3549.4363965829,623.800919760694,910.925289488853,0,0,1270.06577751426,1267.81855073637,72.9386263109183,137.412928250838,24.3193600349103,35.5282508516632,0,0,0,0,2.86948534659505,5.50148052219964,1.1165370856893,1.63543943917692,0,0,0,0,0,0,0,0,0,0,260.353504023038,268.51149815883,53.2761080278863,104.547423963769,32.4445011118123,50.3947250342684,0,0,10.0031621437644,10.3166427581401,2.04101978318644,4.00434476897015,1.23815307060141,1.92291840036493,0,0,659.434424999365,662.048145853002,97.1330077227456,193.693660936494,73.7643989733027,111.422237701796,0,0,25.3364017220283,25.4369538455076,3.72385115484056,7.42429675096353,2.81938978204746,4.2582526806458,0,0,0,0,10.5179149960675,21.6000190016852,7.48585338528913,11.2671104621204,0,0,0,0,0,0,0,0,0,0,36.4791500751251,21.0868949528197,16.6782214356677,15.6242483466805
"18",1991,2786,1.41666666666667,6506.19773896707,6417.10544807622,460.216711537953,869.974159723261,171.791430969059,252.652401796,0,0,0,0,0,0,0,0,0,0,0,0,0.681920793449436,1.31486650591058,0.309880512396675,0.457069218282301,0,0,0,0,0,0,0,0,0,0,3001.44391013681,2986.13171769298,149.415068547694,281.917269979527,44.8957675561341,66.1585830762541,0,0,115.320274844301,114.731955923821,5.75572543402613,10.8608620602636,1.73002307107651,2.54940175142305,0,0,32981.0042714998,32881.5862208524,1927.75308603055,3630.44468974806,638.641623833725,934.105567191531,0,0,1267.15957662423,1263.36413248232,74.5898370917571,140.552002913934,24.898442057933,36.4334476826959,0,0,0,0,2.94206939786301,5.64161940341619,1.14327285896723,1.67741430220746,0,0,0,0,0,0,0,0,0,0,259.510741197213,267.680758824444,54.5845856237366,107.198605335093,33.1582010616851,51.6712306492022,0,0,9.97078223208412,10.2847244077339,2.09115594911255,4.10589697964891,1.26538216940847,1.9716095354514,0,0,656.178231790682,658.379298611404,99.2957193785785,198.235972235949,75.3349304488964,114.192919851237,0,0,25.2112948947505,25.2959908062999,3.80675755853761,7.59837028934207,2.87937899011218,4.36406485287486,0,0,0,0,10.7785072485991,22.1552675732765,7.67373903328413,11.5764203260266,0,0,0,0,0,0,0,0,0,0,38.7029340445293,22.3281562400439,17.9341361690907,16.7872861538153
"19",1991,2786,1.5,6498.86341986755,6402.53271405716,468.762014993318,886.155299635583,174.574758282853,257.16038716595,0,0,0,0,0,0,0,0,0,0,0,0,0.695808831020746,1.34161862272619,0.314878432258451,0.465222906809778,0,0,0,0,0,0,0,0,0,0,3002.0042670626,2983.10411598302,152.84118827211,288.47067896241,46.0085962165305,67.9316800190941,0,0,115.341804653495,114.615630624477,5.88775472971894,11.1134275104399,1.77290545377225,2.61772700336939,0,0,32905.6438027805,32766.2331899219,1969.54748676197,3710.03827885605,653.795457009281,957.778070778119,0,0,1264.26428484098,1258.93207568146,76.2085577236138,143.637257897884,25.4897612483113,37.3579113446525,0,0,0,0,3.01475881518819,5.78211586630744,1.17065717747816,1.72039830446015,0,0,0,0,0,0,0,0,0,0,258.718970403373,266.8803684751,55.9001798712444,109.865256071059,33.8975987560149,52.9857593637243,0,0,9.94036150586112,10.2539721141657,2.14156186070091,4.20803584014331,1.29359243686494,2.02175185742723,0,0,652.905790553102,654.709459043653,101.469899108263,202.814292344113,76.9353190272364,117.021952319766,0,0,25.0855637886058,25.1549896406568,3.89010091615342,7.77381818185137,2.94050900571835,4.47210513486548,0,0,0,0,11.0455302087836,22.7240368891373,7.86599241614654,11.8932685717296,0,0,0,0,0,0,0,0,0,0,40.919727691874,23.5656418189025,19.2189171773994,17.9797132870136
"20",1991,2786,1.58333333333333,6491.56457421966,6388.08633637117,477.113347562347,902.008285312131,177.408965496553,261.74557685057,0,0,0,0,0,0,0,0,0,0,0,0,0.709700613398777,1.36840430639004,0.319988863099969,0.473544874531253,0,0,0,0,0,0,0,0,0,0,3002.83455647947,2980.35809744615,156.22589806772,294.964398844643,47.1494700514895,69.7514825929999,0,0,115.373705700665,114.510124200942,6.0181970815784,11.3637085300694,1.81686860667105,2.68785200272016,0,0,32830.5592381721,32651.4527264872,2010.50274020432,3788.23423510994,669.250004128427,981.927562760038,0,0,1261.37959268078,1254.52201790483,77.7952739164019,146.669324024482,26.0928440193974,38.3010624577388,0,0,0,0,3.08729291716346,5.92250815575721,1.19867266156174,1.76437086414823,0,0,0,0,0,0,0,0,0,0,257.975926748502,266.109566984959,57.220387233874,112.543173678388,34.6622056681551,54.3383226328268,0,0,9.91181294484902,10.2243566721718,2.19214140744938,4.31059997170031,1.32276514554519,2.07334570734285,0,0,649.618186549246,651.038282231629,103.654762493275,207.426858501957,78.5662928868129,119.910185643278,0,0,24.9592501009427,25.0139370962692,3.97385099590597,7.95057253571324,3.0028075760868,4.58240591616741,0,0,0,0,11.318831476998,23.3060891168048,8.06271220967987,12.2178193341923,0,0,0,0,0,0,0,0,0,0,43.1299573394802,24.799490377742,20.533218869702,19.2020810341189
"21",1991,2786,1.66666666666667,6484.29517006413,6373.75966605572,485.274014006653,917.537590681086,180.291037093584,266.404076892033,0,0,0,0,0,0,0,0,0,0,0,0,0.723542681501909,1.39512836659398,0.325207175290516,0.482029212238105,0,0,0,0,0,0,0,0,0,0,3003.94504921227,2977.90305502662,159.573828368378,301.40646929062,48.3183756287245,71.6182380053599,0,0,115.416372607325,114.415797545156,6.14722962024868,11.612012675804,1.86191202225407,2.75978629013235,0,0,32755.7443497218,32537.2372595968,2050.63184256771,3865.04973890965,684.993123604634,1006.5390742046,0,0,1258.50526087154,1250.13366826349,79.3504705110371,149.648836801112,26.7072269487584,39.2623315146944,0,0,0,0,3.15945934430228,6.06241707737871,1.22729932427272,1.80930783040554,0,0,0,0,0,0,0,0,0,0,257.279537665119,265.36768233656,58.5431020368266,115.228810444051,35.4515445403177,55.7288987264954,0,0,9.88505691822042,10.1958522617539,2.24281377983411,4.4134531844018,1.35288199224363,2.12639015107072,0,0,646.316570625307,647.365607332917,105.84937053676,212.071645024638,80.2285021279132,122.858411246604,0,0,24.8323980489242,24.8728269933122,4.05797163870783,8.12855537365321,3.06629945950099,4.69499731902491,0,0,0,0,11.5982237725969,23.9011223867752,8.26399029864935,12.5502281638355,0,0,0,0,0,0,0,0,0,0,45.3340309356434,26.0298373442806,21.877664106911,20.4549222567989
"22",1991,2786,1.75,6477.04960666833,6359.54650680239,493.247245917589,932.747604210294,183.218030195504,271.132066307104,0,0,0,0,0,0,0,0,0,0,0,0,0.737291424908794,1.4217124492876,0.330528170243867,0.490669221057564,0,0,0,0,0,0,0,0,0,0,3005.34377721652,2975.74609077,162.889211537397,307.804244830068,49.5153334010165,73.5322295076976,0,0,115.470113974051,114.332923529065,6.27501429670506,11.858621374051,1.90803648654103,2.83354077988503,0,0,32681.1944913448,32423.5808256348,2089.94774439185,3940.50205456211,701.012944173187,1031.59790275556,0,0,1255.64111091793,1245.76679762495,80.8746309753944,152.576435449116,27.3324566621362,40.2411588127018,0,0,0,0,3.23108696532976,6.20153410183345,1.25651531445644,1.85518245156942,0,0,0,0,0,0,0,0,0,0,256.627903585065,264.654117517469,59.8665703669764,117.919199690151,36.2651535443124,57.1574416741252,0,0,9.86002044202482,10.1684359447276,2.29351169604381,4.51648164002288,1.38392525955907,2.18088332424856,0,0,643.002144073745,643.69143421019,108.052660327096,216.746413530717,81.9225191958452,125.86735707353,0,0,24.7050537879317,24.7316593265086,4.1424219369547,8.30768056558939,3.13100644124817,4.80990703117129,0,0,0,0,11.8834916498371,24.5087822252657,8.46991135265487,12.8906413794299,0,0,0,0,0,0,0,0,0,0,47.5323394236703,27.2568152040006,23.2528474626903,21.7387537058229
"23",1991,2786,1.83333333333333,6469.82266264569,6345.44106125973,501.03620442941,947.642632275025,186.187072121204,275.925794575103,0,0,0,0,0,0,0,0,0,0,0,0,0.750911467313108,1.44809234081966,0.335946274250526,0.499457664203645,0,0,0,0,0,0,0,0,0,0,3007.03685818487,2973.89235337174,166.175912824656,314.164447089199,50.7403934313913,75.493772755446,0,0,115.535164852378,114.261699973784,6.40169905813321,12.103791905459,1.95524391709982,2.90912762285939,0,0,32606.9063594027,32310.4788205675,2128.46333707481,4014.6085039695,717.297861281394,1057.08961030596,0,0,1252.78701590261,1241.42122909409,82.3682368827548,155.452761892213,27.9680897040727,41.2369943724151,0,0,0,0,3.30203891723175,6.33960970218324,1.28629765963573,1.90196633851166,0,0,0,0,0,0,0,0,0,0,256.019278945789,263.968337853384,61.1893446618169,120.611882966149,37.1025900222586,58.6238897026444,0,0,9.83663644942185,10.14208717804,2.34417965512754,4.6195910508225,1.41587796138571,2.23682275783678,0,0,639.676144085482,640.01590062025,110.26347467832,221.448761591098,83.648839614832,128.937683610739,0,0,24.5772648526183,24.590439388695,4.2271573740074,8.48785569961347,3.19694736154171,4.92716015383224,0,0,0,0,12.1743980670234,25.1286727378476,8.68055241365148,13.2391954382848,0,0,0,0,0,0,0,0,0,0,49.7252581011936,28.4805538073327,24.6593384712292,23.054078321193
"24",1991,2786,1.91666666666667,6462.6094457917,6331.43787914782,508.643982848619,962.226902355909,189.195357931075,280.781579129504,0,0,0,0,0,0,0,0,0,0,0,0,0.764374124683655,1.47421539101727,0.341455719723773,0.50838700247403,0,0,0,0,0,0,0,0,0,0,3009.0288080559,2972.34536279638,169.437461717693,320.4932177976,51.9936312688804,77.5032122871765,0,0,115.611698751888,114.202262121979,6.52741903925348,12.3477594196727,2.0035372066927,2.98656007392988,0,0,32532.8777624282,32197.9277619884,2166.19143942086,4087.38644012057,733.836533155648,1083.00002038241,0,0,1249.94289163875,1237.09682887054,83.8317673904014,158.278459736625,28.6136923966008,42.2492978464313,0,0,0,0,3.37220596678449,6.47644222048874,1.31662295967482,1.94963036419995,0,0,0,0,0,0,0,0,0,0,255.452053779282,263.30985897673,62.5102395932157,123.304839136018,37.9634337484222,60.1281730813405,0,0,9.81484308330078,10.1167873515035,2.39477223995046,4.72270395124043,1.44872396996972,2.29420568086221,0,0,636.339829924269,636.339260144087,112.480590348274,226.176169189536,85.4078831168868,132.069980463842,0,0,24.4490796257088,24.4491769228596,4.31213090896481,8.66898386878546,3.26413815868694,5.04677907103114,0,0,0,0,12.4706906228798,25.7603672503534,8.89598254334853,13.5960163823869,0,0,0,0,0,0,0,0,0,0,51.9131479534795,29.7011806602147,26.097684824666,24.401387487779
"25",1992,2786,2,6455.27739421895,6317.26833040961,516.264234677222,976.824663447784,192.237526874834,285.690143617592,0,0,0,0,0,0,0,0,0,0,0,0,0.777653229466332,1.50002756410698,0.347045752564169,0.517439071892553,0,0,0,0,0,0,0,0,0,0,3011.26391788348,2971.00793182029,172.733840515431,326.88964949336,53.2744266221462,79.5593574090838,0,0,115.697575245783,114.150875885099,6.65447836302079,12.5943302149987,2.05289242693545,3.06579221866028,0,0,32458.4721271885,32084.8295986679,2203.78545505219,4159.91159571626,750.607661401775,1109.29329871949,0,0,1247.0842804081,1232.75140803866,85.290309965583,161.094825693964,29.2684422484942,43.2766832633238,0,0,0,0,3.44148624092045,6.61181758142082,1.34744887721266,1.9981050018149,0,0,0,0,0,0,0,0,0,0,254.914676479811,262.661121278652,63.8331227704735,126.00338067199,38.8451001021928,61.6652408132375,0,0,9.79419651420046,10.0918617967653,2.44543833181745,4.82602512148746,1.48236456697651,2.35283926681564,0,0,632.982110506085,632.641277632721,114.713386424744,230.942996951488,87.1987779018153,135.262050020007,0,0,24.3200719720172,24.3070944620621,4.3977029381612,8.85161698484608,3.332545407449,5.16867965316322,0,0,0,0,12.7720182468633,26.4031544887335,9.11613634804933,13.9609413192949,0,0,0,0,0,0,0,0,0,0,54.1019280626251,30.9270290739078,27.5722401170039,25.7906091461687
"26",1992,2786,2.08333333333333,6446.22416902777,6299.62177391081,526.291131394847,995.459009978036,195.293045923072,290.595298178056,0,0,0,0,0,0,0,0,0,0,0,0,0.791107545612179,1.52606019444616,0.352650261655263,0.526474599959807,0,0,0,0,0,0,0,0,0,0,3012.96528887571,2968.58764028813,176.772151302147,334.51855213696,54.5769613782121,81.6461736578842,0,0,115.762944640084,114.057884413978,6.81004832252757,12.8882617853438,2.10308494360345,3.14620565305875,0,0,32375.6740838635,31957.3613638544,2249.30595939386,4245.50250095441,767.520310075645,1135.73664403916,0,0,1243.90322431888,1227.85386572391,87.0535517314661,164.41349301652,29.9287676304571,44.3100356265987,0,0,0,0,3.51114222788088,6.7474997386062,1.37851532933524,2.04684759316289,0,0,0,0,0,0,0,0,0,0,254.280697790905,261.809043831399,65.2314879624206,128.816477753266,39.7206468171721,63.1737069332959,0,0,9.76983837591579,10.059123602706,2.49900366129398,4.93374731769132,1.5157717050769,2.41038146916121,0,0,629.448888671261,628.661890171183,117.095767196891,235.961553874681,89.0059633342666,138.477798815662,0,0,24.1843212594542,24.154199971245,4.48901917436851,9.04391525897828,3.40157459294413,5.29148298680872,0,0,0,0,13.0770215043584,27.0532177731081,9.33937431241369,14.3303603523529,0,0,0,0,0,0,0,0,0,0,56.3619934295568,32.2617154424484,29.1323958665668,27.3433886521534
"27",1992,2786,2.16666666666667,6437.22168834237,6282.14104690551,536.08490614488,1013.69933377763,198.409144036043,295.588790266986,0,0,0,0,0,0,0,0,0,0,0,0,0.805036994992769,1.55290442196831,0.358343756818416,0.535645638806938,0,0,0,0,0,0,0,0,0,0,3014.93041249459,2966.43516962378,180.763847048677,342.08170777139,55.9145555480389,83.7894776805694,0,0,115.838447832087,113.975183048889,6.96383638887171,13.1796843190579,2.1546278136716,3.22879494275668,0,0,32293.2374629937,31830.6233321096,2293.88939478185,4329.51760431394,784.751433991633,1162.67607384158,0,0,1240.73605357665,1222.98437904799,88.7810381632144,167.672137023773,30.6015528268209,45.3628343198464,0,0,0,0,3.58232512106673,6.88577569734122,1.41010619573008,2.09643764269084,0,0,0,0,0,0,0,0,0,0,253.689604601376,260.992120355319,66.6478942767447,131.663830739472,40.6215852530231,64.7245308216934,0,0,9.74712795988953,10.0277360807059,2.55325914303944,5.04277884039879,1.550148063357,2.46953998664541,0,0,625.911412307133,624.68402776711,119.481657140507,240.998492918257,90.846715740036,141.754308828794,0,0,24.0484070749277,24.0013640759534,4.58046627131254,9.23691024562059,3.47188608971596,5.4166062522751,0,0,0,0,13.3870360454834,27.7143376491495,9.56749741893021,14.7081916072936,0,0,0,0,0,0,0,0,0,0,58.6166241851052,33.592156149746,30.7273465474423,28.9326707991122
"28",1992,2786,2.25,6428.26245474038,6264.81791058021,545.64947411723,1031.5509828377,201.582147957794,300.665896458903,0,0,0,0,0,0,0,0,0,0,0,0,0.819299048500797,1.58032019306169,0.364132156996771,0.544959637616059,0,0,0,0,0,0,0,0,0,0,3017.17524531568,2964.56539639017,184.71462658414,349.588852825262,57.2872269137259,85.9896674537543,0,0,115.924697898941,113.90334337117,7.11606027168255,13.4689698604827,2.20752184639776,3.3135755625177,0,0,32211.1518532969,31704.6030511903,2337.54990583808,4411.97605665909,802.287627214927,1190.09490947238,0,0,1237.5823681808,1218.14246957482,90.4732968776725,170.871466576433,31.2862857980989,46.4344438652832,0,0,0,0,3.65450787919337,7.02576514409035,1.44224098608983,2.14690013517346,0,0,0,0,0,0,0,0,0,0,253.139696094841,260.209275428108,68.0786965860523,134.539498785999,41.5479749349714,66.3180328067469,0,0,9.72599991842109,9.99765791130909,2.60806474629252,5.15289147314167,1.58549598018962,2.53032713552741,0,0,622.369910608109,620.707455505015,121.871151257664,246.053508283462,92.7213109314954,145.09213739679,0,0,23.912338224472,23.8485777503527,4.67204788017802,9.43059018602352,3.54349033409971,5.5440705882046,0,0,0,0,13.7021467151443,28.3866422491102,9.80056075416147,15.0945388223379,0,0,0,0,0,0,0,0,0,0,60.86619179763,34.9185261327347,32.3578754059986,30.5592294681935
"29",1992,2786,2.33333333333333,6419.3395377806,6247.64468853583,554.988717908827,1049.01929660072,204.808458602708,305.821962561237,0,0,0,0,0,0,0,0,0,0,0,0,0.833776014087674,1.60810814983853,0.370018090443206,0.554419862865941,0,0,0,0,0,0,0,0,0,0,3019.71255084679,2962.98995926296,188.629717480902,357.048915685223,58.6950078880412,88.2471422658939,0,0,116.022185235027,113.842812557352,7.26691973639819,13.7564596697455,2.26176838735686,3.4005630067243,0,0,32129.4089639712,31579.2901242276,2380.30187935722,4492.89758018405,820.115697291608,1217.97664453505,0,0,1234.44184960188,1213.32773783913,92.1308651308105,174.012212866621,31.9824622830207,47.5242348265919,0,0,0,0,3.72725904054662,7.16674334746054,1.4749273187197,2.19824514235025,0,0,0,0,0,0,0,0,0,0,252.629429599602,259.459545653687,69.5207844627144,137.438390473961,42.4998140350234,67.9544540986205,0,0,9.70639497995943,9.96885207928646,2.66330101986049,5.26388969788985,1.62181542909198,2.5927521865954,0,0,618.824763366855,616.732137395465,124.264065886082,251.12584383048,94.6300006256613,148.491806719389,0,0,23.7761293003185,23.6958396116674,4.76375695076988,9.62492603079243,3.61639684999424,5.67389580171132,0,0,0,0,14.0223554093749,29.0701204728334,10.0386197966854,15.4895051421394,0,0,0,0,0,0,0,0,0,0,63.1110549177523,36.2409963440898,34.0247259958683,32.2238036079863
"30",1992,2786,2.41666666666667,6410.44652382061,6230.6142460294,564.10642645051,1066.10950202745,208.084566798425,311.05242711229,0,0,0,0,0,0,0,0,0,0,0,0,0.848371146773155,1.63610342635259,0.376001698904252,0.564026401296551,0,0,0,0,0,0,0,0,0,0,3022.55239819368,2961.71777409683,192.513891799617,364.470047421327,60.1379545960892,90.5623196347092,0,0,116.131296711491,113.79393316883,7.41659719504724,14.0424653815139,2.31736967251044,3.48977344570608,0,0,32048.0024061184,31454.6760822861,2422.15966293858,4572.30199596101,838.222758172175,1246.30508856121,0,0,1231.31425238338,1208.53985845001,93.754279086101,177.095111430442,32.6895894322739,48.6315894327705,0,0,0,0,3.80022719681209,7.30811651776529,1.50816402873994,2.25047168220316,0,0,0,0,0,0,0,0,0,0,252.157411731216,258.742071118903,70.9715252572465,140.356178168668,43.4770586109049,69.6339817752239,0,0,9.68825960878549,9.94128554538934,2.71886689674478,5.37560739063859,1.65910475918217,2.65682232575748,0,0,615.276475541862,612.758208691813,126.659988418065,256.214373840647,96.5730117812668,151.953807405853,0,0,23.6397997037447,23.543154856545,4.8555776436214,9.81987454548354,3.6906142212095,5.80610050098931,0,0,0,0,14.3475983748322,29.7646504732349,10.2817289876489,15.8931919170987,0,0,0,0,0,0,0,0,0,0,65.3515589816163,37.5597330341515,35.7286144353036,33.9271099720524
"31",1992,2786,2.5,6401.5774331555,6213.71990403202,573.006302875982,1082.826723608,211.40704691567,316.352814637365,0,0,0,0,0,0,0,0,0,0,0,0,0.863004307234981,1.66416863301563,0.382081361778198,0.573777065207853,0,0,0,0,0,0,0,0,0,0,3025.70266298041,2960.7555483772,196.371517057444,371.859708673103,61.6161448175694,92.9356352778214,0,0,116.252334922404,113.756962917919,7.56525964214876,14.3272723074598,2.37432875376921,3.58122372997685,0,0,31966.9273264507,31330.7540085158,2463.13754869691,4650.20918735066,856.59621564451,1275.06435285869,0,0,1228.19939006834,1203.77856565018,95.3440731723101,180.120900725298,33.4071852698036,49.7559010579415,0,0,0,0,3.8731240041176,7.44939451436393,1.54194385914857,2.30357103967289,0,0,0,0,0,0,0,0,0,0,251.722373227337,258.056074912314,72.4286857260935,143.289175682777,44.4796349277908,71.3567629445894,0,0,9.67154503812876,9.91492845942807,2.77467667587213,5.48790310938787,1.69736117124849,2.72254320126381,0,0,611.72565034973,608.785943163498,129.058330050076,261.317685833728,98.5505400608909,155.478589496407,0,0,23.5033726112431,23.3905340036437,4.94748735857,10.0153814959096,3.76614983975459,5.94070175011135,0,0,0,0,14.6777623111007,30.4700257766603,10.529939726057,16.3056961688622,0,0,0,0,0,0,0,0,0,0,67.5880379089999,38.8748984028531,37.4702335974237,35.6698470394339
"32",1992,2786,2.58333333333333,6392.72668184608,6196.95539980768,581.69196622192,1099.17598574696,214.772556020616,321.718734727724,0,0,0,0,0,0,0,0,0,0,0,0,0.87760993394693,1.69219057390342,0.388254027538218,0.583667808954881,0,0,0,0,0,0,0,0,0,0,3029.16927342112,2960.10803557146,200.206576513285,379.224703841048,63.1296765356675,95.3675425387672,0,0,116.385527639233,113.732084440441,7.71305942358949,14.611140733186,2.43264944561671,3.67493137096351,0,0,31886.1802251524,31207.5183505797,2503.24975891759,4726.63907581668,875.223769427588,1304.23885362249,0,0,1225.09712820143,1199.0436461092,96.9007795370533,183.0903212108,34.134778774741,50.8965743393898,0,0,0,0,3.94571626842583,7.59017810231217,1.57625467083719,2.35752826947521,0,0,0,0,0,0,0,0,0,0,251.323157444645,257.400853337755,73.8903946071996,146.234280125405,45.5074461257988,73.1229125043884,0,0,9.65620682820176,9.88975378426154,2.83065858106176,5.60065785476262,1.73658097524766,2.78991922348341,0,0,608.172974921206,604.815736240844,131.458353741865,266.434124632613,100.562745167689,159.066555726603,0,0,23.3668744234061,23.2379922460284,5.03945781017744,10.2113833435304,3.84300972699066,6.0777148110199,0,0,0,0,15.0126922065444,31.1859679794195,10.7832992828784,16.7271091570091,0,0,0,0,0,0,0,0,0,0,69.8208147583186,40.1866508459953,39.2502551585629,37.4526970354968
"33",1992,2786,2.66666666666667,6383.88903060747,6180.31483414277,590.166955359844,1115.16221763616,218.177830550627,327.145878545827,0,0,0,0,0,0,0,0,0,0,0,0,0.892134442556126,1.72007602964129,0.394515625858885,0.593693246262595,0,0,0,0,0,0,0,0,0,0,3032.95652229066,2959.77835487311,204.02270298168,386.571238700261,64.6786664456749,97.8585122102704,0,0,116.531039797253,113.719417580794,7.86013552150219,14.8943081088874,2.49233627065815,3.77091453754546,0,0,31805.7587273905,31084.964686966,2542.51043205638,4801.6115926597,894.093406682547,1333.81330609304,0,0,1222.0073755501,1194.33492994476,98.4249275021154,186.004114257675,34.8719096433525,52.0530249644116,0,0,0,0,4.01781581313257,7.73014261797748,1.61108095589852,2.41232407088257,0,0,0,0,0,0,0,0,0,0,250.958705032862,256.775763534958,75.3550929675057,149.188894123162,46.5603797305576,74.932521948248,0,0,9.64220427735229,9.86573682016159,2.88675284924902,5.71377207492368,1.77675988047848,2.85895390516701,0,0,604.619203231718,600.848084274451,133.85920752962,271.561844977796,102.609746838155,162.718055607122,0,0,23.2303341090932,23.0855486542833,5.13145630875433,10.407809269071,3.92119837967722,6.21715291645994,0,0,0,0,15.3522010015798,31.9121424867649,11.0418496770116,17.1575149199983,0,0,0,0,0,0,0,0,0,0,72.0502027309376,41.4951453258666,41.0693323451533,39.2763285148246
"34",1992,2786,2.75,6375.05953812976,6163.79262315082,598.434732372984,1130.79025739913,221.619683442269,332.630015858593,0,0,0,0,0,0,0,0,0,0,0,0,0.906533958208288,1.74774806355484,0.400861401988357,0.603847072476707,0,0,0,0,0,0,0,0,0,0,3037.06735167052,2959.7682828826,207.823211327766,393.904975595942,66.2632481185236,100.409031743816,0,0,116.688984435939,113.719030598812,8.00661478933361,15.1769911484502,2.55339439161236,3.86919202868932,0,0,31725.6613749545,30963.0895141635,2580.93360853487,4875.1466509301,913.193396677491,1363.77272008514,0,0,1218.93007609917,1189.65228254564,99.9170430120537,188.863021065261,35.6181280945922,53.2246795086026,0,0,0,0,4.08927069517787,7.86902374431105,1.64640504477244,2.46793629230115,0,0,0,0,0,0,0,0,0,0,250.628040155875,256.180212527391,76.8214881365216,152.150853370842,47.6383142499975,76.7856672862789,0,0,9.62949989265858,9.84285478401348,2.94290995722779,5.82716287640529,1.81789325039329,2.92965016739646,0,0,601.065140287305,596.88356522573,136.259954921016,276.698859890357,104.691621698278,166.433380429323,0,0,23.0937825978326,22.9332254346112,5.22344692897576,10.6045830323492,4.00071864937815,6.35902707874321,0,0,0,0,15.6960779466112,32.648172209422,11.3056268345186,17.5969891511723,0,0,0,0,0,0,0,0,0,0,74.2765060709828,42.8005336896507,42.9281025630912,41.1413988206042
"35",1992,2786,2.83333333333333,6366.23352962591,6147.38346576827,606.498684901963,1146.06485489141,225.095002032893,338.166992934497,0,0,0,0,0,0,0,0,0,0,0,0,0.92077292902377,1.77514374138554,0.407286088262689,0.614122284601603,0,0,0,0,0,0,0,0,0,0,3041.50354201988,2960.07844683552,211.611122841648,401.231074695686,67.8835702099606,103.019603945795,0,0,116.859429963381,113.730947593888,8.15261287886771,15.4593873991407,2.61582954412745,3.96978322529109,0,0,31645.8874885136,30841.8901064083,2618.53322064264,4947.26412503302,932.512286402807,1394.10239639932,0,0,1215.8652037586,1184.99559918297,101.377648240948,191.667781874117,36.3729947105102,54.4109753066272,0,0,0,0,4.15995990180202,8.00660883906232,1.68220769819078,2.52434068156112,0,0,0,0,0,0,0,0,0,0,250.330261450489,255.613650331048,78.2885220341769,155.118376433882,48.7411231614312,78.682414080647,0,0,9.61805904255079,9.82108654454457,2.99908940299706,5.94076209240123,1.8599762565202,3.00201053395636,0,0,597.511631531242,592.922825504536,138.659594695218,281.843072609916,106.808402084489,170.212760876018,0,0,22.9572523728088,22.7810474231139,5.3153912708412,10.8016241999994,4.08157169743911,6.50334599862042,0,0,0,0,16.0440935631561,33.3936458124144,11.5746602917601,18.0455987582576,0,0,0,0,0,0,0,0,0,0,76.5000206727608,44.1029648684649,44.8271892981969,43.0485558288097
"36",1992,2786,2.91666666666667,6357.40656510222,6131.08231103203,614.362128500987,1160.99067444475,228.600745848282,343.752730328659,0,0,0,0,0,0,0,0,0,0,0,0,0.934822699048587,1.80221178955062,0.413784088133032,0.624511415818047,0,0,0,0,0,0,0,0,0,0,3046.26590237456,2960.70851851996,215.389190801258,408.554237397257,69.5397948742904,105.690745997854,0,0,117.042407464028,113.755155955595,8.29823521276918,15.7416768938608,2.67964797743799,4.0727080544474,0,0,31566.437029126,30721.3643750353,2655.3230820259,5017.98382934959,952.038895749025,1424.78792278894,0,0,1212.81275704253,1180.36479960624,102.807261182685,194.419135140151,37.1360802604171,55.611360306511,0,0,0,0,4.22978787515767,8.14272800387223,1.71846875494127,2.58151170024496,0,0,0,0,0,0,0,0,0,0,250.064532861331,255.075563017807,79.7553390608641,158.090013796275,49.8686787880422,80.6228223284357,0,0,9.60784960467465,9.80041235580735,3.05525847011454,6.05451432179936,1.90300402822832,3.07603731994736,0,0,593.959552310233,588.966566813845,141.057080686133,286.992308502939,108.960074944784,174.056364705549,0,0,22.8207770661387,22.6290415803439,5.40724922002602,10.9988493721075,4.16375695304507,6.65011597699984,0,0,0,0,16.3960047588661,34.14812619991,11.8489728587985,18.5034013765024,0,0,0,0,0,0,0,0,0,0,78.7210347033117,45.4025850803032,46.7672040511544,44.9984397234115
"37",1993,2786,3,6347.54754849366,6113.45916689859,622.667901530828,1176.6729563571,232.14891932976,349.426143489082,0,0,0,0,0,0,0,0,0,0,0,0,0.948712399694198,1.82905882034785,0.420375301956129,0.635082954425254,0,0,0,0,0,0,0,0,0,0,3051.15729880699,2961.35231839856,219.363551759805,416.224033149029,71.2368543728981,108.436550469427,0,0,117.230342737132,113.779891776476,8.45140257855499,16.0372933383143,2.74503970381432,4.17850949595045,0,0,31484.9661642733,30597.969025859,2693.5308339628,5091.11299952119,971.824482237714,1455.99339633809,0,0,1209.68268327349,1175.62374470993,104.291485391759,197.263443262159,37.9093891007798,56.8322477921767,0,0,0,0,4.29889772117404,8.27788488314205,1.75527499579971,2.63974027698353,0,0,0,0,0,0,0,0,0,0,249.824503355501,254.568219914605,81.2491594636431,161.128411042159,51.0331935589977,82.6462337122321,0,0,9.59862756153473,9.780919409065,3.11246232405239,6.17082324434305,1.94744260947217,3.15323158721766,0,0,590.377082151013,584.962806505766,143.491880984967,292.221755852555,111.153485233779,177.985997989451,0,0,22.683134089636,22.4752106494674,5.50053690175065,11.1991458510688,4.24753591778954,6.80017002915871,0,0,0,0,16.7520733209059,34.913260502395,12.1293232559729,18.9727272195508,0,0,0,0,0,0,0,0,0,0,80.9164738737244,46.6526816534924,48.7278330301645,46.9191599385619
"38",1993,2786,3.08333333333333,6334.58156882193,6091.64682440237,632.678194439096,1195.28877061221,235.783525521501,355.292272122102,0,0,0,0,0,0,0,0,0,0,0,0,0.962953689403454,1.85666236266066,0.427111539465025,0.64599331323363,0,0,0,0,0,0,0,0,0,0,3055.81461035449,2961.42312665877,223.940165049761,424.932815159344,72.9923173300394,111.29606230558,0,0,117.409284094617,113.782612343068,8.62771981407421,16.372853187831,2.8126808486077,4.28869095530645,0,0,31396.7148579186,30464.5509032721,2737.55834805599,5174.1984068751,992.043616982971,1488.1469981138,0,0,1206.29209649234,1170.49759866412,105.999551173652,200.490962594973,38.6997016591016,58.0903172227117,0,0,0,0,4.36926825768317,8.41590209477719,1.79284729303266,2.69968815853143,0,0,0,0,0,0,0,0,0,0,249.596422555455,254.092219973294,82.8392426849899,164.382335984925,52.2589277727837,84.829802783355,0,0,9.58986460048309,9.76263071716703,3.17336051810955,6.29539806112382,1.9942180352626,3.23653741203518,0,0,586.696035201682,580.805756949046,146.045698114027,297.69012060773,113.404899417708,182.053258530481,0,0,22.541703644794,22.3154900997798,5.59839272433345,11.408607662905,4.33353021526569,6.95547927381467,0,0,0,0,17.1132432155457,35.6932349075057,12.4172691308627,19.4584394504989,0,0,0,0,0,0,0,0,0,0,83.0390853364635,47.7584365816887,50.6672633254053,48.661723847442
"39",1993,2786,3.16666666666667,6321.62688313134,6069.9820380336,642.431467158531,1213.4648400277,239.465716752029,361.229688105637,0,0,0,0,0,0,0,0,0,0,0,0,0.977532678289036,1.88481547697532,0.433921869031102,0.657021131965866,0,0,0,0,0,0,0,0,0,0,3060.86147483055,2961.86865571347,228.499169196336,433.631900163779,74.7965596032144,114.235589421326,0,0,117.603192698578,113.799730281826,8.80337030379511,16.7080588750826,2.8822003975536,4.40195389150153,0,0,31308.7956020272,30331.878768721,2780.63467610418,5255.66440060233,1012.53261653613,1520.7435995384,0,0,1202.91426665276,1165.40011473617,107.671251795955,203.656662244651,39.5006270816042,59.3658469958083,0,0,0,0,4.4407929397158,8.55576436409699,1.83089142589032,2.76044231851746,0,0,0,0,0,0,0,0,0,0,249.395982288409,253.636709883322,84.4465777454317,167.667029730024,53.508979547782,87.0545443660838,0,0,9.58216362963753,9.74512927823898,3.23491994538874,6.42115107398022,2.04192241706352,3.32141553771799,0,0,583.014600270274,576.655880223677,148.595732676059,303.163983600373,115.694652747486,186.196654048309,0,0,22.4002582862822,22.1560451421509,5.69609982910741,11.6182717146482,4.42098839375266,7.11369422228369,0,0,0,0,17.4780953188386,36.4819504900123,12.7106273808865,19.9538363862514,0,0,0,0,0,0,0,0,0,0,85.1598757359494,48.8621664501651,52.6499350045074,50.4455757840563
"40",1993,2786,3.25,6308.67846689306,6048.45902755218,651.93190804395,1231.20695321375,243.191584815495,367.233251345367,0,0,0,0,0,0,0,0,0,0,0,0,0.992323105741302,1.91330826375851,0.440809698207295,0.668170128825384,0,0,0,0,0,0,0,0,0,0,3066.29778430438,2962.68761238191,233.044602262271,442.327985035056,76.6493545673879,117.255417461975,0,0,117.812064402141,113.831195906678,8.97850819572361,17.0431661472802,2.95358983094294,4.51830956407162,0,0,31221.209140145,30199.9507033887,2822.77517366946,5335.53270376548,1033.27855912657,1553.76691237665,0,0,1199.54922233384,1160.33121920137,109.307162141313,206.761350432784,40.3116700617579,60.6582140429889,0,0,0,0,4.51301203035869,8.69671969710019,1.86942284820751,2.8220215782949,0,0,0,0,0,0,0,0,0,0,249.222953640978,253.201953621619,86.0684449395016,170.978528121001,54.7842849051306,89.3222863910886,0,0,9.57551585391398,9.72842523469468,3.29703616206189,6.54793006482122,2.09059168655331,3.40793602910096,0,0,579.333309836017,572.513276780263,151.142024598589,308.642569855813,118.022317835321,190.41537131027,0,0,22.2588184727702,21.996879636051,5.79365989349997,11.828108557621,4.50989411183525,7.27478381169204,0,0,0,0,17.8466770193202,37.2794419931619,13.0094131278298,20.4589665494021,0,0,0,0,0,0,0,0,0,0,87.2790789923837,49.963960895817,54.676571446119,52.2713520779091
"41",1993,2786,3.33333333333333,6295.73156778289,6027.07230176831,661.183606772295,1248.52077957323,246.95731058259,373.29790994871,0,0,0,0,0,0,0,0,0,0,0,0,1.00722117047829,1.94196711806471,0.447775636009923,0.679440536766619,0,0,0,0,0,0,0,0,0,0,3072.12245748191,2963.87774401578,237.580161380168,451.027196954302,78.5505386953263,120.355883170805,0,0,118.03585766026,113.876922667273,9.15327466552611,17.3784090587171,3.02684302166696,4.63777115843417,0,0,31133.9568280232,30068.765401077,2863.99510671016,5413.82503724985,1054.26880249046,1587.20093432135,0,0,1196.19701563591,1155.29086187284,110.907854052061,209.805835833525,41.1323456872892,61.966805814709,0,0,0,0,4.58555065805623,8.83815144371973,1.90844655566095,2.88443197717131,0,0,0,0,0,0,0,0,0,0,249.077120875656,252.788190901162,87.7025274022765,174.313455726575,56.0856303765569,91.634657497126,0,0,9.56991298445876,9.7125277966883,3.35962023355054,6.6756054924637,2.140256040939,3.49616131653853,0,0,575.652780409967,568.378170689256,153.684396398354,314.124801007771,120.387520474725,194.708693841577,0,0,22.1174078915504,21.8380021906232,5.89106624451172,12.0380770925242,4.60023307576808,7.43872069732702,0,0,0,0,18.2189643015951,38.0856275628218,13.3136425522788,20.9738787027653,0,0,0,0,0,0,0,0,0,0,89.3969271799366,51.0639106840123,56.7478942534799,54.1396934833373
"42",1993,2786,3.41666666666667,6282.78167125264,6005.81662325909,670.190558711995,1265.41187498691,250.759161674742,379.418698212366,0,0,0,0,0,0,0,0,0,0,0,0,1.02214143038452,1.97064825653974,0.454818240310784,0.690830012395516,0,0,0,0,0,0,0,0,0,0,3078.33363587715,2965.4360381222,242.109231662532,459.735142753512,80.5000067049084,123.537373284991,0,0,118.274501066931,113.936794818818,9.32779901243842,17.7140018439774,3.10195605432051,4.76035374961224,0,0,31047.0404926475,29938.3220265334,2904.3096331985,5490.5630861006,1075.49098355799,1621.02994989152,0,0,1192.85771676436,1150.27901065819,112.473895622717,212.790926284208,41.9621794377933,63.2910203233316,0,0,0,0,4.65810289831134,8.97955346949056,1.94795998233676,2.94767023819312,0,0,0,0,0,0,0,0,0,0,248.958276732086,252.395635068973,89.3468573679125,177.668948761059,57.4136776542946,93.9931145719373,0,0,9.56534705811613,9.69744516135181,3.42259666161838,6.80406751782711,2.19094089050321,3.58614725391019,0,0,571.973696600313,564.250890253022,156.222494546833,319.609353835155,122.789921439595,199.075977056822,0,0,21.9760528463051,21.6794254197686,5.98830545053011,12.248126823071,4.6919923412064,7.60548029973304,0,0,0,0,18.5948773569642,38.9003332640533,13.6233303926763,21.4986187770149,0,0,0,0,0,0,0,0,0,0,91.5136505760176,52.162107571284,58.8646231338758,56.0512452668754
"43",1993,2786,3.5,6269.82446881025,5984.68697548446,678.956670663843,1281.88568919297,254.593488517876,385.590732768643,0,0,0,0,0,0,0,0,0,0,0,0,1.03701345769541,1.99923239168197,0.461934559266058,0.70233430003677,0,0,0,0,0,0,0,0,0,0,3084.92884794642,2967.35888861157,246.634916436303,468.456959837154,82.4977057610601,126.8003216847,0,0,118.527899661493,114.010673809583,9.50219980669704,18.0501408527005,3.17892700722675,4.88607419813127,0,0,30960.4623163138,29808.6200986495,2943.73379271723,5565.76847659268,1096.93301118471,1655.23852361618,0,0,1189.53140957566,1145.29564707186,114.005850789444,215.717427893543,42.8007069196601,64.6302658964919,0,0,0,0,4.73041891898464,9.12050993822051,1.9879550632459,3.01172625748945,0,0,0,0,0,0,0,0,0,0,248.866219037599,252.024472596625,90.9997667699014,181.042583789424,58.7689851276651,96.3989681421524,0,0,9.56181030720044,9.68318449321955,3.48590148050602,6.93322325477332,2.24266768595043,3.67794409319533,0,0,568.29679729714,560.131850609039,158.755824897996,325.094710497008,125.229202207576,203.516627546687,0,0,21.8347817263045,21.5211652737325,6.08535868392959,12.4581997888474,4.78515976561791,7.77504001124287,0,0,0,0,18.9742928731202,39.7233125851333,13.9384883747517,22.0332279250713,0,0,0,0,0,0,0,0,0,0,93.629477743272,53.2586441711533,61.0274761194815,58.0066573789017
"44",1993,2786,3.58333333333333,6256.85583927008,5963.67854350679,687.485762985189,1297.94756865584,258.456723378601,391.809211745158,0,0,0,0,0,0,0,0,0,0,0,0,1.05177979710383,2.0276214754918,0.469120455372989,0.713947630588421,0,0,0,0,0,0,0,0,0,0,3091.90511582172,2969.64220431507,251.160054792916,477.197345659797,84.5436317752454,130.145207661076,0,0,118.795939029495,114.098402450319,9.67658555507039,18.3870056687931,3.2577558133314,5.01495108696585,0,0,30874.2247597594,29679.6594132328,2982.28249498263,5639.46275606022,1118.58306717633,1689.81150182129,0,0,1186.21818862401,1140.34076326784,115.504278889939,218.586144271136,43.647473909292,65.9839612471946,0,0,0,0,4.80229715083891,9.26068297500219,2.02841945581373,3.07658458510129,0,0,0,0,0,0,0,0,0,0,248.80074862052,251.674862537856,92.6598564634555,184.432333313145,60.1520215879145,98.853398405358,0,0,9.55929507932229,9.66975190338882,3.54948107092149,7.06299505771732,2.29545444493401,3.77159710002204,0,0,564.62286641524,556.021542406151,161.283776024878,330.579191940814,127.705055170064,208.030088776335,0,0,21.6936246507323,21.3632406040285,6.18220261861984,12.6682318508549,4.87972363312755,7.94737864865404,0,0,0,0,19.3570517182069,40.55425864246,14.2591241818496,22.5777411945288,0,0,0,0,0,0,0,0,0,0,95.7446355272227,54.3536138528005,63.2371697925446,60.006584729506
"45",1993,2786,3.66666666666667,6243.87182592573,5942.78669040411,695.781573434079,1313.60276143462,262.345377710794,398.069412256411,0,0,0,0,0,0,0,0,0,0,0,0,1.06639358975098,2.05573490313885,0.47637097054149,0.72566317073861,0,0,0,0,0,0,0,0,0,0,3099.25907393524,2972.28152859626,255.687245678865,485.96059825189,86.63782483836,133.572553544225,0,0,119.07848986044,114.199809509929,9.85105561561718,18.7247606509062,3.33844408821582,5.14700463439912,0,0,30788.330478494,29551.4399593546,3019.97051016785,5711.66737281307,1140.42960173669,1724.73400869823,0,0,1182.91815594666,1135.41435882567,116.9697342845,221.397875749671,44.5020361887406,67.3515353332121,0,0,0,0,4.8735751936136,9.39979831503193,2.06933792045269,3.1422260966309,0,0,0,0,0,0,0,0,0,0,248.761667159642,251.346936612217,94.3259590861934,187.836511952776,61.5631819744592,101.357474201248,0,0,9.55779375476231,9.65715245273381,3.6132907291103,7.19331844706255,2.34931635691468,3.86714728180211,0,0,560.952722574534,551.920518728712,163.805645456477,336.060995301964,130.217173400082,212.615825613257,0,0,21.552613072193,21.2056726610426,6.27881043893595,12.8781541301891,4.97567226225425,8.12247586087077,0,0,0,0,19.7429676327434,41.3928180419649,14.5852404449664,23.1321862479195,0,0,0,0,0,0,0,0,0,0,97.8593490863602,55.4471106187605,65.4944195664635,62.0516873860988
"46",1993,2786,3.75,6230.86861762724,5922.00693765864,703.847760342842,1328.85642119282,266.256040016536,404.366688468664,0,0,0,0,0,0,0,0,0,0,0,0,1.08081668570903,2.08350647884605,0.483680589090976,0.737473349311359,0,0,0,0,0,0,0,0,0,0,3106.98706677321,2975.27213784264,260.218869375014,494.750652103583,88.780364740587,137.082921900087,0,0,119.375411703643,114.314713499665,10.0257010134742,19.0635562966161,3.42099496086416,5.28225658969385,0,0,30702.7822541712,29423.9618509654,3056.81245993722,5782.40365781046,1162.46132983411,1759.9914434673,0,0,1179.63141842718,1130.51643812295,118.402766005468,224.15341867599,45.3639594156936,68.7324272572466,0,0,0,0,4.94412264532784,9.53763391826392,2.11069329674695,3.20862918596157,0,0,0,0,0,0,0,0,0,0,248.748775713642,251.040799746413,95.9971071549629,191.253730046721,63.0028005486251,103.912169332886,0,0,9.55729868996948,9.64539017270481,3.6772934381914,7.32414032130597,2.40426628905578,3.96463201397831,0,0,557.287210222869,547.829383751311,166.320661767881,341.538225628959,132.765242535224,217.273311428898,0,0,21.4117794356364,21.0484846581296,6.37515268877892,13.0878942279857,5.07299369490764,8.30031163536221,0,0,0,0,20.1318340472361,42.2386018441546,14.9168341017052,23.6965825170895,0,0,0,0,0,0,0,0,0,0,99.9738418936168,56.5392289810763,67.7999400236495,64.1426307819975
"47",1993,2786,3.83333333333333,6217.84253509519,5901.33495090644,711.687905095705,1343.71361028879,270.185374132643,410.696470109382,0,0,0,0,0,0,0,0,0,0,0,0,1.09501835236428,2.11088232370935,0.491043393895498,0.749370053392141,0,0,0,0,0,0,0,0,0,0,3115.08521755757,2978.60911043447,264.757104747159,503.571106807923,90.97136713641,140.676912754039,0,0,119.686555607092,114.442925323027,10.2006050963394,19.403530331707,3.50541292839011,5.42073012887388,0,0,30617.5829469158,29297.2252796764,3092.82281074293,5851.69281054793,1184.66722784239,1795.56947780527,0,0,1176.35808596376,1125.64700852114,119.80391749392,226.85356486398,46.2328190029996,70.1260861764027,0,0,0,0,5.01383624153431,9.67401219194842,2.15246706771095,3.27577046390787,0,0,0,0,0,0,0,0,0,0,248.761873969928,250.756530971057,97.6725090515736,194.682858555574,64.4711604091605,106.518374820194,0,0,9.55780218870071,9.63446809978288,3.74145894373164,7.4554176053923,2.46031515151525,4.06408551002548,0,0,553.627193073399,543.748784192337,168.828000555055,347.008918998569,135.348935453242,222.002018976775,0,0,21.2711569262126,20.8917014432459,6.47119788541209,13.2973771138386,5.17167549251428,8.4808659493278,0,0,0,0,20.5234286372842,43.0911929775535,15.2538961199882,24.2709408059209,0,0,0,0,0,0,0,0,0,0,102.088335722811,57.6300638526425,70.1544452508263,66.280085887814
"48",1993,2786,3.91666666666667,6204.7900174234,5880.76652588402,719.305514666095,1358.17930291773,274.130117449385,417.054260928766,0,0,0,0,0,0,0,0,0,0,0,0,1.10897397016557,2.13781876712821,0.498453229828366,0.761344832379556,0,0,0,0,0,0,0,0,0,0,3123.54949555269,2982.28739412972,269.30394687736,512.425256400692,93.2109798172696,144.355160948067,0,0,120.011766703478,114.584250864797,10.375844204582,19.7448088262003,3.59170371485616,5.56244975558618,0,0,30532.7354487301,29171.2304687964,3128.01586712868,5919.55588475563,1207.03652983917,1831.45405294875,0,0,1173.09826967911,1120.8060785996,121.173726336134,229.499101039628,47.1081999855029,71.5319711997267,0,0,0,0,5.08263493398521,9.80879213352542,2.19463995909749,3.34362549478402,0,0,0,0,0,0,0,0,0,0,248.800759535499,250.49418439806,99.3515250523079,198.122993990557,65.9685028463769,109.176910997367,0,0,9.55929647477526,9.62438831303277,3.80576283089636,7.58711589984553,2.51747225660393,4.16553928552853,0,0,549.973547642612,539.679400841346,171.326800195819,352.471065314464,137.967907094273,226.801411409274,0,0,21.1307792209931,20.7353491734166,6.56691312505609,13.5065260020537,5.27170453775379,8.66411842617859,0,0,0,0,20.9175179266665,43.9501537165056,15.5964111991947,24.8552628694654,0,0,0,0,0,0,0,0,0,0,104.203050636645,58.7197104373021,72.5586491862434,68.464729387157
"49",1994,2786,4,6190.81272101963,5858.69654879042,727.804419425229,1374.06535358054,278.075656074937,423.418256896323,0,0,0,0,0,0,0,0,0,0,0,0,1.12270604062343,2.16434371295215,0.50587845913427,0.773351587302043,0,0,0,0,0,0,0,0,0,0,3132.04235619832,2985.77801792262,274.178237331679,521.818133110937,95.4951685238291,148.111804170631,0,0,120.338075991005,114.718366213019,10.5636685331553,20.1067953728603,3.67971182589463,5.70718953951237,0,0,30444.9139221799,29040.6333543835,3165.72323985936,5991.30314091069,1229.50463699537,1867.55009621928,0,0,1169.72418742231,1115.78832075254,122.640167925702,232.293996758313,47.9875811657124,72.9463705898415,0,0,0,0,5.15055959478621,9.94199429435461,2.2370801639859,3.41200411586893,0,0,0,0,0,0,0,0,0,0,248.817461846324,250.183564280506,101.062256367758,201.619576129067,67.4817230366122,111.86718986367,0,0,9.55993844700752,9.61245377933395,3.87128582969081,7.7209832381407,2.57523762671688,4.26820807166731,0,0,546.271688441194,535.533841367168,173.864641694355,357.999664446906,140.614704484335,231.659640359359,0,0,20.9885490664721,20.5760700949507,6.66412715628231,13.7182238712099,5.37279616642858,8.84961663843585,0,0,0,0,21.313329021447,44.813951500212,15.9435557296744,25.4483077928952,0,0,0,0,0,0,0,0,0,0,106.33749984421,59.8270074499246,75.0359294170308,70.736114969372
"50",1994,2786,4.08333333333333,6175.63841333661,5834.63388180346,737.515338658883,1391.91876279491,282.034597403304,429.802438448563,0,0,0,0,0,0,0,0,0,0,0,0,1.1367072005261,2.19126511282101,0.513310172194597,0.785376017136352,0,0,0,0,0,0,0,0,0,0,3140.42311899373,2988.87301991468,279.472334242738,531.896538412732,97.8268220068338,151.949665801987,0,0,120.660078299863,114.837281138986,10.7676321755417,20.4951390615359,3.76954813403122,5.85505779746633,0,0,30353.0608892158,28903.7443240367,3206.961887034,6068.56096468287,1252.10104641213,1903.88554506008,0,0,1166.19520975994,1110.52881733227,124.242360700298,235.300806623557,48.872079669724,74.3703334813737,0,0,0,0,5.21923519939365,10.0762020295399,2.27974673733759,3.48084286079972,0,0,0,0,0,0,0,0,0,0,248.798284505326,249.804383615841,102.829003581695,205.21156545365,69.0083856764486,114.585045555991,0,0,9.55920186920267,9.59788503953066,3.93896194481417,7.85851728168156,2.63351864714492,4.37193341571027,0,0,542.504696777976,531.284440413122,176.457572668592,363.619961660215,143.286177832408,236.571252771526,0,0,20.8438164217381,20.4128012604438,6.76345696186942,13.9334415874889,5.47483040479326,9.03715284193017,0,0,0,0,21.7105846986024,45.6819793225613,16.2949787408041,26.0495512844709,0,0,0,0,0,0,0,0,0,0,108.49771943462,60.9578077585772,77.595257029566,73.1092675036983
"51",1994,2786,4.16666666666667,6160.47033335356,5810.73290492269,746.953778353206,1409.30261567336,286.026187052242,436.234551371542,0,0,0,0,0,0,0,0,0,0,0,0,1.15100078852954,2.21863187066257,0.520788565393626,0.797475098703505,0,0,0,0,0,0,0,0,0,0,3149.1343583478,2992.26728111153,284.760140474138,541.986291633514,100.213746925336,155.880621544912,0,0,120.994778046592,114.967694082167,10.9713651386367,20.8839392889729,3.86151346559126,6.0065121331552,0,0,30261.6457184188,28767.7440876822,3247.2649915309,6144.20759195905,1274.90972011073,1940.58201982197,0,0,1162.68305451184,1105.30346286242,125.808719315682,238.245967399718,49.7649710887004,75.8086097312504,0,0,0,0,5.28878728166547,10.2116667794084,2.32281087049615,3.55038649180636,0,0,0,0,0,0,0,0,0,0,248.807690027364,249.451554139326,104.617039982923,208.843162432679,70.5675863479574,117.361119151669,0,0,9.55956348818082,9.58432875463409,4.00745579354429,7.99757176663595,2.69304431973378,4.47788483813653,0,0,538.747354345117,527.049680665089,179.041172239645,369.229008303635,145.991376303588,241.55052676319,0,0,20.699454507595,20.25009496494,6.86242710039138,14.1482230460637,5.57815317520083,9.22727274502165,0,0,0,0,22.1100864236742,46.5557564193932,16.6517201190341,26.6606167366723,0,0,0,0,0,0,0,0,0,0,110.657897045528,62.0869526799311,80.2076964095152,75.5337830107783
"52",1994,2786,4.25,6145.30267512664,5786.98702146412,756.123978578294,1426.2228330645,290.046316246815,442.709095155955,0,0,0,0,0,0,0,0,0,0,0,0,1.16546387946434,2.24624296500673,0.528316836237983,0.809652034283586,0,0,0,0,0,0,0,0,0,0,3158.1824673172,2995.96598336847,290.04585069847,552.094378794235,102.656324403153,159.905842764821,0,0,121.342420862655,115.109804137729,11.1750276126332,21.2734629742693,3.95562261406091,6.16159778676423,0,0,30170.6634436835,28632.6243749298,3286.64781209196,6218.2652186286,1297.9181398612,1977.62342703401,0,0,1159.18753088334,1100.11193958063,127.339815978384,241.130306712163,50.6657737323365,77.2605806347856,0,0,0,0,5.35881104469829,10.3477433441546,2.3662840610001,3.62064775696396,0,0,0,0,0,0,0,0,0,0,248.845165637987,249.124675662066,106.423613776484,212.510266565404,72.1597814858619,120.196415083881,0,0,9.56100360241389,9.5717695487447,4.07666173766987,8.13798934908434,2.75383228822419,4.58610103807092,0,0,534.999900633226,522.829748677665,181.615590752756,374.826349374733,148.729942757431,246.596879543213,0,0,20.5554725256758,20.0879583761625,6.96104357881184,14.3625512897007,5.68275094256817,9.4199542917959,0,0,0,0,22.5118584710164,47.4352535191321,17.0137549410958,27.2814859056789,0,0,0,0,0,0,0,0,0,0,112.818278560425,63.2145604791193,82.8742145033674,78.0105730279953
"53",1994,2786,4.33333333333333,6130.130007443,5763.39002144341,765.03008974338,1442.68523560078,294.090974876616,449.220671214065,0,0,0,0,0,0,0,0,0,0,0,0,1.1799955479086,2.27393238130763,0.535895385478592,0.821906576302578,0,0,0,0,0,0,0,0,0,0,3167.57216933072,2999.97266947967,295.33327112798,562.227122577003,105.154927971098,164.026458557656,0,0,121.703188229737,115.263747425491,11.3787649888012,21.6639517435299,4.05189005994224,6.32035835186562,0,0,30080.1102441596,28498.3780659682,3325.12553550454,6290.75606393608,1321.11409534575,2014.99400747633,0,0,1155.70849208156,1094.95397393171,128.836220526999,243.954653634196,51.5740174268406,78.7256398885344,0,0,0,0,5.42897736186843,10.4839044276012,2.41016877589007,3.69162864772766,0,0,0,0,0,0,0,0,0,0,248.910255430199,248.823391353895,108.24638504933,216.209387846535,73.7853613057634,123.091863836336,0,0,9.56350469530728,9.56019371187483,4.14648998574563,8.27963617782832,2.81589765136573,4.69661787868157,0,0,531.262679525699,518.624944121407,184.180762194638,380.411225317852,151.501534078082,251.709751387429,0,0,20.4118836885299,19.9264030079314,7.05930409162394,14.5763976636804,5.78861072328692,9.61517633276133,0,0,0,0,22.9158625168237,48.3203421573609,17.3810590830641,27.9121400376822,0,0,0,0,0,0,0,0,0,0,114.979105627522,64.3407476990405,85.5957654080485,80.5405433781784
"54",1994,2786,4.41666666666667,6114.94722049128,5739.93602742702,773.676177703584,1458.69554931462,298.156246834601,455.763978179006,0,0,0,0,0,0,0,0,0,0,0,0,1.19451248060543,2.30156228235358,0.543522614804316,0.834235988118783,0,0,0,0,0,0,0,0,0,0,3177.306828707,3004.28955420532,300.625862796582,572.390258648515,107.709928378927,168.243567903953,0,0,122.077209410342,115.42960904008,11.5827095051421,22.0556248358413,4.15033015953158,6.4828362461803,0,0,29989.9832187663,28364.9989662631,3362.71325684591,6361.70233067414,1344.48567332353,2052.67832398524,0,0,1152.24582665196,1089.82932791109,130.29849966366,246.719837148388,52.4892431126185,80.2031931369982,0,0,0,0,5.49901726638489,10.6197169619014,2.45446115367222,3.76332355504123,0,0,0,0,0,0,0,0,0,0,249.002548814993,248.547377578846,110.083363038311,219.937554998518,75.4446622409053,126.048332840956,0,0,9.56705099145153,9.54958880941105,4.21686417625675,8.42239835818117,2.87925344245827,4.80946880757658,0,0,527.536119214844,514.435658247568,186.736448786971,385.982634907964,154.305809704738,256.888591014641,0,0,20.2687044479726,19.7654438927446,7.15719973602903,14.7897242348534,5.89571964431909,9.81291806329802,0,0,0,0,23.3220125943815,49.2108176371849,17.7536069823105,28.5525572188476,0,0,0,0,0,0,0,0,0,0,117.14061619191,65.4656293688271,88.373292610294,83.1245961110961
"55",1994,2786,4.5,6099.74949130195,5716.61945923111,782.066226912915,1474.25940927005,302.238307501611,462.333809425695,0,0,0,0,0,0,0,0,0,0,0,0,1.20894627860832,2.32901878072712,0.551195375755436,0.846635589544904,0,0,0,0,0,0,0,0,0,0,3187.38865424738,3008.9177287238,305.9267701758,582.588985469656,110.321695514305,172.558246062973,0,0,122.464569270148,115.607430906314,11.786981334113,22.448680999087,4.25095722128321,6.64907295989113,0,0,29900.2802380613,28232.4816583018,3399.42596535108,6431.12617788443,1368.02125218672,2090.6612554113,0,0,1148.79945278698,1084.73779336865,131.727216406825,249.426685094835,53.4110026430573,81.6926577477719,0,0,0,0,5.56871249464887,10.7548275757928,2.49915249093165,3.8357210220922,0,0,0,0,0,0,0,0,0,0,249.121673274007,248.296337575695,111.932864261463,223.692254136895,77.1379754214104,129.066634413698,0,0,9.57162817816785,9.53994343931054,4.28771976536823,8.56617958961491,2.94391095596883,4.92468516251437,0,0,523.820718475689,510.262359125255,189.282270783408,391.539377676052,157.14242420298,262.132845603718,0,0,20.1259539677058,19.6050990145655,7.25471615758992,15.0024854230704,6.00406465788804,10.0131586407658,0,0,0,0,23.7301842232232,50.1064131554362,18.1313704342739,29.2027109031967,0,0,0,0,0,0,0,0,0,0,119.303044818536,66.5893191224523,91.207730644248,85.7636309542547
"56",1994,2786,4.58333333333333,6084.53225441859,5693.43500405557,790.204142838617,1489.38236224555,306.333421769452,468.925051170696,0,0,0,0,0,0,0,0,0,0,0,0,1.22324116864017,2.35620834701408,0.558909342417702,0.859099210486341,0,0,0,0,0,0,0,0,0,0,3197.81887334948,3013.85733497095,311.238846881701,592.828009028986,112.990600113138,176.971550259212,0,0,122.865314967737,115.797218477596,11.9916895600661,22.8433001929882,4.35378557378523,6.819109276411,0,0,29810.9998174513,28100.8213752302,3435.27853091605,6499.0496952613,1391.70949776685,2128.92799201706,0,0,1145.36931345466,1079.67918715364,133.122929569684,252.076023186404,54.3388586300913,83.1934626403234,0,0,0,0,5.6378874788611,10.8889502714671,2.54423047112121,3.90880519531593,0,0,0,0,0,0,0,0,0,0,249.267288238109,248.069996156244,113.793476123176,227.471375373983,78.865553952303,132.147532668162,0,0,9.57722317031386,9.53124702840086,4.35900262560177,8.71089910936949,3.0098800278582,5.04229643770442,0,0,520.117034843215,506.105578927884,191.817732197208,397.080090578462,160.011020853074,267.441951942689,0,0,19.9836536690703,19.445388820348,7.35183453934051,15.2146294111441,6.11363229529479,10.2158768451557,0,0,0,0,24.1402221486864,51.0068118040354,18.5143176072104,29.862568692452,0,0,0,0,0,0,0,0,0,0,121.466622957233,67.71192929235,94.1000065656907,88.4585466037117
"57",1994,2786,4.66666666666667,6069.29117079171,5670.3775847966,798.093755036765,1504.06987009027,310.437941226498,475.532679744601,0,0,0,0,0,0,0,0,0,0,0,0,1.23735164885823,2.38305410714252,0.566659382095429,0.871619642621276,0,0,0,0,0,0,0,0,0,0,3208.59791145197,3019.10774452594,316.56468491173,603.111593553793,115.717015504143,181.484525621903,0,0,123.279462849141,115.998947608992,12.1969332914746,23.2396455205124,4.45882963510288,6.99298550294265,0,0,29722.1409872642,27970.0138717074,3470.28569134972,6565.4948774353,1415.53935622334,2167.46402777623,0,0,1141.95537140667,1074.6533461527,134.486193263408,254.668674013974,55.2723841807997,84.7050479999718,0,0,0,0,5.70640113056365,11.0218537558196,2.5896803842281,3.98255726508239,0,0,0,0,0,0,0,0,0,0,249.4390788726,247.868094429837,115.664018138843,231.273155761382,80.6276203061384,135.291750724824,0,0,9.58382387150128,9.52348962968722,4.43066755305897,8.8564894953866,3.07716932029355,5.16233056138518,0,0,516.425672431868,501.965900824884,194.342247160431,402.603285578892,162.911225600759,272.815327823605,0,0,19.8418267630543,19.286335716395,7.44853261505848,15.4260995896569,6.22440843453504,10.421050748988,0,0,0,0,24.5519481682967,51.9116587444625,18.9024121461279,30.532091233801,0,0,0,0,0,0,0,0,0,0,123.631579226498,68.8335710088425,97.0510415148841,91.2102420281166
"58",1994,2786,4.75,6054.02210400531,5647.44233571596,805.738819610775,1518.32731242355,314.548302002365,482.151759618228,0,0,0,0,0,0,0,0,0,0,0,0,1.25124079008402,2.40949314989819,0.574439791756723,0.884188930949319,0,0,0,0,0,0,0,0,0,0,3219.72552872051,3024.66769478717,321.906638518169,613.443602469319,118.501318177571,186.09820873367,0,0,123.707003699542,116.21256978933,12.4028025692269,23.6378647878766,4.56610393642515,7.17074160870501,0,0,29633.7031940893,27840.0553260344,3504.46204210614,6630.48360319695,1439.5000483231,2206.25515445551,0,0,1138.55760538769,1069.66012352949,135.817556496583,257.205456242554,56.2111626864546,86.2268650592386,0,0,0,0,5.77414097010626,11.1533523187593,2.63548588169656,4.05695636844933,0,0,0,0,0,0,0,0,0,0,249.636751579933,247.690386087726,117.543511299935,235.096134082302,82.4243720783753,138.499976691409,0,0,9.59141900130357,9.51666177959182,4.50267708853296,9.00289492624902,3.14578654311642,5.28481412582321,0,0,512.747272325541,497.843948610526,196.855160213117,408.107378836993,165.842642892384,278.252365663246,0,0,19.7004978810632,19.1279636698813,7.54478544889448,15.636835678581,6.33637814035023,10.6286574726895,0,0,0,0,24.9651666678789,52.820569913361,19.2956127034146,31.2112316148434,0,0,0,0,0,0,0,0,0,0,125.798139612484,69.9543542630429,100.061751994448,94.0196175038941
"59",1994,2786,4.83333333333333,6038.72110112663,5624.62458279519,813.143021335141,1532.15998895,318.661022898677,488.777441752874,0,0,0,0,0,0,0,0,0,0,0,0,1.26487891195573,2.43547441851243,0.582244466826358,0.896798583449225,0,0,0,0,0,0,0,0,0,0,3231.2009292845,3030.53539749795,327.266844846259,623.827533605646,121.343887923586,190.813630092903,0,0,124.147906940318,116.438016310929,12.6093791520347,24.0380918457068,4.6756231288199,7.3524173210772,0,0,29545.6862222025,27710.942262479,3537.82202782809,6694.03761806407,1463.58106415452,2245.28745627818,0,0,1135.17600711642,1064.69938574029,137.117562844303,259.687183935767,57.1547876278162,87.7583759012243,0,0,0,0,5.84101857967215,11.2832987346066,2.68162950527155,4.13198022617391,0,0,0,0,0,0,0,0,0,0,249.860030536681,247.536634622051,119.431152719202,238.93911332657,84.2559865878744,141.772868657884,0,0,9.59999796220071,9.51075439110289,4.57500054202481,9.15006973714812,3.21573863081405,5.40977257932074,0,0,509.0825047319,493.740378221908,199.355762600642,413.590714286661,168.804852694339,283.75242758871,0,0,19.5596927734776,18.9702978829608,7.64056606144951,15.8467746330216,6.4495255497482,10.8386729961475,0,0,0,0,25.3796688599338,53.7331387382816,19.6938726749618,31.899935005963,0,0,0,0,0,0,0,0,0,0,127.966527621513,71.0743879508965,103.133050953864,96.8875754696369
"60",1994,2786,4.91666666666667,6023.38437405476,5601.91982459867,820.309975812721,1545.57312179684,322.772703478768,495.40496193703,0,0,0,0,0,0,0,0,0,0,0,0,1.27824227302846,2.46095662701435,0.590067071794399,0.909439782074313,0,0,0,0,0,0,0,0,0,0,3243.02286747527,3036.70864403927,332.647244733441,634.266554707602,124.245108072656,195.631816687637,0,0,124.602124710888,116.675202315112,12.8167373081238,24.4404479419651,4.78740199384698,7.53805222595841,0,0,29458.0901172177,27582.6714760124,3570.37993401414,6756.17851689324,1487.77215752324,2284.54730427176,0,0,1131.81057835228,1059.77100964226,138.386750121562,262.114665881443,58.1028623686194,89.2990532513211,0,0,0,0,5.90696509620614,11.4115772358547,2.72809322783629,4.20760579056571,0,0,0,0,0,0,0,0,0,0,250.108654330794,247.406610652186,121.326290655146,242.80112367472,86.1226252560469,145.111059461116,0,0,9.60955071037765,9.5057586510483,4.64761303178283,9.29797699535056,3.28703191102983,5.53723040942259,0,0,505.432061341749,489.655869478026,201.843308114805,419.051586562474,171.797407707765,289.314840735906,0,0,19.4194380160893,18.8133644753681,7.7358460383205,16.0558515238808,6.56383376498383,11.0510719783843,0,0,0,0,25.7952369720544,54.6489427685016,20.0971399339657,32.5981383036421,0,0,0,0,0,0,0,0,0,0,130.136964430416,72.1937799160345,106.265848866577,99.8150213703237
"61",1995,2786,5,6006.37799146924,5577.16564130957,828.326316313656,1560.60965336785,326.836225846562,502.147340929582,0,0,0,0,0,0,0,0,0,0,0,0,1.29131886111202,2.48635246527345,0.597814635350989,0.922312007722136,0,0,0,0,0,0,0,0,0,0,3254.83223451926,3042.77997919948,338.316333123824,645.288756295498,127.188142785981,200.600637049152,0,0,125.055859477895,116.90847272106,13.0351911355104,24.8652325163995,4.90079169434221,7.72949062623916,0,0,29367.1695951885,27450.8459089644,3604.83589346223,6822.31948011193,1511.85320135566,2324.55679180223,0,0,1128.31742084376,1054.70605317597,139.728770573393,264.696171779739,59.0467865474596,90.8693044068982,0,0,0,0,5.97177764555953,11.5398509704969,2.77445673575179,4.28477771126703,0,0,0,0,0,0,0,0,0,0,250.288394335066,247.320374892742,123.237507799495,246.821696027185,87.9746779687269,148.646294888034,0,0,9.61645683829778,9.50244532436728,4.72084749623254,9.45196764261209,3.35777309828257,5.67221530770037,0,0,501.747481696589,485.538577542842,204.342323505001,424.602115613476,174.793482858154,295.008047286244,0,0,19.2778716871721,18.6551714852858,7.83156948368389,16.2683694865116,6.67827816145405,11.2684690223548,0,0,0,0,26.2097426710465,55.5738480587391,20.5023732466206,33.3132969501113,0,0,0,0,0,0,0,0,0,0,132.365459968518,73.2268279531682,109.543487668654,102.573384967263
"62",1995,2786,5.08333333333333,5988.30089163847,5551.16114740521,836.771506127741,1576.48795935169,330.878903598828,508.979491329915,0,0,0,0,0,0,0,0,0,0,0,0,1.30448111060478,2.51212424152925,0.605516117730314,0.935344463700397,0,0,0,0,0,0,0,0,0,0,3266.75602649872,3048.88767650824,344.176471486146,656.707614133854,130.1837680916,205.713457288373,0,0,125.513990633907,117.143140218904,13.2609935891007,25.3052820403725,5.01620700962233,7.9264762918944,0,0,29274.2804355494,27317.0698712504,3640.16673196213,6890.44068647185,1535.92417688226,2365.17589880105,0,0,1124.74862523309,1049.56615652063,141.104370462361,267.354047741963,59.9904417009786,92.463636517402,0,0,0,0,6.03656842025955,11.6692081460251,2.82085066312761,4.36318131879822,0,0,0,0,0,0,0,0,0,0,250.438201626052,247.265967694545,125.172549366438,250.961708780597,89.833884220585,152.3269933023,0,0,9.62221290565795,9.50035490211047,4.79500036976728,9.6105430748081,3.42879221392168,5.81275970093034,0,0,498.041589640476,481.410953924631,206.84158129458,430.208194180909,177.797204232629,300.819595130568,0,0,19.1354864971234,18.4965815357055,7.9273050652398,16.4830197555948,6.79301687098828,11.4903885919023,0,0,0,0,26.623688072135,56.5056526775154,20.9104248746551,34.0429926796478,0,0,0,0,0,0,0,0,0,0,134.631391369811,74.2042656222077,112.938201425281,105.241438006153
"63",1995,2786,5.16666666666667,5970.20537893236,5525.30172602225,844.941336231322,1591.88383381376,334.928730017832,515.825303963902,0,0,0,0,0,0,0,0,0,0,0,0,1.31772638277651,2.53798854929845,0.613229380453969,0.948405664400214,0,0,0,0,0,0,0,0,0,0,3279.02720122202,3055.29335973696,350.057049819801,668.188215424833,133.244539915867,210.944057681409,0,0,125.985468790462,117.389256812324,13.4875910321845,25.7477231685223,5.13413181024436,8.12799894686574,0,0,29181.8422359929,27184.1836817627,3674.63372892461,6957.0543868684,1560.11845359898,2406.0609872085,0,0,1121.19715533817,1044.4604493164,142.446795171598,269.954088211642,60.9390381696191,94.0686211203953,0,0,0,0,6.10144425170963,11.7985409668927,2.86753930830167,4.44220857555956,0,0,0,0,0,0,0,0,0,0,250.619497227974,247.229347874623,127.126647244895,255.131793890965,91.7334598341573,156.069364304093,0,0,9.62917880189358,9.49894789943572,4.86988658385741,9.77027663119677,3.50135731376322,5.95566679608067,0,0,494.345750431991,477.307718251169,209.324422839066,435.796796527601,180.824310763764,306.706275165722,0,0,18.9934875449966,18.3389286104547,8.02241209571359,16.6970005202118,6.90865145853211,11.7151806791367,0,0,0,0,27.038260860758,57.440247672739,21.3231276346794,34.7823964342604,0,0,0,0,0,0,0,0,0,0,136.898821653617,75.1815233452859,116.398282614106,107.967155957848
"64",1995,2786,5.25,5952.08711978293,5499.58225326517,852.840046237061,1606.80319138315,338.981758198425,522.679257652318,0,0,0,0,0,0,0,0,0,0,0,0,1.33096580723001,2.56379836092889,0.6209543016355,0.961494179056272,0,0,0,0,0,0,0,0,0,0,3291.64683116232,3061.99746317002,355.960408723916,679.734636823011,136.370737220061,216.293999485113,0,0,126.470335153692,117.646839187218,13.7150728149909,26.1927116739642,5.25457694826785,8.33411883105954,0,0,29089.8529688219,27052.1817843544,3708.25191084017,7022.18275043362,1584.42513571374,2447.1976526063,0,0,1117.66293325922,1039.38871808668,143.75661022135,272.497122602209,61.8921543500375,95.6837010710667,0,0,0,0,6.16616203341349,11.9274603881418,2.91452291902348,4.52185833414938,0,0,0,0,0,0,0,0,0,0,250.831617622983,247.21066344484,129.098125058263,259.330321079514,93.6734737003504,159.875491824137,0,0,9.63732903367043,9.49823000319647,4.94544186907061,9.9311058635949,3.57547130512217,6.10101661983238,0,0,490.66096656195,473.228893752332,211.790872822403,441.366286262786,183.874684080365,312.666097150898,0,0,18.8519133479996,18.1822136020605,8.11689176536119,16.9102496507965,7.02517761637651,11.9427697795843,0,0,0,0,27.4533932243972,58.3774415613754,21.7404162977857,35.531428701972,0,0,0,0,0,0,0,0,0,0,139.168032811637,76.1586717191068,119.924914905604,110.75134516361
"65",1995,2786,5.33333333333333,5933.94199947984,5473.9978299919,860.471789471414,1621.25185317627,343.034139635358,529.53593035828,0,0,0,0,0,0,0,0,0,0,0,0,1.34412689548257,2.58943290006469,0.628688850643571,0.974606224358683,0,0,0,0,0,0,0,0,0,0,3304.61527762141,3068.99970394011,361.888676734788,691.350553705487,139.562656594412,221.764773071115,0,0,126.968603605392,117.915876475373,13.9435202133566,26.6403880232843,5.37755393615541,8.54489344494769,0,0,28998.3110655427,26921.0591093765,3741.03614265756,7085.84782031731,1608.83360643298,2488.57180007075,0,0,1114.14589873935,1034.35076804692,145.03437529622,274.983976013343,62.8493790998604,97.3083307140063,0,0,0,0,6.23052610852228,12.0556514349588,2.96179651161936,4.60212334400801,0,0,0,0,0,0,0,0,0,0,251.073947993062,247.210052558399,131.085556077055,263.555952396871,95.6539751046566,163.747328080347,0,0,9.64663997877462,9.49820652146063,5.02161155781953,10.092979584627,3.65113633255218,6.24888417044379,0,0,486.988245609037,469.174580951894,214.240821521815,446.914939048129,186.94816684325,318.697176054087,0,0,18.710802618819,18.0264403728058,8.21074010187872,17.1227016296382,7.14258956295581,12.1730844264703,0,0,0,0,27.8689811066093,59.3169850429562,22.162224324977,36.2900063724824,0,0,0,0,0,0,0,0,0,0,141.439300923801,77.1357819177955,123.51926856465,113.594828278805
"66",1995,2786,5.41666666666667,5915.76609176092,5448.54375079466,867.840639915075,1635.23555483657,347.082118133252,536.389993473821,0,0,0,0,0,0,0,0,0,0,0,0,1.35714991957743,2.61479196585997,0.636429699035862,0.987736398378669,0,0,0,0,0,0,0,0,0,0,3317.93234633167,3076.29923958084,367.84379804502,703.039295707683,142.820611084014,227.35781478634,0,0,127.480266681487,118.196336307883,14.1730074824843,27.090879492855,5.50307490509894,8.7603781996747,0,0,28907.2153055959,26790.810961351,3773.0011243576,7148.07149691557,1633.33351238431,2530.16962412255,0,0,1110.6460048895,1029.34641878883,146.280644094004,277.415468562276,63.8103111569174,98.9419751353682,0,0,0,0,6.29437750666782,12.1828567388651,3.00935162977587,4.68299225503835,0,0,0,0,0,0,0,0,0,0,251.345914155684,247.227641643208,133.087720737772,267.807589460373,97.6750006016659,167.686709248563,0,0,9.65708957626805,9.49888231179138,5.09834894784448,10.2558558320276,3.72835404423566,6.39934001719107,0,0,483.328593426215,465.144943001234,216.674055191448,452.440972284876,190.044560363969,324.797710081184,0,0,18.570194003833,17.8716151912266,8.30394913835418,17.3342886941999,7.26087994898249,12.4060563494472,0,0,0,0,28.2848942646997,60.2585865116444,22.5884826335218,37.058041352075,0,0,0,0,0,0,0,0,0,0,143.712896812553,78.1129256311534,127.182502816982,116.498443451
"67",1995,2786,5.5,5897.555647494,5423.21549225832,874.950593674151,1648.75994859057,351.12202968788,543.236212201859,0,0,0,0,0,0,0,0,0,0,0,0,1.36998631716883,2.63979342294623,0.644172477312055,1.00087799188016,0,0,0,0,0,0,0,0,0,0,3331.59736154211,3083.89474374604,373.827543336858,714.803868565296,146.144928764117,233.07451372876,0,0,128.005298418544,118.488167724407,14.4036022680697,27.5443010000997,5.6311525519468,8.98062667853809,0,0,28816.5647617023,26661.4329644546,3804.16138240032,7208.87552161739,1657.91476390073,2571.97760764523,0,0,1107.16321608853,1024.37550218578,147.495963997768,279.792414763294,64.774559153484,100.584110122025,0,0,0,0,6.35758922636854,12.3088692870478,3.05717706615044,4.76445044836951,0,0,0,0,0,0,0,0,0,0,251.64697918494,247.263544256811,135.103587187898,272.084348908102,99.7365776926815,171.695362429707,0,0,9.6686571966672,9.50026173725182,5.17561455289904,10.419700921868,3.80712573422687,6.55245056699633,0,0,479.68300970052,461.140198361415,219.090271361863,457.942561653016,193.163622430692,330.965969458729,0,0,18.4301259125125,17.7177464509458,8.39650750104918,17.5449414732742,7.38003977314354,12.6416200454543,0,0,0,0,28.7009809134447,61.2019192664406,23.0191190149172,37.8354398122586,0,0,0,0,0,0,0,0,0,0,145.989086251868,79.0901750244494,130.915767069541,119.463044303913
"68",1995,2786,5.58333333333333,5879.3070794479,5398.00869726552,881.805572095548,1661.83060700355,355.150300355797,550.069443917964,0,0,0,0,0,0,0,0,0,0,0,0,1.38259679104574,2.66437020449512,0.651912070867578,1.01402334697703,0,0,0,0,0,0,0,0,0,0,3345.60925159873,3091.78449319014,379.841525158038,726.646984675659,149.535951297828,238.916220320366,0,0,128.543657641904,118.791304515094,14.6353661905947,28.0007562676951,5.76180008572441,9.20569096777783,0,0,28726.3587379705,26532.9210005036,3834.53126430103,7268.28146277942,1682.56752946096,2613.98251434905,0,0,1103.69750560531,1019.43786001011,148.680875860449,282.115622981889,65.7417414113201,102.234221880934,0,0,0,0,6.4200606255196,12.4335237883932,3.10525969631165,4.84648099513166,0,0,0,0,0,0,0,0,0,0,251.976639130979,247.317860206817,137.132287209651,276.385532443956,101.838728666582,175.774915000941,0,0,9.68132347747721,9.50234863261054,5.25337517565239,10.5844882933675,3.88745249118712,6.70827842207736,0,0,476.052483679206,457.160612201288,221.489096405294,463.41785876893,196.305066015506,337.200283209765,0,0,18.2906363532135,17.5648443401747,8.48840108423098,17.7545896663152,7.50005833117493,12.879712272512,0,0,0,0,29.1170730341742,62.1466297761798,23.454057573744,38.6221015076757,0,0,0,0,0,0,0,0,0,0,148.268130292001,80.0676026861321,134.720202384144,122.489499594012
"69",1995,2786,5.66666666666667,5861.01694812107,5372.91916030495,888.409424843458,1674.4530266947,359.163444218189,556.884636714889,0,0,0,0,0,0,0,0,0,0,0,0,1.39494954944229,2.68846752952786,0.659642883071982,1.02716417685677,0,0,0,0,0,0,0,0,0,0,3359.96662883116,3099.96644902316,385.887213108698,738.571093051711,152.994032288939,244.88425416357,0,0,129.09529103505,119.105668342531,14.868355422508,28.4603389646786,5.89503116616008,9.43562195980084,0,0,28636.5967121941,26405.2711512155,3864.12493342396,7326.31070205609,1707.28223001916,2656.17138136377,0,0,1100.24885338164,1014.53334171467,149.835913797533,284.385894902386,66.7114857329383,103.891806763875,0,0,0,0,6.48171224314369,12.5566886822161,3.15358521475111,4.92906550487722,0,0,0,0,0,0,0,0,0,0,252.334418976124,247.390674931126,139.173092984309,280.710598011515,103.981474021645,179.926903959421,0,0,9.69507016781966,9.5051462805288,5.33160301314066,10.750197397466,3.96933533095714,6.86688273725902,0,0,472.437990178088,453.206488060568,223.870102247779,468.865007824919,199.468558488179,343.499026331246,0,0,18.1517627798124,17.4129205213948,8.57961369208151,17.963162683362,7.62092318436103,13.1202715588197,0,0,0,0,29.5329912454443,63.0923452968642,23.8932182747966,39.4179192161006,0,0,0,0,0,0,0,0,0,0,150.550285572901,81.0452815692356,138.596942948718,125.578692843213
"70",1995,2786,5.75,5842.6819520359,5347.94281724069,894.765932317412,1686.63263128687,363.158061885076,563.67682848656,0,0,0,0,0,0,0,0,0,0,0,0,1.40701915661793,2.71204106670439,0.667358981165995,1.04029174614011,0,0,0,0,0,0,0,0,0,0,3374.667844198,3108.43831258946,391.965945252522,750.578401384715,156.519535407439,250.979908688591,0,0,129.660135239176,119.431170888691,15.1026211218807,28.9231335467977,6.03085983294292,9.67046953282787,0,0,28547.278296554,26278.4796588258,3892.95636552959,7382.98442473598,1732.04953437798,2698.5315136562,0,0,1096.81724452242,1009.66180291967,150.961605048155,286.604025150548,67.6834292317885,105.556371061128,0,0,0,0,6.54248245664241,12.6782609273994,3.20213852642249,5.01218458541974,0,0,0,0,0,0,0,0,0,0,252.719869804086,247.482059401401,141.225400077921,285.059138895784,106.164834671678,184.152783533285,0,0,9.70988001966967,9.50865740785185,5.41027500212563,10.9168128915506,4.05277528201776,7.02831951088769,0,0,468.840486832893,449.278161642605,226.232818247866,474.282157185281,202.653721794089,349.860610354142,0,0,18.0135419860992,17.2619878928662,8.67012749467247,18.1705900905538,7.74262016533084,13.3632378412935,0,0,0,0,29.9485478869149,64.038678771666,24.3365167920084,40.2227785280552,0,0,0,0,0,0,0,0,0,0,152.835804554486,82.023284935624,142.547117222874,128.731521996375
"71",1995,2786,5.83333333333333,5824.29891909144,5323.07573613215,900.878807992601,1698.37477425558,367.13083906276,570.441146106506,0,0,0,0,0,0,0,0,0,0,0,0,1.41878550353849,2.73505528714694,0.675054222810949,1.05339702751762,0,0,0,0,0,0,0,0,0,0,3389.71103594043,3117.19757525057,398.078938925378,762.670896828552,160.112832550566,257.204455221622,0,0,130.238118722529,119.767715767675,15.3382098432398,29.3892160482481,6.16930043620394,9.91028270819591,0,0,28458.4032026946,26152.5428911438,3921.03934576883,7438.32361090393,1756.86035449606,2741.05047855815,0,0,1093.40266795385,1004.82310407012,152.058469853237,288.770800947695,68.6572181600178,107.227430799552,0,0,0,0,6.60232449356319,12.7981613370877,3.25090408508235,5.09581824053963,0,0,0,0,0,0,0,0,0,0,253.132566217851,247.592070174961,143.288711747314,289.430864505477,108.388833764229,188.453932357596,0,0,9.72573668864701,9.51288418760271,5.48937221531003,11.0843238990064,4.13777345600204,7.1926418591052,0,0,465.260911692514,445.375995078578,228.576741956606,479.667469731167,205.860132958757,356.283474669991,0,0,17.8760100133067,17.1120603682485,8.75992344092122,18.3768020074356,7.86513339640143,13.6085521333671,0,0,0,0,30.3635497504413,64.9852331879216,24.7838644093621,41.036557700416,0,0,0,0,0,0,0,0,0,0,155.12493573253,83.001686299873,146.571849020819,131.94889907724
"72",1995,2786,5.91666666666667,5805.8647983853,5298.31410849143,906.75170080633,1709.6847418383,371.078545118064,577.172804650461,0,0,0,0,0,0,0,0,0,0,0,0,1.43023281709924,2.75748187915794,0.682722378085394,1.06647085245537,0,0,0,0,0,0,0,0,0,0,3405.09417568716,3126.24156558885,404.227301396839,774.850366439601,163.774302017772,263.55914682116,0,0,130.829163551843,120.115200339343,15.5751639428576,29.8586548603459,6.31036756746365,10.1551097987044,0,0,28369.9712086627,26027.4573085105,3948.38746594928,7492.34902697745,1781.70584056736,2783.71610015238,0,0,1090.00511515319,1000.01710916622,153.12702134375,290.88700177883,69.6325077277997,108.904511535641,0,0,0,0,6.66120355415058,12.9163300877362,3.29986622097299,5.17994625409509,0,0,0,0,0,0,0,0,0,0,253.572103834501,247.72074952841,145.362623712546,293.825581762371,110.653498283845,192.831660473553,0,0,9.74262463776345,9.51782824411644,5.5688792754939,11.2527232921427,4.22433110994738,7.35990028336499,0,0,461.700180973853,441.500371352922,230.901349418781,485.019132652072,209.087324805456,362.766078185282,0,0,17.7392020638489,16.9631526624171,8.84898165390005,18.5817294829211,7.98844531606493,13.8561562052615,0,0,0,0,30.7778006935011,65.9316057517662,25.2351679394184,41.8591275336802,0,0,0,0,0,0,0,0,0,0,157.417923852263,83.9805593721372,150.672258573644,135.231749835851
"73",1996,2786,6,5786.21032410122,5272.0327452111,913.122327758134,1721.96109378691,374.986585719807,583.949043398497,0,0,0,0,0,0,0,0,0,0,0,0,1.44140589117675,2.77962974867997,0.690330874680742,1.07964888769819,0,0,0,0,0,0,0,0,0,0,3420.78128217929,3135.5796629106,410.412466505491,787.188036920954,167.498497058814,270.082424718834,0,0,131.431887269609,120.473984971643,15.813537519296,30.3341924664694,6.45385130832587,10.4064318908223,0,0,28281.0661226347,25902.4058656761,3975.38855078309,7546.37179602562,1806.50905807703,2826.89657323822,0,0,1086.58938448706,995.212426039864,154.18212542336,293.003193523275,70.606290531234,110.602019281453,0,0,0,0,6.71901499582256,13.0336873268772,3.34887995982272,5.26525328474818,0,0,0,0,0,0,0,0,0,0,254.003437405149,247.887281708261,147.451373333209,298.323493004851,112.942014038111,197.389804808345,0,0,9.75919737354858,9.5242266670142,5.6489600701573,11.4250856292998,4.31180657847978,7.53405859435436,0,0,458.160629105616,437.664896321956,233.197161474729,490.362294188624,212.325911729254,369.358533731007,0,0,17.60320782985,16.8157875342034,8.93693867720153,18.7863357197134,8.11219764264549,14.107964726511,0,0,0,0,31.1904929345131,66.8818736342929,25.6893321626178,42.6960709900364,0,0,0,0,0,0,0,0,0,0,159.730051487108,84.9089725978451,154.877011650265,138.406737903055
"74",1996,2786,6.08333333333333,5766.19485555415,5245.4309538965,919.435661556262,1734.15472643027,378.868858120114,590.717463151448,0,0,0,0,0,0,0,0,0,0,0,0,1.45246994232588,2.80161213239295,0.697896531003867,1.09282350051412,0,0,0,0,0,0,0,0,0,0,3436.79794033142,3145.19644923207,416.645222501054,799.653573549584,171.2914107097,276.752601690713,0,0,132.047272889162,120.843477280983,16.0537456774827,30.8146592576321,6.59998246679512,10.6634131688114,0,0,28192.3500639978,25777.9703974418,4001.77185671778,7599.45152900939,1831.31501845421,2870.31666073363,0,0,1083.18091571532,990.431409700685,155.213394848626,295.083090168214,71.5803227422136,112.309185689973,0,0,0,0,6.7759328784789,13.1497500936468,3.3980242178833,5.35122492921704,0,0,0,0,0,0,0,0,0,0,254.453804420867,248.07618492833,149.551063431334,302.862287181475,115.267863844337,202.05047987034,0,0,9.77650140319733,9.53148462115867,5.72946426119952,11.5990227338181,4.40071482593343,7.71214474993951,0,0,454.638573086039,433.859472122123,235.470404741549,495.680647055869,215.579829595829,376.028859909509,0,0,17.4678858048253,16.669577007489,9.02403376130998,18.9899972028653,8.23654105779731,14.3627566213959,0,0,0,0,31.6018664939589,67.832506985129,26.1469364167893,43.5432489562826,0,0,0,0,0,0,0,0,0,0,162.050240022547,85.8243237347635,159.167150459151,141.599652018656
"75",1996,2786,6.16666666666667,5746.13074758653,5218.943906882,925.495198987994,1745.89161201925,382.726063748009,597.452417019517,0,0,0,0,0,0,0,0,0,0,0,0,1.46338465851083,2.82329722012437,0.705424508082948,1.10595223299075,0,0,0,0,0,0,0,0,0,0,3453.1506823386,3155.08501119591,422.926545151057,812.230401451096,175.155208205374,283.561770686192,0,0,132.67557138788,121.223411645118,16.2958261493545,31.2994168682751,6.74884449697534,10.9257490005351,0,0,28104.0697321329,25654.3668927845,4027.44803586632,7651.25807180417,1856.13428373454,2913.86443259757,0,0,1079.789187449,985.682358785512,156.217395804655,297.113934754442,72.5550174671197,114.021632808715,0,0,0,0,6.83195938931319,13.2642236872496,3.4473215154137,5.43765854576726,0,0,0,0,0,0,0,0,0,0,254.932335402064,248.282241508374,151.660599544998,307.420921178481,117.635770805724,206.78755078712,0,0,9.79488753567472,9.53940163487907,5.81034968282189,11.7737283191223,4.49123642187417,7.89316181483522,0,0,451.134393468137,430.080899653148,237.722919358235,500.965294414287,218.850849673862,382.762004148334,0,0,17.3332506101914,16.5243981677074,9.11033773447967,19.1923738012729,8.36154353982072,14.6199576590023,0,0,0,0,32.0119087980668,68.7819489817374,26.608143465239,44.3990093239058,0,0,0,0,0,0,0,0,0,0,164.374667732121,86.7404037861769,163.536533274677,144.858017606795
"76",1996,2786,6.25,5726.01557318845,5192.5683641099,931.304861787749,1757.1774205248,386.554887765255,604.148950605713,0,0,0,0,0,0,0,0,0,0,0,0,1.47410583536044,2.84460864955663,0.712911746680543,1.11902982258164,0,0,0,0,0,0,0,0,0,0,3469.83622555455,3165.24188131089,429.256216323451,824.918179878399,179.090239624864,290.51132497614,0,0,133.316656641244,121.61365483749,16.5397705516407,31.788452228577,6.90045091336761,11.1934931082432,0,0,28016.2254955321,25531.5922878699,4052.43050778384,7701.8121071684,1880.9587922316,2957.52853162314,0,0,1076.41421385009,980.96515557656,157.194635793973,299.096504863805,73.5300596037651,115.73891662176,0,0,0,0,6.88706843707593,13.3770579396523,3.49675919730384,5.52453768380345,0,0,0,0,0,0,0,0,0,0,255.438535643435,248.505526752648,153.780148264172,312.000338502939,120.045740534765,211.602822875319,0,0,9.81433676365836,9.54798060148642,5.89162287745346,11.9492388745201,4.58337183053854,8.07717925308929,0,0,447.649213493763,426.329590195468,239.954162889206,506.21409939565,222.138526596266,389.555853304022,0,0,17.1993454025771,16.3802668169113,9.19582999232099,19.3933841343567,8.48718837588837,14.8794878465509,0,0,0,0,32.4204454057908,69.7298294690611,27.0728444329189,45.2631977134775,0,0,0,0,0,0,0,0,0,0,166.703589408416,87.6572762129065,167.986317097921,148.182702581974
"77",1996,2786,6.33333333333333,5705.84695605645,5166.3011396649,936.868493546633,1768.01773432184,390.35210263175,610.802200726631,0,0,0,0,0,0,0,0,0,0,0,0,1.48459791505411,2.86548440192289,0.720354359217801,1.13204993393495,0,0,0,0,0,0,0,0,0,0,3486.85149698106,3175.66376465701,435.634063517989,837.716617519014,183.096867882988,297.602636372611,0,0,133.97041057975,122.014080262003,16.7855722505292,32.2817541595397,7.05481572061454,11.4666983852389,0,0,27928.8175259467,25409.6433790335,4076.73242214233,7751.13397073483,1905.78070022797,3001.29783624635,0,0,1073.05600152135,976.279676983552,158.145612250011,301.031565195377,74.5051422557215,117.460601848185,0,0,0,0,6.94124217412744,13.4882169572773,3.54632442781904,5.61184556938138,0,0,0,0,0,0,0,0,0,0,255.971931856558,248.746097041457,155.909859172058,316.601394388377,122.497790729839,216.498010013937,0,0,9.83483090269385,9.55722368720318,5.97328973516428,12.1255875086354,4.67712197722212,8.26426304480832,0,0,444.184094706998,422.60594752933,242.163618134729,511.425044682788,225.442361513717,396.408343180471,0,0,17.0662109680901,16.2371984689845,9.28049089887417,19.5929514030992,8.61345681317985,15.1412690677447,0,0,0,0,32.8273014384073,70.6757759417626,27.5409268036491,46.1356530289831,0,0,0,0,0,0,0,0,0,0,169.037255331206,88.5750047255041,172.517660762999,151.574596764723
"78",1996,2786,6.41666666666667,5685.62257511109,5140.1391049352,942.18986740086,1778.41805849182,394.114563647769,617.407391881389,0,0,0,0,0,0,0,0,0,0,0,0,1.49483202872386,2.88587363023917,0.727747927448947,1.14500552994461,0,0,0,0,0,0,0,0,0,0,3504.19358984907,3186.34750243769,442.05994900908,850.625458160854,187.175463446664,304.837056616715,0,0,134.636721520681,122.424566552642,17.0332259458556,32.7793128244063,7.21195321100822,11.7454169494824,0,0,27841.845831644,25288.516850519,4100.36667833213,7799.24367583105,1930.59236952185,3045.1614469707,0,0,1069.71455078415,971.625795609474,159.070813270676,302.919868493264,75.4799662694629,119.186261443272,0,0,0,0,6.99446904409227,13.5976758301814,3.59600438861252,5.69956535612085,0,0,0,0,0,0,0,0,0,0,256.53207060711,249.003992569121,158.049868778743,321.224869457578,124.991950137951,221.474745318745,0,0,9.85635253115031,9.56713243636027,6.05535564317701,12.3028044703281,4.77248820927303,8.45447609304236,0,0,440.74004333993,418.910368331614,244.35079101943,516.596219417355,228.761808328283,403.317449376856,0,0,16.9338859676679,16.0952083648877,9.36430170514389,19.7910028875707,8.74032829617629,15.405224732228,0,0,0,0,33.2323030316316,71.6194161636215,28.012274612485,47.016207755821,0,0,0,0,0,0,0,0,0,0,171.37591164884,89.4936532028591,177.13172501563,155.034609707587
"79",1996,2786,6.5,5665.34017036557,5114.07919355156,947.27268740667,1788.38382354855,397.839210450754,623.959838800584,0,0,0,0,0,0,0,0,0,0,0,0,1.50478524662441,2.90573544206997,0.735087615663256,1.15788901429858,0,0,0,0,0,0,0,0,0,0,3521.85974560982,3197.29005711715,448.533764759942,863.644473243509,191.326401354606,312.215916925682,0,0,135.315483476182,122.844997002424,17.2827274762234,33.2811194432501,7.3718778501459,12.0297001262117,0,0,27755.3102692438,25168.2092853793,4123.3459253532,7846.16091289882,1955.38636947211,3089.10868875393,0,0,1066.38985613313,967.003380169405,159.970717615509,304.762155529365,76.4542403161184,120.91547669067,0,0,0,0,7.04674302610301,13.7054193570313,3.64578635641043,5.78768022403623,0,0,0,0,0,0,0,0,0,0,257.118518093899,249.279238231796,160.200301984896,325.871474349166,127.528258088236,226.534584224616,0,0,9.87888498173069,9.57770780550865,6.13782554131177,12.4809173246148,4.86947227850379,8.64787834126199,0,0,437.3180115275,415.243241819366,246.515210672364,521.725816503679,232.096275604034,410.281183217878,0,0,16.8024069837547,15.9543114589632,9.44724455161548,19.9874698426151,8.86778053916896,15.6712796195677,0,0,0,0,33.6352781233461,72.5603795672658,28.4867684672695,47.9046879095562,0,0,0,0,0,0,0,0,0,0,173.719800432018,90.413285646806,181.82967272115,158.563670270806
"80",1996,2786,6.58333333333333,5644.99754744495,5088.11840478781,952.120592641889,1797.92039130547,401.523065698262,630.454946141366,0,0,0,0,0,0,0,0,0,0,0,0,1.51443947402069,2.92503710198882,0.742368328100046,1.17069242949609,0,0,0,0,0,0,0,0,0,0,3539.84732789963,3208.48849105965,455.055425484199,876.773452372994,195.55005757935,319.74052812187,0,0,136.006595152945,123.275258742687,17.5340735531268,33.7871659296716,7.53460413741792,12.3195984530503,0,0,27669.2105627678,25048.7171816133,4145.68257068114,7891.9050604029,1980.15547192501,3133.12910575225,0,0,1063.08190696824,962.412296110519,160.845795037738,306.55915551281,77.4276807056561,122.647837011736,0,0,0,0,7.09806253459786,13.8114401819996,3.69565780200711,5.87617350707278,0,0,0,0,0,0,0,0,0,0,257.730859212379,249.571845197385,162.36127420538,330.541857503257,130.106763598678,231.67901069235,0,0,9.90241230549065,9.58895022373773,6.22070400265885,12.6599512494332,4.96807630734561,8.84452700989003,0,0,433.918900673501,411.604949608245,248.656428625729,526.81212569366,235.445130440005,417.297585967434,0,0,16.6718086496274,15.8145224134955,9.52930243694629,20.1822872318307,8.99578967358193,15.9393596573827,0,0,0,0,34.0360573289487,73.4982988555326,28.9642856843879,48.8009131969357,0,0,0,0,0,0,0,0,0,0,176.06915987855,91.3339661254058,186.612669009262,162.162725449848
"81",1996,2786,6.66666666666667,5624.59258174759,5062.25380666912,956.737160476549,1807.03305965332,405.163234351822,636.888208792553,0,0,0,0,0,0,0,0,0,0,0,0,1.52378060940968,2.94375265560966,0.749584821904032,1.18340759997175,0,0,0,0,0,0,0,0,0,0,3558.15380177034,3219.93994977771,461.624862934351,890.012195391978,199.846805942323,327.412180403198,0,0,136.709959154208,123.715242099455,17.7872615420014,34.2974445869277,7.70014648766569,12.6151616713082,0,0,27583.546318569,24930.0369648021,4167.38878688028,7936.49519280345,2004.89264745121,3177.21245760182,0,0,1059.79068816824,957.852406097594,161.696506531905,308.311586389625,78.4000112500722,124.382939831752,0,0,0,0,7.14842958249003,13.9157373718927,3.74560645662925,5.96502878011522,0,0,0,0,0,0,0,0,0,0,258.368696721016,249.881812152955,164.53289291884,335.236611262212,132.727524464102,236.909442252618,0,0,9.92691923980901,9.60085964060318,6.30399529244496,12.8399292682172,5.06830275416553,9.04447678847295,0,0,430.543564060681,407.995865420274,250.774018329867,531.853528258155,238.807701780998,424.364724083869,0,0,16.5421237496808,15.6758555874832,9.61045919876316,20.3753935222654,9.1243303738644,16.2093917392285,0,0,0,0,34.4344746051551,74.4328112370638,29.4447004232433,49.7046971662748,0,0,0,0,0,0,0,0,0,0,178.424224479943,92.2557587242988,191.48188142173,165.832739440865
"82",1996,2786,6.75,5604.12322209461,5036.4825385991,961.125909562134,1815.72706689298,408.756903017013,643.255212236945,0,0,0,0,0,0,0,0,0,0,0,0,1.53279787849978,2.96186183227814,0.756731785119886,1.19602623268543,0,0,0,0,0,0,0,0,0,0,3576.77671607256,3231.64164799201,468.242020961164,903.360505475553,204.217015430067,335.232142943625,0,0,137.425481302892,124.164840057845,18.0422892727311,34.8119478432256,7.86851912820367,12.9164387107554,0,0,27498.3170379397,24812.1649986525,4188.47651773521,7979.9500878635,2029.59106153041,3221.34871575545,0,0,1056.51618057517,953.323570418091,162.523304563185,310.020155117027,79.3709631243943,126.120390448163,0,0,0,0,7.19784912392093,14.0183152893558,3.79562034926,6.05422991088952,0,0,0,0,0,0,0,0,0,0,259.031650373164,250.209126388151,166.715258824207,339.956277054892,135.390606251064,242.227234589766,0,0,9.95239117503339,9.61343556775342,6.38770341200591,13.0208724476597,5.17015437492028,9.24778001026657,0,0,427.192809176319,404.41635470857,252.867574797409,536.848492315991,242.18328355786,431.480685047893,0,0,16.413383308779,15.5383250222204,9.69069949937759,20.5667305042215,9.25337597688985,16.4813035642936,0,0,0,0,34.8303677357956,75.3635593653256,29.9278838432028,50.6158473887016,0,0,0,0,0,0,0,0,0,0,180.785225180514,93.1787275030063,196.438480054547,169.574692785066
"83",1996,2786,6.83333333333333,5583.58749405268,5010.80181367891,965.290302654893,1824.00759580726,412.301339321835,649.551632954553,0,0,0,0,0,0,0,0,0,0,0,0,1.54148325990675,2.979349096755,0.763803901133484,1.20854000059838,0,0,0,0,0,0,0,0,0,0,3595.71368780254,3243.59085743067,474.906851072312,916.818182897603,208.661047740884,343.201663327217,0,0,138.153070040181,124.623947793286,18.2991548692564,35.3306680126555,8.03973600466157,13.2234776679862,0,0,27413.5221282731,24695.0975942448,4208.9574840582,8022.28823351612,2054.24407073904,3265.52805988492,0,0,1053.25836142319,948.8256473375,163.326633284414,311.685557920974,80.3402747276653,127.859801901269,0,0,0,0,7.24632848858025,14.1191826207088,3.84568783482595,6.14376110012345,0,0,0,0,0,0,0,0,0,0,259.719356051151,250.553764771752,168.908466773987,344.701349971718,138.096081269851,247.633685732007,0,0,9.97881412121043,9.62667711645048,6.47183213427527,13.2028000722754,5.27363418388553,9.45448681179819,0,0,423.867399840539,400.866774239953,254.936714298303,541.795568595235,245.571137695009,438.643573678606,0,0,16.2856166740288,15.4019444252593,9.77000881346284,20.7562431276167,9.38289859628079,16.7550234956823,0,0,0,0,35.2235787290395,76.2901921251951,30.4137042643189,51.5341656478211,0,0,0,0,0,0,0,0,0,0,183.152389528539,94.1029364546109,201.483637681103,173.389581571206
"84",1996,2786,6.91666666666667,5562.98350292358,4985.20892071617,969.233749257921,1831.87977744742,415.793891335375,655.773238866973,0,0,0,0,0,0,0,0,0,0,0,0,1.54983101121028,2.99620286260718,0.770795896556631,1.22094060560012,0,0,0,0,0,0,0,0,0,0,3614.96238846274,3255.78489639331,481.619308516509,930.385019496306,213.179255085853,351.321966834807,0,0,138.892635901476,125.092462270563,18.5578565992822,35.8535970828484,8.21381069656689,13.5363257791084,0,0,27329.1609127446,24578.831017964,4228.84318915623,8063.52783427067,2078.84521893655,3309.74087434144,0,0,1050.01720471052,944.358493404046,164.106928740216,313.308480536173,81.3076915437218,129.600794847085,0,0,0,0,7.29387691706521,14.2183515730052,3.89579761012538,6.23360690640934,0,0,0,0,0,0,0,0,0,0,260.431464900021,250.915694617675,171.112606473603,349.472282718207,140.844027518956,253.130039848122,0,0,10.006174674803,9.64058303084327,6.5563850303904,13.3857297953097,5.37874541327641,9.66464527740318,0,0,420.568058133252,397.347471639521,256.98107411142,546.693386641535,248.970496973149,445.851508930361,0,0,16.158851588816,15.2667271529129,9.84837341790565,20.9438793554601,9.51286923120394,17.0304804370109,0,0,0,0,35.6139541163523,77.2123652520325,30.9020273346702,52.4594481410495,0,0,0,0,0,0,0,0,0,0,185.525941819479,95.0284494689238,206.618529857226,177.278416696385
"85",1997,2786,7,5544.2433160123,4960.96069858799,973.909856313695,1841.14103166775,418.984761647969,661.62407369615,0,0,0,0,0,0,0,0,0,0,0,0,1.55753109445668,3.01202551171444,0.777229769163279,1.23265649794035,0,0,0,0,0,0,0,0,0,0,3634.49647975488,3268.32182585824,488.110254462231,943.673937440494,217.628574530624,359.412041257618,0,0,139.643166927238,125.574151149278,18.8080364706418,36.3658369894864,8.38523211031674,13.8480105564276,0,0,27246.7836782687,24465.303454533,4246.8542027383,8102.15083442646,2102.11057835316,3352.44939858738,0,0,1046.85227504463,939.996576794172,164.814527819289,314.829779453272,82.2229893560359,131.283144198402,0,0,0,0,7.33823908880166,14.3125605623043,3.94353177674179,6.32085312917699,0,0,0,0,0,0,0,0,0,0,260.98565442418,251.167540629391,173.187852362845,354.059016014594,143.29821789761,258.260360290739,0,0,10.0274677295959,9.65025934788655,6.63600600784102,13.5616190468848,5.47264768728605,9.86084762864032,0,0,417.293038864035,393.876637097255,258.900944254956,551.384799977008,252.220203677444,452.887994564251,0,0,16.0330210002068,15.1333721014574,9.92197032612258,21.1236159045591,9.63713071351929,17.2994056993974,0,0,0,0,35.9903893928262,78.1119250913367,31.3736091203986,53.3671007112304,0,0,0,0,0,0,0,0,0,0,188.150467430687,96.1324594435197,212.377728550499,181.997991261392
"86",1997,2786,7.08333333333333,5525.52141708144,4936.86204683365,978.397069086276,1850.05553108776,422.126599152925,667.403742322778,0,0,0,0,0,0,0,0,0,0,0,0,1.56519137308548,3.02774936748735,0.783562681589628,1.24422990492947,0,0,0,0,0,0,0,0,0,0,3654.18485948261,3280.95856731548,494.624113386011,957.0219624325,222.122865445235,367.608787204743,0,0,140.399625961429,126.059674964354,19.0591004139475,36.8803589208485,8.55838819531593,14.1638082911731,0,0,27165.002467792,24352.7229673816,4264.29389619695,8139.72600545496,2125.26330635321,3395.11406866033,0,0,1043.71024474013,935.671048421095,165.499984134108,316.310497153205,83.1340001581106,132.964025177616,0,0,0,0,7.38157021579296,14.4050016747815,3.99116762628602,6.4082279939068,0,0,0,0,0,0,0,0,0,0,261.569338674755,251.440887916427,175.27160171918,358.667408646605,145.800743924642,263.484440524715,0,0,10.0498940168474,9.66076177839586,6.71595764874155,13.7383489284958,5.56840495493303,10.0606487405168,0,0,414.049096998425,390.442197291208,260.793862670546,556.026810704457,255.45980575134,459.940808498238,0,0,15.908384443968,15.0014153945002,9.99453983487874,21.3014718372511,9.76101541128578,17.5689728099395,0,0,0,0,36.3632615991669,79.0057188708325,31.8464526070443,54.2800177629064,0,0,0,0,0,0,0,0,0,0,190.788797623424,97.2434788300415,218.245406897082,186.826696655998
"87",1997,2786,7.16666666666667,5506.74998400609,4912.86693308657,982.666872202845,1858.56820766922,425.225031488664,673.117834469383,0,0,0,0,0,0,0,0,0,0,0,0,1.57277167142775,3.04329880749401,0.789811778913906,1.25568036425412,0,0,0,0,0,0,0,0,0,0,3674.04070833963,3293.70322931992,501.171591664411,970.445819295484,226.6689592619,375.922255202368,0,0,141.162519427379,126.549345259436,19.3114603337707,37.3978061570348,8.73354173033769,14.4841055348084,0,0,27083.7548680294,24241.0119166895,4281.21442974577,8176.31865962418,2148.33912519276,3437.77522174436,0,0,1040.58871578012,931.378925237716,166.165313268384,317.753157251393,84.0421189421675,134.645014406318,0,0,0,0,7.42397275599622,14.4958083101426,4.03877169035609,6.49580916039949,0,0,0,0,0,0,0,0,0,0,262.187062593725,251.738955913559,177.367978594928,363.303604451927,148.359827915344,268.814832133784,0,0,10.0736281600611,9.67221401821755,6.79639802078871,13.9161548469618,5.6663312174498,10.2645279614747,0,0,410.836750987483,387.043512111634,262.662762120417,560.623016479538,258.695467105776,467.016981479569,0,0,15.7849618397967,14.8708324379959,10.0661945010068,21.4775854227583,9.88475904277256,17.8394509456718,0,0,0,0,36.7327839858443,79.8940084917199,32.321042692348,55.1987796269913,0,0,0,0,0,0,0,0,0,0,193.433195110885,98.3557617706635,224.205765013782,191.741219854727
"88",1997,2786,7.25,5487.92512625008,4888.97079399566,986.722470515014,1866.68380305985,428.277394263887,678.762129640663,0,0,0,0,0,0,0,0,0,0,0,0,1.58022614953008,3.05859247944221,0.795977157040734,1.26700692094746,0,0,0,0,0,0,0,0,0,0,3694.07666474728,3306.56751697911,507.754378558322,983.949233147736,231.269023118645,384.356542045962,0,0,141.932332913447,127.043611763476,19.5651811569641,37.9183217374964,8.91077585218725,14.8090595607127,0,0,27003.0288131297,24130.1559005067,4297.62513538095,8211.94344909077,2171.33200692348,3480.42320367027,0,0,1037.48722458121,927.119653897651,166.810869224508,319.158311029731,84.9471073910992,136.325730265111,0,0,0,0,7.46547430464997,14.585007984213,4.08633288772859,6.5835807433973,0,0,0,0,0,0,0,0,0,0,262.837279808699,252.060700980008,179.476544136054,367.966929542224,150.972667920456,274.249058748172,0,0,10.0986107452346,9.68457596900206,6.87731041221137,14.0950111899123,5.76631950106236,10.4723909189387,0,0,407.656353829857,383.680464325132,264.507314970666,565.171884656922,261.928025423852,474.116457473953,0,0,15.6627667504627,14.741618727647,10.1369218550318,21.6518982407407,10.0083937941922,18.1108385372995,0,0,0,0,37.098820792829,80.7764845365179,32.7972348423156,56.1231583459581,0,0,0,0,0,0,0,0,0,0,196.08399574261,99.4694152240733,230.260474383856,196.742972764922
"89",1997,2786,7.33333333333333,5469.04334739971,4865.1694328343,990.567049510298,1874.40707407101,431.281126069889,684.33253434745,0,0,0,0,0,0,0,0,0,0,0,0,1.58751767217045,3.07356391117636,0.802057744342521,1.27820704197277,0,0,0,0,0,0,0,0,0,0,3714.30336706157,3319.56123445487,514.373838220009,997.53522812754,235.92494388898,392.915278806895,0,0,142.709475162282,127.542851168048,19.820315331826,38.4420218096203,9.09016296601771,15.1388098045096,0,0,26922.8136922019,24020.1419294906,4313.53531508076,8246.61511097787,2194.23621987755,3523.04875219552,0,0,1034.40536346137,922.892735329185,167.43700509791,320.526513465868,85.8487385328646,138.005806041724,0,0,0,0,7.5061006664164,14.6726285693804,4.13384123320846,6.67152818160578,0,0,0,0,0,0,0,0,0,0,263.518597409076,252.405190673027,181.596955059926,372.656886313013,153.636874404159,279.785094205889,0,0,10.1247882546065,9.69781180480608,6.95868177351069,14.2748991058962,5.8682786202187,10.6841604945312,0,0,404.508260727153,380.352980719489,266.327224266559,569.671989027818,265.158060181919,481.238931751977,0,0,15.5418128233715,14.6137714505206,10.2067106010665,21.824355937487,10.1319419747565,18.3831244902442,0,0,0,0,37.4612446217309,81.6528491720796,33.2748835273541,57.0529227995184,0,0,0,0,0,0,0,0,0,0,198.741520234326,100.58454169457,236.411128291599,201.833336441934
"90",1997,2786,7.41666666666667,5450.10148420265,4841.45896159771,994.203773713266,1881.74278621564,434.233761038188,689.825073447517,0,0,0,0,0,0,0,0,0,0,0,0,1.59461591662816,3.08815835347921,0.808051665269374,1.28927709323147,0,0,0,0,0,0,0,0,0,0,3734.72982443663,3332.69263971196,521.031073778362,1011.2062599613,240.638372735628,401.601707299104,0,0,143.494292319995,128.047380757365,20.076905285513,38.9690007100063,9.2717664486218,15.4734807888675,0,0,26843.100075371,23910.9581645241,4328.95421792687,8280.34841199241,2217.04629581486,3565.64295079317,0,0,1031.34277011453,918.697714654121,168.044072179676,321.858321076468,86.7467954848549,139.684888167802,0,0,0,0,7.54587614879634,14.7586980387083,4.18128758533869,6.75963793543414,0,0,0,0,0,0,0,0,0,0,264.229751436323,252.771584618403,183.728939969069,377.373107669539,156.350393025055,285.421275318852,0,0,10.1521121249545,9.71188923710666,7.04050180886415,14.4558047476687,5.97213022108389,10.8997734814354,0,0,401.392820926132,377.061019231336,268.122223222752,574.122004840651,268.38594215525,488.383899154561,0,0,15.4221134771306,14.4872889904728,10.2755505971274,21.9949080358835,10.2554179111631,18.6562900337128,0,0,0,0,37.8199355524634,82.5228153849696,33.7538424813116,57.9878390615489,0,0,0,0,0,0,0,0,0,0,201.406076275098,101.701239885991,242.659257121944,207.013668472063
"91",1997,2786,7.5,5431.09668519094,4817.83578010622,997.635785025597,1888.69571061401,437.132928828145,695.235890745745,0,0,0,0,0,0,0,0,0,0,0,0,1.60149659049766,3.10233147335609,0.813956390915804,1.30021253910223,0,0,0,0,0,0,0,0,0,0,3755.36356788042,3345.96859026887,527.72695322485,1024.96426887426,245.410741710055,410.418708522237,0,0,144.287073739954,128.557464008254,20.334984416353,39.4993329917544,9.45564128237079,15.8131832104223,0,0,26763.8796008643,23802.59380908,4343.8910247157,8313.15811725565,2239.75702139913,3608.19721599275,0,0,1028.29912327241,914.534177052251,168.632419363918,323.154290720103,87.6410711302127,141.362635735334,0,0,0,0,7.58482367359849,14.843244346795,4.22866354911238,6.84789736823325,0,0,0,0,0,0,0,0,0,0,264.969597345815,253.159126822289,185.872289166173,382.11533679861,159.111471960798,291.156264525296,0,0,10.1805383811241,9.72677921940961,7.12276258519003,14.6377184954657,6.07780753021165,11.1191791531067,0,0,398.310372910374,373.804562658196,269.892075627543,578.520709073294,271.611854706511,495.550675128856,0,0,15.3036817168071,14.3621706865549,10.3434328702867,22.1635079455114,10.3788287622338,18.9303095263477,0,0,0,0,38.1747809333032,83.3861069713856,34.2339648350571,58.9276705103284,0,0,0,0,0,0,0,0,0,0,204.077959274022,102.819604936781,249.006334789897,212.285306315382
"92",1997,2786,7.58333333333333,5412.02637597485,4794.29654283931,1000.86620142994,1895.27061993015,439.976351267826,700.561245478888,0,0,0,0,0,0,0,0,0,0,0,0,1.60814031580912,3.11604748441132,0.819768944452365,1.31100821414791,0,0,0,0,0,0,0,0,0,0,3776.21087130526,3359.39475480829,534.46214798047,1038.81075968948,250.243290808738,419.368848944085,0,0,145.088060475903,129.073318720568,20.5945785728023,40.0330764946741,9.64183508952846,16.1580157099547,0,0,26685.144810796,23695.0389524725,4358.35483217728,8345.05895371763,2262.36341946353,3650.70327093705,0,0,1025.27413639508,910.40174173883,169.202392531974,324.41497817798,88.5313674031083,143.038719488126,0,0,0,0,7.62296495055053,14.9262952835994,4.2759613337938,6.93629457422059,0,0,0,0,0,0,0,0,0,0,265.737095122466,253.567134071178,188.026840647357,386.883399840708,161.918614444067,296.988996111082,0,0,10.2100270641478,9.74245550155785,7.20545799473488,14.8206339079517,6.1852535370511,11.3423372022685,0,0,395.261239570872,370.583610949076,271.636575182084,582.866976942446,274.835824189173,502.738425250714,0,0,15.1865299483755,14.238416536806,10.4103495910634,22.3301128289363,10.5021756822158,19.2051515869323,0,0,0,0,38.5256748888319,84.2424581557627,34.7151032895762,59.8721780416924,0,0,0,0,0,0,0,0,0,0,206.757453622032,103.939728807825,255.453787963944,217.649571796384
"93",1997,2786,7.66666666666667,5392.88823311269,4770.83813382237,1003.89811604734,1901.47228538722,442.76184004071,705.797510155408,0,0,0,0,0,0,0,0,0,0,0,0,1.61453179156501,3.12927773616859,0.82548604591682,1.32165851646365,0,0,0,0,0,0,0,0,0,0,3797.27692157492,3372.97577621557,541.237162287019,1052.74686325118,255.137089125284,428.454416398536,0,0,145.897451815444,129.595123281387,20.8557071806498,40.5702746998192,9.83038894092087,16.5080662454409,0,0,26606.889024459,23588.2844489434,4372.3546407668,8376.06558165736,2284.86073440285,3693.15312493184,0,0,1022.26755280269,906.300057318869,169.754334076012,325.640937048938,89.417494732255,144.712821042717,0,0,0,0,7.66032061118145,15.0078783737733,4.32317365089142,7.02481825378746,0,0,0,0,0,0,0,0,0,0,266.531297521262,253.994986841046,190.192469678055,391.677185456076,164.770541501119,302.918634014237,0,0,10.2405417794275,9.7588942804461,7.28858335507273,15.0045469376742,6.29441956700904,11.5692161236115,0,0,392.24572473072,367.398175351706,273.35554463872,587.159778490045,278.057743804834,509.946188398016,0,0,15.0706698451917,14.1160269733801,10.4762940400723,22.494683470709,10.6254547334487,19.4807799816544,0,0,0,0,38.8725179394661,85.0916132948938,35.1971102606701,60.8211202469413,0,0,0,0,0,0,0,0,0,0,209.444833691409,105.061700585448,262.003003166492,223.107774533835
"94",1997,2786,7.75,5373.68016248914,4747.45764575556,1006.73459654779,1907.30547451488,445.487294679253,710.941168832409,0,0,0,0,0,0,0,0,0,0,0,0,1.62065912002237,3.14199957075431,0.83110421786502,1.33215755085136,0,0,0,0,0,0,0,0,0,0,3818.56596038786,3386.71540782291,548.052357294823,1066.77338724059,260.093052907936,437.677450379072,0,0,146.715410731413,130.123021899738,21.118384166977,41.1109586776577,10.0213380464276,16.863413250893,0,0,26529.10623237,23482.3218164527,4385.89934522297,8406.19257175144,2307.24441926265,3735.53905565554,0,0,1019.27914160459,902.228797898512,170.28858252937,326.832717859097,90.2992715496117,146.384632211648,0,0,0,0,7.6969103219912,15.0880208080277,4.37029363665601,7.11345761772774,0,0,0,0,0,0,0,0,0,0,267.351339882021,254.442121522254,192.369080571052,396.496628674787,167.666160314479,308.944536136488,0,0,10.2720493054024,9.77607390128927,7.37213509358575,15.1894553109015,6.40526406980588,11.7997918457156,0,0,389.264110658963,364.248273719247,275.04883465363,591.39817473389,281.277393848345,517.172896409599,0,0,14.9561122524726,13.9950026822227,10.5412605637008,22.657184129542,10.7486576606771,19.7571543765501,0,0,0,0,39.2152166644939,85.9333265924141,35.6798380083677,61.7742535806431,0,0,0,0,0,0,0,0,0,0,212.140364712177,106.185606742559,268.655332669356,228.661214728579
"95",1997,2786,7.83333333333333,5354.40028061605,4724.15236192895,1009.37868475377,1912.77494930191,448.150700739224,715.988815642434,0,0,0,0,0,0,0,0,0,0,0,0,1.62651322732135,3.15419533717039,0.836619872977083,1.34249924806485,0,0,0,0,0,0,0,0,0,0,3840.08140777975,3400.61663198552,554.907972004915,1080.89086064939,265.111961679462,447.039768972007,0,0,147.542068627052,130.657129162476,21.3826187635476,41.6551487932495,10.2147123714819,17.2241266667856,0,0,26451.7910038458,23377.1431484508,4398.99772673789,8435.45438544804,2329.51012391499,3777.85359299712,0,0,1016.30869414823,898.18765969517,170.805472259118,327.990867298952,91.1765238407536,148.0538543893,0,0,0,0,7.73275288375511,15.1667493883098,4.41731478669101,7.20220230633574,0,0,0,0,0,0,0,0,0,0,268.196431018155,254.908023527812,194.55659970744,401.341697212558,170.604536358435,315.066222907158,0,0,10.30451924348,9.79397459283097,7.45611047964391,15.375358002106,6.5177515522789,12.0340465258757,0,0,386.316656213393,361.133926587169,276.716322543495,595.581313673802,284.494459487444,524.417391305351,0,0,14.8428671159394,13.8753444523379,10.6052445261032,22.8175823848892,10.871772570929,20.0342309963914,0,0,0,0,39.5536833934568,86.7673618254711,36.1631387582664,62.7313325229418,0,0,0,0,0,0,0,0,0,0,214.84430356146,107.311531371124,275.412099592377,234.311185535749
"96",1997,2786,7.91666666666667,5335.0468989029,4700.91974093919,1011.83339646891,1917.88546481916,450.750128175404,720.937153602104,0,0,0,0,0,0,0,0,0,0,0,0,1.63208738503256,3.16585157276954,0.84202938063334,1.35267745660301,0,0,0,0,0,0,0,0,0,0,3861.82596692892,3414.68176082539,561.80414078112,1095.09957131982,270.194472233899,456.542992027358,0,0,148.377529362793,131.197533905025,21.648416178718,42.2028561457701,10.4105371724715,17.590268826659,0,0,26374.9384083753,23272.7410387768,4411.6584468836,8463.86535894195,2351.65368442021,3820.08950470331,0,0,1013.35602099823,894.176358152003,171.30533322647,329.115927599365,92.0490847407646,149.720198007326,0,0,0,0,7.76786631675239,15.2440904895748,4.46423090427616,7.29104232507071,0,0,0,0,0,0,0,0,0,0,269.065845202627,255.392221302889,196.754969896244,406.212380428957,173.584869417545,321.283350279123,0,0,10.3379237101248,9.81257823717917,7.54050740815253,15.5622548098693,6.63185165985143,12.2719675147168,0,0,383.403595588411,358.055153997103,278.357910951097,599.708426194941,287.708546047115,531.678440086544,0,0,14.7309434337094,13.7570530537556,10.6682422577026,22.9758489795199,10.9947845178218,20.3119631907406,0,0,0,0,39.8878359276062,87.5934920839005,36.6468648142793,63.692109736783,0,0,0,0,0,0,0,0,0,0,217.556899463943,108.439556385307,282.274602184796,240.058975008079
"97",1998,2786,8,5315.71017223034,4677.79250793677,1014.17130910901,1922.80846045407,453.26117244118,725.771751325381,0,0,0,0,0,0,0,0,0,0,0,0,1.63733795638878,3.17693739553555,0.847286766748866,1.36266464267246,0,0,0,0,0,0,0,0,0,0,3883.83327395042,3428.9758737791,568.685078819865,1109.33201268967,275.327292330481,466.181174206696,0,0,149.223085291969,131.746736583413,21.9136314860841,42.7514860127808,10.6083002873861,17.961610637726,0,0,26298.7931717822,23169.5102638123,4423.59180853027,8491.13807430687,2373.55254112381,3862.17954458244,0,0,1010.43052482745,890.21006121695,171.776986660917,330.196816142546,92.9121528515009,151.381021231524,0,0,0,0,7.80206710258887,15.3199423904269,4.51081101622256,7.37985322575737,0,0,0,0,0,0,0,0,0,0,269.943243779896,255.892651903031,198.948943078077,411.099015495609,176.571532217203,327.575515666107,0,0,10.3716349491137,9.83180557270627,7.62474154433581,15.7497757354485,6.7462034299826,12.5127759996276,0,0,380.5280971323,355.018953251273,279.961691033644,603.766704970833,290.904553017437,538.946367565082,0,0,14.6204629385046,13.6403973340437,10.7297969445604,23.1314926364802,11.1171165717419,20.5899817975826,0,0,0,0,40.2165904788353,88.4108051609833,37.1290178650659,64.6553347929752,0,0,0,0,0,0,0,0,0,0,220.299047742965,109.575874154548,289.29730864701,245.937763242555
"98",1998,2786,8.08333333333333,5296.83025014043,4654.9397581047,1016.72561823689,1928.33842756204,455.580255558919,730.443897470545,0,0,0,0,0,0,0,0,0,0,0,0,1.64217888618264,3.18754273995739,0.852188637313891,1.37235541979509,0,0,0,0,0,0,0,0,0,0,3906.21077522685,3443.75887394216,575.28705281182,1123.26580660867,280.435217817327,475.906061782359,0,0,150.082864676421,132.314723090197,22.1681219630006,43.2886444211108,10.8051049983783,18.3362942948903,0,0,26224.5568793407,23069.3594538554,4433.41932243132,8515.89469425015,2394.63134244946,3903.82551396622,0,0,1007.57837205048,886.362101557007,172.16724307436,331.180432946898,93.7432041800047,153.024633168741,0,0,0,0,7.83417554888039,15.3934199001614,4.55596767105217,7.46806941152905,0,0,0,0,0,0,0,0,0,0,270.7577468053,256.402494018794,201.063660861671,415.949393889755,179.405122155812,333.849147243373,0,0,10.4029296440951,9.85139451378958,7.70594321533363,15.9359197772433,6.85471652980508,12.7528979511142,0,0,377.703691341934,352.059566834192,281.471694879811,607.703028934036,294.005879261841,546.179054452351,0,0,14.5119454923541,13.5266929443503,10.787761497491,23.2824746306058,11.2358414644671,20.8666780239053,0,0,0,0,40.5350869086475,89.2158843275129,37.6005522567317,65.6159599512111,0,0,0,0,0,0,0,0,0,0,223.16880123222,110.749641053574,296.732386267457,252.100789020517
"99",1998,2786,8.16666666666667,5277.88110520853,4632.16102225861,1019.09596608957,1933.51404496571,457.83879488266,735.019872845631,0,0,0,0,0,0,0,0,0,0,0,0,1.64688440597468,3.19788480252493,0.856977923188465,1.38187044660542,0,0,0,0,0,0,0,0,0,0,3928.75143859192,3458.64088060483,581.933028780535,1137.2905924377,285.59238517074,485.753673057633,0,0,150.948913009243,132.886513585025,22.424304684425,43.8293063522369,11.0038080557693,18.7157079838226,0,0,26150.8085287604,22969.9789166664,4442.8845508546,8539.9072358001,2415.56182671177,3945.36259650114,0,0,1004.74496598117,882.543737054617,172.543345275896,332.135026720847,94.5685303621405,154.664167210254,0,0,0,0,7.8652358572787,15.4651147011486,4.60097447593168,7.55632832028112,0,0,0,0,0,0,0,0,0,0,271.601935923579,256.931657415749,203.185238874888,420.815444352332,182.290571400319,340.221902703318,0,0,10.4353649239841,9.87172580947941,7.78741272625944,16.1226760564774,6.96522059398298,12.9968278100378,0,0,374.913530376664,349.137887771313,282.955770381453,611.5889379356,297.092452710871,553.423261972909,0,0,14.404743775817,13.4144373320163,10.8447389516136,23.4315407023626,11.3540137761831,21.143838738189,0,0,0,0,40.84895631012,90.0124399316682,38.0719038896613,66.5795094561876,0,0,0,0,0,0,0,0,0,0,226.047359539958,111.925788853761,304.274862094169,258.367159038104
"100",1998,2786,8.25,5258.86106658687,4609.45378677781,1021.28531405703,1938.34005336193,460.035023409317,739.496558387234,0,0,0,0,0,0,0,0,0,0,0,0,1.65142707788711,3.207909771328,0.861654346263978,1.39120828483907,0,0,0,0,0,0,0,0,0,0,3951.46167713821,3473.62811378418,588.622537150439,1151.40635902592,290.800157156105,495.727067308743,0,0,151.821476691707,133.462347050898,22.682161956761,44.3734717785654,11.2044617028439,19.099969144203,0,0,26077.5401267248,22871.3584972692,4451.99489881381,8563.18831898402,2436.34078045065,3986.78427733059,0,0,1001.92999950641,878.754577539075,172.905576479124,333.061075927807,95.3880009739483,156.299360913688,0,0,0,0,7.89534146788162,15.5351479739402,4.64581945798412,7.64461339381521,0,0,0,0,0,0,0,0,0,0,272.474514214857,257.47939063957,205.314186912582,425.698151494645,185.22517977062,346.69202057132,0,0,10.4688909591272,9.89277058769739,7.86916976317376,16.3100825600747,7.07761253252275,13.2444985437106,0,0,372.157970345009,346.253724320418,284.413653885874,615.422841621923,300.16515916255,560.678075279571,0,0,14.2988714711645,13.3036231299959,10.900719165791,23.5786299550573,11.4716674230519,21.4214293651952,0,0,0,0,41.1580857561066,90.800211672928,38.5429254561262,67.5457282834401,0,0,0,0,0,0,0,0,0,0,228.935030791427,113.104404339423,311.926298416637,264.738196344577
"101",1998,2786,8.33333333333333,5239.76869256985,4586.81574126503,1023.29660321238,1942.82119632536,462.167261340213,743.8709522512,0,0,0,0,0,0,0,0,0,0,0,0,1.65578491209982,3.21757401855669,0.866216943995616,1.40036650050168,0,0,0,0,0,0,0,0,0,0,3974.34685910269,3488.72579441341,595.35502252382,1165.6127975537,296.059699563862,505.82891074082,0,0,152.700761980062,134.04242408442,22.9416727511489,44.9211291971741,11.4071106444051,19.4891801581646,0,0,26004.7444385397,22773.4887915554,4460.75766151802,8585.75047312245,2456.96519116862,4028.08433501325,0,0,999.133194660285,874.994261689225,173.254215845724,333.959055885954,96.2014933569788,157.929963067405,0,0,0,0,7.92457155631135,15.6036238669428,4.69049303899329,7.73291072142233,0,0,0,0,0,0,0,0,0,0,273.374296558501,258.045012854966,207.450948179217,430.598406728497,188.206613328577,353.258073303472,0,0,10.5034622153713,9.91450268966147,7.95123144713805,16.4981736901413,7.19180327267566,13.4958559217765,0,0,369.437319382774,343.406887035086,285.845174495651,619.203376260624,303.224635125258,567.942422660949,0,0,14.1943404174831,13.1942430594513,10.9556955586504,23.7236901731262,11.5888267837038,21.6994093079819,0,0,0,0,41.4623801169116,91.5789642332394,39.0134692002572,68.514359339193,0,0,0,0,0,0,0,0,0,0,231.832109940891,114.285571015344,319.688188671349,271.215208389042
"102",1998,2786,8.41666666666667,5220.60275223836,4564.24476130172,1025.13275281674,1946.96221694502,464.233914809605,748.140169219152,0,0,0,0,0,0,0,0,0,0,0,0,1.65994042994045,3.22684240594392,0.870664263324762,1.40934193745539,0,0,0,0,0,0,0,0,0,0,3997.41143872736,3503.93827009374,602.12986491011,1179.90935361207,301.371999070796,516.061517609235,0,0,153.586940013408,134.626911727382,23.2028135215791,45.4722576309745,11.6117927272967,19.8834299209416,0,0,25932.4148904374,22676.3610539421,4469.1800150221,8607.60611154683,2477.43223447755,4069.25682081238,0,0,996.354298870439,871.262453485521,173.589538119238,334.829437788828,97.0088921305912,159.555732904845,0,0,0,0,7.95299347509858,15.6706322905835,4.73498747907197,7.82120843527134,0,0,0,0,0,0,0,0,0,0,274.300198621429,258.627905829063,209.595903360835,435.5170073961,191.232853813759,359.918913156288,0,0,10.5390370309771,9.93689836187466,8.03361249110692,16.6869802305609,7.30771582275599,13.7508564408007,0,0,366.751837976417,340.59718588285,287.250241295597,622.929383105608,306.271305917811,575.215107452495,0,0,14.0911606230989,13.0862898190281,11.0096646176254,23.8666769916929,11.7055081572439,21.9777331708192,0,0,0,0,41.7617594316551,92.3484841945549,39.4833875191051,69.4851441387074,0,0,0,0,0,0,0,0,0,0,234.738879785404,115.469369383299,327.561966449339,277.799490269931
"103",1998,2786,8.5,5201.36220374148,4541.73888811225,1026.79666056853,1950.76785630494,466.23347179133,752.30143612467,0,0,0,0,0,0,0,0,0,0,0,0,1.66387977141468,3.23568665052815,0.87499452014261,1.41813094512618,0,0,0,0,0,0,0,0,0,0,4020.6590937092,3519.26914751037,608.946397728987,1194.29527608121,306.737884628166,526.426896654105,0,0,154.480152094746,135.215948554396,23.465558900199,46.0268285087259,11.8185397566671,20.2827956162241,0,0,25860.5454665977,22579.9670981766,4477.26901486768,8628.76751841563,2497.73925628835,4110.29603103564,0,0,993.593081001541,867.558838398787,173.911813561281,335.672688179888,97.8100885103557,161.176439049837,0,0,0,0,7.98066507655139,15.7362516198118,4.77929640553028,7.90949619209224,0,0,0,0,0,0,0,0,0,0,275.251223864537,259.227504954673,211.749377012617,440.454661034699,194.302145389223,366.673617790139,0,0,10.5755771173857,9.95993591122462,8.11632544580397,16.8765295107812,7.42528323312764,14.0094652385141,0,0,364.10174136715,337.824428098058,288.62882981026,626.599882393787,309.305424442515,582.494838080043,0,0,13.9893403579474,12.9797560023586,11.062625378559,24.0075528989497,11.8217212467654,22.2563519107142,0,0,0,0,42.0561563172665,93.1085768244099,39.952533385745,70.4578233320215,0,0,0,0,0,0,0,0,0,0,237.655612302443,116.655877292485,335.54901513596,284.492327930639
"104",1998,2786,8.58333333333333,5182.0461862991,4519.29632057124,1028.29120219614,1954.24285259939,468.16450214916,756.352092840061,0,0,0,0,0,0,0,0,0,0,0,0,1.66759223206889,3.24408447613627,0.879205683312125,1.42672949972481,0,0,0,0,0,0,0,0,0,0,4044.09279237797,3534.72135787821,615.803917178328,1208.76964215518,312.158037381036,536.926773085132,0,0,155.380512272051,135.809647187429,23.7298820589882,46.5848066272312,12.0273778739586,20.6873435558772,0,0,25789.1306576203,22484.299248217,4485.03159197848,8649.24683649109,2517.88376587609,4151.19649594574,0,0,990.849329375496,863.883121502982,174.221307790538,336.489268480229,98.6049800460393,162.791859096545,0,0,0,0,8.00763590706655,15.8005500850102,4.82341457901702,7.99776491292212,0,0,0,0,0,0,0,0,0,0,276.226457179261,259.843294693587,213.911640887765,445.411986922271,197.412966177649,373.521460245601,0,0,10.6130473147255,9.9835955299077,8.19938082764414,17.0668454648021,7.54444750607287,14.2716549422876,0,0,361.487200191303,335.088416852255,289.98097461598,630.21406037694,312.32709232771,589.780245372383,0,0,13.888886178178,12.8746340469755,11.1145791416054,24.1462867380506,11.937469968134,22.5352135003745,0,0,0,0,42.3455146915573,93.8590645766323,40.4207606295657,71.4321370184421,0,0,0,0,0,0,0,0,0,0,240.582569247146,117.845170097657,343.650672778472,291.294999877619
"105",1998,2786,8.66666666666667,5162.65400704349,4496.91540269147,1029.61923155599,1957.39194017728,470.025655553711,760.289590410856,0,0,0,0,0,0,0,0,0,0,0,0,1.6710696791336,3.25201854009799,0.883295574831573,1.43513334855108,0,0,0,0,0,0,0,0,0,0,4067.71488372369,3550.29724406836,622.701693583253,1223.33138941999,317.633005286706,547.562620091354,0,0,156.288110797276,136.408097643333,23.9957551484148,47.1461513854449,12.2383281148311,21.0971303846811,0,0,25718.1653922957,22389.3502726698,4492.47455132794,8669.05605734432,2537.86342407993,4191.9529615426,0,0,988.122849150008,860.235024956159,174.518281724205,337.279634601279,99.3934701715363,164.401778916542,0,0,0,0,8.03394871967759,15.8635875405154,4.86733760198869,8.08600646042549,0,0,0,0,0,0,0,0,0,0,277.225055949524,260.474802421133,216.082918709777,450.389519768257,200.563991781551,380.461871645678,0,0,10.6514152483978,10.0078590589271,8.28278730230237,17.2579487727161,7.66515819886387,14.5374042386969,0,0,358.908342464703,332.388950034921,291.306759866824,633.771250930092,315.336286457711,597.069902908713,0,0,13.789803002397,12.7709161874662,11.165529107071,24.282853001257,12.0527534648389,22.8142637076867,0,0,0,0,42.6297880900906,94.5997850178621,40.8879242269658,72.4078251101349,0,0,0,0,0,0,0,0,0,0,243.520003054889,119.037320892247,351.868238434536,298.208779191743
"106",1998,2786,8.75,5143.1851313396,4474.59461428662,1030.78358079929,1960.2198489651,471.815660050724,764.111490069352,0,0,0,0,0,0,0,0,0,0,0,0,1.6743061149683,3.2594756254518,0.887261938818145,1.44333811079598,0,0,0,0,0,0,0,0,0,0,4091.52716665957,3565.9986280541,629.638979199721,1237.97933945052,323.163214851445,558.335683595011,0,0,157.203016787543,137.011369925235,24.2631495995277,47.7108176927261,12.4514068572124,21.5122040268774,0,0,25647.6449847203,22295.113333843,4499.60457138381,8688.20701431038,2557.67603387792,4232.56037524743,0,0,985.413460286667,856.614286043034,174.802991550763,338.044236665793,100.175467846152,166.005992115532,0,0,0,0,8.05964059909548,15.9254167914559,4.91106171968704,8.17421341629641,0,0,0,0,0,0,0,0,0,0,278.246242795129,261.121593480234,218.263390443599,455.387713696545,203.754066338836,387.494411882424,0,0,10.690651050267,10.0327097980617,8.36655184891688,17.4498570133815,7.78737131529434,14.8066967490912,0,0,356.365255496178,329.725819467257,292.606311704332,637.270920444318,318.332879883872,604.362342813203,0,0,13.6920941851874,12.6685944252649,11.2154800836163,24.4172312500197,12.1675669077284,23.0934467004887,0,0,0,0,42.9089384084457,95.330589272043,41.3538805155557,73.3846276131534,0,0,0,0,0,0,0,0,0,0,246.468157571137,120.232400693397,360.202977037643,305.23493495377
"107",1998,2786,8.83333333333333,5123.63917467261,4452.33256309285,1031.78706065064,1962.7313041231,473.53332076134,767.815462428658,0,0,0,0,0,0,0,0,0,0,0,0,1.67729731973362,3.26644597550256,0.891102493059545,1.45133935401017,0,0,0,0,0,0,0,0,0,0,4115.53094874624,3581.82686836206,636.615013993613,1252.71221680365,328.748981561381,569.247003761208,0,0,158.125280481424,137.619516229903,24.5320363481319,48.2787567003044,12.6666262196582,21.9326045088564,0,0,25577.5650892356,22201.5819441868,4506.42820441174,8706.71137756225,2577.31953189566,4273.01387323404,0,0,982.720995819666,853.020655501349,175.075688736194,338.783518810888,100.950887231672,167.60429955332,0,0,0,0,8.08474387902857,15.9860846847622,4.95458367141904,8.2623789133863,0,0,0,0,0,0,0,0,0,0,279.28929909297,261.783266825569,220.453196371472,460.406946618224,206.982177553437,394.618744670407,0,0,10.7307271097353,10.0581323385079,8.45067991675217,17.642584832048,7.91104834939799,15.0795200725221,0,0,353.857987914829,327.098810403222,293.879791671605,640.712654240667,321.316659701714,611.656068923919,0,0,13.5957615950002,12.5676605094819,11.264438235051,24.549405593425,12.2819021785696,23.3727055505984,0,0,0,0,43.1829348651278,96.0513407241303,41.8184873620987,74.3622848637369,0,0,0,0,0,0,0,0,0,0,249.42726870576,121.430478604739,368.656123473149,312.374733321243
"108",1998,2786,8.91666666666667,5104.01589561957,4430.12797791314,1032.63246074816,1964.93102583461,475.177518668626,771.399286787544,0,0,0,0,0,0,0,0,0,0,0,0,1.68004054654038,3.27292272429027,0.894814970907488,1.4591326567308,0,0,0,0,0,0,0,0,0,0,4139.72709739328,3597.78291031403,643.629030179735,1267.52866500972,334.390519300928,580.297434145501,0,0,159.05493520618,138.232572878109,24.8023860111646,48.8499164174025,12.8839944211641,22.3583646916513,0,0,25507.9216609749,22108.7499280796,4512.95187726552,8724.58065052092,2596.79198063166,4313.30876896924,0,0,980.04530033995,849.453896053626,175.336620049252,339.49791904289,101.719647396862,169.196508910186,0,0,0,0,8.10928692376912,16.0456330424692,4.99790056904935,8.35049649842275,0,0,0,0,0,0,0,0,0,0,280.35355910733,262.459451120311,222.652440864128,465.447524604784,210.247434763847,401.834615825819,0,0,10.7716178482197,10.0841124129099,8.53517557015964,17.836144108029,8.03615544548501,15.3558649523227,0,0,351.386551732075,324.507701216523,295.127390929004,644.096144255291,324.287342640302,618.949568022712,0,0,13.5008056933815,12.468105924877,11.3124108579317,24.679364215427,12.3957484660134,23.6519826634475,0,0,0,0,43.4517531089143,96.7619138973674,42.2816043056576,75.3405377403743,0,0,0,0,0,0,0,0,0,0,252.39756502617,122.631621961659,377.228886066255,319.629438359918
"109",1999,2786,9,5084.31351225042,4407.85377469133,1033.37515809242,1966.88751478803,476.775201595303,774.83236357485,0,0,0,0,0,0,0,0,0,0,0,0,1.68258468927235,3.27884548899481,0.89844987338901,1.46665952712476,0,0,0,0,0,0,0,0,0,0,4164.28726365966,3614.06076553218,650.554179152999,1282.19869090864,340.107829854973,591.465902553352,0,0,159.998576069997,138.857994106636,25.0693268660951,49.4154570707527,13.1042821359078,22.7886726919586,0,0,25439.618599444,22017.5558183609,4518.55047965977,8740.63317989513,2616.24389805358,4353.27884247353,0,0,977.421102688887,845.950067653535,175.561823844555,340.141950695033,102.487640764897,170.77609206623,0,0,0,0,8.13348919571317,16.1037411125693,5.04130611921347,8.43824955271747,0,0,0,0,0,0,0,0,0,0,281.469350338034,263.144460917037,224.873595835902,470.47379003738,213.598628371212,409.0825001598,0,0,10.8144884950444,10.1104315772893,8.62051635245999,18.0291675208689,8.1645577484136,15.6334570713148,0,0,348.96629599521,321.970924802807,296.345069971171,647.38891750186,327.264303471883,626.217571828626,0,0,13.4078162141355,12.3706388928379,11.3592419013132,24.8058607525387,12.5098463987026,23.9303126752143,0,0,0,0,43.7166558651209,97.4603864160441,42.7456068795556,76.3163192536109,0,0,0,0,0,0,0,0,0,0,255.353908600874,123.850752510197,385.848448730456,327.091611711334
"110",1999,2786,9.08333333333333,5064.52653714373,4385.3758678173,1034.07274127318,1968.6728601731,478.355066932984,778.084750173117,0,0,0,0,0,0,0,0,0,0,0,0,1.68499525873627,3.28420927624917,0.902060622765209,1.47385996938221,0,0,0,0,0,0,0,0,0,0,4189.39253357313,3630.85947837969,657.273279411696,1296.50438961779,345.920419012368,602.726238165313,0,0,160.963160687649,139.503427518223,25.3283556424098,49.9669985605634,13.3282411396901,23.2225204057299,0,0,25373.585647063,21928.9581629545,4522.59883057036,8753.6770853206,2635.81886054496,4392.73019830829,0,0,974.884124636748,842.545999266013,175.727322781167,340.669705808557,103.260502240999,172.335445534206,0,0,0,0,8.15708988264102,16.1593978041708,5.08510852247754,8.52529267248162,0,0,0,0,0,0,0,0,0,0,282.666046897782,263.834760357896,227.118873326133,475.438312304695,217.080722965537,416.305101484454,0,0,10.8604676490049,10.1369539783391,8.70678572684226,18.2198351694051,8.29797427552452,15.9101069277644,0,0,346.614441244956,319.50464153717,297.53096476876,650.55447450344,330.273647889673,633.424883927085,0,0,13.3174547968244,12.2758803208699,11.4048586816475,24.9274944359766,12.6251938521743,24.2063505735093,0,0,0,0,43.9789679172548,98.1446622417728,43.2130762149424,77.2863013644961,0,0,0,0,0,0,0,0,0,0,258.270319268826,125.103537085682,394.438913304246,334.858901187001
"111",1999,2786,9.16666666666667,5044.65719889222,4362.95188537197,1034.61943837135,1970.16025116828,479.858728809852,781.213457021463,0,0,0,0,0,0,0,0,0,0,0,0,1.68717216479134,3.28914376634992,0.905536859052331,1.48084119064407,0,0,0,0,0,0,0,0,0,0,4214.69018972276,3647.77828459257,664.049839104513,1310.92070380093,351.787143888925,614.121060625445,0,0,161.935137092152,140.153475108956,25.5895918620777,50.5227939030355,13.5542862123365,23.6615500644427,0,0,25307.9548796986,21841.0085168589,4526.41143578919,8766.19024076329,2655.19574483018,4431.97993590525,0,0,972.362598428321,839.166828473944,175.883499080344,341.176539541415,104.02565147898,173.887002649939,0,0,0,0,8.17957204655329,16.2131755716317,5.12868723119907,8.61223838311703,0,0,0,0,0,0,0,0,0,0,283.878725171484,264.542065329365,229.359229474647,480.411683720113,220.58901409868,423.625886552182,0,0,10.9070608447243,10.1641297591452,8.79287138475261,18.4108539926406,8.4324030498654,16.1905331878202,0,0,344.300155731755,317.069441607953,298.694224535458,653.657080285876,333.276746788027,640.615570205043,0,0,13.2285368387945,12.1823160208509,11.4496142522817,25.0467318532367,12.7403142545804,24.4817804138386,0,0,0,0,44.2359463799206,98.8181444799007,43.6787601181028,78.25592334396,0,0,0,0,0,0,0,0,0,0,261.199186009161,126.359644438589,403.153517633273,342.746453410318
"112",1999,2786,9.25,5024.70681734591,4340.5819247771,1035.01812910305,1971.35473585584,481.285409792947,784.21683746177,0,0,0,0,0,0,0,0,0,0,0,0,1.68911345472921,3.29363785806031,0.908876801457931,1.48760018059262,0,0,0,0,0,0,0,0,0,0,4240.17601777781,3664.81375382388,670.880416357086,1325.44132882059,357.708001589676,625.649584922635,0,0,162.914343362179,140.808005079422,25.8529039128588,51.082601725608,13.7824171839291,24.1057314802417,0,0,25242.7258602568,21753.7038925275,4529.99460103101,8778.18447270328,2674.37404444477,4471.02524486596,0,0,969.856507269076,835.81244049088,176.030596397604,341.662905183578,104.783062432842,175.430643194642,0,0,0,0,8.20107886809954,16.2652747349752,5.17203015585163,8.69907067178968,0,0,0,0,0,0,0,0,0,0,285.107116554151,265.265822825827,231.596781885328,485.396151940646,224.123635219842,431.043532828678,0,0,10.9542577619868,10.1919376723461,8.87885467566451,18.6023104549403,8.56784928578399,16.4746857013237,0,0,342.02327938365,314.665684089199,299.834114434784,656.696611874169,336.272245248462,647.789793963027,0,0,13.1410561898894,12.0899597889775,11.4934803263927,25.1635680977211,12.8551558303471,24.7566085744294,0,0,0,0,44.4875005874696,99.4806345963128,44.1425226360494,79.2249336765401,0,0,0,0,0,0,0,0,0,0,264.140672652849,127.619154097206,411.992972372176,350.755601525439
"113",1999,2786,9.33333333333333,5004.6766789698,4318.26604359422,1035.27164664176,1972.26130319418,482.6343922341,787.093332977013,0,0,0,0,0,0,0,0,0,0,0,0,1.69081830561319,3.29768369729026,0.912078735846508,1.49413388800436,0,0,0,0,0,0,0,0,0,0,4265.84630636074,3681.96291342956,677.761882856971,1340.0605437535,363.682927213288,637.311155815676,0,0,163.900636900672,141.466903215881,26.1181721375517,51.6462029422842,14.0126315140077,24.5550394518295,0,0,25177.8977595566,21667.0409955895,4533.35434018119,8789.67111357876,2693.353311318,4509.86335659888,0,0,967.365819299946,832.48270874169,176.168847256112,342.129237250865,105.532711386782,176.966248585122,0,0,0,0,8.22172940548538,16.3158630678081,5.21512846525935,8.78577664380003,0,0,0,0,0,0,0,0,0,0,286.350954445152,266.005502634824,233.83333013085,490.393563849268,227.684721797116,438.556809805655,0,0,11.0020481575861,10.2203573463302,8.96480473376023,18.7942756199401,8.70431828238987,16.7625178256165,0,0,339.783595657903,312.293640132978,300.950104391166,659.673131386597,339.258825203629,654.947514008861,0,0,13.0550045302628,11.9988220433434,11.5364364771935,25.2780053689398,12.9696682009395,25.030833600182,0,0,0,0,44.733564311787,100.131969144598,44.604227162039,80.1930789954516,0,0,0,0,0,0,0,0,0,0,267.094940273417,128.882143003935,420.958013567377,358.887672249333
"114",1999,2786,9.41666666666667,4984.5680598533,4296.0042801666,1035.38278271015,1972.88489178325,483.905018754168,789.841475140711,0,0,0,0,0,0,0,0,0,0,0,0,1.69228679353753,3.30127605127626,0.915141032602831,1.50043928112049,0,0,0,0,0,0,0,0,0,0,4291.69772133147,3699.2231353148,684.691380965373,1354.77312401806,369.711791415865,649.105204450882,0,0,164.893889604636,142.130068542728,26.3852871991062,52.2133974169966,14.2449241947805,25.0094520978394,0,0,25113.4694478203,21581.0163059619,4536.4964058491,8800.66105610779,2712.1331548267,4548.49155574395,0,0,964.890491112517,829.177497979024,176.29847421509,342.575953565917,106.274576926058,178.493702327459,0,0,0,0,8.24162332914106,16.3650820596651,5.25797570209687,8.87234572424754,0,0,0,0,0,0,0,0,0,0,287.60997609768,266.760597434307,236.070402859536,495.405427940418,231.272403866999,446.164573752914,0,0,11.0504219363849,10.2493692889718,9.05078028660227,18.9868075460132,8.84181513619153,17.0539862261306,0,0,337.580841398562,309.953504836077,302.041833726817,662.586851115812,342.235212936372,662.088516451437,0,0,12.9703717491208,11.908910279876,11.5784687795596,25.3900516297884,13.0838026729313,25.3044474173963,0,0,0,0,44.9740910435354,100.77201360553,45.063737409821,81.1601052049112,0,0,0,0,0,0,0,0,0,0,270.062147204296,130.148685636597,430.049398820378,367.143984894907
"115",1999,2786,9.5,4964.38224259102,4273.79666853727,1035.35429186297,1973.23039713389,485.096692360449,792.459886796085,0,0,0,0,0,0,0,0,0,0,0,0,1.69351973230585,3.30441186467945,0.918062156375607,1.50651338527803,0,0,0,0,0,0,0,0,0,0,4317.7272153485,3716.59205476448,691.666290058648,1369.57427409896,375.79440063967,661.031218253866,0,0,165.893984390337,142.797410203827,26.6541487974971,52.7840013944232,14.4792877575004,25.4689496997506,0,0,25049.4395596286,21495.6261347522,4539.42631399757,8811.1647965749,2730.71324014053,4586.90718684675,0,0,962.430470244696,825.896666469592,176.419690811793,343.003456915928,107.008639878022,180.012890283674,0,0,0,0,8.26084425660462,16.4130513575349,5.30056722069195,8.95876914093334,0,0,0,0,0,0,0,0,0,0,288.883923515214,267.53062224086,238.309294116766,500.432961699512,234.886800487274,453.865760477921,0,0,11.0993691857585,10.2789548664315,9.13683104961313,19.1799531055392,8.98034452703046,17.3490506002337,0,0,335.414714239151,307.645406421866,303.109084440763,665.438107633263,345.200183253987,669.212440117282,0,0,12.8871462291447,11.820229425119,11.6195687836076,25.4997196106933,13.1975123984585,25.5774363048962,0,0,0,0,45.2090506791146,101.400658018175,45.5209180167238,82.1257582077303,0,0,0,0,0,0,0,0,0,0,273.042449106796,131.418854134456,439.267904217021,375.525851006998
"116",1999,2786,9.58333333333333,4944.12052980528,4251.64325017631,1035.18889441845,1973.30267689459,486.208877444689,794.947284495145,0,0,0,0,0,0,0,0,0,0,0,0,1.69451855835691,3.30708994282732,0.920840674223032,1.51235331176851,0,0,0,0,0,0,0,0,0,0,4343.93196102251,3734.06751075788,698.684202250934,1384.45957874627,381.930497200487,673.088718047747,0,0,166.900812624956,143.468845169306,26.9246647442345,53.3578456362384,14.7157122739636,25.9335138223259,0,0,24985.80654132,21410.8666661139,4542.14936075258,8821.19246439455,2749.0932873997,4625.10766018551,0,0,959.985697001847,822.640067602338,176.532702204732,343.412136186988,107.734883286133,181.523700905775,0,0,0,0,8.27946212369898,16.4598719286342,5.34289979816072,9.04503956457892,0,0,0,0,0,0,0,0,0,0,290.172544030079,268.315114033185,240.55108963873,505.477125838788,238.528015150556,461.659379191794,0,0,11.1488801978239,10.3090962886896,9.22299873547004,19.3737492993143,9.11991054109209,17.64767344292,0,0,333.284878033373,305.36941281906,304.15176152209,668.22734276169,348.152562990917,676.318795991569,0,0,12.805315055146,11.7327820889988,11.6597327583896,25.6070260776529,13.3107525095996,25.8497816365431,0,0,0,0,45.4384271717518,102.017813916641,45.975635011544,83.0897844788811,0,0,0,0,0,0,0,0,0,0,276.035998994792,132.692718374733,448.614321912295,384.034573987304
"117",1999,2786,9.66666666666667,4923.78425695089,4229.54408518164,1034.88927986457,1973.10655655302,487.241099844464,797.302479556675,0,0,0,0,0,0,0,0,0,0,0,0,1.69528520879964,3.30931061380419,0.923475262177068,1.51795628505398,0,0,0,0,0,0,0,0,0,0,4370.30928293866,3751.64748534505,705.742895194874,1399.42494900572,388.119760404523,685.277234879836,0,0,167.914271514777,144.1442959063,27.1967499254406,53.934773359999,14.9541853975685,26.4031264228392,0,0,24922.5686996417,21326.7339994547,4544.67064236772,8830.7538568636,2767.27307007795,4663.09045649897,0,0,957.556106326028,819.407551510125,176.637705937111,343.802367694962,108.453292351263,183.026025427081,0,0,0,0,8.29753571136905,16.5056294361619,5.3849712308241,9.13115073389249,0,0,0,0,0,0,0,0,0,0,291.475590723043,269.11363096541,242.79669583319,510.538661758442,242.19613169851,469.544505123959,0,0,11.1989454855619,10.3397765793203,9.30931816677193,19.5682246950336,9.26051651304871,17.9498197647039,0,0,331.190968674598,303.125539066901,305.169871745071,670.955083422089,351.091233432318,683.406988620947,0,0,12.7248642376607,11.6465688493432,11.6989608773493,25.7119910571638,13.4234802115884,26.121460699011,0,0,0,0,45.6622160190196,102.623411009074,46.4277562582635,84.0519316323394,0,0,0,0,0,0,0,0,0,0,279.042947298578,133.970346083767,458.089457417461,392.671448823031
"118",1999,2786,9.75,4903.37480224167,4207.49926089424,1034.45810954461,1972.6468338746,488.192946915142,799.524379091514,0,0,0,0,0,0,0,0,0,0,0,0,1.69582203058835,3.31107547386145,0.925964709020753,1.52331966127903,0,0,0,0,0,0,0,0,0,0,4396.8566061709,3769.33005791736,712.840309887448,1414.466578806,394.361808529495,697.596292874285,0,0,168.934262127023,144.823688621955,27.4703254557122,54.5146385812068,15.1946924379662,26.8777691916788,0,0,24859.7242383539,21243.2241810038,4546.99507141885,8839.85846700267,2785.25241327694,4700.8531300603,0,0,955.141629202372,816.198966282623,176.734892555966,344.174516251665,109.163854370031,184.51975798933,0,0,0,0,8.31511453254825,16.5503967750784,5.42678006406308,9.21709719881916,0,0,0,0,0,0,0,0,0,0,292.792822494274,269.925751432653,245.046863141211,515.618121395192,245.891211161868,477.520271876594,0,0,11.2495557855427,10.3709795395888,9.39581817294579,19.7634005734599,9.40216490385347,18.255456799264,0,0,329.132598747523,300.913753344443,306.163506777849,673.621925834784,354.015131493275,690.476334079786,0,0,12.6457788916723,11.5615884835368,11.7372565694684,25.8146372285481,13.5356548282106,26.3924473782205,0,0,0,0,45.8804223876475,103.217394687299,46.877151764732,85.0119488499517,0,0,0,0,0,0,0,0,0,0,282.063441925287,135.251802935535,467.694127200399,401.437761903957
"119",1999,2786,9.83333333333333,4882.89359482094,4185.5088989558,1033.89801899327,1971.92828267974,489.064067473422,801.611986807134,0,0,0,0,0,0,0,0,0,0,0,0,1.69613170535867,3.31238717497208,0.92830791864645,1.52844094241236,0,0,0,0,0,0,0,0,0,0,4423.57141387661,3787.11336768911,719.974531029927,1429.58090697153,400.656201222937,710.045395285645,0,0,169.960687760576,145.506951821908,27.7453179293231,55.0973046625594,15.4372164519833,27.3574230159005,0,0,24797.2712882995,21160.3332295066,4549.12739122256,8848.51550810765,2803.0311919604,4738.39331076911,0,0,952.742193814421,813.014158953522,176.824446163258,344.528936104752,109.866558670431,186.0047957316,0,0,0,0,8.33224039855131,16.5942361848008,5.46832538428173,9.30287411945075,0,0,0,0,0,0,0,0,0,0,294.124003948999,270.751073036216,247.302206438218,520.715893066435,249.613289274131,485.585863785734,0,0,11.3007020535336,10.4026897086927,9.48252237350487,19.9592919208782,9.54485720445503,18.5645537111953,0,0,327.10936155016,298.733982304263,307.132828617414,676.228522098921,356.923250096183,697.526076040907,0,0,12.5680433911431,11.4778381734499,11.774625959783,25.9149894077621,13.647237816425,26.66271277336,0,0,0,0,46.0930595554913,103.799723947371,47.3236939235674,85.969587241143,0,0,0,0,0,0,0,0,0,0,285.097628319086,136.537152645589,477.429156436802,410.334790875669
"120",1999,2786,9.91666666666667,4862.34212148419,4163.57316108748,1033.21161997966,1970.95565606792,489.854171632861,803.564403622484,0,0,0,0,0,0,0,0,0,0,0,0,1.69621718640856,3.31324924549303,0.930503911496781,1.53331778731602,0,0,0,0,0,0,0,0,0,0,4450.45121221435,3804.99558279311,727.143769568895,1444.76458380426,407.002442089529,722.624013066814,0,0,170.993452598059,146.194015122892,28.0216587545466,55.6826430376719,15.6817383420163,27.8420675393916,0,0,24735.2079322332,21078.0571572147,4551.07218874006,8856.73393553326,2820.60932920011,4775.70870551257,0,0,950.357726498071,809.852976307021,176.906544908963,344.865971771388,110.561396547593,187.481038850762,0,0,0,0,8.34894873650625,16.6372010307191,5.50960665417552,9.38847710450211,0,0,0,0,0,0,0,0,0,0,295.46890515641,271.589211496156,249.56322290962,525.832223944731,253.362374585417,493.740508521093,0,0,11.3523754552353,10.4348923219813,9.56944986437822,20.1559082922123,9.68859386260621,18.8770813127832,0,0,325.120834587343,296.586115813492,308.07805699676,678.775568761514,359.814637939205,704.555400123699,0,0,12.4916415032397,11.3953136875973,11.8110773856676,26.0130741077378,13.7581927576135,26.932225745094,0,0,0,0,46.3001475993946,104.370369630965,47.7672577053772,86.9246001521179,0,0,0,0,0,0,0,0,0,0,288.145649518752,137.826457059732,487.295376898008,419.363804504152
"121",2000,2786,10,4842.58305803116,4142.23500514823,1032.75854644884,1970.32133948819,490.509004870356,805.227517012773,0,0,0,0,0,0,0,0,0,0,0,0,1.69601606183175,3.31340264843142,0.932446125827623,1.53765077427605,0,0,0,0,0,0,0,0,0,0,4477.53957090013,3823.01020138775,734.25147199792,1459.80921599123,413.349567750717,735.183187963868,0,0,172.034230657637,146.886165577722,28.2956333453381,56.2626299038592,15.9262949081507,28.3259642298629,0,0,24674.422500481,20997.0065839425,4552.61540569237,8863.91697187256,2837.6665048974,4811.86964171032,0,0,948.022358275168,806.738879335055,176.972850739496,345.162252295965,111.235805627034,188.91197810645,0,0,0,0,8.36479303992944,16.6777351927212,5.54999385048063,9.47207015822804,0,0,0,0,0,0,0,0,0,0,296.79838042379,272.378840232554,251.79231764134,530.82500946462,257.024345330232,501.60295729666,0,0,11.4034561683872,10.4652311140536,9.65515938458204,20.3478033957293,9.82901083473154,19.1784632527023,0,0,323.169151099219,294.472330732615,308.977337042154,681.190953706039,362.646829947583,711.422509033698,0,0,12.4166551903996,11.3140986644428,11.8457724448157,26.1061267764819,13.866895828487,27.1955657733436,0,0,0,0,46.4990907441229,104.919198034752,48.202274147623,87.8597898539585,0,0,0,0,0,0,0,0,0,0,291.259262644743,139.200588407926,497.46189860805,429.099240804772
"122",2000,2786,10.0833333333333,4823.59685653924,4121.48571916859,1032.52605528861,1970.00852132703,491.040247635876,806.620849840615,0,0,0,0,0,0,0,0,0,0,0,0,1.6956972978555,3.31316824101519,0.934141330046404,1.54145358719547,0,0,0,0,0,0,0,0,0,0,4504.74551923983,3841.0751755735,741.286716872434,1474.68745967619,419.677606609089,747.686392720361,0,0,173.079526699765,147.58025077489,28.566821220387,56.8362134350514,16.1701185884741,28.8077091721339,0,0,24614.9476754448,20917.2108844374,4553.7906927866,8870.13376227448,2854.22073513885,4846.91066281497,0,0,945.737344833953,803.672996662978,177.02466872441,345.420463276872,111.890483401063,190.298948745183,0,0,0,0,8.37980848935242,16.7159955892054,5.58949930160861,9.55367625803174,0,0,0,0,0,0,0,0,0,0,298.115999939664,273.127246202217,253.99116509796,535.705317089372,260.61227104246,509.211018163023,0,0,11.4540813650675,10.4939860614615,9.7397147802256,20.5354007112492,9.96660751655091,19.4701439231218,0,0,321.258316942227,292.393785165694,309.836117488556,683.482453842337,365.417829619057,718.110794355461,0,0,12.3432383638912,11.2342376001973,11.878919972715,26.1944452098424,13.9732704446051,27.4520971896645,0,0,0,0,46.6901248366631,105.446724236203,48.6288511973001,88.7753226251989,0,0,0,0,0,0,0,0,0,0,294.436859392084,140.656957656481,507.921815678701,439.527163599838
"123",2000,2786,10.1666666666667,4804.55120738847,4100.80119428509,1032.16906392616,1969.45067229735,491.502867565929,807.896559837317,0,0,0,0,0,0,0,0,0,0,0,0,1.69534944187797,3.31284952161252,0.935696253679523,1.54501970712639,0,0,0,0,0,0,0,0,0,0,4532.00543141024,3859.13916016888,748.338411899436,1489.59043559898,426.030863185726,760.267779837326,0,0,174.126896118566,148.274297950414,28.8386428481502,57.4107526137546,16.4149162073252,29.2924708331497,0,0,24555.9322857225,20838.0820249689,4554.81926863446,8875.98860368214,2870.58336240927,4881.72806099079,0,0,943.469982848032,800.632735092397,177.070613764322,345.664255267339,112.537628949836,191.677128031828,0,0,0,0,8.39448031919518,16.7535795632488,5.628727378299,9.63505167112822,0,0,0,0,0,0,0,0,0,0,299.449962492182,273.894300663487,256.19646819969,540.611388018173,264.237341370527,516.93607134991,0,0,11.5053344859633,10.5234575138224,9.82452300276433,20.7239982301641,10.105635690225,19.7663221824874,0,0,319.386426050459,290.348414255899,310.677010967064,685.722549294456,368.167057174384,724.752450679517,0,0,12.2713177898297,11.1556511597494,11.9113872231113,26.2808076166808,14.0788238359032,27.7068731186904,0,0,0,0,46.8758410668884,105.96277920577,49.0521535289244,89.6873256428658,0,0,0,0,0,0,0,0,0,0,297.628619819353,142.117373386479,518.512846756976,450.095575593685
"124",2000,2786,10.25,4785.44596651791,4080.18010731047,1031.68992168446,1968.65200020762,491.89639078939,809.053662230547,0,0,0,0,0,0,0,0,0,0,0,0,1.69494351012502,3.31239346185536,0.937114090968709,1.54835314534108,0,0,0,0,0,0,0,0,0,0,4559.3290462095,3877.21131346378,755.407658613052,1504.52072637161,432.411687422215,772.931016426412,0,0,175.176713094238,148.968658980436,29.1111405963236,57.9863465190241,16.6607778189766,29.7803896908716,0,0,24497.3652849751,20759.607876399,4555.70363730293,8881.48650139349,2886.75350137725,4916.31810017099,0,0,941.219847901245,797.617628602201,177.11078405021,345.893821524639,113.177203027509,193.046361448128,0,0,0,0,8.40883226796322,16.7905091162587,5.66767626511072,9.71618980423352,0,0,0,0,0,0,0,0,0,0,300.799448641371,274.678877263698,258.408035466701,545.541416678215,267.896953859379,524.771715988392,0,0,11.5571840469054,10.5536021948637,9.90957667214345,20.9135266501742,10.245995716084,20.0667531823641,0,0,317.552432478878,288.335836828025,311.49978035141,687.911753289727,370.894572671612,731.350063307466,0,0,12.2008532815006,11.0783246977318,11.9431649775236,26.3652333929975,14.1835581864062,27.9599922100022,0,0,0,0,47.0562697411502,106.467369449761,49.4720639745676,90.5955610194595,0,0,0,0,0,0,0,0,0,0,300.834714097356,143.581932149092,529.236122190459,460.806296660168
"125",2000,2786,10.3333333333333,4766.28134477763,4059.6214361557,1031.09100416586,1967.61678792345,492.22043249094,810.091312410667,0,0,0,0,0,0,0,0,0,0,0,0,1.6944561383439,3.31175709321525,0.9383971210168,1.55145663586292,0,0,0,0,0,0,0,0,0,0,4586.7242136335,3895.29913634709,762.495153363505,1519.48009186011,438.821936469014,785.679104220889,0,0,176.229279236178,149.663622061103,29.384341268551,58.5630626513342,16.9077745931355,30.2715807383084,0,0,24439.2369891959,20681.7775534746,4556.44642928761,8886.63275506567,2902.73050635703,4950.67743147491,0,0,938.986567920075,794.627258963356,177.145282719114,346.109366875733,113.80917576944,194.406509566966,0,0,0,0,8.42288488832323,16.826804538886,5.7063450635668,9.79708528975977,0,0,0,0,0,0,0,0,0,0,302.16373000398,275.479956847489,260.625724233369,550.493840268281,271.588914326435,532.712352928296,0,0,11.6096020622682,10.5843809470051,9.99487028171498,21.1039259810903,10.387603604184,20.3712227810566,0,0,315.755357678268,286.355687206784,312.304276793868,690.050611934479,373.600315857148,737.905729002038,0,0,12.1318072416392,11.0022441643092,11.9742473973169,26.4477431791111,14.2874710557479,28.2115343884192,0,0,0,0,47.2314463971639,106.96050982145,49.8884695264305,91.4997962842207,0,0,0,0,0,0,0,0,0,0,304.055303972008,145.050724661408,540.092697964309,471.661046699169
"126",2000,2786,10.4166666666667,4747.05785021791,4039.1244091842,1030.37470519976,1966.34937639973,492.474689132578,811.008794405845,0,0,0,0,0,0,0,0,0,0,0,0,1.69386840427545,3.31090545163004,0.939546981424582,1.55433201496251,0,0,0,0,0,0,0,0,0,0,4614.19724258065,3913.40877986007,769.601276961734,1534.46964208994,445.263060782173,798.514488660964,0,0,177.284836942351,150.359423525257,29.6582595440265,59.1409435634225,17.1559621102832,30.7661376562639,0,0,24381.5388217996,20604.58118712,4557.0503603559,8891.43287493512,2918.51393022532,4984.80303419743,0,0,936.769813379635,791.661246989983,177.174216260867,346.311104472285,114.433525105564,195.757445775884,0,0,0,0,8.43665615081087,16.8624846137577,5.74473348674577,9.87773363181725,0,0,0,0,0,0,0,0,0,0,303.542152656223,276.296610561803,262.849421011165,555.467281377072,275.311349101114,540.753043076372,0,0,11.6625634072763,10.615758082225,10.0803994443033,21.295143342853,10.5303876497409,20.6795421166955,0,0,313.994277994042,284.407607875964,313.09042615654,692.139700111877,376.284142410283,744.421143645755,0,0,12.0641441821162,10.9273958231311,12.004631504426,26.5283587052156,14.3905567707945,28.4615642145554,0,0,0,0,47.4014107948029,107.442222414517,50.3012612115332,92.3998041873708,0,0,0,0,0,0,0,0,0,0,307.290543964021,146.523836537991,551.083570319083,482.661461553708
"127",2000,2786,10.5,4727.77625887004,4018.68847918871,1029.54343232452,1964.85415552968,492.658935525206,811.805516907909,0,0,0,0,0,0,0,0,0,0,0,0,1.69316521512017,3.30981050226022,0.940564803950258,1.55698041200037,0,0,0,0,0,0,0,0,0,0,4641.75308281268,3931.54520691865,776.726141607061,1549.48992747861,451.736149480221,811.439113966833,0,0,178.343576390518,151.056254056064,29.9328997782114,59.7200103207262,17.405382097555,31.2641349192368,0,0,24324.2631795478,20528.0098047989,4557.51820909136,8895.89253620876,2934.10350313915,5018.69218628784,0,0,934.569292152337,788.719247942708,177.197693649307,346.499254027348,115.050235942145,197.099055143822,0,0,0,0,8.45016176309844,16.8975667348131,5.78284171349306,9.95813103121023,0,0,0,0,0,0,0,0,0,0,304.93412825142,277.127990953575,265.079031841258,560.46051837019,279.062657871088,548.88943049062,0,0,11.7160454767301,10.6477010400197,10.1661605216353,21.4871318288713,10.6742866249324,20.991544660497,0,0,312.268318342019,282.491245610392,313.858220979648,694.179618654157,378.945843659339,750.897651251325,0,0,11.9978304809515,10.8537661027155,12.0343168739226,26.6071026844824,14.4928071825797,28.7101327636323,0,0,0,0,47.5662063870291,107.912536023877,50.7103340865014,93.2953627066079,0,0,0,0,0,0,0,0,0,0,310.540581962843,148.001348654067,562.209682995137,493.809101207077
"128",2000,2786,10.5833333333333,4708.43758445866,3998.3132966512,1028.59960227422,1963.13555478325,492.773021245609,812.481008264408,0,0,0,0,0,0,0,0,0,0,0,0,1.69233468428707,3.30845004309344,0.94145134883819,1.55940243840393,0,0,0,0,0,0,0,0,0,0,4669.39551145396,3949.71235732016,783.869638491238,1564.54103095904,458.241978042582,824.454481922979,0,0,179.405642703838,151.754265026839,30.2082578297391,60.3002660346934,17.6560642546159,31.7656300438221,0,0,24267.4032952344,20452.0552080857,4557.85279481592,8900.01753368088,2949.4991101201,5052.34243255299,0,0,932.384744232098,785.800946824718,177.215825487414,346.674040058749,115.659299298409,198.431233198544,0,0,0,0,8.46341549757516,16.9320670355425,5.82067024551945,10.0382742120757,0,0,0,0,0,0,0,0,0,0,306.339124844225,277.973322600475,267.314473027504,565.472455651014,282.841465922084,557.11766248603,0,0,11.7700278324585,10.6801800274219,10.2521502683898,21.6798493645648,10.8192479474537,21.3070831555198,0,0,310.57664585482,280.606248031655,314.607711874952,696.170991045871,381.585165700224,757.336294430004,0,0,11.9328341381999,10.7813414641145,12.0633053045348,26.683998688219,14.5942124003427,28.9572795600955,0,0,0,0,47.7258797735063,108.371485556852,51.1155871913976,94.1862550018299,0,0,0,0,0,0,0,0,0,0,313.805559856653,149.483337540927,573.471934557291,505.105458333418
"129",2000,2786,10.6666666666667,4689.04305048233,3977.99868521018,1027.545636917,1961.19803463142,492.816867026566,813.034911410659,0,0,0,0,0,0,0,0,0,0,0,0,1.69136756866792,3.30680671195901,0.942207121670023,1.56159835245002,0,0,0,0,0,0,0,0,0,0,4697.12730335751,3967.91329813573,791.031480578405,1579.62265129686,464.781052695049,837.561706952498,0,0,180.471142496602,152.453574279358,30.4843227024263,60.8816990587023,17.908027953018,32.270665695565,0,0,24210.9531123364,20376.7098608634,4558.05695823723,8903.8137414508,2964.70077022466,5085.75155468645,0,0,930.215936918248,782.906054086177,177.228723257372,346.835690328561,116.26071150365,199.753884773817,0,0,0,0,8.4764294903411,16.9660005130368,5.85821978540975,10.1181602710564,0,0,0,0,0,0,0,0,0,0,307.756658433477,278.831893332493,269.555663391319,570.502097233744,286.646581019403,565.434315400046,0,0,11.8244918783812,10.7131676817195,10.3383655346854,21.8732576930385,10.9652260270118,21.6260267721956,0,0,308.918464201693,278.752260880598,315.338999263913,698.114460055463,384.20182597189,763.7378611867,0,0,11.8691245577094,10.7101082961188,12.0916005023305,26.7590710181615,14.6947614279512,29.2030343713207,0,0,0,0,47.8804802003072,108.81911147321,51.5169234829387,95.0722693507793,0,0,0,0,0,0,0,0,0,0,317.085614119507,150.969875764548,584.871184891603,516.551966193946
"130",2000,2786,10.75,4669.59406805182,3957.74462220518,1026.38396005909,1959.04607970423,492.790461791451,813.466979797619,0,0,0,0,0,0,0,0,0,0,0,0,1.69025683526553,3.30486721545732,0.94283245483034,1.56356817574175,0,0,0,0,0,0,0,0,0,0,4724.95036578131,3986.15034259222,798.211235309576,1594.73416734688,471.353646274829,850.761560189036,0,0,181.540149048711,153.154270691498,30.7610778009069,61.4642854532874,18.1612836096502,32.7792713750975,0,0,24154.9071859276,20301.9668007811,4558.13354701424,8907.2870822829,2979.70861985174,5118.91754709816,0,0,928.062661008508,780.034302222252,177.236498760612,346.984434655239,116.854473553996,201.066923080744,0,0,0,0,8.48921447794172,16.9993811400595,5.89549115678525,10.1977865723814,0,0,0,0,0,0,0,0,0,0,309.186286141985,279.703047010116,271.802519288028,575.548527026573,290.476959769054,573.836333938607,0,0,11.8794205984657,10.7466387929818,10.4248030745599,22.067321618227,11.1121809751702,21.9482587840121,0,0,307.293009273066,276.928926318923,316.052226135619,700.010684516916,386.795525467678,770.102923623005,0,0,11.806672381316,10.6400528500031,12.1192078034025,26.8323445842585,14.794442632778,29.4474186909977,0,0,0,0,48.0300591643388,109.255459326448,51.9142497662188,95.9531990992076,0,0,0,0,0,0,0,0,0,0,320.380876280052,152.461032240694,596.408259983263,528.150004933978
"131",2000,2786,10.8333333333333,4650.09221664557,3937.55122184068,1025.11699468992,1956.68419280934,492.693859941125,813.777073697419,0,0,0,0,0,0,0,0,0,0,0,0,1.68899729206869,3.30262166985223,0.943327573625412,1.56531178822962,0,0,0,0,0,0,0,0,0,0,4752.86585458864,4004.42515247772,805.408352246558,1609.87469277543,477.959829693507,864.054508299478,0,0,182.61270677028,153.856418111813,31.0385019921585,62.0479910858426,18.4158338918142,33.2914649036517,0,0,24099.2605972194,20227.8195628549,4558.0854038252,8910.4435018826,2994.52289815751,5151.8385955572,0,0,925.924727515545,777.18544283776,177.239263654502,347.120503915597,117.440590550314,202.370268887526,0,0,0,0,8.50178000134929,17.0322219666133,5.93248524189522,10.2771506630563,0,0,0,0,0,0,0,0,0,0,310.627600263336,280.586177127815,274.054950844539,580.610892373657,294.331678985562,582.320977891137,0,0,11.9347983279958,10.7805700582951,10.5114594013609,22.2620083731224,11.2600775071564,22.2736745254822,0,0,305.699545561641,275.135881773617,316.747571502406,701.860336302919,389.365958634393,776.4318719355,0,0,11.7454493497998,10.5711611951265,12.1461339232528,26.9038447896569,14.8932441257955,29.6904470420925,0,0,0,0,48.1746700711625,109.680579356662,52.3074766256335,96.8288426150331,0,0,0,0,0,0,0,0,0,0,323.69147332821,153.956872516617,608.083955832248,539.900907020646
"132",2000,2786,10.9166666666667,4630.53922755528,3917.41872075599,1023.74716064131,1954.11688976019,492.527178880013,813.965156866034,0,0,0,0,0,0,0,0,0,0,0,0,1.68758527895847,3.30006304663875,0.943692648137733,1.5668290032882,0,0,0,0,0,0,0,0,0,0,4780.87427328679,4022.73882531228,812.622185968208,1625.04312182053,484.599499180241,877.440747243566,0,0,183.688835006865,154.560058708779,31.3165704849134,62.6327733867112,18.6716747608801,33.8072537150405,0,0,24044.0088807847,20154.262114325,4557.91535676847,8913.2889477767,3009.14393448853,5184.51305855594,0,0,923.801964870788,774.35924414426,177.237129079159,347.244129224624,118.019071213825,203.663849804141,0,0,0,0,8.51413457929135,17.0645352115504,5.96920293533774,10.3562502067386,0,0,0,0,0,0,0,0,0,0,312.080223123109,281.48072119537,276.312859316482,585.688390628434,298.209911749352,590.885775833221,0,0,11.9906105561316,10.8149398658846,10.5983306861331,22.4572871043585,11.4088840234798,22.6021796178059,0,0,304.137363173653,273.372759254318,317.425244547237,703.664097523747,391.912821151282,782.724943983134,0,0,11.6854281880524,10.503419192705,12.1723867326539,26.9735974242151,14.9911540602647,29.9321281098922,0,0,0,0,48.3143679431685,110.094526132731,52.6965183558549,97.6990032474556,0,0,0,0,0,0,0,0,0,0,327.017528063348,155.457459021026,619.899041570586,551.805961871908
"133",2001,2786,11,4610.28001460641,3896.4262062146,1022.6012426924,1951.87764163097,492.329705458849,814.05445833196,0,0,0,0,0,0,0,0,0,0,0,0,1.68611260877035,3.29728184756104,0.944001400046055,1.56816245898951,0,0,0,0,0,0,0,0,0,0,4808.87513928077,4040.89370241654,820.010156378236,1640.45715080735,491.312968535464,890.948464538339,0,0,184.764673056478,155.257598119846,31.6013358215862,63.2269999964436,18.9303592592545,34.3277233872889,0,0,23988.2271105332,20079.7766525246,4558.53734867339,8917.12435728477,3023.80969775451,5217.0839629785,0,0,921.658836054458,771.497389725224,177.26529752312,347.405366144128,118.599242972151,204.953273971458,0,0,0,0,8.52670457180534,17.0967027690892,6.0061137683212,10.4353689931636,0,0,0,0,0,0,0,0,0,0,313.561114461658,282.370705824847,278.620162842502,590.824675511372,302.20256488398,599.59261587275,0,0,12.047508902273,10.8491344926391,10.6871022461524,22.6548332103459,11.5620785927189,22.9361416415081,0,0,302.600694866511,271.627484757591,318.105382937141,705.443591951009,394.467830064171,789.003752063649,0,0,11.6263873097859,10.4363629401874,12.198738879578,27.0424321329518,15.0893855061258,30.1732880189515,0,0,0,0,48.4510892794373,110.498839138937,53.08541878958,98.566157791459,0,0,0,0,0,0,0,0,0,0,330.321682529848,156.95095351491,631.720983474902,563.771707015262
"134",2001,2786,11.0833333333333,4589.68524300744,3875.09612767012,1021.48909118525,1949.65784642418,492.082637094993,814.035878130918,0,0,0,0,0,0,0,0,0,0,0,0,1.68461513465566,3.29438113348123,0.944214512676453,1.56929031396515,0,0,0,0,0,0,0,0,0,0,4836.93964961359,4059.00587505679,827.491746306017,1656.01109165856,498.086148779067,904.575181095834,0,0,185.842956423367,155.953496757114,31.889703878164,63.826610967044,19.1913439171966,34.8527773398908,0,0,23932.4042042353,20005.1862336088,4559.4288762795,8921.20832892807,3038.39838735135,5249.47923794375,0,0,919.514126007949,768.631502720111,177.303658574337,347.575707085206,119.176319866164,206.235694981209,0,0,0,0,8.53953923862772,17.1289674153541,6.04297087871555,10.5143588701071,0,0,0,0,0,0,0,0,0,0,315.058646118574,283.26418422293,280.954612275314,595.999644457291,306.25237961021,608.401096146171,0,0,12.1050465945487,10.8834633556364,10.7769205092657,22.8538754382533,11.7174708700955,23.2740155364452,0,0,301.091146527592,269.90422821147,318.777954934328,707.186234566494,397.017438642191,795.25641328779,0,0,11.5683884157918,10.3701526528831,12.2248052875311,27.1098656361796,15.1874201718643,30.4134719851015,0,0,0,0,48.5838765483877,110.892758306398,53.4718496138953,99.4286196923523,0,0,0,0,0,0,0,0,0,0,333.62450958135,158.443761660798,643.624978880152,575.850815569569
"135",2001,2786,11.1666666666667,4569.05675881662,3853.85032256273,1020.26342548206,1947.21797587793,491.768608236778,813.899318016939,0,0,0,0,0,0,0,0,0,0,0,0,1.68304575450706,3.29131122868702,0.944300099790146,1.57019478298255,0,0,0,0,0,0,0,0,0,0,4865.11401350038,4077.16534118361,834.994940870237,1671.6052284137,504.901308631565,918.309133366806,0,0,186.925460539475,156.651212485767,32.1789060481123,64.4277738214363,19.4539456672502,35.38196252204,0,0,23876.9542443674,19931.1736655663,4560.17504702855,8924.95293372992,3052.8037422691,5281.6332896161,0,0,917.383744387232,765.787817708553,177.336236304117,347.732535702104,119.746130212546,207.508527937213,0,0,0,0,8.55244970529679,17.1611668460018,6.0795692639162,10.5930967860813,0,0,0,0,0,0,0,0,0,0,316.564532466038,284.167762799901,283.296466108413,601.193366624225,310.31727121705,617.280959614592,0,0,12.1629052863466,10.9181802837241,10.8670279032589,23.0536488594117,11.8734509028747,23.6146442637594,0,0,299.610305176789,268.207793478529,319.434387581746,708.883342498096,399.546764385916,801.472703889898,0,0,11.5114924819315,10.3049729028805,12.2502568319738,27.1755642948982,15.2846885913764,30.6522886391505,0,0,0,0,48.7119719107359,111.275725644348,53.853859038918,100.28498098324,0,0,0,0,0,0,0,0,0,0,336.943116984136,159.941312754741,655.672545007518,588.087605007411
"136",2001,2786,11.25,4548.39685090826,3832.68933498694,1018.92710608495,1944.56324195045,491.387702453148,813.644819745824,0,0,0,0,0,0,0,0,0,0,0,0,1.68138574023654,3.2880400127818,0.94425945551784,1.57087726328677,0,0,0,0,0,0,0,0,0,0,4893.39533729818,4095.37051976683,842.518160965411,1687.23619716258,511.757366807547,932.148592691009,0,0,188.01207422641,157.350684560096,32.4688815357523,65.0303591087676,19.7181230058447,35.9152125770469,0,0,23821.8752146915,19857.7348296518,4560.77944177184,8928.36536871853,3067.02615607164,5313.5449937753,0,0,915.267613725038,762.96617644162,177.363170362575,347.876130999128,120.30868591905,208.771721311525,0,0,0,0,8.5653893867954,17.1932304574413,6.11591425926446,10.6715866047169,0,0,0,0,0,0,0,0,0,0,318.078681924278,285.0810293221,285.64554325234,606.405075983698,314.397907045955,626.231611530071,0,0,12.2210814590295,10.9532694382246,10.9574174255808,23.2541240133944,12.0300443232701,23.9580053624727,0,0,298.157508267571,266.537966987707,320.075052408616,710.536141634134,402.054743114624,807.652212031958,0,0,11.4556740522509,10.2408154844322,12.2751076227936,27.2395747615474,15.3811498571778,30.8897218074128,0,0,0,0,48.8354718693081,111.647872254046,54.2313770296002,101.135067281716,0,0,0,0,0,0,0,0,0,0,340.27759206249,161.443659026767,667.864210665252,600.483215456055
"137",2001,2786,11.3333333333333,4527.70785842833,3811.61374374357,1017.482962029,1941.69881964899,490.940062822273,813.27251931944,0,0,0,0,0,0,0,0,0,0,0,0,1.67962037629316,3.28454221712894,0.944093520855999,1.57133872878559,0,0,0,0,0,0,0,0,0,0,4921.78068018594,4113.61978742109,850.059917937225,1702.90082488103,518.653202542381,946.091834314783,0,0,189.102684493125,158.051850607041,32.7595730128023,65.6342446898257,19.9838328942537,36.4524612704261,0,0,23767.165108936,19784.8656651758,4561.24553310604,8931.45263510522,3081.06604530805,5345.21327095445,0,0,913.16565693705,760.166422900986,177.384596272296,348.006764588962,120.863999905929,210.025225480082,0,0,0,0,8.57832044347613,17.2251008641211,6.15200965076563,10.7498302433771,0,0,0,0,0,0,0,0,0,0,319.600996713334,286.003591861062,288.001633868008,611.633977251108,318.494812760112,635.252400810254,0,0,12.2795713557384,10.9887157606188,11.0480809699954,23.4552703129524,12.1872713289644,24.3040741914618,0,0,296.732110376362,264.894510151977,320.700305379445,712.145785216073,404.540460356684,813.794544320866,0,0,11.400908328687,10.1776712306373,12.2993711702153,27.3019408988776,15.476768790773,31.1257560260006,0,0,0,0,48.9544642756785,112.009317875273,54.6043376515575,101.978709809991,0,0,0,0,0,0,0,0,0,0,343.628021127494,162.950850538496,680.200520319583,613.03877342171
"138",2001,2786,11.4166666666667,4506.99217112134,3790.62416310794,1015.93379395978,1938.62985103679,490.425888634274,812.782642522322,0,0,0,0,0,0,0,0,0,0,0,0,1.67773805405001,3.28079791344623,0.943803021308122,1.57157990439046,0,0,0,0,0,0,0,0,0,0,4950.2670384841,4131.91146466882,857.618795044113,1718.5960902532,525.587664159713,960.137127942023,0,0,190.197175933449,158.754646098387,33.050925908454,66.2393142372943,20.2510310899945,36.9936421308257,0,0,23712.8219433247,19712.5621766087,4561.57669862971,8934.22156327943,3094.9238481444,5376.63708791888,0,0,911.077797803279,757.38840357186,177.400645935504,348.124701646038,121.412086049448,211.268992777515,0,0,0,0,8.5912117795791,17.2567309378036,6.18785811347506,10.8278282268954,0,0,0,0,0,0,0,0,0,0,321.131373328891,286.935076408483,290.364506533911,616.879256297535,322.608391338124,644.342627866901,0,0,12.3383709996756,11.0245048809086,11.1390096007417,23.6570564423359,12.3451474103104,24.6528242305402,0,0,295.333483257435,263.27716431771,321.310487597417,713.713361569883,407.00312786979,819.899325020605,0,0,11.347171173177,10.115530203604,12.3230604122639,27.3627040770384,15.5715150432685,31.3603765086106,0,0,0,0,49.069030392226,112.360173885382,54.972678546733,102.815744813177,0,0,0,0,0,0,0,0,0,0,346.994489447287,164.462935375336,692.68202895889,625.755391297358
"139",2001,2786,11.5,4486.25223095727,3769.72124420892,1014.28237449931,1935.36144567343,489.845435734546,812.175506070741,0,0,0,0,0,0,0,0,0,0,0,0,1.67572990725294,3.27679190346476,0.943388522089332,1.57160133833191,0,0,0,0,0,0,0,0,0,0,4978.85133667608,4150.24380818503,865.193439813857,1734.31910749837,532.559572483537,974.282732338018,0,0,191.295430381116,159.4590040528,33.3428881167005,66.8454566166539,20.5196722787966,37.5386882440974,0,0,23658.843762903,19640.8204385325,4561.77622461125,8936.67881997883,3108.6000246654,5407.81546038001,0,0,909.003961211133,754.631967633259,177.411447774818,348.230201183128,121.952959196986,212.502977609539,0,0,0,0,8.60403823996376,17.2880826120178,6.22346137960471,10.9055799005473,0,0,0,0,0,0,0,0,0,0,322.669702476662,287.875125971077,292.73391120646,622.14008465575,326.738930462153,653.501546818076,0,0,12.3974761915833,11.0606230828404,11.2301936657838,23.8594505296047,12.5036836328224,25.0042271649816,0,0,293.961016448479,261.685652933756,321.905925474639,715.239896848543,409.442074171051,825.966196490453,0,0,11.294439130925,10.0543817777893,12.3461877214594,27.4219032789526,15.6653627323295,31.5935691620476,0,0,0,0,49.1792457285496,112.700544586727,55.3363408310554,103.646013512974,0,0,0,0,0,0,0,0,0,0,350.377081168355,165.97995968231,705.309299124773,638.634166371845
"140",2001,2786,11.5833333333333,4465.49053233569,3748.90567543368,1012.53144952755,1931.89868211792,489.199015151164,811.451516075846,0,0,0,0,0,0,0,0,0,0,0,0,1.67358931421655,3.27251288341726,0.942850498497439,1.57140349275568,0,0,0,0,0,0,0,0,0,0,5007.53041944081,4168.61500391038,872.782553448245,1750.06710393795,539.567725794341,988.526889777668,0,0,192.397326603645,160.164854771219,33.6354095905309,67.4525650273318,20.7897102664136,38.0875320422166,0,0,23605.228647913,19569.6365992005,4561.84731290116,8938.83092134735,3122.09505651093,5438.74745454493,0,0,906.944073400359,751.896967094765,177.417126997733,348.323516550423,122.486635153076,213.72713651581,0,0,0,0,8.61677951445889,17.3191252497902,6.25882046507881,10.9830837161049,0,0,0,0,0,0,0,0,0,0,324.215869198943,288.823399077856,295.109583142489,627.415625100344,330.886614023093,662.728369374826,0,0,12.4568825146058,11.0970572465521,11.321622946953,24.0624203602134,12.6628870775867,25.35825303482,0,0,292.614117360141,260.119684526145,322.486931350738,716.726359998583,411.856730398689,831.994819051149,0,0,11.2426894338422,9.99421475429112,12.3687649288178,27.4795752911327,15.758289900481,31.8253205797005,0,0,0,0,49.2851811707722,113.030528884345,55.6952688635698,104.469361892234,0,0,0,0,0,0,0,0,0,0,353.775879258647,167.501967760794,718.082897398361,651.676180155836
"141",2001,2786,11.6666666666667,4444.70962185264,3728.17818244211,1010.68373908691,1928.24660884899,488.486991914957,810.611166767521,0,0,0,0,0,0,0,0,0,0,0,0,1.67131150340374,3.26795277963108,0.942189388557585,1.57098681191769,0,0,0,0,0,0,0,0,0,0,5036.30104650703,4187.02316267044,880.384882254749,1765.837401837,546.610903849609,1002.86782173307,0,0,193.502740104631,160.872125668542,33.9284420137183,68.0605363074446,21.0610981343112,38.6401051394295,0,0,23551.9747181574,19499.0068825924,4561.79308651248,8940.68424343118,3135.40944667249,5469.43218838705,0,0,904.898062130704,749.183256875494,177.417805810044,348.404895836636,123.013130671962,214.941428222497,0,0,0,0,8.62941927200996,17.3498343484283,6.29393584235244,11.0603374496771,0,0,0,0,0,0,0,0,0,0,325.769752945719,289.779568463937,297.491245973436,632.7050358916,335.051531986176,672.022267851596,0,0,12.5165853370218,11.1337947980026,11.4132867776797,24.265933539538,12.8227612189551,25.7148703504966,0,0,291.292211255529,258.578955178335,323.05380415726,718.173667232697,414.24661837955,837.984870936891,0,0,11.1918999997591,9.93501745614419,12.3908033495768,27.5357548755337,15.8502780579164,32.0556180385221,0,0,0,0,49.3869038717355,113.350221615641,56.0494100775439,105.285640553689,0,0,0,0,0,0,0,0,0,0,357.190965448491,169.029002147989,731.003391354064,664.882497741906
"142",2001,2786,11.75,4423.91209748697,3707.53952770175,1008.74193804153,1924.41024476206,487.709783848228,809.655039130959,0,0,0,0,0,0,0,0,0,0,0,0,1.66889324463134,3.263106224088,0.941405628512976,1.57035176884954,0,0,0,0,0,0,0,0,0,0,5065.15989036904,4205.46631833287,887.999210656664,1781.6274035905,553.68787111998,1017.30372576644,0,0,194.611543035986,161.58074120282,34.2219385330002,68.6692703665087,21.3337883651463,39.1963382144552,0,0,23499.08013539,19428.9275888131,4561.61659433024,8942.24503094667,3148.5437193736,5499.86883247516,0,0,902.865856773776,746.490694819407,177.413603595802,348.474582203667,123.532463453265,216.145813677663,0,0,0,0,8.64194448663749,17.3801905218402,6.32880756373134,11.1373383569214,0,0,0,0,0,0,0,0,0,0,327.331227607821,290.743319830792,299.878614062638,638.007473812522,339.233689364565,681.382377556126,0,0,12.5765798135183,11.1708236613394,11.5051741333698,24.4699576093389,12.9833062681708,26.0740461847263,0,0,289.994741064577,257.06315064651,323.606830204492,719.582686347846,416.611340146652,843.936048233574,0,0,11.1420494252933,9.87677780959279,12.4123138135837,27.5904749354539,15.9413117808779,32.2844494956658,0,0,0,0,49.4844779392903,113.659714584165,56.3987148602354,106.094704634666,0,0,0,0,0,0,0,0,0,0,360.62242017227,170.561103688386,744.0713468623,678.254167238218
"143",2001,2786,11.8333333333333,4403.10060743788,3686.99050974433,1006.70871660384,1920.39457943242,486.867860310738,808.583799446559,0,0,0,0,0,0,0,0,0,0,0,0,1.6663325832714,3.25797010183648,0.940499681692647,1.56949890339009,0,0,0,0,0,0,0,0,0,0,5094.10353544891,4223.94242723448,895.624355113852,1797.43457883773,560.797379616423,1031.83277307871,0,0,195.723604165742,162.290622853246,34.5158535251216,69.2786696919511,21.6077329524493,39.7561609177229,0,0,23446.5431047726,19359.3950937154,4561.32081533786,8943.51940509157,3161.49841997708,5530.05661057563,0,0,900.847388369007,743.819141680825,177.404637078687,348.532814184448,124.044652138584,217.34025607773,0,0,0,0,8.65434485829811,17.4101786238786,6.36343536481485,11.2140833028103,0,0,0,0,0,0,0,0,0,0,328.900161550784,291.714350686646,302.271394495597,643.322096617118,343.433014450473,690.80779887475,0,0,12.6368608864917,11.208132214344,11.5972737077488,24.6744601417202,13.1445194886273,26.4357462527094,0,0,288.721167103978,255.571948249165,324.146283985873,720.954240834851,418.950568475024,849.848064797062,0,0,11.0931169750885,9.81948341669159,12.4333066963623,27.6437666734611,16.0313783490831,32.5118035844952,0,0,0,0,49.5779650248844,113.959097442672,56.7431364508502,106.896413741803,0,0,0,0,0,0,0,0,0,0,364.070322510134,172.098311599154,757.287325645545,691.792219240346
"144",2001,2786,11.9166666666667,4382.27784861206,3666.53196214365,1004.58672072239,1916.20457313563,485.961740905306,807.39819773491,0,0,0,0,0,0,0,0,0,0,0,0,1.66362862020586,3.25254317439487,0.93947205972932,1.56842885037734,0,0,0,0,0,0,0,0,0,0,5123.12847874687,4242.44936891745,903.259158992337,1813.25645359309,567.938171258058,1046.45310673361,0,0,196.838788903047,163.001689148438,34.810142400199,69.8886389327984,21.8828834925807,40.3195018044037,0,0,23394.3618753561,19290.4058477176,4560.90866233981,8944.51337035786,3174.27411492513,5559.99480001574,0,0,898.842589642161,741.168461078988,177.391020464025,348.57982594236,124.54971630926,218.52472088456,0,0,0,0,8.66661233516366,17.4397870212519,6.39781874528019,11.2905688625724,0,0,0,0,0,0,0,0,0,0,330.476417645696,292.69236926432,304.669288683674,648.648064853709,347.649366330571,700.297599046167,0,0,12.6974232872324,11.2457092468541,11.6895739744318,24.8794088092083,13.3063954837815,26.7999349804195,0,0,287.470966706619,254.105018524398,324.672429004785,722.289113773777,421.2640384545,855.720652149164,0,0,11.0450825675768,9.76312161898169,12.4537919510351,27.6956597411158,16.1204674229118,32.7376696098806,0,0,0,0,49.6674248053349,114.248458415928,57.082630859501,107.690631908886,0,0,0,0,0,0,0,0,0,0,367.534750130088,173.640663529562,770.651883086848,705.4976663442
"145",2002,2786,12,4362.0396148017,3646.2908976362,1002.97846167768,1912.78842329403,484.966420287517,805.954622079665,0,0,0,0,0,0,0,0,0,0,0,0,1.66080907703498,3.24666213479761,0.938266996208471,1.56685168092593,0,0,0,0,0,0,0,0,0,0,5152.09115935171,4260.71551256542,911.008776828044,1829.13488682644,575.067874022832,1060.95323107115,0,0,197.951581408114,163.703503598048,35.1088426307093,70.5007663694905,22.1576080972671,40.8782133926227,0,0,23342.5332144945,19221.1065836525,4561.24735159486,8946.09355194805,3186.68600733076,5588.65421134287,0,0,896.851336556986,738.505869111654,177.4060172639,348.648471752016,125.040398253844,219.658744220758,0,0,0,0,8.67861788921469,17.467614336443,6.43156766626876,11.3646770334836,0,0,0,0,0,0,0,0,0,0,332.03648459318,293.591203787951,307.064074801011,653.840489749701,351.800315877787,709.339887177073,0,0,12.7573636750297,11.2802439013266,11.781760414721,25.0792482261553,13.4657791579597,27.1470222102329,0,0,286.237214671634,252.646733533082,325.184156633802,723.533108954309,423.526668769163,861.385581914729,0,0,10.9976801258582,9.70709196601872,12.4737273224964,27.744076441296,16.2076189777294,32.9556108132032,0,0,0,0,49.7514565128237,114.517319788843,57.4137273860248,108.457132340961,0,0,0,0,0,0,0,0,0,0,371.046584000331,175.27191428596,784.284607137433,720.120661713526
"146",2002,2786,12.0833333333333,4341.89329247606,3626.17577023983,1001.36417028156,1909.33370954724,483.913861215255,804.391640633859,0,0,0,0,0,0,0,0,0,0,0,0,1.65802199869837,3.24077437431917,0.936937807131032,1.56502387360546,0,0,0,0,0,0,0,0,0,0,5181.04578351859,4278.91053730775,918.769263094652,1845.00254861176,582.205715272824,1075.47662283332,0,0,199.06406437195,164.402585545573,35.4079638756822,71.1124833467443,22.4326484396081,41.4378254976943,0,0,23291.1075769551,19152.2660276817,4561.59819531977,8947.5336433917,3198.91046876633,5616.92909172205,0,0,894.875567506019,735.860901479057,177.421315268096,348.711259244151,125.523610165681,220.777456941204,0,0,0,0,8.69076706321246,17.4953483494982,6.46501443591762,11.4381848486188,0,0,0,0,0,0,0,0,0,0,333.600850438193,294.487762735924,309.46678735807,659.035019542096,355.960343398371,718.39470084593,0,0,12.8174692324104,11.3146911245923,11.8742555753811,25.2791793849196,13.625521035036,27.494612517394,0,0,285.028740485304,251.210235396438,325.687815014758,724.737737605481,425.761301885265,866.966874523361,0,0,10.9512488926884,9.65189939913562,12.4933558433419,27.7909908007942,16.2937068485097,33.1703709178725,0,0,0,0,49.8315197029685,114.775039534944,57.7394135991747,109.212883059829,0,0,0,0,0,0,0,0,0,0,374.57965592089,176.92090243003,798.08375824957,735.027441711415
"147",2002,2786,12.1666666666667,4321.75047635602,3606.16803768423,999.654173821218,1905.70025888441,482.808709598688,802.73251492478,0,0,0,0,0,0,0,0,0,0,0,0,1.65524342014177,3.23487275660808,0.935497417481478,1.56299593912037,0,0,0,0,0,0,0,0,0,0,5210.01499334219,4297.07719731888,926.525015109357,1860.85335664829,589.358387217501,1090.05483851677,0,0,200.177107740042,165.100577674765,35.7069067645652,71.7235585930859,22.7082620180011,41.9995533988739,0,0,23240.080815,19084.0082997474,4561.8308158065,8948.70577513717,3210.97603764373,5644.97441722113,0,0,892.915123100573,733.238327069744,177.431916654211,348.76334760043,126.000470472115,221.88694616468,0,0,0,0,8.70303744332037,17.5231367234373,6.49822095987898,11.511411918489,0,0,0,0,0,0,0,0,0,0,335.172701509319,295.394658450934,311.877812095864,664.251605736446,360.140749978974,727.536296403178,0,0,12.8778623830605,11.3495355030433,11.9670739907261,25.4799669895365,13.7860535278074,27.8455475043269,0,0,283.845784328285,249.797463424517,326.183824022837,725.912411457808,427.971633666173,872.491375161093,0,0,10.9057980962974,9.59761842972397,12.5126934220245,27.836763247411,16.3788722632314,33.3829765354005,0,0,0,0,49.9079343377033,115.023379338348,58.060171097652,109.960803290432,0,0,0,0,0,0,0,0,0,0,378.129374687727,178.574947889437,812.032033559383,750.105832685611
"148",2002,2786,12.25,4301.61260420129,3586.26733499171,997.85112593865,1901.89283708077,481.651158358147,800.977680503864,0,0,0,0,0,0,0,0,0,0,0,0,1.65244603442448,3.2289110767103,0.933949223101482,1.56077282004914,0,0,0,0,0,0,0,0,0,0,5239.00336304954,4315.22040885641,934.277190573251,1876.68935856708,596.527007521857,1104.68938752354,0,0,201.290887261509,165.797668876103,36.005715426553,72.3340701255654,22.9844916051082,42.5634547525228,0,0,23189.4452234589,19016.3246072033,4561.94714599963,8949.61369253951,3222.88209517038,5672.78768268717,0,0,890.969707297323,730.637808055967,177.437897276987,348.80488341778,126.470953741808,222.98710982884,0,0,0,0,8.71537505749562,17.5508930565468,6.53118930525059,11.5843568436374,0,0,0,0,0,0,0,0,0,0,336.751637642351,296.311167695917,314.296109793142,669.487503196366,364.340123725067,736.759549141913,0,0,12.9385277520376,11.3847492487539,12.060175666959,25.6815055057914,13.9473224617118,28.1996309034318,0,0,282.687365699399,248.407989178271,326.67204426264,727.057853204398,430.157479797292,877.961523830399,0,0,10.8612900644202,9.54423259646427,12.5317345667725,27.8814211397567,16.4631079445105,33.5935205535572,0,0,0,0,49.9807835898061,115.262473916059,58.3759621900389,110.700769424401,0,0,0,0,0,0,0,0,0,0,381.695817616801,180.234106595509,826.130097067649,765.357262738352
"149",2002,2786,12.3333333333333,4281.48135312756,3566.47349733462,995.957685679943,1897.91624210478,480.441475228284,799.127689992086,0,0,0,0,0,0,0,0,0,0,0,0,1.64960795582567,3.22285221559919,0.932295875207941,1.55835847860698,0,0,0,0,0,0,0,0,0,0,5268.01410822311,4333.34393103674,942.026565613845,1892.5118917643,603.712291163205,1119.38125909481,0,0,202.405526484169,166.494003580851,36.3044193696991,72.9440687430409,23.2613645267728,43.1295672740261,0,0,23139.1940824965,18949.2070402075,4561.94925554828,8950.26142636588,3234.62821832438,5700.36670633211,0,0,889.039061910942,728.05904052874,177.439338311858,348.836024456708,126.935042224045,224.07785858072,0,0,0,0,8.7277362320802,17.5785473513767,6.56392079956186,11.6570175590381,0,0,0,0,0,0,0,0,0,0,338.337301027376,297.236632132822,316.720779926664,674.740285637639,368.557251514601,746.059886044293,0,0,12.9994515917184,11.4203070673226,12.1535259378792,25.8837016399796,14.1092812848347,28.5566875772711,0,0,281.552587245736,247.041409138737,327.152345514902,728.174713233594,432.318673721762,883.379428842294,0,0,10.8176903194759,9.49172639550651,12.5504741327012,27.9249890531223,16.5464072821375,33.8020831468769,0,0,0,0,50.0501423771465,115.49244701392,58.6867537352573,111.432665367503,0,0,0,0,0,0,0,0,0,0,385.279057910933,181.898430519028,840.378562378095,780.783067573927
"150",2002,2786,12.4166666666667,4261.35859212221,3546.78651986803,993.976511005373,1893.77528969125,479.179994247079,797.183200032474,0,0,0,0,0,0,0,0,0,0,0,0,1.64671151354589,3.21666616313782,0.930539519957058,1.5557562114305,0,0,0,0,0,0,0,0,0,0,5297.04936530926,4351.45060436588,949.773617710351,1908.32173786596,610.914635669502,1134.13102472096,0,0,203.52110749371,167.189690925792,36.6030366579491,73.5535839447214,23.5388959289794,43.6979126604674,0,0,23089.3214539059,18882.6483942957,4561.83931113785,8950.6532154983,3246.2141423457,5727.7095747543,0,0,887.122958787413,725.501747680824,177.436324721153,348.856936647064,127.392724394665,225.159113642837,0,0,0,0,8.74008517704021,17.6060422266197,6.59641624454159,11.7293915537308,0,0,0,0,0,0,0,0,0,0,339.929366065436,298.170446626778,319.151027963436,680.00777819404,372.791065357094,755.433178487919,0,0,13.0606213920762,11.4561857084987,12.2470942085841,26.0864717497906,14.2718890102941,28.9165594074378,0,0,280.440620476191,245.697337846487,327.624609065818,729.263584666499,434.455071802532,888.746926006675,0,0,10.7749670296597,9.44008501687718,12.5689074129262,27.9674893597777,16.6287645341341,34.008734047281,0,0,0,0,50.1160794317419,115.713414393605,58.9925164820577,112.156381614574,0,0,0,0,0,0,0,0,0,0,388.879165270706,183.567968194759,854.778002009508,796.384504644646
"151",2002,2786,12.5,4241.24636344798,3527.20654197799,991.910254906374,1889.47480559716,477.867113782516,795.144968450254,0,0,0,0,0,0,0,0,0,0,0,0,1.64374278334476,3.21032924831782,0.928681890586443,1.55296877293994,0,0,0,0,0,0,0,0,0,0,5326.11029998411,4369.5424434733,957.518558375311,1924.11918317553,618.134154424997,1148.93887523969,0,0,204.637675077271,167.884808316212,36.9015751632429,74.1626262462594,23.8170900542328,44.2684980110053,0,0,23039.8221023942,18816.642102523,4561.61955909469,8950.79347376169,3257.63974721134,5754.81462468772,0,0,885.221196779715,722.965677199493,177.428944582681,348.867792807371,127.843994436156,226.230806113387,0,0,0,0,8.75239305757453,17.6333314553184,6.62867599362109,11.8014759506392,0,0,0,0,0,0,0,0,0,0,341.527535209614,299.112054908995,321.586152496619,685.288031394779,377.040620862746,764.875700690154,0,0,13.1220257208879,11.492363799545,12.3408534613567,26.2897408450965,14.4351093899614,29.2791037016471,0,0,279.350700773707,244.375405229669,328.088728902658,730.325009353282,436.566555534126,894.06560207142,0,0,10.7330908173059,9.38929424181809,12.5870301853216,28.0089424608037,16.7101749129458,34.2135334437028,0,0,0,0,50.1786581046992,115.92548504847,59.2932249057539,112.871815085579,0,0,0,0,0,0,0,0,0,0,392.496206051332,185.242764868715,869.328950110687,812.162757602689
"152",2002,2786,12.5833333333333,4221.14685494595,3507.73382400529,989.761561063832,1885.01961621919,476.50329186602,793.013847208255,0,0,0,0,0,0,0,0,0,0,0,0,1.64069089678334,3.20382300143885,0.926724437132647,1.54999854738068,0,0,0,0,0,0,0,0,0,0,5355.19726856563,4387.62077446112,965.261381273235,1939.90410790209,625.370726583674,1163.80467950942,0,0,205.755242925159,168.579406703075,37.2000344091244,74.7711905987706,24.0959421548531,44.841318074242,0,0,22990.6913782895,18751.1821336333,4561.29230196924,8950.68674439808,3268.90503622627,5781.68041187314,0,0,883.333597241263,720.450597354049,177.417288184395,348.868770882205,128.288851409238,227.29287576163,0,0,0,0,8.7646366296529,17.6603778156822,6.66070006678965,11.8732676222058,0,0,0,0,0,0,0,0,0,0,343.131533075221,300.060942772038,324.025526630828,690.579282379833,381.305067017363,774.384066573213,0,0,13.1836539974389,11.5288215837887,12.4347795406667,26.4934410987957,14.5989097548152,29.6441907742697,0,0,278.282119230505,243.075252953821,328.544612743425,731.359486700186,438.653033415793,899.336830436341,0,0,10.6920344451844,9.33934030254052,12.6048387531168,28.0493671268847,16.7906346591541,34.4165333521645,0,0,0,0,50.2379375299356,116.128762903335,59.5888568661901,113.578868674728,0,0,0,0,0,0,0,0,0,0,396.130243570095,186.922862787522,884.031907166278,828.118944142491
"153",2002,2786,12.6666666666667,4201.06237848729,3488.368729239,987.533060331951,1880.4145410043,475.089042515591,790.790776902594,0,0,0,0,0,0,0,0,0,0,0,0,1.63754751840098,3.1971332886289,0.92466841855979,1.54684767188077,0,0,0,0,0,0,0,0,0,0,5384.309941813,4405.68634008906,973.001899034782,1955.67605423586,632.624035478025,1178.72802918057,0,0,206.873798387415,169.273514624398,37.4984069813002,75.3792589974326,24.3754399654846,45.4163569631914,0,0,22941.9251278795,18686.2629141745,4560.85988070624,8950.33766532172,3280.01011973728,5808.30568727304,0,0,881.460000581008,717.956294003348,177.401447334848,348.860052596753,128.727298622982,228.345270108589,0,0,0,0,8.77679722044592,17.6871514790407,6.69248823250256,11.9447632707307,0,0,0,0,0,0,0,0,0,0,344.741101963766,301.016632777727,326.468584029781,695.879925367777,385.58362389887,783.955180563072,0,0,13.2454963205463,11.5655407172905,12.5288506172446,26.6975107129044,14.7632601598761,30.0117020607112,0,0,277.234216345095,241.796531845255,328.992182524262,732.367480507485,440.714441538742,904.561799657857,0,0,10.6517725743304,9.2902097832273,12.6223299644628,28.0887807623662,16.8701410654779,34.6177787092498,0,0,0,0,50.2939734867544,116.323348079581,59.8793933598457,114.27745093504,0,0,0,0,0,0,0,0,0,0,399.781338321981,188.608301421344,898.887343245361,844.254121961024
"154",2002,2786,12.75,4180.99535200124,3469.11170899591,985.22736784121,1875.66438609824,473.624932450365,788.476781867289,0,0,0,0,0,0,0,0,0,0,0,0,1.63430642779831,3.19024961444239,0.922514968266031,1.54351812504404,0,0,0,0,0,0,0,0,0,0,5413.44740620496,4423.73938574191,980.739773105359,1971.43428135297,639.893599970472,1193.70827501466,0,0,207.993306365092,169.967141508256,37.7966796713797,75.9868025893335,24.655564905319,45.9935895466664,0,0,22893.5196203814,18621.8792648229,4560.3246605249,8949.7509414202,3290.95520191887,5834.68937748915,0,0,879.600263457489,715.482568149305,177.381514816744,348.841822383427,129.159343123531,229.387943670341,0,0,0,0,8.78885993016417,17.7136287397809,6.72404006638523,12.0159594833029,0,0,0,0,0,0,0,0,0,0,346.355998277864,301.978679811306,328.914807935587,701.188487776435,389.875565706055,793.586196567998,0,0,13.3075433308139,11.6025040980289,12.623046766292,26.9018930016998,14.9281327328738,30.3815285452071,0,0,276.206376748559,240.538900029953,329.431374398696,733.349424625138,442.750743033878,909.74153805543,0,0,10.61228156142,9.24188954852643,12.6395012131231,28.127199623667,16.9486924568437,34.8173083159377,0,0,0,0,50.3468190646189,116.509337870841,60.1648183247745,114.967475834253,0,0,0,0,0,0,0,0,0,0,403.449548142876,190.299117654788,913.895700337773,860.569293700247
"155",2002,2786,12.8333333333333,4160.948283602,3449.96328953317,982.847080451498,1870.77393869699,472.111578021179,786.072965606474,0,0,0,0,0,0,0,0,0,0,0,0,1.63096315891296,3.18316451836761,0.920265148220951,1.54001180026427,0,0,0,0,0,0,0,0,0,0,5442.60825217155,4441.77973415703,988.474539648118,1987.17781313357,647.178801797803,1208.74455883738,0,0,209.113712700257,170.660280543936,38.0948344694698,76.5937835021609,24.9362931267929,46.5729826735249,0,0,22845.4714845327,18558.0263450267,4559.68901886681,8948.93132076874,3301.74056925867,5860.83056743883,0,0,877.754256342601,713.029233809982,177.357583920251,348.814266459548,129.584995248381,230.420857288585,0,0,0,0,8.80081294761523,17.7397909244211,6.7553550010974,12.0868527772361,0,0,0,0,0,0,0,0,0,0,347.975989450118,302.946667154008,331.363721806589,706.503609543507,394.180206553533,803.274481830356,0,0,13.3697860926353,11.6396957150017,12.7173496078593,27.1065355977334,15.0935011290683,30.7535693753853,0,0,275.198024528883,239.302021452736,329.86213854882,734.305727895044,444.761927129882,914.876935626848,0,0,10.5735392791238,9.19436668665512,12.6563504318523,28.1646390101384,17.0262881553503,35.0151556781383,0,0,0,0,50.3965252283715,116.686827569585,60.4451184694954,115.648862542354,0,0,0,0,0,0,0,0,0,0,407.134928343813,191.995345957601,929.057394248961,877.065411270335
"156",2002,2786,12.9166666666667,4140.92375790692,3430.92406085843,980.394774581075,1865.74796215313,470.54964237721,783.580506586056,0,0,0,0,0,0,0,0,0,0,0,0,1.62751470148521,3.17587307258869,0.917919989560715,1.53633056114302,0,0,0,0,0,0,0,0,0,0,5471.79064851952,4459.80684836472,996.205631200912,2002.90547800932,654.47890854378,1223.83584054816,0,0,210.234947035537,171.352911100202,38.3928493941142,77.2001563713495,25.2175963967936,47.1544962076575,0,0,22797.7776553813,18494.6996063879,4558.95533557586,8947.88357507937,3312.36658090952,5886.72848556962,0,0,875.921861477179,710.596116228466,177.329748062406,348.777572068561,130.004268252721,231.443977559325,0,0,0,0,8.81264699206738,17.7656234981781,6.7864323649817,12.1574396335038,0,0,0,0,0,0,0,0,0,0,349.600851418077,303.920203099822,333.814881707102,711.824025882851,398.496889305199,813.017585993316,0,0,13.4322159971776,11.6771005182369,12.8117420145123,27.3113897897645,15.2593401026487,31.1277306766822,0,0,274.208619193646,238.085564793039,330.284438779774,735.236778341437,446.748007759231,919.968763216936,0,0,10.535524960987,9.14762846774208,12.6728760773669,28.2011134258908,17.1029284277405,35.2113497418142,0,0,0,0,50.443141272073,116.85591112857,60.7202831303851,116.321535257175,0,0,0,0,0,0,0,0,0,0,410.837531814227,193.697018534184,944.372816003147,893.743379519303
"157",2003,2786,13,4120.97358609677,3412.01916767448,977.905214495114,1860.64370961132,468.937075452789,780.991943262215,0,0,0,0,0,0,0,0,0,0,0,0,1.6239547965189,3.16835536958827,0.915475103059542,1.53245913646564,0,0,0,0,0,0,0,0,0,0,5500.98697766685,4477.80833046713,1003.93546934888,2018.61525830243,661.78917153456,1238.96706779811,0,0,211.35671669125,172.044556829994,38.690816972415,77.8058419643586,25.4992917472856,47.7375501491291,0,0,22750.4526487028,18431.8724487544,4558.16001009452,8946.64660070287,3322.81411691931,5912.31660095971,0,0,874.103636588601,708.18219338368,177.299401375849,348.733209787227,130.416410846881,232.454685584741,0,0,0,0,8.82432944624582,17.7910170817884,6.81723127967402,12.2275802198186,0,0,0,0,0,0,0,0,0,0,351.228047846323,304.89395424766,336.265826187447,717.13825355436,402.81555369942,822.77669289908,0,0,13.4947355944558,11.7145135899296,12.9061294648187,27.516014883614,15.4252643302855,31.5025262029106,0,0,273.237281863489,236.888528381353,330.697516384078,736.139273019887,448.706375006045,925.007329702932,0,0,10.4982048391941,9.10163640603682,12.6890488969942,28.2364958313167,17.1785130900045,35.4055190191328,0,0,0,0,50.4865657636962,117.016026626093,60.9899438717267,116.984116598777,0,0,0,0,0,0,0,0,0,0,414.560579663248,195.409375137001,959.855588516903,910.655759375824
"158",2003,2786,13.0833333333333,4102.0281503296,3393.71493116944,975.981516459738,1856.44757071834,467.229294920091,778.155030825997,0,0,0,0,0,0,0,0,0,0,0,0,1.62030484134981,3.1604799938644,0.912832367752155,1.52808236066771,0,0,0,0,0,0,0,0,0,0,5530.0462315523,4495.52506358177,1011.71085455233,2034.27023184492,669.021411765302,1253.84812440185,0,0,212.473219696194,172.725262048313,38.9905293029368,78.4093963643892,25.7779829826045,48.3109689949462,0,0,22703.8539596487,18369.1499794912,4557.94754414046,8945.87617817712,3332.72908846142,5936.37275795383,0,0,872.31331733898,705.77229285968,177.291199389127,348.705877737747,130.807519509767,233.404918121198,0,0,0,0,8.83553628118792,17.8143965669671,6.84699748326946,12.2947002536973,0,0,0,0,0,0,0,0,0,0,352.814923520019,305.776804988927,338.680807503748,722.260362806499,406.964684208505,831.883601556208,0,0,13.5557060042394,11.7484341225907,12.9991405522899,27.7132782807541,15.5847055613433,31.8523709853789,0,0,272.278948293662,235.698546918525,331.09088191849,736.948665177414,450.587405216334,929.786961135213,0,0,10.4613843376315,9.05591540695105,12.7044664706252,28.2683104169511,17.2511419354669,35.5897900032257,0,0,0,0,50.5241657448416,117.15523874329,61.2474647712779,117.612158930383,0,0,0,0,0,0,0,0,0,0,418.363530874737,197.230348597324,975.752244678415,928.773905521188
"159",2003,2786,13.1666666666667,4083.11637472982,3375.53128186023,973.980496394603,1852.1132120169,465.486622880659,775.251482465954,0,0,0,0,0,0,0,0,0,0,0,0,1.61672559814724,3.15271875602918,0.910104267252642,1.5235486418798,0,0,0,0,0,0,0,0,0,0,5559.03901292735,4513.15408311613,1019.46281026994,2049.8660431295,676.242927880672,1268.73143032491,0,0,213.587168720988,173.402597170609,39.2893432279614,79.0106796035543,26.0562638663331,48.8844799422027,0,0,22657.6681186887,18307.0026973043,4557.64395791029,8944.90179685238,3342.50769633214,5960.21385730811,0,0,870.538859575266,703.384491979607,177.279383115724,348.670384835626,131.193140650232,234.346443535595,0,0,0,0,8.84687617363367,17.8378967406148,6.87652487495117,12.3614891917844,0,0,0,0,0,0,0,0,0,0,354.408151338674,306.669064878535,341.102155808393,727.400205774836,411.135061334922,841.077159415541,0,0,13.6169204724535,11.7827161698415,13.0923990873455,27.9112297952495,15.7449690565844,32.2055530111988,0,0,271.342638048516,234.529501195593,331.48176129209,737.741464558388,452.443618056003,934.504817047273,0,0,10.4254100022177,9.01099879268878,12.7197893970027,28.2994909551768,17.322825296613,35.7717081304253,0,0,0,0,50.5590373342329,117.286788321509,61.5000201346501,118.231522433313,0,0,0,0,0,0,0,0,0,0,422.183652232158,199.056613307763,991.800410321185,947.074871180861
"160",2003,2786,13.25,4064.23918892153,3357.46738022434,971.904559426392,1847.64486853355,463.709259843893,772.281901838633,0,0,0,0,0,0,0,0,0,0,0,0,1.61318439401607,3.14501561747026,0.907295477347277,1.51886513761855,0,0,0,0,0,0,0,0,0,0,5587.97436224976,4530.70408950329,1027.19393991246,2065.40795906873,683.456540659182,1283.6214290229,0,0,214.698911114477,174.076896481435,39.587358382103,79.6098932697304,26.334242505174,49.4582531740235,0,0,22611.8842317768,18245.4194700689,4557.2500847695,8943.72488490399,3352.1486252264,5983.83639013324,0,0,868.779844733578,701.018363029184,177.263985736869,348.626788575046,131.573223372085,235.279123725212,0,0,0,0,8.85829551878049,17.8614261946836,6.90581463916601,12.4279442274526,0,0,0,0,0,0,0,0,0,0,356.007092403455,307.569839112605,343.528481651888,732.554205762932,415.323726475354,850.349157927155,0,0,13.6783544515932,11.8173253518848,13.1858516106131,28.1097319064014,15.905941278549,32.5617576106083,0,0,270.427283822851,233.38085020203,331.869628520605,738.517651314534,454.275460307385,939.164844510121,0,0,10.3902408255211,8.96686577675481,12.734997363207,28.3300363659847,17.3935800230899,35.9514239625449,0,0,0,0,50.5912493667417,117.410804885408,61.7475960945575,118.84212972653,0,0,0,0,0,0,0,0,0,0,426.021016943859,200.888225163918,1008.00081097941,965.560203126064
"161",2003,2786,13.3333333333333,4045.3978215775,3339.5225964758,969.756170569815,1843.04690525177,461.897499830529,769.247041777754,0,0,0,0,0,0,0,0,0,0,0,0,1.60965468292686,3.13732488516347,0.904409725983122,1.51403773862125,0,0,0,0,0,0,0,0,0,0,5616.85930756503,4548.18210463638,1034.90621845765,2080.90003104878,690.664424165695,1298.52162252432,0,0,215.808716905406,174.748429773153,39.8846503099106,80.2071923575909,26.6120022099416,50.0324227939608,0,0,22566.4927175516,18184.3901953062,4556.76707284036,8942.34753251878,3361.65094078358,6007.2374889122,0,0,867.03590468567,698.673517854757,177.24505267264,348.57517227331,131.947731701907,236.202845777645,0,0,0,0,8.86975078289563,17.8849106430443,6.93486775893812,12.4940627616893,0,0,0,0,0,0,0,0,0,0,357.611178797057,308.478317166937,345.958604666978,737.719261342715,419.528163239221,859.692345303537,0,0,13.7399861213773,11.8522305270837,13.2794526941375,28.3086653423501,16.0675256484898,32.9207067806128,0,0,269.531919397397,232.252094094478,332.25400679282,739.277205118722,456.083301098203,943.770464524833,0,0,10.3558396839891,8.92349715436255,12.7500719390055,28.3599455409473,17.4634199758283,36.1290678929104,0,0,0,0,50.6208649295052,117.527411774996,61.9901859952814,119.443916367195,0,0,0,0,0,0,0,0,0,0,429.875683607145,202.725232493536,1024.35400427355,984.231213759265
"162",2003,2786,13.4166666666667,4026.59376436921,3321.69652522007,967.537806276403,1838.32372844661,460.05170697359,766.147761637399,0,0,0,0,0,0,0,0,0,0,0,0,1.60611511413258,3.12960968467015,0.901449985225897,1.50907130406317,0,0,0,0,0,0,0,0,0,0,5645.69914199244,4565.59368962604,1042.60108369188,2096.34526329134,697.868196860303,1313.4347024871,0,0,216.916789463884,175.417410712527,40.181273962096,80.802691718535,26.8896049855325,50.607091846307,0,0,22521.4852795542,18123.9058848908,4556.19628807438,8940.77229009981,3371.01398173322,6030.41476075975,0,0,865.30672067114,696.349611117928,177.222637793421,348.515637139069,132.316640318284,237.11751533972,0,0,0,0,8.88120682187349,17.9082900735841,6.96368496111212,12.55984225801,0,0,0,0,0,0,0,0,0,0,359.219905176712,309.393766663731,348.391519010378,742.892679225977,423.746230272016,869.100337802003,0,0,13.8017960657379,11.8874035563108,13.373163615642,28.5079265062238,16.2296399733131,33.2821557914331,0,0,268.655676127164,231.142774633563,332.63446755694,740.02010388043,457.867442817494,948.324610102185,0,0,10.322173203023,8.88087531921712,12.7649965439808,28.3892172992345,17.532356451994,36.3047516182686,0,0,0,0,50.6479413955856,117.636724503698,62.2277875539643,120.036826078113,0,0,0,0,0,0,0,0,0,0,433.747704937653,204.567678953511,1040.86046476367,1003.08908300593
"163",2003,2786,13.5,4007.82871549353,3303.98893813003,965.25194513294,1833.47976619216,458.172306176091,762.985012732879,0,0,0,0,0,0,0,0,0,0,0,0,1.60254844772375,3.12184015948058,0.898418695129678,1.50396996286462,0,0,0,0,0,0,0,0,0,0,5674.49777495196,4582.94324010707,1050.27955047261,2111.74583284568,705.069032620158,1328.3627024997,0,0,218.023278996077,176.084008186876,40.477268074735,81.3964744919262,27.1670957850746,51.1823381488645,0,0,22476.8546488992,18063.9584460791,4555.53925892026,8939.00205796934,3380.23730888685,6053.36620660126,0,0,863.592013410514,694.046331882303,177.196801281164,348.448298004029,132.679932575814,238.023053482305,0,0,0,0,8.89263500109384,17.9315155923262,6.99226677539522,12.6252802431456,0,0,0,0,0,0,0,0,0,0,360.832815723107,310.315519943881,350.826352989163,748.07208896498,427.976076688613,878.567460472666,0,0,13.8637667713774,11.9228187870348,13.4669508077611,28.707424200705,16.3922132016963,33.6458870814942,0,0,267.797765720491,230.052465181145,333.010627176269,740.746328834545,459.628142591731,952.82981201128,0,0,10.2892110953228,8.83898387919382,12.7797563207736,28.4178505863799,17.6003990115043,36.4785714290632,0,0,0,0,50.6725318217558,117.738852830787,62.4604022259188,120.620809743681,0,0,0,0,0,0,0,0,0,0,437.637128611927,206.415604136905,1057.52059928118,1022.13487901444
"164",2003,2786,13.5833333333333,3989.10455290831,3286.39976182608,962.901062129535,1828.51945697667,456.259779544035,759.759832708297,0,0,0,0,0,0,0,0,0,0,0,0,1.59894106446278,3.11399265508841,0.895317863189633,1.4987372489164,0,0,0,0,0,0,0,0,0,0,5703.25789144104,4600.23412002146,1057.94226328364,2127.10319014247,712.267711444044,1343.30706463328,0,0,219.128288663882,176.74835144423,40.7726571835407,81.9885959588329,27.4445044527037,51.7582168410782,0,0,22432.5944686111,18004.5405835973,4554.79764964548,8937.04003384501,3389.3206828617,6076.0901872634,0,0,861.891538661264,691.763399851553,177.16760859886,348.373281292652,133.037599644976,238.91939539143,0,0,0,0,8.9040123566479,17.9545480113855,7.02061355865112,12.690374304729,0,0,0,0,0,0,0,0,0,0,362.449498201566,311.242968273576,353.262350804094,753.255404673077,432.216103333626,888.088675498375,0,0,13.9258823995891,11.9584528307282,13.5607851567646,28.9070781580568,16.5551839377455,34.0117075097556,0,0,266.957472896649,228.980766275538,333.382145597015,741.455867146112,461.365622065953,957.288238339961,0,0,10.2569258787804,8.79780748633088,12.7943380849291,28.4458445764004,17.6675558538942,36.6506097283878,0,0,0,0,50.694685574411,117.833901715434,62.6880349730997,121.195825099172,0,0,0,0,0,0,0,0,0,0,441.543997567104,208.269043794555,1074.33475307605,1041.36956655189
"165",2003,2786,13.6666666666667,3970.42329902514,3268.92904859267,960.4876223432,1823.44723661802,454.314660598986,756.47333652214,0,0,0,0,0,0,0,0,0,0,0,0,1.59528229843033,3.10604860582089,0.892149194822123,1.4933762777088,0,0,0,0,0,0,0,0,0,0,5731.98116861169,4617.46884300304,1065.58956709217,2142.41819514095,719.464689052851,1358.26873385779,0,0,220.23188290616,177.410537062422,41.0674543397123,82.579088760181,27.7218483908326,52.3347640000327,0,0,22388.6991354983,17945.6456654548,4553.97322592886,8934.88964417916,3398.26403255471,6098.58537350281,0,0,860.205081142404,689.500560213752,177.135129160384,348.290722365052,133.389639291546,239.806488432045,0,0,0,0,8.91532045786896,17.9773559336356,7.04872553031733,12.755122089463,0,0,0,0,0,0,0,0,0,0,364.069575924749,312.175553524907,355.698848178163,758.440772880775,436.464911129812,897.659482088595,0,0,13.9881284774515,11.9942842432233,13.6546410663711,29.1068170377174,16.7184984594572,34.3794445176971,0,0,266.134144820775,227.927299834985,333.748723626948,742.148714699371,463.08007965611,961.701749516977,0,0,10.2252924705538,8.75733161411774,12.8087302214776,28.4731987810811,17.733834290039,36.8209371432336,0,0,0,0,50.714449166366,117.921972562233,62.9106938856724,121.761836151205,0,0,0,0,0,0,0,0,0,0,445.468350485818,210.128030201941,1091.30321872802,1060.79401959134
"166",2003,2786,13.75,3951.78709361037,3251.57695405277,958.014075984155,1818.2675279795,452.337529702018,753.126709340073,0,0,0,0,0,0,0,0,0,0,0,0,1.59156393603751,3.0979936940133,0.888914183608899,1.48788986944748,0,0,0,0,0,0,0,0,0,0,5760.66843965537,4634.64920944207,1073.22156081493,2157.69122001645,726.660150029437,1373.24822971872,0,0,221.334093735461,178.070634215323,41.3616631593902,83.1679668327606,27.999134596926,52.911999385775,0,0,22345.163680883,17887.2676216289,4553.06782913597,8932.55449257879,3407.06743128268,6120.85070793812,0,0,858.532449951949,687.25757974869,177.099435335659,348.200763520273,133.736054952839,240.684290673639,0,0,0,0,8.92654457244329,17.9999143407875,7.07660279793548,12.8195212995147,0,0,0,0,0,0,0,0,0,0,365.692701708457,313.112761781092,358.135254536565,763.626533639211,440.721262812215,907.275839096939,0,0,14.0504916656009,12.0302932790147,13.7484957731581,29.3065769325123,16.8821092505312,34.7489431622782,0,0,265.327183081556,226.891705057667,334.110100234828,742.824877832385,464.771698879705,966.071941813689,0,0,10.1942878788371,8.71754239996681,12.8229225820696,28.4999131182762,17.799241063024,36.9896141935381,0,0,0,0,50.7318668603638,118.003164119231,63.1283898996192,122.318812751658,0,0,0,0,0,0,0,0,0,0,449.410222149489,211.992592442674,1108.42624253373,1080.40903089425
"167",2003,2786,13.8333333333333,3933.19817128446,3234.34371873892,955.482854336239,1812.98473244902,450.32901002267,749.72120030148,0,0,0,0,0,0,0,0,0,0,0,0,1.58777980858785,3.0898171613637,0.885614177335405,1.48228064002888,0,0,0,0,0,0,0,0,0,0,5789.31982838206,4651.77641891685,1080.83814094528,2172.92223299374,733.854051803838,1388.24570562669,0,0,222.434925908761,178.728688992652,41.6552794961207,83.75522862281,28.2763613497117,53.4899287124756,0,0,22301.9836729236,17829.4008608994,4552.08335570077,8930.038318138,3415.73107711966,6142.88537327951,0,0,856.873474814015,685.034243632501,177.060601652833,348.103552382397,134.076854976144,241.552769659608,0,0,0,0,8.93767300482972,18.0222034688422,7.10424537704665,12.8835696876934,0,0,0,0,0,0,0,0,0,0,367.318552947454,314.054117953238,360.57103897634,768.811189094345,444.984052381263,916.934099936325,0,0,14.1129595690359,12.0664616844265,13.8423288075004,29.5063001616841,17.0459738282181,35.1200636202634,0,0,264.536037021476,225.873635314193,334.466049698729,743.48437436812,466.440654286944,970.400184744855,0,0,10.1638909465982,8.67842652581793,12.8369063761483,28.5259879528587,17.8637825766845,37.1566927269013,0,0,0,0,50.7469811361936,118.07757316977,63.3411365626809,122.866730243877,0,0,0,0,0,0,0,0,0,0,453.369643724101,213.862756652917,1125.70402949436,1100.21532003362
"168",2003,2786,13.9166666666667,3914.65884198017,3217.22965218451,952.896366261888,1807.60322253691,448.289763856002,746.258116839357,0,0,0,0,0,0,0,0,0,0,0,0,1.58392544233808,3.08151121576995,0.882250431940138,1.47655107547987,0,0,0,0,0,0,0,0,0,0,5817.93486524355,4668.85116693986,1088.43903901546,2188.11087043969,741.046162782602,1403.26100068378,0,0,223.534361385266,179.384728117108,41.9482928770794,84.340859849703,28.5535196710818,54.0685456339101,0,0,22259.1551325776,17772.0401992383,4551.02173965102,8927.34495989272,3424.25527585912,6164.68876444266,0,0,855.228002849989,682.830352686314,177.018704121803,347.999240523164,134.412051958543,242.411901326866,0,0,0,0,8.94869653387398,18.0442078505352,7.13165320897894,12.9472650533621,0,0,0,0,0,0,0,0,0,0,368.946827398334,314.999181060755,363.005718476993,773.993376644904,449.252279280467,926.630955628772,0,0,14.1755205750893,12.1027725162784,13.9361215405829,29.7059342399344,17.2100537524333,35.4926790044167,0,0,263.760197915293,224.872755623828,334.816378828594,744.127234292318,468.087116090702,974.687654028717,0,0,10.134082127907,8.63997112117115,12.8506740648502,28.5514241238538,17.9274650740137,37.322217182727,0,0,0,0,50.7598330823968,118.145295108647,63.5489498280086,123.405569149598,0,0,0,0,0,0,0,0,0,0,457.346643004074,215.738546239435,1143.13674748551,1120.21354038243
"169",2004,2786,14,3896.1258279313,3200.11805670979,950.327597725134,1802.23147811777,445.898990543364,741.943092126516,0.33176611585948,0.784577681392675,0,0,0,0,0,0,0,0,0,0,1.58001771081137,3.07305106151771,0.878190841375853,1.46912773145204,0.000653671714478234,0.00155402849496302,0,0,0,0,0,0,0,0,5846.52629552071,4685.84922167353,1096.0432034532,2203.26488062429,747.698029638351,1416.77584533114,0.559668421644923,1.5072019077576,224.632889859051,180.037820562742,42.2414326642922,84.9251558820137,28.8098620204324,54.5893498223469,0.0215648092191712,0.0580735035759997,22216.6649022329,17714.9971784522,4549.99780659997,8924.56853285278,3430.16474797061,6179.62698829288,2.55497667420713,6.54139653177053,853.59552851892,680.638666043949,176.978180442445,347.891409321009,134.644482681801,243.00081844059,0.100292147834478,0.257229613297815,0,0,8.95971184654228,18.0657837536736,7.15366378058891,12.9966554448779,0.00533254121080054,0.0137675367356161,0,0,0,0,0,0,0,0,370.588597172807,315.937305771354,365.452480576318,779.157408634001,453.228222108853,935.31660214614,0.334945589934448,0.982596530846071,14.2386000917915,12.1388167638733,14.0303802213376,29.9048770090306,17.3629433846086,35.8265773150077,0.0128315534708065,0.0376374783807654,262.999406835269,223.887250341567,335.164497833002,744.747578690469,469.371991736445,977.883496288813,0.34982199134124,1.0356236317594,10.1048514744452,8.60210642603584,12.8643564248455,28.5759957955708,17.9773008117638,37.445946874098,0.0133984204292084,0.0396569238331854,0,0,50.7710292767701,118.205500466782,63.705837094848,123.802357232053,0.0474962879131678,0.131147382445714,0,0,0,0,0,0,0,0,461.328372707122,217.627375489736,1160.66671975742,1140.4818898455
"170",2004,2786,14.0833333333333,3877.43085752341,3182.68350770443,947.923947513049,1797.08245195471,442.419740237765,734.948430635615,1.76077942032142,4.16130391783598,0,0,0,0,0,0,0,0,0,0,1.57614378163749,3.06447036305057,0.871978166869889,1.45637895672183,0.00347758465418665,0.00825920103685363,0,0,0,0,0,0,0,0,5875.23725275494,4702.79731104104,1103.73122441134,2218.47207433343,752.553492893869,1425.20502670846,3.09114109429849,8.32786513050443,225.736010749671,180.688993259105,42.5377991287685,85.5114864871683,28.9969836113096,54.9141947991143,0.119106286872016,0.320878837007297,22174.3697391213,17657.7387106028,4549.25044802311,8921.87143273762,3427.62776756432,6172.02174046637,13.7239960410727,35.1430964419153,851.970548207498,678.438701611756,176.948261947695,347.786195138333,134.545193796524,242.702915838295,0.538752027062054,1.38201821030891,0,0,8.97101256464656,18.0867440861899,7.15809376455746,12.9986973109072,0.028778050212551,0.0743029247090339,0,0,0,0,0,0,0,0,372.268333880198,316.844651668681,367.942090710139,784.272358332365,456.189737914293,940.478665541552,1.7523929784227,5.14484069693364,14.3031383570483,12.1736784402754,14.1262860662134,30.1019416517431,17.4769764146495,36.0255185734871,0.0671344285110902,0.197072697045682,262.248126334241,222.906035110899,335.511743637729,745.309371167968,469.483518597993,977.450342268936,1.88347752241646,5.57326044882034,10.0759862288682,8.56440656169447,12.8780047065945,28.5983200097133,17.982196677651,37.4307116732688,0.0721403500831607,0.213421965717758,0,0,50.78176836987,118.255628272001,63.7025046338146,123.740829821725,0.25633489921092,0.707337423851807,0,0,0,0,0,0,0,0,465.284308142726,219.546796871976,1178.13146104907,1161.16043589157
"171",2004,2786,14.1666666666667,3858.7001221952,3165.30019110457,945.436197936345,1791.78674338117,438.959443231673,728.012618405458,3.14780673450328,7.43451251046558,0,0,0,0,0,0,0,0,0,0,1.57224522562896,3.05585638283937,0.865790736816905,1.44372093430413,0.00623105254333824,0.0147842213943421,0,0,0,0,0,0,0,0,5904.05285181021,4719.80144914196,1111.44695267362,2233.72167572141,757.440472296142,1433.68716097309,5.7439420483174,15.4805832724374,226.843152146395,181.342319437438,42.8352304219406,86.0994456408183,29.1853169377358,55.2410755711739,0.221324002939068,0.596481710449536,22132.2521838421,17600.8468809022,4548.38525894567,8918.92835512155,3425.0768091481,6164.43172847238,24.8365408288289,63.6108758111214,850.352391130331,676.252824036661,176.913712369422,347.671229972419,134.445169942053,242.405230941975,0.975048093855721,2.50164927742755,0,0,8.98226433244081,18.1075884183021,7.16251183027231,13.0007824262781,0.0523204872799999,0.1351007159918,0,0,0,0,0,0,0,0,373.946501381458,317.756383576332,370.428460533749,789.390682276187,459.136243891373,945.654768671798,3.09312589722798,9.08712680459058,14.367616329935,12.2087086342629,14.2220695470043,30.2991410454098,17.5904392522438,36.22500545225,0.118500798487916,0.348089881010461,261.503740420021,221.931504544395,335.844130358764,745.826172935382,469.571981600322,976.943495485457,3.4101774788056,10.0866166866884,10.0473858807189,8.52696353299068,12.8910819785175,28.6189166311398,17.9862079866535,37.412649467198,0.130618855366151,0.386267078338032,0,0,50.7901096379618,118.298759097646,63.6951432391968,123.671964577185,0.46600547127673,1.28508817683996,0,0,0,0,0,0,0,0,469.258124938786,221.471736107062,1195.71084121746,1181.95806230739
"172",2004,2786,14.25,3839.94581375997,3147.97661389088,942.869358175595,1786.35341741785,435.518377805401,721.136002588884,4.493432317887,10.6057655630143,0,0,0,0,0,0,0,0,0,0,1.56830383249591,3.04717560051199,0.85962934220697,1.4311548070426,0.00891362552325055,0.0211291470431012,0,0,0,0,0,0,0,0,5932.92788019232,4736.82591650648,1119.1759648751,2248.98444302847,762.346039561091,1442.19595188952,8.51255331580171,22.9502501207952,227.952576912894,181.996426698587,43.1331725497628,86.6879101490098,29.3743654409822,55.5689820566895,0.328006408918017,0.884303023371027,22090.3406852602,17544.3425998686,4547.4112755547,8915.75689283173,3422.51579904611,6156.86359424538,35.8965540558307,91.9556855390871,848.742150335614,674.081836734167,176.874882757297,347.547199168983,134.344568598995,242.108031400365,1.40932968799374,3.61653827496266,0,0,8.99345009158446,18.1282787094401,7.16692294681038,13.002918239796,0.0759621847262902,0.196173827857917,0,0,0,0,0,0,0,0,375.623541494792,318.672388905966,372.912462150256,794.512742733302,462.070772737378,950.84580106399,4.36610171184532,12.8340193390762,14.432050985817,12.243903020011,14.3177641298939,30.4964890799995,17.703448236279,36.4250724348233,0.167274010629357,0.491630494685197,260.768227315811,220.965920010994,336.164707813501,746.306660729873,469.641244592773,976.377172617447,4.9229895209111,14.5558371882002,10.0191264365283,8.48986422533394,12.9037051826349,28.6381183071925,17.9894825322723,37.3923042729048,0.188568334771548,0.557431580009601,0,0,50.7961615573794,118.335154390231,63.6838995009593,123.596034109059,0.676467146939306,1.86430014103802,0,0,0,0,0,0,0,0,473.249808913905,223.402219526038,1213.40443457188,1202.87503762233
"173",2004,2786,14.3333333333333,3821.17895514681,3130.72030743432,940.228119825156,1780.79095545562,432.096743599072,714.318771544799,5.79825155024777,13.6766493012736,0,0,0,0,0,0,0,0,0,0,1.56430576280532,3.03840238690639,0.853494551001459,1.41868138349419,0.0115250889992626,0.0272944659551952,0,0,0,0,0,0,0,0,5961.8240020249,4753.84071023882,1126.90633069737,2264.23629195318,767.259748728779,1450.71048469062,11.391223289926,30.7210501605263,229.062812123491,182.650162283319,43.431167145461,87.2759546563594,29.5637277945572,55.8971106578775,0.438932889164553,1.1837361726756,22048.6586546329,17488.2426705737,4546.33629199659,8912.37218617148,3419.94775064992,6149.32220327801,46.9077416587695,120.187813587392,847.140725319527,671.926385305071,176.832076186866,347.414693262747,134.243511783078,241.81151585172,1.84173717397484,4.72707555732626,0,0,9.00455441188107,18.1487804998782,7.17132883529773,13.0051058041608,0.0997046133021564,0.257531812564091,0,0,0,0,0,0,0,0,377.299702743832,319.592434350446,375.394473079876,799.638040668568,464.995351329049,956.051185770953,5.57935943155761,16.4076623496675,14.4964518733726,12.2792526334854,14.4133842811584,30.693966549397,17.8160810670305,36.6256976021971,0.213762210231142,0.62854323508704,260.043174291491,220.011128200086,336.476046414978,746.75820429532,469.694701255624,975.763719792697,6.4162516217592,18.9646562397114,9.99126888178746,8.45317959148211,12.9159728765285,28.6562075732056,17.992150141008,37.3701485687876,0.245771863121093,0.726292313449629,0,0,50.8000210750175,118.365050152942,63.6689106557953,123.513292853116,0.887680782327136,2.4448794141008,0,0,0,0,0,0,0,0,477.25934953026,225.338272396616,1231.2118962443,1223.91163184105
"174",2004,2786,14.4166666666667,3802.40957577705,3113.537975725,937.516897943926,1775.10733278113,428.694680834933,707.560989490349,7.06286886542122,16.6487689752473,0,0,0,0,0,0,0,0,0,0,1.56024074053752,3.02951757081163,0.847386764655811,1.40630120674332,0.0140654292597133,0.033281034429659,0,0,0,0,0,0,0,0,5990.70863668816,4770.82060207177,1134.62818913452,2279.45741863792,772.173190366436,1459.21424617543,14.3740730067586,38.7767620144091,230.172605978674,183.302556881262,43.7288352277211,87.8628180277802,29.7530808142171,56.2248266919675,0.553877847439823,1.4941587189892,22007.225295331,17432.5604764376,4545.16706925708,8908.78734218444,3417.3749420992,6141.81100421144,57.873560112615,148.316849209155,845.548853905291,669.78698396167,176.785555819851,347.274224169694,134.142092925186,241.51582784455,2.27240145286952,5.83362496386527,0,0,9.01556352065624,18.1690629789164,7.17572892496238,13.0073417717153,0.123548394980703,0.319181028044762,0,0,0,0,0,0,0,0,378.975077823217,320.516193975668,377.874495798322,804.765442138134,467.911236691612,961.269303677365,6.74010021046792,19.8279803655092,14.5608225540806,12.3147449517761,14.508930055947,30.8915298426556,17.9283858666951,36.8268189313254,0.258241424511001,0.759591726883726,259.32983847813,219.06862212994,336.780289082079,747.187012694339,469.735304385364,975.113784385234,7.88541047136977,23.2999508873836,9.96386151753499,8.41696699558252,12.9279672222979,28.6734224579635,17.9943237807248,37.3465898445021,0.302054998702512,0.892346530012259,0,0,50.8017752858573,118.388660660641,63.6503056262431,123.423979121167,1.09960868458701,3.02673679834448,0,0,0,0,0,0,0,0,481.2867380506,227.27991828318,1249.13293158653,1245.06809107883
"175",2004,2786,14.5,3783.64685909226,3096.4356200897,934.739865802066,1769.31008404224,425.312286074913,700.862625056683,8.287896051043,19.5237446518128,0,0,0,0,0,0,0,0,0,0,1.55610137881012,3.02050723890106,0.841306263999584,1.39401461195849,0.0165348037292705,0.039090022983478,0,0,0,0,0,0,0,0,6019.55401239413,4787.74434412952,1142.33338959134,2294.63155589327,777.079615845521,1467.69429775571,17.4551851093003,47.1010133676946,231.280891441935,183.952794115049,44.0258634428132,88.4478748353355,29.9421650527992,56.5516326823625,0.672614129007286,1.81494219163171,21966.056303628,17377.3065611276,4543.90951116434,8905.01378775016,3414.79906456184,6134.33232805602,68.7972095870074,176.351662707036,843.967139168511,667.66403780839,176.735551696262,347.126238824817,134.040382614096,241.221067424003,2.70144368799693,6.93652300936744,0,0,9.02646528197536,18.1890989446317,7.18012110102945,13.0096199445231,0.147493337083866,0.38112485023028,0,0,0,0,0,0,0,0,380.649635048973,321.443272535621,380.352255188365,809.893362074094,470.819107444108,966.497832062049,7.85476269060203,23.1128678968355,14.6251618105945,12.3503647888985,14.6043908396933,31.0891180004775,18.0403885311904,37.0283473024483,0.300958449150023,0.885461781092832,258.629198956772,218.139593769533,337.079200041301,747.598269591648,469.765598497506,974.436482296832,9.32687557265334,27.5513364292475,9.93694196168976,8.38127223498699,12.9397558567556,28.6899616674604,17.996100798985,37.3219769842674,0.357280191635037,1.05519638959062,0,0,50.8015028915533,118.406181688261,63.628205955615,123.328316957553,1.31221437867756,3.60978700966572,0,0,0,0,0,0,0,0,485.331966030325,229.227178548849,1267.16727230998,1266.34461908975
"176",2004,2786,14.5833333333333,3764.89926303038,3079.41864113863,931.900983420069,1763.40635686454,421.94962467018,694.223574046017,9.47395085853033,22.303207764425,0,0,0,0,0,0,0,0,0,0,1.55188263699368,3.01136176559788,0.835253244432639,1.38182177259742,0.0189335158411586,0.0447228702989779,0,0,0,0,0,0,0,0,6048.33639135829,4804.59401904208,1150.01519714345,2309.74536143689,781.973630454169,1476.14059893794,20.6286759582445,55.6774886015437,232.386756469634,184.600185570671,44.3219927650329,89.0306119034734,30.1307730324655,56.8771424138511,0.794915796022422,2.14546007902053,21925.1644429092,17322.4891029868,4542.56880794091,8901.06155738489,3412.22134166142,6126.88762827706,79.6816321562284,204.300399415878,842.396071499091,665.557861070097,176.682266274728,346.971130299023,133.938433223047,240.927300431513,3.12897522579845,8.03607862393778,0,0,9.03724912521947,18.2088646548245,7.18450224678945,13.0119323838912,0.171538487101739,0.443363925401228,0,0,0,0,0,0,0,0,382.323243899588,322.373224114442,382.827274367711,815.019906404615,473.719211723336,971.733999672388,8.92909295102065,26.2783668101119,14.6894646280716,12.3860950120512,14.6997482599186,31.2866581731571,18.1520984117029,37.2301763018454,0.342133528452823,1.00676819011355,257.942000150053,217.224978308067,337.374210196507,747.996256680469,469.787755389158,973.739559593405,10.7378893239747,31.7108049811294,9.91053881622446,8.34613124115744,12.9513936303757,28.7059893150316,17.9975642774914,37.2966064399932,0.411341804793495,1.21453511066309,0,0,50.799275443776,118.417793259274,63.602726640627,123.226517806088,1.52546239985434,4.19394797905788,0,0,0,0,0,0,0,0,489.395024137708,231.180071995679,1285.31465920099,1287.7413654662
"177",2004,2786,14.6666666666667,3746.17461952741,3062.49192303585,929.004021311562,1757.4029563154,418.606740653249,687.643677691983,10.6216558609289,24.9887982689668,0,0,0,0,0,0,0,0,0,0,1.54758137684275,3.00207501730142,0.829227843517663,1.36972273804007,0.0212619936532862,0.0501812438067885,0,0,0,0,0,0,0,0,6077.03542741682,4821.35450167223,1157.6680478776,2324.78790940032,786.850940422626,1484.54544935865,23.8887536055423,64.4900966122107,233.489419329619,185.244150116171,44.6170091161114,89.6106088115082,30.3187395429781,57.201059531215,0.920560360247242,2.48509429085817,21884.5600201644,17268.1143079269,4541.14955469918,8896.93953054714,3409.64262671481,6119.4776753108,90.5295139286655,232.170484767693,840.836046908785,663.46869218768,176.62587900622,346.809246966472,133.836282677739,240.634566041908,3.55509766830407,9.13257332143698,0,0,9.04790594994168,18.2283396253776,7.18886864564723,13.0142702221244,0.195682197542026,0.505896436209893,0,0,0,0,0,0,0,0,383.995696002264,323.305567190843,385.298934359033,820.14298299494,476.611482940767,976.974780503974,9.96820906858494,29.3388312327488,14.7537230004977,12.4219171204159,14.7949784780011,31.4840698820378,18.2635127614455,37.4321896711574,0.381962829281996,1.12406104572236,257.268788442131,216.325491842863,337.666458776182,748.384465688974,469.803609997383,973.029544561942,12.116411612638,35.7724033444133,9.88467307416049,8.3115715276953,12.9629242038371,28.7216392144962,17.9987843999491,37.2707280421243,0.464161690801969,1.37013462615203,0,0,50.7951584056076,118.423661991103,63.5739768658275,123.118781986407,1.73931811460747,4.77914025073236,0,0,0,0,0,0,0,0,493.475901225124,233.138614608087,1303.57482947293,1309.25841838095
"178",2004,2786,14.75,3727.48021791392,3045.65990421562,926.052580517565,1751.30638230198,415.283664690307,681.122737513282,11.7316374858086,27.5821622293882,0,0,0,0,0,0,0,0,0,0,1.5431959945483,2.99264369060582,0.823230162830202,1.35771746457698,0.0235207714298294,0.0554670055590269,0,0,0,0,0,0,0,0,6105.6336258319,4838.01300681989,1165.28734325877,2339.75026244754,791.708141820947,1492.90302317376,27.2297645496801,73.5231069518774,234.588207846086,185.884196523713,44.9107354801473,90.1875214853473,30.5059335447247,57.5231596775366,1.04933058503506,2.83324040410602,21844.2512870352,17214.1867395037,4539.65585053886,8892.65562983296,3407.06348288531,6112.1027160247,101.343290039391,259.968637492818,839.287382440018,661.396706500076,176.566550159434,346.640900161841,133.733957563222,240.342882944474,3.97990305643059,10.226261682809,0,0,9.05842801689136,18.2475063974266,7.1932162806022,13.0166242570205,0.219922196376709,0.568718372003986,0,0,0,0,0,0,0,0,385.666722602001,324.239796955809,387.766521506141,825.260388956918,479.495631281524,982.217041679425,10.9766609584819,32.3070813666627,14.8179266018784,12.4578117184221,14.890054010673,31.681268374025,18.3746202511372,37.6342669940955,0.420620734305862,1.23783163269439,256.609943500396,215.441663893042,337.956831584121,748.765700366853,469.814695692101,972.311890105577,13.4610165890314,39.7319439741871,9.85935932299717,8.27761343956906,12.9743815145718,28.7370187897626,17.9998197998203,37.2445504438561,0.5156852358259,1.52183450757401,0,0,50.7892120672587,118.42394311793,63.5420606560666,123.005300009461,1.95374756535355,5.36528646024272,0,0,0,0,0,0,0,0,497.574583593041,235.102819374325,1321.94750753147,1330.89580058752
"179",2004,2786,14.8333333333333,3708.8228745888,3028.92663655496,923.050109469153,1745.12286093413,411.980420398312,674.660527294001,12.8045251900356,30.084949753299,0,0,0,0,0,0,0,0,0,0,1.53872611708239,2.98306676429684,0.817260285032078,1.34580584069859,0.0257104738329889,0.06058218279083,0,0,0,0,0,0,0,0,6134.11589042394,4854.55871036066,1172.86927812579,2354.62511348715,796.54254542497,1501.20898302852,30.6462305918597,82.7612579281933,235.682541999674,186.51990891313,45.2030253072826,90.7610684564186,30.692251450384,57.8432756830432,1.181015907127,3.18931183207393,21804.244776343,17160.7095953305,4538.09138105314,8888.21698569801,3404.48424881925,6104.76260342173,112.125151939042,287.700889383785,837.750329095757,659.342026864498,176.504424006062,346.466370545085,133.631475668958,240.052254372735,4.40347414229483,11.31737209374,0,0,9.06880883197184,18.2663502879601,7.19754105224409,13.0189853747929,0.244255659809197,0.631823795690123,0,0,0,0,0,0,0,0,387.336009023741,325.175395297543,390.229264681011,830.369878285456,482.371215169731,987.457653801539,11.9584855554961,35.1945461897988,14.8820633418968,12.4937588993855,14.9849451596631,31.8781672209682,18.4854037152726,37.8362879418677,0.458261956863902,1.34851789715539,255.965705010478,214.573865401319,338.245995824872,749.142168722318,469.822278228346,971.591105480046,14.7708008726976,43.586747129241,9.83460677191252,8.24427122898786,12.9857911121779,28.7522126111579,18.0007188579937,37.2182461599129,0.565877841494791,1.66953208404927,0,0,50.781492332206,118.418782226657,63.5070774525585,122.886253741118,2.16871733789661,5.95231088833176,0,0,0,0,0,0,0,0,501.69105441747,237.072696172719,1340.43239846344,1352.65346792056
"180",2004,2786,14.9166666666667,3690.20898987167,3012.29583377353,919.999917869589,1738.85837022264,408.697029149197,668.256802409293,13.8409507566899,32.4988132302919,0,0,0,0,0,0,0,0,0,0,1.53417235888379,2.97334505821712,0.811318286493816,1.33398770702889,0.0278318025875532,0.0655289429308346,0,0,0,0,0,0,0,0,6162.46915276943,4870.98243928022,1180.41070043929,2369.40649314217,801.352035439596,1509.46016898096,34.1328763735759,92.1898382692026,236.771919680654,187.150934842542,45.4937571342675,91.3310196408555,30.8776117043603,58.1612856272339,1.31541350050711,3.55274297819348,21764.5455779436,17107.6849331327,4536.459485214,8883.63006967019,3401.90509066035,6097.45689846386,122.877056708269,315.372610871077,836.225082438255,657.304732341857,176.439631403382,346.285913249485,133.528848006635,239.762672055439,4.82588474010199,12.4061077076959,0,0,9.07904302478974,18.2848591275015,7.20183892152214,13.0213448149265,0.268679286541053,0.695205105330686,0,0,0,0,0,0,0,0,389.003206306777,326.111838600192,392.686362980643,835.469211194119,485.237694090801,992.693566560141,12.9172573949861,38.0113951182732,14.9461198129268,12.5297385451472,15.0796210763016,32.0746802165544,18.595842182555,38.0381351840187,0.495023479693104,1.45650949240141,255.336195057821,213.722332447692,338.534431507331,749.515565601255,469.827388189096,970.870877254886,16.0453028593754,47.3354133490348,9.81042011169838,8.21155396651974,12.9971713628005,28.7672855619229,18.0015209437876,37.1919561951685,0.614721832279851,1.81317372343837,0,0,50.7720513799145,118.408316719537,63.4691226154248,122.76181741946,2.38419445022741,6.54013908595711,0,0,0,0,0,0,0,0,505.825293330535,239.048251718036,1359.02918403584,1374.53131006509
"181",2005,2786,15,3670.97968992107,2995.01679710499,916.884465502312,1732.56032672306,404.466782953429,659.616657262823,15.8403619287221,37.1637424505648,0,0,0,0,0,0,0,0,0,0,1.52959051389602,2.96357792045309,0.803485138266176,1.3176799452223,0.0318727157329278,0.0749863655928834,0,0,0,0,0,0,0,0,6190.88069637175,4887.40277992234,1187.86930383174,2384.14158449845,804.230067414527,1512.42039375027,39.7128717608099,107.270209573643,237.863536620722,187.781830588916,45.7813103420943,91.8991968882419,30.9885494071572,58.2754289197874,1.5304803159898,4.13396755897289,21724.9939626141,17054.7203848243,4534.55148554424,8878.94120665072,3391.19668391277,6069.0079645633,142.011131110926,364.590764778221,834.705505336064,655.269747524888,176.364234109999,346.101464203192,133.106981788298,238.641379336245,5.5773307108642,14.3421083356079,0,0,9.08943212894108,18.303598127464,7.18889088573088,12.9784383927257,0.311065313308023,0.80516512094959,0,0,0,0,0,0,0,0,390.705989278557,327.070096661898,395.174733881547,840.632854102568,487.036721943498,994.638370843099,15.0347290537338,44.223122467137,15.011543541369,12.5665563489074,15.1754992075993,32.2736659022813,18.6653752517489,38.113875946585,0.57619475319972,1.69460049377,254.72376869126,212.888148065589,338.825651857559,749.896030938573,468.700364930712,966.763671015037,18.4483989250017,54.4220599454899,9.78688982712735,8.17950326403866,13.0086569679506,28.7826265600298,17.9589416236845,37.0359073863532,0.706812567029929,2.08470000752435,0,0,50.76280189754,118.396277399607,63.2762865898404,122.205083915423,2.75757419836682,7.56476422419842,0,0,0,0,0,0,0,0,509.930191168086,240.996319130209,1377.51295879962,1396.13960913159
"182",2005,2786,15.0833333333333,3651.52715953407,2977.56184899441,913.694727052582,1726.1527798624,400.010597601538,650.459380067863,18.059526550588,42.3294683036159,0,0,0,0,0,0,0,0,0,0,1.52492349720042,2.95368806664083,0.7951917376074,1.30031064194081,0.0363653990869906,0.085475671871211,0,0,0,0,0,0,0,0,6219.38366674631,4903.86180949961,1195.33147797751,2398.90758888613,806.575726616729,1513.89223147504,46.058203231672,124.403841582866,238.958666323587,188.414212826049,46.068999601958,92.4685595111964,31.0789707163531,58.3322172073856,1.77504637589006,4.79433225302145,21685.5175372794,17001.9437802646,4532.47960740778,8874.04301452372,3378.21684141789,6034.69445459064,163.513085300031,419.849725501425,833.188816419617,653.241983838442,176.28247151028,345.908758827532,132.595779568034,237.289110205448,6.42176926817689,16.5157094344522,0,0,9.09962120363382,18.3220787568525,7.1710951126693,12.9228557091816,0.358816657868621,0.928931895953683,0,0,0,0,0,0,0,0,392.414809869121,328.033029549892,397.662177112138,845.800468666741,488.500431062034,995.583033821853,17.4024993615689,51.161401982225,15.0771992436944,12.6035537670216,15.2713430476978,32.4728078235926,18.7220592034596,38.1512909683761,0.666964270061112,1.96054965340504,254.115919949431,212.061119459028,339.103490756354,750.246366714836,467.236337331014,961.669347012579,21.1495066244655,62.3736696566608,9.7635354194676,8.1477274980119,13.0196273100087,28.7968078511547,17.9034446353486,36.8420273394486,0.810327802384784,2.38938049635442,0,0,50.7520962888743,118.379396141818,63.0372245444351,121.522316096795,3.17767399778841,8.7161991643834,0,0,0,0,0,0,0,0,514.038986023566,242.940216209429,1396.00452525291,1417.68771182552
"183",2005,2786,15.1666666666667,3632.05570241844,2960.16000667063,910.439327978865,1719.62743215755,395.621489115624,641.480390739647,20.1969277178875,47.2896035224608,0,0,0,0,0,0,0,0,0,0,1.52015132890898,2.94363726846208,0.787018158223781,1.28326646135907,0.0407093632783913,0.0955828680587983,0,0,0,0,0,0,0,0,6247.88208524556,4920.29268245743,1202.79761089867,2413.66601226014,808.947676418605,1515.41975992808,52.5666939601984,141.961996125853,240.053621136123,189.045513240836,46.3568384832837,93.0376260631264,31.1704040117002,58.3911494632924,2.02591008719138,5.47108378443787,21646.1804688789,16949.482947368,4530.31310277061,8868.93457159376,3365.41103669945,6000.88388455067,184.868765050358,474.686728929524,831.677481110218,651.226352634581,176.196983912041,345.707724238615,132.091233775515,235.956257125828,7.26051002510892,18.6727640629524,0,0,9.10952804001794,18.3401339701203,7.15362018509735,12.8681843594854,0.406601893430368,1.0526837736157,0,0,0,0,0,0,0,0,394.118428543161,328.99411085041,400.138232938896,850.950295972442,489.946877255525,996.510946170363,19.6705331012255,57.797684094121,15.1426550792053,12.6404800442288,15.3667509344816,32.6712706122639,18.7780830914863,38.1880623537732,0.753917690589607,2.21494517685909,253.513524121873,211.24237082416,339.369178627686,750.569551872482,465.777462118138,956.61261240744,23.7935734588316,70.1387832443948,9.74039051879051,8.11626986185142,13.0301295839535,28.8099436089793,17.8481397323289,36.6495704179629,0.911663473897021,2.68693540451003,0,0,50.7394268971967,118.35676558364,62.7976669972528,120.841946513815,3.59744253851197,9.8639040013868,0,0,0,0,0,0,0,0,518.165684561093,244.889822421837,1414.56542006518,1439.28300510578
"184",2005,2786,15.25,3612.58107970534,2942.82268481513,907.123966381235,1712.99480125602,391.298724196183,632.676781415648,22.2543418808212,52.049190375282,0,0,0,0,0,0,0,0,0,0,1.51527442726094,2.93342107623273,0.778961749366986,1.26654069317437,0.044906180855891,0.105314102984719,0,0,0,0,0,0,0,0,6276.32117168836,4936.65307813351,1210.25056101963,2428.38301920289,811.331108142127,1516.9752809557,59.2269327372892,159.912399336538,241.146296316168,189.674105805752,46.6441684978936,93.6050965746148,31.2622802754364,58.4511614021904,2.28263306875135,6.16298224171917,21607.0186883178,16897.3643652182,4528.06216082793,8863.63590115262,3352.78140035097,5967.57689753071,206.08493852551,529.121592825902,830.172879928372,649.223871281992,176.108167820509,345.499141677367,131.593434493512,234.642859758129,8.09381095377101,20.8140306067077,0,0,9.11917510425772,18.3577733546279,7.13646045618716,12.8144113695028,0.454421570929171,1.17642977292528,0,0,0,0,0,0,0,0,395.817079809767,329.953289847461,402.60380416124,856.083038816006,491.379181222042,997.426778443811,21.8504114130732,64.164659525882,15.2079200581158,12.6773332319392,15.4617574912919,32.8690811561058,18.8335665094224,38.2243691936991,0.837498973248416,2.45904003412047,252.919207834522,210.434223409485,339.626349100263,750.874376349049,464.328429394062,951.604222169717,26.3752826021024,77.7027469378063,9.71755604428194,8.08521954163565,13.0403032271253,28.8223710413923,17.7932065909942,36.4589487143761,1.01061574749355,2.97680284585178,0,0,50.7248879434393,118.328650763729,62.5577949218935,120.164296112723,4.01682842106395,11.0077938470962,0,0,0,0,0,0,0,0,522.310233660457,246.845126720223,1433.19507212874,1460.92514880414
"185",2005,2786,15.3333333333333,3593.1174920007,2925.56000968396,903.753922980969,1706.26463152054,387.041475615303,624.045496860241,24.2335422385427,56.613234513248,0,0,0,0,0,0,0,0,0,0,1.51029463144614,2.92303852153291,0.771020094775031,1.25012689851625,0.0489576535310676,0.114675899076302,0,0,0,0,0,0,0,0,6304.65496938183,4952.90784438714,1217.67636293303,2443.03117938076,813.714438657099,1518.53749777162,66.0275615941781,178.222955357182,242.23492613409,190.29863991934,46.9304530139616,94.1699168366698,31.3541542860823,58.5114344379984,2.54477885354867,6.86879418482901,21568.061696622,16845.6093600096,4525.73541347148,8858.16398002035,3340.32891286248,5934.77201457935,227.167907904724,583.172767604866,828.67614634935,647.235359167073,176.016359528696,345.283674463564,131.102426940341,233.348874831301,8.92191234892812,22.9402155282102,0,0,9.12857938676042,18.3750016373439,7.11960831530285,12.761519355428,0.502274775028686,1.3001737593527,0,0,0,0,0,0,0,0,397.51078699695,330.910369014376,405.059226007345,861.198391028949,492.799360072341,998.3332974836,23.95247704275,70.2916682702495,15.272995076725,12.7141057408618,15.5563755326058,33.0662275655267,18.8885866577906,38.2603174278885,0.91810458854491,2.69395872150046,252.335059771651,209.63850793626,339.877978861843,751.16803262414,462.893130720224,946.652952558195,28.8908008407138,85.0551238730859,9.69511224655996,8.05464687660147,13.0502624685944,28.8343660749821,17.7387943170597,36.2704985789424,1.10703765170041,3.25858254156479,0,0,50.7085659945149,118.295292519062,62.3177721573296,119.489651836834,4.43578343841941,12.1477931802417,0,0,0,0,0,0,0,0,526.472581468847,248.806117287158,1451.8929898456,1482.61386319174
"186",2005,2786,15.4166666666667,3573.67778828596,2908.38099415881,900.334110955848,1699.44598783899,382.848846185295,615.5833777481,26.1362951167908,60.9866965413032,0,0,0,0,0,0,0,0,0,0,1.50521487404776,2.91249138653599,0.763190966495917,1.23401885737073,0.0528657778359988,0.123675087682464,0,0,0,0,0,0,0,0,6332.84498609582,4969.02787722181,1225.06370113257,2457.58839871894,816.08872018343,1520.0903090544,72.9574067960505,196.862116407774,243.318031656849,190.917997359509,47.2152570808044,94.7312374221106,31.4456819848366,58.5713494349516,2.81191792978647,7.58730688687287,21529.3335707659,16794.2349244313,4523.34019094041,8852.53324464283,3328.0536333559,5902.46607952292,248.123503622381,636.857324284573,827.188205448562,645.261469175998,175.921844985014,345.061887549793,130.618220336144,232.074193395103,9.74503658330958,25.051972836398,0,0,9.13775367443874,18.3918202512312,7.10305495317697,12.7094882205672,0.550159248256113,1.4239149372994,0,0,0,0,0,0,0,0,399.199405971562,331.865037583367,407.504406010197,866.295301270278,494.208601646938,999.231868946042,25.9859404351695,76.2049730937716,15.3378745972065,12.7507856308008,15.6506014351941,33.2626693035793,18.943188879227,38.2959591472971,0.996087585184284,2.92070774227417,251.762710503265,208.856637903646,340.126464377426,751.456310115246,461.474738067688,941.765827658961,31.337564837901,92.1890940324505,9.67312177476876,8.02460617564525,13.0600992709228,28.8461508071752,17.6850244584287,36.0844892718859,1.20083088447375,3.53201282100659,0,0,50.6905407623626,118.256910533874,62.0777473655552,118.818270467724,4.85426207321099,13.2838342490096,0,0,0,0,0,0,0,0,530.652675506464,250.772780798226,1470.65872968528,1504.34889847556
"187",2005,2786,15.5,3554.27365868292,2891.29369920934,896.869122310753,1692.54734272955,378.719889975039,607.287198873543,27.9643569013104,65.1744850757355,0,0,0,0,0,0,0,0,0,0,1.50003889072597,2.90178355041638,0.755472284888116,1.21821052484643,0.056632712244636,0.132318747089759,0,0,0,0,0,0,0,0,6360.85894191314,4984.98909042484,1232.40342572933,2472.03693592156,818.447104167915,1521.6217179496,80.0055897644524,215.799196407187,244.394372638408,191.53125269545,47.4982288615084,95.2883759756912,31.5365999133836,58.6304448607909,3.08363201241605,8.31734041141829,21490.8538903269,16743.2544708576,4520.88275604316,8846.75605431327,3315.95490531744,5870.65465685919,268.957087413199,690.190967135199,825.709809504978,643.302716633495,175.824868834972,344.834265421289,130.140795880715,230.81865626006,10.5633882020833,27.1499045075936,0,0,9.14670766075565,18.4082286569142,7.08679099537217,12.6582965585352,0.598071534782504,1.54764839009676,0,0,0,0,0,0,0,0,400.882664769791,332.816901758802,409.938947311663,871.372204795605,495.607503347347,1000.12289182631,27.9589881789057,81.9280412030951,15.4025481702753,12.787357771498,15.7444198734842,33.4583460874304,18.9973958316847,38.3313092863043,1.07176174676861,3.14018640146149,251.203407302859,208.089678223325,340.373698617608,751.74378714137,460.075786274196,936.948346771146,33.7140758313904,99.1008767708719,9.65163255119442,7.99513835437483,13.0698862727611,28.8579008662249,17.6319941547319,35.9011316529576,1.2919379432259,3.79694848796688,0,0,50.6708858968399,118.213706256761,61.8378559014542,118.150382301583,5.27222103729015,14.4158556062452,0,0,0,0,0,0,0,0,534.850461042552,252.745101809762,1489.49187004109,1526.13000992286
"188",2005,2786,15.5833333333333,3534.91578975647,2874.30536413216,893.363265379406,1685.57664662658,374.653628800268,599.153698950037,29.719471587482,69.1814512996188,0,0,0,0,0,0,0,0,0,0,1.49477100084744,2.89092048741757,0.747862089582895,1.20269600199712,0.0602607491299399,0.14061414936025,0,0,0,0,0,0,0,0,6388.66976149306,5000.77158713928,1239.68816365442,2486.362612961,820.784416644736,1523.1229720853,87.1616088568174,235.004602605942,245.462908800876,192.137641458103,47.7790847246198,95.840786937854,31.6267089245111,58.6883837945246,3.35951719575246,9.05775654197896,21452.6384834183,16692.6784367759,4518.36849079005,8840.84305982543,3304.0315171191,5839.33234019412,289.673562793656,743.188066845621,824.241566660967,641.359502564361,175.725641626997,344.601226343951,129.67011298152,229.582065974178,11.3771543056951,29.2345617024483,0,0,9.15544875562222,18.4242252442044,7.07080691704091,12.6079225677438,0.646007136904371,1.67136563414787,0,0,0,0,0,0,0,0,402.560194909547,333.765508373703,412.362241398551,876.427196970631,496.996247423164,1001.00611368388,29.878882778491,87.4818052593635,15.4670016382601,12.8238047515529,15.8378073817819,33.6531845540683,19.0512142224023,38.3663577351431,1.14540541654278,3.35319681044655,250.658075675733,207.338401702073,340.621140082881,752.034000642078,458.698252491275,932.204693290016,36.0197226482989,105.789231636818,9.63068013527933,7.96627310526017,13.0796794363167,28.8697519191877,17.5797791749238,35.7205861693513,1.38033534021913,4.05334168737166,0,0,50.6496696973615,118.165865385363,61.5982214031998,117.486194298913,5.68961888479473,15.5438008784524,0,0,0,0,0,0,0,0,539.0658799066,254.723062333146,1508.39199376466,1547.9569419422
"189",2005,2786,15.6666666666667,3515.61397624261,2857.42250037378,889.820591989838,1678.54137862976,370.649063424136,591.179600925276,31.4033690716832,73.0123852956033,0,0,0,0,0,0,0,0,0,0,1.48941596276673,2.879908928232,0.740358521379617,1.18746952001392,0.0637522932899547,0.148568719454194,0,0,0,0,0,0,0,0,6416.25485051599,5016.35906603345,1246.91204104303,2500.55425146178,823.096861077241,1524.58796584862,94.4153891812187,254.449977086596,246.522772034364,192.736537324234,48.0575985972556,96.3880399274465,31.7158627802288,58.7449309897459,3.6391858775658,9.80746424737414,21414.6999623753,16642.5147185744,4515.80202847593,8834.80346387637,3292.28181216976,5808.49296186796,310.277390852879,795.861707995802,822.783961504097,639.432130360272,175.624344913352,344.363132431163,129.206113530842,228.364194970998,12.1865051407669,31.3064465442612,0,0,9.16398259341109,18.439807836306,7.05509325764654,12.5583445217981,0.693960662824719,1.79505512064532,0,0,0,0,0,0,0,0,404.2315532496,334.710361185373,414.773528395782,881.458145165772,498.374711059792,1001.88082486371,31.7520460709738,92.8848833496304,15.5312179749661,12.8601075045273,15.9307346710317,33.8471025604279,19.1046390383814,38.4010768055852,1.21726469556039,3.56045231962974,250.127364776936,206.603330748241,340.86986886315,752.329581746928,457.343624534652,927.5379068123,38.2546446548921,112.2550704988,9.61028946865126,7.93803050006312,13.0895201978892,28.8818048712765,17.5284365329671,35.5429694416494,1.46602834876354,4.30122703800338,0,0,50.626955686884,118.113559767277,61.3589570083678,116.825892509155,6.10641572646267,16.6676178551279,0,0,0,0,0,0,0,0,543.29886975794,256.706641598065,1527.35867887109,1569.82942036992
"190",2005,2786,15.75,3496.37724342703,2840.65099419644,886.244927336412,1671.4486022947,366.70518568063,583.361633873398,33.0177634085065,76.6720123554096,0,0,0,0,0,0,0,0,0,0,1.48397881000384,2.86875648002432,0.732959801389888,1.17252542095509,0.0671098388011233,0.156189991314708,0,0,0,0,0,0,0,0,6443.59529991337,5031.73816911957,1254.07037824524,2514.60305355502,825.381692941918,1526.01258577702,101.757334685757,274.108344709949,247.573235822217,193.327427058592,48.3335902687155,96.9297959952049,31.8039556665296,58.7999277570803,3.92226877115564,10.5654253964136,21377.0483130162,16592.7691479908,4513.18739927609,8828.64530805275,3280.70381035157,5778.12982411593,330.772607996062,848.223742218294,821.337377707462,637.520824085726,175.521136872756,344.12030073802,128.74872662052,227.164794553031,12.9915947653495,33.3660141139281,0,0,9.17231362141445,18.4549743009777,7.03964089184223,12.5095413682727,0.741925974164866,1.91870274345066,0,0,0,0,0,0,0,0,405.896246023586,335.650938801738,417.171964527781,886.462813916735,499.742591573221,1002.74608037715,33.5841484595114,98.1538144368412,15.5951782090999,12.8962459977035,16.023169220717,34.0400139927464,19.157658356582,38.4354297580834,1.28755686391016,3.76258654456311,249.611697363646,205.884783128159,341.120646477777,752.63240141595,456.012971141789,922.950062003381,40.4195854176417,118.501043355908,9.59047679437236,7.91042274787181,13.0994377635997,28.8941314517829,17.478007176187,35.3683611078791,1.54904539345279,4.54070575685218,0,0,50.6028032147002,118.056949438137,61.1201666549069,116.169644647003,6.52257294447234,17.7872575710446,0,0,0,0,0,0,0,0,547.54936328033,258.6958157895,1546.39148726197,1591.74714276752
"191",2005,2786,15.8333333333333,3477.21393313558,2823.9961790355,882.639891128057,1664.30500494751,362.820986284196,575.696547242498,34.5643515553331,80.1649904640011,0,0,0,0,0,0,0,0,0,0,1.4784647522097,2.85747138749107,0.725664219556311,1.157858149999,0.0703359514137154,0.16348557433301,0,0,0,0,0,0,0,0,6470.67533110143,5046.89802776569,1261.15948004903,2528.50217631323,827.637002338122,1527.39427766802,109.178353566051,293.954185709735,248.613693926016,193.909893070956,48.6069173433934,97.4657912974507,31.8909138495418,58.8532753472315,4.20841589200329,11.3306575767207,21339.6913054038,16543.4458234482,4510.52812920074,8822.37566724324,3269.2952867193,5748.23584663764,351.162847831352,900.284852637214,819.90211381168,635.625741208486,175.416156133339,343.873010779994,128.297871601769,225.983600637076,13.7925618763082,35.4136748866852,0,0,9.18044542410106,18.4697228099405,7.02444112246743,12.4614929314148,0.789896328581061,2.04229230987624,0,0,0,0,0,0,0,0,407.5537447909,336.58670630963,419.556661627181,891.438936975536,501.099475325302,1003.60081729712,35.3801848100795,103.303260455604,15.6588620371289,12.9321996788618,16.1150767977145,34.2318315370889,19.2102559932528,38.4693753167706,1.35647329103144,3.96016111466048,249.111305894414,205.182905085589,341.373964591526,752.943686687183,454.707003560315,918.44241800483,42.515779843467,124.531217329575,9.57125104392895,7.88345546760299,13.1094509786502,28.9067786734541,17.428518344146,35.1968095446996,1.62943372376534,4.77193335489805,0,0,50.5772679478191,117.996184171572,60.8819460763311,115.517602086506,6.93805298088234,18.9026736253625,0,0,0,0,0,0,0,0,551.817287774049,260.690557949516,1565.48996060759,1613.70977593315
"192",2005,2786,15.9166666666667,3458.13177808515,2807.46289814185,879.008915986311,1657.11693179651,358.995461195895,568.181122517115,36.0448123016593,83.4959082457876,0,0,0,0,0,0,0,0,0,0,1.47287909517283,2.84606233632004,0.718470125659524,1.14346225035658,0.0734332529686963,0.170463123713393,0,0,0,0,0,0,0,0,6497.48181805447,5061.8298721169,1268.17645685839,2542.24636922031,829.861531801107,1528.73168570857,116.669873669749,313.963479951045,249.643642022862,194.483598409476,48.8774683802399,97.9958231862261,31.9766886816439,58.9049210960794,4.49729715983815,12.1022358241129,21302.6348476841,16494.5473949458,4507.82732416008,8816.00081443798,3258.05383663366,5718.80368772608,371.451364614976,952.054622584001,818.478396819943,633.746983545534,175.309525021062,343.621510907807,127.853460619538,224.820338474895,14.5895306978163,37.4497973367466,0,0,9.18838097390885,18.4840520069267,7.00948573030324,12.4141800202277,0.83786451442422,2.16580598100838,0,0,0,0,0,0,0,0,409.203499768233,337.517124865004,421.926718040182,896.384272943565,502.444890269517,1004.44394208918,37.1445451722124,108.346195460569,15.7222483354995,12.967947844752,16.2064226447714,34.4224688193873,19.2624135244587,38.5028710294197,1.42418214774345,4.15367292602707,248.626264151927,204.497700344452,341.630089273894,753.264125760111,453.426132296417,914.015554069566,44.5448540380251,130.350791075668,9.55261505222801,7.85712880233308,13.1195700257602,28.9197728640435,17.379985742861,35.0283370626481,1.70725557527058,4.99510869070693,0,0,50.5504023154449,117.931404851426,60.644383686484,114.869901638381,7.35281916069765,20.0138216086401,0,0,0,0,0,0,0,0,556.102564880426,262.690837933774,1584.65361809887,1635.71695522954
"193",2006,2786,16,3438.89685507532,2790.64772782286,875.33270795749,1649.99943326297,353.991397058566,557.884777630086,38.7123727602175,89.6035211715202,0,0,0,0,0,0,0,0,0,0,1.46725235131111,2.83456902808977,0.708900567824573,1.12343476912501,0.0789164004486003,0.183050047632737,0,0,0,0,0,0,0,0,6524.45264871222,5076.89607685049,1274.86627115182,2555.63207718956,829.177612382354,1522.05793869741,127.239454979191,342.349168340514,250.679904467656,195.062466088752,49.1354456293847,98.5120704377482,31.9503931517365,58.6478806983578,4.9048015816524,13.1966201118671,21266.590706593,16446.5117603123,4504.22399292268,8808.80763481378,3235.61999426555,5659.97155726176,403.153964223619,1033.49646793646,817.09357380766,631.901375836841,175.168195231271,343.338411566863,126.969714785061,222.501054690302,15.8344215550212,40.6523359676782,0,0,9.1961402018315,18.4979259086412,6.97033159182207,12.3027373449243,0.910710542996418,2.35455064485388,0,0,0,0,0,0,0,0,410.882692116406,338.456948988918,424.284630414709,901.292972317539,502.073233293719,1000.02354626189,40.6126689696671,118.423408853714,15.7867656633786,13.0040573876798,16.297302298372,34.6117005476142,19.2487409535073,38.3345927531737,1.55721668240471,4.54018468621947,248.163261333365,203.835504272067,341.874268701803,753.564407402576,450.575442225586,904.861985415346,48.1137048946629,140.75780856257,9.53482582888318,7.83168616700744,13.1292281240805,28.9319882274381,17.271274167479,34.6786987152115,1.84410529111345,5.39411455543435,0,0,50.5230782614989,117.862898705505,60.1957420812147,113.626139153637,7.98190429284386,21.7239670524921,0,0,0,0,0,0,0,0,560.379368469517,264.690917541137,1603.74189010723,1657.66277954653
"194",2006,2786,16.0833333333333,3419.64656771276,2773.87167812341,871.608061730026,1642.7935740261,349.07538029822,547.823057325932,41.2872423417664,95.4685176499488,0,0,0,0,0,0,0,0,0,0,1.4615504884774,2.82298721351487,0.699488677273243,1.10383876704383,0.0842295580059125,0.195180905532582,0,0,0,0,0,0,0,0,6551.32720160928,5091.86847554352,1281.54370595962,2568.97918726694,828.484290717044,1515.38485129671,138.037890336933,371.287011293232,251.71246776692,195.637729589938,49.3929391705404,99.0268209150005,31.923733452095,58.3908618914924,5.32114278847526,14.312329934763,21230.6613850081,16398.7469655917,4500.53611732502,8801.42810323143,3213.36028650325,5601.73784200182,434.799551397436,1114.60412388341,815.713161671019,630.066174258399,175.023542344771,343.047953917536,126.092674477775,220.205047578577,17.0770939347453,43.8416805698662,0,0,9.20340298412559,18.5111387330236,6.93142416216106,12.1922386837426,0.983862295331719,2.54366203502993,0,0,0,0,0,0,0,0,412.552468022952,339.390524096551,426.618226435993,906.161685071607,501.662848844264,995.539944503554,43.9736900132189,128.148706453792,15.8509211956713,13.0399268334492,16.3872482526066,34.7993980741442,19.2335802003851,38.1638770639315,1.68615420637625,4.91323347465079,247.704267322377,203.179638328618,342.10509272866,753.837505320619,447.725943503193,895.748561740149,51.6240116676763,150.947666598215,9.51719062831016,7.80648674544167,13.1383712938744,28.9431552096241,17.1625994819702,34.3305723380936,1.97871995524676,5.78482556733189,0,0,50.4941193218445,117.789746793411,59.7472934779967,112.388289141615,8.61242934599927,23.4316538076645,0,0,0,0,0,0,0,0,564.673062744966,266.696411267649,1622.84125126798,1679.56348094085
"195",2006,2786,16.1666666666667,3400.40477445733,2757.15751891209,867.841564503435,1635.50839907894,344.27237748728,538.052726867717,43.745259394266,101.036164904589,0,0,0,0,0,0,0,0,0,0,1.45577315216097,2.81130769462223,0.690283840279319,1.08478941881949,0.0893216118490798,0.206739765423579,0,0,0,0,0,0,0,0,6578.03127223181,5106.68966517111,1288.19321924337,2582.25081842608,827.826546385861,1508.85158572429,148.984816539922,400.555149954134,252.738480864566,196.207183397021,49.6493522458724,99.5386579950593,31.8984446964961,58.1392305501685,5.74322565111434,15.4408206771917,21194.8754204704,16351.2760884642,4496.79416862268,8793.90097369243,3191.52074672093,5544.73996103224,466.149078069669,1194.76124110525,814.338256868845,628.242265491426,174.876742368846,342.751640578516,125.232002345493,217.957393562611,18.3081581270798,46.9935775772138,0,0,9.21022920442517,18.5237401284388,6.89328111517399,12.0840577534154,1.05678461288366,2.73174811716984,0,0,0,0,0,0,0,0,414.212154175542,340.317473103272,428.929144942636,910.992245455623,501.253702911335,991.112119276285,47.2046060293364,137.45362546666,15.9146890626524,13.0755416938652,16.4763233603011,34.9856316589973,19.2184634958097,37.9952852207183,1.81011289506069,5.2701948605465,247.252392682383,202.532718304443,342.327135412244,754.094372975806,444.918059969377,886.791581661195,55.0356382036565,160.80246276438,9.49982896333257,7.78163104048315,13.1471751324837,28.9536942048208,17.055511199051,33.9884153831543,2.10956085216502,6.1627221650918,0,0,50.4635914747321,117.712221707643,59.3037891428077,111.169547564384,9.23971733876507,25.1238913765956,0,0,0,0,0,0,0,0,568.984117930841,268.707409611387,1641.95393913643,1701.42099302551
"196",2006,2786,16.25,3381.18927145142,2740.51841297234,864.039138137766,1628.15502895437,339.579869093251,528.565417689589,46.0899401969627,106.31676398514,0,0,0,0,0,0,0,0,0,0,1.44992236688028,2.79952634087163,0.68128086820196,1.06627125033212,0.0941971810502004,0.217742281919982,0,0,0,0,0,0,0,0,6604.50962159432,5121.31779583655,1294.79721616573,2595.41275342707,827.19056981758,1502.4314687817,160.063720716152,430.106776921603,253.755821390436,196.769219570044,49.9040090467726,100.046266995004,31.8739960620401,57.8919613296883,6.17041514958325,16.580292192003,21159.2705648014,16304.1266519787,4493.00836095034,8786.24656193929,3170.09791219273,5488.95929786587,497.213622619826,1274.00381901336,812.970309885772,626.430707015372,174.728193493879,342.450265305393,124.387570612666,215.757379258609,19.5280408048933,50.1094216063801,0,0,9.21667004081,18.5357693960155,6.85588483845128,11.9781449736893,1.12947932477078,2.9188289273151,0,0,0,0,0,0,0,0,415.861671210748,341.237580946908,431.218430393466,915.785152791366,500.847630693237,986.742763382537,50.3195848965029,146.38032763165,15.9780662150528,13.1108937058948,16.5645676384846,35.1704202661736,19.203461136394,37.8289206020924,1.92963589050678,5.61268482171594,246.810303904425,201.896985845068,342.544019002597,754.343714026899,442.156453102203,878.000051276626,58.3453209120147,170.314610896818,9.48284328481296,7.75720517973696,13.1557786957006,28.9639392621762,16.9501880879757,33.6525735571343,2.23650262048155,6.52751256963301,0,0,50.4315800819453,117.630587921388,58.8653424366696,109.96994400165,9.86376218220196,26.800844317076,0,0,0,0,0,0,0,0,573.312428651017,270.723872838629,1661.0797803066,1723.23602324378
"197",2006,2786,16.3333333333333,3362.01599337021,2723.96599904139,860.206202722758,1620.74365139871,334.995286753681,519.352806034155,48.3247392543881,111.320367683577,0,0,0,0,0,0,0,0,0,0,1.44400138729212,2.78764267142971,0.672474781250996,1.04826912909726,0.0988610829677182,0.228204280487548,0,0,0,0,0,0,0,0,6630.71696039174,5135.71896516735,1301.34170661903,2608.43799370633,826.566069122558,1496.10482574089,171.258551285762,459.896535592295,254.762749257004,197.32253552564,50.1563720724251,100.54861024873,31.8499917796205,57.648297587289,6.6020938334645,17.7289996444731,21123.8773266225,16257.320467464,4489.18714257026,8778.48174871685,3149.08718430655,5434.37537788548,528.003509975477,1352.36548828277,811.610492912088,624.632336856247,174.578225582374,342.144488769353,123.559206997387,213.604218180913,20.7371399464879,53.1905168211198,0,0,9.22276599250223,18.5472558289363,6.81921691027663,11.8744482323643,1.20194622448882,3.104917413264,0,0,0,0,0,0,0,0,417.500745517345,342.150496377744,433.486523263977,920.539892642128,500.445543092628,982.43287338793,53.3312097032654,154.966490153244,16.0410421402926,13.1459693739619,16.6519979005255,35.3537439026165,19.1886079062071,37.6648214015719,2.04520554673971,5.94214734689652,246.380038904057,201.274136217129,342.758606813809,754.592366533569,439.44465019739,869.380417641486,61.5514181878094,179.481208346062,9.46631189274827,7.73327429805714,13.1642919042337,28.9741528296336,16.8467654607735,33.3232945217684,2.35948209061843,6.87908457523939,0,0,50.398165520806,117.545085313338,58.4320451024718,108.78946733715,10.4845615463345,28.4626854506416,0,0,0,0,0,0,0,0,577.657887628244,272.745759498693,1680.21864890815,1745.00930867796
"198",2006,2786,16.4166666666667,3342.89933261075,2707.51065629495,856.347757057648,1613.2836717311,330.51604230252,510.40665743964,50.4530479168002,116.056783748612,0,0,0,0,0,0,0,0,0,0,1.43801430314281,2.77565885027223,0.663860765257932,1.03076823689994,0.103318277635492,0.238141655209959,0,0,0,0,0,0,0,0,6656.61593171532,5149.86558556744,1307.81551542143,2621.30516089559,825.945385856702,1489.85716838673,182.553859979781,489.880920403856,255.757829152095,197.866071304252,50.4060118461382,101.044865807645,31.8261372104038,57.4076818634417,7.03766729813529,18.8852689468757,21088.7204611203,16210.8748255772,4485.33757828633,8770.62073101907,3128.48315257791,5380.96648820061,558.528345569643,1429.87762891502,810.259757082733,622.84781934859,174.427114936413,341.834867600489,122.746707301824,211.497074856322,21.9358260950902,56.2380813416034,0,0,9.22854965179572,18.5582218319563,6.7832588150674,11.7729147559769,1.2741834003042,3.29002059445671,0,0,0,0,0,0,0,0,419.128966968632,343.055775743625,435.733452112017,925.255288339835,500.047759987029,978.182383353764,56.2506837775317,163.245866983186,16.1036010806488,13.1807516522409,16.7386151316343,35.5355571187476,19.1739158791914,37.5029849743902,2.15725129173293,6.2598759555018,245.963134470387,200.665430356095,342.97313424956,754.845636802588,436.785242930306,860.937046243486,64.6535628012779,188.303029839746,9.45029383306298,7.70988684259943,13.172800571975,28.9845385618023,16.7453427710135,33.000746166637,2.47848495562634,7.21746697299876,0,0,50.3634235305666,117.455933041665,58.0039709640735,107.628072975253,11.1021159423234,30.1095931020881,0,0,0,0,0,0,0,0,582.02038385199,274.773025732723,1699.37043464714,1766.74158413062
"199",2006,2786,16.5,3323.85227652299,2691.16161918692,852.468411956248,1605.78377506152,326.139544318913,501.718856474093,52.4781908657851,120.535567351647,0,0,0,0,0,0,0,0,0,0,1.43196585431056,2.76357921498987,0.655434156871401,1.01375407297196,0.107573836952391,0.247570305309,0,0,0,0,0,0,0,0,6682.17618369781,5163.73562920903,1314.20991141589,2633.99774412861,825.323072327389,1483.67832665664,193.934898696171,520.018553047981,256.739894908431,198.39898056151,50.6525926943415,101.534398577269,31.8022226272481,57.169722560679,7.47656791792418,20.047507405671,21053.8196586994,16164.8030500412,4481.4655259304,8762.67536906542,3108.2797514536,5328.70998591335,588.797021360806,1506.56939525784,808.91885893633,621.077666410961,174.275091109862,341.521867795606,121.949841499517,209.435076806821,23.1244425658916,59.2532481310106,0,0,9.23404693774892,18.5686842723416,6.74799221185008,11.6734918256667,1.3461874495335,3.47414028126773,0,0,0,0,0,0,0,0,420.745817855236,343.952905150543,437.958924149312,929.929668043783,499.654156635728,973.990441208185,59.0879249691731,171.248543518434,16.1657231449003,13.2152207961019,16.8244079677359,35.7157954261581,19.1593800457456,37.3433784600019,2.2661532427105,6.56702346296472,245.560686735689,200.071748314971,343.189275864969,755.107467571748,434.179996523092,852.672480761349,67.6524791344852,196.783996174832,9.43483122094707,7.68707662640598,13.1813689792404,28.9952477716301,16.6459877929747,32.6850265527926,2.59353876264896,7.54280917888099,0,0,50.3274253827702,117.363331352633,57.5811776537628,106.485686373854,11.716428205254,31.7417494196779,0,0,0,0,0,0,0,0,586.399801528959,276.805624868178,1718.53503045369,1788.43357002698
"200",2006,2786,16.5833333333333,3304.88659318591,2674.92713172533,848.572436978857,1598.2520134434,321.8632150044,493.281432946256,54.4034250021775,124.766022108893,0,0,0,0,0,0,0,0,0,0,1.42586120686517,2.75140969754318,0.647190422657757,0.997212447488385,0.111632908546396,0.256506066926951,0,0,0,0,0,0,0,0,6707.37317336135,5177.31166119643,1320.51813792998,2646.50314947734,824.695379642154,1477.56140823999,205.387694750622,550.270393410036,257.708003545556,198.920593420839,50.8958547412303,102.0167238611,31.7781035705757,56.9341540200564,7.91825775295632,21.2142118712687,21019.1904298761,16119.1152038055,4477.57586141457,8754.6556278201,3088.4704463718,5277.58265180382,618.817745939301,1582.46781494919,807.588394414134,619.322264677777,174.122345599531,341.205881788423,121.168360967906,207.417328317143,24.3033065747351,62.237068716352,0,0,9.23927865857016,18.5786561738404,6.71339926883051,11.5761276733713,1.41795372842431,3.65727392525284,0,0,0,0,0,0,0,0,422.35070707547,344.841326286769,440.162433550805,934.561061856789,499.264340924304,969.85574221677,61.8516999115952,179.001304855545,16.227385621976,13.249355354315,16.9093568554753,35.8943828697169,19.1449851230232,37.1859515964905,2.37224735504197,6.86461610146072,245.173429133818,199.493657648768,343.408231958395,755.380655090969,431.629981397073,844.587752019696,70.5497637054126,204.930537586858,9.41995223614136,7.6648654558462,13.1900431961841,29.0063877596488,16.5487416625063,32.3761757415893,2.70470449680179,7.85535682368297,0,0,50.2902381514277,117.267463996669,57.1637088454682,105.362207451069,12.327502960965,33.3593387239571,0,0,0,0,0,0,0,0,590.796019082219,278.843507057627,1737.71231735622,1810.08595777782
"201",2006,2786,16.6666666666667,3286.01299046821,2658.81457984176,844.663800419674,1590.69588031886,317.684504250451,485.086583611934,56.2319383493852,128.757200900983,0,0,0,0,0,0,0,0,0,0,1.41970577490631,2.73915735181169,0.639125144518862,0.981129481159359,0.115500683308154,0.264964652056535,0,0,0,0,0,0,0,0,6732.18714436949,5190.58001356561,1326.73501406735,2658.81189338434,824.059832752825,1471.50193983471,216.899103964162,580.59988638492,258.661395993428,199.430384737204,51.1355986177916,102.491476423282,31.7536845390642,56.7008035613381,8.36223060538031,22.383974426743,20984.8448616242,16073.8186922687,4473.67266853399,8746.56994863566,3069.04838634745,5227.5609778519,648.598079465988,1657.59790119872,806.268827919932,617.581898676081,173.969039176348,340.887242821025,120.402004424623,205.442921639903,25.4727105541078,65.190517426032,0,0,9.24426176117932,18.588148004765,6.6794628614325,11.4807720362625,1.48947660829533,3.83941547535395,0,0,0,0,0,0,0,0,423.942998662236,345.720457824677,442.343347343387,939.14735661073,498.877784756642,965.776773072621,64.5497518463847,186.527987820039,16.2885640770042,13.2831329913431,16.9934373518193,36.0712379751824,19.1307106048748,37.0306461033311,2.47583032474106,7.1535670198606,244.801800326681,198.9314729677,343.630809041954,755.66704820346,429.135697681238,836.682665406278,73.3476877971977,212.751020005575,9.40567373277996,7.64326541874576,13.1988541714254,29.0180294531023,16.4536236462075,32.0741868026728,2.81206901260057,8.15542975383785,0,0,50.2519250158987,117.168500416684,56.7515962386037,104.257514553268,12.9353461516048,34.9625460288966,0,0,0,0,0,0,0,0,595.20890843661,280.886619042204,1756.90215521537,1831.69940140483
"202",2006,2786,16.75,3267.24122193812,2642.83057970704,840.746196097061,1583.12236023849,313.600897909153,477.126684086918,57.9668495808839,132.517907708776,0,0,0,0,0,0,0,0,0,0,1.41350512172238,2.72683007553972,0.631234013124104,0.965491608091257,0.119182373281498,0.272961608442802,0,0,0,0,0,0,0,0,6756.60245967573,5203.53024684425,1332.85667929456,2670.91708718669,823.414970621372,1465.49734782589,228.456826627835,610.973002185578,259.599471451716,199.927953409384,51.3716756639989,102.958390711566,31.7289090135457,56.4695715422866,8.80801264703399,23.5554839778042,20950.7921106349,16028.9186559371,4469.75935944917,8738.42548416671,3050.00649454843,5178.62133360885,678.144969191015,1731.98276453234,804.960511271831,615.85676591212,173.81530654122,340.566234032679,119.650501458838,203.510943498257,26.6329234979581,68.114495626226,0,0,9.24901004263783,18.5971683262093,6.64616659971675,11.3873762734895,1.56074968594569,4.02055606913531,0,0,0,0,0,0,0,0,425.522029142729,346.589708229814,444.500952599047,943.686378600998,498.493885895439,961.751923111995,67.1889004576356,193.849758054632,16.3492330183001,13.3165309794861,17.0766219379597,36.2462769302218,19.1165331403513,36.8773999601497,2.57716341795311,7.43468691126373,244.445989746909,198.38529580457,343.857479240134,755.967692562477,426.697168939734,828.956012138536,76.0490599848281,220.255344250623,9.3920029892118,7.62228041615541,13.2078200120806,29.0302129404706,16.3606347334742,31.7790139093687,2.91573976223455,8.44340666305122,0,0,50.2125455499737,117.066597331285,56.3448609485565,103.171467279647,13.5399647132087,36.5515560446391,0,0,0,0,0,0,0,0,599.638334765144,282.934904103167,1776.10438092318,1853.27451686556
"203",2006,2786,16.8333333333333,3248.58018980138,2626.98106348961,836.823069540481,1575.53797743151,309.609925324489,469.394299176776,59.611207873981,136.056700339835,0,0,0,0,0,0,0,0,0,0,1.40726486242346,2.71443633833851,0.623512821323042,0.950285577887604,0.122683190321949,0.280512281212115,0,0,0,0,0,0,0,0,6780.60695199331,5216.15462723617,1338.88034604246,2682.81393799959,822.760098853838,1459.5464662499,240.049415429001,641.358253449567,260.521762433803,200.413002292563,51.6039784383084,103.417281707589,31.7037499599117,56.2404124664501,9.2551627379732,24.7275269504016,20917.0388834285,15984.4183515928,4465.8387917005,8730.22832636806,3031.33755484636,5130.74012386229,707.464787224554,1805.6437307359,803.663702148835,614.146991516429,173.661260847151,340.243097281658,118.913575906184,201.620481249615,27.7841923945591,71.0098362000322,0,0,9.25353485476962,18.6057244460943,6.61349487268648,11.2958935256116,1.63176597822556,4.20068467371666,0,0,0,0,0,0,0,0,427.087124161495,347.44848797784,446.634501898709,948.175972966606,498.112029050986,957.779594247814,69.7751391563955,200.985380590513,16.4093665360503,13.3495266682758,17.1588817666416,36.4194166362733,19.1024288826408,36.7261516347782,2.67647620277472,7.70869439097789,244.105982132358,197.85505347864,344.088437514636,756.282969989301,424.314029195621,821.405764854898,78.6570963700108,227.454567614253,9.37893941908644,7.60190765556298,13.2169481806035,29.0429528200664,16.2697609718105,31.4905798337592,3.01583981954126,8.71971058261977,0,0,50.1721559903398,116.96190025079,55.9435148320011,102.103909148626,14.1413663023522,38.1265523293041,0,0,0,0,0,0,0,0,604.08415628118,284.988302033215,1795.31880618021,1874.81188082954
"204",2006,2786,16.9166666666667,3230.03803999138,2611.27135862564,832.897642279027,1567.9488407938,305.709165751496,461.882191137917,61.1679929395607,139.381893669166,0,0,0,0,0,0,0,0,0,0,1.40099058046535,2.70198494302244,0.615957458800863,0.935498457759065,0.126008326515902,0.287631778465787,0,0,0,0,0,0,0,0,6804.19132998179,5228.44764923115,1344.80407625582,2694.49929855914,822.095071368663,1453.6491047809,251.666273208546,671.726682780726,261.427911951533,200.885319856233,51.8324321449581,103.868027653723,31.6782014455332,56.0133183931075,9.70327235417005,25.8989868519976,20883.5898749951,15940.3195000319,4461.91337381574,8721.98371182034,3013.03428751979,5083.8939246341,736.563370366411,1878.60046464339,802.378580944109,612.4526416045,173.506997781449,339.918041091802,118.190948803776,199.77062821022,28.926743739419,73.8773082541747,0,0,9.25784571844959,18.6138229630415,6.58143286389232,11.2062788012268,1.7025181076612,4.37978869560364,0,0,0,0,0,0,0,0,428.637613066347,348.296220170983,448.743251674628,952.614069525755,497.731634622436,953.858287350724,72.3137293339923,207.951482862249,16.4689388627272,13.3820978923769,17.2401881360585,36.59057724032,19.0883753635942,36.5768434062968,2.77397016499667,7.97622608522975,243.781598576173,197.340534865781,344.323655551609,756.612729149708,421.98560441679,814.029259417275,81.1753013801857,234.360555797978,9.36647614856277,7.58213902523985,13.226237563627,29.056243215789,16.1809765903979,31.2087829144125,3.11250330916897,8.98479553581528,0,0,50.1308095066985,116.8545449017,55.5475617230106,101.054670092337,14.7395590556717,39.6877165460439,0,0,0,0,0,0,0,0,608.546224144374,287.046749157168,1814.54521658698,1896.31203079611
"205",2007,2786,17,3211.04924305413,2595.16541978734,828.820407673453,1560.16553671243,301.703867533694,454.091605960615,62.8554987461801,143.031634300533,0,0,0,0,0,0,0,0,0,0,1.39473302256859,2.68958522890406,0.608176929431423,0.920122106324827,0.129597553428664,0.295409977899473,0,0,0,0,0,0,0,0,6827.52164735148,5240.56893849037,1350.53715467289,2705.94267526527,820.900347529119,1446.24451071313,263.890499903607,703.759642051636,262.324300054003,201.351039173566,52.0535570197856,104.309470081751,31.6322430357533,55.728147597373,10.1748101098353,27.1346501360631,20850.4290719348,15896.606056297,4457.61955720183,8713.45610407971,2993.17956776678,5032.60215029971,767.58943279734,1956.76397214376,801.104532337776,610.77309970572,173.338628720682,339.582217310411,117.407426311629,197.746045682802,30.1448606884252,76.9491747021237,0,0,9.26227377772816,18.622208537118,6.54579446869217,11.1064511884936,1.77769230056547,4.57087661072562,0,0,0,0,0,0,0,0,430.217463652516,349.172518952668,450.865614141331,957.102670839468,497.146348070528,949.188995639708,75.1710566891785,215.892609015651,16.5296393108519,13.4157666905483,17.3220166588777,36.7636763214165,19.0664583003186,36.3988353404379,2.8836966148473,8.28117138163674,243.478694190321,196.84779646951,344.570018211859,756.980329886448,419.44307836446,805.948681601435,83.9075489110215,241.928793218311,9.35483814038345,7.56320722573762,13.2359525600369,29.0709810776827,16.0839736457926,30.8999683805628,3.2173823107041,9.27529373184785,0,0,50.0904279872885,116.749417874182,55.1218084105059,99.9151592563617,15.3740829826271,41.3523613064636,0,0,0,0,0,0,0,0,612.974419709789,289.065949256381,1833.56789588807,1917.31407236254
"206",2007,2786,17.0833333333333,3190.64655882863,2577.75828214902,824.33633420881,1551.84991733453,297.291644126729,445.266655409426,65.0057718555618,147.813255722908,0,0,0,0,0,0,0,0,0,0,1.38845411000719,2.67724241980822,0.599574783136328,0.902637716164778,0.134127530820426,0.305498590672605,0,0,0,0,0,0,0,0,6851.06123237058,5252.91810924394,1356.00126614713,2717.22854450687,818.396317074121,1434.95230693627,277.74165007324,740.361665395631,263.228728554218,201.825514062332,52.2643506198884,104.744874503763,31.5358276086183,55.2931662927222,10.7090616459715,28.5464330140515,20817.3520102224,15853.1162899713,4452.33413700018,8704.18825003816,2968.7225837672,4968.26559804855,803.961084602306,2049.42518054797,799.833700421309,609.102151881876,173.132306014282,339.218327097322,116.443343418826,195.208848531915,31.5726296259435,80.5905166923055,0,0,9.26693889697577,18.6316453125185,6.49996905628193,10.9774936023862,1.86486792140537,4.79472825938065,0,0,0,0,0,0,0,0,431.894497217594,350.138603852711,453.050514707838,961.788935955263,495.998646718253,942.446819818659,78.8870620181216,226.478835543489,16.5940736824256,13.4528852150535,17.4062469243618,36.9443661084278,19.0229653254406,36.1413181889874,3.02636406932466,8.68757591461152,243.19688841331,196.378899662256,344.824041211721,757.39345931983,416.253701233161,795.774892730197,87.3360525548569,251.655314195039,9.34401077281796,7.54519145828051,13.2459593015972,29.0874615919845,15.9621570871319,30.5108738893637,3.34896867964474,9.64856607814718,0,0,50.0536824846995,116.653448565176,54.6100448160458,98.5144598576052,16.1084571758816,43.3061538941425,0,0,0,0,0,0,0,0,617.28693136944,290.973307838076,1852.01927975612,1937.03477387885
"207",2007,2786,17.1666666666667,3170.34409112345,2560.48158627206,819.849914195879,1543.51510852758,292.988954259282,436.734579920393,67.0380346152632,152.293291795135,0,0,0,0,0,0,0,0,0,0,1.38199288907219,2.66462868446732,0.591191921083361,0.885734091295839,0.138428483246329,0.314994908435066,0,0,0,0,0,0,0,0,6874.40055374485,5265.09673162997,1361.45276628518,2728.46914902448,815.984704147043,1423.97821928399,291.667732704681,777.043293968532,264.125462604943,202.293436210082,52.4746457506016,105.17851616269,31.4429686664013,54.8704338370283,11.246223333636,29.9613434940539,20784.3499895014,15809.8477587473,4447.0213963029,8694.79883585113,2944.76989464925,4905.53100696643,839.953518048058,2140.79028272837,798.565751094316,607.439704288288,172.924864017342,338.849606356114,115.499010828959,192.734567128574,32.9854906396125,84.1807303221876,0,0,9.27084971550532,18.6400307503609,6.45512879302878,10.8517301650139,1.9515527233292,5.01655957357168,0,0,0,0,0,0,0,0,433.548271785665,351.086020648794,455.189220695282,966.390035734772,494.829336520274,935.748410017508,82.4811008348162,236.638841913857,16.6576144054544,13.4892864811823,17.4887014710229,37.1217830100853,18.9786370703517,35.8854585778791,3.1643633005858,9.0776635533401,242.91669386489,195.914431900136,345.0615993688,757.778456797244,413.132173215093,785.851159959486,90.6576111592138,261.007419419155,9.33324530980106,7.52734586187788,13.2553311444328,29.1028560723768,15.8429322740559,30.1313383172856,3.47646322714621,10.0075104185952,0,0,50.0154071166587,116.553660532371,54.1063952941422,97.1435595734919,16.837263083774,45.2354283430776,0,0,0,0,0,0,0,0,621.616103762201,292.885885133302,1870.46102160745,1956.68026808282
"208",2007,2786,17.25,3150.15883134033,2543.34771213959,815.366432763734,1535.17160104936,288.793285637713,428.485450820333,68.9564983493678,156.48439224727,0,0,0,0,0,0,0,0,0,0,1.37537997438806,2.65178465055952,0.583018762565584,0.869386944718998,0.142506645333351,0.32391952070706,0,0,0,0,0,0,0,0,6897.47788788917,5277.05880660061,1366.8696367671,2739.62146724476,813.647357105548,1413.28640316037,305.652733060672,813.759986291422,265.012130687331,202.753038259836,52.6835973174194,105.60874320944,31.3529688926508,54.4585729411578,11.7856788121863,31.3776672148725,20751.4679283731,15766.8330858103,4441.69314070295,8685.31203835508,2921.31715455809,4844.3684074936,875.579216490295,2230.90503973438,797.302410201451,605.787010359798,172.716762961308,338.476998425555,114.574262549908,190.322034507628,34.3839282001851,87.7216023214358,0,0,9.27412296715435,18.6474927167167,6.41124988300357,10.7290862665842,2.03775121159853,5.2364086452231,0,0,0,0,0,0,0,0,435.179457498942,352.015245898174,457.285530743874,970.91166363904,493.646047073031,929.108097387456,85.965096692525,246.411099096353,16.7202872278705,13.5249887990264,17.5695261300247,37.2961455356927,18.9337662964997,35.6318067558297,3.2981514030607,9.45290880237739,242.641026193299,195.456661201797,345.286404616767,758.143847751628,410.079167109147,776.175163746609,93.872227341295,269.987683281098,9.32265377520362,7.50975757743275,13.2642106103795,29.1174917815105,15.7263251322531,29.7612734485462,3.59986565907506,10.352224012533,0,0,49.9756606596788,116.450288736395,53.6108885895728,95.8021241068559,17.5605596003066,47.1406670527976,0,0,0,0,0,0,0,0,625.96170778122,294.80358070527,1888.89217201685,1976.25086137698
"209",2007,2786,17.3333333333333,3130.10564587987,2526.36731881678,810.890611491315,1526.82881987156,284.702068428825,420.509488632358,70.7652674879325,160.398784919021,0,0,0,0,0,0,0,0,0,0,1.36864219120185,2.63874699265391,0.575046973937818,0.853573830441364,0.14636832588376,0.332292846647492,0,0,0,0,0,0,0,0,6920.24325378304,5288.76755046198,1372.23432139722,2750.65136365318,811.370144600895,1402.84869069373,319.681397880191,850.469561677701,265.886812450647,203.202906923254,52.8905313749532,106.034244695791,31.2652852552058,54.0565009318169,12.3268408643282,32.7937802053196,20718.7421366596,15724.0982197336,4436.358969828,8675.74772611244,2898.35861157835,4784.74586261544,910.849853831638,2319.81242856651,796.045072825267,604.145067081945,172.508377749924,338.101279805623,113.668877713247,187.970006682193,35.7683957947498,91.214812403898,0,0,9.27685256484877,18.6541326607887,6.36830801291658,10.6094844448981,2.12346589202411,5.45430643285679,0,0,0,0,0,0,0,0,436.788456522129,352.926559952729,459.342230908051,975.357745702511,492.454566098183,922.536665044626,89.3496984627939,255.830234681942,16.7821076014817,13.5600029401532,17.6488278422474,37.4676043042634,18.8885750480993,35.3807767458431,3.42813656768721,9.81463874149396,242.372106816006,195.007282180725,345.501477600969,758.496412497009,407.094902376255,766.743760984468,96.9809630109278,278.601826416064,9.31232151944897,7.49249171470442,13.2727136812969,29.1316290006658,15.6123442378584,29.400559547416,3.7192163228276,10.6829248373824,0,0,49.9345050673406,116.343551561725,53.1235304083994,94.4897829402761,18.2784073307674,49.0223502546462,0,0,0,0,0,0,0,0,630.3235197756,296.726296216024,1907.31200563464,1995.74708148858
"210",2007,2786,17.4166666666667,3110.19759566437,2509.54960784693,806.426688644636,1518.49527410968,280.712706227607,412.797107663306,72.468338632553,164.048281252175,0,0,0,0,0,0,0,0,0,0,1.36180311094609,2.6255488347413,0.567269178306001,0.838273808863956,0.1500198762974,0.340135066523419,0,0,0,0,0,0,0,0,6942.65628299104,5300.19369570066,1377.53286616123,2761.53185622189,809.142081103835,1392.64286504394,333.739333538763,887.132484282062,266.747956875045,203.641917695664,53.0949121636602,106.453984151756,31.1794954724766,53.6633635729254,12.8691552026473,34.2081598424648,20686.2018952114,15681.663678966,4431.0267027389,8666.12229223543,2875.88746446319,4726.63013786473,945.776320882878,2407.55274103105,794.794863984778,602.514662806186,172.300014375314,337.723092332416,112.782594415096,185.677188672899,37.1393169080021,94.6619369719041,0,0,9.27911457886763,18.6600318398662,6.32627897528531,10.4928464167556,2.20869760973207,5.67027785403245,0,0,0,0,0,0,0,0,438.3754694376,353.820097440617,461.361348124599,979.730906212998,491.259304595929,916.042226928556,92.6443996117096,264.927375797456,16.8430832329808,13.594334077192,17.7266843895483,37.6362599242178,18.8432325102515,35.132680086503,3.55468265646285,10.1640461754392,242.111593702056,194.567526938566,345.709241442491,758.841451023179,404.179196446087,757.553119648354,99.9857138812469,286.858034593318,9.30231224437727,7.47559561300759,13.280933398032,29.1454711895375,15.500982769365,29.0490504881164,3.83458755755371,10.9999254633069,0,0,49.8920037686523,116.233652028835,52.644307308513,93.2061365265842,18.9908678807424,50.8809538142537,0,0,0,0,0,0,0,0,634.701318957931,298.653934396312,1925.71995998049,2015.16961389716
"211",2007,2786,17.5,3090.44619607015,2492.90253716279,801.978485005718,1510.17868015138,276.822598001071,405.338942531576,74.069601882236,167.444288595396,0,0,0,0,0,0,0,0,0,0,1.35488350905767,2.61222014201363,0.559678751065081,0.823467204514845,0.153467663390129,0.347466071952493,0,0,0,0,0,0,0,0,6964.68454574432,5311.31415827367,1382.75424950175,2772.24177105161,806.954663512341,1382.65136290823,347.813049705648,923.711983344455,267.594317956947,204.069183651221,53.2963164335577,106.867147998398,31.0952725671413,53.2784852937147,13.4121021631303,35.6193895191593,20653.8706949977,15639.5455259708,4425.7027069068,8656.44929738067,2853.89612539746,4669.9871777,980.368767681521,2494.16373393479,793.552686243177,600.89641467786,172.091922618869,337.342968030909,111.91511992328,183.442253041776,38.4970866205224,98.0644548129728,0,0,9.28097089101276,18.6652557669549,6.28513898674639,10.3790941978025,2.2934458724655,5.88434284902717,0,0,0,0,0,0,0,0,439.94054478626,354.695884664473,463.344333728689,984.032801619383,490.063624023513,909.630846111064,95.8576597854428,273.730502878566,16.9032159873844,13.6279832207317,17.8031514417507,37.8021758165592,18.7978675720879,34.887749574159,3.67811386633569,10.5022032024015,241.8606846813,194.138252283557,345.911608652121,759.18301583008,401.331526979063,748.598859824986,102.889021906736,294.766392742555,9.29267197255008,7.45910219228374,13.2889431963016,29.1591739200212,15.3922208850273,28.7065791412911,3.94607649879411,11.3036113423658,0,0,49.8482206166931,116.120779211062,52.1731898981228,91.9507621945512,19.6980032801246,52.7169476007304,0,0,0,0,0,0,0,0,639.094885645123,300.586398359093,1944.11559412052,2034.51925908059
"212",2007,2786,17.5833333333333,3070.86157762224,2476.4329539844,797.549444150138,1501.88603668984,273.029153349201,398.125869759069,75.5728399868149,170.597812714644,0,0,0,0,0,0,0,0,0,0,1.34790165889027,2.59878797324898,0.552269695700735,0.809135466068326,0.156718047133005,0.354305420386063,0,0,0,0,0,0,0,0,6986.3024807989,5322.11118435195,1387.88995058905,2782.76487475683,804.801445866922,1372.860447429,361.889994549925,960.174150902416,268.424913592481,204.484022659421,53.4944168921239,107.273112279191,31.0123685519197,52.9013374588536,13.9551980706516,37.026162436417,20621.7670309013,15597.7559920122,4420.3921085891,8646.73988039733,2832.37639089981,4614.78242263229,1014.63662958756,2579.68071959006,792.319250206593,599.290792641496,171.884304171507,336.961344983834,111.066137314977,181.263852231424,39.8420725911136,101.423750515548,0,0,9.28247148554585,18.6698569734967,6.24486486141138,10.268150746873,2.37770909041617,6.09651716032808,0,0,0,0,0,0,0,0,441.483611610433,355.553864174348,465.292180298602,988.264333359589,488.870039110379,903.30691688399,98.9969848096817,282.264680253347,16.9625031383832,13.6609481634535,17.8782670439977,37.9653863893319,18.7525766157288,34.6461539365879,3.79871779810735,10.8300700585184,241.620185025103,193.719996818702,346.110041525535,759.524071241669,398.551079816976,739.876159113548,105.693945056875,302.338490489432,9.2834316438077,7.44303214652037,13.296799224675,29.1728509890183,15.2860275554553,28.3729614025087,4.05380008258882,11.5944256767812,0,0,49.8032192302134,116.005109167113,51.7101349162333,90.7232181616902,20.3998755808274,54.530794202006,0,0,0,0,0,0,0,0,643.504000123007,302.523591165154,1962.49856366805,2053.79690624605
"213",2007,2786,17.6666666666667,3051.45267503677,2460.14675036898,793.142680542638,1493.6237146363,269.329807164558,391.149023421832,76.9817300217326,173.519469376003,0,0,0,0,0,0,0,0,0,0,1.340873678323,2.58527679060633,0.545036503309556,0.795261000348328,0.159777358214653,0.360672295149986,0,0,0,0,0,0,0,0,7007.49017031591,5332.5713784728,1392.93346003882,2793.08889232749,802.6775736008,1363.25931286974,375.958562509346,996.487957076983,269.238978506427,204.885920045165,53.6889634440755,107.67140499646,30.9305965622933,52.5315040200957,14.49799555213,38.4272822338126,20589.9053093725,15556.3041878556,4415.09903177148,8637.00322486069,2811.31962587437,4560.9811359464,1048.58867238897,2664.13671839079,791.095109397533,597.698146747048,171.677321860031,336.578585366939,110.235312629749,179.14063128573,41.1746167707497,104.741120280443,0,0,9.28365704372981,18.6738781220448,6.20543419040308,10.1599406509315,2.46148483624263,6.30681318675556,0,0,0,0,0,0,0,0,443.004514937298,356.393921399392,467.205549990126,992.425880000471,487.68044227789,897.073588548039,102.069026625821,290.552347728572,17.0209387316719,13.6932245033619,17.9520565453758,38.1259059538879,18.7074321341423,34.4080141065265,3.9167492904142,11.1485063028917,241.390584628518,193.313045662305,346.305622556529,759.866677568427,395.836798034469,731.379853968485,108.403919210694,309.58700469636,9.27461008073098,7.42739643041741,13.3045430475626,29.1865814858965,15.1823624387562,28.0480000661299,4.15788974723572,11.8728534044985,0,0,49.7570622996489,115.88680610503,51.2550875737734,89.5230478440318,21.0965465171263,56.3229479611293,0,0,0,0,0,0,0,0,647.928441503334,304.465415387849,1980.86859289228,2073.00350419765
"214",2007,2786,17.75,3032.22737840378,2444.04898780142,788.761018046608,1485.39752901937,265.722030686312,384.399805645757,78.2998448067235,176.219494683179,0,0,0,0,0,0,0,0,0,0,1.33381381768971,2.57170873425293,0.537974053548844,0.781827054391908,0.162651877829192,0.366585471445269,0,0,0,0,0,0,0,0,7028.23237349195,5342.68493765443,1397.87989700415,2803.20474038152,800.579427582408,1353.83940631934,390.008086002542,1032.62521703638,270.035927122744,205.274499162216,53.8797685076888,108.061676703359,30.8498171977836,52.1686554873081,15.0400832323968,39.8216617621421,20558.2965637798,15515.1966633343,4409.82678385324,8627.24692079699,2790.71690276,4508.54864641888,1082.23303718848,2747.56260930778,789.880687739726,596.118728649363,171.47110681903,336.19498943663,109.422300283075,177.071237314545,42.4950371096973,108.017777656559,0,0,9.28456086849461,18.6773542520166,6.16682540986479,10.0543904680639,2.54477007875929,6.51524075456891,0,0,0,0,0,0,0,0,444.503042765691,357.215904764401,469.084868354281,996.517465273918,486.496262741486,890.933066541016,105.079674558189,298.613587650261,17.0785146218255,13.724806416695,18.0245362027327,38.2837351807043,18.6624888419083,34.1734147869939,4.03243392150548,11.4582810629644,241.17211943984,192.917481790127,346.499116511499,760.212148875253,393.187431005655,723.104536519043,111.022643218101,316.52535132003,9.26621634886195,7.41219823203492,13.3122040280713,29.2004158472261,15.0811777585437,27.7314885305444,4.25848702371658,12.1394078434812,0,0,49.7098111564898,115.766023485247,50.8079834760856,88.3497834695078,21.7880772246679,58.0938541806992,0,0,0,0,0,0,0,0,652.367986983358,306.411772843613,1999.2254558972,2092.14004143418
"215",2007,2786,17.8333333333333,3013.19264174721,2428.14398669003,784.407017727784,1477.21279087092,262.203338381716,377.869890987368,79.5306544069051,178.707754714665,0,0,0,0,0,0,0,0,0,0,1.32673467420363,2.55810384090998,0.53107755401065,0.7688176409643,0.165347822238609,0.372063293024072,0,0,0,0,0,0,0,0,7048.51784795923,5352.44511497552,1402.72574394161,2813.10599778853,798.504386772025,1344.59398152522,404.028812285349,1068.56051448826,270.815327491684,205.649500783068,54.0666968417654,108.443680195997,30.7699294119474,51.8125318018793,15.5810848570869,41.2083201792798,20526.9489561502,15474.4377987525,4404.57798344179,8617.47721297002,2770.55909275289,4457.45050157963,1115.57728178575,2829.98726740606,788.676298835715,594.552706646492,171.265763428936,335.810805135444,108.626746620668,175.054325483689,43.8036291340826,111.254858790279,0,0,9.28521013956321,18.6803141909811,6.12901779269251,9.95142881915685,2.62756136401732,6.72180771900594,0,0,0,0,0,0,0,0,445.978943921288,358.019638860055,470.930383500026,1000.53886231233,485.318563612709,884.8867974243,108.034130211876,306.466345195401,17.1352211583242,13.7556871639462,18.0957154539415,38.4388651054636,18.617787405435,33.9424115572046,4.14597088326923,11.7600814866058,240.964814924237,192.533222145059,346.691018992535,760.561173118834,390.601575217302,715.044631044818,113.553996119644,323.167434183866,9.25825142664545,7.39743436018456,13.3198011922901,29.2143804677565,14.9824198675447,27.4232137277277,4.3557403598097,12.3946210536197,0,0,49.6615255674862,115.64290494699,50.3687500216941,87.2029487268267,22.4745280581663,59.843948634674,0,0,0,0,0,0,0,0,656.822411484015,308.362564473477,2017.56896588857,2111.20753457952
"216",2007,2786,17.9166666666667,2994.35459187962,2412.43541600857,780.08300583036,1469.07435946769,258.771294435686,371.551229646955,80.6775279726349,180.993756216141,0,0,0,0,0,0,0,0,0,0,1.31964740519344,2.54448025880043,0.524342476807715,0.756217460107273,0.167871328109519,0.37712365069269,0,0,0,0,0,0,0,0,7068.33866716162,5361.84768112016,1407.46858065634,2822.78837463919,796.45059363096,1335.51766016329,418.011874209728,1104.27110741531,271.576875062285,206.01076241064,54.2496553450272,108.817250142259,30.6908615086747,51.462925497136,16.1206581810247,42.5863793629986,20495.868282114,15434.0301978659,4399.35468894452,8607.6992508346,2750.83695655207,4407.65261857614,1148.62842444469,2911.43770826077,787.482165367616,593.000180778644,171.061374285004,335.426237762132,107.848293453905,173.088564910507,45.1006676155343,114.453427944564,0,0,9.28562720300512,18.682782020173,6.09199145828774,9.85098653235528,2.70985498607531,6.92652053129514,0,0,0,0,0,0,0,0,447.431945882568,358.804937571431,472.742225961432,1004.48969912038,484.148142013513,878.935659745231,110.936981735361,314.126647333747,17.1910478704549,13.7858595942824,18.1655992180424,38.5912811822615,18.5733582882316,33.715038202909,4.25753583097923,12.054521143418,240.768529858493,192.160053912353,346.881604053499,760.913930648193,388.077710355619,707.194459726577,116.001958463427,329.527405964954,9.2507098880927,7.38309663818193,13.3273450574595,29.2284822490672,14.8860306301279,27.1229586418939,4.44980210146584,12.6390346673917,0,0,49.6122635016193,115.517585196817,49.9373077762463,86.0820613211146,23.1559584514792,61.5736572156564,0,0,0,0,0,0,0,0,661.291487301114,310.317690229801,2035.89896371445,2130.20701604018
"217",2008,2786,18,2975.25864619588,2396.43643651435,775.643523478084,1460.83414234146,255.38513783238,365.227788042558,81.804239360841,183.317633382378,0,0,0,0,0,0,0,0,0,0,1.31260643538216,2.53091810900368,0.517688007255845,0.743588847972329,0.170351459614729,0.382255199335516,0,0,0,0,0,0,0,0,7088.00479550975,5371.17500455112,1411.90194146795,2832.07058368106,794.302004903502,1325.85524735143,432.143652427299,1140.5952056863,272.332479162888,206.369133092826,54.4207179249855,109.17543100349,30.6081413126966,51.0907348925438,16.665984667326,43.9881368624397,20465.4650415221,15394.2803642835,4393.50822734127,8597.32546767759,2731.13252524136,4356.63109720459,1182.04643956478,2994.71327296529,786.314059316053,591.472927407645,170.833103667434,335.018856330208,107.070559610302,171.074853294446,46.412027421232,117.723416746587,0,0,9.28615703862103,18.6852700688681,6.05482909161331,9.74743347829357,2.79310160761575,7.13560811628827,0,0,0,0,0,0,0,0,448.924653337755,359.610201637306,474.560788377212,1008.43851135305,483.035516892402,872.736330273408,113.921690997559,322.187493787076,17.2484001299631,13.8167991255106,18.2357396396294,38.7436161935467,18.5311394702081,33.4781249688579,4.37224876876623,12.3643467213325,240.593698119469,191.807970737782,347.075880563499,761.281179509442,385.557515298831,699.148475353787,118.462262751021,336.063427798155,9.24399261938092,7.36956903788158,13.3350280564383,29.2431343339958,14.7897730638873,26.8151696581659,4.54434415460348,12.8902198448056,0,0,49.5641862189902,115.393618068996,49.5061864348531,84.9380565125963,23.8443194121073,63.3376020778229,0,0,0,0,0,0,0,0,665.715743484472,312.243619199574,2053.97332197186,2148.81539399083
"218",2008,2786,18.0833333333333,2955.81228555928,2380.05382305982,771.062610150849,1452.45929270181,252.033885761353,358.866965555418,82.9210688787624,185.71135728711,0,0,0,0,0,0,0,0,0,0,1.30555148992563,2.51735879590951,0.511100277739838,0.730872368556884,0.172810889119863,0.387528431959918,0,0,0,0,0,0,0,0,7107.6565260688,5380.53543195685,1416.02723898684,2840.99049146895,792.058677586452,1315.52532881516,446.474211078894,1177.73475822086,273.08753007741,206.728775682662,54.5799358495379,109.519675306726,30.521768822852,50.6928187927628,17.2189919192796,45.421370126876,20435.7440230454,15355.1901064993,4386.91199549697,8586.22279306246,2711.35246759785,4303.97990997189,1215.94468395904,3080.24241995737,785.172164671284,589.971016018634,170.576083335715,334.583546804462,106.289898144881,168.997259567985,47.7421543293131,121.081654333291,0,0,9.28641625209082,18.6874262012087,6.01737400523932,9.639910823638,2.87756805574668,7.35009720446448,0,0,0,0,0,0,0,0,450.465248562503,360.441132896573,476.377735871547,1012.38044001068,481.971003184157,866.211163727079,117.005453123042,330.706115143798,17.3075923129232,13.8487248314006,18.3058164541357,38.8956832757379,18.4907594546275,33.2286928224272,4.49076926851793,12.6917535528073,240.43882283568,191.474769122085,347.26880867299,761.649563344751,383.033754037495,690.839633972593,120.953892193233,342.852402382184,9.23804210836414,7.35676689731594,13.3426565988317,29.2578237126488,14.6933697134818,26.4972751238678,4.64009460442995,13.1511261945145,0,0,49.5175149581023,115.271285523879,49.0739609004393,83.7632335613358,24.5417184906978,65.1443892522881,0,0,0,0,0,0,0,0,670.083667849172,314.133728280455,2071.74609709503,2166.96302960295
"219",2008,2786,18.1666666666667,2936.57427989891,2363.88228417316,766.520753172606,1444.13633817061,248.761615651153,352.717930270672,83.9565022059702,187.898005047173,0,0,0,0,0,0,0,0,0,0,1.29842283406413,2.50372105480439,0.504667620527132,0.718574870872078,0.175104169414047,0.392378445637392,0,0,0,0,0,0,0,0,7126.92184696999,5389.59061124124,1420.09726856079,2849.77244656675,789.861243692067,1305.44235098048,460.768065942735,1214.65217199513,273.827734514943,207.076690151533,54.7370129162899,109.858589679505,30.4371634781436,50.3044151971719,17.7706049639697,46.8460947394048,20406.2048832228,15316.3823111416,4380.35313083087,8575.10645743279,2691.98167020855,4252.70875869795,1249.53573722351,3164.66470902105,784.037257546878,588.479957308542,170.320450955271,334.147620390478,105.525322470454,166.973976863847,49.0601768906581,124.396181246145,0,0,9.28595291829514,18.6886017034562,5.98069859711083,9.53515453666197,2.96149689760015,7.56244333528795,0,0,0,0,0,0,0,0,451.976906213648,361.250780281934,478.141542365805,1016.22939239241,480.891310215123,859.775526669022,120.032462788019,338.978929596959,17.3656726674022,13.8798327768463,18.3738494566453,39.0441746209615,18.4497901929808,32.9826752107626,4.60711949918457,13.0097510732454,240.290428473087,191.147257530654,347.452732167463,762.002570598239,380.57441222797,682.750409011691,123.368727335818,349.36196078923,9.23234060361575,7.34418337662396,13.3499365133792,29.2719161750194,14.5994285625486,26.1877800692909,4.73290579807095,13.4013345047846,0,0,49.4696320334945,115.146379993144,48.649513767545,82.6164578212927,25.2337989733203,66.9283390370547,0,0,0,0,0,0,0,0,674.466415113665,316.028143692769,2089.5080957904,2185.03770295683
"220",2008,2786,18.25,2917.55182558068,2347.92619833563,762.020293141286,1435.87063199506,245.566499633842,346.772854659436,84.9137961392833,189.887378504209,0,0,0,0,0,0,0,0,0,0,1.29124385842727,2.49003279876043,0.498384173878898,0.706679255161789,0.17723704917249,0.396822989475611,0,0,0,0,0,0,0,0,7145.77906352379,5398.32602691688,1424.10257770884,2858.398598177,787.703467699237,1295.59097886639,475.01677937905,1251.3242926499,274.552258930821,207.412318791199,54.8915867560461,110.19148903468,30.354085541143,49.9249343015081,18.3204982348936,48.2614173349515,20376.8645173545,15277.8677872212,4373.83645293853,8563.987349932,2673.01377481696,4202.78395616679,1282.8268171624,3248.01229358905,782.909987091139,587.000166576634,170.066396455442,333.711504885457,104.776585041829,165.003686429625,50.3663780589661,127.668263280457,0,0,9.28488508677936,18.6889183775814,5.94477879087887,9.43308775879333,3.04488735903408,7.77266994945786,0,0,0,0,0,0,0,0,453.460011973685,362.039310325105,479.855576324231,1019.9893108769,479.800749590083,853.434632794754,123.006979522706,347.024914366904,17.4226560119356,13.9101293602625,18.4399679393824,39.189241440151,18.4083970723315,32.7402724804984,4.72146254647483,13.3190661564853,240.149065971125,190.826054299187,347.628214841437,762.342646985943,378.176913408054,674.875243975455,125.710277036273,355.60370669907,9.22690927313186,7.33184223325109,13.3568894316512,29.285505605955,14.5078509328883,25.8864720882707,4.82291197949983,13.6412885937698,0,0,49.4205502423638,115.019016774433,48.2327735398566,81.4971911587912,25.920632680205,68.6899671832349,0,0,0,0,0,0,0,0,678.863706179745,317.926754172029,2107.25845045547,2203.04025876008
"221",2008,2786,18.3333333333333,2898.7510392505,2332.18909377562,757.563279551332,1427.66695215194,242.446712828091,341.024155732333,85.7961058244865,191.688889344935,0,0,0,0,0,0,0,0,0,0,1.2840345885187,2.47631871225505,0.492244810808634,0.695169523980522,0.179215198713038,0.400879390887239,0,0,0,0,0,0,0,0,7164.21175967912,5406.73120292556,1428.03573801986,2866.85515891713,785.580456551172,1285.95870036733,489.212757526758,1287.73049655801,275.26047259411,207.735259094751,55.043372605667,110.517844171195,30.272346819146,49.5538946868812,18.8683785745362,49.6665417455995,20347.7359537301,15239.6544385252,4367.36573278624,8552.87432024976,2654.4419792391,4154.17170640038,1315.82463862893,3330.31533897063,781.79085387605,585.53194749883,169.814069147635,333.275549004476,104.043420929453,163.085065090253,51.6610213871425,130.89908920181,0,0,9.28330905274139,18.6884755264867,5.90959260934533,9.33363554042855,3.12773820425336,7.98079787763075,0,0,0,0,0,0,0,0,454.914848460344,362.806828254221,481.522594544762,1023.66325665738,478.702808812717,847.192240187469,125.932790244859,354.861119029829,17.4785532051466,13.9396186246822,18.504277711445,39.3310011081267,18.3667138543404,32.5016290999815,4.83394336362055,13.6203517359963,240.015027079645,190.511538143842,347.795719806917,762.67162532368,375.838826626418,667.208554208926,127.982044552977,361.58963766337,9.22175932643201,7.31975801807673,13.3635331199284,29.2986623586444,14.4185437307266,25.5931376860529,4.91024718857677,13.8714474388698,0,0,49.3702936577488,114.889311767472,47.8236586680578,80.4048874911602,26.602289816287,70.4297764329731,0,0,0,0,0,0,0,0,683.275265248513,319.82944917905,2124.99643195716,2220.97162819758
"222",2008,2786,18.4166666666667,2880.17712637116,2316.67378598696,753.151514167406,1419.52958361739,239.400443931536,335.464497589313,86.6064892225871,193.311580462414,0,0,0,0,0,0,0,0,0,0,1.27681228152498,2.46260072228703,0.486244951631764,0.684030597446429,0.181044203179984,0.404564538546944,0,0,0,0,0,0,0,0,7182.20773137272,5414.79886484356,1431.89092877738,2875.13153918895,783.488340753539,1276.53513872547,503.349181670293,1323.85253540342,275.951906605183,208.045231567198,55.1921473508324,110.837248586264,30.1917984300235,49.1908969449669,19.4139826078505,51.0607630609043,20318.8291466366,15201.7478753378,4360.94391046816,8541.77460470674,2636.25917664527,4106.83834352883,1348.53546791844,3411.60221008908,780.680240365807,584.075515630984,169.563586131085,332.840038848282,103.325553236158,161.216794547563,52.9443531136437,134.08977795817,0,0,9.28130416903815,18.6873551396253,5.87511975181677,9.23672504702367,3.21004795614983,8.1868460472726,0,0,0,0,0,0,0,0,456.341625745485,363.553399550956,483.144885272196,1027.25364717929,477.600346033271,841.051021348025,128.81326798401,362.50289456535,17.5333723183303,13.9683030860159,18.5668665926681,39.4695462798976,18.3248501510037,32.2668478655682,4.94469102510075,13.9141955927608,239.888406726719,190.2039040272,347.955620606622,762.990838990537,373.557846855136,659.744752059757,130.187491055045,367.331930212089,9.21689441082957,7.30793822187411,13.3698819064864,29.311437610741,14.3314186919244,25.3075632366795,4.99504386015098,14.0922769287981,0,0,49.3188944206879,114.757380049825,47.4220799165607,79.3389962608911,27.2788389485908,72.1482566073123,0,0,0,0,0,0,0,0,687.700818789342,321.736118579871,2142.72141853225,2238.83280112796
"223",2008,2786,18.5,2861.83448021232,2301.38245905251,748.78657635381,1411.4623660696,236.425901956194,330.086794619495,87.3479087819872,194.764136187317,0,0,0,0,0,0,0,0,0,0,1.2695917806807,2.44889828852032,0.480380465895024,0.673248218089388,0.182729554919852,0.407894866195022,0,0,0,0,0,0,0,0,7199.75836026454,5422.52444663754,1435.66369239399,2883.21984142761,781.424089797972,1267.311653478,517.419966857354,1359.67443684063,276.626229833632,208.342060774236,55.3377401524733,111.149399083098,30.1123237195045,48.8356083653447,19.9570751600937,52.4434638357409,20290.1514417116,15164.1517741507,4354.57322237093,8530.69407321275,2618.4580373819,4060.75047526104,1380.96515601353,3491.89958812462,779.578428796404,582.631012229554,169.315037201239,332.405207448219,102.622696281656,159.397566974865,54.2166034345811,137.24138314776,0,0,9.27893555691078,18.6856247689895,5.84134135649498,9.1422856044848,3.29181502587119,8.39083194113647,0,0,0,0,0,0,0,0,457.740498963409,364.279062275601,484.724349594448,1030.76238832536,476.495696756452,835.01276259984,131.651410873813,369.964044513147,17.5871193119936,13.9961842066009,18.6278075386813,39.6049499669198,18.282895521508,32.0359975586847,5.0538202233477,14.2011261556778,239.769139863572,189.903196332673,348.108210958789,763.301196386647,371.331789053452,652.478278134841,132.330009444325,372.842794072663,9.21231202707225,7.29638454992378,13.3759470558305,29.3238662225878,14.2463921525282,25.0295361779339,5.07743181923646,14.3042442687481,0,0,49.2663909530775,114.623335166552,47.0279417707016,78.2989647332105,27.9503469671609,73.8458844783132,0,0,0,0,0,0,0,0,692.140095031015,323.646652508562,2160.43287891208,2256.62481128638
"224",2008,2786,18.5833333333333,2843.72677053661,2286.31673839671,744.46984585118,1403.46873687562,233.52132176968,324.884212653085,88.0232333060644,196.054892886406,0,0,0,0,0,0,0,0,0,0,1.26238583548152,2.43522866909473,0.474647586739204,0.662808866647523,0.184276646532289,0.410886339170759,0,0,0,0,0,0,0,0,7216.8580534786,5429.90565076443,1439.35071559752,2891.11440838535,779.385351926112,1258.28099743006,531.419717478943,1395.18239119179,277.28322739222,208.625658440586,55.4800240598956,111.454078449663,30.0338321121934,48.4877497721636,20.4974475573112,53.8141097598056,20261.7079925652,15126.8681985511,4348.25531483502,8519.63744969418,2601.03108024893,4015.87510407257,1413.11917187073,3571.23258725399,778.485617182868,581.198516580613,169.068489237478,331.971243286817,101.934558377257,157.626089744744,55.4779877791176,140.354897496258,0,0,9.27625651673382,18.6833400772198,5.80823978848134,9.0502487236497,3.37303782594966,8.59277200525894,0,0,0,0,0,0,0,0,459.111583773501,364.983837790795,486.262573471023,1034.19099022994,475.390767828816,829.078538520915,134.449878737756,377.256967080212,17.6397986299544,14.0232628072236,18.6871614063739,39.7372699848496,18.2409230806263,31.809119643793,5.1614326731374,14.4816179549298,239.65703441892,189.609338539703,348.253714297535,763.603249496989,369.158581298357,645.403625221092,134.412903118849,378.134348058815,9.20800479550015,7.28509406218255,13.3817371351407,29.3359693694704,14.163384784045,24.7588459261426,5.15753746583223,14.5078132170461,0,0,49.2128263801348,114.487288526379,46.6411436771585,77.2842399970522,28.6168790881239,75.5231237816839,0,0,0,0,0,0,0,0,696.592823545493,325.560941263934,2178.13035737548,2274.34872329844
"225",2008,2786,18.6666666666667,2825.85703550852,2271.47776586117,740.202526546446,1395.55177620899,230.684968919282,319.850166816293,88.6352407335459,197.191853015487,0,0,0,0,0,0,0,0,0,0,1.2552054305574,2.42160720003995,0.46904282669135,0.65269967549161,0.185690764848526,0.413554445873247,0,0,0,0,0,0,0,0,7233.50367736531,5436.942005439,1442.9496088594,2898.81136957745,777.370298006605,1249.43698598327,545.34367263005,1430.36460367189,277.922778881118,208.896006439505,55.6189075560299,111.751138065607,29.9562531198979,48.1470828338634,21.0349155340152,55.1722440022674,20233.5021814843,15089.8979217762,4341.99135865499,8508.60853384957,2583.97074116018,3972.17973567432,1445.00264052104,3649.6248902295,777.401935483348,579.778058392921,168.823990624778,331.538298872619,101.260844500337,155.901089664917,56.7287082712888,143.431258065902,0,0,9.27331094497447,18.6805473808933,5.77579842368652,8.96054809393589,3.4537148779307,8.79268204874299,0,0,0,0,0,0,0,0,460.454971353618,365.667740978621,487.760899159994,1037.54068025046,474.287130350831,823.248882415563,137.211032637118,384.392809714521,17.6914137754116,14.0495394596774,18.7449796963171,39.8665532922231,18.1989930655937,31.586234813914,5.26761862969055,14.7560975537536,239.551804159577,189.322162872686,348.392294120617,763.897264295292,367.03625584214,638.515357525,136.439368041798,383.218506420411,9.20396171860259,7.27406031244234,13.3872584117749,29.3477572447891,14.0823212495556,24.4952846123839,5.23548308653988,14.7034397228904,0,0,49.1582469803675,114.349348853178,46.2615812751166,76.2942708736413,29.2784988959156,77.1804254229785,0,0,0,0,0,0,0,0,701.058734873918,327.478875227781,2195.81345880923,2292.00562006461
"226",2008,2786,18.75,2808.22775035909,2256.86625582381,735.985664290578,1387.71424090535,227.915142745465,314.978318014379,89.1866204046446,198.182696968223,0,0,0,0,0,0,0,0,0,0,1.24806002863009,2.40804751273503,0.463562925434527,0.6429083714069,0.186977085715389,0.415914193448453,0,0,0,0,0,0,0,0,7249.69414981441,5443.63454659534,1446.45874826091,2906.30831949865,775.377514263921,1240.77427142687,559.187658667083,1465.21115702413,278.544842723918,209.153144573237,55.7543284951185,112.040485560052,29.8795322234119,47.813401397937,21.5693174158958,56.5174819521338,20205.5359216818,15053.2406577381,4335.78213073742,8497.6103579689,2567.26942013442,3929.63244792025,1476.62037438575,3727.0988628174,776.327457211998,578.369626674271,168.581574408348,331.10649680691,100.601258127508,154.221315677772,57.9689549311583,146.471350652115,0,0,9.27013499148045,18.6772853585671,5.74400150083734,8.87311951759966,3.53384488111498,8.99057753516438,0,0,0,0,0,0,0,0,461.770738419364,366.33078683808,489.220473935319,1040.81247666749,473.18608123822,817.523896267042,139.936967759509,391.381598126261,17.7419676959018,14.0750147402476,18.8013064235039,39.9928388215958,18.1571551996024,31.3673472129045,5.37245815124579,15.0249485000264,239.453091872644,189.041431381671,348.524063622542,764.183275931931,364.962944257573,631.808129962655,138.412480290974,388.106897090864,9.20016907171463,7.26327415828452,13.3925152231462,29.3592311789493,14.0031300172389,24.2386478220856,5.31138637659635,14.8915687883303,0,0,49.1027011659204,114.209621917754,45.8891472762573,75.3285093427451,29.9352683880409,78.8182276847679,0,0,0,0,0,0,0,0,705.537560359274,329.400344856452,2213.48183880477,2309.59659486187
"227",2008,2786,18.8333333333333,2790.84088380216,2242.48254124322,731.820161608625,1379.9585924927,225.210178482464,310.262568333832,89.6799752184462,199.034794181001,0,0,0,0,0,0,0,0,0,0,1.24095776829547,2.39456171626422,0.45820481142784,0.633423230892668,0.188140669855885,0.417980106588135,0,0,0,0,0,0,0,0,7265.43011427292,5449.98556452176,1449.87714965244,2913.60406347597,773.405920515497,1232.288173062,572.948044639802,1499.7138775772,279.149443642885,209.397160838323,55.8862492779224,112.322075062324,29.8036277329307,47.486524967762,22.1005124119548,57.8495060869317,20177.8098986823,15016.8952447186,4329.62807895977,8486.64531086926,2550.91951701862,3888.20193849474,1507.97690129412,3803.67565739534,775.262208713354,576.973176789328,168.341260800203,330.675934580215,99.9555026298032,152.585540734137,59.198906750007,149.476013766181,0,0,9.26675835189809,18.673586367108,5.71283400552571,8.7879008314322,3.61342676161845,9.18647380806847,0,0,0,0,0,0,0,0,463.058954736335,366.972995271302,490.642287587244,1044.00724350302,472.088690122695,811.90333285354,142.629542026263,398.232349003397,17.7914630719316,14.0996894136059,18.8561795574673,40.1161595856446,18.1154504923659,31.1524475887025,5.47602219733614,15.2885156522657,239.360487561297,188.766852563764,348.649094302225,764.46113450143,362.936873069869,625.276702846931,140.335187825038,392.81080166164,9.19661110212805,7.25272439970072,13.3975103072222,29.3703853966978,13.9257431928929,23.9887351588336,5.38536012377652,15.0726321640958,0,0,49.0462387109404,114.068210380065,45.5237321598302,74.3864116673385,30.5872480318392,80.4369564831452,0,0,0,0,0,0,0,0,710.029032072813,331.325240703576,2231.13519605653,2327.12274552308
"228",2008,2786,18.9166666666667,2773.69795376431,2228.32661908054,727.706792268714,1372.28702500728,222.568449130065,305.697055771167,90.1178239371487,199.755214744878,0,0,0,0,0,0,0,0,0,0,1.23390565866054,2.38116057650416,0.452965563070866,0.624233034454275,0.189186459303758,0.419766227699208,0,0,0,0,0,0,0,0,7280.71361928222,5455.9983553666,1453.20434529795,2920.69836869238,771.454691092551,1223.97451418312,586.621695991573,1533.86619533533,279.736660346254,209.628181878052,56.0146521221898,112.595897650967,29.7285077516284,47.1662924430641,22.6283788398356,59.1680606111473,20150.32380762,14980.8598254862,4323.52938588564,8475.71525972918,2534.91346611553,3847.85756943826,1539.07649297618,3879.37531803819,774.206178279686,575.588637380042,168.103059641787,330.246689287806,99.3232826251821,150.992563543619,60.4187327844273,152.446042677647,0,0,9.26320554951382,18.6694777522733,5.68228155480846,8.70483183768019,3.69245971874542,9.38038630052842,0,0,0,0,0,0,0,0,464.3196903862,367.594395672479,492.027209227829,1047.12574428192,470.995846026193,806.386677681786,145.290404162897,404.953180903077,17.8399025961518,14.1235646091238,18.9096324356712,40.2365447425413,18.0739130317947,30.9415164391577,5.57837370646369,15.5471094356449,239.273546235152,188.498097597788,348.767424103445,764.730549106802,360.95635805772,618.915952549631,142.210303986836,397.34110209942,9.19327071262575,7.24239840285442,13.4022451151563,29.3812087092439,13.850096301465,23.7453506539395,5.45751195898442,15.247046304227,0,0,48.9889099849229,113.925213621497,45.1652248523283,73.4674394612191,31.2344968339124,82.0370256801377,0,0,0,0,0,0,0,0,714.532882753583,333.253453447667,2248.77326473811,2344.58516854416
"229",2009,2786,19,2756.07129678082,2213.6225851477,723.417870776261,1364.44127014215,219.808449603205,300.866844751569,90.7178014550567,200.786218363584,0,0,0,0,0,0,0,0,0,0,1.22698141332619,2.36792653541813,0.447478515639448,0.614492907439951,0.190558802577843,0.422178347479642,0,0,0,0,0,0,0,0,7296.04723234891,5462.08391591167,1456.17416922816,2927.35783890704,768.903624991982,1214.18798619884,600.984227474693,1569.47787142283,280.325802281319,209.861998846035,56.1293237221186,112.853000928268,29.630271484232,46.7892996314236,23.1828046190762,60.5428821002547,20123.6247961225,14945.4311503981,4316.62213696813,8463.98625428037,2517.18123636538,3803.37493698748,1572.41279309878,3959.77312136944,773.180388103873,574.227410072892,167.833931285752,329.786910081177,98.6234941088312,149.237382929644,61.7261423478251,155.600220041022,0,0,9.26008947172922,18.6656432345678,5.64771935894378,8.61211113447335,3.77655173603743,9.58495906346636,0,0,0,0,0,0,0,0,465.669814060041,368.249401470988,493.460521904429,1050.26960500312,469.740888976587,800.080062053464,148.413062117397,412.75318944996,17.8917765498751,14.1487309777899,18.9649429662136,40.3578993498857,18.0261473220333,30.7002551035964,5.69845131457193,15.8471246591692,239.207190696583,188.247857807882,348.891700310227,765.004051645267,358.727692831602,611.882619380647,144.394086198047,402.599089546564,9.19072126106395,7.2327837887174,13.4072057427322,29.3921825922666,13.7649196011898,23.4761416415245,5.54151166979256,15.4493899782451,0,0,48.9345861343656,113.785440145456,44.7768115315902,72.471968858572,31.921554932686,83.7250382262327,0,0,0,0,0,0,0,0,718.935236533709,335.136269836436,2265.95024594729,2361.54282617718
"230",2009,2786,19.0833333333333,2738.25725238369,2198.69639568356,719.050415450085,1356.52215909371,217.01288089319,295.968723914413,91.3759704496861,201.912870802113,0,0,0,0,0,0,0,0,0,0,1.22006205540971,2.35472645295815,0.441919055453462,0.604610190933647,0.192050466595241,0.424786067083081,0,0,0,0,0,0,0,0,7311.34263984901,5468.1524680008,1458.95771892966,2933.78548831935,766.063518936886,1203.73900241497,615.745122305333,1605.85028397475,280.913476297418,210.095162321941,56.2368277447788,113.101174517286,29.5208932427415,46.3867721331244,23.752592193631,61.9470426252403,20097.3587236155,14910.3916760198,4309.26681962081,8451.7788045185,2498.64664659894,3757.16110009652,1606.85454483625,4042.26679722071,772.171231601453,572.881136499022,167.547634458481,329.308790855407,97.8923396525398,147.414458826406,63.0768145729794,158.836436215053,0,0,9.25664883707632,18.6613072064943,5.61126541207591,8.51523398708949,3.86323022283512,9.79444553299471,0,0,0,0,0,0,0,0,467.053078499221,368.912842475196,494.886140876752,1053.37647566366,468.372692145671,793.369595215395,151.74622059222,421.002652988844,17.9449238238378,14.174221440582,19.0199556629376,40.47782747995,17.974028765868,30.443478196898,5.82661160235131,16.1643981325115,239.150025463867,188.004135567006,349.007916473951,765.251213313523,356.38722901844,604.555218211609,146.72829247885,408.168987097815,9.18852491491303,7.22341958926823,13.4118539864246,29.4021380220739,13.6754448284226,23.1956296424356,5.63128759542077,15.6637117712701,0,0,48.8813223620181,113.646213105954,44.3750386804492,71.4459816656158,32.6284870985255,85.4516923774118,0,0,0,0,0,0,0,0,723.284918150425,336.994410332683,2282.85032611376,2378.17080855383
"231",2009,2786,19.1666666666667,2720.67899612596,2183.9982286444,714.737738566468,1348.68156321297,214.28583066851,291.238901480173,91.967782803047,202.884038528013,0,0,0,0,0,0,0,0,0,0,1.21310648152618,2.34151770142706,0.436496795096301,0.595065629911206,0.193407019526706,0.42707456204605,0,0,0,0,0,0,0,0,7326.31117299324,5473.96788834236,1461.70890393446,2940.11476365218,763.293606143697,1193.57995413224,630.457109654694,1641.93541776412,281.488591278037,210.318600071306,56.3430702045474,113.345537464098,29.4142171962968,45.9954124161007,24.3205054656989,63.3401558642538,20071.2051473842,14875.5645542585,4301.96601940252,8439.57962183365,2480.50674869828,3712.23333909817,1640.95684571769,4123.62617315642,771.166396914788,571.543021869619,167.263390390979,328.830923402235,97.1767214025982,145.642187960572,64.4141348501682,162.027942088056,0,0,9.25254871892763,18.6561007147101,5.57559617061479,8.42102816986116,3.94924745133936,10.0015150644005,0,0,0,0,0,0,0,0,468.401575775171,369.553339961011,496.255188830907,1056.38920302781,466.988748508929,786.777263690541,155.00204421632,428.999198435281,17.9967352872402,14.1988303767311,19.0727917713097,40.5941327290702,17.9212986853213,30.1912153063539,5.95180844935792,16.4719776477611,239.093229632148,187.759350768534,349.108228802288,765.464280158564,354.104021882968,597.420416661915,149.007189207313,413.532672542357,9.18634276097709,7.21401456468566,13.4158883655707,29.4107770457772,13.5881589037047,22.9224868418779,5.71894524275741,15.8701321734048,0,0,48.8268495790512,113.50476681045,43.9812303252853,70.4470606785112,33.329484269457,87.1552605683982,0,0,0,0,0,0,0,0,727.647338175254,338.855837378124,2299.72839470327,2394.7219630666
"232",2009,2786,19.25,2703.34170473172,2169.5308641551,710.48135469942,1340.92348895475,211.625720018239,286.670870639017,92.4962590392935,203.708147462876,0,0,0,0,0,0,0,0,0,0,1.20613601954131,2.32832391662377,0.431206309885593,0.585844430945325,0.194633465018675,0.42905866133681,0,0,0,0,0,0,0,0,7340.92778706952,5479.51311549845,1464.41603522981,2946.32310899202,760.585424251177,1183.69110140372,645.11222070318,1677.71539832329,282.050184965288,210.531656566399,56.4476031043021,113.585224438375,29.3099181219438,45.6144613948097,24.8862374390863,64.7215328587639,20045.185121098,14840.9637159013,4294.72496143484,8427.40070307756,2462.75563774929,3668.55837822093,1674.72875493393,4203.8862712526,770.166692963663,570.21360142759,166.981404681822,328.353777802003,96.4764075348029,143.919263263503,65.7384581026852,165.176116512338,0,0,9.24790703724953,18.6501434168007,5.54068876250247,8.32941540086425,4.03461139458745,10.2062136460851,0,0,0,0,0,0,0,0,469.716289367519,370.171354693993,497.572043608137,1059.31300114056,465.594755087757,780.307130611728,158.186452637969,436.762222899014,18.0472487269406,14.2225754895866,19.1236194379925,40.7070153103232,17.8681758124385,29.9436229024513,6.07426879148592,16.7706066535001,239.037733712238,187.514724137492,349.194078179899,765.648373647125,351.875567986034,590.474873108413,151.231523291165,418.697114558184,9.18421055098137,7.20461561717694,13.4193642319978,29.4182963984733,13.5029659389707,22.6565856879523,5.80451293748465,16.0689174617322,0,0,48.7711948008845,113.361233479395,43.5952821982117,69.4745837453164,34.0246516859449,88.8363449945043,0,0,0,0,0,0,0,0,732.022177004624,340.720436497781,2316.58359385382,2411.19748988564
"233",2009,2786,19.3333333333333,2686.24948422987,2155.29624822956,706.282496553661,1333.25137196261,209.030964966939,282.25834514068,92.9643059719605,204.39323013533,0,0,0,0,0,0,0,0,0,0,1.19916873300616,2.31516582159899,0.426042892376382,0.576932861538141,0.195734775804111,0.430752856172654,0,0,0,0,0,0,0,0,7355.17340580027,5484.77563655227,1467.06988383173,2952.39301417986,757.932144683504,1174.05615865246,659.703208787639,1713.17459487052,282.597524418079,210.733851040949,56.5500727524949,113.81956364415,29.2077335053132,45.2432925959698,25.4495088254652,66.0905707822348,20019.3152321682,14806.5997689646,4287.54763724172,8415.25161960439,2445.38685989989,3626.10279653313,1708.17872461935,4283.07996378496,769.172757067405,568.893282749682,166.701835173534,327.877730156684,95.7911448820345,142.244372156669,67.0501157716305,168.282254755707,0,0,9.24281936965322,18.6435317669088,5.50652175917067,8.24031869561995,4.11932874826328,10.4085830397278,0,0,0,0,0,0,0,0,470.998046710365,370.767257648634,498.840301718552,1062.15194175953,464.195295917967,773.961683533826,161.304765047751,444.309213078806,18.0964959342793,14.2454710325816,19.1725768083054,40.816631569917,17.8148361487309,29.7007969376694,6.19419652220836,17.0609553084483,238.984171904253,187.271168411269,349.266726161064,765.807680198356,349.69961270552,583.714954637221,153.402361919556,423.669928523973,9.18215265192227,7.19525781557166,13.4223300505986,29.4248569057488,13.4197796002894,22.3977874523628,5.88803131739092,16.2603587993481,0,0,48.7143948219927,113.215742549843,43.2170815835994,68.5279272424995,34.7140915503997,90.4955285565986,0,0,0,0,0,0,0,0,736.409123697816,342.588095371088,2333.41524172891,2427.59866161254
"234",2009,2786,19.4166666666667,2669.40556892728,2141.29565324725,702.142166541583,1325.66817634906,206.499987501731,277.995256456435,93.374725529035,204.946959345177,0,0,0,0,0,0,0,0,0,0,1.19222005870921,2.30206168819491,0.421002352573029,0.568318046864935,0.196715876151918,0.432171274832644,0,0,0,0,0,0,0,0,7369.03360098288,5489.74645824395,1469.66313427171,2958.31085830919,755.328183164149,1164.66142226832,674.223492713162,1748.29942894796,283.130055281793,210.924837959529,56.6501988203037,114.048032483822,29.1074486029186,44.881378694944,26.0100658777902,67.4467456191017,19993.6085928135,14772.4807532373,4280.43708637823,8403.14007468237,2428.39358359881,3584.83329551854,1741.31467234078,4361.23822252704,768.185093023149,567.582374737226,166.424802823081,327.403084128284,95.1206655796476,140.616206929156,68.3494186110309,171.347578140815,0,0,9.23736436748599,18.6363449502279,5.47307491585034,8.15366285642827,4.20340525733712,10.6086617293023,0,0,0,0,0,0,0,0,472.247560041584,371.34135772265,500.062971050245,1064.90927590128,462.794115806692,767.742290316309,164.361776784881,451.655994721469,18.1445042745739,14.2675288740601,19.2197794237647,40.9231063317546,17.7614234750068,29.4627903524182,6.31177543221877,17.3436300520152,238.932957636774,187.029361271096,349.327274437397,765.945622235262,347.574089947664,577.136793622709,155.521011481725,428.459144488333,9.18018494840204,7.1859671974659,13.4248281479433,29.4305900529821,13.3385207895325,22.1459443912301,5.96955021787177,16.4447633230347,0,0,48.6564929714281,113.068419741667,42.8465097112883,67.6064690096502,35.3979031997641,92.1333760337428,0,0,0,0,0,0,0,0,740.807874197566,344.458703300549,2350.22278942612,2443.92679244096
"235",2009,2786,19.5,2652.81240517799,2127.52974679353,698.061158336564,1318.17643509867,204.031221953737,273.875758728178,93.7302159281514,205.376655297354,0,0,0,0,0,0,0,0,0,0,1.18530308056217,2.28902753694877,0.416080940713539,0.559987898608522,0.197581627735472,0.433327655885499,0,0,0,0,0,0,0,0,7382.49802060439,5494.4196571712,1472.19014592559,2964.06640464517,752.769026883031,1155.49538424642,688.667145233092,1783.0783172124,283.647379815537,211.10438973555,56.7477651952337,114.270238194634,29.0088898126569,44.5282766926481,26.5676799548639,68.7896099877802,19968.0752686721,14738.6124693307,4273.39551893771,8391.0721437882,2411.76868041687,3544.71684334147,1774.14400621675,4438.39020663945,767.204087573749,566.281100258758,166.15039642696,326.930080218674,94.4646902040961,139.033470348298,69.6366576500058,174.373237415965,0,0,9.23160600698874,18.6286473105608,5.44032907382789,8.06937464776736,4.28684587116645,10.8064853870249,0,0,0,0,0,0,0,0,473.465444337544,371.893914096984,501.242553176698,1067.58757079089,461.394234625754,761.649384584143,167.361792944942,458.816842100369,18.1912973761995,14.2887589721684,19.2653233820041,41.0265381562368,17.7080537402896,29.2296201987972,6.42717049926754,17.6191778054398,238.884316926055,186.789777593862,349.376675895267,766.064940308508,345.497103452599,570.736336605599,157.588972271143,433.073073552544,9.17831612434264,7.17676200838856,13.4268951368819,29.4356011384021,13.259116924591,21.9009016154606,6.04912693236929,16.6224490124048,0,0,48.597537721559,112.919386677785,42.483442894717,66.7095902533318,36.0761830619174,93.7504340024875,0,0,0,0,0,0,0,0,745.218130692622,346.332151037922,2367.00580335685,2460.18322526597
"236",2009,2786,19.5833333333333,2636.47176000674,2113.99867971036,694.040085011623,1310.77830393384,201.623121157028,269.894227534181,94.0333758400586,205.689302863304,0,0,0,0,0,0,0,0,0,0,1.17842888466353,2.27607740630883,0.411275249412086,0.551931015535029,0.198336816503512,0.434235329453825,0,0,0,0,0,0,0,0,7395.55966754531,5498.7918175164,1474.64665277317,2969.65216790524,750.251025298797,1146.548271762,703.02885777976,1817.50154320408,284.149229178792,211.272375127837,56.8426084746189,114.485893589854,28.9119166490377,44.1836102505657,27.122146174428,70.11878823664,19942.7228202139,14704.9988904814,4266.42446911695,8379.0525764019,2395.5048186284,3505.72082044884,1806.67366808154,4514.56341079892,766.230031209663,564.989611972156,165.878678548335,326.458907431479,93.8229314067603,137.494881316474,70.9121058542152,177.3603184701,0,0,9.22559643697302,18.6204914125951,5.4082660237949,7.98738297161727,4.36965493085665,11.0020874330809,0,0,0,0,0,0,0,0,474.652239252928,372.425150921019,502.381145820223,1070.1888770333,459.998090667917,755.682694526367,170.3086762409,465.804632458159,18.2368959735524,14.309169939084,19.309289270548,41.1270057594237,17.6548205662259,29.0012764281293,6.54052972502607,17.888091898057,238.838329624006,186.552729728793,349.415749770432,766.167798166195,343.466898187869,564.50938982497,159.607888141214,437.520166835716,9.17654924779864,7.16765424929578,13.4285624987454,29.4399733079218,13.1815008393767,21.6624988332742,6.12682427863223,16.7937392729248,0,0,48.5375810093209,112.768760515952,42.1277538593222,65.8366773921767,36.7490247408415,95.3472313787364,0,0,0,0,0,0,0,0,749.639600764838,348.208330556287,2383.76394288501,2476.36931638319
"237",2009,2786,19.6666666666667,2620.3848112422,2100.70215911226,690.079402415721,1303.47560616194,199.274161202522,266.045257441526,94.2867080820049,205.89156705136,0,0,0,0,0,0,0,0,0,0,1.17160685522794,2.2632235838324,0.406582137614112,0.544136604290664,0.19898614163214,0.434907203357327,0,0,0,0,0,0,0,0,7408.21430772732,5502.86157059178,1477.02951693605,2975.06289685777,747.771222108927,1137.81168270147,717.30390499284,1851.56112937767,284.635440691497,211.428741549217,56.9346085195464,114.694797219744,28.816415296821,43.8470557054633,27.6732820576418,71.4339715474423,19917.5567469468,14671.6424994983,4259.52492075734,8367.08504189895,2379.59453820788,3467.81313089877,1838.91017276694,4589.78379949421,765.263135236049,563.708005270676,165.609690363396,325.989712775689,93.1950968271914,135.999179199547,72.1760196377348,180.309847514158,0,0,9.2193782740289,18.6119204854674,5.37686839090824,7.90761896590787,4.45183632499185,11.1954995021733,0,0,0,0,0,0,0,0,475.808426770308,372.93526892653,503.480525293936,1072.71486071966,458.607655252954,749.841420680833,173.205890045415,472.630983925743,18.2813185851744,14.3287694872424,19.3517453321329,41.224573086225,17.6017996477339,28.777728719552,6.6519857871384,18.1508173598974,238.794962985034,186.3184005588,349.44519602003,766.255873407904,341.481837544427,558.451658569616,161.579504466619,441.808900938374,9.17488306064889,7.1586509468408,13.4298571353967,29.4437710364498,13.1056099072427,21.4305718572529,6.20270898395626,16.958958536435,0,0,48.4766769106285,112.616653721775,41.7793128241624,64.9871235584631,37.4165191065166,96.92427994893,0,0,0,0,0,0,0,0,754.071996733418,350.087134889682,2400.49694244752,2492.48642376331
"238",2009,2786,19.75,2604.55222067579,2087.63950758751,686.17942817864,1296.26986927115,196.982844835487,262.323658112141,94.492622936576,205.98980713714,0,0,0,0,0,0,0,0,0,0,1.16484491445703,2.2504768052007,0.401998678446864,0.536594421041051,0.199534206337872,0.435355754941083,0,0,0,0,0,0,0,0,7420.46000440322,5506.62923328949,1479.33653434125,2980.2951699639,745.327225032865,1129.27830916004,731.48811032204,1885.25071154736,285.105939940726,211.573501175193,57.0236810056624,114.89681786452,28.722293613957,43.5183314561734,28.2209262140176,72.7349131290235,19892.5808366119,14638.5445527969,4252.69740544364,8355.17232028436,2364.03030787098,3430.96227948778,1870.85964323015,4664.07592806583,764.30354518935,562.436328427577,165.343455449784,325.522608640646,92.5808913106117,134.545126830681,73.4286402144097,183.222795750412,0,0,9.21298632553777,18.6029702114829,5.34611954615842,7.8300160020061,4.53339361261589,11.3867518248208,0,0,0,0,0,0,0,0,476.934444545521,373.424453917575,504.54220881089,1075.16689935002,457.22451868816,744.124361388602,176.056537952468,479.306381334228,18.3245820265036,14.3475647555326,19.3927498573946,41.3192929948919,17.549052054157,28.5589312997305,6.76165755778527,18.4077557500131,238.754097390014,186.086869339185,349.465609743193,766.330435706885,339.540388311062,552.558786823258,163.50563247958,445.947684939878,9.17331296695224,7.14975514613848,13.4308019228877,29.4470431315441,13.031385463512,21.204954124112,6.27685031525202,17.1184286884604,0,0,48.4148807011848,112.463174039608,41.4379883435712,64.1603297938265,38.0787543772806,98.4820748670297,0,0,0,0,0,0,0,0,758.515035199909,351.968458044492,2417.20459828408,2508.53589928914
"239",2009,2786,19.8333333333333,2588.97419792149,2074.80971477471,682.34035832911,1289.16235706106,194.747704070697,258.724449535654,94.6534413529633,205.990090205612,0,0,0,0,0,0,0,0,0,0,1.15814973163512,2.23784643165511,0.39752211632294,0.529294721309885,0.199985510345788,0.435593026406942,0,0,0,0,0,0,0,0,7432.29671769663,5510.09649811563,1481.56626798042,2985.34705005892,742.917096555148,1120.94170931381,745.577810713973,1918.56541256332,285.560725394367,211.706719034557,57.1097710313625,115.091881290402,28.6294769383975,43.1971892061714,28.7649369905017,74.0214233792572,19867.7974654188,14605.7053065798,4245.94208641755,8343.31646486122,2348.8045725947,3395.13743106798,1902.52784382695,4737.46305665889,763.351352372821,561.174591286335,165.079983028059,325.057679087554,91.9800187559853,133.131512822556,74.6701948782551,186.10008377043,0,0,9.20644905108022,18.5936702301746,5.31600352797184,7.75450966106403,4.6143301281539,11.5758735501157,0,0,0,0,0,0,0,0,478.030697093445,373.892883718275,505.567506922304,1077.54616081903,455.849962617098,738.530015607865,178.863400255052,485.84029153404,18.36670183965,14.3655625762414,19.4323531986259,41.4112102911966,17.4966270076583,28.3448268927612,6.86965150395284,18.6592695823236,238.715548159888,185.858133813648,349.477494572483,766.392416000006,337.641107536461,546.826390226524,165.388119187145,449.944784785656,9.17183187106076,7.14096676049751,13.431416225627,29.4498253903956,12.9587723008332,20.9854779588583,6.34931892345104,17.2724661632672,0,0,48.3522480806943,112.30842451097,41.1036480201619,63.3557060285324,38.7358162129077,100.021095182937,0,0,0,0,0,0,0,0,762.96843668591,353.852194941307,2433.88675724763,2524.51908252347
"240",2009,2786,19.9166666666667,2573.65055508967,2062.21148142828,678.562281549894,1282.15409733617,192.567302073768,255.242856513759,94.7713979887023,205.898204000611,0,0,0,0,0,0,0,0,0,0,1.15152690106618,2.22534060630047,0.393149834123608,0.522228218651149,0.200344443910616,0.43563062363012,0,0,0,0,0,0,0,0,7443.72597055591,5513.26617546682,1483.71790916665,2990.21779917016,740.53926499294,1112.79612577851,759.569821536976,1951.5017181978,285.99985556653,211.82850310724,57.1928477987338,115.279959310706,28.5379046742801,42.8834069891758,29.3051911290097,75.2933651297256,19843.2078483099,14573.1242045971,4239.25882804841,8331.51893622654,2333.90979171195,3360.30845246524,1933.92021114321,4809.96725566012,762.406603472039,559.922772474708,164.819270646293,324.594985034157,91.3921835985114,131.757153204372,75.9008981900127,188.942585625773,0,0,9.19978974888402,18.5840453397396,5.28650497546547,7.6810376818991,4.69464906777546,11.7628930118246,0,0,0,0,0,0,0,0,479.097564763545,374.340733544302,506.557565811758,1079.8536648711,454.485018352423,733.056662072327,181.628967419166,492.241268573841,18.4076926382499,14.3827696814349,19.4705993941402,41.5003640895655,17.4445641234248,28.1353497614946,6.97606297247141,18.9056863624749,238.679083305655,185.632128489084,349.481275148493,766.442466741746,335.782632104158,541.25008463751,167.228822285472,453.808263296075,9.17043085960266,7.13228327356741,13.4317163753136,29.4521429137171,12.887718268972,20.7719756707736,6.42018587982535,17.4213796387742,0,0,48.2888345726525,112.152503554476,40.7761590905758,62.5726718629269,39.3877878096145,101.541804375552,0,0,0,0,0,0,0,0,767.43192536647,355.738241388453,2450.54330780176,2540.43729615187
"241",2010,2786,20,2557.42308186338,2048.66957024521,674.476459930265,1274.74715473444,190.035095655726,250.2109215509,95.3064263912175,207.413982062632,0,0,0,0,0,0,0,0,0,0,1.14508712037659,2.213039031737,0.388056881674278,0.511981944106285,0.201554329485596,0.43895892871896,0,0,0,0,0,0,0,0,7455.54628531331,5516.778025731,1485.48226345498,2994.60345269912,736.646988725659,1097.53456705847,775.314236026021,1991.75300590542,286.454010962194,211.963434010433,57.2610554481512,115.449395734674,28.3879680893603,42.2953942910875,29.9129838847338,76.8472102640432,19819.4637230853,14541.1280871881,4231.52661063058,8318.47583565704,2314.39081173987,3304.32183403039,1970.68979161782,4904.21954968431,761.494339189863,558.693429724776,164.518502385266,324.084685171837,90.6233528288554,129.553425483212,77.3421222504974,192.637658997902,0,0,9.1940504858892,18.5750173325311,5.24643136110653,7.55896985067346,4.78722499480212,11.9997659691398,0,0,0,0,0,0,0,0,480.33994229693,374.848823965055,507.673843951497,1082.23954514197,452.525961353615,723.113929095819,185.511461436101,503.442081838761,18.455426804989,14.4022913266533,19.51369518781,41.592524730933,17.369690374357,27.7543153176075,7.12535070702171,19.3363347317994,238.663811777461,185.424244307689,349.500446934248,766.487896412031,333.251825841781,532.242846470581,169.83908812978,461.182533800006,9.16984412892185,7.12429602996283,13.4326056389432,29.4542767128524,12.7908521707412,20.4267833779447,6.52059189444702,17.7050353467692,0,0,48.2311779011638,112.002014470454,40.36896063293,61.3987214425973,40.1337938839173,103.466266505337,0,0,0,0,0,0,0,0,771.700458328186,357.554020009564,2466.4049577102,2555.657484639
"242",2010,2786,20.0833333333333,2541.13415269103,2035.05698999607,670.358015602141,1267.2988158097,187.481792690467,245.035154143864,95.8771892855284,209.096922995163,0,0,0,0,0,0,0,0,0,0,1.13861705557751,2.20072007552289,0.382925089415794,0.501431751458519,0.202842939656565,0.442649649813273,0,0,0,0,0,0,0,0,7467.39147407139,5520.31258849592,1487.19593048909,2998.92294845714,732.535942909955,1081.21994992467,791.458269958096,2033.4980588716,286.909122056741,212.099237564225,57.3273033185614,115.616265162659,28.2295950387952,41.6667915696057,30.5361799917461,78.458621419156,19795.8148102205,14509.2807871212,4223.57888212644,8305.11165363379,2294.20983031886,3245.35940440595,2008.29790956683,5001.64544592824,760.585732697923,557.469804790194,164.209461864802,323.562031030043,89.8286794402978,127.233233201007,78.8161410592429,196.45699772645,0,0,9.18783246946944,18.5652597999557,5.20480870755738,7.42988975881264,4.8818828400705,12.2444234196132,0,0,0,0,0,0,0,0,481.589275814242,375.35216059171,508.766162537581,1084.56560091411,450.417784610111,712.398288130712,189.525521660314,515.132675211116,18.5034282310764,14.4216303235251,19.5558678210474,41.6823807295,17.2890860027599,27.3435953523745,7.27969202057493,19.7857908997139,238.644053153079,185.209725927081,349.498568393873,766.47143332384,330.619099541777,522.702560806444,172.567960651717,469.067634011217,9.16908499627716,7.11605388983555,13.4326833711417,29.4540259992018,12.6900667671501,20.0611132164826,6.62555281554226,18.0083032578585,0,0,48.1736382299897,111.850562144499,39.9512128650606,60.1720261816969,40.8947614923957,105.449536911237,0,0,0,0,0,0,0,0,775.933309418554,359.355711051993,2482.0516995218,2570.60724965458
"243",2010,2786,20.1666666666667,2525.05398357137,2021.64611970755,666.293035820051,1259.92665807135,185.000093636131,240.096197483753,96.3797826612347,210.560593912689,0,0,0,0,0,0,0,0,0,0,1.13210297159222,2.18837671594189,0.37793986827245,0.49135566224729,0.20399576718869,0.445904929974561,0,0,0,0,0,0,0,0,7479.03947093876,5523.69421418401,1488.91346629515,3003.21245995863,728.549916449409,1065.51178396822,807.571540027254,2074.94893993753,287.356656723504,212.229165030954,57.3936831967865,115.781954084983,28.0760362190315,41.0615545604987,31.1581953455372,80.0587029970637,19772.1409138059,14477.5272689066,4215.68023744382,8291.7412240213,2274.50549616344,3188.51503659453,2045.4549765467,5097.06341646826,759.67616590643,556.249783118394,163.902259964979,323.039067574588,89.0527490035495,124.996300769026,80.272453553772,200.197430240646,0,0,9.18097824135102,18.5546520980037,5.16419939733719,7.30543576173248,4.97568345087887,12.4849722022285,0,0,0,0,0,0,0,0,482.799704777038,375.832986524712,509.801436392903,1086.80344140543,448.304983640293,701.976034329193,193.40925701089,526.196096884307,18.549934881505,14.4401044235688,19.5958453541559,41.7688408132891,17.2082974769415,26.9441164551336,7.42903409053003,20.2111841506482,238.617857708769,184.987383764885,349.473639233795,766.401003131496,328.048594023516,513.459010232133,175.227334903299,476.610815952299,9.16807855018508,7.10751114752769,13.4318726427553,29.4516952922387,12.5916621761277,19.7068113550134,6.72784866552639,18.2984555888716,0,0,48.1147418677932,111.696764998046,39.5427875068474,58.9874114652435,41.6480334475767,107.39480580526,0,0,0,0,0,0,0,0,780.176982841406,361.159765267166,2497.65671736574,2585.42782992891
"244",2010,2786,20.25,2509.19252541478,2008.44370902708,662.284108198565,1252.63672544184,182.588185012413,235.382145607805,96.8177827263805,211.819068601843,0,0,0,0,0,0,0,0,0,0,1.12556729266174,2.1760348299233,0.373094574596446,0.481729186338348,0.205018008643509,0.44874717699168,0,0,0,0,0,0,0,0,7490.43343751047,5526.88196503709,1490.61264749058,3007.42782035539,724.672298637199,1050.36559311693,823.638431355258,2116.06097211225,287.79443114007,212.351643516482,57.4593425403526,115.944767245852,27.9266532109055,40.4779720372651,31.7784296524051,81.64573833042,19748.4892794763,14445.9008979643,4207.84111975671,8278.38690829236,2255.27123507356,3133.71723352735,2082.17795429326,5190.56494620687,758.76745407103,555.034646662025,163.597304728109,322.516667280351,88.2953027407804,122.83982195176,81.7117224863653,203.862540447653,0,0,9.17360924017284,18.5433234708004,5.12457314473663,7.18543815263778,5.0686457641274,12.721561047019,0,0,0,0,0,0,0,0,483.972922793309,376.292080624228,510.785026073467,1088.95950944041,446.195030361278,691.848122415577,197.173721446103,536.689608686346,18.5950118274005,14.4577435518373,19.6338337732049,41.8521525676314,17.1276118101385,26.5559163036314,7.57380111635505,20.6147118440176,238.588216744812,184.760357101863,349.430332107851,766.289759026473,325.539675548955,504.509556659116,177.817209460793,483.813167422786,9.16693972118301,7.09878841922654,13.4303530419859,29.4477900448607,12.4956142963912,19.3637774934939,6.82747914678387,18.5755330827564,0,0,48.054570094061,111.540868253283,39.1435609554684,57.8435696472548,42.3938192221674,109.303487706263,0,0,0,0,0,0,0,0,784.43114386913,362.966076483782,2513.21949705634,2600.12271462907
"245",2010,2786,20.3333333333333,2493.55783604436,1995.45500727223,658.333324121733,1245.43408796508,180.244226520885,230.881636559145,97.1945977455713,212.885600547306,0,0,0,0,0,0,0,0,0,0,1.11902926813329,2.1637175242516,0.36838345331479,0.472529384514558,0.205914915118858,0.451198401519433,0,0,0,0,0,0,0,0,7501.52855945309,5529.84406046701,1492.27613746721,3011.53496261136,720.8899582891,1035.74446458228,839.64484145157,2156.79379608072,288.220723468083,212.465451959792,57.5236162309185,116.10339686294,27.7809411576083,39.9146232472886,32.396340573921,83.2181760915208,19724.8980085866,14414.4282351318,4200.06960174406,8265.06637402208,2236.49934897893,3080.89509173463,2118.48246712231,5282.23528766721,757.861061110006,553.825415930774,163.294912467319,321.995520818749,87.5560382421721,120.761014229985,83.1345588459461,207.455670227732,0,0,9.16582268754794,18.5313755888774,5.0859002878157,7.06973029851994,5.16078555591882,12.9543227184012,0,0,0,0,0,0,0,0,485.110304709845,376.730024929348,511.721117701275,1091.03838156988,444.093634920214,682.012888330673,200.828817755522,546.664718172837,18.6387118925742,14.474570071203,19.6699939514843,41.9324918792484,17.0472483438316,26.1789319046223,7.71437309954382,20.9983504588403,238.557395177036,184.531092356559,349.372463264697,766.148275828555,323.091517676022,495.850236146761,180.338260456742,490.679679355899,9.16575553096048,7.08997970024475,13.4282712490373,29.4427166527272,12.4018916386124,19.0318604360725,6.92446999625362,18.8397264068417,0,0,47.9932053596804,111.383095417105,38.7533952065621,56.7392083447071,43.1323192114908,111.176941181349,0,0,0,0,0,0,0,0,788.69547161147,364.774541884571,2528.73973393344,2614.69541699027
"246",2010,2786,20.4166666666667,2478.1564531508,1982.68406473618,654.442376607053,1238.32302769405,177.9663715818,226.583827131451,97.5134842397268,213.772704352508,0,0,0,0,0,0,0,0,0,0,1.11250553638146,2.15144545769987,0.363801390310317,0.463734633236904,0.206691745768103,0.453280102256798,0,0,0,0,0,0,0,0,7512.28937237915,5532.55580991165,1493.89033498893,3015.50750295676,717.192360719333,1021.61706750888,855.578044293663,2197.11127369228,288.634171109064,212.569641710001,57.5859824343591,116.256829967554,27.6384948947491,39.3703018871696,33.0114385361035,84.7746266888064,19701.3980811102,14383.1305654923,4192.37194766372,8251.79371491226,2218.18136764305,3029.97877548264,2154.38297568787,5372.15413699297,756.958177327149,552.622908731411,162.995329464779,321.476180336997,86.8346231002805,118.757137138602,84.5415285689906,210.979945584707,0,0,9.15769785630672,18.518890326571,5.04815207289537,6.95815005170102,5.25211618246354,13.1833769534025,0,0,0,0,0,0,0,0,486.212989869145,377.147262447311,512.613052700096,1093.04335566632,442.005240149082,672.466942575287,204.383450655509,556.167937359908,18.6810788523861,14.4906010027125,19.7044543100337,42.0099854992098,16.9673777366393,25.813033916598,7.85109171987176,21.3638847106024,238.527105478538,184.301502398881,349.303150023064,765.985057797946,320.703120387025,487.476049119358,182.791671714278,497.218201887028,9.16459177547677,7.08115848610311,13.4257470881241,29.4368019626694,12.3104560508253,18.7108692109983,7.01886645975385,19.0913360638545,0,0,47.9307295522535,111.223650772886,38.3721417466937,55.6730542714481,43.8637255404133,113.016472322573,0,0,0,0,0,0,0,0,792.969655659893,366.585060933265,2544.21727088419,2629.14942956481
"247",2010,2786,20.5,2462.99353581675,1970.13384854461,650.612597464549,1231.30710783102,175.752778044756,222.478397374535,97.7775493789651,214.492171993797,0,0,0,0,0,0,0,0,0,0,1.10601034329927,2.1392369667172,0.359343826329543,0.455324564865525,0.207353740213096,0.455013189061111,0,0,0,0,0,0,0,0,7522.68872384088,5534.99880332934,1495.44491867506,3019.32578262409,713.571212525226,1007.95686475919,871.426666809363,2236.98154065324,289.033730822547,212.663505423869,57.6460451375862,116.404311660201,27.4989953233119,38.8439858528189,33.623285841705,86.3138643478525,19678.0141374452,14352.0244941067,4184.7528328597,8238.57988639663,2200.30819789598,2980.89978205662,2189.89282870222,5460.39581981085,756.059749449965,551.427763056749,162.698740440438,320.959076282372,86.1307007006237,116.825502579334,85.9331545244621,214.438283765816,0,0,9.14929837628807,18.5059325608934,5.01130073332039,6.85054020929168,5.34264890878934,13.4088317961593,0,0,0,0,0,0,0,0,487.28191544145,377.544120805428,513.463454311567,1094.97667808869,439.933203990942,663.205493218793,207.845585749284,565.241068532158,18.7221487144154,14.5058489343306,19.7373156762852,42.0847197680614,16.8881289725216,25.4580390649355,7.98426259835732,21.7129185193047,238.498576535605,184.073029668318,349.224880199194,765.80675586754,318.373336713004,479.381135686087,185.179048889292,503.438944450886,9.16349567051514,7.07238019763321,13.4228761945084,29.4303016158075,12.2212637362431,18.4005797912188,7.11072999356149,19.3307531940978,0,0,47.867223342104,111.062720416896,37.9996433288738,54.6438565351204,44.5882220568425,114.823334165788,0,0,0,0,0,0,0,0,797.253394916026,368.397534998228,2559.65207636359,2643.4882065229
"248",2010,2786,20.5833333333333,2448.07307127418,1957.80641003329,646.845011593531,1224.3892756124,173.601619512667,218.555535610368,97.9897595057648,215.05511806429,0,0,0,0,0,0,0,0,0,0,1.09955586960847,2.12710827343643,0.355006631360856,0.447279949606718,0.207906088988789,0.456417914958383,0,0,0,0,0,0,0,0,7532.70628714459,5537.1597626345,1496.93220782844,3022.9755267843,710.019983226501,994.741065614471,887.180601339666,2276.37688685245,289.418621624455,212.746532936113,57.7035096429419,116.545293683353,27.3621910581346,38.334797046288,34.2314933278775,87.8348225865024,19654.7656026054,14321.1227946783,4177.21565314442,8225.43332038654,2182.87031523822,2933.59119438561,2225.02436741375,5547.02970304258,755.166523822811,550.240469692712,162.405280496448,320.444541160088,85.4438976536921,114.963484608811,87.3099205441851,217.833409165513,0,0,9.14067555330041,18.4925541932215,4.97531958701824,6.74674906671645,5.43239334571359,13.6307854085726,0,0,0,0,0,0,0,0,488.317862177363,377.920843794563,514.274402562887,1096.83985138463,437.880056754964,654.222794514318,211.222345037313,573.921672777513,18.7619514763487,14.5203232328922,19.7686580032057,42.1567524336417,16.8095992419791,25.1137273816119,8.11415896363488,22.0468929917621,238.472651073916,183.846735925867,349.139609864057,765.618473991234,316.100894314456,471.558962857244,187.502317103997,509.353860424884,9.16249959495246,7.06368562939023,13.4197337708579,29.4234118157756,12.1342660775157,18.1007422720184,7.20013433169718,19.5584359434852,0,0,47.8027653557913,110.900473890358,37.635736205408,53.6503891740099,45.3059847739112,116.598728421727,0,0,0,0,0,0,0,0,801.546395876663,370.211866830504,2575.04421280437,2657.71514186413
"249",2010,2786,20.6666666666667,2433.39805695015,1945.70303217889,643.140384807363,1217.57195294716,171.511094910281,214.805922575587,98.1529477937735,215.472021740333,0,0,0,0,0,0,0,0,0,0,1.09315252726076,2.11507368914886,0.350786002114524,0.439582596003981,0.208353906771615,0.457513819883862,0,0,0,0,0,0,0,0,7542.32726226732,5539.02953858509,1498.34660691129,3026.44668046964,706.533497860723,981.949749883484,902.830916770552,2315.27358995184,289.788274874238,212.818372718222,57.7581612678165,116.679389777146,27.2278827962619,37.8419677550207,34.8357169720712,89.3365878936926,19631.6676688893,14290.4351503361,4169.76279249631,8212.36045594845,2165.85792673162,2887.9878813846,2259.78902417395,5632.12059192091,754.279084162567,549.061400680411,162.115045454123,319.932830046551,84.7738301163016,113.168527208674,88.6722752231135,221.167868649834,0,0,9.13187116792094,18.4787974772668,4.94018308094707,6.64663074361913,5.5213578425705,13.8493277452066,0,0,0,0,0,0,0,0,489.321493733276,378.277618206459,515.047580829771,1098.63388834878,435.84771384086,645.512505871669,214.520098487254,582.243517130206,18.8005126369262,14.5340310752344,19.798545998315,42.2261224101286,16.7318621136622,24.7798560020836,8.2410251673891,22.3671035843649,238.449870758038,183.623381073006,349.048854304301,765.42404956199,313.884419737988,464.00249879276,189.763628668903,514.976099738026,9.16162436041759,7.05510397800384,13.4163780822431,29.4162801007567,12.0494105649123,17.8110875539817,7.28716194068631,19.7748884409801,0,0,47.7374315532575,110.737065775776,37.2802521037466,52.691453418647,46.0171822763335,118.343807099234,0,0,0,0,0,0,0,0,805.848371232717,372.027960160604,2590.3938108382,2671.83355282151
"250",2010,2786,20.75,2418.97061824562,1933.82432488634,639.499254782051,1210.85709528753,169.479433731203,211.220715288137,98.2698199100414,215.752759128938,0,0,0,0,0,0,0,0,0,0,1.08680916277528,2.10314578085938,0.346678409963892,0.43221528932878,0.208702215633225,0.458319707594479,0,0,0,0,0,0,0,0,7551.54156677927,5540.60248723256,1499.68426561319,3029.73270036332,703.107694677416,969.565361990733,918.369786270585,2353.65172156301,290.142303188819,212.87880792067,57.8098523076125,116.806348511172,27.0959140159327,37.3648212219208,35.4356551306567,90.8183923385088,19608.7319079664,14259.968613726,4162.39578516646,8199.36605853437,2149.26106472281,2844.02658129897,2294.19739450043,5715.72904090734,753.39787507593,547.890826993581,161.828098117784,319.424132938414,84.1201074336548,111.438147526173,90.0206346955664,224.44404355527,0,0,9.12291903472394,18.4646967573303,4.90586675097121,6.55004508716997,5.60954974261261,14.064541751051,0,0,0,0,0,0,0,0,490.293379862657,378.614589130535,515.784356313025,1100.3594445416,433.837589681375,637.067864100022,217.744534967329,590.236920070655,18.8378540869881,14.5469780359247,19.8270322156936,42.2928548710002,16.6549719129408,24.4561657895355,8.36507940790262,22.6747133661583,238.430528122628,183.403472113443,348.953753056425,765.226246418291,311.72246463606,456.70434701533,191.965300027109,520.319651980553,9.16088120657073,7.04665472336682,13.412852954429,29.4090127570963,11.966641801723,17.5313324937838,7.37190159689194,19.9806470910896,0,0,47.6712950441543,110.572637031679,36.9330194882058,51.7658790121601,46.7219760035017,120.059673837583,0,0,0,0,0,0,0,0,810.159039132189,373.845719526654,2605.70105628795,2685.84667431464
"251",2010,2786,20.8333333333333,2404.79212442366,1922.1703186185,635.92196152057,1204.24624971168,167.504900823475,207.791529304027,98.342959961012,215.906636849422,0,0,0,0,0,0,0,0,0,0,1.08053325739,2.09133553425298,0.342680548185096,0.425161727687072,0.208955929447409,0.458853625795545,0,0,0,0,0,0,0,0,7560.34303650868,5541.87585530998,1500.94274524424,3032.82985992384,699.739391939422,957.572229335677,933.790407560338,2391.49492583288,290.480469730863,212.927732758535,57.8584892412351,116.926026627598,26.9661620254419,36.9027531485927,36.0310454903685,92.2796051177205,19585.9668761928,14229.7280608511,4155.1154752226,8186.45353420502,2133.06967736164,2801.64597451256,2328.25931213078,5797.91167519912,752.523225316567,546.728935975863,161.544474440083,318.918586908803,83.4823356565337,109.7699387023,91.3553855284641,227.664162103678,0,0,9.11384656536624,18.4502802243929,4.87234718929937,6.45685761952472,5.69697562887426,14.2765044982056,0,0,0,0,0,0,0,0,491.234019140598,378.931874854014,516.485859186976,1102.01694814666,431.850710840821,628.881856455985,220.900732494626,597.929093737667,18.8739949825877,14.559168659747,19.8541600968455,42.3569662394548,16.5789680675047,24.1423879885865,8.48651642745669,22.9707661562787,238.414717983837,183.187311573325,348.8551330403,765.026943091259,309.613527106473,449.656863279539,194.109753766181,525.399012561088,9.16027377641145,7.03834948901718,13.4091901994651,29.4016820507883,11.8859023227396,17.2611843899954,7.45444615854182,20.1762677516243,0,0,47.6044258862886,110.407316272384,36.5938647680991,50.8725253019984,47.4205205907947,121.747385499821,0,0,0,0,0,0,0,0,814.478122466987,375.665050113379,2620.96617701791,2699.75765309822
"252",2010,2786,20.9166666666667,2390.8632979022,1910.74055260403,632.408676088438,1197.74060983299,165.585800525251,204.510419857129,98.3748364459069,215.942425662252,0,0,0,0,0,0,0,0,0,0,1.07433111700864,2.07965251210106,0.338789283707546,0.418406459738099,0.20911984005643,0.459132852193848,0,0,0,0,0,0,0,0,7568.72867789382,5542.84920639412,1502.12070947912,3035.73660633055,696.426074671524,945.956125375499,949.086920881096,2428.79018058313,290.80265948294,212.965130463741,57.9040208699284,117.038364370886,26.8385297771668,36.4552149150036,36.6216619306087,93.7197234301929,19563.3786810263,14199.7166148717,4147.92216458741,8173.62522081055,2117.27371091502,2760.7867389995,2361.98392301644,5878.72151023824,751.65536954767,545.575847623871,161.264189243859,318.416287374487,82.8601207404431,108.161572025262,92.6768875743424,230.830311744582,0,0,9.10467621312392,18.4355715267578,4.83960200823091,6.36693946377367,5.78364154993448,14.4852882400459,0,0,0,0,0,0,0,0,492.143859812929,379.229580363907,517.153054557556,1103.60671634987,429.887819387421,620.947376878273,223.993226290819,605.34447570206,18.9089525460479,14.57060698047,19.8799667354271,42.4184686611523,16.5038790791779,23.8382502324015,8.60551012568451,23.2561992611907,238.402385252154,182.975042661811,348.753567929237,764.827309399939,307.55607078206,442.852260462085,196.199466161716,530.228880012671,9.15979995332435,7.03019377727935,13.4054118967887,29.3943330116663,11.8071333267128,17.0003450097455,7.53489055030291,20.362314107811,0,0,47.5368909212922,110.241220999893,36.2626134119441,50.010282113688,48.1129642277167,123.407953891769,0,0,0,0,0,0,0,0,818.8053482413,377.485857622004,2636.18943090968,2713.56954284969
"253",2011,2786,21,2375.28657103845,1897.68626905952,626.287724354318,1183.29374559188,165.565099348407,204.747710323571,98.54206859779,219.647318079723,0,0,0,0,0,0,0,0,0,0,1.06495991115456,2.05571980321937,0.338798191630451,0.418882115842239,0.208922324208291,0.464873187731683,0,0,0,0,0,0,0,0,7577.82583349318,5544.34103145625,1497.76811087923,3019.58125870219,701.058271141841,950.602259306156,961.253429456495,2468.03260223199,291.152186748959,213.022448768309,57.7364842422203,116.415902708864,27.0171001436326,36.6343900541074,37.0917234654397,95.2352121500736,19542.4683489589,14170.6222602408,4125.65570931483,8109.91676536395,2125.8803347939,2767.80886446127,2385.34131972684,5961.90610837727,750.8519794443,544.457995405412,160.399221477024,315.933289988992,83.1930375032549,108.429374118781,93.5893093101722,234.078549124486,0,0,9.06820827991128,18.3110733096004,4.86258637436455,6.38731823812273,5.84547206740388,14.6973411136641,0,0,0,0,0,0,0,0,493.367309546904,379.680895373026,516.400956441782,1098.80339715415,433.41508599312,624.281859008058,224.218277532835,609.318120745618,18.9559594694879,14.5879472238479,19.8512129336569,42.2342383437387,16.639558582648,23.9667167477144,8.61450531637273,23.4098176680606,238.449618596274,182.808155854864,347.613063627481,760.106910097102,309.090831639584,443.806366007189,195.97990584859,532.127414913018,9.16161475345232,7.02378171859651,13.3616966797452,29.2132319153552,11.8662656416297,17.0373379770781,7.52673511697234,20.4360393377454,0,0,47.3298764693076,109.423498602157,36.3518320590844,50.0205451865707,48.5541633848182,124.883882622618,0,0,0,0,0,0,0,0,822.802599686362,379.14438914004,2650.23858423549,2726.10300222269
"254",2011,2786,21.0833333333333,2360.11216691142,1884.99075597794,620.37301887699,1169.34750446693,165.486121321763,204.873328974324,98.6825990427566,223.174707123325,0,0,0,0,0,0,0,0,0,0,1.05550972948392,2.03186407584233,0.338718508915859,0.419185327060381,0.208768588417113,0.470618457244993,0,0,0,0,0,0,0,0,7586.2888834702,5545.35639328208,1493.34965594024,3003.28121063221,705.545858516593,954.999437412008,973.111995527016,2506.69282298542,291.477350662926,213.061460593393,57.5663918492811,115.787841157154,27.1900996448104,36.8039688005296,37.5499351899129,96.7283157971037,19521.9552069834,14141.9238650751,4103.75934669023,8047.10169741321,2134.27214616377,2774.47157679212,2408.64908852002,6044.81402178817,750.06384967497,543.355356594801,159.548461535752,313.484756922083,83.5177204156384,108.68341623708,94.4998147066612,237.316112774412,0,0,9.03068483638764,18.1857425152084,4.88508546368647,6.40682047067526,5.90719604307672,14.9092164078707,0,0,0,0,0,0,0,0,494.546661787577,380.107228721934,515.566351660866,1093.88131100506,436.867938525284,627.56576773189,224.626143385221,613.597210213273,19.0012720963427,14.6043276319071,19.8192844068636,42.0454329452836,16.772377079453,24.093231596577,8.63051549751764,23.5751510041183,238.522220430372,182.657648993401,346.495037922507,755.442679277474,310.685413814778,444.847872315976,195.776182384922,534.048018787029,9.1644042510125,7.01799900363196,13.318842595384,29.0342804261082,11.9276911724438,17.0776782316774,7.51918781877517,20.5106119488064,0,0,47.1224607153572,108.607892110155,36.4412012069705,50.0309111335461,48.9947895786955,126.359097724028,0,0,0,0,0,0,0,0,826.8076610506,380.803904725184,2664.35289378864,2738.64767774915
"255",2011,2786,21.1666666666667,2345.33762473997,1872.65224442846,614.671137786363,1155.92666016657,165.342928169787,204.877193048885,98.7964327052808,226.509545469019,0,0,0,0,0,0,0,0,0,0,1.04606827343563,2.00827785755239,0.338527710957671,0.419278015711581,0.208645268812185,0.476285450197931,0,0,0,0,0,0,0,0,7594.16710803619,5545.93506504858,1488.9138637107,2986.98478735376,709.862954058903,959.088572553128,984.700314942237,2544.789876445,291.780044649366,213.083694088056,57.395612724308,115.159894324962,27.3565285547973,36.9616712280211,37.9977446920103,98.1997562523018,19501.7918798265,14113.5866204802,4082.30421687691,7985.43508468747,2142.31697239831,2780.52099594682,2431.95088012549,6127.40105528078,749.289160012933,542.266593778382,158.714677608829,311.080638819464,83.8289892442046,108.913737812486,95.4101380657335,240.541344437031,0,0,8.99252921274171,18.0605525066618,4.90676774137272,6.42482950161446,5.96886352355063,15.1206543475937,0,0,0,0,0,0,0,0,495.68044258499,380.507383017275,514.663897224822,1088.8846632649,440.214342920335,630.726707435037,225.210419587896,618.162461340477,19.044833795101,14.6197021988798,19.7847443453661,41.8537513728994,16.9011041647931,24.2150145255139,8.65329417511151,23.7514574439572,238.614226754372,182.519786172918,345.396013406274,750.844155913982,312.305781619438,445.918058486612,195.612922536731,536.025832513065,9.16793929961904,7.01270209295919,13.2767160215595,28.8578453237814,11.9901032342144,17.1191115294447,7.51319338261922,20.5873785102351,0,0,46.915289674789,107.797916048888,36.5282698840359,50.0364482999841,49.4361909806846,127.834378927816,0,0,0,0,0,0,0,0,830.822099495893,382.465225546519,2678.53621970021,2751.20884682047
"256",2011,2786,21.25,2330.94986246537,1860.65857185033,609.17331750564,1143.00959262664,165.140271020557,204.768814807812,98.884572555443,229.658648883267,0,0,0,0,0,0,0,0,0,0,1.03669110615717,1.98505665661155,0.338227594515874,0.419166242717683,0.208539836610168,0.481833269725302,0,0,0,0,0,0,0,0,7601.50909904099,5546.11602410462,1484.47412975292,2970.72398574924,714.02556521114,962.897748136354,996.038968497189,2582.35639444629,292.062135684856,213.090646824373,57.2246632774404,114.533294022345,27.5170021558442,37.1085776794761,38.4359407427544,99.6507819616289,19481.9447192997,14085.5835100483,4061.27543653324,7924.88156281408,2150.02251953953,2785.97483748927,2455.23374495635,6209.64425757713,748.52661764711,541.190668942335,157.897301203885,308.719579843466,84.1271377024244,109.121018472598,96.3197785476226,243.753353822087,0,0,8.95396656808168,17.9357936227085,4.9276314526019,6.44136724866102,6.03040181714727,15.3314638741639,0,0,0,0,0,0,0,0,496.769397221702,380.88136614211,513.700348058983,1083.82211752795,443.455030595921,633.758926538194,225.950184906711,622.978270615165,19.0866732007075,14.6340712276458,19.7478522216604,41.6595264912467,17.0257674569152,24.3318439954027,8.68203802291951,23.9373703455507,238.720820730794,182.391604278027,344.308552236826,746.298314224855,313.939893931956,447.003156372269,195.498818866503,538.075247138987,9.17203482870234,7.00777713894563,13.2350310907685,28.6834261479294,12.0530394819747,17.1611092291129,7.50908515034465,20.6668903632328,0,0,46.7082697700159,106.993434804829,36.6129720483347,50.0371326394097,49.878294891367,129.309517334477,0,0,0,0,0,0,0,0,834.845548381459,384.128237187118,2692.78563435026,2763.78466509044
"257",2011,2786,21.3333333333333,2316.93675093867,1848.99840490235,603.871305362096,1130.5758519992,164.882662045888,204.55716241885,98.9480212738501,232.628700565637,0,0,0,0,0,0,0,0,0,0,1.02742184292776,1.96227372970376,0.337821446074957,0.418858235504617,0.2084421971104,0.487229975185503,0,0,0,0,0,0,0,0,7608.35618954519,5545.93264658547,1480.04056926141,2954.52373164568,718.04640038108,966.450180030155,1007.14752630737,2619.42330710624,292.325211851684,213.083601166835,57.0539338615833,113.909000486544,27.6720091239053,37.2455816247476,38.8652736345413,101.082576697594,19462.3854188488,14057.891623941,4040.65961880917,7865.40913371902,2157.39702912676,2790.85141393494,2478.48617198668,6291.52336041016,747.775135000316,540.126701853812,157.095821389192,306.400353720185,84.4124805158326,109.305961418045,97.2282906994846,246.951354146296,0,0,8.91518165343605,17.8117037182127,4.94768339928325,6.45646576493336,6.09175275321051,15.5414893285306,0,0,0,0,0,0,0,0,497.814399642576,381.229329554312,512.682126092028,1078.70235458135,446.591586116525,636.658912083219,226.826797995448,628.012672140413,19.1268238915188,14.6474405374586,19.7088547468587,41.4630918693949,17.1464274330125,24.4435846160582,8.71603124153172,24.1316626507896,238.837990121512,182.270652185926,343.226984566072,741.795127938714,315.577465292906,448.091069082487,195.440110866362,540.206628505404,9.17653668168253,7.00312996553259,13.1935698792778,28.5106376959269,12.1161049469776,17.2032068090207,7.50710231906892,20.7495444605945,0,0,46.5013517635044,106.194377017756,36.6952489397532,50.0329522003265,50.3210252963805,130.784295891743,0,0,0,0,0,0,0,0,838.877647757096,385.792825585537,2707.09829352319,2776.37327148555
"258",2011,2786,21.4166666666667,2303.28693129879,1837.66108797337,598.757286289137,1118.60600198532,164.574389550798,204.250703004923,98.9877766222844,235.426251412736,0,0,0,0,0,0,0,0,0,0,1.01829488228183,1.93998521176723,0.337313536600478,0.418363593411197,0.208344172215293,0.492450640859285,0,0,0,0,0,0,0,0,7614.74399745969,5545.41388247241,1475.62087279156,2938.40363758373,721.935642544544,969.765268061916,1018.04448319045,2656.01975797334,292.570641646945,213.06366942002,56.8837216167056,113.287769825263,27.8219411933693,37.3734299861563,39.2864526531315,102.496256213718,19443.0898715764,14030.4912926153,4020.44452632483,7806.98841491302,2164.44906877871,2795.16934553652,2501.69791842047,6373.02045831701,747.033785852719,539.073936777295,156.309771413454,304.12183478191,84.685345317097,109.469282218063,98.1352778917358,250.134649762412,0,0,8.87632725382137,17.6884787009113,4.96693587460749,6.47016335979296,6.15286976270681,15.7506033325501,0,0,0,0,0,0,0,0,498.816411304502,381.551532121175,511.615267880305,1073.53385363536,449.626125119957,639.424777289967,227.823585662305,633.236877017551,19.1653228082446,14.6598200744136,19.6679838560366,41.2647733759337,17.2631650478189,24.5501635985664,8.75463359547225,24.3332292215275,238.962368902252,182.154885696248,342.147024326069,737.326923698426,317.209719699652,449.171216840261,195.441105465172,542.427141665904,9.18131553054614,6.99868203127231,13.1521676445089,28.3391851804762,12.1789625985102,17.2449979746745,7.50740992006963,20.8356149927173,0,0,46.2945195918764,105.400719025806,36.7750493732232,50.0239068641314,50.764304439426,132.258493340619,0,0,0,0,0,0,0,0,842.918045113852,387.458877629717,2721.47144821227,2788.97281457949
"259",2011,2786,21.5,2289.98974105652,1826.63658324709,593.823857247581,1107.08156794153,164.219519292363,203.857411135792,99.0048284235451,238.05771422304,0,0,0,0,0,0,0,0,0,0,1.00933659160075,1.91823235307119,0.33670890112957,0.417692938215106,0.208239273277555,0.497476500593225,0,0,0,0,0,0,0,0,7620.70308517004,5544.58475550722,1471.22068550654,2922.37877981419,725.70130567664,972.859080720767,1028.74719542251,2692.17300275231,292.799599326367,213.031813036103,56.7142450261402,112.670183828723,27.967106825977,37.4927417270461,39.7001436266546,103.892864315622,19424.0376821374,14003.365717215,4000.61892771157,7749.59232763028,2171.18742944414,2798.94740870137,2524.85994495009,6454.11989086154,746.301786588078,538.031728273651,155.538723165441,301.882985920806,84.9460686753878,109.611702947892,99.0403898287718,253.302631620334,0,0,8.83752791389536,17.5662772400974,4.9854054177366,6.48250298690558,6.21371652518322,15.9587035535842,0,0,0,0,0,0,0,0,499.776461735596,381.848323661644,510.505402902757,1068.32479679511,452.5611529497,642.055987739868,228.92571204181,638.625083968777,19.2022095070004,14.6712232791139,19.6254558718076,41.064885506365,17.3760762972716,24.6515602245611,8.79727539361469,24.5410795795195,239.091169139328,182.042622432655,341.065587120889,732.888073823279,318.829271317935,450.234459629554,195.504427695071,544.741155060255,9.18626425844165,6.99436869657483,13.1107058286934,28.1688524268641,12.2413287714793,17.2861317017298,7.51010844136173,20.9252688952553,0,0,46.0877852179832,104.612477083627,36.8523298360207,50.010008134235,51.2080537557192,133.731886561047,0,0,0,0,0,0,0,0,846.966396015838,389.126281523296,2735.90244980028,2801.58146502392
"260",2011,2786,21.5833333333333,2277.03511484068,1815.91538865761,589.063987811047,1095.98495337255,163.821902612996,203.384792761228,99.0001555353378,240.529361259222,0,0,0,0,0,0,0,0,0,0,1.00056684051272,1.89704440270352,0.336013066582435,0.41685748732434,0.208122405980036,0.502293841554178,0,0,0,0,0,0,0,0,7626.25982528839,5543.46702079175,1466.84407776058,2906.46066728399,729.349679484209,975.744966499358,1039.27185112891,2727.90837435457,293.013098167882,212.988867880887,56.5456619813822,112.056687153032,28.1077482676836,37.6040313014855,40.1069677579155,105.273371461954,19405.2115257175,13976.5004836799,3981.17241111962,7693.19569099258,2177.6210072106,2802.20436895627,2547.96430923048,6534.8080422389,745.578471564722,536.999522531436,154.782279979961,299.682842929562,85.194991520062,109.733945714845,99.9433184485946,256.454769535356,0,0,8.79888477316299,17.4452268745571,5.00311123660034,6.4935302403178,6.2742652439225,16.165708540463,0,0,0,0,0,0,0,0,500.695625355326,382.12012439859,509.357736292272,1063.08296543365,455.399396074296,644.553024701408,230.119987877465,644.154194263255,19.2375252686996,14.6816662971941,19.581470838212,40.8637273994664,17.4852657353849,24.7477928979752,8.84345017015177,24.7543269737352,239.222089817234,181.932481992565,339.980564299439,728.474616596865,320.429963502488,451.272982097521,195.631332607331,547.150740579324,9.19129445669044,6.99013692416486,13.0691033780112,27.9994872842612,12.3029669936322,17.3263078303407,7.51524580051363,21.0185850334304,0,0,45.8811822703724,103.829697903743,36.9270544696623,49.9912787081222,51.6521948146969,135.204252923652,0,0,0,0,0,0,0,0,851.022364546295,390.794927140942,2750.3887540354,2814.19742901593
"261",2011,2786,21.6666666666667,2264.41349528261,1805.48846416636,584.470984228103,1085.29936370104,163.385184688282,202.839909020808,98.9747229633423,242.847321303339,0,0,0,0,0,0,0,0,0,0,0.99200038308675,1.87644120900978,0.335231819736738,0.41586869213434,0.207989599812057,0.506892991893925,0,0,0,0,0,0,0,0,7631.43718538852,5542.0797609652,1462.49396055878,2890.65810281879,732.885736174048,978.434121015109,1049.6334566865,2763.24927109976,293.212020622404,212.935567139888,56.3780857341003,111.447620372159,28.2440571522195,37.7077304120695,40.507501070455,106.63867425221,19386.5965672546,13949.8831219295,3962.09522143869,7637.77486449104,2183.75869919443,2804.95883172874,2571.00405815907,6615.07314022507,744.863270801109,535.976840430015,154.040070356724,297.520500703779,85.432455106137,109.836726869747,100.843793779969,259.590604439614,0,0,8.76048001733083,17.3254297015487,5.02007392381763,6.50329172060674,6.33449501695139,16.3715538198779,0,0,0,0,0,0,0,0,501.575000855969,382.367406345756,508.177045763605,1057.8156667948,458.143662610449,646.917089580653,231.394681161919,649.803524907738,19.2713123068564,14.6911672641769,19.53621239919,40.6615800132267,17.590841108041,24.8389077752911,8.89270741731304,24.9721773802145,239.353232397694,181.82333104798,338.890611182178,724.08389968641,322.006703400291,452.280163085269,195.822001368763,549.656153912187,9.1963331804307,6.98594316976795,13.0273086054858,27.8309879257513,12.3636816419992,17.365272066953,7.52282871048442,21.1155726306613,0,0,45.6747602657111,103.052450034753,36.9991948662241,49.9677518145118,52.0966502036063,136.675372497402,0,0,0,0,0,0,0,0,855.085623662369,392.464706345381,2764.92792182571,2826.81895883703
"262",2011,2786,21.75,2252.11578120605,1795.3471885219,580.038466879667,1075.00875768306,162.912811654822,202.229395221564,98.9294801938073,245.017578196426,0,0,0,0,0,0,0,0,0,0,0.983647644194332,1.85643469942067,0.334371096949427,0.414738070392054,0.207837847439873,0.511267722777657,0,0,0,0,0,0,0,0,7636.25518432642,5540.43973386773,1458.1723092085,2874.97765708231,736.313367856084,980.935930411972,1059.8458541535,2798.21718744472,293.397135846394,212.872554676123,56.2115934886029,110.843238176861,28.3761836117485,37.8042011909736,40.9022750540188,107.989596561952,19368.1801243552,13923.5028487101,3943.37817361536,7583.30755232283,2189.60935017892,2807.22916420153,2593.9731477906,6694.90510918162,744.155697024561,534.963267659335,153.311744614367,295.395105689775,85.6587989398669,109.920753965602,101.741580866075,262.709742726111,0,0,8.7223795476825,17.2069658795627,5.03631492850135,6.51183436368359,6.39439080848433,16.5761894653655,0,0,0,0,0,0,0,0,502.415700176961,382.590682703574,506.967698703993,1052.52972243715,460.796781747501,649.149948057617,232.739381914677,655.554598242691,19.3036133439624,14.6997458980433,19.4898484517262,40.4587056756937,17.6929110188549,24.9249727650949,8.94464739515788,25.1939214308051,239.483049293153,181.714250589145,337.79501613239,719.714358398979,323.555339014618,453.250462645978,196.075728458839,552.256145858084,9.20132096888696,6.98175212355909,12.9852941600976,27.6632943288569,12.4233132260274,17.4028116511,7.53282986548022,21.2161832128101,0,0,45.468581300091,102.280818892585,37.0687296626777,49.9394704212088,52.5413440470064,138.14502935331,0,0,0,0,0,0,0,0,859.155855265646,394.135513141752,2779.51761541812,2839.44435625947
"263",2011,2786,21.8333333333333,2240.1332742013,1785.48331464507,575.76034690723,1065.09779704619,162.408038187237,201.559480895728,98.8653594600193,247.045969238764,0,0,0,0,0,0,0,0,0,0,0.975515542431327,1.83703042805414,0.333436864184349,0.413477023157265,0.207664938279221,0.515414628351883,0,0,0,0,0,0,0,0,7640.73136801918,5538.56173464305,1453.88039469475,2859.42415730256,739.635628557298,983.258319975253,1069.92174418484,2832.83175848849,293.569117982045,212.800398942672,56.0462352903751,110.243728139487,28.504245564056,37.8937495807692,41.2917775202582,109.326891206144,19349.9513153113,13897.3502995054,3925.01256187475,7529.7725997791,2195.18169762403,2809.03341582289,2616.86635909438,6774.29541342975,743.455332147511,533.958444419519,152.596971387348,293.305848027557,85.8743586406673,109.986722663,102.636476527242,265.811850219304,0,0,8.68463573486791,17.0898972177398,5.05185595527866,6.51920468332879,6.45394240406174,16.7795776154157,0,0,0,0,0,0,0,0,503.21883702798,382.79049682644,505.733667366823,1047.23145241528,463.361539618703,651.253769175851,234.144863676969,661.390926271075,19.334471170525,14.7074230753382,19.4425317264532,40.2553474726507,17.7915824588724,25.0060713341384,8.99891581518381,25.4189261394655,239.610290142586,181.604501702561,336.693568541513,715.365292683928,325.072536533231,454.179310191782,196.39111058254,554.94827425469,9.20620978120094,6.97753539529965,12.9430519538276,27.4963797072405,12.4817336806039,17.4387510651784,7.54519519249038,21.3203225755095,0,0,45.2627166386324,101.514901677766,37.1356441708657,49.9064864791981,52.9862024972849,139.613012798491,0,0,0,0,0,0,0,0,863.232750271376,395.807243836007,2794.15559506068,2852.07197636677
"264",2011,2786,21.9166666666667,2228.4576304835,1775.88892925272,571.630804428112,1055.55179922711,161.873935341177,200.836010068763,98.7832742033166,248.9381839456,0,0,0,0,0,0,0,0,0,0,0.967608226011602,1.81822895916546,0.332435015680399,0.412096681853877,0.207469307998097,0.519332565957745,0,0,0,0,0,0,0,0,7644.88123849994,5536.45892266366,1449.61898510812,2844.00111628886,742.85494909697,985.408067391692,1079.8727187714,2867.1108202244,293.728562642262,212.719605543671,55.8820417657475,109.649227188843,28.6283369594012,37.9766373601484,41.6764538365645,110.65124220866,19331.9007417421,13871.4172864246,3906.99008020728,7477.14981347725,2200.48432524367,2810.38925123344,2639.67921555235,6853.2369042433,742.76181507411,532.962056118515,151.895434557752,291.251954614714,86.0794641331711,110.035314114156,103.528306194873,268.8966462864,0,0,8.64728991140032,16.9742704442361,5.06671847526902,6.52544815917118,6.51314345672956,16.981690211656,0,0,0,0,0,0,0,0,503.985516947523,382.967412395459,504.4785478827,1041.92667012232,465.840628114019,653.230986675779,235.602951073199,667.297802748678,19.3639282631025,14.7142204535907,19.3944005149899,40.0517290448316,17.8869588336345,25.0822971684728,9.05519875650455,25.6466269256663,239.733952600819,181.493494426674,335.586439696511,711.036665574515,326.555663703216,455.062994201516,196.766218220783,557.729188681302,9.21096110567879,6.97327031772288,12.9005885835333,27.3302427658884,12.5388418905019,17.4729478028414,7.55985043629771,21.4278617068733,0,0,45.0572436863269,100.754802866498,37.1999299668416,49.8688601297784,53.4311541507448,141.079118431031,0,0,0,0,0,0,0,0,867.316008614779,397.479797163803,2808.83971485246,2864.70023018898
"265",2012,2786,22,2217.01588255535,1766.45698389752,567.529010475322,1046.27348680216,161.30844274751,200.020879823644,98.6997312076326,250.742163465251,0,0,0,0,0,0,0,0,0,0,0.959929138707774,1.80004818852418,0.331361412717525,0.410518525466256,0.207280093692687,0.523111116444166,0,0,0,0,0,0,0,0,7648.99495946191,5534.34416760711,1445.13580524308,2828.5496283293,745.951137816625,987.176465146055,1089.7726604388,2901.29667773533,293.886618380156,212.638353272547,55.7093217227121,109.053636426684,28.747679926862,38.0448217087762,42.0591505343814,111.971984907122,19314.5990223483,13846.0672319727,3888.62933148216,7424.99018047006,2205.45888436174,2810.70122823127,2662.5876917226,6932.36240013406,742.097069865786,531.988066030743,151.180964321262,289.216226938846,86.2718279724864,110.043206163407,104.423945496165,271.988913876811,0,0,8.61038957180494,16.8603208466235,5.08077167075396,6.52918704981859,6.57240411585402,17.1839975950932,0,0,0,0,0,0,0,0,504.753517666972,383.142253955153,503.204241542931,1036.63674388611,468.264023416587,654.974464667731,237.151892154699,673.430764341987,19.3934361024517,14.7209381451056,19.34552839366,39.8486722652303,17.9801912197772,25.1495367671471,9.11496555976179,25.8829966779141,239.862033683677,181.387505831582,334.467437320811,706.731354521663,327.993000840461,455.799212310254,197.222399223368,560.699714970059,9.21588220044033,6.96919806590055,12.8576661874873,27.1649943353865,12.5941878125845,17.5014737543827,7.57761532575813,21.5426716269894,0,0,44.8524548337216,100.001931679409,37.2604692677694,49.8158043821915,53.8789948858582,142.554669831116,0,0,0,0,0,0,0,0,871.382290922958,399.143103826272,2823.48483448041,2877.25217973482
"266",2012,2786,22.0833333333333,2205.54749045438,1756.80582305129,563.032916859575,1036.94175419259,160.691810392685,198.960852133772,98.6703909048273,252.612631018423,0,0,0,0,0,0,0,0,0,0,0.952375348491577,1.7824673624177,0.33018521456776,0.408432865278301,0.207207058289181,0.527072610372862,0,0,0,0,0,0,0,0,7654.16922527857,5533.00849920795,1439.53840296598,2812.52885748217,748.849093714845,987.795616828847,1099.8841673857,2936.29981760718,294.085421947359,212.587034756692,55.4937795851028,108.436188101876,28.8593799644328,38.0687080063087,42.4499872720039,113.324203086397,19300.1418341699,13822.6346681148,3867.44253411793,7371.6752500793,2209.83904622302,2807.72568160374,2686.24294131506,7013.99141825225,741.541615698792,531.087749010986,150.357975801009,287.136637896058,86.4410442760977,109.92255322671,105.348840870799,275.179500865548,0,0,8.57314724020128,16.7481460861088,5.09347286943374,6.52525863970433,6.63327392409217,17.3920132215481,0,0,0,0,0,0,0,0,505.657267294461,383.389925264423,501.881304654941,1031.40331219729,470.722761903236,656.071029494512,238.946125725245,680.369053140147,19.4281596311221,14.7304540720919,19.2947855490048,39.6477793187957,18.0747753542377,25.1919255017344,9.18414891168639,26.150279311884,240.025334524009,181.30888749867,333.307612430023,702.448039817654,329.351090818802,456.017942939931,197.844522488898,564.237109052884,9.222156494186,6.96617742333582,12.8131726149257,27.0005842891013,12.6464867400791,17.510120982874,7.60174920506216,21.6792374554853,0,0,44.6490213535477,99.2608307854253,37.3130535467211,49.7074617432897,54.3402406012986,144.081683707349,0,0,0,0,0,0,0,0,875.346018648144,400.760086392313,2837.77933032681,2889.44061064356
"267",2012,2786,22.1666666666667,2194.35052110902,1747.40152395665,558.694282443411,1027.94411277746,160.047542755865,197.869938341759,98.6196995924547,254.346896953561,0,0,0,0,0,0,0,0,0,0,0.944889897861495,1.76533544285472,0.328955983898747,0.406279317731091,0.207104083927943,0.530787662649275,0,0,0,0,0,0,0,0,7659.12316700287,5531.51571350959,1434.05152049682,2796.73357502072,751.655846554184,988.299493952148,1109.9231138543,2971.08505660999,294.275760310598,212.529679542944,55.2824648242132,107.827394284809,28.9675620741057,38.088145138823,42.8380118204408,114.667999049003,19285.7544527177,13799.3389210047,3846.64348613156,7319.24071679047,2213.93121664538,2804.39903769288,2709.77981832656,7095.0532361718,740.988843352722,530.192688718514,149.54989466374,285.091145121499,86.5991014715655,109.788315614013,106.26919256926,278.348144803167,0,0,8.53510555755355,16.6365037536161,5.1055406785901,6.52049537316721,6.69379267172725,17.5986293540898,0,0,0,0,0,0,0,0,506.521586056015,383.61417917566,500.50430960042,1026.14322654316,473.080541236115,657.040469750691,240.759484899187,687.280611122765,19.461368162528,14.7390702652113,19.2419614312484,39.4458528920526,18.1654777146251,25.2294224124958,9.25406118926334,26.4165233961631,240.181488364784,181.224537169107,332.135324046226,698.170910406589,330.676540926077,456.190513420392,198.517409506023,567.832756325044,9.22815618849362,6.96293654830391,12.768197332217,26.8364045709645,12.6975282653397,17.516987140335,7.62782861388747,21.8180301512207,0,0,44.4457621467926,98.5251515708643,37.3629303216346,49.5957368047745,54.8012013468482,145.60486943736,0,0,0,0,0,0,0,0,879.316681060295,402.378064137745,2852.11513637219,2901.61811675511
"268",2012,2786,22.25,2183.42071577346,1738.23935081204,554.507666656314,1019.2689187197,159.378774016551,196.752660547296,98.5488106358771,255.95090037873,0,0,0,0,0,0,0,0,0,0,0.937503632105996,1.74866683321058,0.327676188431478,0.404065032876114,0.206970022000327,0.534259487110677,0,0,0,0,0,0,0,0,7663.84607301641,5529.85985746998,1428.66384500255,2781.14608166413,754.369529070725,988.685517086153,1119.89289138192,3005.65041546131,294.457221912365,212.466058905908,55.074945627531,107.226578170208,29.0721548539362,38.1030350156918,43.2233549750589,116.003296864309,19271.4477373209,13776.1863399265,3826.2282530557,7267.67655640143,2217.74684287346,2800.73958970121,2733.1989179156,7175.55375203149,740.439170064271,529.30312910282,148.756575419197,283.079369795136,86.74644028991,109.64119967676,107.185022172007,281.495070876817,0,0,8.49653717825149,16.5256007053113,5.11697597338587,6.51492575767308,6.75395762820152,17.8038424427974,0,0,0,0,0,0,0,0,507.348107262133,383.815844283782,499.082204543746,1020.866446871,475.341791780171,657.888689341897,242.588300729579,694.162148274869,19.4931244510712,14.7468185604054,19.187399835278,39.2432758975869,18.2524685379141,25.262254636871,9.32456158821137,26.6816028086416,240.331055684419,181.135303467157,330.95109431744,693.904085776092,331.967505866032,456.316435906539,199.237993428394,571.48081320725,9.23390281784466,6.95950804630592,12.7227604490826,26.6726136659255,12.7472415470128,17.5220536366086,7.65573569696807,21.9588251908274,0,0,44.2426213898161,97.7949507952428,37.4101283766882,49.4807327692657,55.2618482263901,147.124148812588,0,0,0,0,0,0,0,0,883.293975310909,403.996940047115,2866.48970472191,2913.78315330394
"269",2012,2786,22.3333333333333,2172.75360317021,1729.31444412342,550.467768514948,1010.90482878405,158.688429791952,195.613207429165,98.4588348931966,257.430391089254,0,0,0,0,0,0,0,0,0,0,0.930240631721969,1.73247029376221,0.32634900453147,0.401797227757398,0.20680432247225,0.537492596031226,0,0,0,0,0,0,0,0,7668.32985555569,5528.03685205437,1423.36562023633,2765.75166451591,756.988729751847,988.952067440812,1129.79659300484,3039.99401305393,294.629496007851,212.396016122546,54.870849621895,106.633177230945,29.1731043843637,38.1133163375444,43.6061360807986,117.330024378101,19257.2304535008,13753.1818228454,3806.19224774635,7216.97166954739,2221.29677091058,2796.76458939803,2756.50090050212,7255.49864440403,739.892932622711,528.419258351409,147.977847205284,281.100891170406,86.8834784255034,109.481871746867,108.096353729998,284.620495772456,0,0,8.45766291582183,16.4156003238629,5.12778458799938,6.508578892008,6.81376834752409,18.0076520482174,0,0,0,0,0,0,0,0,508.138321465527,383.99567770366,497.622690204946,1015.58142789536,477.510469022892,658.620931437514,244.429340830627,701.010763582743,19.5234857661714,14.7537280472381,19.131396674616,39.040373451036,18.3358998289344,25.2906239297903,9.39552607217759,26.9454063598558,240.474498435146,181.041887368652,329.755848096113,689.651451867154,333.222571945977,456.395541432176,200.003148791016,575.175604216437,9.23941413118717,6.95591884995415,12.6768975419408,26.5093610805364,12.7955723297942,17.5253141533635,7.68535036935636,22.1014045542886,0,0,44.0395821186598,97.0703037545725,37.4546731259298,49.3625500833895,55.7221500275109,148.639440808601,0,0,0,0,0,0,0,0,887.277610813067,405.616620448354,2880.90064704977,2925.93428149601
"270",2012,2786,22.4166666666667,2162.34455405985,1720.62186400111,546.569434728969,1002.84081677865,157.979238706298,194.455453876814,98.3508421897328,258.790931704267,0,0,0,0,0,0,0,0,0,0,0.923119446280654,1.71675002375571,0.324978064664219,0.399483033047192,0.206606908476606,0.540492501326826,0,0,0,0,0,0,0,0,7672.5686056965,5526.04415392088,1418.14846034809,2750.53812193048,759.512444770806,989.098341867024,1139.63699145935,3074.11401173118,294.79235556674,212.319453473596,54.6698567681504,106.046725034743,29.270372385938,38.1189590459528,43.9864621886441,118.648111106423,19243.1096194032,13730.3290696538,3786.53036062482,7167.11413101346,2224.59129109683,2792.49033558522,2779.68649326136,7334.89340489547,739.350400680392,527.541218619913,147.213518798641,279.155256191133,87.0106122896532,109.310961536183,109.003213842755,287.724628968149,0,0,8.41866136549115,16.306630879052,5.13797584565072,6.50148398959033,6.87322609744747,18.2100600537316,0,0,0,0,0,0,0,0,508.893595324685,384.154376496999,496.132394876255,1010.29535987246,479.590118063718,659.241892498131,246.27975877905,707.823895406991,19.5525046170345,14.7598255079348,19.0742066948991,38.8374221093887,18.4159078344602,25.3147110378086,9.46684542951833,27.2078358874658,240.61220054057,180.944868147696,328.550788791667,685.416628064882,334.440692903784,456.427917347111,200.809755453287,578.911680653839,9.24470487948498,6.9521912158859,12.6306548886419,26.3467860781967,12.8424804784153,17.5267722362512,7.71655276968773,22.2455589723696,0,0,43.8366571241228,96.3512979556942,37.4965882625323,49.241287270773,56.1820741895002,150.15066332898,0,0,0,0,0,0,0,0,891.267308264628,407.237014756276,2895.34571570093,2938.07015531659
"271",2012,2786,22.5,2152.18882819654,1712.15662571972,542.807660037522,995.066173595707,157.253748829582,193.282988271568,98.2258638924309,260.037906029698,0,0,0,0,0,0,0,0,0,0,0.916154213771264,1.70150663623169,0.323567266400007,0.397129394180396,0.206378066425531,0.543265455966072,0,0,0,0,0,0,0,0,7676.55817856654,5523.88044480468,1413.00514824302,2735.49530375413,761.940025567159,989.12421008698,1149.41654319351,3108.00858652184,294.945641336409,212.236320309214,54.4716916634411,105.466833648534,29.3639342097431,38.1199588572093,44.364428203967,119.957487050364,19229.0908308506,13707.6308163414,3767.23707978493,7118.09140823961,2227.64019457,2787.9322779206,2802.75648541756,7413.74336628176,738.811789241725,526.669115029278,146.463383244799,277.241987937555,87.1282191786156,109.129066125313,109.905631493795,290.807673846319,0,0,8.37967752724761,16.1987929210247,5.14756144194638,6.49367007302478,6.93233337619374,18.4110700178343,0,0,0,0,0,0,0,0,509.615190501727,384.292588403152,494.617050111765,1005.0143970549,481.583939878361,659.755828679911,248.137039124832,714.599270262894,19.580229478738,14.7651358296771,19.016050214439,38.6346586386167,18.4926155861911,25.3346797828221,9.53842316127817,27.468804289522,240.744485617776,180.844727289031,327.337298068423,681.202959576117,335.62112543443,456.413851837263,201.654743984156,582.683849958774,9.249787496629,6.94834364351472,12.5840856175899,26.1850173880821,12.8879374999467,17.5264391590918,7.74922500055789,22.3910890472687,0,0,43.6338812291325,95.6380281479866,37.5358969238249,49.1170415490454,56.6415875505002,151.657734498302,0,0,0,0,0,0,0,0,895.262798472884,408.85803516668,2909.8227838244,2950.18950832699
"272",2012,2786,22.5833333333333,2142.28160301393,1703.91372249455,539.177591159801,987.570515278502,156.514334390571,192.099124177585,98.0848935065742,261.176519496557,0,0,0,0,0,0,0,0,0,0,0.909355272352751,1.68673770140567,0.322120668161016,0.394743014170129,0.206118384750979,0.54581830515536,0,0,0,0,0,0,0,0,7680.29596566219,5521.54545897038,1407.929522384,2720.61485324583,764.271151464217,989.030134162435,1159.13739170184,3141.67591670632,295.089253093978,212.146606419423,54.2761192191819,104.89318376006,29.4537777879099,38.116334178681,44.7401170102688,121.258082369522,19215.1784387672,13685.0889638116,3748.30656303138,7069.89049126636,2230.45279867289,2783.10506456301,2825.7117234105,7492.05371350282,738.277265480151,525.803020615106,145.727220629222,275.360590640257,87.2366582494656,108.936751792446,110.803637875701,293.869828136321,0,0,8.34082745772595,16.0921632597748,5.15655487391326,6.48516581503965,6.99109363727362,18.610686820727,0,0,0,0,0,0,0,0,510.30427347362,384.410917493821,493.081587346764,999.743781855547,483.49482824906,660.166614225262,249.998967208394,721.334875298617,19.606705169194,14.7696822218656,18.9571168307225,38.4322847784911,18.566134318005,25.3506793029966,9.61017432182215,27.7282344673801,240.871626484363,180.741861576837,326.116878276864,677.013512711542,336.763392172052,456.353803457657,202.535123908694,586.487194980412,9.25467246471279,6.94439137792312,12.5372474971304,26.0241730242072,12.9319251210926,17.5243327503701,7.78325221190527,22.537805988902,0,0,43.4313069819258,94.9305934729272,37.5726223047113,48.989909109118,57.1006567925355,153.160573463111,0,0,0,0,0,0,0,0,899.263821842338,410.479596536443,2924.32983520078,2962.29114726337
"273",2012,2786,22.6666666666667,2132.6180054835,1695.88814965737,535.674526908675,980.343782882073,155.763207249272,190.9069196081,97.9288882617728,262.21180421922,0,0,0,0,0,0,0,0,0,0,0.902729907730431,1.67243840149607,0.320642370434986,0.392330295720124,0.205828680987331,0.548158312830601,0,0,0,0,0,0,0,0,7683.78061639813,5519.03977545268,1402.91633382517,2705.88989495011,766.505791279844,988.817068675579,1168.80137753829,3175.11417219256,295.2231389478,212.050334051661,54.082939202505,104.3255127319,29.5399021618039,38.1081222863674,45.1135998494329,122.549826856425,19201.375767595,13662.7047343857,3729.73272097045,7022.49803990511,2233.03798588415,2778.02261242034,2848.55310540937,7569.82950189889,737.746957130002,524.94298234078,145.004801279859,273.510555369114,87.3362720139176,108.734556710532,111.69726619062,296.911284636672,0,0,8.30220396932748,15.9867998249605,5.16497075324717,6.4759993577491,7.04951097490927,18.8089162540074,0,0,0,0,0,0,0,0,510.961928286825,384.509931245939,491.530258960293,994.4879982743,485.325416274721,660.477812461479,251.863590271255,728.028923267685,19.6319733392029,14.7734864878714,18.8975700653185,38.2304731311659,18.6365652510291,25.362846778118,9.68202402503605,27.9860579805439,240.993856641178,180.636599114777,324.891088279193,672.851074974191,337.867236843286,456.248364587101,203.448011379419,590.317088426522,9.25936875521744,6.94034702537835,12.4902004712479,25.8643602894407,12.9744335646893,17.5204759860496,7.81852366187362,22.6855321650962,0,0,43.2289995858244,94.2290942524,37.6067883464881,48.8599854541313,57.5592489271918,154.659101254089,0,0,0,0,0,0,0,0,903.270127595854,412.101616190775,2938.864950863,2974.37394346786
"274",2012,2786,22.75,2123.19313655805,1688.07492310761,532.293917692326,973.376241174655,155.002426463066,189.709193205044,97.7587703180232,263.148622929678,0,0,0,0,0,0,0,0,0,0,0.896282911317061,1.65860202184273,0.319136438094397,0.389897308742584,0.205509948026831,0.55029303277878,0,0,0,0,0,0,0,0,7687.01182671337,5516.36466105109,1397.96112858906,2691.31479160169,768.644171814616,988.486381776018,1178.41005398871,3208.32151243637,295.347287215363,211.947551878391,53.8919817443819,103.76360529686,29.6223162737968,38.0953763009434,45.4849369200517,123.832649893353,19187.6852812238,13640.4787900099,3711.50928215523,6975.90049555659,2235.40423513004,2772.6981627158,2871.28157444064,7647.07566860561,737.220958861818,524.089025639184,144.295888278658,271.691364358029,87.4273875386721,108.52299307955,112.586551394509,299.932231668115,0,0,8.26388083209983,15.8827452182808,5.17282436473434,6.46619821194793,7.1075898979946,19.0057647365405,0,0,0,0,0,0,0,0,511.589166390809,384.590165810505,489.966733593489,989.250888750205,487.078113487878,660.692729186411,253.729185754702,734.679824886852,19.6560728502729,14.7765692274731,18.8375510212702,38.0293716464889,18.7040010183986,25.371309479411,9.75390622652402,28.2422139850055,241.111378450449,180.52921134638,323.661498899411,668.718161856251,338.93258850325,456.098234468455,204.390646784077,594.169197192209,9.26388414322847,6.93622101517467,12.4430049483709,25.7056760364742,13.0154601751772,17.5148959511352,7.85493339150601,22.8341012639446,0,0,43.0270332409008,93.5336297711922,37.6384201418072,48.7273655797628,58.0173316289458,156.153241374908,0,0,0,0,0,0,0,0,907.281473167828,413.724013780275,2953.42629871869,2986.43682651834
"275",2012,2786,22.8333333333333,2114.00209128174,1680.46909427847,529.031364127816,966.658475532741,154.233907235835,188.508539386589,97.575427866182,263.991672830927,0,0,0,0,0,0,0,0,0,0,0.8900170368797,1.64522035293441,0.317606845540682,0.387449772782487,0.205163310870096,0.55223020468823,0,0,0,0,0,0,0,0,7689.99016366091,5513.52194095841,1393.06014324381,2676.88493864323,770.686749407768,988.039787352299,1187.96470646755,3241.29609167032,295.461719683753,211.838330026439,53.7031033512292,103.207285692734,29.7010378765323,38.0781625894651,45.8541781193386,125.106480651939,19174.1087209132,13618.4113297796,3693.62984794163,6930.08417267968,2237.55964989602,2767.14433003044,2893.89811086509,7723.79704085191,736.699337581506,523.241158159736,143.600239577678,269.902494545686,87.5103175221805,108.302549007659,113.471529914492,302.932853403851,0,0,8.22591617633838,15.7800295674349,5.18013135455859,6.45578919942274,7.16533515457366,19.2012391004385,0,0,0,0,0,0,0,0,512.18693499684,384.652130332819,488.394177876339,984.035751564934,488.755137960331,660.814456434835,255.594233290838,741.286165035056,19.6790400957778,14.7789500028472,18.7771815192285,37.829107361216,18.7685268978063,25.3761864504667,9.82576264757672,28.4966483190614,241.22436952009,180.419922919198,322.429659735569,664.617027874562,339.959530817704,455.904197456708,205.360406054854,598.039480155004,9.26822545273107,6.93202197863012,12.3957205262393,25.5482070912741,13.0550082379703,17.5076230016546,7.89238065769183,22.9833582056676,0,0,42.8254882638667,92.8442966226635,37.667544181583,48.5921440684654,58.4748734791726,157.64292022971,0,0,0,0,0,0,0,0,911.29762367251,415.346711159653,2968.0121247079,2998.47877896152
"276",2012,2786,22.9166666666667,2105.03997572652,1673.06576255553,525.882615043618,960.181387594409,153.459429347572,187.307342601768,97.3797161593848,264.745489422344,0,0,0,0,0,0,0,0,0,0,0.883933388551248,1.63228403145063,0.316057434466819,0.384993047060076,0.204789990385881,0.553977667087951,0,0,0,0,0,0,0,0,7692.71691560487,5510.51388904849,1388.21021210066,2662.59658780505,772.634183665376,987.479285760053,1197.46637300443,3274.03606611835,295.566485853977,211.722755861676,53.5161833600444,102.656410909428,29.7760925253682,38.0565584945858,46.2213638274277,126.371248369512,19160.6472232661,13596.5021727743,3676.08793930854,6885.03533527499,2239.51198388,2761.3731463789,2916.40372506858,7799.99834301202,736.182136963081,522.399372951033,142.917609806393,268.143420538755,87.5853612766444,108.073690201315,114.352239373059,305.913330149287,0,0,8.1883553686317,15.6786729277214,5.18690748351166,6.44479841177992,7.22275159079247,19.3953464216435,0,0,0,0,0,0,0,0,512.756124377132,384.696310618155,486.815327561732,978.845424144108,490.3585444688,660.845909337793,257.457389848793,747.846682049263,19.7009092814021,14.7806474794091,18.7165668273205,37.6297895971486,18.8302218928745,25.3775899231667,9.89754182030192,28.7493127080669,241.33298793303,180.308920045946,321.197073451,660.549679107135,340.948275505245,455.667104774573,206.354807881338,601.924182532118,9.2723987575292,6.92775707033475,12.3484050039052,25.3920307341363,13.0930859587037,17.4986900617641,7.93077020891769,23.1331589227999,0,0,42.6244487074384,92.1611873957089,37.6941885223198,48.4544151409787,58.9318441526873,159.12806745018,0,0,0,0,0,0,0,0,915.318351427736,416.969632281201,2982.62074513722,3010.49883181523
"277",2013,2786,23,2096.34422914785,1665.80592937822,522.604489556561,953.732596142988,152.666732225822,185.987823139259,97.2097374926677,265.597246516944,0,0,0,0,0,0,0,0,0,0,0.878005134335926,1.61968308541041,0.314464210246168,0.382285838178423,0.204461809632862,0.555898973858207,0,0,0,0,0,0,0,0,7695.75105028634,5507.77241843807,1382.85767973596,2647.87396400636,774.419203668971,986.17120367105,1207.06729468955,3307.37233692631,295.683062160534,211.617424176748,53.3099462457237,102.088838648219,29.8448878007092,38.0061429563531,46.5923623801878,127.658978213792,19148.5861520751,13575.6538446679,3657.4247827068,6839.28118915261,2241.06799490792,2753.61557941003,2939.21693102226,7877.94624806376,735.718742702258,521.598346493884,142.191923014722,266.357350525203,87.6449595034075,107.767177986837,115.245018161731,308.962287503776,0,0,8.15099695126521,15.5777224825074,5.19271060333962,6.42909866142455,7.28080707407927,19.5933664431724,0,0,0,0,0,0,0,0,513.358503018023,384.757294615202,485.202255676191,973.607709992449,491.899445715644,660.389354940344,259.411518812663,754.871035049308,19.7240536510507,14.7829905814621,18.6546343341744,37.4286438179443,18.8895128360938,25.3602464665487,9.97281139099959,29.0197824981867,241.454698721551,180.210335482698,319.942809487989,656.465526018453,341.869163132571,455.093157747354,207.426072585652,606.162554564796,9.27707509205731,6.92396929337876,12.3002541310439,25.2352026888293,13.1285544217158,17.4768147110689,7.97210796795172,23.2965332699994,0,0,42.4232846996909,91.479163308543,37.7150492625599,48.2830562965061,59.3946407882378,160.646576160089,0,0,0,0,0,0,0,0,919.314848112454,418.584644378516,2997.1463155664,3022.43543113977
"278",2013,2786,23.0833333333333,2087.92636871023,1658.6308177026,519.014801603848,947.147642118986,151.841796805299,184.462197858635,97.0923750829726,266.681772049239,0,0,0,0,0,0,0,0,0,0,0.872092461895904,1.60725031794504,0.31280822579123,0.379150967238684,0.20423490869801,0.55827020039918,0,0,0,0,0,0,0,0,7699.59853149537,5505.67708307352,1376.60021699261,2632.3108320486,775.988768559553,983.62996638781,1216.90718532464,3342.04022733486,295.830888541359,211.536918041247,53.0689205981405,101.488936144341,29.9053796060372,37.9082020715879,46.9725586639538,128.99800926756,19138.927918507,13556.567247644,3636.48988119982,6791.65291736634,2242.04245171315,2742.4801439961,2962.66051114629,7959.38822198019,735.347669014502,520.86500857179,141.378919765733,264.499182669159,87.6818839059069,107.328556146261,116.16247401019,312.148062996474,0,0,8.11270079951162,15.4756538230007,5.1971803451576,6.4054807915997,7.34029864541592,19.7995183521397,0,0,0,0,0,0,0,0,514.042096505788,384.862935855361,483.503418075252,968.242086513289,493.376598495775,659.123726861533,261.522043389118,762.707458769299,19.7503184244666,14.7870494862273,18.5894037989524,37.2225756103009,18.946352108619,25.3118267492729,10.0540849085694,29.3214334314595,241.602592146593,180.133427919071,318.644912313712,652.314019023048,342.700205881834,453.945638327166,208.615638423742,611.016254607789,9.28275740505318,6.92101438142406,12.2504242547025,25.0757801887999,13.1605693005058,17.4329064187994,8.01798575133488,23.4835311122799,0,0,42.2213163092489,90.7938642121475,37.7273956869041,48.0536800033981,59.8683988669041,162.228191927357,0,0,0,0,0,0,0,0,923.26421201416,420.185318202888,3011.50100291202,3034.22873670212
"279",2013,2786,23.1666666666667,2079.69929252897,1651.63266514536,515.554110030944,940.795997298936,151.009979350198,182.954987348867,96.9585173061922,267.661445139472,0,0,0,0,0,0,0,0,0,0,0.866215123025969,1.59514034653147,0.31114079285644,0.37604954892209,0.203979253081573,0.560436782514318,0,0,0,0,0,0,0,0,7703.25047727077,5503.4472183126,1370.45716923258,2616.96744230852,777.466086595843,981.027437521088,1226.71353879089,3376.53117715431,295.971202138129,211.451243071201,52.8322758880272,100.897476554641,29.9623164278063,37.807898972268,47.3514498236229,130.330199153306,19129.3194655204,13537.5864299949,3615.95078273634,6744.82501684704,2242.79678380141,2731.2516878146,2985.96653659952,8040.15849644685,734.978507764067,520.135734869501,140.581137355282,262.672045572832,87.7102700083338,106.886380494403,117.074625688749,315.307770148244,0,0,8.07367963112477,15.3740585972758,5.20114612307071,6.38160705051197,7.39946926451347,20.0041367667745,0,0,0,0,0,0,0,0,514.695529088833,384.951235021807,481.767183386171,962.880990272346,494.770562553953,657.785250385211,263.612571115691,770.397784934333,19.7754243673929,14.7904420807989,18.522733091815,37.0166751500644,18.9999932742799,25.2606034773337,10.134586080867,29.6174642720912,241.745494364069,180.05264260824,317.342575095611,648.189833112071,343.497404897792,452.76627852555,209.821465065849,615.847657940208,9.28824794765294,6.91791048022856,12.2004215366641,24.9174023162977,13.1912812305313,17.387769289937,8.06448413222715,23.6696632151124,0,0,42.0197141317953,90.1147779239918,37.7373327407613,47.8238283484509,60.3413531805155,163.803099056098,0,0,0,0,0,0,0,0,927.218714645433,421.78639517378,3025.87253119148,3045.98387328893
"280",2013,2786,23.25,2071.6614028495,1644.8091288791,512.217990870625,934.669919988478,150.173284146577,181.46759433178,96.8092601533703,268.541693280087,0,0,0,0,0,0,0,0,0,0,0.860401889157533,1.58336167374113,0.309462704374533,0.372983498441052,0.203695004723131,0.562404808522556,0,0,0,0,0,0,0,0,7706.69075335145,5501.07268536901,1364.41744468877,2601.82665723446,778.849743045037,978.360274086643,1236.48223818248,3410.82726204107,296.103383046733,211.360009718228,52.5995884895651,100.31380377002,30.0156439485117,37.7051054053481,47.7288781324697,131.654859473601,19119.7753198214,13518.7205654161,3595.80329505514,6698.78898008191,2243.34099615472,2719.9412888826,3009.13896713976,8120.27312350284,734.611817093463,519.410877854952,139.798420456869,260.875617295866,87.7305039481339,106.44107960001,117.981625442202,318.442029711811,0,0,8.03419651915285,15.2731305803783,5.2046053272192,6.35748668453425,7.45831714475409,20.2072282519944,0,0,0,0,0,0,0,0,515.319917048895,385.022718013045,480.000970914484,957.531132126997,496.084064618395,656.37793698597,265.683617858688,777.950274884946,19.7994143691613,14.7931885710386,18.4549072601523,36.8112004254877,19.0505411183376,25.2067309804001,10.2143348655129,29.9081925909586,241.884461602716,179.969085035826,316.036677180106,644.096551292692,344.261166568799,451.557899192343,211.041549154968,620.652088960429,9.29358730185594,6.91470006431759,12.1502798394451,24.760206978717,13.220705901697,17.3415119074195,8.11152624988276,23.8547502505086,0,0,41.8184266852636,89.441911024631,37.7449105600122,47.5935956973907,60.8135129353083,165.371366955249,0,0,0,0,0,0,0,0,931.178128496819,423.387804273348,3040.2588903362,3057.70005952779
"281",2013,2786,23.3333333333333,2063.81075472726,1638.15762535794,509.002115021053,928.761809959814,149.333552138849,180.001246903027,96.6456482974766,269.327719765954,0,0,0,0,0,0,0,0,0,0,0.85467535300053,1.57191919901874,0.307775420341432,0.369954815966152,0.203382689648358,0.564180971807247,0,0,0,0,0,0,0,0,7709.90683346374,5498.54593579838,1358.4716720219,2586.87452645429,780.139068418063,975.626578704016,1246.20959587277,3444.91222975445,296.226949987704,211.262927959024,52.3705005394082,99.7373837563559,30.06533649296,37.5997486254448,48.1047022944373,132.971365882412,19110.307172066,13499.9768411078,3576.04252537172,6653.53510619025,2243.68447206999,2708.55909952212,3032.18136867992,8199.74677601155,734.248046179646,518.690713671743,139.03058647794,259.109529397101,87.7429479416567,105.993046282336,118.883610297245,321.551409209406,0,0,7.99446400906129,15.1730226214901,5.20756062504672,6.3331307798015,7.51684149368627,20.4087990245157,0,0,0,0,0,0,0,0,515.916247295982,385.077842729634,478.211108993415,952.198049507013,497.319556437566,654.905264766888,267.735630075339,785.372295750455,19.8223263484348,14.7953065502179,18.3861694748425,36.6063643643179,19.098089855234,25.1503430690652,10.2933485476657,30.1939015933137,242.02032404676,179.883634657738,314.728287207438,640.037244054446,344.991855523051,450.322949117441,212.27403480922,625.425781075948,9.29880736467042,6.91141692379349,12.1000402854249,24.604312368276,13.2488573994913,17.2942285614923,8.1590409122927,24.038647807543,0,0,41.6174390882343,88.7752870263537,37.7501734620519,47.3630686113627,61.2848828116174,166.933055849238,0,0,0,0,0,0,0,0,935.142234224548,424.989476549488,3054.65818164604,3069.37658470635
"282",2013,2786,23.4166666666667,2056.14513017044,1631.67538868289,505.902258000292,923.064229779961,148.492475306769,178.557016703388,96.4686787160362,270.024515315229,0,0,0,0,0,0,0,0,0,0,0.849053176153179,1.56081497165264,0.306080825064865,0.366965489299527,0.203043100906459,0.565772371808719,0,0,0,0,0,0,0,0,7712.88912346812,5495.86150746323,1352.61191914076,2572.09965378507,781.333972422872,972.825565574292,1255.89228528344,3478.77135545608,296.341534338858,211.159787929532,52.1447091878018,99.1677803094637,30.1113906521648,37.4917985791204,48.4787948311753,134.279152556532,19100.9244001005,13481.3608366014,3556.66304436182,6609.05280487844,2243.83605357735,2697.11448655908,3055.09697045401,8278.59291910428,733.887555337762,517.975456694271,138.277431881828,257.373378678181,87.7479433867428,105.542643022255,119.780704281049,324.636429566006,0,0,7.95465461561223,15.0738554549522,5.21001839425321,6.30855169828155,7.57504221379858,20.6088548867441,0,0,0,0,0,0,0,0,516.485402007134,385.117014618484,476.403021198948,946.886345779629,498.479282372859,653.370322965879,269.768993787525,792.670424218247,19.8441941998683,14.7968115962552,18.3167281747134,36.4023440208534,19.1427257264551,25.0915585889486,10.3716420845443,30.4748441035569,242.153732578936,179.796989569354,313.418581440005,636.014524834458,345.689811792067,449.063560351972,213.517209290917,630.165727547694,9.30393314405502,6.9080878805969,12.0497481246189,24.4498190992059,13.2757488627949,17.246001370889,8.20696242852933,24.2212406607004,0,0,41.4167635654835,88.1149403985237,37.7531620013635,47.132327483136,61.7554640551213,168.488218738564,0,0,0,0,0,0,0,0,939.110819594742,426.591344822107,3069.06860219086,3081.01279687495
"283",2013,2786,23.5,2048.66208973553,1625.35951101516,502.914305561499,917.569917665596,147.65160774622,177.135832838392,96.279303369936,270.636867088957,0,0,0,0,0,0,0,0,0,0,0.843548935201618,1.5500487074794,0.304381082455073,0.364017441500983,0.202677235061771,0.567186383033085,0,0,0,0,0,0,0,0,7715.63049422427,5493.015676906,1346.83148683603,2557.4927558667,782.434835034252,969.957335831501,1265.52729697234,3512.39133455157,296.446862187225,211.050446568559,51.9219587088453,98.6046381480704,30.1538210992701,37.381259283156,48.8510404011282,135.577708102739,19091.6344310307,13462.8767851616,3537.65900096208,6565.33080291597,2243.80409727395,2685.61612747451,3077.88870428316,8356.82393565276,733.530629932397,517.265269571217,137.538736615503,255.666735166313,87.7458130160112,105.090205674063,120.67301994414,327.697569958233,0,0,7.91490781242741,14.975723492601,5.21198777856678,6.28376272118799,7.6329197186767,20.8074012477587,0,0,0,0,0,0,0,0,517.028175586426,385.140597087853,474.581358683864,941.599850987637,499.565321183414,651.775900147564,271.78404152193,799.850529632268,19.8650484457392,14.7977176718768,18.2467621440011,36.1992867459511,19.1845286070505,25.0304848118807,10.4492283719654,30.751245756656,242.285190446712,179.709697255766,312.108793870377,632.030599253383,346.355362079464,447.781593959841,214.769495949958,634.869566603466,9.30898397558567,6.90473396998051,11.9994508208359,24.2968121027758,13.3013929159484,17.196902037927,8.2552303366429,24.4024383547925,0,0,41.2164332728708,87.4609128613176,37.7539141883746,46.9014475940777,62.2252551829586,170.036902649187,0,0,0,0,0,0,0,0,943.083678747811,428.193343491264,3083.48843429214,3092.6080954777
"284",2013,2786,23.5833333333333,2041.35901197344,1619.20697371285,500.034258826779,912.271798780962,146.812373698217,175.738492257499,96.078430952632,271.169364248495,0,0,0,0,0,0,0,0,0,0,0.838172759935255,1.53961818295653,0.302678529905086,0.361112493360721,0.202286244134453,0.568430553848623,0,0,0,0,0,0,0,0,7718.12592852116,5490.00619641515,1341.12475094971,2543.04632880297,783.442424617732,967.022707986531,1275.11190660182,3545.76020235693,296.542740763533,210.934817515432,51.7020344661168,98.047670143701,30.1926574443464,37.2681623165592,49.2213345736207,136.866572490995,19082.4430147882,13444.5277712449,3519.02421120263,6522.35730190492,2243.59651461281,2674.07208036662,3100.55923400562,8434.451222428,733.177490888417,516.560270812205,136.81426753379,253.98914821198,87.7368624506774,104.636046166031,121.560659502081,330.735271529647,0,0,7.87533526134962,14.8786991423354,5.21347999739866,6.25877777883952,7.69047479862833,21.0044431596551,0,0,0,0,0,0,0,0,517.545287441602,385.148919344274,472.750100575245,936.341741899416,500.579616346686,650.12454777084,273.781057759494,806.917838744761,19.8849167268463,14.798037425724,18.1764243643842,35.9973147952782,19.2235731715573,24.9672198806712,10.5261184536,31.0233074849433,242.415077239631,179.622177948502,310.800179006226,628.08730399675,346.988828481176,446.478676388886,216.029448464701,639.535491999182,9.31397444370329,6.90137133791144,11.9491966239294,24.1453621234318,13.3258020031986,17.1469932439266,8.30378918159803,24.5821717676809,0,0,41.016497641207,86.8132505916404,37.7524663746967,46.6704998789861,62.6942525215376,171.579149588013,0,0,0,0,0,0,0,0,947.060611679417,429.795408407818,3097.91603806703,3104.16192625584
"285",2013,2786,23.6666666666667,2034.23313356404,1613.21467848621,497.25823720807,907.162992791324,145.976077288176,174.365671791067,95.8669292087518,271.626406323048,0,0,0,0,0,0,0,0,0,0,0.832931994123968,1.52951964065719,0.300975574643396,0.358252329558392,0.201871387585885,0.569512507462397,0,0,0,0,0,0,0,0,7720.37215282453,5486.83202179025,1335.48699645329,2528.75430771131,784.357813649832,964.023047247661,1284.64363927078,3578.86723109556,296.629044293362,210.8128606503,51.4847565692263,97.4966442792957,30.2279409965858,37.1525602689351,49.5895824637926,138.145333118055,19073.3545102445,13426.3159356404,3500.75224729462,6480.12013479922,2243.22081720225,2662.4898594993,3123.11098833423,8511.48530011591,732.82830568394,515.860542669659,136.103781837475,252.340152544391,87.7213819464556,104.180455416564,122.443716109107,333.749941640368,0,0,7.83602621635185,14.7828372569822,5.21450765275739,6.23361118004419,7.7477084888624,21.1999853584053,0,0,0,0,0,0,0,0,518.03739526374,385.142284316291,470.912659547147,931.114665351058,501.524007038335,648.418643479469,275.760285031038,813.877008242247,19.9038243127349,14.7977824967958,18.1058460659199,35.7965300642388,19.2599300851688,24.9018552433238,10.6023217551695,31.2912083039908,242.543673649874,179.534748828165,309.493976676426,624.186148885952,347.590536617584,445.156236906916,217.295743290605,644.162160677596,9.31891533305419,6.89801217097559,11.899033219585,23.9955273376231,13.3489887007163,17.0963300859669,8.35258822443127,24.7603895617914,0,0,40.8170176928865,86.1720014824986,37.7488541179709,46.4395517094355,63.1624507593909,173.114997564439,0,0,0,0,0,0,0,0,951.041423665905,431.397476733071,3112.34984320686,3115.67377574321
"286",2013,2786,23.75,2027.28158046567,1607.37947146039,494.582479926681,902.236818469384,145.14391081083,173.017938368858,95.6456268140679,272.012210230413,0,0,0,0,0,0,0,0,0,0,0.827831694450021,1.51974809884933,0.299274627005738,0.355438481294382,0.20143399751223,0.570439869646664,0,0,0,0,0,0,0,0,7722.36735387094,5483.4931036041,1329.9142835471,2514.61180519581,785.182316923196,960.960138866599,1294.12024338431,3611.70284254499,296.705703108229,210.684574074093,51.2699747541989,96.9513736303325,30.259722389546,37.0345218773453,49.9556977330239,139.413621469303,19064.3721056728,13408.242632877,3482.83650683861,6438.60688391305,2242.68415176379,2650.87649274874,3145.54618640649,8587.93590344359,732.483196820808,515.166137186621,135.407029745534,250.719272840643,87.6996477400678,103.723705551774,123.322274847841,336.741957345387,0,0,7.79705153088654,14.6881783932123,5.21508426972687,6.2082774211827,7.80462198190559,21.3940323287612,0,0,0,0,0,0,0,0,518.505105144703,385.120974493114,469.071964813208,925.920830086014,502.400249112135,646.660432814352,277.721929103113,820.732187307466,19.9217944904267,14.7969637387793,18.03513991174,35.5970176140013,19.2936668106884,24.8344772582549,10.6778462837457,31.5551077160425,242.671180114019,179.447642520735,308.191389214155,620.328354943952,348.160821211147,443.815539649855,218.567171517244,648.748616344628,9.32381434473605,6.89466540703491,11.8490068536771,23.8473548177198,13.3709659307409,17.0449613072743,8.40158112879675,24.9370552472148,0,0,40.6180626626682,85.5372132767186,37.7431127264783,46.2086674439312,63.6298433486577,174.644481334121,0,0,0,0,0,0,0,0,955.025924834378,432.999486843581,3126.78834288013,3127.14316750161
"287",2013,2786,23.8333333333333,2020.50139422014,1601.69816334072,492.003346483547,897.486796209176,144.316962400602,171.695758387804,95.4153150995926,272.330816964785,0,0,0,0,0,0,0,0,0,0,0.822875047544925,1.5102976111972,0.297578050899184,0.352672316426913,0.200975450566696,0.571220210618753,0,0,0,0,0,0,0,0,7724.11093882957,5479.99021137681,1324.40333153525,2500.61489248516,785.917440733597,957.836084671261,1303.53966854458,3644.25852555009,296.772694430627,210.549987353003,51.0575639433836,96.4117079801797,30.2880596280288,36.9141280526881,50.3196017434172,140.671109965795,19055.4980055994,13390.3085640042,3465.27027088544,6397.80497795703,2241.99333040836,2639.23857032348,3167.86686006091,8663.81206225009,732.142249003723,514.477081298418,134.723756738432,249.126027485926,87.6719232147411,103.266051786122,124.196413591699,339.711668521934,0,0,7.75846697411121,14.5947514892418,5.21522394262644,6.18279103360053,7.86121656152285,21.5865883728308,0,0,0,0,0,0,0,0,518.948980070088,385.085256681434,467.230533143884,920.762082575198,503.210031507362,644.852060764366,279.666163703368,827.487074632254,19.9388488907313,14.7955914028139,17.9644027233807,35.3988485827415,19.3248482396904,24.7651684089233,10.7526988094047,31.8151479005294,242.797732341898,179.361022643184,306.893564943255,616.514889214017,348.700030163998,442.457711618455,219.842630642264,653.294223145456,9.32867669294165,6.89133733251504,11.7991616983761,23.7008818707978,13.3917471182427,16.9929303723714,8.45072564441848,25.1121446329783,0,0,40.4197072699848,84.9089321258877,37.7352776547439,45.977908864004,64.0964228332336,176.167633019699,0,0,0,0,0,0,0,0,959.013929802025,434.601378257268,3141.23008861389,3138.56965910799
"288",2013,2786,23.9166666666667,2013.8895542624,1596.16754636894,489.517316306537,892.906648885588,143.496223151554,170.399506320007,95.17674964608,272.586097992034,0,0,0,0,0,0,0,0,0,0,0.818063720900557,1.50116148560649,0.295888126721997,0.349955034728181,0.200497145192275,0.571860998229453,0,0,0,0,0,0,0,0,7725.60333123016,5476.32478472593,1318.95141810356,2486.76041590871,786.564840715312,954.653218367956,1312.90004650979,3676.52675783154,296.830034533246,210.409155799439,50.8474203942325,95.8775267891358,30.3130164670917,36.7914686263168,50.68122282978,141.917508974674,19046.7335900339,13372.5138891831,3448.04675265561,6357.70177198295,2241.15485713839,2627.58228645706,3190.07487344504,8739.12217466273,731.805515258104,513.793381158579,134.053705441952,247.559931674287,87.6384599197996,102.807734031698,125.066203763537,342.659400691212,0,0,7.72031599917561,14.5025760872514,5.21494105730692,6.15716645980834,7.91749355282245,21.7776576765833,0,0,0,0,0,0,0,0,519.369547082718,385.035385891774,465.390529762057,915.639969955664,503.95498928701,642.99559578407,281.593134826913,834.144970148168,19.9550077634798,14.7936752868116,17.8937178178478,35.2020826024912,19.3535371940952,24.6940082287714,10.8268850308199,32.0714557018744,242.923414322106,179.274996925526,305.601586479332,612.74649617251,349.208527365813,441.083766705668,221.121116536676,657.79860854542,9.333505604651,6.88803208657519,11.7495394029512,23.5561372463231,13.4113462989166,16.9402763900598,8.49998329798126,25.2856436321072,0,0,40.2220295010374,84.2872014712994,37.7253847912312,45.7473355224749,64.5621811188605,177.684482635401,0,0,0,0,0,0,0,0,963.005257371708,436.203091576043,3155.67368594593,3149.95283969186
"289",2014,2786,24,2007.78820136597,1590.93811284075,486.782261668656,888.148910674869,142.650652875759,168.868571011307,95.0019248568271,273.264774483454,0,0,0,0,0,0,0,0,0,0,0.813309653682862,1.49193178631587,0.294142930848853,0.346751663891409,0.200133298241709,0.573282767939801,0,0,0,0,0,0,0,0,7727.62220285519,5473.15450398721,1312.69922855407,2471.75287948638,786.9538268829,949.941175237509,1322.48771869255,3710.612266722,296.907602809597,210.287348543642,50.6065126571429,95.298966731841,30.3280148106053,36.6098770295303,51.0515978574407,143.233942553177,19040.0835289643,13356.4161074198,3428.93360235234,6315.09638647479,2239.67999593602,2611.85785141223,3212.95393150888,8819.48965158828,731.550018170601,513.17487837098,133.310976786395,245.897139968044,87.5801473560065,102.190298948109,125.962228300524,345.804873506888,0,0,7.68180586401475,14.40770516174,5.21311171144411,6.12191995379304,7.97526064961131,21.9803449200776,0,0,0,0,0,0,0,0,519.824927668258,385.009807285108,463.460532751075,910.255111606755,504.533694476391,640.073397728282,283.653928815263,841.888073530959,19.9725042290182,14.7926925153397,17.8195717827115,34.9952111590675,19.3758385216282,24.5819146001879,10.9062090969116,32.3694418457846,243.07181843141,179.210533043831,304.267334602842,608.840259169585,349.609701271948,439.010851641157,222.504727046497,663.091392177755,9.33920753666887,6.88555528086227,11.6982905603067,23.4060895528336,13.4268212517241,16.8607737241999,8.55327630790474,25.4894207363021,0,0,40.0218873432442,83.650033500081,37.7052263470873,45.4464217469035,65.038876334629,179.286252165142,0,0,0,0,0,0,0,0,966.995846081292,437.812463337595,3170.10252181256,3161.34428730513
"290",2014,2786,24.0833333333333,2002.11757551293,1585.96601544467,483.858647534301,883.269184198015,141.781984203863,167.154591479536,94.8765432050977,274.272194633881,0,0,0,0,0,0,0,0,0,0,0.808513336232719,1.48261935594148,0.292353784439502,0.34316731295767,0.199863848415635,0.575332336110983,0,0,0,0,0,0,0,0,7730.10527934229,5470.41353084412,1305.80667213866,2455.83393225412,787.105553535168,943.947813742757,1332.27550743714,3746.2843448898,297.003006579091,210.182035972204,50.3409761713194,94.6853160521038,30.333870414091,36.3789059834846,51.42967958784,144.611518325424,19035.245807738,13341.7785485423,3408.27233303498,6270.47946367696,2237.61477499946,2592.73368101291,3236.37883038365,8903.98176440103,731.364153867366,512.612479688716,132.50868056205,244.156605145304,87.4988008033434,101.439900717305,126.87960928682,349.111664267179,0,0,7.64206894988232,14.3099180640598,5.20990048262789,6.07864573014878,8.03427903876114,22.1926757767425,0,0,0,0,0,0,0,0,520.307556484496,385.00427763378,461.427520213522,904.630942152957,504.95949167732,636.248961284187,285.815283501506,850.436392105579,19.9910476148194,14.7924800568052,17.7414644067713,34.7791355148274,19.3922647224205,24.4351665746199,10.9893933835172,32.6983520503159,243.238496242732,179.162971699113,302.89311939473,604.81487456908,349.911906548209,436.339601959887,223.976770340231,669.033712748402,9.34561157332844,6.88372789765759,11.6455040073676,23.2514575711299,13.4384928756107,16.7582874226081,8.60996353496818,25.7181421173483,0,0,39.8196503229881,83.0005613915998,37.675955155208,45.0867950104821,65.5248755519384,180.958677062269,0,0,0,0,0,0,0,0,970.986642947101,439.428650197961,3184.51296012807,3172.71800850545
"291",2014,2786,24.1666666666667,1996.56765088384,1581.11065712797,481.044322790657,878.565042622054,140.918370141033,165.489891745225,94.7377107848257,275.181746697313,0,0,0,0,0,0,0,0,0,0,0.803743864334614,1.47356745017797,0.290576623657287,0.339678904485906,0.199571732213314,0.577204749744275,0,0,0,0,0,0,0,0,7732.37038760926,5467.52491518733,1299.02710675488,2440.13921837103,787.168487301745,937.970257235669,1342.00981379294,3781.6930579195,297.090035661,210.071050739285,50.0797688692947,94.0802850210987,30.3363051177065,36.148545806069,51.8056942096937,145.97893536422,19030.4743398669,13327.2417208572,3388.01737038576,6226.65049424272,2235.39149455552,2573.79117847708,3259.66419114355,8987.65887733464,731.18083495437,512.053951265468,131.722019425358,242.446641368987,87.4113235689313,100.696663273545,127.79160113165,352.386770144452,0,0,7.60176450262848,14.2126345426002,5.20629542164476,6.03572548919222,8.09296595393481,22.4031453771439,0,0,0,0,0,0,0,0,520.767580591119,384.985853375381,459.370737787676,899.029850323895,505.322704985238,632.421999506967,287.942820629259,858.737729456514,20.0087224912691,14.791772166856,17.6624411738456,34.5639422901744,19.4062845645786,24.2883175173084,11.0712757864475,33.0177697330202,243.403638169427,179.11451324505,301.520962953085,600.831029822686,350.183538097726,433.673135317872,225.445956063501,674.888534458453,9.35195659867193,6.88186604608337,11.5927949211348,23.098418430723,13.448987928502,16.6559810491544,8.66653814368603,25.9434962512945,0,0,39.6180355407246,82.3580320579857,37.6448251229623,44.7307586002508,66.0099184270973,182.621676012606,0,0,0,0,0,0,0,0,974.981056182426,441.044786696154,3198.91548165823,3184.02279128013
"292",2014,2786,24.25,1991.13896524371,1576.371619141,478.335499096952,874.030819497804,140.061061641126,163.873685096759,94.5864637270001,275.999099303172,0,0,0,0,0,0,0,0,0,0,0.799026127458218,1.46477940763812,0.288811422307779,0.336285003243513,0.199257129371146,0.578904746632629,0,0,0,0,0,0,0,0,7734.40204532819,5464.47891957184,1292.35112445109,2424.65389985944,787.142282413735,932.005441685237,1351.68463695291,3816.81389148655,297.168095199525,209.954018716675,49.822531552234,93.4833055680259,30.3353056009948,35.9186785377825,52.1794111378846,147.3352511128,19025.7824728223,13312.8140462097,3368.16347651178,6183.59974356847,2233.01861496677,2555.03304097669,3282.81444589551,9070.54426959213,731.000574265541,511.499616681887,130.950797438384,240.766877866029,87.3180426130102,99.9606898120997,128.698375304349,355.631095540419,0,0,7.56113094073741,14.1160408877057,5.20229424478198,5.99315287151399,8.15131599015639,22.6117595465041,0,0,0,0,0,0,0,0,521.205546097944,384.954733580616,457.296239489275,893.456910608724,505.624334431271,628.594061286685,290.038105067263,866.808784703738,20.0255498407831,14.7905764941066,17.5827346462152,34.34982648169,19.4179364645085,24.1414270242442,11.1519165078717,33.3283365095135,243.568333546135,179.066134473272,300.151656469033,596.890958306251,350.426447973683,431.014877179931,226.911649971388,680.652581032289,9.35828446667985,6.88000725603601,11.5401937671726,22.9470581188935,13.4583775887963,16.553986319562,8.72297589116256,26.1653576061714,0,0,39.4169990282256,81.7224036400217,37.6118898311126,44.3783243685305,66.4940357900124,184.275457835479,0,0,0,0,0,0,0,0,978.978914463521,442.660819135424,3213.30860215667,3195.25872729953
"293",2014,2786,24.3333333333333,1985.83164922423,1571.7481862857,475.728467848214,869.66092633732,139.211182544891,162.305137561745,94.4237830407884,276.729646569919,0,0,0,0,0,0,0,0,0,0,0.794379644460596,1.45625640751322,0.287058720657903,0.332984221687394,0.198920551708882,0.580437864157008,0,0,0,0,0,0,0,0,7736.18849422301,5461.26845097639,1285.77086779571,2409.36595322979,787.027408432096,926.051699423762,1361.29475381937,3851.62493495448,297.236733422898,209.830667379155,49.5689642947802,92.8939174256014,30.3308898966357,35.689239886634,52.5506296127649,148.679622836516,19021.1806498156,13298.501928793,3348.70482138132,6141.3164530073,2230.50401777397,2536.46132045115,3305.83348264783,9152.65912158349,730.823773048535,510.949721997219,130.194795551946,239.116903920559,87.21926257336,99.2320585446826,129.60008221293,358.845463725811,0,0,7.52036035771142,14.0202837335025,5.19789956651609,5.95092396769148,8.20932491495938,22.8185238581969,0,0,0,0,0,0,0,0,521.621909040515,384.911071301924,455.209171165952,887.916244212259,505.865342353663,624.76641683608,292.102494241034,874.664475216029,20.041547184979,14.7888989190764,17.5025425317858,34.1369464910354,19.4272573828271,23.9945439611833,11.231367771167,33.6306255193223,243.733397969439,179.018574875162,298.786084131467,592.996436586478,350.642096294721,428.367541083035,228.373292083079,686.323943421647,9.36462651387929,6.87817993995693,11.4877345682528,22.7974450432323,13.4667179793049,16.4524075981487,8.7792553799407,26.3836531458597,0,0,39.216529574053,81.0936524762791,37.5771964838497,44.0294963421305,66.9772519637284,185.920214557538,0,0,0,0,0,0,0,0,982.980050399317,444.276694577169,3227.69090427296,3206.42594561662
"294",2014,2786,24.4166666666667,1980.64550783827,1567.23941077156,473.219607879451,865.44987280873,138.36974448521,160.783378955039,94.2505998454126,277.378530125457,0,0,0,0,0,0,0,0,0,0,0.789819751198163,1.44799796092551,0.285319409100961,0.329775178070994,0.198562745655873,0.581810182583898,0,0,0,0,0,0,0,0,7737.72093327047,5457.88849943614,1279.27972996627,2394.26553618419,786.824912484136,920.108356395404,1370.83559419632,3886.10664407057,297.295612181731,209.700804235864,49.3188149762044,92.3117438708343,30.3230982573132,35.4602037642387,52.9191739181883,150.011298553786,19016.6770024203,13284.310178291,3329.63514411265,6099.78913458035,2227.8551033237,2518.07756855507,3328.72473786585,9234.02280627463,730.650743734189,510.404452007115,129.453777834092,237.496280272277,87.1152695357029,98.5108283062374,130.496854789102,362.030628097794,0,0,7.47960906255474,13.9254793495722,5.19311738384198,5.90903665162071,8.26698937808786,23.0234436220967,0,0,0,0,0,0,0,0,522.017059181614,384.854988604684,453.113946675153,882.411239869194,506.046698750848,620.940176184118,294.13717359294,882.318184532372,20.0567294991695,14.7867441317123,17.422034443205,33.9254325989924,19.4342845693792,23.8477110213656,11.3096751837261,33.9251509505143,243.899435197606,178.972389524067,297.42516863087,589.148857653194,350.831647666685,425.733277691517,229.830386022234,691.901764814527,9.37100593763087,6.87640542465167,11.4354528170981,22.6496328538569,13.4740538697818,16.3513276210324,8.83535764886524,26.5983502311458,0,0,39.0166394533093,80.4717668246668,37.5407880728893,43.6842727279324,67.4595861582031,187.556124222974,0,0,0,0,0,0,0,0,986.984299728595,445.892360628305,3242.061027554,3217.52460413968
"295",2014,2786,24.5,1975.5800623137,1562.84414553771,470.805391813458,861.392280725606,137.537653871351,159.307509197081,94.0677973625004,277.950646774854,0,0,0,0,0,0,0,0,0,0,0.785358192400343,1.44000216583228,0.28359462916469,0.326656481153714,0.198184643254591,0.583028190846175,0,0,0,0,0,0,0,0,7738.99313230728,5454.33585347497,1272.87219685886,2379.34466153228,786.536304497607,914.175532057995,1380.30318177244,3920.24173452749,297.344492103187,209.564305896754,49.0718732413915,91.7364792320057,30.3119887456476,35.2315746003369,53.2848911213578,151.329612976488,19012.2776488095,13270.2422238666,3310.94784069929,6059.00572741295,2225.07883378089,2499.88290553456,3351.49124129123,9314.6530324879,730.481721395281,509.863938465398,128.727494853172,235.904545163681,87.0063326959548,97.7970412217022,131.388810223306,365.187277707472,0,0,7.43900271978291,13.8317181287219,5.18795636756919,5.86749024065138,8.32430677863251,23.2265239649322,0,0,0,0,0,0,0,0,522.391332163774,384.786584273124,451.014337069468,876.944661495206,506.169396110152,617.116336141757,296.143175430033,889.781893774372,20.0711096792805,14.7841159274621,17.3413553192377,33.7153910968755,19.4390561349664,23.7009665338187,11.3868784613413,34.2123730883302,244.0668685273,178.927976054708,296.069845555583,585.349274973051,350.996022948857,423.113758864451,231.282492062075,697.386065638155,9.3774390016721,6.87469898788203,11.3833844955006,22.5036621396658,13.4804206649774,16.2508107244215,8.89126590585501,26.809449897018,0,0,38.8173598436756,79.8567438376579,37.5027043739132,43.3426469036819,67.9410531374949,189.183352108898,0,0,0,0,0,0,0,0,990.991500978851,447.507765361061,3256.417665118,3228.55488653595
"296",2014,2786,24.5833333333333,1970.63459471971,1558.56107938418,468.482390686057,857.48289573741,136.715720224665,157.876604846526,93.8762135418715,278.450659607444,0,0,0,0,0,0,0,0,0,0,0.781003752454413,1.43226597686086,0.281885672478479,0.323626715339292,0.197787311579934,0.584098649244897,0,0,0,0,0,0,0,0,7740.00101733447,5450.6087967234,1266.54367917758,2364.59685740895,786.163438298579,908.253935572666,1389.69406600564,3954.01503545167,297.38321665771,209.421106416164,48.8279640792481,91.1678758715764,30.2976326648887,35.0033795142537,53.6476484635038,152.633981912395,19007.9870144992,13256.3003428435,3292.63605369887,6018.95375669625,2222.18178145236,2481.8780928313,3374.13566679032,9394.5660139243,730.316876069994,509.328268870384,128.015687140333,234.341220489603,86.8927062268791,97.0907255167659,132.276051933355,368.316043783094,0,0,7.39864182190057,13.7390693566489,5.18242712574633,5.82628514230732,8.38127512411531,23.4277699059439,0,0,0,0,0,0,0,0,522.7450221311,384.705941635737,448.913566635323,871.518761837709,506.234463893006,613.295827944366,298.121399584976,897.066330597304,20.0846990268019,14.7810175079397,17.2606291092746,33.506908648304,19.4416116097341,23.5543462975523,11.4630122223862,34.4927040381505,244.235974165105,178.885603320837,294.72103799178,581.598448612562,351.135952748359,420.510264341597,232.72922018295,702.777563841635,9.3839363183046,6.87307095943893,11.3315651012864,22.3595622043246,13.4858464591928,16.1509061737815,8.94696526133192,27.0169799492205,0,0,38.6187360539066,79.2485864381843,37.4629829679019,43.0046084382503,68.4216639554279,190.802052173135,0,0,0,0,0,0,0,0,995.00149510401,449.122857232791,3270.75955964269,3239.51699877779
"297",2014,2786,24.6666666666667,1965.80818777277,1554.38876813568,466.247277038583,853.716596203801,135.904664159028,156.489724969331,93.6766436160672,278.883009231036,0,0,0,0,0,0,0,0,0,0,0.776762810832232,1.42478544387707,0.280193897318012,0.320684430059513,0.197371909432316,0.58502847163965,0,0,0,0,0,0,0,0,7740.74230182802,5446.7068392379,1260.29036242681,2350.01687110457,785.708410817184,902.344694194551,1399.00525907893,3987.41333738664,297.411697993392,209.27118696968,48.5869420859394,90.6057328398871,30.2801106848517,34.7756617222052,54.0073309446093,153.923896453592,19003.8081178521,13242.4858634838,3274.69275025217,5979.62047039369,2219.1701718984,2464.06359573209,3396.6603790068,9473.77662972001,730.156323731418,508.797494255933,127.31808820356,232.805817089239,86.77463094298,96.3918979437652,133.158671370382,371.417505926039,0,0,7.35860647718829,13.6475853684587,5.17654157963119,5.78542254783274,8.43789290989712,23.6271864350068,0,0,0,0,0,0,0,0,523.078392631545,384.613135180518,446.814398434273,866.135380868284,506.242978443975,609.479554277595,300.072632354788,904.181109488048,20.0975076676708,14.7774517350928,17.1799620552368,33.3000560655029,19.4419923254235,23.4078850073658,11.5381067158999,34.7665131164493,244.406910644731,178.845436682727,293.379636281481,577.896887289259,351.252023631509,417.923757774033,234.170223880631,708.077517772266,9.3905039786501,6.87152769272841,11.2800288728642,22.217352685184,13.4903538112944,16.051651084149,9.00244249055287,27.220988928925,0,0,38.4208234234439,78.6473006811338,37.4216600877204,42.6701439635678,68.9014266104361,192.412368386247,0,0,0,0,0,0,0,0,999.014125184921,450.737585027631,3285.08549986218,3250.41116624905
"298",2014,2786,24.75,1961.09975663271,1550.32565942346,464.096826535666,850.088399001238,135.105124340639,155.145916023218,93.4698422840148,279.251923748851,0,0,0,0,0,0,0,0,0,0,0.772639769242376,1.41755589911471,0.278520675208252,0.317828136624028,0.196939655665542,0.585824637902207,0,0,0,0,0,0,0,0,7741.21619664748,5442.63050689979,1254.1090850676,2335.60043936639,785.173490748415,896.449229928211,1408.23418466436,4020.42525062556,297.429905790194,209.114567762505,48.3486868050891,90.0498870747969,30.2595100985513,34.5484757966181,54.3638393604898,155.198917558583,18999.7427950653,13228.7993241565,3257.11078306838,5940.99294332865,2216.04991663821,2446.43962960822,3419.06747114775,9552.29856197512,730.000134931937,508.27163530694,126.634426885524,231.297838779604,86.6523355633174,95.7005655736148,134.036749481001,374.49219741517,0,0,7.31896001833135,13.5573046442124,5.17031253604703,5.74490420395768,8.49415903388143,23.8247786120097,0,0,0,0,0,0,0,0,523.391684798934,384.508235332391,444.71920239382,860.796019370187,506.196064334986,605.668408098574,301.997562382457,911.134854456757,20.1095448666376,14.7734213147594,17.0994453040726,33.094891133837,19.440241468386,23.2616169799187,11.6121884322648,35.0341315657139,244.57974159304,178.807557691313,292.046485827912,574.24488559989,351.344714048827,415.354948982291,235.605194485902,713.287599970377,9.39714442735762,6.87007232106768,11.2288083219971,22.0770449857223,13.4939611248467,15.9530728118759,9.05768581556294,27.4215412650354,0,0,38.2236843334932,78.0528939320232,37.3787711702465,42.3392378116686,69.3803465470162,194.014435766873,0,0,0,0,0,0,0,0,1003.02923623472,452.35189783263,3299.39431831537,3261.23763202476
"299",2014,2786,24.8333333333333,1956.50807642206,1546.3701140256,462.027918677739,846.593463515787,134.317663905375,153.844216147974,93.2565257359052,279.561428259598,0,0,0,0,0,0,0,0,0,0,0.76863741507386,1.41057211708319,0.276867349521609,0.315056307380185,0.196491803134888,0.586494121671322,0,0,0,0,0,0,0,0,7741.42316030118,5438.38116083822,1247.99723310281,2321.34409492894,784.561060722397,890.569160162321,1417.37863214689,4053.04106739681,297.437857664739,208.951301091396,48.1130986963679,89.5002059893287,30.2359225978211,34.3218838462396,54.7170885489046,156.458670779625,18995.7918941089,13215.2406099961,3239.88294181343,5903.05816377865,2212.82664133969,2429.00619847297,3441.35879847855,9630.14442130134,729.848342254652,507.75068761,125.964429351916,229.816785713786,86.5260377995805,95.016727290416,134.910358003253,377.540610048772,0,0,7.27975205088748,13.4682544130864,5.16375334127929,5.70473222327824,8.5500727262262,24.0205516570384,0,0,0,0,0,0,0,0,523.685124142828,384.391312300699,442.630013948802,855.501900375739,506.09489346135,601.863285259721,303.896794697346,917.935310119606,20.1208192881433,14.7689289444948,17.0191571577978,32.8914609700733,19.4364040459176,23.1155766411705,11.6852806431633,35.2958568235955,244.754455110071,178.771980866968,290.722378374443,570.642556769407,351.414424020775,412.804346430893,237.033856275184,718.409790874965,9.40385720721484,6.86870540235257,11.1779338996495,21.9386435354678,13.4966837886791,15.8551909707824,9.11268471757218,27.6187131914916,0,0,38.0273857377297,77.4653734015516,37.3343512849825,42.0118725363502,69.858427087275,195.608381303949,0,0,0,0,0,0,0,0,1007.04667505358,453.965745029023,3313.6848894717,3271.99665549548
"300",2014,2786,24.9166666666667,1952.03180570662,1542.52042396536,460.037536701279,843.227093985807,133.542776350447,152.583658901162,93.0373735216274,279.815353857705,0,0,0,0,0,0,0,0,0,0,0.764757223927466,1.40382844846472,0.275235205611941,0.312367377087512,0.196029617994397,0.58704383268122,0,0,0,0,0,0,0,0,7741.36468775693,5433.96084542588,1241.95265005068,2307.24500675417,783.873572325189,884.706220586868,1426.43671636911,4085.2526294263,297.435611056081,208.781465504421,47.8800956926388,88.9565813507525,30.2094425425896,34.0959525518676,55.0670058470603,157.702841193893,18991.9554389772,13201.8090681229,3223.00199552773,5865.80310378247,2209.50570965995,2411.76312634359,3463.53600754033,9707.32586010231,729.700946624176,507.234626080334,125.307820734349,228.362157110565,86.3959452758898,94.3403750076108,135.779560596841,380.563198512884,0,0,7.24102096578578,13.3804527868335,5.15687761351781,5.6649089314817,8.60563349340556,24.2145110325961,0,0,0,0,0,0,0,0,523.958926015769,384.262439047466,440.548583727398,850.254019134723,505.940681930954,598.065091230143,305.770862983417,924.589441545889,20.1313392063802,14.7639774276163,16.939164980025,32.6898039405169,19.4305267675443,22.9697987865931,11.7574038734594,35.5519563605906,244.930979902246,178.738667702205,289.408046596447,567.089861389385,351.461498999739,410.272300778898,238.455962234611,723.446290881082,9.41063957901172,6.86742545706372,11.1274337887568,21.802146895414,13.4985350938285,15.7580191056937,9.16742977445736,27.8125893696464,0,0,37.8319971906091,76.8847450244373,37.2884354444718,41.6880293271297,70.335669793229,197.194324760061,0,0,0,0,0,0,0,0,1011.06629012981,455.579076297564,3327.95612822804,3282.68851133081
"301",2015,2786,25,1947.79689084394,1538.69962278106,457.494147742102,838.792274342442,132.732437621022,150.798030848631,92.9512722210805,281.432788586166,0,0,0,0,0,0,0,0,0,0,0.760814884290456,1.39589894780798,0.273530268129137,0.308603330559498,0.195808932112286,0.590081443110195,0,0,0,0,0,0,0,0,7742.13928223506,5430.31669569801,1234.74277304453,2290.15525281466,782.844567511397,875.573436218311,1435.97338422404,4122.84580614715,297.465372214639,208.641451444264,47.6022901852175,88.2977584826346,30.1698005024938,33.7440035888371,55.4353666390891,159.154449310056,18990.702924514,13190.4620068276,3203.13993507648,5821.16775850956,2205.31107530137,2385.72042553701,3487.09507902284,9798.93828185743,729.652829936896,506.798653634084,124.536476516595,226.621326387438,86.231717914694,93.3198510634907,136.702722017291,384.149367367274,0,0,7.20119462634555,13.2804319022727,5.14790625333668,5.60433884375004,8.66431176827356,24.4418695501882,0,0,0,0,0,0,0,0,524.316847426512,384.211784331978,438.33734783301,844.189474346156,505.627064582046,592.139328085452,307.923382993328,934.257259365788,20.1450911314274,14.7620311920552,16.854181894216,32.4567458748335,19.4185247167829,22.7423040199451,11.8402233884719,35.9238347561449,245.141063544014,178.737045506624,288.019861786773,562.994161852376,351.362042598349,406.22509538476,240.064958050125,730.528713606734,9.41871133528634,6.86736312949683,11.0740934789854,21.6447714378745,13.4947565754793,15.6026491133941,9.22935300582172,28.0850638396934,0,0,37.6312003256955,76.2353908100565,37.2280406005311,41.2123138125165,70.8343384148223,199.009208371261,0,0,0,0,0,0,0,0,1015.05032618104,457.158262580427,3342.07155818367,3293.08155489848
"302",2015,2786,25.0833333333333,1943.68826817543,1534.92806357284,454.800566979874,834.056284124405,131.910014858349,148.857026823915,92.9061204642938,283.477422724177,0,0,0,0,0,0,0,0,0,0,0.756754779128749,1.38754062078268,0.271810631476183,0.304521775923057,0.195671756781661,0.593961261103761,0,0,0,0,0,0,0,0,7743.18366057583,5426.93700116515,1227.17498942589,2272.10892118699,781.648371448035,865.291825843451,1445.67811662398,4162.42949610729,297.505498900629,208.511598175608,47.3107102407143,87.6020692564303,30.123714096822,33.3477789088401,55.8102006427965,160.682778995745,18990.4509760061,13179.9492652159,3182.35309520322,5774.1796931592,2200.6835023089,2356.60333653616,3511.09265173709,9895.38484832408,729.643156439216,506.394737089266,123.729522302878,224.789244079674,86.0506056980306,92.1791073589361,137.643048051105,387.924447974923,0,0,7.16011322774802,13.1755634665903,5.13793510329798,5.53651150336356,8.72401219797142,24.680728454438,0,0,0,0,0,0,0,0,524.694496259766,384.183215996264,436.05000337822,837.812547448292,505.21191385037,585.425841523595,310.149879406551,944.752900095555,20.1596010153284,14.7609335505344,16.7662718477102,32.2116741878803,19.4026205277084,22.4845518598306,11.925883140968,36.3275149058465,245.360411440789,178.745638020069,286.59927458619,558.705746999907,351.187205391549,401.627252602682,241.737669070844,738.301955754433,9.42713903890357,6.86769326739108,11.0195062699255,21.4799838050481,13.4880809102211,15.4261270362639,9.29372214383311,28.384075627966,0,0,37.4286541389024,75.5636955864414,37.1609909807092,40.6836181506995,71.3407105819657,200.904138019907,0,0,0,0,0,0,0,0,1019.02210917173,458.723857428013,3356.10751222175,3303.28405176805
"303",2015,2786,25.1666666666667,1939.65281298326,1531.2344341319,452.209852076358,829.500150476873,131.095062714914,146.989804820131,92.8461604449609,285.376323414773,0,0,0,0,0,0,0,0,0,0,0.752659904146694,1.37933229651279,0.270112200793957,0.300590249709942,0.195514182772957,0.597625043705203,0,0,0,0,0,0,0,0,7744.04273867605,5423.43138045422,1219.7395280127,2254.36473806824,780.389640319922,855.189267634449,1455.31891234906,4201.65874439664,297.538506055051,208.376906621813,47.0242040896534,86.9180002018788,30.0752173009185,32.958454865712,56.1825664807766,162.197446254482,18990.2211357317,13169.4927813108,3161.97856333246,5728.08472694738,2195.93922327371,2328.05576084649,3534.93007878671,9990.58549058322,729.634332242173,505.992982059725,122.938434210321,222.991805587883,85.8649708466056,91.0606789249426,138.577183374184,391.65104246228,0,0,7.11849108270835,13.0713513948865,5.12767651710106,5.46997073164968,8.7833371936605,24.9168937051229,0,0,0,0,0,0,0,0,525.050700837769,384.14072450178,433.743599558137,831.473007647844,504.739171397939,578.791262579874,312.328008307606,954.799428245627,20.1732869764373,14.7593009589956,16.6776272867438,31.9680356606894,19.3845018117913,22.2298270616373,12.0096826045265,36.7139385199704,245.577669551838,178.753645761608,285.180176912933,554.464642530894,350.988819616252,397.101402381359,243.396068074887,745.895851459304,9.43548644948035,6.86800093741811,10.9649749692348,21.3170117597027,13.4804988356283,15.2523673934958,9.3575395659404,28.6761943840722,0,0,37.2268197760432,74.9000160077303,37.0925630959443,40.1648994846156,71.845901255989,202.783747969998,0,0,0,0,0,0,0,0,1022.9966702327,460.289307351134,3370.11608793661,3313.38432967134
"304",2015,2786,25.25,1935.69423375534,1527.62091357312,449.718720335341,825.118239570113,130.288719656885,145.194002336247,92.7725615535578,287.138003946765,0,0,0,0,0,0,0,0,0,0,0.748563895706904,1.37129695947816,0.268433497302934,0.296802905033631,0.19533556567538,0.601072043132499,0,0,0,0,0,0,0,0,7744.68773073325,5419.78080719702,1212.42368058093,2236.90058586617,779.064861299866,845.255100406018,1464.88584730914,4240.49101868935,297.56328768134,208.236645759387,46.7422857486266,86.2447037209107,30.0241752174361,32.5756211622923,56.5520826653403,163.696815884935,18990.0371012553,13159.1081999228,3142.01234909482,5682.87261451964,2191.08737011135,2300.06917956469,3558.61422434988,10084.5866086322,729.627267846162,505.593989644026,122.16306474652,221.228620940881,85.6751666557609,89.964230921832,139.50539469978,395.330956087226,0,0,7.07656859213533,12.9680034463565,5.11712826529072,5.40468278644766,8.8422801012466,25.1503842813306,0,0,0,0,0,0,0,0,525.386035024077,384.084640383735,431.4242820517,825.176885728213,504.210878047092,572.237861449466,314.460448379163,964.431248628957,20.1861710635126,14.75714611713,16.5884843061367,31.726062056894,19.3642469787908,21.9782169248314,12.0917247388855,37.0844274739337,245.794799812392,178.762473778974,283.764364136298,550.274308705833,350.769362138642,392.648852640052,245.040725521774,753.307109513772,9.44382894770555,6.8683401237587,10.9105686374979,21.1559884179933,13.4721055078137,15.081420519993,9.4208272940535,28.9612939424276,0,0,37.0256646795843,74.2443018294249,37.0228274288844,39.6559993641096,72.3499864104231,204.648555314541,0,0,0,0,0,0,0,0,1026.97384923449,461.854556316264,3384.09597429782,3323.38346393273
"305",2015,2786,25.3333333333333,1931.8155181714,1524.08913061854,447.32390475849,820.904924857845,129.491990938612,143.467287871721,92.6864231279571,288.770531043544,0,0,0,0,0,0,0,0,0,0,0.744493618493803,1.36345200047533,0.266773905331334,0.293154464873838,0.195135784692686,0.604304002754634,0,0,0,0,0,0,0,0,7745.09613396953,5415.97069819262,1205.21709363929,2219.69866001679,777.672089410694,835.48099617709,1474.37051028699,4278.88870411189,297.578979186783,208.090255278429,46.464559372969,85.5814975064871,29.9705131718166,32.1989571437327,56.9184257506131,165.179441225009,18989.9176829957,13148.8077675821,3122.44951157323,5638.53148747312,2186.13620063606,2272.63445143217,3582.15097868109,10177.4303968339,729.622685979677,505.198230373369,121.403229433089,219.49923699415,85.4815126421444,88.8894044674551,140.427910971838,398.965831349659,0,0,7.03453885047601,12.8656815571617,5.10629238353386,5.34061666863369,8.90083531938354,25.3812179399756,0,0,0,0,0,0,0,0,525.700932426949,384.015205913627,429.097182917576,818.92894198605,503.628754597242,565.767098461262,316.54952112102,973.679188019348,20.1982699364799,14.7544783333958,16.499040092744,31.4859363568689,19.3419221378478,21.7297776140679,12.1720987709488,37.440166134255,246.013278493959,178.773165208661,282.353468537734,546.137397692648,350.530741065195,388.270287274884,246.672133869333,760.534828561675,9.45222325429195,6.86875090538511,10.8563500480434,20.9970158144428,13.462974239015,14.9133127796694,9.48360434062495,29.2393399181589,0,0,36.825186421631,73.5965195013906,36.9518448253512,39.1567521907444,72.8530297126029,206.499038781282,0,0,0,0,0,0,0,0,1030.95348997036,463.41954949114,3398.04594620864,3333.28257508649
"306",2015,2786,25.4166666666667,1928.01907342238,1520.64027449228,445.022173841054,816.85462611412,128.705767376527,141.807368141104,92.5887826683164,290.281566900996,0,0,0,0,0,0,0,0,0,0,0.740470706584459,1.35581049233128,0.265133367083482,0.28964005109151,0.194915093230266,0.607324467772072,0,0,0,0,0,0,0,0,7745.25037885247,5411.98993962998,1198.11124325915,2202.74442369725,776.210507894626,825.860314669735,1483.76572738235,4316.81859721068,297.58490552185,207.937308168546,46.1906991496377,84.9278244863084,29.9141998380548,31.8282070200214,57.28131977017,166.64404480419,18989.8778470349,13138.6010710003,3103.28441996247,5595.04833098067,2181.0932765346,2245.74203530516,3605.54544317071,10269.1554573452,729.621161665668,504.806072584465,120.658716874332,217.803155864479,85.2843014206334,87.8358252424311,141.344930536604,402.557171704078,0,0,6.99255901989278,12.7645132828267,5.09517387862315,5.2777435825965,8.95899809607454,25.6094113922354,0,0,0,0,0,0,0,0,525.995726773751,383.932602285715,426.766647751406,812.732992992868,502.994336286441,559.379888439683,318.597257659761,982.571016055676,20.209596417681,14.7513045695661,16.4094616424265,31.2478053004479,19.3175862638131,21.4845443195736,12.2508827620516,37.7822213719422,246.23421010856,178.786487558375,280.94896209712,542.055912965008,350.274428678017,383.965906114883,248.290721210788,767.579890768594,9.46071180635889,6.86926277117069,10.802375802159,20.8401710371847,13.4531616018801,14.7480519384104,9.54588723432176,29.5103664158759,0,0,36.6254035524903,72.9566456501497,36.8796692597559,38.66698793559,73.3550849859971,208.335644645523,0,0,0,0,0,0,0,0,1034.93543893996,464.984232838764,3411.96484641122,3343.08281250126
"307",2015,2786,25.5,1924.30678149318,1517.27513944443,442.810343645684,812.961832312123,127.930831891402,140.211993688398,92.4806179655144,291.678377331426,0,0,0,0,0,0,0,0,0,0,0.736512178196921,1.3483817086507,0.263512267207259,0.286255129046596,0.194674057162147,0.610138492925194,0,0,0,0,0,0,0,0,7745.13728724255,5407.8304929194,1191.09921509126,2186.02617153486,774.680249530524,816.387837044933,1493.06545885392,4354.25175748821,297.580560361344,207.777495574265,45.9204408728626,84.2832361006476,29.8552403786065,31.4631696428099,57.6405322852348,168.089512689016,18989.9291329071,13128.4953352502,3084.510868613,5552.40919371285,2175.96552733556,2219.38208778722,3628.80200085808,10359.797020728,729.623138273668,504.417793876093,119.929293193296,216.139843042102,85.0838011777106,86.803107273812,142.256623872336,406.106350063339,0,0,6.95075474933274,12.664596195166,5.08378021619226,5.2160367124783,9.01676446099652,25.834980527911,0,0,0,0,0,0,0,0,526.270669133793,383.836961282387,424.436325569402,806.59203845601,502.3090183737,553.076694913163,320.60542667951,991.131651016623,20.2201601536033,14.7476298889309,16.3198892090626,31.0117842568344,19.2912929499806,21.2425348800996,12.3281446812527,38.11155046802,246.458374228575,178.802968353532,279.552160746508,538.031285589643,350.001523758929,379.735498574424,249.896854085582,774.444677074297,9.46932455632554,6.86989598948543,10.7486964954117,20.6855091626741,13.4427098225735,14.5856299919675,9.60769012836328,29.7744650896001,0,0,36.426351900927,72.324664554465,36.806348912145,38.1865334286469,73.856197123345,210.158788477833,0,0,0,0,0,0,0,0,1038.91954490712,466.548552976824,3425.8515807746,3352.78534848087
"308",2015,2786,25.5833333333333,1920.68007861293,1513.99418771201,440.685289483044,809.221124525941,127.167870298827,138.678963448201,92.3628515127225,292.967854490069,0,0,0,0,0,0,0,0,0,0,0.732631294095086,1.34117184227801,0.261911278081321,0.282995426357523,0.194413472996009,0.612752256902497,0,0,0,0,0,0,0,0,7744.74730975386,5403.48684499298,1184.17540683377,2169.53444982589,773.082158980399,807.059420900376,1502.26464050337,4391.16318370913,297.565576802589,207.610605674704,45.6535705518069,83.6473700825868,29.7936673202302,31.1036852588972,57.9958683052529,169.514882109149,18990.080243236,13118.4958409154,3066.12222468927,5510.59945399844,2170.75934539466,2193.54458351427,3651.92442263035,10449.3873131846,729.628950174581,504.033597136644,119.214707735119,214.50873768787,84.8802593428302,85.7908575920468,143.163137703556,409.614622980942,0,0,6.90922635818206,12.5660040307884,5.07212063137996,5.15547090798386,9.07413111864747,26.0579406369635,0,0,0,0,0,0,0,0,526.525950393763,383.728380299283,422.109294373499,800.508435447305,501.574118259401,546.857659892361,322.575574104469,999.38347827591,20.2299684784214,14.7434580335863,16.2304411230881,30.7779639129105,19.2630927958942,21.0037547723492,12.4039439304393,38.4290133496669,246.686289844894,178.822943782241,278.164231000162,534.064471738784,349.712831370434,375.578530308137,251.490844921966,781.132711149877,9.47808144465387,6.87066347721404,10.6953569763064,20.5330670075412,13.4316498444278,14.4260264934261,9.66902508736213,30.0317714652082,0,0,36.2280796405912,71.7005647789623,36.7319276244435,37.7152138864257,74.3564034724206,211.968858381994,0,0,0,0,0,0,0,0,1042.90565830816,468.112456989796,3439.70511012499,3362.39137012249
"309",2015,2786,25.6666666666667,1917.14001866515,1510.79759972776,438.643954723513,805.62719328855,126.417480229853,137.206128191091,92.2363540916172,294.156535952363,0,0,0,0,0,0,0,0,0,0,0.728838230479077,1.3341845714307,0.260331246788361,0.279856875229203,0.194134305127524,0.615172762939929,0,0,0,0,0,0,0,0,7744.07392163216,5398.95557370355,1177.33529382195,2153.26160742174,771.417612412011,797.871741206385,1511.35905498899,4427.53152154108,297.539704154091,207.436506985495,45.3899154349359,83.0199332451645,29.729533627634,30.7496255614226,58.3471653554567,170.919330277911,18990.3375112299,13108.6062542041,3048.11154342807,5469.60402534008,2165.48065911207,2168.21940563862,3674.91595286346,10537.9558651769,729.638840702583,503.65362322762,118.514697520476,212.909260587971,84.6739054187857,84.7986797359086,144.064598318509,413.083142565712,0,0,6.86805361282568,12.4687914056771,5.06020560645382,5.09602243023105,9.13109536564641,26.2783066259738,0,0,0,0,0,0,0,0,526.761718592926,383.606933841421,419.788158894496,794.484030340859,500.790917655521,540.722696530003,324.509055504524,1007.34661895,20.2390270800434,14.7387918661342,16.1412175424735,30.546415338364,19.2330350286816,20.7682006739172,12.4783325899229,38.735382913344,246.918266031674,178.846596895494,276.786197875082,530.156032138949,349.408926481265,371.49421268844,253.072958282409,787.64837814964,9.48699434646947,6.87157226746827,10.6423966533514,20.3828661849349,13.4200037714336,14.2692112215237,9.72990232799899,30.2824541360971,0,0,36.0306435393911,71.0843366970815,36.6564459927522,37.2528540853053,74.8557349387994,213.766217602246,0,0,0,0,0,0,0,0,1046.8936308408,469.67589230444,3453.52444453714,3371.90207340652
"310",2015,2786,25.75,1913.68732522909,1507.68531521659,436.683357021711,802.174851029284,125.680178964637,135.791392892691,92.1019478984393,295.250622304413,0,0,0,0,0,0,0,0,0,0,0.725140609094428,1.3274215094813,0.258773119650587,0.276835576353333,0.193837638666735,0.617407608504409,0,0,0,0,0,0,0,0,7743.1131365628,5394.23499910619,1170.57524018445,2137.20144377465,769.688383177768,788.82209670169,1520.34522509976,4463.33878351392,297.502789255269,207.255134960466,45.1293367788769,82.4006879909692,29.6629075437988,30.4008862519308,58.6942893858216,172.302163679435,18990.705277515,13098.8288922994,3030.47165862072,5429.40751477541,2160.13498963907,2143.39641230231,3697.77937992477,10625.5297832245,729.652976633669,503.277961178832,117.828990744658,211.340820289768,84.4649531744248,83.8261763296393,144.961114299876,416.512966971143,0,0,6.82729938145946,12.3729973641492,5.04804649338648,5.03766874402984,9.18765502620619,26.4960932510989,0,0,0,0,0,0,0,0,526.978092118491,383.472682141792,417.475127468891,788.520257305916,499.960686187206,534.671549956418,326.407063553396,1015.03917095371,20.2473405070981,14.7336337008222,16.052303403111,30.3171937673521,19.2011684112662,20.5358628036347,12.5513564740673,39.0313542885015,247.154442080973,178.873987769208,275.41895566128,526.306201022102,349.090206688385,367.481562964792,254.643415630455,793.996695686544,9.49606861359841,6.87262466846082,10.589849910541,20.2349157561377,13.4077868931548,14.1151464915117,9.79033040275445,30.5267059649729,0,0,35.8341062110482,70.4759708305793,36.5799421529714,36.7992792480583,75.3542168733389,215.551206667432,0,0,0,0,0,0,0,0,1050.88331520731,471.238806620647,3467.30863974246,3381.31865930384
"311",2015,2786,25.8333333333333,1910.32243720591,1504.65706912432,434.800593053774,798.859041699855,124.956410585215,134.432718438894,91.9604094272952,296.255993938774,0,0,0,0,0,0,0,0,0,0,0.721543953936689,1.32088259298669,0.257237881023785,0.27392776958314,0.193524639873636,0.619464790626851,0,0,0,0,0,0,0,0,7741.86308410997,5389.32488126196,1163.89233700938,2121.34891195694,767.896530282145,779.908251341888,1529.22031831825,4498.57007588082,297.454760240985,207.066480380782,44.8717236516337,81.7894409287412,29.5938683051379,30.057380948205,59.0371311123758,173.662807615676,18991.1862180294,13089.1649535943,3013.19525909171,5389.99435545572,2154.72749971214,2119.06549097791,3720.51709877052,10712.1339996033,729.671460783836,502.906657034379,117.157309736947,209.802818241994,84.2536025328834,82.8729511901419,145.852778949459,419.905070032629,0,0,6.78701275827924,12.2786484012568,5.03565519775579,4.9803883378311,9.24380839485727,26.7113153178278,0,0,0,0,0,0,0,0,527.175170741824,383.325678295418,415.172077817118,782.61822076408,499.08469893898,528.703846149088,328.27065222253,1022.47742794687,20.2549125929637,14.7279855776458,15.9637709433412,30.0903417645815,19.1675419176441,20.3067268015679,12.6230560615363,39.3175532522546,247.394822028627,178.905079368503,274.063278355898,522.514945339491,348.756936559933,363.539453999979,256.202400146564,800.183121866404,9.50530440110641,6.87381925725231,10.5377465095473,20.0892145076498,13.395009387983,13.9637890659362,9.85031638551121,30.7647367095497,0,0,35.6385338159925,69.8754564989839,36.5024524294226,36.354315771378,75.8518698561645,217.324145358459,0,0,0,0,0,0,0,0,1054.87456492978,472.801147867091,3481.05679415939,3390.64233054685
"312",2015,2786,25.9166666666667,1907.04554778845,1501.71242220374,432.992841782221,795.674847602379,124.246552432096,133.12812269919,91.8124720879408,297.17822690547,0,0,0,0,0,0,0,0,0,0,0.718052069247585,1.31456640405574,0.255726508923682,0.271129813224844,0.193196524822154,0.621352549270908,0,0,0,0,0,0,0,0,7740.32365450816,5384.2261670673,1157.28426773239,2105.69987726508,766.044311137432,771.128311079345,1537.98206409768,4533.21333680852,297.395612893875,206.870579627715,44.616987778158,81.186033620118,29.5225027888555,29.7190364482052,59.3756028455674,175.00079618337,18991.7816200727,13079.6147108981,2996.27495090673,5351.3489128835,2149.2630339279,2095.2166002816,3743.13116477904,10797.791497402,729.694342615358,502.539721275959,116.499373370064,208.294652918046,84.0400411289437,81.9386109493182,146.739672373407,423.260349953328,0,0,6.74723160484667,12.1857608981173,5.0230439328165,4.92416057237349,9.29955418766645,26.9239878585621,0,0,0,0,0,0,0,0,527.353044363108,383.16597381788,412.880611177631,776.778760618648,498.164246551546,522.819126917146,330.100757664692,1029.67607648405,20.2617467917518,14.7218494759161,15.8756817816944,29.8658917301135,19.1322051218108,20.0807750751638,12.6934672983915,39.5945438069586,247.639303209782,178.939758859844,272.719830359252,518.782015400072,348.409284077943,359.666655477818,257.750061110881,806.213398385269,9.51469776444832,6.8751516985978,10.4861120015229,19.945752898245,13.3816777230816,13.8150917380543,9.90986604047635,30.9967669953926,0,0,35.4439942652487,69.2827808416639,36.4240118312812,35.9177917935334,76.3487103627806,219.085334444955,0,0,0,0,0,0,0,0,1058.86723424323,474.362864183812,3494.7680467308,3399.874289231
"313",2016,2786,26,1903.62448154986,1498.43318401896,430.691968219605,792.711556114002,124.146097290874,134.046276484049,90.8265614288054,295.048510545181,0,0,0,0,0,0,0,0,0,0,0.71506831468307,1.30982021186589,0.255474513273331,0.27287657580898,0.191236136193689,0.617299616967268,0,0,0,0,0,0,0,0,7739.82549192837,5380.04404926306,1150.258922799,2091.37277192627,767.845744055442,775.16322592604,1542.28553769999,4552.17165972584,297.376472690914,206.709895973763,44.3463242763402,80.6337421884261,29.5919471872562,29.8745731441208,59.5422500904055,175.734273649593,18995.5613743,13072.4649649941,2978.20617460287,5316.15311806907,2154.21277778726,2106.3684775328,3753.85163250835,10842.7883082836,729.839572186621,502.265016448261,115.798346412727,206.922312606311,84.2337352806526,82.3731310580578,147.16196555105,425.026701824261,0,0,6.71217081100607,12.1071901470191,5.0347119045485,4.95013892379061,9.32743379831451,27.0407917123572,0,0,0,0,0,0,0,0,527.748368697884,383.123953080497,410.864491999875,771.835338885918,499.933157785547,525.834687129323,329.504461899824,1027.71408625648,20.2769357942772,14.7202349716911,15.7981813328529,29.675891906089,19.2001515270418,20.1966673738586,12.6706836318254,39.5196581143152,247.94305794771,179.023212038923,271.550460001069,515.652949998972,349.771362356129,361.830266784411,257.502495703315,805.675372471596,9.52636851245506,6.87835810302938,10.4411707206466,19.8255065521008,13.4340113509539,13.8982556265602,9.9004571484887,30.9764824755874,0,0,35.2759554326931,68.7742696406036,36.5227118620354,36.0824563489658,76.654326638551,220.176201609778,0,0,0,0,0,0,0,0,1062.69321400869,475.857575355052,3507.88940076068,3408.67020010931
"314",2016,2786,26.0833333333333,1900.35255335864,1495.26681224841,428.441337225114,789.913263384847,124.098905579577,135.16336077665,89.7693722993892,292.632621299648,0,0,0,0,0,0,0,0,0,0,0.71200835122552,1.30523352781593,0.25534749715131,0.275066950226759,0.18911323704574,0.612599801601072,0,0,0,0,0,0,0,0,7739.03561716863,5375.67846154463,1143.23749190381,2077.30368612236,769.939990026766,780.467419060997,1545.79875429827,4568.37512442218,297.346124439501,206.542163112307,44.0758104419785,80.0914036028712,29.6726797006058,30.0790275211897,59.6784404876925,176.361587004979,18999.9855794237,13065.818695278,2960.35944966263,5281.98830437845,2160.18497616923,2121.20563001888,3763.19157035375,10883.0762318759,730.00956247694,502.009655984419,115.10598826077,205.590198293337,84.4674856948863,82.9518985367797,147.530350695367,426.60913517321,0,0,6.67679462045359,12.0302458356604,5.0487342023552,4.98475119963717,9.35170358189187,27.1452878522617,0,0,0,0,0,0,0,0,528.143558890894,383.08173382531,408.846540799397,766.999458665864,501.931938003683,529.811473542674,328.756212503365,1025.19031554386,20.2921196426689,14.718612840101,15.7206096847272,29.4900242378209,19.2769225964751,20.3494738956429,12.6420610125486,39.4231864229093,248.274308552917,179.124819778041,270.423013483088,512.65940799277,351.351894153737,364.707659026551,257.06610409181,804.406301147729,9.53909569551941,6.88226203469425,10.397840440544,19.7104684011471,13.4947331445042,14.0088337565595,9.8837948911636,30.9281155671402,0,0,35.111816656889,68.2815517782416,36.6403071492531,36.3130085234462,76.9374215402463,221.189394121334,0,0,0,0,0,0,0,0,1066.5022027244,477.344285583757,3520.96793932374,3417.44293988774
"315",2016,2786,26.1666666666667,1897.25179219831,1492.2579842321,426.304135976396,787.26202524131,124.034446216524,136.220076592935,88.7402283321682,290.287470795483,0,0,0,0,0,0,0,0,0,0,0.708864813847737,1.30067661216409,0.255194855262454,0.277164120172756,0.187023956087386,0.60795839951081,0,0,0,0,0,0,0,0,7737.85186659934,5371.03896478475,1136.29092669809,2063.38169542233,771.903015377559,785.546769088217,1549.05299159014,4583.66992621157,297.300642849611,206.363906227451,43.8081612917835,79.5547203151319,29.7483560554636,30.2748142476615,59.8046453474859,176.953876737973,19004.6526790865,13059.3776575143,2942.90003916505,5248.50843476917,2165.93518162628,2135.60592301464,3772.53357149573,10923.3498638813,730.188885057634,501.762180863682,114.428532615088,204.284657735146,84.6926288014567,83.5137032101354,147.898845464769,428.191138055762,0,0,6.64080216026887,11.9535485264739,5.0621867635831,5.0182943728726,9.37559130505204,27.248499467448,0,0,0,0,0,0,0,0,528.510263641584,383.02354611973,406.798886854013,762.173688080469,503.835621804238,533.69294070391,328.131476069077,1023.14146160644,20.3062090346511,14.7163771751162,15.6418945564188,29.3045421323203,19.3500377186362,20.4986136906912,12.6181791396027,39.3449482606909,248.621466885735,179.235869278374,269.310978161191,509.724231321045,352.937089161047,367.580642180273,256.658541754666,803.201063449139,9.55243407879946,6.88652873392779,10.3551016500855,19.5976718870456,13.5556318428207,14.1192397605874,9.86823947599909,30.8821997332821,0,0,34.9483629454624,67.7952355657848,36.7556263842679,36.5386922164785,77.2203756945451,222.202925112561,0,0,0,0,0,0,0,0,1070.31393974807,478.830801038876,3534.07022457359,3426.2384386285
"316",2016,2786,26.25,1894.31230302967,1489.39794468609,424.274284378013,784.749583129888,123.954258514938,137.219682585995,87.7383067457287,288.010735635266,0,0,0,0,0,0,0,0,0,0,0.705682026947332,1.29618353397753,0.255015607650214,0.279167529149421,0.184970437258287,0.603385226607082,0,0,0,0,0,0,0,0,7736.33111365671,5366.16750696217,1129.42962423623,2049.62671393426,773.751064903163,790.422584987632,1552.0742255481,4598.13833939763,297.242213089614,206.176737027622,43.543778230543,79.0244588913513,29.8196005104826,30.4627528902174,59.9218619636858,177.514300651411,19009.5198409192,13053.1109489907,2925.81400838485,5215.6892734085,2171.46589451263,2149.57627885662,3781.86370884719,10963.5635870907,730.375894243128,501.521403754339,113.765445342731,203.004754908231,84.9092582223653,84.0588105296243,148.266909282761,429.770942071391,0,0,6.60442591484881,11.8772824376447,5.07506729414937,5.05077675980868,9.39908508286043,27.3503748398935,0,0,0,0,0,0,0,0,528.848846780397,382.949379497759,404.727280310572,757.362454646354,505.646045942161,537.475203174579,327.614956693658,1021.5123833578,20.3192179491729,14.7135275746163,15.5622568109123,29.1196156430569,19.4195673079699,20.6439371890066,12.5984502256373,39.2828244764915,248.979332588039,179.353021142383,268.20789253557,506.8362898966,354.516638107089,370.440209701537,256.283573186588,802.081211464218,9.56618385622784,6.89102989573604,10.3127059203803,19.4866891384113,13.6163114606913,14.2291275833688,9.85393520821574,30.839562013047,0,0,34.7854404580892,67.3150476023242,36.8686096324797,36.7594998668279,77.5030395464447,223.216349973309,0,0,0,0,0,0,0,0,1074.1282207046,480.317059663064,3547.19417151722,3435.05569876988
"317",2016,2786,26.3333333333333,1891.52515545136,1486.67874413541,422.346137364456,782.368321520202,123.859801642901,138.165278490382,86.7628369671011,285.800254008025,0,0,0,0,0,0,0,0,0,0,0.702495012285935,1.2917802460994,0.254809761448475,0.281077837582455,0.182954371530957,0.59888810275135,0,0,0,0,0,0,0,0,7734.52134207231,5361.0995641987,1122.66092079737,2036.05307869395,775.496885510781,795.112414743692,1554.88593551763,4611.85601395421,297.17267877121,205.982018562151,43.2829449921311,78.5011716820492,29.8869030990011,30.6435186458978,60.0309920397245,178.045763148946,19014.5509753487,13046.9925128559,2909.08887284141,5183.50922123353,2176.78040645674,2163.12439491819,3791.17004079903,11003.67786812,730.569203416749,501.28632351042,113.116248203178,201.749655654371,85.117498373487,84.5875160721919,148.634078331128,431.347013769072,0,0,6.56785601814578,11.8015975433253,5.08738090683781,5.08221398349674,9.42217889278023,27.4508820403375,0,0,0,0,0,0,0,0,529.159857589909,382.859378958665,402.637155521886,752.570272146601,507.365791925438,541.155982347385,327.193179495514,1020.2540709262,20.3311674905514,14.710069609705,15.4819052198212,28.9354181805352,19.4856104277861,20.7853566370634,12.582356454155,39.2349315094316,249.34364418389,179.473559418724,267.108936468837,503.986967472018,356.082000458796,373.278527101669,255.943704555877,801.062714184032,9.58018129509087,6.89566116892496,10.270467913981,19.3771889139492,13.6764439373784,14.3381961749853,9.84097808215624,30.8008150229353,0,0,34.6229437567133,66.8407676932905,36.9792042655877,36.9754302452281,77.7852785739589,224.229264040855,0,0,0,0,0,0,0,0,1077.94484456534,481.80299965799,3560.33778300986,3443.89370718794
"318",2016,2786,26.4166666666667,1888.88220478622,1484.09309291799,420.514419689525,780.111165840484,123.752458503047,139.059817382946,85.8130908215543,283.653995633021,0,0,0,0,0,0,0,0,0,0,0.699331688733012,1.28748658196178,0.254577978579699,0.282896549248295,0.180977081462342,0.594473266119134,0,0,0,0,0,0,0,0,7732.46349940329,5355.86548326885,1115.98992077571,2022.6710123741,777.150592569742,799.630866789952,1557.50942722154,4624.8926330081,297.093613165028,205.780916802645,43.0258594611475,77.9852529504144,29.9506528500919,30.8176738411327,60.1328540366151,178.550940307979,19019.7153328684,13041.0001338308,2892.71326117713,5151.94870295735,2181.88255201666,2176.25849788084,3800.4422742991,11043.658300587,730.767631135607,501.056086585294,112.480505844988,200.518604013789,85.3174948673726,85.1001360512169,148.99995252187,432.918017672981,0,0,6.53124943233079,11.726616534209,5.0991372464069,5.11262619561931,9.44487108588555,27.5500044158826,0,0,0,0,0,0,0,0,529.443976156189,382.753803233186,400.533581452063,747.801553171772,508.997863852622,544.734151055389,326.854206270608,1019.32274689082,20.3420837887826,14.7060132212308,15.4010345527125,28.752119307255,19.5482824142364,20.922828594487,12.5694390585575,39.1995868702802,249.710881748208,179.595257596653,266.010552652888,501.169596297748,357.626112017435,376.088810975926,255.640475042953,800.157158367675,9.59429115424371,6.90033700739102,10.2282508377513,19.2689148736645,13.735757911773,14.446184855331,9.82942696854268,30.7664030806421,0,0,34.4608038280676,66.3722164257361,37.0873649915966,37.186488544134,78.0669710980075,225.241297065266,0,0,0,0,0,0,0,0,1081.76361482314,483.288560066775,3573.49915792478,3452.75145293155
"319",2016,2786,26.5,1886.37602320954,1481.63430559256,418.774203443913,777.971546042622,123.633535488093,139.906107578746,84.8883787368332,281.570050228171,0,0,0,0,0,0,0,0,0,0,0.696213774977725,1.28331707551608,0.254321442996247,0.284625856845187,0.179039557676958,0.590145548076666,0,0,0,0,0,0,0,0,7730.19224945293,5350.4910262889,1109.41984966023,2009.48724684284,778.720046356675,803.989968559633,1559.96394249802,4637.31208491271,297.006348109822,205.574421570809,42.7726472240664,77.4769628010228,30.0111522251719,30.9856816801113,60.2281873607429,179.032286405816,19024.9869356341,13035.1150306795,2876.67678238686,5120.98992230794,2186.77659956873,2188.98722955291,3809.67163135526,11083.4752364624,730.970179291613,500.829971373776,111.857820677834,199.310912769248,85.5094103005837,85.5970029120751,149.364190340932,434.48280205386,0,0,6.4947337766551,11.6524378083443,5.11034941851737,5.14203698503633,9.46716371868659,27.6477385273088,0,0,0,0,0,0,0,0,529.701988639675,382.63300621514,398.421242626381,743.060534341595,510.545555446142,548.20953806665,326.587520964892,1018.67951282403,20.35199704941,14.7013720063601,15.3198248412405,28.5698818610947,19.6077097663296,21.0563464175638,12.5592939241905,39.1752955696065,250.078185290475,179.716323132536,264.910274093694,498.379199761183,359.143246729401,378.865270638199,255.374591937487,799.372298257036,9.6084035482819,6.90498853874101,10.1859598138647,19.1616756886357,13.7940334184458,14.5528710784969,9.81930880329777,30.7366233224662,0,0,34.2989829055077,65.9092497583624,37.1930537962227,37.3926863579639,78.3480075591841,226.252111581789,0,0,0,0,0,0,0,0,1085.58434025012,484.773681111614,3586.67649420735,3461.62793489356
"320",2016,2786,26.5833333333333,1883.99980567408,1479.29622433606,417.120874168832,775.94334328592,123.504264515044,140.706818761738,83.9880447567157,279.546612113856,0,0,0,0,0,0,0,0,0,0,0.693157944597377,1.27928200402702,0.254041695885075,0.286268451563469,0.177142506093406,0.585908598039654,0,0,0,0,0,0,0,0,7727.73695976546,5344.99808529035,1102.95248144765,1996.50578118801,780.211313854027,808.199617866494,1562.26683954525,4649.17283419385,296.912011953605,205.363373993502,42.5233779812707,76.9764562720312,30.0686348290867,31.1479235565649,60.3176592527252,179.492048059834,19030.343829708,13029.3213209675,2860.96985515008,5090.61654949107,2191.46712155463,2201.31951324542,3818.85066239627,11123.1032515358,731.176004381521,500.607367647262,111.247826285848,198.125951374804,85.6934192371285,86.0784601703555,149.726501635337,436.040378287387,0,0,6.45841224890135,11.5791392952336,5.12103263768483,5.170472038778,9.4890617452029,27.7440916321264,0,0,0,0,0,0,0,0,529.934757965895,382.497414512948,396.304425065073,738.351194631738,512.012294758545,551.582692179388,326.383869036049,1018.28983874008,20.3609404274143,14.6961623560707,15.2384408345017,28.388858813838,19.6640241782054,21.1859311893883,12.5515654184053,39.1607305087461,250.443248808224,179.835325826903,263.80651657076,495.61218251653,360.628841455169,381.603023656512,255.146093155612,798.712729299732,9.62242987690706,6.90956081242413,10.143533903948,19.0553331314818,13.8510951605742,14.6580671942426,9.8106248286804,30.7116515820825,0,0,34.1374680784911,65.4517523531338,37.2962397672833,37.5940415375132,78.6282893398051,227.261399999071,0,0,0,0,0,0,0,0,1089.40683553209,486.258304511359,3599.86809048748,3470.52217009995
"321",2016,2786,26.6666666666667,1881.74727748501,1477.07314365664,415.550097282814,774.020837195082,123.365805358422,141.464488389753,83.1114617114229,277.581965254354,0,0,0,0,0,0,0,0,0,0,0.690176942948314,1.2753883910717,0.253740484599476,0.287827344434992,0.175286395890101,0.58176510677264,0,0,0,0,0,0,0,0,7725.12267180486,5339.40538434551,1096.58854513918,1983.72860640822,781.629117523747,812.268031922613,1564.43378065917,4660.5283189512,296.81156682947,205.148493479526,42.2780811590966,76.4838111523686,30.1232826240266,31.3047162776448,60.4018719625656,179.932279377437,19035.7673503137,13023.6054948464,2845.5835463193,5060.81342392354,2195.95887124254,2213.26442373309,3827.97305649043,11162.5205968064,731.384389276836,500.387756335708,110.650181192039,196.963134470606,85.8697034410589,86.5448573864084,150.086640281598,437.589899678881,0,0,6.42236846620095,11.5067822844045,5.1312030438467,5.1979579468796,9.5105722222927,27.8390791551911,0,0,0,0,0,0,0,0,530.143195351615,382.347505519676,394.187013256752,733.67719109976,513.4015065647,554.854658407427,326.235091452554,1018.12303163559,20.3689489332031,14.6904026125672,15.1570318776581,28.209190796831,19.7173572494043,21.311623112796,12.545940014325,39.1547120668052,250.804215650475,179.95112735088,262.698372097907,492.866021458276,362.079310170545,384.297997598188,254.954510280783,798.18056920589,9.63629880462296,6.91401009202446,10.1009381715678,18.9497901992744,13.9068053768407,14.761616679332,9.80335685482396,30.691568552118,0,0,33.9762650589256,64.9996310228203,37.3968987686871,37.7905778973289,78.9077275794473,228.268881704195,0,0,0,0,0,0,0,0,1093.2309218468,487.74237378098,3613.07234527399,3479.43320074048
"322",2016,2786,26.75,1879.61264126645,1474.95976696277,414.057797626584,772.198674222456,123.219247972585,142.181526770331,82.2580285110911,275.674474826006,0,0,0,0,0,0,0,0,0,0,0.687280178770738,1.27164052750024,0.25341969814813,0.289305782656017,0.173471489094597,0.577716935367267,0,0,0,0,0,0,0,0,7722.37064586854,5333.72887461496,1090.32792963091,1971.15607753304,782.977075724786,816.202004168763,1566.47885918718,4671.42724467773,296.705829592041,204.930392897979,42.0367537846861,75.9990422731854,30.1752351553694,31.4563219204431,60.481367602955,180.354853165683,19041.2417090689,13017.9561186828,2830.50948886238,5031.56640116954,2200.25672255989,2224.83111987168,3837.03352352855,11201.7088482204,731.594727364671,500.170698140565,110.064565687623,195.82191596357,86.0384495433496,86.9965475566859,150.444399637626,439.130647956614,0,0,6.38666917299598,11.4354136760844,5.14087728966846,5.22452174570056,9.53170387416976,27.9327232141264,0,0,0,0,0,0,0,0,530.328245450499,382.183795674415,392.072507105235,729.041850163691,514.716561212969,558.026867574551,326.134016897753,1018.15188260068,20.3760588618828,14.6841126182655,15.0757325587716,28.0310057610158,19.7678385157845,21.4334772612712,12.5421421496746,39.1561945443844,251.159619051104,180.062841642624,261.585490108918,490.139086214622,363.491918480018,386.946850445746,254.798963547502,797.775864718175,9.64995397593256,6.91830233362903,10.0581591158735,18.8449842144811,13.9610590232834,14.8633910829932,9.79747090785716,30.6763754107083,0,0,33.8153948184709,64.5528110943677,37.4950129847465,37.9823247967592,79.1862424382059,229.27430128734,0,0,0,0,0,0,0,0,1097.05642704725,489.225834355207,3626.28775228916,3488.36009607685
"323",2016,2786,26.8333333333333,1877.5905207726,1472.95116057782,412.640137834592,770.471834163883,123.065614977889,142.860222403234,81.4271673377903,273.822578405512,0,0,0,0,0,0,0,0,0,0,0.684474357528467,1.26804053114082,0.253081294572201,0.290707157770715,0.171697871291483,0.573765250679465,0,0,0,0,0,0,0,0,7719.49894013056,5327.98215372052,1084.16989947661,1958.78730490811,784.257953769835,820.007171975968,1568.41473605636,4681.91390595936,296.595494065245,204.709594691235,41.7993687780842,75.5221165343506,30.2245991852303,31.6029581055331,60.5566333693838,180.761473208511,19046.7535550122,13012.3635202803,2815.73979445973,5002.86219045667,2204.36560620325,2236.02877363915,3846.02766915233,11240.6525336707,731.806505681665,499.955821440523,109.490678455632,194.701782745095,86.1998465643951,87.4338843661298,150.799607713663,440.662018885426,0,0,6.35136710278011,11.3650683293315,5.15007204683249,5.25019039557059,9.55246663700904,28.0250510888519,0,0,0,0,0,0,0,0,530.490870652176,382.006828056572,389.964037517826,724.448155026563,515.960718268607,561.101019950996,326.074348875914,1018.35229658792,20.3823071900043,14.6773132391448,14.9946633036598,27.8544184892677,19.8155932807159,21.5515591010696,12.5399298896501,39.1642519406627,251.508319142163,180.169792929763,260.467955510309,487.430455340174,364.864656361043,389.546889793674,254.678259449925,797.497010553471,9.66335159528914,6.92241157298244,10.0151999845391,18.7408797601256,14.0137788869102,14.9632869252494,9.79292097868179,30.6660099151956,0,0,33.654890039284,64.1112326099529,37.5905704918277,38.1693167319921,79.4637622929813,230.27742656503,0,0,0,0,0,0,0,0,1100.88318584945,490.708633716821,3639.51289615386,3497.30195466396
"324",2016,2786,26.9166666666667,1875.6759085256,1471.04271081549,411.293497783907,768.835598499635,122.905864314181,143.502747422263,80.6183210667061,272.02477783733,0,0,0,0,0,0,0,0,0,0,0.681764058808874,1.26458885493937,0.25272723757406,0.292034924188939,0.169965480366235,0.569910650630318,0,0,0,0,0,0,0,0,7716.52294631616,5322.17685379896,1078.11328679059,1946.6205040923,785.473889714682,823.688261551322,1570.25277366012,4692.02851190901,296.481151623778,204.486545784591,41.5658823288296,75.0529663433505,30.2714573572613,31.7448073968975,60.628106660151,181.153686691058,19052.2915683338,13006.8194974862,2801.26697472415,4974.6882079972,2208.29045334391,2246.86650693159,3854.95187588636,11279.3387751343,732.019289304506,499.742811095692,108.928233527414,193.602249019015,86.3540837291095,87.8572197389722,151.152122583016,442.183508465495,0,0,6.31650360939188,11.2957712347257,5.15880359002303,5.27499033808636,9.572871247126,28.1160938184933,0,0,0,0,0,0,0,0,530.6320370106,381.817161163505,387.864384763662,719.898739974468,517.137080610878,564.078982668856,326.050558042191,1018.70293679815,20.3877310349076,14.6700259335666,14.9139310773949,27.6795303729859,19.8607408479064,21.6659405428878,12.5390907902277,39.1780642911391,251.849444623837,180.271476963017,259.3461777772,484.739748775631,366.196118391896,392.095993788185,254.590979669018,797.341134708574,9.67645818596278,6.92631843602101,9.97207651092459,18.6374622399339,14.0649109863718,15.0612226615636,9.78965243828039,30.6603612036584,0,0,33.4947918910421,63.674846865835,37.6835648151074,38.3515929081867,79.7402229591448,231.278046647876,0,0,0,0,0,0,0,0,1104.71103995393,492.190721498126,3652.74644759016,3506.25790593914
"325",2017,2786,27,1873.89395148961,1469.24011002238,410.01953843833,767.488424150819,122.757429909544,144.155428584353,79.7593286514496,270.004182089779,0,0,0,0,0,0,0,0,0,0,0.679243035761227,1.26166917077389,0.252393514084569,0.29338266130343,0.168148708957372,0.565682649989945,0,0,0,0,0,0,0,0,7713.5126188255,5316.38638406137,1072.24329375906,1935.18112006764,786.732581537314,827.5033946946,1571.75244627,4700.97203717757,296.365490027563,204.264066677332,41.33958814319,74.6118600110248,30.3199605404912,31.8918182164325,60.6865153383647,181.500688535768,19058.0000683889,13001.4669061156,2787.28816138926,4948.3783490745,2212.33451534065,2258.04698093497,3863.13021504978,11315.5811002589,732.238623213786,499.537155854953,108.384980956646,192.575310647404,86.5130163061955,88.2940246317523,151.475593667265,443.609897480099,0,0,6.2829544726174,11.2309625983285,5.16778471726066,5.30057564124926,9.59138663982428,28.2008914215052,0,0,0,0,0,0,0,0,530.757091213399,381.622156558712,385.823479446412,715.612583381055,518.318922763681,567.144440804946,325.936578883261,1018.80567359205,20.3925358248806,14.6625335445729,14.8354559964698,27.514761219512,19.9060954819193,21.7836770392634,12.5347808339805,39.1823311071642,252.184207417419,180.369720758915,258.25379472569,482.21205937112,367.535001836071,394.713861941485,254.451317410862,797.039379658086,9.68932031190797,6.93009311964142,9.93008214650278,18.54031032819,14.116325698331,15.1617961811697,9.78436798269629,30.6490960940824,0,0,33.3396423887478,63.2629160516003,37.7790911854489,38.5410378829796,80.0059907331552,232.245257322781,0,0,0,0,0,0,0,0,1108.53960574653,493.669459926403,3665.98643522097,3515.2115537015
