"","year","sim_id","time","N_1_1_1_1","N_1_1_1_2","N_1_1_2_1","N_1_1_2_2","N_1_1_3_1","N_1_1_3_2","N_1_1_4_1","N_1_1_4_2","N_1_2_1_1","N_1_2_1_2","N_1_2_2_1","N_1_2_2_2","N_1_2_3_1","N_1_2_3_2","N_1_2_4_1","N_1_2_4_2","N_2_1_1_1","N_2_1_1_2","N_2_1_2_1","N_2_1_2_2","N_2_1_3_1","N_2_1_3_2","N_2_1_4_1","N_2_1_4_2","N_2_2_1_1","N_2_2_1_2","N_2_2_2_1","N_2_2_2_2","N_2_2_3_1","N_2_2_3_2","N_2_2_4_1","N_2_2_4_2","N_3_1_1_1","N_3_1_1_2","N_3_1_2_1","N_3_1_2_2","N_3_1_3_1","N_3_1_3_2","N_3_1_4_1","N_3_1_4_2","N_3_2_1_1","N_3_2_1_2","N_3_2_2_1","N_3_2_2_2","N_3_2_3_1","N_3_2_3_2","N_3_2_4_1","N_3_2_4_2","N_4_1_1_1","N_4_1_1_2","N_4_1_2_1","N_4_1_2_2","N_4_1_3_1","N_4_1_3_2","N_4_1_4_1","N_4_1_4_2","N_4_2_1_1","N_4_2_1_2","N_4_2_2_1","N_4_2_2_2","N_4_2_3_1","N_4_2_3_2","N_4_2_4_1","N_4_2_4_2","N_5_1_1_1","N_5_1_1_2","N_5_1_2_1","N_5_1_2_2","N_5_1_3_1","N_5_1_3_2","N_5_1_4_1","N_5_1_4_2","N_5_2_1_1","N_5_2_1_2","N_5_2_2_1","N_5_2_2_2","N_5_2_3_1","N_5_2_3_2","N_5_2_4_1","N_5_2_4_2","N_6_1_1_1","N_6_1_1_2","N_6_1_2_1","N_6_1_2_2","N_6_1_3_1","N_6_1_3_2","N_6_1_4_1","N_6_1_4_2","N_6_2_1_1","N_6_2_1_2","N_6_2_2_1","N_6_2_2_2","N_6_2_3_1","N_6_2_3_2","N_6_2_4_1","N_6_2_4_2","N_7_1_1_1","N_7_1_1_2","N_7_1_2_1","N_7_1_2_2","N_7_1_3_1","N_7_1_3_2","N_7_1_4_1","N_7_1_4_2","N_7_2_1_1","N_7_2_1_2","N_7_2_2_1","N_7_2_2_2","N_7_2_3_1","N_7_2_3_2","N_7_2_4_1","N_7_2_4_2","N_8_1_1_1","N_8_1_1_2","N_8_1_2_1","N_8_1_2_2","N_8_1_3_1","N_8_1_3_2","N_8_1_4_1","N_8_1_4_2","N_8_2_1_1","N_8_2_1_2","N_8_2_2_1","N_8_2_2_2","N_8_2_3_1","N_8_2_3_2","N_8_2_4_1","N_8_2_4_2","HIV_neg_male","HIV_neg_female","HIV_pos_male","HIV_pos_female"
"1",1990,170,0,5078.83378305243,5191.46426202468,257.206341788573,506.796939848328,91.0650742622235,143.078772719929,0,0,0,0,0,0,0,0,0,0,0,0,0.400426897224706,0.804369189959972,0.167626029364535,0.264409066641825,0,0,0,0,0,0,0,0,0,0,4467.77676769137,5004.23655049961,143.477347261339,303.905164971321,46.7116052710737,78.3234505233409,0,0,171.659128145982,192.27077089147,5.52884809669529,11.7119740698309,1.80091340594575,3.01973885352101,0,0,32267.556911465,36596.8460485008,1105.83040982171,2354.92945369634,363.389158037701,609.528441714826,0,0,1239.76930628826,1406.10957302426,42.7913813805286,91.1735199767054,14.1434822135915,23.7353760788659,0,0,0,0,1.83062533747468,3.96016950189775,0.69449846626834,1.16846984051107,0,0,0,0,0,0,0,0,0,0,238.716450301965,277.663927029696,21.4234165591122,46.8101033520042,11.8076648453524,20.4641243246006,0,0,9.17186596756637,10.6682923371535,0.822274202095495,1.79642748143983,0.452439766887209,0.784012897077507,0,0,532.757529093476,624.388866487659,57.5447987679435,130.049294922798,37.0735646925338,65.1284908752611,0,0,20.4693911104503,23.9900194059161,2.20920151432234,4.99221605196988,1.42154595370107,2.49697862057363,0,0,0,0,6.53584378893378,15.0847573099056,4.11748684324639,7.19792559039213,0,0,0,0,0,0,0,0,0,0,0,0,0,0
"2",1990,170,0.0833333333333333,5068.97629468216,5175.15535796354,263.642854827916,518.626138220616,92.3940648449958,145.255368479728,0,0,0,0,0,0,0,0,0,0,0,0,0.405218828275754,0.813967237407955,0.17010012132281,0.268483346780753,0,0,0,0,0,0,0,0,0,0,4468.06362653747,4998.07196931973,149.593381584246,316.276410858369,47.9357031524223,80.4562613414991,0,0,171.670149721585,192.03391782433,5.76419934150249,12.188107066412,1.84810828967645,3.10197080812796,0,0,32206.1291207216,36480.2262282841,1149.96673332993,2445.0016336465,372.600174821995,625.510968572334,0,0,1237.40916919724,1401.62885075127,44.4944503800965,94.6514645345367,14.5027869673434,24.3592538343893,0,0,0,0,1.86936259106744,4.04509970373568,0.712262754609704,1.19942508344833,0,0,0,0,0,0,0,0,0,0,238.350250547249,277.002472731322,22.0740066720268,48.1859859397131,12.1477831033179,21.0530614949305,0,0,9.15779600565052,10.6428782027751,0.847247365585753,1.84923155515042,0.46546476353679,0.80656189230406,0,0,531.245530381338,621.800749388401,59.1406359134993,133.624840861938,38.0719376646306,66.9536876814531,0,0,20.4112977576703,23.8905798003803,2.27046469290595,5.12945719910604,1.459804173094,2.56691049317873,0,0,0,0,6.69696350083625,15.4705706933871,4.24156485322606,7.42362509874749,0,0,0,0,0,0,0,0,0,0,2.40893343787521,1.60543700147866,0.46268720128269,0.525123934051437
"3",1990,170,0.166666666666667,5059.23770759764,5159.06414225543,269.907207655094,530.165132286211,93.7677449459687,147.493284054169,0,0,0,0,0,0,0,0,0,0,0,0,0.410953839513302,0.825207222510604,0.172603756126487,0.272601781064553,0,0,0,0,0,0,0,0,0,0,4468.44011563428,4992.02276753507,155.56545413107,328.39128862028,49.2154151173582,82.6780792510622,0,0,171.684615034754,191.801497818066,5.99405787233063,12.6544653380332,1.89744371265392,3.18762924073208,0,0,32144.982224086,36364.1979830206,1193.31028932259,2533.65797312862,382.204700946349,642.122577474562,0,0,1235.05982437357,1397.17085775476,46.167420844277,98.075767578547,14.8773329056478,25.0075341209366,0,0,0,0,1.91515655301198,4.14376137789612,0.730445221364747,1.23110277038286,0,0,0,0,0,0,0,0,0,0,238.015176638696,276.366980696394,22.7702250552673,49.6537994618033,12.4930217128006,21.6541900538534,0,0,9.14492194820142,10.6184615801109,0.87397342707568,1.90556694153103,0.478685993816917,0.829577867306578,0,0,529.719486865616,619.211657966682,60.7584022957386,137.246920739494,39.0975484761132,68.8256337321052,0,0,20.3526647807897,23.7911027598768,2.33256931690947,5.26848325840649,1.49910586250228,2.63863275431889,0,0,0,0,6.86144974262141,15.8643665642806,4.36840267432087,7.65462465445675,0,0,0,0,0,0,0,0,0,0,4.81432804161843,3.20712101753313,0.939218645266712,1.06571599495399
"4",1990,170,0.25,5049.60425196626,5143.17537109717,276.002969851626,541.418926214889,95.1832638678879,149.788865372048,0,0,0,0,0,0,0,0,0,0,0,0,0.417428024947592,0.837741704905601,0.175152413098681,0.276784711345127,0,0,0,0,0,0,0,0,0,0,4468.96473039463,4986.15411125427,161.405365506866,340.271763070344,50.5492075979854,84.9872354232373,0,0,171.704771572795,191.576014658783,6.21887257063192,13.1118845011074,1.94886141013232,3.276651000911,0,0,32084.0739016599,36248.7120039201,1235.86967554574,2620.90856513572,392.190514754191,659.347240806286,0,0,1232.7196458225,1392.73369951167,47.8106075220086,101.44678944682,15.266656839321,25.6796113356144,0,0,0,0,1.96655580556152,4.25341349394614,0.749160537227878,1.26367174301779,0,0,0,0,0,0,0,0,0,0,237.708849674899,275.755767800057,23.5007506179437,51.1920742781772,12.8453160519,22.2700128119428,0,0,9.13315239404152,10.5949778008109,0.902017349480629,1.96460862374207,0.492177733801784,0.853156887099152,0,0,528.177264209868,616.61782504554,62.4025386526532,140.924502286694,40.1499198595616,70.7440324004654,0,0,20.2934101752167,23.6914435434378,2.39568605021811,5.40963885244177,1.5394327638801,2.71213406832638,0,0,0,0,7.03025524513921,16.2680029882698,4.49806894513316,7.89104482334323,0,0,0,0,0,0,0,0,0,0,7.21648581843245,4.80519728815626,1.43016536462452,1.62245186037026
"5",1990,170,0.333333333333333,5040.0644449468,5127.47620080061,281.93364687029,552.392478018613,96.6378832944955,152.138593244547,0,0,0,0,0,0,0,0,0,0,0,0,0.424472662046371,0.851281782420739,0.177756447392964,0.281045857698257,0,0,0,0,0,0,0,0,0,0,4469.68221586708,4980.5155197443,167.124013611661,351.93811525562,51.9356255524762,87.3821251240284,0,0,171.732338512027,191.359370955908,6.43905810939687,13.5611363270157,2.00230601637535,3.36897523885198,0,0,32023.3720557499,36133.7307445515,1277.65384741154,2706.76436164062,402.54562183996,677.169178181459,0,0,1230.38740030223,1388.31593342767,49.4243391756955,104.764923798585,15.6703039636219,26.3748889254007,0,0,0,0,2.0223624764902,4.37178326225952,0.768487385952941,1.29724946780423,0,0,0,0,0,0,0,0,0,0,237.429312548427,275.167525274168,24.2564990802305,52.7834431413328,13.2061049646605,22.9024018339023,0,0,9.12241214799083,10.5723765799087,0.931030062473215,2.02568925396829,0.50599519315025,0.877370792252204,0,0,526.61755157641,614.016603859515,64.0756367132282,144.663049017,41.2289355319396,72.7090614264898,0,0,20.2334835764897,23.591500458098,2.45991450330328,5.55313394472452,1.5807804716627,2.78742130627725,0,0,0,0,7.20409277151908,16.6828891546142,4.63065668113483,8.1330423344515,0,0,0,0,0,0,0,0,0,0,9.61568682549505,6.39980238738287,1.93600850900045,2.19589883509779
"6",1990,170,0.416666666666667,5030.60865117256,5111.95572626156,287.70268011002,563.090694058533,98.1289689207212,154.539072103288,0,0,0,0,0,0,0,0,0,0,0,0,0.43194821151061,0.865587316415731,0.180422282746627,0.285393832218419,0,0,0,0,0,0,0,0,0,0,4470.62636897502,4975.1440781613,172.731419470873,363.408995806414,53.3733115827434,89.8612429527763,0,0,171.768614384295,191.152991580445,6.65499589929255,14.0029307113821,2.05772581529146,3.46454478047728,0,0,31962.8527092797,36019.2259853857,1318.67207520845,2791.23708851614,413.258251565473,695.572850117259,0,0,1228.06216657765,1383.91647526297,51.008956948944,108.030594369752,16.0878277239143,27.092779137639,0,0,0,0,2.08158817772589,4.49698634595524,0.788476952772799,1.33191394241888,0,0,0,0,0,0,0,0,0,0,237.174941678953,274.601229226521,25.0302064512036,54.4139019488903,13.5764405786606,23.55273546,0,0,9.11263882951278,10.5506185778272,0.960732449094746,2.08827073141921,0.520178732973269,0.902272462600439,0,0,525.039685133759,611.406240091476,65.7788607353474,148.465285369033,42.3347259611618,74.7212214404475,0,0,20.1728594791523,23.4912061001855,2.52529943352772,5.69907324590704,1.62315404659932,2.86451372913652,0,0,0,0,7.38347930262879,17.1100655731219,4.76627501549076,8.38079831268046,0,0,0,0,0,0,0,0,0,0,12.012193006614,7.99106613709947,2.45715557612766,2.78653553215994
"7",1990,170,0.5,5021.22869909756,5096.60457864239,293.313447967191,573.518425083487,99.653981422636,156.987018167274,0,0,0,0,0,0,0,0,0,0,0,0,0.439738931809788,0.88045811058564,0.183153409750301,0.289833411996489,0,0,0,0,0,0,0,0,0,0,4471.82245821991,4970.06720468952,178.236779194679,374.701524793554,54.8610157149062,92.4232045223559,0,0,171.814570045833,190.957929982879,6.86703603655511,14.4379194259166,2.11507313187984,3.56330698128404,0,0,31902.4981936587,35905.176738663,1358.93389817917,2874.33915134123,424.31684940845,714.542947570612,0,0,1225.7432657954,1379.53451863397,52.5648126053766,111.244251365456,16.5187895281938,27.8327026215808,0,0,0,0,2.14341464377159,4.62745521504169,0.809159990927515,1.367713655189,0,0,0,0,0,0,0,0,0,0,236.94437202733,274.056066436934,25.8160614075861,56.0721513888161,13.9570814107309,24.222015320688,0,0,9.10377999163506,10.5296725493454,0.990901214186952,2.15191889383682,0.53475744142572,0.927900311815207,0,0,523.443495918574,608.785674019685,67.5123059844145,152.331854042799,43.4675765141208,76.7812134036133,0,0,20.1115313913687,23.3905197534946,2.59184452122848,5.8474814751932,1.66656448929557,2.94343828178214,0,0,0,0,7.568775136754,17.5502754971154,4.90504256389606,8.63450875189334,0,0,0,0,0,0,0,0,0,0,14.4062515327691,9.57911318866506,2.99395492984028,3.39476945971044
"8",1990,170,0.583333333333333,5011.91763896065,5081.41467167339,298.769265446593,583.680462402849,101.210471806596,159.479253205305,0,0,0,0,0,0,0,0,0,0,0,0,0.447749447769886,0.89572827556116,0.185951001039105,0.294366326996045,0,0,0,0,0,0,0,0,0,0,4473.28875293517,4965.3044001968,183.648498191211,385.831355441699,56.397598197588,95.0667555066278,0,0,171.870907433646,190.774935417738,7.07549858596728,14.8666985114181,2.1743044504876,3.66521408831192,0,0,31842.2960034561,35791.5679237616,1398.44909065622,2956.08356982406,435.7100775707,734.064392023788,0,0,1223.43021747875,1375.16948411876,54.0922672369219,114.406368959592,16.9627587695302,28.5940884261189,0,0,0,0,2.20716872112415,4.76189349922186,0.830551144855705,1.40467370656815,0,0,0,0,0,0,0,0,0,0,236.736451173714,273.531389125788,26.6094717765256,57.7491763128107,14.348550515858,24.9109402063646,0,0,9.09579135655774,10.5095136057332,1.02135990909924,2.21628734999331,0.549751366497067,0.954281124288288,0,0,521.829211831678,606.154413199095,69.2752267274233,156.261737541442,44.6278713715787,78.8898627413527,0,0,20.0495080694543,23.2894224974983,2.65952113061657,5.99831955875675,1.71102658704985,3.02422668003913,0,0,0,0,7.76020891465755,18.004010722711,5.04708325989022,8.89437848575981,0,0,0,0,0,0,0,0,0,0,16.7980967666173,11.164063920965,3.54670516171751,4.02094836730399
"9",1990,170,0.666666666666667,5002.6694958848,5066.37894358102,304.073383942076,593.581533633398,102.796075465276,162.012696806221,0,0,0,0,0,0,0,0,0,0,0,0,0.455901162489588,0.911260317345583,0.188814525477932,0.298992048286384,0,0,0,0,0,0,0,0,0,0,4475.0380705524,4960.86901231214,188.97424462303,396.812774126488,57.9820303772594,97.7907784429702,0,0,171.938119013955,190.604520722273,7.28067559811025,15.2898120555562,2.23538045998037,3.77022351702186,0,0,31782.2376389168,35678.389033143,1437.22762092181,3036.48389544255,447.426812033985,754.122331754089,0,0,1221.12269505519,1370.82096800066,55.5916896875871,117.517442143214,17.4193127175909,29.3763738581654,0,0,0,0,2.27229628689282,4.89922824610867,0.852653258989579,1.44280192147712,0,0,0,0,0,0,0,0,0,0,236.550192908577,273.02667026447,27.4068236931029,59.4378097839526,14.7511936075131,25.619979917572,0,0,9.08863503254598,10.4901214977076,1.05196967511566,2.28110072372626,0.565173747772274,0.981432891360577,0,0,520.19735941917,603.512404124837,71.0662634941798,160.252680632382,45.8160397235059,81.0480465260509,0,0,19.9868097441508,23.1879122764533,2.72827704266216,6.15150086368572,1.75655684833829,3.10691261493864,0,0,0,0,7.95790348318788,18.4715591356519,5.19252237616232,9.16061539514206,0,0,0,0,0,0,0,0,0,0,19.1879523126182,12.7460353374081,4.11566477579772,4.66537197444026
"10",1990,170,0.75,4993.47907203799,5051.49115044596,309.228991093856,603.226299213684,104.408507240854,164.584360051972,0,0,0,0,0,0,0,0,0,0,0,0,0.464129301579312,0.926940243412666,0.191742218274005,0.30370839506522,0,0,0,0,0,0,0,0,0,0,4477.07900777719,4956.76963784566,194.22100385273,407.658800674919,59.613391012835,100.594292089367,0,0,172.016535085936,190.447016199678,7.48283316801683,15.7077559881558,2.29826592239383,3.87829784048449,0,0,31722.3176860527,35565.633073215,1475.27961247093,3115.55413452815,459.456141273414,774.702140764485,0,0,1218.82049051214,1366.48870157445,57.0634550696307,120.577983782344,17.8880364741112,30.179004443789,0,0,0,0,2.3383408678882,5.03857059594258,0.875460648769384,1.48209351901165,0,0,0,0,0,0,0,0,0,0,236.384741371162,272.541469963068,28.2052864621552,61.1323766714769,15.1652242571076,26.349433293273,0,0,9.08227813607226,10.4714793239937,1.08262174452484,2.34614095732914,0.581032751848382,1.00936703963635,0,0,518.548685131413,600.859928614422,72.8836218992258,164.301527027453,47.0325169175511,83.2566402529675,0,0,19.9234650952711,23.0859999182389,2.79804332619236,6.30690413476065,1.80317201151458,3.19152970944153,0,0,0,0,8.16189704524848,18.9530438151597,5.34148357822041,9.43342605814368,0,0,0,0,0,0,0,0,0,0,21.5760325966612,14.3251417023707,4.70106015333927,5.32830161405018
"11",1990,170,0.833333333333333,4984.34181626828,5036.74573016391,314.239210915237,612.619350262645,106.045557823192,167.191341026468,0,0,0,0,0,0,0,0,0,0,0,0,0.472380880206654,0.942674173472054,0.194731369494855,0.308511910605084,0,0,0,0,0,0,0,0,0,0,4479.41674182382,4953.01103406493,199.395127060849,418.381276929636,61.2908594793542,103.476444854334,0,0,172.10635456644,190.302604631778,7.68221327701996,16.1209814378798,2.36292941952219,3.989404547509,0,0,31662.5332192161,35453.2958776872,1512.61531279357,3193.30868632088,471.787365791949,795.7894192542,0,0,1216.52349144291,1362.17252476438,58.5079435670757,123.588522248075,18.3685229604021,31.0014339499489,0,0,0,0,2.40492903505751,5.17918873847656,0.898961084075779,1.52253397090459,0,0,0,0,0,0,0,0,0,0,236.23934863813,272.075415495097,29.0026818355571,62.8284518682455,15.5907522134447,27.0994650532308,0,0,9.07669193073611,10.453572763843,1.11323241794659,2.41123802148916,0.597332559549283,1.03808984561297,0,0,516.884103768586,598.197535074548,74.7251864342884,168.404437809712,48.2777233667533,85.5164884230363,0,0,19.8595092708955,22.9837064935175,2.86873871003139,6.46438188686889,1.8508882353545,3.27811038929737,0,0,0,0,8.37215752319944,19.4484498160124,5.49408724106139,9.71301320174228,0,0,0,0,0,0,0,0,0,0,23.9625438633866,15.9014948860693,5.30309099499452,6.0099668185403
"12",1990,170,0.916666666666667,4975.25368732677,5022.13766003605,319.107103608413,621.765205707277,107.705089841933,169.830819932149,0,0,0,0,0,0,0,0,0,0,0,0,0.48061256787021,0.95838478412518,0.197778633343423,0.313398263960935,0,0,0,0,0,0,0,0,0,0,4482.05387223283,4949.59507413326,204.502384001684,428.990963762045,63.0137099757217,106.436509902775,0,0,172.207677333972,190.171357988505,7.87903579241038,16.5298984113795,2.42934313827303,4.10351586541927,0,0,31602.8831731636,35341.3753873678,1549.24505945537,3269.76227526652,484.409996889326,817.369993067945,0,0,1214.23165692039,1357.87235845279,59.925539134922,126.549598824887,18.8603728760096,31.8431243674497,0,0,0,0,2.47175504394324,5.32047951042431,0.923137924653569,1.5641020676665,0,0,0,0,0,0,0,0,0,0,236.113350780245,271.628179881154,29.7973464871724,64.5226065902093,16.027813349118,27.8701444679918,0,0,9.07185090732421,10.4363892541833,1.143737779904,2.47626016662919,0.614074515765792,1.06760392071578,0,0,515.204644772418,595.525966990388,76.588640087047,172.557119996322,49.5520415704887,87.8283727420456,0,0,19.7949818238151,22.8810605681786,2.9402741793381,6.62376918749348,1.8997202171426,3.36668466235907,0,0,0,0,8.58859765299037,19.9576522781321,5.65044863307089,9.99957296403477,0,0,0,0,0,0,0,0,0,0,26.3476852563223,17.475204748067,5.92193601074735,6.71057220711718
"13",1991,170,1,4964.28824507956,5004.48610469013,325.606238119196,633.810035908861,109.384852035344,172.526634947885,0,0,0,0,0,0,0,0,0,0,0,0,0.488970321104201,0.974402915899496,0.200867344739056,0.318395025229422,0,0,0,0,0,0,0,0,0,0,4483.94524648072,4944.67238957789,210.540147961555,441.392833796789,64.7810514464231,109.49058396199,0,0,172.280346957203,189.982220575682,8.11162339068374,17.0077065658538,2.49747232301647,4.22125181514938,0,0,31535.5518012409,35215.9380727495,1592.58950140961,3359.21913386428,497.310536929164,839.556465406446,0,0,1211.64469382854,1353.0528540827,61.6013607330205,130.010890713696,19.3630534371634,32.7084527749186,0,0,0,0,2.53942117649329,5.46399438096468,0.947911171664335,1.60693679078372,0,0,0,0,0,0,0,0,0,0,235.910855881079,271.119475037074,30.6552306202114,66.36112049182,16.473429073903,28.6699667350574,0,0,9.06407074561259,10.4168439983856,1.17667188315648,2.54682714347558,0.631144503933569,1.09823469110526,0,0,513.394392454177,592.63272554808,78.5826069220757,176.988121234707,50.8525893997218,90.2028514561067,0,0,19.7254290889062,22.7698975977706,3.01682334381762,6.79384687815569,1.94955753261337,3.45765733218068,0,0,0,0,8.81082295144106,20.4815284173757,5.81027358837718,10.294303518505,0,0,0,0,0,0,0,0,0,0,28.7618023165853,18.997362367133,6.56622170247526,7.40826765324587
"14",1991,170,1.08333333333333,4952.83783989892,4986.09334668925,332.435250289158,646.451746774787,111.104178829595,175.285791589899,0,0,0,0,0,0,0,0,0,0,0,0,0.497815427456974,0.99130883552808,0.20401197076908,0.323487382590351,0,0,0,0,0,0,0,0,0,0,4485.83549452228,4939.55346144496,216.785687264872,454.209565953767,66.604554037152,112.644349221624,0,0,172.352973309787,189.785543170782,8.35221571417136,17.5014998300832,2.56776596362112,4.3428301378901,0,0,31466.1054116692,35086.943663591,1637.26293993137,3451.31922717484,510.570062922682,862.378135340925,0,0,1208.97646836481,1348.09668045034,63.3285505157182,133.574432521476,19.8796956963954,33.5985236157911,0,0,0,0,2.6095819358952,5.61257107201822,0.973344532350245,1.65096502439998,0,0,0,0,0,0,0,0,0,0,235.703379007283,270.604114277243,31.5439382311711,68.2652740371354,16.9311731306779,29.4941386039978,0,0,9.05609916842124,10.3970430116702,1.21078986724803,2.61991479572739,0.648679523344925,1.12979866732445,0,0,511.532816605855,589.67158781048,80.6323763980633,181.54303777743,52.1827069878421,92.6368867045166,0,0,19.6539044219418,22.6561259431143,3.09551567588375,6.96868269681286,2.00052836342646,3.55091210261237,0,0,0,0,9.03919450378259,21.0197612816719,5.973925005952,10.5967227808071,0,0,0,0,0,0,0,0,0,0,31.1826891416315,20.5022483187358,7.23130569972641,8.11934157732546
"15",1991,170,1.16666666666667,4941.46677368519,4967.89463486973,339.070077972825,658.76017132907,112.86291831433,178.100329844884,0,0,0,0,0,0,0,0,0,0,0,0,0.507032791383435,1.00888127208861,0.207222648054364,0.328674337055627,0,0,0,0,0,0,0,0,0,0,4488.04601144197,4934.79654699999,222.950670909692,466.890749238885,68.4851161135917,115.894704390728,0,0,172.437904904832,189.602774910695,8.58973260502016,17.9901256858839,2.64025901595176,4.46813170895926,0,0,31396.8414869438,34958.4969292632,1681.0750969419,3541.83671270944,524.188787711723,885.798671279475,0,0,1206.31525337306,1343.16154938005,65.0229456507454,137.077823757069,20.4103180673805,34.5119371264327,0,0,0,0,2.6816494172314,5.7649698513067,0.999483739489308,1.69618220501114,0,0,0,0,0,0,0,0,0,0,235.5186960297,270.105419331709,32.4415423604814,70.1873212605832,17.402469570794,30.3410886557694,0,0,9.0490033689719,10.3778823522121,1.24524919247253,2.69368874482037,0.666734155047038,1.16223568753914,0,0,509.654306270473,586.705084727629,82.7054288832167,186.153483242381,53.5438924971366,95.1286209844414,0,0,19.5817291046506,22.5421481433668,3.17510169619229,7.14564924015406,2.05269017983839,3.64637782484451,0,0,0,0,9.27402173973622,21.5725171068786,6.14163341965931,10.9067418207342,0,0,0,0,0,0,0,0,0,0,33.6015637111161,22.0043172651504,7.91522583181351,8.8507160390195
"16",1991,170,1.25,4930.16918214051,4949.8828055928,345.514825374302,670.741311098076,114.658092854181,180.966379124634,0,0,0,0,0,0,0,0,0,0,0,0,0.516507680454591,1.02692057940375,0.210502331497595,0.333959877139894,0,0,0,0,0,0,0,0,0,0,4490.58591128415,4930.41084177052,229.041859084802,479.449180548482,70.4219795444781,119.241067973794,0,0,172.535491918498,189.434269102294,8.82443142037901,18.4740713678038,2.71492255638145,4.59713453366494,0,0,31327.7541216789,34830.5897078961,1724.03842093478,3630.78934911632,538.154051064075,909.801078435525,0,0,1203.66082196043,1338.24714727947,66.6850084638583,140.521717408833,20.9544386749272,35.4480482919291,0,0,0,0,2.75504481459134,5.92008751084231,1.02634047543285,1.74260744338369,0,0,0,0,0,0,0,0,0,0,235.355990958563,269.623394713715,33.344429490255,72.1207320429473,17.8875537427264,31.2114094726031,0,0,9.04275199564202,10.3593621934171,1.27991101123944,2.76789805596066,0.68531741853598,1.19556845791755,0,0,507.759590849848,583.732983058512,84.8006513984701,190.816865058342,54.9365837236757,97.6786511137908,0,0,19.508931161815,22.4279552370346,3.25553864072019,7.32464691514462,2.10605979518257,3.74407742459743,0,0,0,0,9.51540977419223,22.1400279937311,6.31351173601098,11.2245573574099,0,0,0,0,0,0,0,0,0,0,36.0186557748739,23.5036617887142,8.61830838358863,9.60270609735594
"17",1991,170,1.33333333333333,4918.93991404217,4932.05144774997,351.773505607853,682.401062763351,116.486824330864,183.880181359217,0,0,0,0,0,0,0,0,0,0,0,0,0.526146027769972,1.04526208654994,0.2138516102056,0.339344880578166,0,0,0,0,0,0,0,0,0,0,4493.46058157182,4926.40135101079,235.065397492797,491.896469515203,72.4144641582154,122.682938989647,0,0,172.645941348035,189.280218055451,9.05654616682757,18.9537789633339,2.79173060671529,4.72981964141577,0,0,31258.8401152817,34703.2169099578,1766.1654452818,3718.19525463925,552.45346226475,934.36865761393,0,0,1201.01305115643,1333.35327860044,68.3152049226161,143.906780800264,21.5115856188645,36.4062229283937,0,0,0,0,2.82929496930836,6.07701683146011,1.05391541457512,1.79024411662476,0,0,0,0,0,0,0,0,0,0,235.214554165968,269.158072400972,34.2497788643115,74.0603793403445,18.3865507534319,32.1055173843401,0,0,9.037317783401,10.3414837639196,1.3146669437746,2.8423457226916,0.704434097753657,1.2298129160316,0,0,505.849594501878,580.755398209297,86.9164602983959,195.529753768105,56.3612077335191,100.287594357768,0,0,19.4355461010555,22.3135516582066,3.33676566074471,7.50554396918509,2.16065360790656,3.84403460573777,0,0,0,0,9.76337253810532,22.7223515910789,6.48967261738294,11.550366267404,0,0,0,0,0,0,0,0,0,0,38.4341870921128,25.0003745749812,9.3408439758462,10.3755935865725
"18",1991,170,1.41666666666667,4907.77435398867,4914.39471822698,357.850045403294,693.745221123572,118.346325319623,186.838080481487,0,0,0,0,0,0,0,0,0,0,0,0,0.535869927636403,1.06376862202097,0.217269446281936,0.344828064183411,0,0,0,0,0,0,0,0,0,0,4496.67274594647,4922.77009206352,241.026890325702,504.243184221468,74.4619644752994,126.219900209656,0,0,172.769357840103,189.140699279699,9.28629026730689,19.4296509454089,2.87066001855087,4.86617122336971,0,0,31190.098182831,34576.3756171585,1807.46874953359,3804.07281951204,567.07488587306,959.484988959461,0,0,1198.3718915936,1328.47983121737,69.9140031357446,147.233692211313,22.0812964477326,37.3858370824501,0,0,0,0,2.90400894596111,6.23500391860789,1.08220179036775,1.83908485770233,0,0,0,0,0,0,0,0,0,0,235.093753587476,268.709491997627,35.1553694709844,76.002205416622,18.8995111397488,33.0237041719664,0,0,9.03267644733018,10.3242485853741,1.34943165834701,2.91687583535777,0.724086111988532,1.26498021727515,0,0,503.925368447079,577.772697007938,89.0509680330523,200.288173345462,57.8181545372054,102.956043789203,0,0,19.3616143119403,22.1989515009992,3.41871023178759,7.68818764872928,2.216486590666,3.94627213688679,0,0,0,0,10.0178554214767,23.3194127083033,6.67022566757326,11.8843614924233,0,0,0,0,0,0,0,0,0,0,40.8483727950329,26.4945485476509,10.0830962096257,11.1696355379415
"19",1991,170,1.5,4896.6683472954,4896.90726384748,363.748284853403,704.779477599187,120.233897764493,189.836520778429,0,0,0,0,0,0,0,0,0,0,0,0,0.545615684723435,1.08232726742502,0.2207534846384,0.3504063851123,0,0,0,0,0,0,0,0,0,0,4500.2229268321,4919.51662049262,246.931427323043,516.498903909543,76.5639457562084,129.851615857139,0,0,172.905761467069,189.015695699093,9.51385758539841,19.9020521704846,2.95169032628863,5.00617655055333,0,0,31121.5286103403,34450.0646873446,1847.96093615688,3888.44066152847,582.006445473653,985.133936817791,0,0,1195.7373542622,1323.6267612467,71.4818724675763,150.503139188255,22.6631183018611,38.3862772123927,0,0,0,0,2.97886792331831,6.39342973513621,1.11118686472049,1.88911362823808,0,0,0,0,0,0,0,0,0,0,234.99302357301,268.277693112508,36.0594963765791,77.9430758588874,19.4264259861581,33.9661596761751,0,0,9.02880625425608,10.3076581796148,1.38413965587276,2.99136797028383,0.74427309675199,1.30107760330016,0,0,501.988059125326,574.78545296066,91.2020591529058,205.087736153089,59.3077660391989,105.684548340066,0,0,19.2871798425167,22.0841768004385,3.5012910742126,7.87240938580938,2.27357186610435,4.05081108592033,0,0,0,0,10.278745443724,23.9310219744536,6.85527603621116,12.2267299536821,0,0,0,0,0,0,0,0,0,0,43.2614218002826,27.9862768357087,10.8453055356003,11.9850679896968
"20",1991,170,1.58333333333333,4885.61810911745,4879.58412712483,369.471979100038,715.509420603239,122.146928828529,192.872042003665,0,0,0,0,0,0,0,0,0,0,0,0,0.555331397240228,1.1008453276052,0.224300422851144,0.356075519291582,0,0,0,0,0,0,0,0,0,0,4504.10998896409,4916.63864375071,252.783628799791,528.672307355422,78.7199400645794,133.577830253968,0,0,173.055108610251,188.905119230297,9.73942413403519,20.3713132358764,3.03480360162348,5.14982592961624,0,0,31053.1328513393,34324.2842952371,1887.65460437989,3971.31757010374,597.236518859711,1011.2996447367,0,0,1193.10949501025,1318.7940754013,73.0192825297017,153.715816394696,23.2566077378036,39.4069400052543,0,0,0,0,3.05361268432697,6.55178721125436,1.14085368887306,1.94030819673767,0,0,0,0,0,0,0,0,0,0,234.911850897897,267.862706773039,36.9608689539452,79.8806020863866,19.9672445945331,34.9329981200688,0,0,9.02568748527253,10.2917137387646,1.41874135830373,3.06573036729666,0.764993082841995,1.33810941327564,0,0,500.038872992237,571.794394971224,93.3674758902444,209.923793762973,60.8303246207835,108.473591836162,0,0,19.2122890467321,21.969255562173,3.58442144209393,8.05803059467737,2.33192026858736,4.15767001555226,0,0,0,0,10.5458834170827,24.5568983008781,7.04492303286508,12.5776504821137,0,0,0,0,0,0,0,0,0,0,45.6735374525047,29.4756527651198,11.6276938906513,12.8221105032468
"21",1991,170,1.66666666666667,4874.62013969633,4862.42065844244,375.024799867166,725.940535767667,124.082887021288,195.941274893505,0,0,0,0,0,0,0,0,0,0,0,0,0.564974629349178,1.11924643622406,0.227906348108212,0.361830299227698,0,0,0,0,0,0,0,0,0,0,4508.33164320865,4914.13258962804,258.587693103701,540.771265111653,80.9295408518788,137.398364127326,0,0,173.217311317466,188.808832623299,9.9631498770354,20.837733984811,3.11998425127268,5.29711256879461,0,0,30984.913153325,34199.0355077286,1926.56232253761,4052.72244796779,612.753734285644,1037.96653206692,0,0,1190.48840019122,1313.98181467272,74.5267021162012,156.872423374156,23.8613305937605,40.4472322546028,0,0,0,0,3.12803160837405,6.70965919984365,1.17118269102204,1.99264238294094,0,0,0,0,0,0,0,0,0,0,234.849762223796,267.464548611194,37.8585142978356,81.8129719132267,20.5218903932735,35.9242823000833,0,0,9.02330195396964,10.2764158634288,1.45319939670551,3.13989341744793,0.786243107760922,1.37607801324754,0,0,498.079043711933,568.800358758993,95.5448970977185,214.791577266731,62.3860443443927,111.323575477213,0,0,19.1369893239278,21.854219895877,3.6680121567197,8.24486806436544,2.39154000669443,4.26686431134702,0,0,0,0,10.8190756190276,25.1966905295507,7.23925891812963,12.9372919734126,0,0,0,0,0,0,0,0,0,0,48.0849181024182,30.9627698009889,12.4304691450748,13.6809704883486
"22",1991,170,1.75,4863.67117921424,4845.41246918055,380.410336962274,736.078206928158,126.039319621986,199.040938329889,0,0,0,0,0,0,0,0,0,0,0,0,0.574511052101818,1.13746825834477,0.23156689970195,0.367664928767405,0,0,0,0,0,0,0,0,0,0,4512.88470629802,4911.99389936291,264.34743090912,552.802904765097,83.1923968421687,141.313108013893,0,0,173.392247282478,188.726660723186,10.185180031606,21.3015859866607,3.20721878579719,5.44803232970701,0,0,30916.8723662507,34074.3200664349,1964.69661020847,4132.67427316482,628.546967870597,1065.11929220564,0,0,1187.87417930583,1309.19004597645,76.0045985148098,159.973663091207,24.4768618980416,41.5065708010073,0,0,0,0,3.20195373159671,6.866705607086,1.20215241382096,2.04608711950464,0,0,0,0,0,0,0,0,0,0,234.806318191255,267.08321725883,38.7517236492917,83.7388539664012,21.0902684538755,36.9400359161243,0,0,9.02163277946008,10.2617645010409,1.48748655279981,3.21380599033709,0.808019504556634,1.41498426974953,0,0,496.109815321131,565.804260219177,97.7319773754086,219.686268800457,63.975069835729,114.234812683012,0,0,19.0613284719768,21.7391049917095,3.75197310997212,8.43273670723815,2.45243662061821,4.37840598452471,0,0,0,0,11.0981004449644,25.8499899554226,7.43836847702135,13.305812666345,0,0,0,0,0,0,0,0,0,0,50.495757403606,32.447721443241,13.253827633675,14.5618456431811
"23",1991,170,1.83333333333333,4852.76816362896,4828.55538598875,385.632099702846,745.927716923776,128.013850009682,202.167836406098,0,0,0,0,0,0,0,0,0,0,0,0,0.583913104496159,1.15546022859251,0.235277431109967,0.373573196517262,0,0,0,0,0,0,0,0,0,0,4517.76535467531,4910.21731317851,270.066300498882,564.773678430388,85.5082065144603,145.322016507643,0,0,173.579769598117,188.658401440919,10.4056464088571,21.7631151031053,3.29649561124176,5.60258351137319,0,0,30849.013755314,33950.1401758757,2002.06992001104,4211.1920600512,644.605340454444,1092.7428901555,0,0,1185.26695780911,1304.41885401348,77.4534368043998,163.020240433276,25.1027857569877,42.5843824467702,0,0,0,0,3.27524190423904,7.02265071336592,1.23374025488758,2.10061151272915,0,0,0,0,0,0,0,0,0,0,234.781107469736,266.718692720634,39.6399996249126,85.6573037285737,21.6722728235617,37.9802554643121,0,0,9.02066415777196,10.2477588833486,1.52158373124876,3.28743182356942,0.830318183686516,1.45482800673973,0,0,494.132426071158,562.807069634054,99.9263850459472,224.603070605146,65.5974751453769,117.207524098604,0,0,18.9853540664678,21.6239481294677,3.8362147236173,8.62145221315141,2.51461293876939,4.49230348087166,0,0,0,0,11.3827149478142,26.5163426347554,7.64232860061799,13.6833594349896,0,0,0,0,0,0,0,0,0,0,52.9062446221327,33.9306011295085,14.0979566348593,15.4649263426522
"24",1991,170,1.91666666666667,4841.90818347375,4811.84540815006,390.693518403279,755.494248494726,130.004174979088,205.318855506363,0,0,0,0,0,0,0,0,0,0,0,0,0.593158720788528,1.17318139883924,0.239033160393228,0.379548674043022,0,0,0,0,0,0,0,0,0,0,4522.96935974179,4908.79713450339,275.747442969398,576.689430138371,87.8767127512074,149.425102614181,0,0,173.779715794856,188.603835905115,10.6246687516572,22.2225440507379,3.38780482697097,5.76076663807857,0,0,30781.3408276089,33826.498307733,2038.69461991083,4288.29482106756,660.918214097289,1120.82255970951,0,0,1182.66687045013,1299.66833374964,78.8736791714854,166.012860741383,25.7386952297241,43.6801038569619,0,0,0,0,3.34778629343443,7.1772711219602,1.26592315216351,2.15618382460435,0,0,0,0,0,0,0,0,0,0,234.773741191824,266.370935112481,40.5230064930726,87.5676749017858,22.2677932203218,39.044921155924,0,0,9.02038114800192,10.2343974779401,1.55547804898617,3.36074611663597,0.853134890409306,1.49560842517162,0,0,492.148093692148,559.809787693924,102.125836848316,229.537268209078,67.2532632156983,120.241833623974,0,0,18.9091128945329,21.5087877572736,3.92064928255608,8.81083347781868,2.57806905765799,4.60856152903524,0,0,0,0,11.6726610166648,27.1952610432934,7.85120793447765,14.0700671749739,0,0,0,0,0,0,0,0,0,0,55.3165649388755,35.4115021377436,14.9630367029743,16.3903978806418
"25",1992,170,2,4830.98013040699,4795.03754200959,395.780885262853,765.094166660241,132.006042138106,208.486300130806,0,0,0,0,0,0,0,0,0,0,0,0,0.602228140343666,1.19058958179485,0.242825362502665,0.385575979183977,0,0,0,0,0,0,0,0,0,0,4528.39190801082,4907.5434818016,281.488093706996,588.72494757409,90.2963189214592,153.619009924777,0,0,173.988058770925,188.555668563509,10.8459819712551,22.6865861642492,3.48108487237393,5.92245230624548,0,0,30713.1774013129,33702.0987844889,2075.27287888007,4365.2518277936,677.4648217943,1149.31816494885,0,0,1180.04793727482,1294.88870317619,80.2922874049994,169.000253103092,26.383788341973,44.7921822006307,0,0,0,0,3.41948326648977,7.33032296360771,1.29865741363606,2.21272174224389,0,0,0,0,0,0,0,0,0,0,234.772230678446,266.018475790854,41.4057752486115,89.4777602360327,22.8756313069867,40.1312664300155,0,0,9.02032312600236,10.2208554251856,1.58936287086339,3.43404848936391,0.876423685423328,1.53721951369196,0,0,490.147178396852,556.792922039665,104.337342148504,234.500828385886,68.9412861200086,123.334974571248,0,0,18.8322345802077,21.3928749475009,4.00554613790292,9.00134042044168,2.64276095214519,4.7270740622552,0,0,0,0,11.9675769051094,27.8859198901248,8.06494073067271,14.4657325425613,0,0,0,0,0,0,0,0,0,0,57.7338703834888,36.9018065157815,15.8518563571688,17.3457887346427
"26",1992,170,2.08333333333333,4818.82246868346,4775.52497622355,402.877815340048,778.105595242454,134.008630872735,211.633358023861,0,0,0,0,0,0,0,0,0,0,0,0,0.611437769237254,1.20816757751943,0.246608660940069,0.391553578497511,0,0,0,0,0,0,0,0,0,0,4532.87138422007,4904.36787679513,288.310252236605,602.713959204497,92.7561359241918,157.871101638757,0,0,174.160167410325,188.43365674083,11.1088572986049,23.2257005158641,3.57591523374304,6.08638135794525,0,0,30637.1261291813,33562.7961957082,2119.31467460852,4455.67424226226,694.168901525493,1177.99643678404,0,0,1177.12594072026,1289.53647293452,81.9978034815417,172.505299949838,27.0350721409511,45.9114935983431,0,0,0,0,3.4916135878664,7.48376730923773,1.3316965115101,2.26963547344532,0,0,0,0,0,0,0,0,0,0,234.652778500049,265.433590770809,42.3563695262809,91.4979004015964,23.4847521233239,41.2110886511675,0,0,9.01573359729857,10.1983832052727,1.62585382063553,3.51158024059533,0.899761828383547,1.57858103288181,0,0,488.013116317173,553.531989147144,106.663573825754,239.676346497921,70.6494532677037,126.454908708081,0,0,18.7502405541736,21.2675846839767,4.09485047213129,9.19998988453321,2.70822521954406,4.84661329503385,0,0,0,0,12.2662020658932,28.5843487012408,8.28211153611107,14.8666957986213,0,0,0,0,0,0,0,0,0,0,60.2341387312008,38.5247547205176,16.7938785035114,18.4132647104828
"27",1992,170,2.16666666666667,4806.75701466607,4756.23703720505,409.763931506306,790.752476954175,136.045541393434,214.827902931602,0,0,0,0,0,0,0,0,0,0,0,0,0.621029111533759,1.22639695673291,0.250436089706086,0.397595254433879,0,0,0,0,0,0,0,0,0,0,4537.58535618733,4901.44577608552,295.070281942889,616.601856317336,95.2776760131079,162.229118332731,0,0,174.341285751746,188.321384958634,11.3693615574757,23.7609625315947,3.6731248445379,6.25439379464443,0,0,30561.3964125665,33424.2669743083,2162.46791591789,4544.42436685791,711.189790985127,1207.21208070276,0,0,1174.2162987254,1284.21395672358,83.6694101430974,175.946614927976,27.6987387864724,47.0518432739037,0,0,0,0,3.56529342962967,7.64005670188195,1.36531222790923,2.32755983986693,0,0,0,0,0,0,0,0,0,0,234.557784074152,264.878970668637,43.3183197466161,93.5422118712985,24.1094156761614,42.3194136251542,0,0,9.0120837743707,10.1770738119315,1.66278064120145,3.59003940189978,0.923695714371276,1.62103472523932,0,0,485.87691332024,550.273117190006,108.996365967559,244.868423412977,72.391250159504,129.635308740568,0,0,18.6681642703089,21.1423736049461,4.18440609620775,9.39927325790472,2.77497885881769,4.96846990934164,0,0,0,0,12.5697809593146,29.2944985701528,8.50430382222546,15.2769816236815,0,0,0,0,0,0,0,0,0,0,62.7332664364935,40.1442247397142,17.7590253215161,19.5066242308356
"28",1992,170,2.25,4794.77606751767,4737.16455989855,416.443527388366,803.041166372767,138.113557014195,218.065696893331,0,0,0,0,0,0,0,0,0,0,0,0,0.630881326989269,1.24507199398741,0.254312750117582,0.40370745676958,0,0,0,0,0,0,0,0,0,0,4542.5557086641,4898.80019795634,301.774038527715,630.399769897458,97.8610187041177,166.693782818406,0,0,174.532254642338,188.219737616183,11.6277178441395,24.2927964187183,3.7727169297806,6.42651766315422,0,0,30485.9721397229,33286.4908511533,2204.74581775455,4631.52217349781,728.514693074167,1236.94734423747,0,0,1171.31839225291,1278.92037577047,85.3075996454787,179.324935940187,28.3742991637933,48.2125539777994,0,0,0,0,3.64000215677545,7.79823538458706,1.399524171036,2.38652206130909,0,0,0,0,0,0,0,0,0,0,234.485970383485,264.35299217148,44.2879734926732,95.6038549724051,24.7497044400224,43.4562709004927,0,0,9.00932459218104,10.1568648748849,1.70000302116941,3.66916323706247,0.948228519169591,1.66458174851081,0,0,483.738353058186,547.016364578734,111.335399769762,250.076241333234,74.1666652825505,132.876372951451,0,0,18.5859974161883,21.0172439546323,4.27420077959027,9.59915915713171,2.8430214126122,5.09265147817687,0,0,0,0,12.8783875002309,30.0164786277036,8.73156938516668,15.6966947009537,0,0,0,0,0,0,0,0,0,0,65.2315068057727,41.7603956202823,18.7477053426913,20.6263195524007
"29",1992,170,2.33333333333333,4782.87282131715,4718.29928656405,422.920858965082,814.978009516363,140.20956483436,221.342622097887,0,0,0,0,0,0,0,0,0,0,0,0,0.640894944218617,1.26402240586851,0.258240927739566,0.409893012712816,0,0,0,0,0,0,0,0,0,0,4547.79896162619,4896.44823842824,308.426816670968,644.117715330021,100.506182084762,171.26569005727,0,0,174.733708805991,188.129371569933,11.8841279014402,24.8215838831451,3.8746923201294,6.60277605385591,0,0,30410.8410702727,33149.45182906,2246.16184834498,4716.98831253731,746.131067053172,1267.18475604784,0,0,1168.43175100944,1273.6551154376,86.9128743347583,182.641027456971,29.0612736206145,49.3929586865149,0,0,0,0,3.7153129845841,7.95751567386291,1.4343403360759,2.44653341205511,0,0,0,0,0,0,0,0,0,0,234.436250288134,263.854252324311,45.262445284704,97.6773824919212,25.4056436227432,44.6216458512904,0,0,9.00741428108289,10.1377024903562,1.73741012510598,3.74874252591872,0.97336121634925,1.70922155764713,0,0,481.597488031097,543.762077895265,113.679862703274,255.298071702296,75.97568183251,136.178264741769,0,0,18.503742008952,20.8922090492672,4.36420332467684,9.7995812137099,2.91235222306598,5.21916424230814,0,0,0,0,13.1920143205392,30.7502486674057,8.96396074610662,16.1259396518177,0,0,0,0,0,0,0,0,0,0,67.7291008050791,43.3734378955653,19.7602830390341,21.7727542623909
"30",1992,170,2.41666666666667,4771.04122425946,4699.63374886365,429.200097832251,826.569260282019,142.330559483493,224.654686280162,0,0,0,0,0,0,0,0,0,0,0,0,0.650988456315021,1.28310785269991,0.262220784401884,0.416151999086981,0,0,0,0,0,0,0,0,0,0,4553.32735999506,4894.4022863453,315.033383266376,657.764669869371,103.21315242357,175.945358683743,0,0,174.946118712168,188.050762819082,12.1387733803914,25.3476670792097,3.97905059507278,6.78318908770162,0,0,30335.9941176663,33013.1374572221,2286.72950300209,4800.84368102068,764.026690244569,1297.9072300518,0,0,1165.5560258766,1268.41769734484,88.485738010992,185.895664050987,29.7591943819553,50.5924046796787,0,0,0,0,3.79087763737556,8.11725114330919,1.46976009662815,2.50759328386338,0,0,0,0,0,0,0,0,0,0,234.407695553595,263.381534754077,46.2394751810601,99.7584913180918,26.0772193202411,45.8154982603612,0,0,9.00631717682901,10.1195399233468,1.77491515700623,3.82861201559587,0.999093275790716,1.75495262058572,0,0,479.454577386971,540.510820477746,116.028584880295,260.531517797015,77.8182648500119,139.541101420983,0,0,18.4214080054818,20.767290533203,4.45436880754687,10.0004473970563,2.98296993719679,5.34801267836569,0,0,0,0,13.5105895350858,31.4956492016583,9.20152940194295,16.5648190680582,0,0,0,0,0,0,0,0,0,0,70.2262785460521,44.9835140065367,20.7970910315718,22.9462969350882
"31",1992,170,2.5,4759.2758145805,4681.16109838869,435.285333697437,837.821079677713,144.473634451792,227.99801212324,0,0,0,0,0,0,0,0,0,0,0,0,0.661094614588499,1.30221187918845,0.266250983096407,0.422482535206948,0,0,0,0,0,0,0,0,0,0,4559.14990309948,4892.6711682437,321.598045816778,671.348712001396,105.98189757584,180.733256392049,0,0,175.169830129471,187.984250493268,12.391818442183,25.8713539179369,4.08579060296713,6.96777489767537,0,0,30261.4245780981,32877.5379618558,2326.46226924869,4883.10934154517,782.189636962626,1329.0980377634,0,0,1162.69095928475,1263.20774596757,90.0266945703355,189.089627255757,30.4676047587648,51.8102524988648,0,0,0,0,3.8664098548076,8.27690747161525,1.50577679959796,2.56969269681522,0,0,0,0,0,0,0,0,0,0,234.399500873483,262.933769078279,47.2172838247371,101.843763507222,26.7643916873026,47.0377731555771,0,0,9.00600233826657,10.1023360480486,1.81244978836421,3.90864046750712,1.0254231706129,1.80177283646091,0,0,477.310028311303,537.263305714348,118.380160745306,265.773733610904,79.6943480846185,142.964939597651,0,0,18.3390110504948,20.642515815954,4.54464325413673,10.2016484254005,3.05487200239321,5.47919893744157,0,0,0,0,13.8339924923134,32.2524295045488,9.44432380637133,17.0134306937596,0,0,0,0,0,0,0,0,0,0,72.7232612218254,46.5907796324616,21.8584376932472,24.1472896205714
"32",1992,170,2.58333333333333,4747.57164540852,4662.87502924307,441.180573331681,848.739532643236,146.635980423672,231.368835161514,0,0,0,0,0,0,0,0,0,0,0,0,0.671158676421585,1.32123904461869,0.270328977896509,0.428881152875861,0,0,0,0,0,0,0,0,0,0,4565.27282988746,4891.26068988378,328.124681512201,684.877080001988,108.812371513499,185.629809152701,0,0,175.405082768262,187.930057659086,12.643410863691,26.3929202961335,4.19491063772046,7.15654998615683,0,0,30187.127765743,32742.6458344341,2365.37360381316,4963.80647617649,800.608277229194,1360.74080599506,0,0,1159.83637119817,1258.02497281597,91.5362471250769,192.223703804185,31.1860590993207,53.0458758564491,0,0,0,0,3.94167761690049,8.43604867157095,1.5423789529834,2.63281591665658,0,0,0,0,0,0,0,0,0,0,234.410967576931,262.510012615688,48.1945041335853,103.930543538361,27.4671011280289,48.2884061873596,0,0,9.00644292134936,10.0860546451403,1.84996153284478,3.98872593997791,1.05234861533144,1.84967974298145,0,0,475.164366972185,534.020363580757,120.733009253995,271.021533579794,81.603827716739,146.449767535344,0,0,18.2565713602088,20.5179167865134,4.63496595245014,10.4030619817862,3.1280544255786,5.61272255182487,0,0,0,0,14.1620615422618,33.0202614385882,9.69238826011503,17.4718658093897,0,0,0,0,0,0,0,0,0,0,75.2202619067712,48.1953842296929,22.9446107892904,25.3760519477707
"33",1992,170,2.66666666666667,4735.92418913397,4644.76967974357,446.889741141468,859.330586151693,148.814880575657,234.763498088384,0,0,0,0,0,0,0,0,0,0,0,0,0.681136167384982,1.34011125108286,0.274451372429458,0.435343253169788,0,0,0,0,0,0,0,0,0,0,4571.70022190287,4890.17430420517,334.616783507093,698.356265128846,111.704521800801,190.63541582713,0,0,175.652033447982,187.888316983999,12.8936837989728,26.9126136473834,4.30640872924588,7.34952979041376,0,0,30113.1005607328,32608.4553242855,2403.47690675664,5042.9563291859,819.271265998868,1392.819502672,0,0,1156.99214174761,1252.86915693985,93.0148970017179,195.298683419501,31.9141223850131,54.2986611007242,0,0,0,0,4.01649322195154,8.59431949264528,1.57955170122393,2.6969424586176,0,0,0,0,0,0,0,0,0,0,234.441482685984,262.109426714803,49.1700951630607,106.016783498481,28.1852755691299,49.567329466875,0,0,9.00761537448941,10.0706634922895,1.88741043552914,4.06878983795066,1.07986684580174,1.89867074181263,0,0,473.018204147719,530.782901847046,123.085444359803,276.271520494734,83.5465555681894,149.995497421518,0,0,18.1741124016927,20.3935283228594,4.72527216098147,10.6045576290754,3.20251151261637,5.7485801381776,0,0,0,0,14.4946035696758,33.7987564996004,9.94576176346946,17.9402075869865,0,0,0,0,0,0,0,0,0,0,77.7174866726726,49.7974718026711,24.055882005966,26.6328861987877
"34",1992,170,2.75,4724.32925694622,4626.83954966934,452.41667980449,869.600107791706,151.007706567567,238.178446014915,0,0,0,0,0,0,0,0,0,0,0,0,0.690990938340145,1.35876454062284,0.278614208842165,0.441863476959995,0,0,0,0,0,0,0,0,0,0,4578.43450966539,4889.4136719457,341.077504033786,711.79209733345,114.658294506222,195.750458512171,0,0,175.910775553084,187.859092276211,13.1427574202628,27.4306562075861,4.42028283522888,7.54672908385816,0,0,30039.3410296908,32474.9620129426,2440.78549760161,5120.58015476066,838.16753436622,1425.31842559155,0,0,1154.15819665069,1247.74012857445,94.4631428174862,198.315356800195,32.6513699018749,55.5680067933794,0,0,0,0,4.09070471508872,8.75143014997254,1.61727800088384,2.7620486938157,0,0,0,0,0,0,0,0,0,0,234.490501474167,261.731256937493,50.1432690981976,108.100910876743,28.9188361299371,50.8744760287424,0,0,9.00949876842934,10.0561336027762,1.92476626713638,4.1487718322595,1.10797483740722,1.94874327085091,0,0,470.872206367659,527.551873730032,125.435732553407,281.520191319617,85.5223349650344,153.601960794159,0,0,18.0916597840822,20.2693870491067,4.8154953194308,10.8060008755559,3.27823570967737,5.88676522216246,0,0,0,0,14.8314022121158,34.5874806051644,10.2044771591209,18.4185298258538,0,0,0,0,0,0,0,0,0,0,80.2151355223944,51.3971815563128,25.1925107979199,27.9180816315857
"35",1992,170,2.83333333333333,4712.78295231566,4609.07945227517,457.7651512994,879.553865809564,153.211915757673,241.610223325292,0,0,0,0,0,0,0,0,0,0,0,0,0.700693969873127,1.37714710497951,0.282813116679851,0.448435898838364,0,0,0,0,0,0,0,0,0,0,4585.47676187172,4888.9789814743,347.509684814783,725.189804455343,117.673635210047,200.975305875143,0,0,176.181350144604,187.842390773156,13.3907400754065,27.9472472695987,4.5365308820089,7.74816210696226,0,0,29965.8482094365,32342.1625716826,2477.31260027816,5196.69918351125,857.286283496996,1458.22219523953,0,0,1151.33449890142,1242.63775982473,95.8814798965996,201.274514328251,33.397387015729,56.8533234423249,0,0,0,0,4.16419066905766,8.90714693770464,1.65553920971095,2.82810866692701,0,0,0,0,0,0,0,0,0,0,234.557537583101,261.374821658162,51.1134488032324,110.181750485245,29.6676998630675,52.2097819069541,0,0,9.01207441650704,10.0424387874541,1.96200689301247,4.22862685969397,1.13666941044568,1.99989488431911,0,0,468.727079677457,524.328260044307,127.782122935668,286.763994291245,87.5309205680096,157.268908738922,0,0,18.0092406347692,20.1455306497207,4.9055682038318,11.0072553682372,3.3552175970093,6.02726824636073,0,0,0,0,15.1722227824326,35.3859630828789,10.4685608191096,18.9068964447577,0,0,0,0,0,0,0,0,0,0,82.7134029370558,52.9946482904234,26.3547466270556,29.2319170058201
"36",1992,170,2.91666666666667,4701.28162293434,4591.48446491128,462.938837776826,889.197528765159,155.42504822282,245.055470298181,0,0,0,0,0,0,0,0,0,0,0,0,0.710222143851356,1.39521724525883,0.28704347249936,0.455054233673977,0,0,0,0,0,0,0,0,0,0,4592.82698484451,4888.86927868188,353.915889476691,738.554075794927,120.750491078828,206.310318203634,0,0,176.463757465469,187.838175816438,13.6377295219706,28.4625656056456,4.6551508463897,7.95384276395913,0,0,29892.6218828748,32210.0545112786,2513.07132698756,5271.33458642547,876.616977736242,1491.51574645834,0,0,1148.52104015959,1237.56195505046,97.2703996441841,204.176944678156,34.151768916186,58.1540331909024,0,0,0,0,4.23685480655257,9.06128258001535,1.69431572518903,2.89509497568944,0,0,0,0,0,0,0,0,0,0,234.64215262164,261.039500098111,52.0802236796811,112.258443624795,30.4317825691309,53.5731880884291,0,0,9.01532547503779,10.0295551950125,1.99911657690813,4.30832201686488,1.16594733846799,2.05212332830774,0,0,466.583553050559,521.11305106456,130.1228784681,291.99938761771,89.5720177528288,160.996011570787,0,0,17.9268829620753,20.021997172639,4.99542412709461,11.2081851478402,3.43344586537833,6.17007655835331,0,0,0,0,15.5168173296841,36.193705889128,10.7380322938093,19.4053609244681,0,0,0,0,0,0,0,0,0,0,85.2124784555433,54.5900028158467,27.5428312790123,30.5746631914812
"37",1993,170,3,4688.85198582112,4572.71799214427,468.491868240776,899.493139881601,157.655389136345,248.54267394822,0,0,0,0,0,0,0,0,0,0,0,0,0.719600617945385,1.41306424941174,0.291318947137932,0.461769388693438,0,0,0,0,0,0,0,0,0,0,4600.1932344883,4888.58869542227,360.612176878351,752.471702991158,123.897327316435,211.78318771209,0,0,176.746780556664,187.827395358903,13.895870332829,28.9991617349472,4.77646899977172,8.16483854916955,0,0,29817.3263838941,32074.8273711378,2550.2563333064,5348.5996550031,896.208879280466,1525.37779041633,0,0,1145.62808047221,1232.36631024794,98.7142383523853,207.180773045829,34.9164386445572,59.4771112532114,0,0,0,0,4.30885024690064,9.21442649583883,1.73369740214203,2.96334833332846,0,0,0,0,0,0,0,0,0,0,234.742038446299,260.737551881542,53.0700282111029,114.395065272189,31.2168540949765,54.9848657230042,0,0,9.01916326140045,10.0179538598357,2.03711077507837,4.39031805565558,1.19602969001408,2.10620127660071,0,0,464.415571730256,517.858883049188,132.490142331726,297.296727307298,91.6511427872211,164.803597115381,0,0,17.843585700764,19.8969668271301,5.08629800549665,11.4114928341394,3.51313194820754,6.31596918842194,0,0,0,0,15.8654325437763,37.0124983517924,11.0136026398157,19.9164468422529,0,0,0,0,0,0,0,0,0,0,87.685275001826,56.1237188773371,28.7437328447514,31.8948859327787
"38",1993,170,3.08333333333333,4673.67404541094,4550.29349243057,475.427569170524,912.187864063435,159.934223177979,252.146172179509,0,0,0,0,0,0,0,0,0,0,0,0,0.729251704683818,1.43149377951071,0.295674001193094,0.468690331874281,0,0,0,0,0,0,0,0,0,0,4607.08853707636,4887.26697544508,368.188531003613,768.043231105795,127.142420826305,217.465323652535,0,0,177.011709108853,187.776612763726,14.1878415961444,29.5993461213629,4.90157389850078,8.38390016002421,0,0,29735.5187279604,31929.2950043248,2592.89830056195,5436.06968113595,916.220305317178,1560.24276311025,0,0,1142.48491340725,1226.77472213395,100.367957319754,210.577348854125,35.6975380984788,60.8394630865846,0,0,0,0,4.38215044140232,9.37074899838503,1.77389641662759,3.0335890541026,0,0,0,0,0,0,0,0,0,0,234.85034207888,260.484118837642,54.142249992582,116.725850229683,32.0335519638064,56.4805329400281,0,0,9.02332447313202,10.008216555241,2.0782709031069,4.47977060627519,1.22732412833313,2.16349708839034,0,0,462.168749261913,514.475753361534,134.950424423978,302.804126154325,93.7802175023188,168.735720846693,0,0,17.7572592366363,19.7669815678971,5.18074505410785,11.6228677503853,3.59473285628233,6.46663449216608,0,0,0,0,16.2189015580604,37.8465545561191,11.296626915715,20.4450654345534,0,0,0,0,0,0,0,0,0,0,90.0802897176065,57.483398618623,29.932836709277,33.0936596846843
"39",1993,170,3.16666666666667,4658.55974871083,4528.08085808771,482.132575200262,924.480421327606,162.235705225199,255.780539320911,0,0,0,0,0,0,0,0,0,0,0,0,0.739164944585859,1.45034721274928,0.300060792763561,0.475658310899955,0,0,0,0,0,0,0,0,0,0,4614.39058778393,4886.36832135543,375.737128868221,783.585980735271,130.468387297649,223.289954724887,0,0,177.292265574253,187.742085036501,14.4787618898863,30.1984560230208,5.02979503006505,8.60845286148936,0,0,29653.9442824725,31784.4880407949,2634.63302070622,5521.81371035003,936.502062880129,1595.58691495999,0,0,1139.35070655511,1221.21100519176,101.986979402652,213.907987215046,36.4892495985394,62.2206618307396,0,0,0,0,4.45663567193999,9.52909973207085,1.81462759619021,3.10480619168658,0,0,0,0,0,0,0,0,0,0,234.9712477275,260.237829243559,55.2228321659562,119.068102389337,32.8655428535748,58.0019424026357,0,0,9.02796987439399,9.99875371342088,2.11975232725946,4.56966385777009,1.25920497435304,2.22177977162538,0,0,459.918570979702,511.103935214794,137.407850014865,308.312836336105,95.9426559562763,172.734655307342,0,0,17.6708038364095,19.6374309162201,5.27508206897586,11.8342915947296,3.67761285395999,6.6198601422445,0,0,0,0,16.575891821265,38.6894560987667,11.5851431804565,20.9842549124766,0,0,0,0,0,0,0,0,0,0,92.4764730730083,58.8417742641669,31.1491615686988,34.3201184523743
"40",1993,170,3.25,4643.50581809922,4506.07524999528,488.611736443172,936.37816701003,164.556553341266,259.44140259869,0,0,0,0,0,0,0,0,0,0,0,0,0.749233982712091,1.46944571932032,0.304482071387365,0.482676280290496,0,0,0,0,0,0,0,0,0,0,4622.09247443032,4885.88442337873,383.260951545339,799.105289906977,133.87463011373,229.256917466828,0,0,177.588184375827,187.723492902402,14.7687442636697,30.796693939102,5.16110973998478,8.83849082211897,0,0,29572.6081371117,31640.4092311337,2675.47549180044,5605.85576695189,957.042063789419,1631.39339982689,0,0,1136.22565547027,1215.6752651031,103.571866246459,217.173582719665,37.2911094500398,63.6200621958199,0,0,0,0,4.53185106283807,9.68866351234562,1.85590714938941,3.17702132033498,0,0,0,0,0,0,0,0,0,0,235.105198037566,259.999766899337,56.3093543255965,121.418581334051,33.7136172586654,59.5508665704089,0,0,9.03311647232951,9.98960697570698,2.16146208275248,4.65987333524753,1.29170258672186,2.28111734136399,0,0,457.665752140207,507.743416901831,139.862007710729,313.820572628766,98.1379329422553,176.799045349805,0,0,17.5842469813827,19.5083144222917,5.36929333033407,12.0456768176771,3.76175183649952,6.77559427373736,0,0,0,0,16.9364458901509,39.5412217559483,11.8791630529231,21.5340574745732,0,0,0,0,0,0,0,0,0,0,94.8739558685104,60.1988859248697,32.3930682989801,35.5745617938407
"41",1993,170,3.33333333333333,4628.50916199182,4484.27203327708,494.869790944436,947.888313759274,166.893590398693,263.124506757073,0,0,0,0,0,0,0,0,0,0,0,0,0.759371755679036,1.48864207656202,0.308938256312659,0.48974426781108,0,0,0,0,0,0,0,0,0,0,4630.18692472068,4885.80657340537,390.762734308846,814.605988733158,137.360604011209,235.36607696102,0,0,177.899186100379,187.72050178193,15.0578924679274,31.394243098322,5.29549730237711,9.07400924810995,0,0,29491.5155476707,31497.0615256383,2715.44059117344,5688.21981055622,977.828482763071,1667.64567236009,0,0,1133.10996208943,1210.16761522297,105.123175255304,220.375028076156,38.1026637293026,65.0370299522582,0,0,0,0,4.60742492328408,9.84877065613817,1.89774089497746,3.25024208725747,0,0,0,0,0,0,0,0,0,0,235.252566395399,259.770882865698,57.399894210737,123.774723802319,34.578376677461,61.1287450060475,0,0,9.03877861303706,9.98081288337363,2.20332635426604,4.75030060887098,1.32484007138604,2.34156504625942,0,0,455.411081185877,504.394349989214,142.312144017027,319.32466531407,100.365619871746,180.92776927977,0,0,17.4976189647723,19.3796379095416,5.46334997580481,12.2569210921772,3.84713341053347,6.93379397949804,0,0,0,0,17.3005355253162,40.4017438710431,12.1786991118568,22.0945152935251,0,0,0,0,0,0,0,0,0,0,97.2728731518315,61.5547790896846,33.6649044156371,36.8572863147974
"42",1993,170,3.41666666666667,4613.56683570447,4462.66673790747,500.911367294366,959.017933626138,169.243740716393,266.825710622184,0,0,0,0,0,0,0,0,0,0,0,0,0.769506940727332,1.50781498605966,0.313428076757887,0.496860162841798,0,0,0,0,0,0,0,0,0,0,4638.6665185869,4886.12589939112,398.244985096636,830.092449631176,140.925818930576,241.617341307427,0,0,178.224985657025,187.732770796959,15.346301649335,31.9912693647988,5.43293907406675,9.31500494685121,0,0,29410.6717843493,31354.4479075085,2754.54305571244,5768.92969236827,998.849754536594,1704.32748434511,0,0,1130.00382890281,1204.68817017051,106.641458832143,223.513212431193,38.9234681820194,66.4709417991877,0,0,0,0,4.68305317408236,10.0088703274613,1.94012710178421,3.32446593758212,0,0,0,0,0,0,0,0,0,0,235.413662597083,259.552006960328,58.4929265649061,126.134507025351,35.4602761182926,62.7367502289242,0,0,9.04496819937672,9.97240331934378,2.24528658520622,4.84086803290184,1.35863491343174,2.40316789514191,0,0,453.155394206664,501.057012186733,144.757263269269,324.82218912599,102.625343085666,185.119865900656,0,0,17.410951910488,19.2514120480236,5.55721384136306,12.4679122725926,3.93374329397721,7.09442251186114,0,0,0,0,17.6680771895918,41.2708150382605,12.4837623905982,22.665667138244,0,0,0,0,0,0,0,0,0,0,99.6733634562827,62.9095038977637,34.9650065320397,38.1685866558163
"43",1993,170,3.5,4598.67601314414,4441.25502957078,506.740989538287,969.773963780931,171.604025430165,270.540982188868,0,0,0,0,0,0,0,0,0,0,0,0,0.779581102243618,1.52686446809092,0.317949028076872,0.504020282657771,0,0,0,0,0,0,0,0,0,0,4647.52382185371,4886.83351343957,405.710004498098,845.568634858996,144.569838615519,248.010666951303,0,0,178.565297412863,187.759958460295,15.6340591048424,32.5879230410159,5.57341844647857,9.56147653880928,0,0,29330.0820390156,31212.5712901312,2792.79747177868,5848.009128435,1020.09456616591,1741.42287570891,0,0,1126.90745539099,1199.23704188256,108.12726398061,226.589020329547,39.7530879405798,67.9211850342705,0,0,0,0,4.75848691761909,10.1685090918603,1.98305850056432,3.39968277704776,0,0,0,0,0,0,0,0,0,0,235.58873951276,259.343860310748,59.5872442070214,128.496341497194,36.3596563903457,64.3758401068569,0,0,9.05169494702289,9.96440599049047,2.287296442506,4.93151461957702,1.39310021649812,2.46596266672598,0,0,450.899556379907,497.731778380653,147.196200820706,330.310056931488,104.916755817855,189.37448158908,0,0,17.3242790600229,19.1236512414675,5.650840273616,12.678531996154,4.02156824003135,7.25744725287501,0,0,0,0,18.0389441200527,42.1481490974298,12.7943608098738,23.2475462439436,0,0,0,0,0,0,0,0,0,0,102.075568127206,64.2631144647462,36.2937024187421,39.5087562698312
"44",1993,170,3.58333333333333,4583.83397119305,4420.03269381025,512.363078672451,980.163208045208,173.971561245109,274.266397558371,0,0,0,0,0,0,0,0,0,0,0,0,0.789546921235668,1.54570899934197,0.322497649633956,0.511219718833919,0,0,0,0,0,0,0,0,0,0,4656.75146710944,4887.92060166653,413.159897510174,861.038124339105,148.292278856312,254.546060863557,0,0,178.919838300155,187.801726128413,15.9212447249226,33.1843399227576,5.71692078187921,9.81342454600038,0,0,29249.7513683173,31071.4344545895,2830.21826403033,5925.48167631885,1041.55185729819,1778.91617510536,0,0,1123.82103583914,1193.81433721264,109.581131876177,229.603330822232,40.5910975382676,69.3871575779387,0,0,0,0,4.8335247411444,10.3273176139399,2.02652349970682,3.47587658818957,0,0,0,0,0,0,0,0,0,0,235.777997559491,259.147063365688,60.6819091548014,130.85900428977,37.2767640554284,66.0467906470397,0,0,9.05896655631897,9.95684473544647,2.32931993739605,5.02219347362772,1.42824546851989,2.52997916738785,0,0,448.644449790974,494.419102041033,149.627669667375,335.785080685635,107.239520798412,193.690836644526,0,0,17.2376343045035,18.996372912918,5.7441799210908,12.8886580257536,4.11059536965706,7.42283842396604,0,0,0,0,18.412974001769,43.0333944988487,13.1104981340693,23.8401788365027,0,0,0,0,0,0,0,0,0,0,104.479630843717,65.6156684339017,37.6513123085136,40.8780879365025
"45",1993,170,3.66666666666667,4569.03807158912,4398.99561741506,517.78195612797,990.192340912991,176.343557231892,277.998137689822,0,0,0,0,0,0,0,0,0,0,0,0,0.799366148550057,1.56428219772513,0.327069835055408,0.518452723711997,0,0,0,0,0,0,0,0,0,0,4666.34223644377,4889.37851562149,420.596590046614,876.504153335132,152.092805303747,261.223582726165,0,0,179.288330995244,187.857741514014,16.2079316170298,33.7806427284763,5.86343333371738,10.0708514814726,0,0,29169.6846370784,30931.0399876129,2866.81968662004,6001.37071310352,1063.21081518657,1816.79199444515,0,0,1120.74475716222,1188.42015554688,111.003597520813,232.557016614107,41.4370807278008,70.8682677743849,0,0,0,0,4.90800382712802,10.4849952683879,2.0705075483786,3.5530272405877,0,0,0,0,0,0,0,0,0,0,235.98159022364,258.962146032342,61.7761967261159,133.221562854537,38.2117737997399,67.7502330851101,0,0,9.06678892445591,9.94973991409393,2.37132927611019,5.11286886072306,1.46407740042504,2.59524165386964,0,0,446.390960623207,491.119494579122,152.050311063998,341.244036117292,109.593291905233,198.068189015705,0,0,17.151051692507,18.869596711613,5.83718067899531,13.0981667363586,4.20081146739781,7.59056769484017,0,0,0,0,18.7899775984771,43.9261493898748,13.4321729554461,24.4435827223469,0,0,0,0,0,0,0,0,0,0,106.885697087843,66.9672264473409,39.0381503925481,42.2768743146879
"46",1993,170,3.75,4554.2857487732,4378.1397757969,523.001846877435,999.8679112608,178.717312255002,281.732485939076,0,0,0,0,0,0,0,0,0,0,0,0,0.809007986242409,1.58253018439656,0.331661053859908,0.525712988890722,0,0,0,0,0,0,0,0,0,0,4676.28911168624,4891.19882835729,428.021843783755,891.969644487017,155.971129589604,268.043343544523,0,0,179.670505848796,187.927680840311,16.4941866663567,34.3769423140208,6.01294510133373,10.3337618008657,0,0,29089.8864852618,30791.390245417,2902.61581580688,6075.69941722531,1085.06087102469,1855.03522538957,0,0,1117.67879763567,1183.05458741473,112.395189453303,235.450943360611,42.2906303498813,72.3639342669868,0,0,0,0,4.98179296051329,10.6412979620215,2.11499410236866,3.6311117855487,0,0,0,0,0,0,0,0,0,0,236.199629369449,258.789557102311,62.8695523183764,135.583315807401,39.1648053035426,69.4866829546001,0,0,9.07516634943634,9.94310876972414,2.41330319854015,5.20351393009596,1.50060063355191,2.66176994822965,0,0,444.139969569676,487.833509089875,154.462732063209,346.683710802211,111.977702040468,202.505808011035,0,0,17.0645650616655,18.7433438883452,5.92978913115444,13.306934962166,4.29220251616203,7.76060717541801,0,0,0,0,19.1697455077379,44.8259735268707,13.7593780523315,25.0577663632009,0,0,0,0,0,0,0,0,0,0,109.293913668743,68.317851674458,40.4545260194896,43.705408358892
"47",1993,170,3.83333333333333,4539.57450330963,4357.46122597282,528.02688214162,1009.19634569716,181.09021291054,285.465826167166,0,0,0,0,0,0,0,0,0,0,0,0,0.81844797344885,1.60040975411537,0.33626648349613,0.532993813166142,0,0,0,0,0,0,0,0,0,0,4686.58529502612,4893.37335805153,435.437268261521,907.437232483034,159.927004847239,275.005502009636,0,0,180.066101678054,188.011229748605,16.7800709930937,34.9733386077745,6.16544666072003,10.6021617664176,0,0,29010.3613161166,30652.4873407723,2937.62054515062,6148.49075608414,1107.09169685473,1893.63103671813,0,0,1114.62332643998,1177.71771399207,113.756429559254,238.28596918691,43.1513482229709,73.8735859066908,0,0,0,0,5.05478774630027,10.796029743559,2.15996519366008,3.7101052296364,0,0,0,0,0,0,0,0,0,0,236.432189696726,258.629672012114,63.9615625596069,137.943753187104,40.1359340750967,71.2565597289237,0,0,9.084101701346,9.93696572720876,2.45522586968108,5.294109186708,1.53781809537387,2.72958019112648,0,0,441.892345880895,484.56172933678,156.863528780967,352.100933775822,114.392357045824,207.002958664547,0,0,16.9782078099699,18.6176368722414,6.02195144336815,13.5148411338957,4.38475346376857,7.93292881644424,0,0,0,0,19.5520527174077,45.732396405042,14.0921001082136,25.6827284388794,0,0,0,0,0,0,0,0,0,0,111.704428353693,69.667609442185,41.9007445298989,45.1639835824243
"48",1993,170,3.91666666666667,4524.90189505873,4336.95609930612,532.86110215526,1018.18395194878,183.45973135789,289.194640747842,0,0,0,0,0,0,0,0,0,0,0,0,0.827666862574214,1.61788653325394,0.340881147486402,0.540288277197143,0,0,0,0,0,0,0,0,0,0,4697.22423130809,4895.8941932518,442.84433326979,922.909289622781,163.960221726678,282.110261540192,0,0,180.474866623468,188.108084268241,17.065640420606,35.5699215799053,6.3209300142016,10.8760593369899,0,0,28931.1132830381,30514.3331288314,2971.84758070112,6219.76747334852,1129.29320199585,1932.56487111121,0,0,1111.57850315586,1172.40960655668,115.087832880406,241.062944194606,44.0188450151348,75.3966616385422,0,0,0,0,5.12690577625698,10.9490343409728,2.20540202992115,3.78998134301046,0,0,0,0,0,0,0,0,0,0,236.679313065417,258.482800498007,65.0519260587246,140.302516246988,41.1252023681299,73.0602063666826,0,0,9.09359658851067,9.93132268711033,2.4970857554791,5.38464094517867,1.57573143851258,2.79868559149544,0,0,439.648941420418,481.304758704971,159.251309960319,357.492605253241,116.836829353582,211.558885948789,0,0,16.8920126673764,18.4924988463233,6.11361426840977,13.7217664204873,4.47844797929747,8.10750380416287,0,0,0,0,19.9366632009549,46.6449254439005,14.4303194120641,26.3184573895225,0,0,0,0,0,0,0,0,0,0,114.117389508595,71.0165668689537,43.3771080937268,46.6528943269147
"49",1994,170,4,4509.52834536489,4315.25024609363,538.467359115996,1028.43210954086,185.816174719926,292.903867126322,0,0,0,0,0,0,0,0,0,0,0,0,0.836690633499848,1.63499691773924,0.345482358405434,0.547562308953656,0,0,0,0,0,0,0,0,0,0,4707.69351336366,4897.89494527368,450.718349248007,939.200562304066,168.062854813167,289.344562915995,0,0,180.877113182197,188.184956360463,17.3691564371471,36.1979933308884,6.47908957169872,11.1549510139431,0,0,28848.916383278,30371.255824138,3008.5411609872,6295.15460096301,1151.60419649416,1971.73499473684,0,0,1108.42037971545,1166.91234601954,116.514021605693,243.99792974923,44.8907348028057,76.9291926117719,0,0,0,0,5.19819188915095,11.1003346761363,2.25117023823075,3.87052196373064,0,0,0,0,0,0,0,0,0,0,236.890898977201,258.272052784239,66.1689909550033,142.708169494796,42.126368347721,74.8871277920288,0,0,9.10172606987405,9.92322542125165,2.53997231662882,5.47697582050542,1.614101545877,2.8686842025289,0,0,437.365182049415,477.982838392431,161.664264174475,362.925707264117,119.304566848207,216.162137613936,0,0,16.8042670244633,18.3648653498157,6.20624511668514,13.9302850018139,4.57303498817687,8.28389340412599,0,0,0,0,20.3228173230356,47.5618848081455,14.7732524141582,26.9635986348696,0,0,0,0,0,0,0,0,0,0,116.555438491573,72.3884907025743,44.8981742438514,48.1994831794848
"50",1994,170,4.08333333333333,4493.27499404198,4292.00208568544,545.082763634513,1040.33924327878,188.17203310275,296.60814811557,0,0,0,0,0,0,0,0,0,0,0,0,0.845941943559317,1.65244399854317,0.350065461140027,0.554807821312472,0,0,0,0,0,0,0,0,0,0,4717.80175431133,4899.07449889778,459.181675985952,956.519308991625,172.238495335571,296.711502248877,0,0,181.265487964194,188.230276697007,17.6953283060111,36.8655690476197,6.6400630246051,11.4389552877068,0,0,28762.9105559455,30221.748431404,3048.53836035738,6376.10675469549,1174.05606948895,2011.17441509011,0,0,1105.11591123303,1161.16803120638,118.067202816888,247.146886298247,45.7682107045199,78.4724249491289,0,0,0,0,5.27027373497156,11.2527435776252,2.29723331798755,3.95166265505588,0,0,0,0,0,0,0,0,0,0,237.056402883932,257.98054952676,67.3326278453577,145.195224266489,43.1391766239238,76.7366906108545,0,0,9.1080850070735,9.91202539823466,2.58464907524607,5.57243994587385,1.65291874267484,2.93955194001319,0,0,435.02863988811,474.573449511525,164.117310952235,368.425979091407,121.793351917431,220.808577580692,0,0,16.7144933822757,18.2338711710318,6.30041738822065,14.1413862441934,4.66842964781399,8.46193939492525,0,0,0,0,20.7102760907848,48.4826814775975,15.1205998241868,27.617643913566,0,0,0,0,0,0,0,0,0,0,119.024411002707,73.7895962410552,46.4692043505401,49.8130731769709
"51",1994,170,4.16666666666667,4477.1006429196,4268.99348426003,551.458684955848,1051.82914227989,190.540059465429,300.326488362855,0,0,0,0,0,0,0,0,0,0,0,0,0.855432219653819,1.67025550393812,0.354658961134535,0.562066240531462,0,0,0,0,0,0,0,0,0,0,4728.19682738053,4900.53236495152,467.621278539205,973.81450530244,176.500135670367,304.232694664238,0,0,181.664883294994,188.286290242166,18.0206044113614,37.5322710526647,6.80435122309858,11.7289054111016,0,0,28677.2768368919,30073.1618180143,3087.64498097096,6455.34999314125,1196.72582316448,2051.00867086233,0,0,1101.82573964141,1155.45909422539,119.586259358646,250.230402002653,46.6542728754727,80.0312554884756,0,0,0,0,5.34326482534095,11.4065175638132,2.3437612293774,4.03367594254237,0,0,0,0,0,0,0,0,0,0,237.24140249294,257.709232019623,68.5078611561643,147.704219351703,44.1724821428098,78.624080259592,0,0,9.11519300021909,9.90160094404305,2.6297719427681,5.66874803299217,1.69252239890238,3.01187065312337,0,0,432.697865708266,471.180168076008,166.561300983701,373.905699983702,124.310688862602,225.511212167969,0,0,16.6249413547336,18.1034958661262,6.39424263487442,14.3516996276919,4.76491970195939,8.64214039756367,0,0,0,0,21.0997924702006,49.4088847365021,15.4733012029311,28.2822683189595,0,0,0,0,0,0,0,0,0,0,121.495210082612,75.1891746128761,48.0727414068832,51.4598613889519
"52",1994,170,4.25,4460.99961115786,4246.21704738934,557.599997923106,1062.90920818317,192.916864982167,304.054340742466,0,0,0,0,0,0,0,0,0,0,0,0,0.865056578887092,1.68825820456944,0.359265884239898,0.569340801224126,0,0,0,0,0,0,0,0,0,0,4738.88946503494,4902.27918770385,476.041223311374,991.093618640109,180.848183614189,311.909558206673,0,0,182.075711533014,188.353405965776,18.3451395337839,38.1983837407252,6.97197003597274,12.0248562012785,0,0,28592.0061052993,29925.482620784,3125.87529002285,6532.90742866027,1219.60147985549,2091.22069946342,0,0,1098.54951450524,1149.78502164144,121.071725769591,253.249337772845,47.548459983922,81.6050271249647,0,0,0,0,5.4167629144137,11.5609582531358,2.3907659182032,4.11657591159544,0,0,0,0,0,0,0,0,0,0,237.44526542912,257.457474615975,69.6918320221216,150.230352659123,45.2263892382253,80.5495760481166,0,0,9.12302575245006,9.89192802032419,2.67523113246268,5.76571569973159,1.73291658054806,3.08565116232381,0,0,430.372949266723,467.802985796089,168.996062966527,379.36393391315,126.856174159187,230.269269883075,0,0,16.5356143904408,17.9737391165912,6.48771438747796,14.5611894731761,4.86248976801543,8.82446701064279,0,0,0,0,21.4913848991216,50.3404390622343,15.8313249021637,28.957433395028,0,0,0,0,0,0,0,0,0,0,123.968035474389,76.5873336451401,49.7092776772685,53.1403263930423
"53",1994,170,4.33333333333333,4444.96682267596,4223.66599824743,563.511495959239,1073.58676185975,195.299185996976,307.7873065324,0,0,0,0,0,0,0,0,0,0,0,0,0.874729277085473,1.70630971055821,0.363886859533187,0.576631751031963,0,0,0,0,0,0,0,0,0,0,4749.88718473078,4904.32217478977,484.445089622184,1008.36313125731,185.282943697202,319.743304199463,0,0,182.498261510944,188.431900796699,18.6690698927833,38.8641539155152,7.14293133630869,12.3268545002628,0,0,28507.0915993449,29778.700066497,3163.24356894772,6608.80238301718,1242.67140068228,2131.79386968117,0,0,1095.28697602545,1144.14539953016,122.52413755165,256.204563239719,48.4503234334126,83.1930988956857,0,0,0,0,5.49044030163703,11.7154939504136,2.43825041043269,4.20036510067782,0,0,0,0,0,0,0,0,0,0,237.667455595654,257.224744528191,70.8822798278848,152.76980635797,46.3009628963303,82.5134160340877,0,0,9.13156266607118,9.88298615652529,2.72093984508744,5.86319638507271,1.7741038406094,3.16090270291059,0,0,428.054144341574,464.442088853707,171.42104980607,384.799167357701,129.429420259916,235.082016076958,0,0,16.446522239958,17.8446080758343,6.58081173887313,14.7697979135441,4.96112508192933,9.0088912555179,0,0,0,0,21.8850101634427,51.2771832669335,16.1946404099877,29.6431005925722,0,0,0,0,0,0,0,0,0,0,126.443080750101,77.9841779782977,51.3792756728231,54.8549217714942
"54",1994,170,4.41666666666667,4428.99767951819,4201.33405096051,569.197889592046,1083.86903580678,197.683875920262,311.521125451539,0,0,0,0,0,0,0,0,0,0,0,0,0.884379860171901,1.72429240787045,0.368520822065444,0.583937209644195,0,0,0,0,0,0,0,0,0,0,4761.19507813299,4906.66594775632,492.83604224487,1025.62869845178,189.804647799557,327.734993148659,0,0,182.932728858692,188.521952302164,18.9925159139116,39.5297968333486,7.31724418119404,12.6349413258903,0,0,28422.5283252757,29632.805327717,3199.76406744384,6683.05828523343,1265.92426193557,2172.71194667149,0,0,1092.03793233495,1138.53988872715,123.944029388042,259.096952805484,49.3594264659582,84.7948446455137,0,0,0,0,5.56402852159696,11.8696541402987,2.48621144756599,4.28503784662081,0,0,0,0,0,0,0,0,0,0,237.907509106074,257.01057757948,72.0774056698811,155.31952562378,47.3962389838695,84.515804535029,0,0,9.14078591782434,9.87475751823165,2.7668290203329,5.96107284364755,1.81608561293571,3.23763321476468,0,0,425.741821291867,461.097802323925,173.835457504671,390.209493586927,132.030035934446,239.948724478602,0,0,16.3576791330719,17.7161152337588,6.67350391225619,14.9774519754741,5.06081074285163,9.19538548320285,0,0,0,0,22.2805782084142,52.2188751892515,16.5632160328745,30.3392282435047,0,0,0,0,0,0,0,0,0,0,128.920534398747,79.3798096128521,53.0831751075579,56.6040822773117
"55",1994,170,4.5,4413.08798955041,4179.21533788155,574.663805889818,1093.7631704039,200.067901163503,315.251670838788,0,0,0,0,0,0,0,0,0,0,0,0,0.893950843175015,1.74210977678931,0.373165401110328,0.591253647671119,0,0,0,0,0,0,0,0,0,0,4772.81626319047,4909.31303122691,501.21687452972,1042.895240335,194.413469343753,335.885561967725,0,0,183.379233372843,188.623657482238,19.31558387273,40.1954997068588,7.49491535958712,12.9491529203813,0,0,28338.3127188595,29487.7911524728,3235.45097556738,6755.69861112001,1289.349043655,2213.95907497603,0,0,1088.80224649108,1132.96821059992,125.331934064763,261.927383311682,50.2753437291425,86.4096523795288,0,0,0,0,5.63730917837737,12.0230541215749,2.5346409240121,4.37058212690521,0,0,0,0,0,0,0,0,0,0,238.165020964334,256.814564887314,73.2757928812073,157.877089046699,48.5122304205698,86.5569176332393,0,0,9.15067994711543,9.86722639552254,2.81284428246576,6.05925216502057,1.85886244962446,3.31584955417156,0,0,423.436439208924,457.770557349983,176.238293252588,395.592719925197,134.657616509673,244.868661986993,0,0,16.2691027088042,17.5882771555773,6.76575287697031,15.1840677002506,5.16153133822795,9.38392179049032,0,0,0,0,22.6779610530577,53.1652066840314,16.9370176565316,31.0457698923771,0,0,0,0,0,0,0,0,0,0,131.400580409424,80.7743281933273,54.8213969539286,58.3882274275936
"56",1994,170,4.58333333333333,4397.23390556059,4157.30434858761,579.913787725001,1103.27621023473,202.448337650931,318.974945569692,0,0,0,0,0,0,0,0,0,0,0,0,0.90339570439286,1.75968320519363,0.377817248268384,0.598576292000475,0,0,0,0,0,0,0,0,0,0,4784.75226628501,4912.26426479475,509.590047867145,1060.16702519188,199.109535822801,344.195848103694,0,0,183.837833699424,188.737048595437,19.6383673995304,40.8614248880728,7.67594987596829,13.2695216796269,0,0,28254.4423590114,29343.6515523455,3270.3183981687,6826.74682827964,1312.93501964366,2255.51976366864,0,0,1085.57982547266,1127.43013506368,126.688381482943,264.69673191887,51.1976608978034,88.0369236964256,0,0,0,0,5.71010603694814,12.1753817292149,2.58352709836861,4.45698111431332,0,0,0,0,0,0,0,0,0,0,238.439633800184,256.636341650791,74.4763389077708,160.440597361194,49.6489323402496,88.6369078393189,0,0,9.1612310232096,9.86037877216378,2.8589433223023,6.15766149727559,1.9024342195248,3.39555767325778,0,0,421.138522457358,454.460863575803,178.628432907993,400.94645828868,137.311735685431,249.84107554303,0,0,16.1808131140804,17.4611134226242,6.85751555662066,15.389553621906,5.26327062939651,9.57447151593036,0,0,0,0,23.077000477726,54.1158165764412,17.3160077149761,31.7626728938953,0,0,0,0,0,0,0,0,0,0,133.88339876118,82.167831244537,56.5943469075434,60.2077645709018
"57",1994,170,4.66666666666667,4381.43186380705,4135.59586839795,584.952293720218,1112.41510113366,204.822366336551,322.687076847967,0,0,0,0,0,0,0,0,0,0,0,0,0.912676834691963,1.77694872335885,0.382472361302357,0.605899526271706,0,0,0,0,0,0,0,0,0,0,4797.0034032267,4915.51921198364,517.957735164885,1077.44776049187,203.892941908889,352.666614830626,0,0,184.308541972365,188.862108871646,19.9609491372546,41.5277133437197,7.86035145642171,13.5960771274981,0,0,28170.9156826255,29200.381492832,3304.380329772,6896.22634049462,1336.67174453578,2297.37886786522,0,0,1082.37060922339,1121.92546868462,128.013897684406,267.405873956639,52.1259741852661,89.6760730863112,0,0,0,0,5.78227695209021,12.3263837573457,2.63285578790259,4.54421471053811,0,0,0,0,0,0,0,0,0,0,238.731026604004,256.475576017926,75.6781863935124,163.008560665204,50.8063269526908,90.7559084146742,0,0,9.17242681240537,9.85420189787128,2.90509324882473,6.25624371264428,1.94680029529005,3.47676278636428,0,0,418.848637707406,451.169282210377,181.004677075271,406.268213284308,139.991938046762,254.865179762003,0,0,16.0928321212752,17.3346455974463,6.9487459833948,15.5938141517421,5.36601126384604,9.76700476487741,0,0,0,0,23.4775157538896,55.0703037237574,17.7001442517203,32.4898771419611,0,0,0,0,0,0,0,0,0,0,136.369165931388,83.5604144170628,58.4024188817173,62.0630919665642
"58",1994,170,4.75,4365.67854277301,4114.08493688622,589.783698885648,1121.18668911149,207.187269872721,326.384312535223,0,0,0,0,0,0,0,0,0,0,0,0,0.921764063769441,1.79385463836415,0.387126288685442,0.613217146875692,0,0,0,0,0,0,0,0,0,0,4809.56903310341,4919.07643322397,526.321853263568,1094.74065891435,208.763756269265,361.298565444081,0,0,184.791333566798,188.998783000298,20.2834019768957,42.1944871749922,8.04812281262804,13.928846463552,0,0,28087.7317948725,29057.9766870356,3337.65063716107,6964.16044895593,1360.54904460052,2339.52157618096,0,0,1079.17456336319,1116.45404675316,129.309004175275,270.055681424457,53.0598899979168,91.3265274572173,0,0,0,0,5.85370811800331,12.4758562131327,2.68261111123003,4.63226051176472,0,0,0,0,0,0,0,0,0,0,239.038907459804,256.331962017973,76.8806759515085,165.579820557594,51.9843868907979,92.9140369406369,0,0,9.184256098825,9.84868401675961,2.95126877460277,6.35495441576555,1.99195968202182,3.55946950718991,0,0,416.5673785534,447.896407879747,183.365787396068,411.555440130294,142.697735629425,259.940150147874,0,0,16.0051825372299,17.2088965265271,7.0393966918901,15.7967518028429,5.46973464316686,9.96149014883029,0,0,0,0,23.8793091027086,56.028236346252,18.0893804268498,33.2273143753204,0,0,0,0,0,0,0,0,0,0,138.858055220283,84.9521716382128,60.2459973762762,63.9546008571013
"59",1994,170,4.83333333333333,4349.97083227254,4092.76681674907,594.412295514128,1129.59772004387,209.540429755279,330.06301810563,0,0,0,0,0,0,0,0,0,0,0,0,0.930633503324988,1.81035966821423,0.391774276628838,0.620522548273642,0,0,0,0,0,0,0,0,0,0,4822.44774715685,4922.93368862426,534.684089878761,1112.0484923928,213.722026032943,370.092353068796,0,0,185.286154355974,189.146984921181,20.6057900841121,42.8618516795851,8.23926581529685,14.2678549419193,0,0,28004.890328192,28916.4334425553,3370.14304594246,7030.57232192396,1384.55700989962,2381.93340039815,0,0,1075.99167377046,1111.0157274012,130.574217402867,272.647021817347,53.9990246416983,92.9877257467644,0,0,0,0,5.92430957664241,12.6236366699427,2.73277601705097,4.72109450078506,0,0,0,0,0,0,0,0,0,0,239.363008203289,256.20521443937,78.08331015812,168.153490500791,53.1830776221459,95.111398089233,0,0,9.19670857916879,9.84381417054424,2.99745083256258,6.45375965246325,2.03791110994248,3.64368195522665,0,0,414.295354168622,444.642855213619,185.710512698329,416.80558670054,145.428606283084,265.065118976346,0,0,15.9178877673538,17.0838898249226,7.12941972331316,15.9982688046141,5.57442086001732,10.1578946271795,0,0,0,0,24.2821699119378,56.9891592903801,18.4836642316279,33.974907759204,0,0,0,0,0,0,0,0,0,0,141.350236991525,86.3431952211374,62.1254592691513,65.8826770264647
"60",1994,170,4.91666666666667,4334.3058028151,4071.63696302321,598.842294036967,1137.65483923854,211.879323364603,333.719673493938,0,0,0,0,0,0,0,0,0,0,0,0,0.939266404313328,1.82643110093052,0.396411417440612,0.627808909233388,0,0,0,0,0,0,0,0,0,0,4835.63755644672,4927.08813869468,543.045931157801,1129.37364764212,218.767781951662,379.048591528833,0,0,185.792927921629,189.306605536556,20.9281699494927,43.5298974707355,8.43378169417369,14.6131262908779,0,0,27922.3913021011,28775.7485098289,3401.87112693381,7095.48496377965,1408.68598587463,2424.60016434966,0,0,1072.8219411957,1105.61038577524,131.810048225328,275.180756927292,54.9430040070549,94.6591185041533,0,0,0,0,5.9940107730958,12.7695967098599,2.78333282042076,4.81069174510955,0,0,0,0,0,0,0,0,0,0,239.703079016785,256.095063650953,79.2857176786836,170.728896472186,54.4023596594496,97.3480859748955,0,0,9.20977465504343,9.83958199956455,3.0436251976871,6.55263362944387,2.08465311941121,3.72940384618498,0,0,412.033178182216,441.409245742295,188.037614827918,422.016134761448,148.183991965086,270.239171186439,0,0,15.8309713882573,16.9596493728211,7.21876761760882,16.1982686864833,5.68004863238066,10.35618334922,0,0,0,0,24.6858788924161,57.9526011810445,18.8829382028416,34.7325714702258,0,0,0,0,0,0,0,0,0,0,143.845878918879,87.7335759776481,64.0411755992336,67.8477023512974
"61",1995,170,5,4317.16347799165,4048.65183570841,604.043788542123,1147.15990665844,214.173205197341,337.432000202392,0,0,0,0,0,0,0,0,0,0,0,0,0.947668724576378,1.84240412439176,0.400973957468381,0.635215041326265,0,0,0,0,0,0,0,0,0,0,4848.62225124289,4930.91851724094,551.795025773023,1147.56379645958,223.870261889053,388.259932718285,0,0,186.291820660423,189.453774805727,21.2654318338992,44.2312110662013,8.63048429309507,14.968232098265,0,0,27836.5540056139,28631.3068611243,3435.45089338827,7164.56958483476,1432.72447505114,2468.08422650971,0,0,1069.52394693143,1100.06070511733,133.116924588669,277.875077295935,55.8835750820638,96.362658906625,0,0,0,0,6.06260189348286,12.9156143304253,2.83384692713443,4.90215075441407,0,0,0,0,0,0,0,0,0,0,239.956416061593,256.039882565695,80.4990285823207,173.440832799843,55.6186008491682,99.6903874592842,0,0,9.21950828105271,9.83746185253219,3.09022030508925,6.65675233425639,2.1312802046324,3.8191747880505,0,0,409.739123198081,438.14851328543,190.365103540103,427.296286798722,150.94003830655,275.526395793512,0,0,15.7428301668718,16.8343668122791,7.30813293489623,16.4009454896873,5.78570372905811,10.5588125602427,0,0,0,0,25.0883570387326,58.9248463656822,19.2842886215301,35.508344695683,0,0,0,0,0,0,0,0,0,0,146.410230462726,89.0152679340896,66.0447332341408,69.6940420922056
"62",1995,170,5.08333333333333,4299.14251064205,4024.6225934421,609.613105619393,1157.37007487207,216.443667484038,341.183318444817,0,0,0,0,0,0,0,0,0,0,0,0,0.956162195954351,1.8586913727167,0.405484045993505,0.642687802547368,0,0,0,0,0,0,0,0,0,0,4861.61083388995,4934.66635970607,560.788584780241,1166.31160137117,229.048567589822,397.709314105439,0,0,186.790862776665,189.597772906671,21.6120961881275,44.9539870698046,8.83010909596008,15.3325132005951,0,0,27748.7823333067,28484.88836476,3469.82499466101,7235.56745458499,1456.77210404902,2512.2183822046,0,0,1066.15163081553,1094.43507081934,134.454276980853,280.643138813485,56.8246028590058,98.0917988964007,0,0,0,0,6.13120340611446,13.0627914578765,2.88446304267738,4.99508178553556,0,0,0,0,0,0,0,0,0,0,240.171041100822,256.016328609608,81.7286225259571,176.2387792199,56.843847654503,102.107982005385,0,0,9.22775452997247,9.83655687040864,3.13744248011712,6.76417643110005,2.17825407937224,3.91183346726573,0,0,407.419206299277,434.883495993284,192.683936971738,432.61801460196,153.700298571751,280.910765577057,0,0,15.6536952890957,16.7089196215656,7.39716835859078,16.6052229715797,5.89152253644625,10.7651682400509,0,0,0,0,25.4901172536223,59.9033081360983,19.6885688224626,36.2993807352404,0,0,0,0,0,0,0,0,0,0,149.017491197892,90.2296283282556,68.1179707025064,71.4789842909803
"63",1995,170,5.16666666666667,4281.1881032977,4000.82085480747,614.945269731006,1167.16140233721,218.708375413244,344.923174526265,0,0,0,0,0,0,0,0,0,0,0,0,0.964733229960715,1.87506832530884,0.409980720506759,0.650139662252145,0,0,0,0,0,0,0,0,0,0,4874.92433790996,4938.71604947397,569.788283711121,1185.09695038192,234.323485393904,407.344992769904,0,0,187.30238889166,189.753368463694,21.9590087644761,45.678231535635,9.03345757643412,15.7039748955703,0,0,27661.3641839498,28339.3625790281,3503.37078741418,7304.95984486305,1480.95198288501,2556.64598104831,0,0,1062.79289751911,1088.84373590724,135.759803957131,283.349546320195,57.7708900492932,99.8326168285246,0,0,0,0,6.19991603686392,13.2099139150837,2.93544519913853,5.08880576547687,0,0,0,0,0,0,0,0,0,0,240.411741985944,255.999077596953,82.9678407042295,179.038744786146,58.0933221782989,104.560413133545,0,0,9.23700265445641,9.8358940574603,3.18503544886708,6.87168092780649,2.22615815103454,4.00583017797252,0,0,405.099052429832,431.644349265409,194.982331612954,437.912352750126,156.478201410552,286.351748890084,0,0,15.56455130612,16.584466419373,7.48542096746697,16.8084528994633,5.99801991157577,10.9736974113575,0,0,0,0,25.8922663350016,60.8837051813953,20.0974502747314,37.1006286257559,0,0,0,0,0,0,0,0,0,0,151.627225645641,91.443891647586,70.2299357458329,73.2992291923339
"64",1995,170,5.25,4263.29727966556,3977.24181910941,620.045385979014,1176.54174892818,220.96428566099,348.647356531518,0,0,0,0,0,0,0,0,0,0,0,0,0.9733044816501,1.89140619182035,0.414464474851192,0.657570308406863,0,0,0,0,0,0,0,0,0,0,4888.55983605825,4943.06480574503,578.794967899277,1203.92167632139,239.694728792297,417.167867243845,0,0,187.826286535987,189.920454634025,22.3062011580376,46.4040133922726,9.24051890023215,16.0826520614253,0,0,27574.2997558917,28194.7260277957,3536.10303992934,7372.77128312014,1505.25388807389,2601.35219430954,0,0,1059.44775466365,1083.28656682231,137.034061696342,285.995218760272,58.7220407218875,101.584538083681,0,0,0,0,6.26849777802029,13.3565639102482,2.98679407037706,5.18332171493699,0,0,0,0,0,0,0,0,0,0,240.677373367392,255.988837617903,84.2148395540335,181.840559567891,59.3667827703112,107.049488755054,0,0,9.24720864834727,9.83550061964444,3.23292844913579,6.97925932805707,2.27498325472345,4.10123434994425,0,0,402.780584042451,428.430555495749,197.260519203046,443.175725625529,159.273820304429,291.846858168151,0,0,15.475472081645,16.4609873184478,7.57289974403618,17.0104982723634,6.10519879179795,11.1843050427402,0,0,0,0,26.2947364492886,61.8658185863332,20.5108628596975,37.9119843160042,0,0,0,0,0,0,0,0,0,0,154.239710785789,92.6580894745833,72.3811903298901,75.1550808507581
"65",1995,170,5.33333333333333,4245.46721387445,3953.88084920938,624.918447616824,1185.51883660423,223.208470481491,352.351785766735,0,0,0,0,0,0,0,0,0,0,0,0,0.981813259857506,1.90759992989856,0.418934159601417,0.664977401860804,0,0,0,0,0,0,0,0,0,0,4902.51410231173,4947.70939315871,587.809422139867,1222.78728921507,245.162043943562,427.178732081443,0,0,188.362431760679,190.09890710994,22.6537027138576,47.1313892912008,9.45128346075511,16.4685755490699,0,0,27487.5894575997,28050.9755346557,3568.03629980721,7439.02605437148,1529.66785555945,2646.32251099292,0,0,1056.11621794371,1077.76344152179,138.277598273719,288.58106637396,59.6776686777406,103.346999849493,0,0,0,0,6.33675314291206,13.5024022392888,3.03850505682404,5.27862199844619,0,0,0,0,0,0,0,0,0,0,240.966888600292,255.986238312403,85.4681268335206,184.64413275201,60.663994260444,109.576736094607,0,0,9.25833229787946,9.83540074873513,3.2810642149789,7.08690819405318,2.32472046663197,4.19810465705444,0,0,400.465581328752,425.241723931782,199.518448203082,448.404738889084,162.087139250872,297.393874721431,0,0,15.386526013473,16.3384673054529,7.6596027907423,17.2112290339945,6.21305869126503,11.3969064102911,0,0,0,0,26.697423826296,62.8493681006651,20.9287351907283,38.7333397745598,0,0,0,0,0,0,0,0,0,0,156.855211427084,93.8722566376229,74.5722703909245,77.0468566103443
"66",1995,170,5.41666666666667,4227.69520886474,3930.73344904704,629.569344288702,1194.10025936878,225.43811028643,356.032508992518,0,0,0,0,0,0,0,0,0,0,0,0,0.990208269302775,1.92356308146682,0.423387524253886,0.672357233580576,0,0,0,0,0,0,0,0,0,0,4916.78371165761,4952.64625237025,596.832368785256,1241.69502898168,250.725205298951,437.378306714352,0,0,188.910692971268,190.288589135721,23.0015404448538,47.8604056147031,9.66574271560683,16.8617732944675,0,0,27401.2338307322,27908.108130173,3599.18489979253,7503.74819204113,1554.18416592,2691.54271477973,0,0,1052.79830817124,1072.2742459151,139.490953863948,291.107990316175,60.6373968985721,105.119450258996,0,0,0,0,6.40452267321987,13.6471508736994,3.09057002820201,5.3746944600068,0,0,0,0,0,0,0,0,0,0,241.279324996438,255.991839486564,86.7264797983288,187.449426889861,61.9847317236829,112.143458312184,0,0,9.27033661503662,9.83561595337873,3.32939583138335,7.19462614950954,2.37536125053963,4.29649118722655,0,0,398.155695092742,422.07756565475,201.755869783068,453.596176913645,164.918057402653,302.990778007181,0,0,15.2977765281282,16.2168952796668,7.74552063285268,17.4105219787575,6.32159587639469,11.6114243863605,0,0,0,0,27.1001987474463,63.8340287833213,21.3509933835693,39.5645815156073,0,0,0,0,0,0,0,0,0,0,159.473981731084,95.0864307150482,76.8036913389593,78.974884734007
"67",1995,170,5.5,4209.97869034511,3907.79525728123,634.002863478158,1202.29348507724,227.650493356839,359.685698859232,0,0,0,0,0,0,0,0,0,0,0,0,0.998448191339254,1.9392255139534,0.427821443554606,0.679705002251622,0,0,0,0,0,0,0,0,0,0,4931.36507994866,4957.87155468032,605.86446562153,1260.64588462121,256.384011450601,447.767245055586,0,0,189.470932459087,190.489353606617,23.3497389464884,48.5910992061342,9.88388902923614,17.2622706893875,0,0,27315.2335182579,27766.1210131697,3629.56295358029,7566.96146477555,1578.79334504295,2736.99888266543,0,0,1049.49405005067,1066.81887237637,140.674660580861,293.576882154843,61.6008575767354,106.901348340744,0,0,0,0,6.47167838304071,13.7905853725779,3.14297803667166,5.47152330824972,0,0,0,0,0,0,0,0,0,0,241.613797814133,256.006134751145,87.9889096427552,190.256446867576,63.3287817262578,114.75076004528,0,0,9.28318760663146,9.83616519889024,3.37788536780378,7.30241345315509,2.42689750636897,4.39643642116176,0,0,395.852451221756,418.937882126571,203.972376716703,458.747005244443,167.766391776082,308.635713715113,0,0,15.2092822526368,16.0962636129385,7.83063771185371,17.6082608471281,6.43080346867074,11.8277882160687,0,0,0,0,27.5029101393465,64.8194387247558,21.7775604827152,40.4055898053584,0,0,0,0,0,0,0,0,0,0,162.096265780886,96.3006517952912,79.0759504742834,80.9395033370256
"68",1995,170,5.58333333333333,4192.315197647,3885.06203761707,638.223694259537,1210.10586002103,229.843013051682,363.307651462601,0,0,0,0,0,0,0,0,0,0,0,0,1.0064999699984,1.95453068699653,0.432232180918965,0.687015136701685,0,0,0,0,0,0,0,0,0,0,4946.25450977039,4963.38126561866,614.906305207287,1279.64062135005,262.138280870787,458.346148181659,0,0,190.043008163556,190.701045511828,23.6983203660982,49.3234984029589,10.1057155118792,17.6700910709957,0,0,27229.5892282063,27625.0115061516,3659.18435610553,7628.6893678564,1603.48615900311,2782.67737647757,0,0,1046.20347078617,1061.39721803187,141.829242481239,295.988623532682,62.5676919274928,108.692163704019,0,0,0,0,6.53811826248867,13.9325257144639,3.19571615135261,5.56909015063729,0,0,0,0,0,0,0,0,0,0,241.969492204022,256.029556720155,89.2546188178891,193.065227095885,64.6959434592091,117.39957819528,0,0,9.29685396485196,9.83706510699203,3.42650223792459,7.41027150327037,2.47932161463215,4.49797641207776,0,0,393.557258289946,415.822551203302,206.167448016247,463.854368817508,170.631881612347,314.326956433753,0,0,15.1210973066653,15.976567612302,7.91493409946532,17.8043362587233,6.54067161061829,12.0459320860291,0,0,0,0,27.905390883516,65.8052079832998,22.2083559054796,41.256237945572,0,0,0,0,0,0,0,0,0,0,164.722298399981,97.5149621727078,81.3895299131551,82.9410590636893
"69",1995,170,5.66666666666667,4174.70237572508,3862.52967023596,642.236431017864,1217.54461348348,232.013165109496,366.894784084542,0,0,0,0,0,0,0,0,0,0,0,0,1.01433723186523,1.96943312537412,0.436615621235368,0.694281581725506,0,0,0,0,0,0,0,0,0,0,4961.44822987257,4969.17120137715,623.95841488376,1298.67980637712,267.987847405335,469.115575202084,0,0,190.626775187212,190.923504102756,24.0473043979898,50.0576240177108,10.3312158489252,18.0852561417905,0,0,27144.3017022125,27484.7770161158,3688.06278396941,7688.95511545813,1628.2536089405,2828.56483486776,0,0,1042.92659887305,1056.00918325416,142.955215573833,298.344085861696,63.5375500018006,110.491376242861,0,0,0,0,6.60376121991187,14.072827840599,3.24877019234239,5.66737490640007,0,0,0,0,0,0,0,0,0,0,242.345655433885,256.062482277684,90.5229618779855,195.875820043657,66.0860293110428,120.090710511217,0,0,9.31130676852552,9.83833015817382,3.47522169513876,7.51820239432875,2.53262645927243,4.60114188104202,0,0,391.271415424027,412.731513804747,208.340489258835,468.91558904462,173.514193461188,320.062875714249,0,0,15.0332716047354,15.857805007801,7.99838704611755,17.9986456015083,6.6511876595495,12.2657938232074,0,0,0,0,28.3074626765472,66.7909268033085,22.6432949991338,42.116391696269,0,0,0,0,0,0,0,0,0,0,167.352305948393,98.7294060449507,83.7448992953656,84.9799058327766
"70",1995,170,5.75,4157.13797071432,3840.19414677832,646.045576484895,1224.61686152945,234.158545584578,370.443633588713,0,0,0,0,0,0,0,0,0,0,0,0,1.02193925899189,1.98389675931747,0.440967398468961,0.701497957537336,0,0,0,0,0,0,0,0,0,0,4976.94241484418,4975.23706091012,633.021257833592,1317.76382598341,273.93255581916,480.076048011143,0,0,191.222086551646,191.156564126349,24.3967083198303,50.7934899869999,10.5603841316258,18.5077861541115,0,0,27059.3716993484,27345.4150130007,3716.21169648376,7747.78163697213,1653.08692702009,2874.64816785901,0,0,1039.66346347659,1050.6546708341,144.053087853463,300.644130175529,64.510090539556,112.298475937041,0,0,0,0,6.66854381765405,14.2113781499156,3.30212512383618,5.76635630672471,0,0,0,0,0,0,0,0,0,0,242.741591203874,256.105236939769,91.7934204852089,198.688289764966,67.4988644159676,122.824835128382,0,0,9.3265192647013,9.83997285928247,3.52402387247581,7.62620866708524,2.58680541079567,4.70595896562134,0,0,388.996119013273,409.664764498628,210.490856973178,473.928159495085,176.412926641164,325.841914818834,0,0,14.9458511140324,15.7399755907185,8.08097191703427,18.1910928660817,6.76233639621157,12.4873140800052,0,0,0,0,28.7089391087905,67.7761709012577,23.0822889024169,42.985909079466,0,0,0,0,0,0,0,0,0,0,169.986506919548,99.9440292742248,86.1425175706152,87.0564039359421
"71",1995,170,5.83333333333333,4139.61982603179,3818.05156587344,649.655544701265,1231.32961068852,236.276848811512,373.950854858053,0,0,0,0,0,0,0,0,0,0,0,0,1.02929006334068,1.99789342652208,0.445283007196149,0.7086576992845,0,0,0,0,0,0,0,0,0,0,4992.73320169383,4981.57445407244,642.095234439732,1336.8929015729,279.972257621778,491.228055226066,0,0,191.82879383455,191.40005690621,24.7465470407469,51.5311039813526,10.7932146983864,18.9377000632538,0,0,26974.7999823164,27206.9230110055,3743.64433692091,7805.19157403973,1677.97757225948,2920.91455149488,0,0,1036.4140939015,1045.33358526314,145.123359342878,302.889607008886,65.4849808179234,114.112962657256,0,0,0,0,6.73241733315202,14.3480885361725,3.3557653969369,5.86601233137298,0,0,0,0,0,0,0,0,0,0,243.15665429493,256.158099031648,93.0655809686772,201.50270619554,68.9342860224955,125.602528119662,0,0,9.34246666303371,9.84200390401895,3.57289292064499,7.73429308837499,2.64185230248251,4.81244989241012,0,0,386.732469282715,406.622342774581,212.617880099582,478.889741131279,179.327618688475,331.66257204151,0,0,14.8588781069579,15.6230808783091,8.16266301599329,18.3815884628069,6.87410023303244,12.7104356178858,0,0,0,0,29.109628411862,68.7605062019231,23.5252444581484,43.8646402522916,0,0,0,0,0,0,0,0,0,0,172.625112503942,101.158879160676,88.5828346041093,89.1709192101841
"72",1995,170,5.91666666666667,4122.14587863493,3796.09812881281,653.070664014129,1237.68976166606,238.36586531977,377.413219203522,0,0,0,0,0,0,0,0,0,0,0,0,1.03637749733551,2.01140143267508,0.449557909743163,0.715754190818783,0,0,0,0,0,0,0,0,0,0,5008.81670550387,4988.17892852557,651.180683769368,1356.06710552902,286.106807091699,502.572055919379,0,0,192.446747771177,191.653811376372,25.0968331542783,52.2704680076646,11.0297019836143,19.3750156725973,0,0,26890.5873043366,27069.2985508087,3770.37373397035,7861.20727795097,1702.91722609476,2967.35142229909,0,0,1033.17851908821,1040.04583205009,146.166522142265,305.081356290613,66.4618964899743,115.934345963614,0,0,0,0,6.79534493408177,14.4828916179381,3.40967527967922,5.96632062774044,0,0,0,0,0,0,0,0,0,0,243.590245295326,256.221303803907,94.3391127812302,204.319139680801,70.3921428179119,128.424280204346,0,0,9.3591259331681,9.84443233108708,3.6218161805134,7.84245843979717,2.69776140491174,4.92063361729791,0,0,384.481476871682,403.604324547556,214.720880374653,483.798157258022,182.257750773692,337.523383093067,0,0,14.7723914138882,15.5071237873462,8.24343436786281,18.570049028014,6.98645942112922,12.9351026317491,0,0,0,0,29.5093360828653,69.7434933695655,23.9720641462951,44.7524274108665,0,0,0,0,0,0,0,0,0,0,175.268327143868,102.374004219549,91.0662927072161,91.3238222366619
"73",1996,170,6,4103.52252580907,3772.65010008772,657.046411713426,1245.08511600047,240.417190487625,380.88299380125,0,0,0,0,0,0,0,0,0,0,0,0,1.04325952984775,2.02469045609629,0.453770255910112,0.722879082489569,0,0,0,0,0,0,0,0,0,0,5025.16609114553,4995.11659163721,660.26068179634,1375.3701182716,292.325764324482,514.180109034223,0,0,193.074917312964,191.920367487618,25.4469144471877,53.0148080455154,11.269443428006,19.8225108287531,0,0,26805.7924607385,26931.7480531432,3796.79810302704,7917.1435788503,1727.83154622818,3014.35564564271,0,0,1029.92057644378,1034.76092061316,147.197843790608,307.270089042292,67.4379348044168,117.778131395685,0,0,0,0,6.85721571131886,14.6168129386109,3.46370379618004,6.06808041455693,0,0,0,0,0,0,0,0,0,0,244.004807615014,256.326196882578,95.6189826595316,207.211426341305,71.8643188227553,131.341523619447,0,0,9.37505409090584,9.84846248959067,3.67098473177127,7.95353968260967,2.754221748553,5.03248098333582,0,0,382.244200621693,400.623080778793,216.791209804029,488.680579058393,185.194711300455,343.470895693721,0,0,14.6864317172,15.3925796299501,8.32295394169566,18.7575174817461,7.09908399639491,13.1630992986484,0,0,0,0,29.9072692615806,70.7294715294145,24.4216828046101,45.6552818500244,0,0,0,0,0,0,0,0,0,0,177.933868216461,103.525459754846,93.6102349637096,93.4001365551834
"74",1996,170,6.08333333333333,4084.65070950373,3748.98231894917,661.000094558948,1252.44846152639,242.442124564817,384.327179845463,0,0,0,0,0,0,0,0,0,0,0,0,1.05009730397203,2.0379082191984,0.457932569068786,0.729958836834488,0,0,0,0,0,0,0,0,0,0,5041.80110258289,5002.3264791055,669.367727835503,1394.77659835555,298.638984254705,526.007035603913,0,0,193.714061054587,192.197382893981,25.7980404160768,53.7631416533882,11.5128187454769,20.2784434361502,0,0,26721.1037861626,26794.8416718529,3822.62873806577,7972.03550896549,1752.76473954526,3061.62381719632,0,0,1026.66671289086,1029.5007571724,148.206246127341,309.418567413076,68.4148178030634,119.63246321693,0,0,0,0,6.91820432568561,14.7492539089529,3.51793554233899,6.17068194976471,0,0,0,0,0,0,0,0,0,0,244.431028947712,256.446711725802,96.8998333097563,210.115074354644,73.3575394089573,134.312708028896,0,0,9.39143020647435,9.85309286128589,3.72019257011065,8.06506075560043,2.81149115748456,5.14640017829525,0,0,380.015865118108,397.669021310155,218.834321689743,493.521608723842,188.14168685032,349.472926964169,0,0,14.6008155378433,15.2790799369039,8.40143128217883,18.9434032618364,7.21209624228951,13.3931925296794,0,0,0,0,30.3036570836501,71.7145626419704,24.8746540619976,46.5686093057714,0,0,0,0,0,0,0,0,0,0,180.608466247217,104.661113111135,96.2026723228386,95.4846583925179
"75",1996,170,6.16666666666667,4065.83465082958,3725.52307004287,664.741860051845,1259.43011589538,244.440828565699,387.729450198163,0,0,0,0,0,0,0,0,0,0,0,0,1.05684879972719,2.05093983845073,0.462049104961772,0.736967422555397,0,0,0,0,0,0,0,0,0,0,5058.72068794054,5009.78263190048,678.506333065003,1414.26549206366,305.049102659638,538.03600496394,0,0,194.364138581308,192.483860208014,26.1503846868461,54.5146568198313,11.7599296323931,20.742164788967,0,0,26636.7637246336,26658.7804376889,3847.77861668294,8025.57282745378,1777.72638009086,3109.04176138375,0,0,1023.42624351811,1024.27306564991,149.188384427595,311.514801242349,69.3929188119026,121.492880042704,0,0,0,0,6.97831183414962,14.8799033193445,3.57239264644778,6.27390120398394,0,0,0,0,0,0,0,0,0,0,244.877947123605,256.574971534273,98.1806923911599,213.012732813628,74.8737626839045,137.325687388501,0,0,9.4086015277518,9.85802080694086,3.76940230930525,8.17635557149766,2.86964475555635,5.26192599180354,0,0,377.797475443643,394.739185670159,220.851531877992,498.311197411097,191.100210562041,355.515746331549,0,0,14.5155814927009,15.1665109621572,8.47891697696958,19.1273208700305,7.32555506877724,13.6248564621773,0,0,0,0,30.6984777068077,72.6971611566515,25.331114215506,47.4906942032335,0,0,0,0,0,0,0,0,0,0,183.287846267624,105.797317289902,98.8398135159768,97.606938372317
"76",1996,170,6.25,4047.07316990077,3702.26928139199,668.276538480401,1266.03774839811,246.410977145779,391.086432064949,0,0,0,0,0,0,0,0,0,0,0,0,1.06347092497714,2.06371176544994,0.466118555455485,0.743902293640602,0,0,0,0,0,0,0,0,0,0,5075.91768781471,5017.47802258252,687.674488912756,1433.83288934237,311.555790985234,550.267320860976,0,0,195.024874817388,192.77952942425,26.5038699756256,55.2692030839861,12.0107634977488,21.2136867366936,0,0,26552.7752036158,26523.5639006926,3872.26117763145,8077.77875331566,1802.70896855458,3156.5979573454,0,0,1020.19928080375,1019.07782875748,150.144767585704,313.55966551313,70.3719445245803,123.358930606146,0,0,0,0,7.03751168217854,15.0087123595302,3.62706229448796,6.37771946400147,0,0,0,0,0,0,0,0,0,0,245.344756798939,256.711320062655,99.4619779009028,215.906611851222,76.4127933185466,140.381579639856,0,0,9.42653711214559,9.86325953415981,3.81863004307454,8.28750907733825,2.92867513213435,5.37910142417613,0,0,375.590538607063,391.833730238115,222.842234485922,503.046271587266,194.069926679607,361.597283454712,0,0,14.4307874834557,15.0548787140526,8.555387803357,19.3091524716403,7.43944697446422,13.8580120858902,0,0,0,0,31.0915610851753,73.6768667633519,25.7909519118823,48.4213540561485,0,0,0,0,0,0,0,0,0,0,185.972230543725,106.934107375183,101.522095582512,99.7672764946038
"77",1996,170,6.33333333333333,4028.36500272409,3679.2178151055,671.608839332158,1272.27886417321,248.350342446637,394.394867616549,0,0,0,0,0,0,0,0,0,0,0,0,1.06992929406865,2.07616487881882,0.470138789105885,0.750759866219945,0,0,0,0,0,0,0,0,0,0,5093.38595129163,5025.4065578461,696.870439785153,1453.47526023273,318.158777917634,562.701325491485,0,0,195.696033434881,193.084156428147,26.8584287032459,56.0266445594533,12.2653099421973,21.6930225923532,0,0,26469.140389674,26389.1908942467,3896.08946886508,8128.67588577281,1827.70518509833,3204.28107741412,0,0,1016.98590799102,1013.9150016717,151.075889777428,315.554011900878,71.3516083769914,125.230170749031,0,0,0,0,7.09578512724185,15.1356459277518,3.6819314428547,6.48211767874018,0,0,0,0,0,0,0,0,0,0,245.830704107179,256.856042567171,100.743992455986,218.798467759107,77.9744555250244,143.481335013388,0,0,9.44520799490009,9.86882000294327,3.86788743457933,8.39858879736724,2.98857562424203,5.49796305025048,0,0,373.39636785862,388.95277761526,224.805910687546,507.724234871026,197.050392004988,367.715573222668,0,0,14.3464839672793,14.9441879031252,8.63082388190696,19.4887985474151,7.55375510466408,14.0925844189316,0,0,0,0,31.4827367318481,74.6532779390665,26.2540520227052,49.3603987243339,0,0,0,0,0,0,0,0,0,0,188.661832614044,108.07151987874,104.249956644793,101.965991275417
"78",1996,170,6.41666666666667,4009.70884585892,3656.36550841804,674.743365778134,1278.16082669673,250.256789747827,397.651610633449,0,0,0,0,0,0,0,0,0,0,0,0,1.07619624432578,2.08825127152434,0.474107151257221,0.757535889815725,0,0,0,0,0,0,0,0,0,0,5111.120033521,5033.5627878774,706.092623970552,1473.18936439891,324.857823998415,575.338373523355,0,0,196.377405233933,193.397531829142,27.2140007299565,56.7868564669483,12.5235597841354,22.1801861362252,0,0,26385.8609124056,26255.6597574237,3919.27619834711,8178.28629061379,1852.70788643758,3252.07998846664,0,0,1013.78618769202,1008.78452057699,151.982232395892,317.498672070912,72.3316304542517,127.106163505419,0,0,0,0,7.15311942122617,15.2606795020494,3.73698702358586,6.58707671275969,0,0,0,0,0,0,0,0,0,0,246.335083349335,257.009377521661,102.026956420299,221.68971327315,79.5585898028226,146.625770569907,0,0,9.46458706193357,9.87471137583775,3.91718298731535,8.50964906478678,3.04934019235745,5.61854234284646,0,0,371.21611905927,386.096430292893,226.742108025493,512.342863235003,200.041095279839,373.86873380522,0,0,14.2627153541959,14.8344424672544,8.70520788175279,19.6661738700465,7.66845999397527,14.3285016667816,0,0,0,0,31.8718352331744,75.62599473495,26.7202959476903,50.3076309803264,0,0,0,0,0,0,0,0,0,0,191.356858217663,109.209592420137,107.023834776242,104.203415374639
"79",1996,170,6.5,3991.10337659807,3633.70919260541,677.684617615625,1283.69086317423,252.128279121765,400.853629728066,0,0,0,0,0,0,0,0,0,0,0,0,1.08225007678283,2.09993301860962,0.478020578929002,0.764225591948431,0,0,0,0,0,0,0,0,0,0,5129.11508107413,5041.94179690301,715.339651569087,1492.97221770158,331.652711540901,588.178821718575,0,0,197.068803738051,193.71946675536,27.5705325095701,57.5497238533897,12.7855046725877,22.6751912174396,0,0,26302.9379478843,26122.9684187,3941.8337455396,8226.63152097797,1877.71011058168,3299.98375944403,0,0,1010.60016509376,1003.68630588199,152.864264495819,319.394458486905,73.3117376787198,128.986479396815,0,0,0,0,7.20950710414087,15.3837979241334,3.79221602189345,6.69257744315129,0,0,0,0,0,0,0,0,0,0,246.857235733283,257.171520457581,103.311019730578,224.581458629182,81.1650508845145,149.815582488039,0,0,9.48464900140095,9.88094116547473,3.9665224988524,8.62073259710816,3.1109633417685,5.74086614342671,0,0,369.050803509546,383.264775441043,228.650434353269,516.90026798606,203.041464815855,380.054957687663,0,0,14.1795204999871,14.7256457556515,8.77852478747006,19.8412060820495,7.78353985848797,14.565694878434,0,0,0,0,32.258689072579,76.5946203147453,27.1895616922557,51.2628465752701,0,0,0,0,0,0,0,0,0,0,194.057505566765,110.348363595838,109.844167562361,106.479893916517
"80",1996,170,6.58333333333333,3972.54727736176,3611.24571528674,680.436998572433,1288.87607604063,253.962864023847,403.998008045248,0,0,0,0,0,0,0,0,0,0,0,0,1.08807396607817,2.11118040328014,0.481875756035047,0.770823872244636,0,0,0,0,0,0,0,0,0,0,5147.36667400471,5050.53905395954,724.610271708143,1512.82104226737,338.543230776304,601.223014546411,0,0,197.77005912583,194.049787119941,27.9279758326432,58.3151396781534,13.0511365555549,23.1780512020537,0,0,26220.3723347584,25991.1145103519,3963.77418716843,8273.73266131243,1902.70507660069,3347.98166406151,0,0,1007.4278724188,998.620266614878,153.722443776982,321.242166094358,74.2916638125254,130.870696553742,0,0,0,0,7.26494500063264,15.5049936665413,3.84760557537941,6.79860088382087,0,0,0,0,0,0,0,0,0,0,247.396546743316,257.34263010299,104.596278931161,227.474570770207,82.7937053192921,153.051364772878,0,0,9.50537020262772,9.88751547044025,4.01590971446435,8.73187276814756,3.17344003014322,5.86495737882279,0,0,366.90130790813,380.457891228604,230.530547962232,521.394840107616,206.050879698827,386.272499506915,0,0,14.0969334730332,14.61780077169,8.85076151953517,20.0138335583666,7.89897102498853,14.8040974801025,0,0,0,0,32.6431335262629,77.5587626386337,27.6617240698632,52.2258345642973,0,0,0,0,0,0,0,0,0,0,196.763965889717,111.487872791751,112.711391526966,108.795782082565
"81",1996,170,6.66666666666667,3954.03925645824,3588.97195928681,683.004822598311,1293.72345283476,255.758690233328,407.081943406527,0,0,0,0,0,0,0,0,0,0,0,0,1.09365501155834,2.12197036728574,0.485669241561435,0.777325463857475,0,0,0,0,0,0,0,0,0,0,5165.8706936654,5059.35028962786,733.90334376727,1532.73322271316,345.529167972535,614.471271671852,0,0,198.481013152253,194.388328884975,28.2862867232489,59.0830031350946,13.3204472240146,23.688778493017,0,0,26138.1646709983,25860.0954630973,3985.10931936729,8319.61036504558,1927.68618440145,3396.06318337805,0,0,1004.26933264249,993.586304059625,154.557217429605,323.042573764536,75.2711494600341,132.758400830832,0,0,0,0,7.31943334507075,15.624265317948,3.90314305105175,6.90512828312764,0,0,0,0,0,0,0,0,0,0,247.9524432465,257.522833635633,105.882791339455,230.369724115625,84.444429090135,156.333625542845,0,0,9.52672864493161,9.89443917710674,4.06534687073095,8.8430955563395,3.23676557631779,5.99083568513791,0,0,364.768411909912,377.675851564774,232.382149704814,525.825202714198,209.068679841604,392.519665449969,0,0,14.014984228921,14.5109103550791,8.92190663137567,20.1840035802437,8.0147283160298,15.0436448686727,0,0,0,0,33.0250074468599,78.5180359602716,28.1366549128782,53.1963776279584,0,0,0,0,0,0,0,0,0,0,199.476423942002,112.628160011735,115.62594165725,111.151443007931
"82",1996,170,6.75,3935.57805919544,3566.88485254663,685.392317999358,1298.23987242385,257.513994746651,410.102748038894,0,0,0,0,0,0,0,0,0,0,0,0,1.09898365778728,2.13228555363572,0.489397533390546,0.78372501607334,0,0,0,0,0,0,0,0,0,0,5184.62325209391,5068.37143226397,743.217820121509,1552.70628027535,352.610299505819,627.923882048996,0,0,199.201516435592,194.734935611388,28.6454247771658,59.8532186606991,13.5934280843498,24.207384303567,0,0,26056.3153650437,25729.9085552243,4005.85067182553,8364.28487802585,1952.64701291717,3444.21800550624,0,0,1001.1245614581,988.584313643607,155.369022672963,324.796445190647,76.2499420068553,134.649185808306,0,0,0,0,7.37297524604725,15.7416166482016,3.9588160720746,7.01214116047528,0,0,0,0,0,0,0,0,0,0,248.524390578724,257.712229800068,107.17058234074,233.267430010548,86.1171055493216,159.662796890111,0,0,9.54870378566385,9.90171607939827,4.11483497562786,8.95442067513067,3.30093558114912,6.11851778537591,0,0,362.652799371996,374.918727837458,234.204979270665,530.190183147111,212.094172414295,398.794806399264,0,0,13.9336990425337,14.4049772486559,8.99195016589965,20.3516712631306,8.13078529622952,15.2842741487196,0,0,0,0,33.4041536929566,79.4720616837195,28.6142232651306,54.174252355916,0,0,0,0,0,0,0,0,0,0,202.19505841059,113.769265762815,118.588251203553,113.547246501143
"83",1996,170,6.83333333333333,3917.16247884333,3544.98137782797,687.603631685333,1302.43211137321,259.227104606471,413.057848272289,0,0,0,0,0,0,0,0,0,0,0,0,1.10405312192594,2.14211336158231,0.493057132455943,0.790017176912462,0,0,0,0,0,0,0,0,0,0,5203.62062164536,5077.59854483859,752.552728653381,1572.7378463628,359.78638559175,641.581097270125,0,0,199.931425753768,195.08945603222,29.0053524911589,60.6256949200703,13.8700699177068,24.7338784020551,0,0,25974.8246868272,25600.5509613422,4026.00952229139,8407.77606259438,1977.58131828653,3492.43602548104,0,0,997.993569237212,983.614186810708,156.158287307477,326.504529808282,77.227795558897,136.542652800372,0,0,0,0,7.42557615781888,15.857055686049,4.01461254613792,7.11962134450093,0,0,0,0,0,0,0,0,0,0,249.111889670154,257.910892076625,108.459652791694,236.16806605442,87.8116235335879,163.039244760688,0,0,9.57127644976468,9.90934900054666,4.16437409276193,9.06586269870893,3.36594585526614,6.24801786784327,0,0,360.555069585017,372.186590549605,235.998811302803,534.488785172499,215.126638312787,405.096311481167,0,0,13.8531009395757,14.3000041612558,9.06088350593386,20.5167984885821,8.24711452000988,15.5259238849274,0,0,0,0,33.7804195463176,80.4204692036485,29.0942955838144,55.1592295488651,0,0,0,0,0,0,0,0,0,0,204.920042313017,114.911230938027,121.598751446619,115.983567762626
"84",1996,170,6.91666666666667,3898.79136661709,3523.25858147322,689.642833308257,1306.30685008179,260.896435650667,415.944784148453,0,0,0,0,0,0,0,0,0,0,0,0,1.10885885844107,2.15144506200262,0.496644601022139,0.796196668351962,0,0,0,0,0,0,0,0,0,0,5222.85917045363,5087.02776758443,761.90715621686,1592.8256374632,367.057164381179,655.443125101782,0,0,200.670601564677,195.451741849038,29.3660346287107,61.4003438447204,14.1503626533553,25.2682688639419,0,0,25893.6928145159,25472.0197967367,4045.59691061482,8450.1034207926,2002.48303178873,3540.70734485471,0,0,994.876362825654,978.675812725488,156.925430248915,328.167563682282,78.204470872212,138.438410853478,0,0,0,0,7.47724338644543,15.9705938564328,4.07052068987997,7.22755100627881,0,0,0,0,0,0,0,0,0,0,249.714474166878,258.118871694557,109.74998584077,239.071903406665,89.5278756159397,166.463278274668,0,0,9.59442871917227,9.9173399088619,4.21396360322887,9.17743211010601,3.43179235205231,6.37934794310403,0,0,358.475747940541,369.479510616268,237.763451790177,538.720163005005,218.165338328417,411.422602205888,0,0,13.7732101064316,14.1959938175483,9.12869923530717,20.6793529062866,8.36368776786959,15.7685338771354,0,0,0,0,34.153657086056,81.3628966726407,29.5767359488984,56.1510745338014,0,0,0,0,0,0,0,0,0,0,207.651543385141,116.054096702262,124.657871468678,118.460786174207
"85",1997,170,7,3882.38022090897,3502.89104611631,692.61735590217,1311.87945830092,262.367807905228,418.579599250917,0,0,0,0,0,0,0,0,0,0,0,0,1.11323635755495,2.16009405228669,0.499850455664001,0.801889384079961,0,0,0,0,0,0,0,0,0,0,5242.26390197486,5096.78977008287,770.83730656362,1612.25802759674,374.176752673588,669.173710115223,0,0,201.416162381173,195.826813596122,29.7103895812095,62.1497739630155,14.4248292096431,25.7975959969721,0,0,25814.4832213143,25346.3071803475,4063.43239375088,8489.54364504271,2026.10632253312,3587.37574781364,0,0,991.833013369336,973.845731786539,157.624633136035,329.718513333244,79.1313068930793,140.271693141501,0,0,0,0,7.52563644104307,16.078490917541,4.12398844003065,7.33251775455871,0,0,0,0,0,0,0,0,0,0,250.114500198328,258.170363119753,110.926426392826,241.791508496082,91.1067460969035,169.712032829252,0,0,9.60979836904886,9.91931829051371,4.25918231272599,9.28193450525451,3.49237579590717,6.50396721066863,0,0,356.411927308223,366.814045279717,239.406557336529,542.730305549382,221.070177415346,417.577147989003,0,0,13.6939148465131,14.0935823732664,9.19185146101382,20.8334216959036,8.47513440772159,16.0045720204313,0,0,0,0,34.5131649925465,82.280155598913,30.0429805720445,57.1232791516072,0,0,0,0,0,0,0,0,0,0,210.673177224264,117.418412713985,128.086919687731,121.464326165343
"86",1997,170,7.08333333333333,3866.07632960382,3482.75042837955,695.438916648793,1317.1733388964,263.806596128959,421.161230496091,0,0,0,0,0,0,0,0,0,0,0,0,1.11767281570009,2.1688183198948,0.502978365990169,0.807460595539819,0,0,0,0,0,0,0,0,0,0,5261.70314526126,5106.54369846679,779.758865509484,1631.67898995983,381.349161059811,683.04044041743,0,0,202.163049194877,196.201575122815,30.0544148038279,62.898770316141,14.7013358579251,26.3321783887524,0,0,25735.831228037,25221.6109004255,4080.73683389432,8527.90144676739,2049.65368195188,3634.03650110942,0,0,988.811087702222,969.054700133542,158.303249628741,331.227507307071,80.0552585228498,142.104862522538,0,0,0,0,7.57300169131197,16.1843635968546,4.17743795011458,7.43774214910156,0,0,0,0,0,0,0,0,0,0,250.543493777759,258.242802095969,112.108749673095,244.520836020955,92.7156225617026,173.018589196771,0,0,9.62628099829503,9.92210151059085,4.30462855117288,9.38681413444872,3.55411238751816,6.63080782715252,0,0,354.367998178566,364.17794717918,241.018058695115,546.675457387864,223.968962273086,423.742599307569,0,0,13.6153838494692,13.9922992652179,9.2537934950638,20.985003663996,8.58635416564135,16.2410389486422,0,0,0,0,34.8691275140996,83.1904426636844,30.5106157497038,58.1008809277098,0,0,0,0,0,0,0,0,0,0,213.706507009489,118.788255426577,131.573345182815,124.525936615453
"87",1997,170,7.16666666666667,3849.82920767023,3462.802375914,698.084793234415,1322.14626505414,265.214544980467,423.69118292933,0,0,0,0,0,0,0,0,0,0,0,0,1.12211661382766,2.17752671463534,0.506039011444266,0.812923097814117,0,0,0,0,0,0,0,0,0,0,5281.20367732928,5116.31205126754,788.685183912918,1651.11217871107,388.583292095636,697.057357482434,0,0,202.912290821582,196.57689085867,30.398623904832,63.6482424924064,14.9802250310487,26.8725560365275,0,0,25657.6784829119,25097.8590051423,4097.54593051148,8565.23024075266,2073.14734962765,3680.71648091465,0,0,985.808343856532,964.299953261975,158.962657390485,332.696604250559,80.9771922959496,143.938966462547,0,0,0,0,7.61942262642659,16.2883382413321,4.23091502438606,7.54328186197762,0,0,0,0,0,0,0,0,0,0,251.003837360716,258.338139208534,113.29816269252,247.261863190141,94.3549594391728,176.383964647625,0,0,9.64396814465297,9.92576451370193,4.35034866009588,9.49214689364101,3.6170195276483,6.7599087568305,0,0,352.344438909339,361.570351270927,242.600460685528,550.558413820083,226.865940790033,429.923777027278,0,0,13.5376354945728,13.8921112570385,9.31462150142099,21.1342061405351,8.69750994992006,16.4781196354478,0,0,0,0,35.2216396634682,84.0938269802459,30.9799226202345,59.0842309211754,0,0,0,0,0,0,0,0,0,0,216.745228087285,120.158544138566,135.110417413343,127.634922899899
"88",1997,170,7.25,3833.63408459722,3443.04058016232,700.558668604216,1326.80407393049,266.589750483748,426.166625386573,0,0,0,0,0,0,0,0,0,0,0,0,1.12651884623233,2.18613439896486,0.509034246629875,0.81827889803923,0,0,0,0,0,0,0,0,0,0,5300.7877784441,5126.11772631644,797.618566748361,1670.56323693653,395.882043432845,711.230102076618,0,0,203.664743304706,196.953640574983,30.7431054451868,64.3984070470501,15.2616078030448,27.4189453144053,0,0,25580.0049780615,24975.0278752256,4113.86755940394,8601.54323746245,2096.58086747527,3727.40445440707,0,0,982.824013098414,959.580583681484,159.60315471595,334.126299939022,81.896853649275,145.773561709788,0,0,0,0,7.66492697865999,16.3904542191385,4.28440761410332,7.64911736592819,0,0,0,0,0,0,0,0,0,0,251.49288374945,258.454484587906,114.493389032513,250.012561395381,96.0219557515464,179.804575178666,0,0,9.66275809855929,9.93023468803649,4.39629363959669,9.59785493217699,3.68098984452567,6.89113266008839,0,0,350.34164175469,358.99085575937,244.154044137347,554.378396001314,229.761708564146,436.12045003232,0,0,13.4606848528582,13.7930029110982,9.37434623782329,21.2809992137257,8.80862463601575,16.7158053892248,0,0,0,0,35.5705620755917,84.9899591437149,31.4507494712757,60.073058254379,0,0,0,0,0,0,0,0,0,0,219.789704035103,121.529395221592,138.698834560533,130.791873118589
"89",1997,170,7.33333333333333,3817.48691546299,3423.4594178976,702.864233758326,1331.1526735459,267.930437901546,428.584901166473,0,0,0,0,0,0,0,0,0,0,0,0,1.13083996953782,2.1945723073934,0.51196466111598,0.823528325153529,0,0,0,0,0,0,0,0,0,0,5320.47325691,5135.97906023722,806.560647503764,1690.03623305609,403.24778208033,725.563359575724,0,0,204.421090867778,197.332528794161,31.0879222039904,65.1494201009617,15.5455749121957,27.9715259748577,0,0,25502.7941484925,24853.0974490653,4129.70981319433,8636.8542736309,2119.94821332833,3774.08985983002,0,0,979.857458975055,954.895820592794,160.225048555345,335.517114875091,82.8140048061913,147.60823079176,0,0,0,0,7.70954044801468,16.4907493608248,4.33790496755028,7.75523106012294,0,0,0,0,0,0,0,0,0,0,252.008321577965,258.590204405665,115.693422511547,252.771356673598,97.7143860988086,183.277607756763,0,0,9.68256205364308,9.93544925929336,4.44242486898101,9.70387785931547,3.74593804402719,7.024371773663,0,0,348.359994894448,356.439173157699,245.679033461546,558.134714625696,232.656491519491,442.33198545698,0,0,13.3845468388177,13.6949631816933,9.43297629381701,21.4253564009229,8.91970691823781,16.9540720983051,0,0,0,0,35.9157661788379,85.8785097789074,31.9229452956954,61.0670918280066,0,0,0,0,0,0,0,0,0,0,222.84026780905,122.900915521556,142.339224905859,133.997334257725
"90",1997,170,7.41666666666667,3801.38422305067,3404.05380277304,705.005172790933,1335.19801025276,269.23494791209,430.943509144799,0,0,0,0,0,0,0,0,0,0,0,0,1.13504778177232,2.20278382535375,0.514829976257794,0.828670546155053,0,0,0,0,0,0,0,0,0,0,5340.27448685497,5145.91088846189,815.512557962363,1709.53404448225,410.68244133601,740.06104073536,0,0,205.181885787782,197.714125517227,31.4331176930453,65.9013920577398,15.8322004727494,28.5304480732001,0,0,25426.0320741804,24732.0504025216,4145.08090994179,8671.17760390981,2143.24373256702,3820.76269461706,0,0,976.908146657502,950.244998374621,160.828650967416,336.869586211709,83.728422144046,149.442577707205,0,0,0,0,7.75328701829454,16.5892600197768,4.39139730426843,7.86160677054396,0,0,0,0,0,0,0,0,0,0,252.548111957657,258.743869328572,116.897451682165,255.536996329294,99.4304551300072,186.800823572133,0,0,9.70330167254991,9.94135331020335,4.48871120672182,9.81016762207122,3.81179532807177,7.15954036379547,0,0,346.399863170829,353.915090711075,247.175621855998,561.826780895428,235.550255801393,448.557477619994,0,0,13.3092354702749,13.597983894442,9.49051905936719,21.5672550718231,9.03075552550644,17.192885178937,0,0,0,0,36.2571327639089,86.7591671359375,32.3963597494386,62.066060190606,0,0,0,0,0,0,0,0,0,0,225.897226891382,124.273204046696,146.032164775466,137.251823250726
"91",1997,170,7.5,3785.32303743862,3384.819128343,706.985155257685,1338.94605388846,270.501733906526,433.240100332323,0,0,0,0,0,0,0,0,0,0,0,0,1.13911657618786,2.21072339575436,0.517629209809674,0.833703782793267,0,0,0,0,0,0,0,0,0,0,5360.20281935424,5155.92496848373,824.47499509468,1729.05850864709,418.187557401234,754.726348711166,0,0,205.947564191181,198.098882485875,31.778718723372,66.6543933965133,16.1215433760683,29.0958345332633,0,0,25349.707162904,24611.8718217486,4159.9891522112,8704.52781110729,2166.46211553497,3867.41347784698,0,0,973.97563075468,945.627544013044,161.414277538881,338.184264289607,84.6398953274272,151.276226482224,0,0,0,0,7.79618908900572,16.686021103441,4.44487568479883,7.96822954866906,0,0,0,0,0,0,0,0,0,0,253.110463192521,258.914233800385,118.104831054914,258.308497949146,101.168737495594,190.372476453582,0,0,9.72490811545975,9.94789898450341,4.53512788496284,9.91668654677207,3.87850709137351,7.29657159656953,0,0,344.461580414588,351.418454336467,248.643980299523,565.454109489942,238.442753963594,454.79580378505,0,0,13.2347635735433,13.5020591292272,9.54698107050662,21.7066765632365,9.14176099326945,17.432201715115,0,0,0,0,36.5945515635407,87.6316364878069,32.8708432008468,63.0696915331129,0,0,0,0,0,0,0,0,0,0,228.96086527616,125.646352617641,149.778185556268,140.555831287712
"92",1997,170,7.58333333333333,3769.30080729625,3365.75118492335,708.807826989972,1342.40277820796,271.729354710419,435.472468176569,0,0,0,0,0,0,0,0,0,0,0,0,1.14302594192687,2.21835453882354,0.520360899944842,0.838625605335927,0,0,0,0,0,0,0,0,0,0,5380.2671731428,5166.03058295186,833.448318969634,1748.6106456135,425.764328223365,769.561887730912,0,0,206.718468750035,198.487156354329,32.1247391623836,67.4084632116938,16.4136495437615,29.6677853099179,0,0,25273.8096944691,24492.5487357233,4174.44287327039,8736.91968371962,2189.5983577847,3914.03318521054,0,0,971.059537801727,941.042959140499,161.982245297492,339.461707893657,85.5482257793287,153.108818667955,0,0,0,0,7.83826767100031,16.7810661324783,4.49833182619166,8.07508538774148,0,0,0,0,0,0,0,0,0,0,253.693793014776,259.100205595404,119.315039303352,261.085075939451,102.928093820307,193.991198946204,0,0,9.74732058911937,9.95504431713505,4.58165490406593,10.0234045175604,3.94602969846167,7.43541316775705,0,0,342.54544083563,348.949147545717,250.084270094752,569.016320185011,241.33358683081,461.045696195158,0,0,13.1611424526404,13.4071844103871,9.60236849129481,21.843606242272,9.25270803666868,17.6719732229807,0,0,0,0,36.9279204395531,88.4956387990214,33.346246735487,64.0777136381934,0,0,0,0,0,0,0,0,0,0,232.031446547576,127.020446864698,153.577783722183,143.909829939179
"93",1997,170,7.66666666666667,3753.31533600255,3346.84609970713,710.476803556973,1345.57414680432,272.916469280735,437.638541704583,0,0,0,0,0,0,0,0,0,0,0,0,1.14675986209553,2.22564835420183,0.52302326208897,0.843433140081992,0,0,0,0,0,0,0,0,0,0,5400.47446234262,5176.23497710636,842.432622975566,1768.19081903851,433.413658476723,784.569745060862,0,0,207.494865115968,198.879225496298,32.4711826287965,68.163615388254,16.7085536500437,30.2463805285789,0,0,25198.3314897892,24374.0697766081,4188.45039879697,8768.36812790831,2212.64773024418,3960.61320065095,0,0,968.159553545586,936.490806986378,162.532871225949,340.702480843144,86.4532255352969,154.940011482123,0,0,0,0,7.87954254297687,16.8744273095665,4.55175797062522,8.18216102069929,0,0,0,0,0,0,0,0,0,0,254.296699739134,259.300822860736,120.527650357599,263.86609115752,104.707609769137,197.655919554001,0,0,9.77048523854327,9.96275235217168,4.62827592215912,10.1302970416756,4.0143281463218,7.5760241279571,0,0,340.651694790895,346.507077337397,251.496650523881,572.513135479969,244.222247063665,467.305792497692,0,0,13.0883817266824,13.3133561646575,9.65668740794967,21.9780334158698,9.36357722177073,17.9121475859286,0,0,0,0,37.2571447705488,89.3509097369632,33.8224221835963,65.0898538817901,0,0,0,0,0,0,0,0,0,0,235.109216259984,128.395566987229,157.431427875841,147.314275403171
"94",1997,170,7.75,3737.36473258189,3328.100290695,711.995665672131,1348.46610279949,274.061832271445,439.736379976837,0,0,0,0,0,0,0,0,0,0,0,0,1.15030598526763,2.23258230147974,0.525614302556499,0.848123221709593,0,0,0,0,0,0,0,0,0,0,5420.82992562191,5186.54369647043,851.427786478279,1787.79885838332,441.136196461016,799.751557003071,0,0,208.276954566989,199.275302979653,32.8180445138805,68.9198432908108,17.0062805346674,30.8316830130623,0,0,25123.2656554164,24256.4249169271,4202.02001914147,8798.88810226738,2235.60575485553,4007.14527754922,0,0,965.275413129443,931.970702278916,163.066471183608,341.907149462479,87.3547163090898,156.769476319913,0,0,0,0,7.92003238949575,16.9661356039193,4.60514678719993,8.28944376990591,0,0,0,0,0,0,0,0,0,0,254.917938390071,259.515235437147,121.742312826092,266.651015619904,106.5065494539,201.365799482586,0,0,9.79435422978526,9.9709904251356,4.67497746453299,10.2373438936556,4.0833742769911,7.71837245562782,0,0,338.780547750382,344.092164617834,252.881283148392,575.944374891894,247.10815112182,473.574672368176,0,0,13.0164892901579,13.2205713531323,9.70994399400517,22.1099511121324,9.47434619171719,18.1526704600488,0,0,0,0,37.5821369384518,90.1971988469285,34.2992221638997,66.1058392793051,0,0,0,0,0,0,0,0,0,0,238.194403946212,129.771788382407,161.339563917318,150.769611557467
"95",1997,170,7.83333333333333,3721.44736991656,3309.51042753762,713.367955384119,1351.08456008253,275.16428998588,441.764167099511,0,0,0,0,0,0,0,0,0,0,0,0,1.15365499899047,2.2391391486062,0.528131912364139,0.852692519511348,0,0,0,0,0,0,0,0,0,0,5441.3374069949,5196.96087459447,860.433519709513,1807.43416373757,448.932367079385,815.108567724454,0,0,209.064884796274,199.67554762201,33.1653137046245,69.6771237859087,17.3068464658844,31.4237405390935,0,0,25048.6063652117,24139.6052452931,4215.15996613286,8828.49456258654,2258.46818282075,4053.62150422122,0,0,962.406892704182,927.482302628266,163.583359003707,343.076280437977,88.2525286587623,158.596897431176,0,0,0,0,7.95975492194144,17.0562208300021,4.65849129007395,8.39692142177981,0,0,0,0,0,0,0,0,0,0,255.556399695441,259.742688559408,122.958732656417,269.439403005884,108.324316090969,205.12017917814,0,0,9.81888494283954,9.97972953673949,4.72174825748981,10.344527982164,4.15314526826911,7.86243300587348,0,0,336.932160323108,341.704336598207,254.238335181502,579.309948988279,249.990665431937,479.850886956955,0,0,12.9454713139249,13.1288271791481,9.76214463979158,22.2393558514489,9.58499067050202,18.3934864040778,0,0,0,0,37.902815867388,91.0342688091689,34.7765001288503,67.1253965419296,0,0,0,0,0,0,0,0,0,0,241.287224895484,131.149182196964,165.302619344745,154.276272472378
"96",1997,170,7.91666666666667,3705.56185117088,3291.07340006223,714.597173292136,1353.43539655126,276.222776810476,443.720207945797,0,0,0,0,0,0,0,0,0,0,0,0,1.15680011148107,2.24530609678224,0.530573937861898,0.857137633524504,0,0,0,0,0,0,0,0,0,0,5461.99958172818,5207.48946493701,869.449399069133,1827.09578925233,456.802399918824,830.641678765029,0,0,209.858758591841,200.080072899968,33.5129739391397,70.4354204438568,17.6102602159484,32.0225877308838,0,0,24974.3486842097,24023.6027852824,4227.87839554375,8857.20241899224,2281.23097607607,4100.03427491717,0,0,959.55380266098,923.025301567372,164.083845809335,344.210439152909,89.1465012773482,160.421970810288,0,0,0,0,7.99872698412024,17.1447117266231,4.71178477514711,8.50458213015998,0,0,0,0,0,0,0,0,0,0,256.211092190806,259.982509160518,124.176659972545,272.2308666623,110.160420842052,208.918535989687,0,0,9.84403928406052,9.98894382667248,4.76857872262224,10.4518345049164,4.22362243827481,8.00818588588622,0,0,335.106649618509,339.343521455246,255.56798147344,582.609852610761,252.86912614774,486.132980671579,0,0,12.8753322975182,13.0381208831395,9.81329602858974,22.3662473864151,9.69548522088968,18.6345397151662,0,0,0,0,38.2191066230665,91.8618947947525,35.2541104170757,68.1482521552398,0,0,0,0,0,0,0,0,0,0,244.387881686539,132.527815795948,169.321006541173,157.834684286601
"97",1998,170,8,3689.78570852847,3272.79140020676,715.786902748521,1355.73126673817,277.221744418133,445.595683511256,0,0,0,0,0,0,0,0,0,0,0,0,1.15970872850889,2.25106055664232,0.532909988812706,0.8614408329534,0,0,0,0,0,0,0,0,0,0,5482.86405043775,5218.23489330687,878.385869285028,1846.66462441728,464.72160141442,846.337279022155,0,0,210.660404845479,200.492929441697,33.8575814302182,71.1901546882257,17.9155698001927,32.6276998283733,0,0,24900.7367496783,23908.8490931332,4239.88777225906,8884.68171987545,2303.7683051853,4146.30775625311,0,0,956.725523139461,918.616280178275,164.556837948734,345.296908251175,90.0317132670724,162.241722793925,0,0,0,0,8.03674503301248,17.2314828342441,4.76476874821682,8.61227237262739,0,0,0,0,0,0,0,0,0,0,256.861260019057,260.231026902342,125.382431742531,275.015685450338,111.996890196796,212.75006404743,0,0,9.86901978027741,9.99849227467318,4.81494418259279,10.5588902643696,4.294116722656,8.15521703232698,0,0,333.306782324777,337.016665739916,256.859059524784,585.831866745797,255.729229173939,492.411425800389,0,0,12.8061785415169,12.9487193627053,9.86296940638419,22.4901563474714,9.80528141057334,18.8754652735374,0,0,0,0,38.5299176622368,92.6790926370882,35.730019953388,69.1729963526792,0,0,0,0,0,0,0,0,0,0,247.521568045605,133.915662023028,173.428072315471,161.466119245632
"98",1998,170,8.08333333333333,3674.4663721849,3254.69030892624,717.372163540892,1358.87046329508,278.102767364424,447.365827085623,0,0,0,0,0,0,0,0,0,0,0,0,1.162376502046,2.25655935767361,0.535016643493654,0.865538778409472,0,0,0,0,0,0,0,0,0,0,5504.07873302438,5229.59226014192,886.858925177187,1865.62816672896,472.568664111206,862.113738023365,0,0,211.475506876326,200.929297637852,34.1843663492466,71.9216218486342,18.2181000489101,33.2359321587498,0,0,24828.8839396126,23797.2716630111,4249.93420048386,8909.487620135,2325.53666532552,4192.13168175057,0,0,953.964831881068,914.329295874799,164.953958827867,346.280020274872,90.8869227767797,164.044010472523,0,0,0,0,8.0726149900741,17.3155240451354,4.81632111202962,8.7193469528234,0,0,0,0,0,0,0,0,0,0,257.426669964993,260.476805826595,126.517220834708,277.747395832891,113.762215643357,216.571601553906,0,0,9.89074374324866,10.0079354929345,4.85858537978496,10.6639110346275,4.36188634603242,8.30187200170859,0,0,331.541882994968,334.755522025855,258.060770363717,588.927654657581,258.506418127584,498.650806027928,0,0,12.7383683101318,12.8618426025127,9.9092136640564,22.6092260044241,9.91190394758771,19.1149054975327,0,0,0,0,38.8307351663058,93.4824378911122,36.1957522083309,70.1943935230248,0,0,0,0,0,0,0,0,0,0,250.79705052808,135.347314577923,177.767418721999,165.262322266608
"99",1998,170,8.16666666666667,3659.18280493054,3236.74559130247,718.81262499667,1361.73657401174,278.947066606467,449.073196458971,0,0,0,0,0,0,0,0,0,0,0,0,1.1650118554917,2.26198297908517,0.537047363060005,0.869510016139683,0,0,0,0,0,0,0,0,0,0,5525.36634048233,5240.97216388553,895.350206876844,1884.62237414759,480.468680840524,878.037196609551,0,0,212.293410797348,201.366531738073,34.5118480695357,72.6542646955277,18.5226738696837,33.849835253873,0,0,24757.4754202274,23686.5229841977,4259.63061141169,8933.51097720416,2347.18145816554,4237.86292497389,0,0,951.221210895758,910.074153533881,165.337408803743,347.232589017168,91.7373494090845,165.842793794526,0,0,0,0,8.10740285687578,17.3974878549831,4.86777143130574,8.82654059379446,0,0,0,0,0,0,0,0,0,0,258.017847091912,260.737268030606,127.653366004619,280.473502344401,115.553001098337,220.439547564105,0,0,9.91345772238517,10.0179428662994,4.90228019927171,10.7687205672052,4.4306351920332,8.45031271223396,0,0,329.796536036507,332.523253670502,259.23300630318,591.964982746076,261.271265953321,504.89443983156,0,0,12.6713093116949,12.7760752798331,9.95432905791234,22.7260590899164,10.0180587371395,19.3545209612183,0,0,0,0,39.1269069575461,94.2758053982954,36.6612461574924,71.2183009554575,0,0,0,0,0,0,0,0,0,0,254.079901807935,136.7803596004,182.162656368913,169.112429422894
"100",1998,170,8.25,3643.93315064892,3218.95372335154,720.111770630121,1364.33545224294,279.753512071224,450.716022190348,0,0,0,0,0,0,0,0,0,0,0,0,1.16758095253834,2.26726939767175,0.539003607936181,0.87335615880433,0,0,0,0,0,0,0,0,0,0,5546.73576979514,5252.38465486331,903.85858569695,1903.64646441096,488.422982988432,894.110782810664,0,0,213.114458444881,201.805017891944,34.8399837017782,73.3880537095812,18.8293421818813,34.4695289944007,0,0,24686.5010832371,23576.5898373632,4268.98390838241,8956.76455254019,2368.69927534159,4283.49424760383,0,0,948.494271807545,905.850345247627,165.707452231221,348.1550994731,92.5828560396134,167.637782579155,0,0,0,0,8.14120285329574,17.4775153234296,4.91910678943818,8.93383331847122,0,0,0,0,0,0,0,0,0,0,258.632674393163,261.011264350581,128.79090519978,283.195277105915,117.366800043756,224.351927120128,0,0,9.93708037891169,10.0284702420569,4.94603010723,10.873367733827,4.50026947274675,8.6004635046645,0,0,328.07149973581,330.319510128932,260.376171633132,594.942217190518,264.024645925526,511.141140746261,0,0,12.6050306807854,12.6914039261691,9.99833104291957,22.8405927422524,10.123779248396,19.5942662410953,0,0,0,0,39.4183246950202,95.0589253450568,37.1263564604047,72.2444377313678,0,0,0,0,0,0,0,0,0,0,257.370436436047,138.214874622117,186.614339173855,173.0168412566
"101",1998,170,8.33333333333333,3628.71584853878,3201.31145922419,721.273049016389,1366.67292887728,280.521066832623,452.292664250978,0,0,0,0,0,0,0,0,0,0,0,0,1.17005663065229,2.27236843898729,0.540885990858082,0.877077658974143,0,0,0,0,0,0,0,0,0,0,5568.19415528348,5263.83793005554,912.382814487268,1922.69910322129,496.432632131961,910.337016817417,0,0,213.938923930933,202.245071040555,35.1687257508597,74.1229381035949,19.1381455769594,35.0951099677565,0,0,24615.9522174398,23467.46047194,4278.00094047793,8979.26115591373,2390.08696368852,4329.01882511893,0,0,945.783679918599,901.657419540342,166.064351582447,349.048038951732,93.4233154352998,169.428702606063,0,0,0,0,8.17409457764522,17.5557270750402,4.97031673311678,9.04120825997315,0,0,0,0,0,0,0,0,0,0,259.269269778487,261.297785845953,129.929840736679,285.913754098289,119.201636312786,228.307201184516,0,0,9.96153939991607,10.0394788550966,4.98983520444764,10.9778922664099,4.57071344099263,8.75226544807192,0,0,326.367395372376,328.14395049512,261.490732518633,597.858219187874,266.767058055102,517.389545135221,0,0,12.5395562879582,12.6078154433653,10.0412374519452,22.9527831065205,10.2290846334698,19.8340891054674,0,0,0,0,39.7048991059622,95.8315594840978,37.5909382665766,73.2725226918262,0,0,0,0,0,0,0,0,0,0,260.668943391646,139.650931215665,191.122972225982,176.975948872008
"102",1998,170,8.41666666666667,3613.52959370639,3183.8157952084,722.299869125802,1368.75480230419,281.248783360504,453.801607449645,0,0,0,0,0,0,0,0,0,0,0,0,1.17241724340718,2.27723978552678,0.542694512290603,0.880674125827219,0,0,0,0,0,0,0,0,0,0,5589.747145194,5275.3386218684,920.92157213648,1941.77853942312,504.498440583951,926.717878813295,0,0,214.767024270174,202.686946011558,35.4980238290682,74.8588510152709,19.4491151008787,35.726654062023,0,0,24545.8212895438,23359.1243808176,4286.68847982261,9001.01358232784,2411.34160259674,4374.43020578519,0,0,943.08914578827,897.494972711936,166.408366561509,349.911894630672,94.2586093876729,171.215294045929,0,0,0,0,8.20614551570705,17.6322266403543,5.02139269920374,9.14865093132147,0,0,0,0,0,0,0,0,0,0,259.925957451115,261.595944302462,131.07014376423,288.629758186879,121.055909266491,232.304168051101,0,0,9.98677039861138,10.0509345788061,5.03369439661255,11.082325869906,4.6419057535447,8.90567255706954,0,0,324.684719441873,325.996239738666,262.577197427165,600.712256112352,269.498722040444,523.638186232747,0,0,12.474905209374,12.5252969590172,10.0830677446112,23.0626019244178,10.3339832928369,20.0739333567857,0,0,0,0,39.9865571055596,96.5934970568871,38.0548477508656,74.3022750926906,0,0,0,0,0,0,0,0,0,0,263.975688816937,141.088595700449,195.689020910692,180.990136282164
"103",1998,170,8.5,3598.37329871901,3166.46393395642,723.195598863739,1370.58683308638,281.935797479744,455.241453663087,0,0,0,0,0,0,0,0,0,0,0,0,1.17464557203967,2.28185108147747,0.544428752001585,0.884144585521992,0,0,0,0,0,0,0,0,0,0,5611.39916261607,5286.89207272685,929.473496582824,1960.88271745497,512.620998790874,943.254883282884,0,0,215.598929404771,203.130848069463,35.8278259295301,75.5957138303065,19.7622732999165,36.3642193093421,0,0,24476.1017358877,23251.5720838567,4295.05320983697,9022.03456949981,2432.4604773265,4419.722264573,0,0,940.410417230621,893.362640520213,166.739753636186,350.747151890277,95.0886276872874,172.997309692577,0,0,0,0,8.23741340353247,17.7071036658278,5.07232753070187,9.25614860731762,0,0,0,0,0,0,0,0,0,0,260.601237281759,261.904952358099,132.211759767102,291.343938075565,122.928308835813,236.341877778279,0,0,10.0127157376358,10.0628071614775,5.07760560467615,11.1866934861481,4.71379621251186,9.06064850836513,0,0,323.023859397313,323.876046410175,263.636101094513,603.503917611239,272.219655278949,529.885549683234,0,0,12.4110923316006,12.4438357383082,10.1238423916867,23.170033313131,10.4384758677228,20.3137409640387,0,0,0,0,40.263239016036,97.3445506713578,38.5179424622414,75.3334150582597,0,0,0,0,0,0,0,0,0,0,267.290919083483,142.527929899808,200.312919049179,185.059782221413
"104",1998,170,8.58333333333333,3583.24607592246,3149.2532681347,723.963563050692,1372.17473955842,282.581326929903,456.610920466572,0,0,0,0,0,0,0,0,0,0,0,0,1.17672825113292,2.28617693132391,0.54608796992301,0.88748761992031,0,0,0,0,0,0,0,0,0,0,5633.15353470281,5298.50247256588,938.037201484457,1980.00933544056,520.800689308172,959.949116325761,0,0,216.434767169267,203.576938198274,36.1580790693507,76.3334384155027,20.077634753603,37.0078473127966,0,0,24406.7878581943,23144.7950193977,4303.10171682307,9042.33677181377,2453.44106709427,4464.88918253295,0,0,937.747275309163,889.260094012423,167.058765708394,351.554293304029,95.9132676697885,174.774514176901,0,0,0,0,8.26794746485593,17.7804356022302,5.12311522903679,9.36369000627671,0,0,0,0,0,0,0,0,0,0,261.293769016887,262.224113093463,133.354612199635,294.056785295392,124.817770652098,240.419586766767,0,0,10.0393239223093,10.0750698263528,5.1215659037636,11.2910140218999,4.78634404418694,9.21716489754216,0,0,321.385102457331,321.783042034793,264.667995491277,606.233069950343,274.929713945287,536.130103148346,0,0,12.348128690041,12.3634191607085,10.1635825281867,23.2750720125105,10.5425568158271,20.5534531994304,0,0,0,0,40.5348971717239,98.0845543267745,38.9800815879585,76.3656639180922,0,0,0,0,0,0,0,0,0,0,270.614862314454,143.968991517219,204.995072887921,189.185260856664
"105",1998,170,8.66666666666667,3568.14721304848,3132.18135785656,724.607042189088,1373.52419384676,283.184667638949,457.908836582715,0,0,0,0,0,0,0,0,0,0,0,0,1.17865505117061,2.29019764529373,0.547671226261093,0.890701531148638,0,0,0,0,0,0,0,0,0,0,5655.01266164189,5310.1730374119,946.611296165255,1999.15591714041,529.037707136868,976.801287908111,0,0,217.27462978271,204.025339962866,36.4887300597697,77.0719298856595,20.3952068513207,37.6575652459931,0,0,24337.8746877133,23038.7854031168,4310.84048262146,9061.93273280566,2474.28102703452,4509.92541605614,0,0,935.099529116959,885.187034102303,167.365651820892,352.333797561261,96.7324335243411,176.546682790236,0,0,0,0,8.2977899627088,17.8522898279897,5.17375065131156,9.47126490281886,0,0,0,0,0,0,0,0,0,0,262.002351287451,262.552806550925,134.498606468861,296.768657422192,126.723421125804,244.536702946011,0,0,10.0665487941156,10.0876987536681,5.16557167547895,11.3953012392885,4.85951579235591,9.37519913545171,0,0,319.7686475295,319.716900280636,265.673439633657,608.899799737995,277.628642030223,542.370329028544,0,0,12.2860219270463,12.2840346880245,10.2023095620135,23.3777212243468,10.646216292321,20.7930118947137,0,0,0,0,40.8014940983511,98.8133607261822,39.441126198873,77.3987445377931,0,0,0,0,0,0,0,0,0,0,273.947730471759,145.411834642742,209.735866168015,193.366942730062
"106",1998,170,8.75,3553.07615533576,3115.24591414388,725.129271653032,1374.64081898366,283.745190854258,459.134138528022,0,0,0,0,0,0,0,0,0,0,0,0,1.1804183414298,2.29389829365381,0.54917746340707,0.893784455276383,0,0,0,0,0,0,0,0,0,0,5676.97814165813,5321.90614259736,955.194397927811,2018.3198615614,537.332077197269,993.81177349009,0,0,218.118578651455,204.476144627313,36.8197259826254,77.8110885123897,20.7149904599027,38.3133874462521,0,0,24269.3578841141,22933.5361224788,4318.27588052046,9080.83486699602,2494.97817404378,4554.82567337601,0,0,932.467011891978,881.143187514798,167.660656991333,353.086138753842,97.5460357519061,178.31360058695,0,0,0,0,8.32697735702215,17.9227252522757,5.22422930183226,9.5788638608585,0,0,0,0,0,0,0,0,0,0,262.725904937154,262.890479212465,135.643633411288,299.479797362542,128.644537599343,248.692746778084,0,0,10.0943488901474,10.1006726763758,5.20961874092891,11.4995644954812,4.93328378969984,9.53473295142509,0,0,318.17461553302,317.677296844029,266.652992543658,611.504371442437,280.316105304777,548.604744981686,0,0,12.2247766885298,12.2056698599896,10.2400449034302,23.4779909810482,10.7494414525943,21.0323602290366,0,0,0,0,41.063001154298,99.5308392621946,39.9009394326371,78.4323815849298,0,0,0,0,0,0,0,0,0,0,277.289721016244,146.856510146703,214.535663651815,197.605195230187
"107",1998,170,8.83333333333333,3538.03249085346,3098.44478535325,725.533441243911,1375.53018675877,284.262340509284,460.285867584889,0,0,0,0,0,0,0,0,0,0,0,0,1.18201264959327,2.29726792624795,0.550605566700997,0.896734447731019,0,0,0,0,0,0,0,0,0,0,5699.05087352215,5333.70343270787,963.785140100201,2037.49848032542,545.68367058641,1010.98065049308,0,0,218.966648307704,204.929415379222,37.1510145027414,78.5508111629194,21.0369805450773,38.9753168105812,0,0,24201.2336522123,22829.040649439,4325.41417328233,9099.05544734946,2515.53047438213,4599.58489448291,0,0,929.849577817544,877.128303431899,167.944022128534,353.81178588063,98.35399069113,180.075061618508,0,0,0,0,8.35554125148708,17.9917936405844,5.27454717503793,9.68647803257218,0,0,0,0,0,0,0,0,0,0,263.463458506036,263.236635001752,136.789572432855,302.190350479708,130.580516746319,252.887321043659,0,0,10.1226868853626,10.1139725344298,5.25370248091696,11.6038093995736,5.00762494545405,9.69575123340979,0,0,316.603058961583,315.663909684868,267.607208059796,614.047192488006,282.991716902584,554.831917373565,0,0,12.1643949913876,12.1283123033074,10.2768097655274,23.5758968051882,10.8522174334626,21.2714432454225,0,0,0,0,41.3193974108732,100.236874340491,40.3593866362044,79.4663017545824,0,0,0,0,0,0,0,0,0,0,280.641018359553,148.303066016443,219.394813823992,201.900382809139
"108",1998,170,8.91666666666667,3523.01593771737,3081.77594538451,725.822694915158,1376.19781592727,284.73563072599,461.363166944312,0,0,0,0,0,0,0,0,0,0,0,0,1.18343428612621,2.30029890459517,0.551954413408043,0.899549552537354,0,0,0,0,0,0,0,0,0,0,5721.23114546089,5345.5659170936,972.382178063303,2056.68902836152,554.092219605538,1028.30773107487,0,0,219.8188498256,205.385190999443,37.4825441024836,79.2909924823569,21.3611667461137,39.6433460505601,0,0,24133.4986696214,22725.2929645486,4332.26151211777,9116.60659561762,2535.93603251661,4644.19823327553,0,0,927.24709924264,873.142150576671,168.21598398578,354.511202463706,99.1562200918642,181.830868253448,0,0,0,0,8.3835091999869,18.0595407493552,5.32470062795825,9.79409899561775,0,0,0,0,0,0,0,0,0,0,264.214135317766,263.590827377255,137.936294136095,304.900379471914,132.530848221644,257.12008601585,0,0,10.1515290964573,10.12758117099,5.29781793653581,11.708038383317,5.08251973446801,9.85824107484717,0,0,315.053970608817,313.67641931521,268.536630862436,616.528783707893,285.655057916459,561.050470811419,0,0,12.1048765587439,12.0519497427393,10.312625011304,23.6714585746503,10.9545281430807,21.5102082168149,0,0,0,0,41.5706686889543,100.931363927898,40.8163354842297,80.5002339696341,0,0,0,0,0,0,0,0,0,0,284.001795155767,149.751547651121,224.313651101552,206.252867085079
"109",1999,170,9,3507.96709436597,3065.04218673561,726.104082991703,1376.80867301267,285.181973643163,462.348011574518,0,0,0,0,0,0,0,0,0,0,0,0,1.18472085759359,2.30295181965617,0.55325626114044,0.902193668682001,0,0,0,0,0,0,0,0,0,0,5743.76484519332,5357.79718724681,980.803823531395,2075.52789397534,562.590994298702,1045.75276954889,0,0,220.68463060452,205.8551359586,37.8073374638708,80.0176562161471,21.6888317101351,40.3159236604923,0,0,24067.0327870023,22623.3074973276,4338.22147273763,9132.22627317987,2556.34608245247,4688.48225548635,0,0,924.693381414361,869.223704956596,168.453679518697,355.135813797279,99.9586344066174,183.57383143735,0,0,0,0,8.41111182409196,18.1255914661316,5.37501089649998,9.90134443012619,0,0,0,0,0,0,0,0,0,0,265.011682523897,263.944597425673,139.093299348585,307.576512030483,134.518979999393,261.361727879218,0,0,10.1821721428913,10.1411735810799,5.34232993682169,11.8109697432413,5.15886744518825,10.0210786583308,0,0,313.541667982105,311.732946419411,269.438133423476,618.91757224399,288.323551165017,567.237076676322,0,0,12.0467714920967,11.9772784039611,10.3473702637965,23.7634634019964,11.0570417129141,21.7477607409232,0,0,0,0,41.818066509101,101.612283713846,41.2741506078423,81.5308278550695,0,0,0,0,0,0,0,0,0,0,287.34278325943,151.220366865115,229.248938548526,210.719066347647
"110",1999,170,9.08333333333333,3492.8289962395,3048.05819442603,726.476367280083,1377.5157345745,285.619301504815,463.226526364462,0,0,0,0,0,0,0,0,0,0,0,0,1.1859539424491,2.30529044002128,0.554542648439212,0.904633535771451,0,0,0,0,0,0,0,0,0,0,5766.88066287115,5370.67352277967,988.89418385078,2093.69356471202,571.208825287145,1063.26821971973,0,0,221.572777285807,206.349865361212,38.1194039128059,80.718436701977,22.0210874871288,40.9912174076208,0,0,24002.6753833459,22524.0433916634,4342.74581427073,9144.74466722675,2576.89431277389,4732.23904464133,0,0,922.220674595792,865.409818416405,168.636080793595,355.640567048447,100.766470103482,185.296205397836,0,0,0,0,8.43807589199055,18.1888258163452,5.42578989756534,10.0078268937117,0,0,0,0,0,0,0,0,0,0,265.884491262333,264.293748041177,140.258107156252,310.179628265328,136.562923340048,265.588366084876,0,0,10.2157068575295,10.1545885051818,5.38714300427407,11.9111007324328,5.23735889116662,10.1833483681488,0,0,312.083253051513,309.847025064558,270.312079573026,621.17789704734,291.01911669715,573.362776278414,0,0,11.9907368764505,11.9048182874767,10.3810592491312,23.8505413649265,11.1605987482348,21.9829904327142,0,0,0,0,42.0628066362888,102.27760391299,41.7352086936167,82.5547204667815,0,0,0,0,0,0,0,0,0,0,290.636282431124,152.727302434342,234.158792444672,215.353865267056
"111",1999,170,9.16666666666667,3477.71943587517,3031.2105632468,726.735377371541,1378.00666858764,286.013737314599,464.033519723388,0,0,0,0,0,0,0,0,0,0,0,0,1.18706627963294,2.30740924993017,0.555747657755907,0.906936549317725,0,0,0,0,0,0,0,0,0,0,5790.0857069272,5383.58648978045,997.014282291558,2111.90318397513,579.877679391575,1080.92706248901,0,0,222.464352187234,206.846002203403,38.4326065531134,81.4208965685358,22.3553113370317,41.6720411223776,0,0,23938.6855621051,22425.4830453059,4347.03980895713,9156.70469891387,2597.27187191152,4775.80634829415,0,0,919.762090802945,861.622971444804,168.809387283635,356.12331489358,101.567649740295,187.011208886436,0,0,0,0,8.46387806651168,18.2498844741951,5.47638507255151,10.1142541007077,0,0,0,0,0,0,0,0,0,0,266.762263014146,264.655303677589,141.408677596106,312.77400117108,138.613714914119,269.857896027296,0,0,10.2494322590058,10.168480050037,5.43141074244147,12.0108997492176,5.31611634678587,10.3472700711319,0,0,310.651648115647,307.981135617561,271.165753718838,623.37098379202,293.707668912574,579.468336338676,0,0,11.9357323432907,11.8331278289713,10.4139720737115,23.9350440713467,11.2638920843235,22.2174602366626,0,0,0,0,42.3023077675871,102.930856883404,42.1945155640787,83.5776620962238,0,0,0,0,0,0,0,0,0,0,293.940641727428,154.236265964224,239.129178272851,220.047719840858
"112",1999,170,9.25,3462.63943642333,3014.4983747301,726.884427936854,1378.28735172206,286.364977500428,464.768468287967,0,0,0,0,0,0,0,0,0,0,0,0,1.18804743192083,2.30928555255743,0.556871279257079,0.90910277621091,0,0,0,0,0,0,0,0,0,0,5813.37519418332,5396.53234433509,1005.15979254364,2130.14793730784,588.5971401293,1098.72738999489,0,0,223.359171531446,207.343402638005,38.746779965842,82.1246982659444,22.6914870763091,42.3583212578373,0,0,23875.0640324106,22327.6241271959,4351.10987704598,9168.11935602669,2617.47829486885,4819.18141955002,0,0,917.317657282013,857.863074478694,168.973847613508,356.584557391257,102.362150144009,188.718725445627,0,0,0,0,8.4886614993013,18.308989071347,5.52678324110355,10.2206063681495,0,0,0,0,0,0,0,0,0,0,267.644904450109,265.028332904251,142.548016544048,315.361718565166,140.67184143442,274.1685464678,0,0,10.2833447614625,10.1828124285898,5.47524859303758,12.1104469876865,5.39515848938043,10.5127759390789,0,0,309.246149937165,306.136024830665,271.997622091203,625.497877145766,296.387599693301,585.554621776724,0,0,11.8817308731205,11.7622357198598,10.4460497473607,24.0170114444216,11.3668600239107,22.4512032871449,0,0,0,0,42.5364911385873,103.57186534179,42.6519473304885,84.599399549959,0,0,0,0,0,0,0,0,0,0,297.255922150135,155.747325557279,244.160066665945,224.800994290886
"113",1999,170,9.33333333333333,3447.58989637422,2997.92060786932,726.926741696795,1378.36351652989,286.672767750127,465.430918121439,0,0,0,0,0,0,0,0,0,0,0,0,1.18888964961297,2.31090204607378,0.557913333155304,0.911131980915078,0,0,0,0,0,0,0,0,0,0,5836.74519890178,5409.50821306537,1013.32677945164,2148.41999136305,597.366731759964,1116.66755199991,0,0,224.257084485323,207.841956265232,39.0617736489265,82.8295417594503,23.0295962636068,43.0499941742048,0,0,23811.8108343318,22230.4637138451,4354.96206201243,9179.00091740358,2637.5131465951,4862.36150119602,0,0,914.887375572809,854.130015192915,169.129695995175,357.02476754517,103.14994937718,190.418638281985,0,0,0,0,8.512545153847,18.3663249366221,5.57697452751484,10.326867558953,0,0,0,0,0,0,0,0,0,0,268.532313215785,265.411976747499,143.678499412887,317.94432176577,142.737712730664,278.518781095261,0,0,10.3174404322786,10.1975526376982,5.5187477883692,12.2098016562852,5.47450105182176,10.6798071476166,0,0,307.866027997649,304.312249349195,272.806709604692,627.559843288669,299.05744495844,591.622093422209,0,0,11.8287043982607,11.6921633473451,10.4772547397829,24.0964919216699,11.4694463875044,22.6842372197021,0,0,0,0,42.7653022283423,104.200490362461,43.1073793374761,85.6196777380622,0,0,0,0,0,0,0,0,0,0,300.582183494914,157.260544158718,249.251477297162,229.614048557163
"114",1999,170,9.41666666666667,3432.5716380197,2981.47618264757,726.865460708306,1378.24077135992,286.936904055195,466.020487530396,0,0,0,0,0,0,0,0,0,0,0,0,1.18958732531437,2.31224576504906,0.55887354439908,0.913023744382265,0,0,0,0,0,0,0,0,0,0,5860.19235209436,5422.51179551873,1021.51164483674,2166.71230914612,606.185902349291,1134.74604582197,0,0,225.157961606948,208.34157469802,39.3774499506866,83.5351574583871,23.369617545142,43.7470019102642,0,0,23748.9255663286,22133.998508393,4358.60208777385,9189.36107472405,2657.37603242045,4905.34386420714,0,0,912.4712302478,850.423666916739,169.277154426577,357.444395991589,103.931027152654,192.110831774404,0,0,0,0,8.53562854848863,18.4220481279607,5.6269514653629,10.4330242016401,0,0,0,0,0,0,0,0,0,0,269.424382298159,265.805444359856,144.802008375762,320.522934970337,144.811668062871,282.907260315035,0,0,10.3517151598437,10.2126702917372,5.56198061980507,12.3090069445154,5.55415706347459,10.8483124121611,0,0,306.510543999186,302.510213932325,273.592457350145,629.558287916194,301.71588172502,597.67091016987,0,0,11.7766245521312,11.6229262629215,10.5075655078267,24.1735393055105,11.5716004021726,22.9165680876236,0,0,0,0,42.9887061288531,104.816624821298,43.5606873321457,86.6382412956467,0,0,0,0,0,0,0,0,0,0,303.919484243065,158.775980021084,254.403467681663,234.487237017607
"115",1999,170,9.5,3417.58543709582,2965.16398647797,726.703654038495,1377.92461362888,287.157232806262,466.536868180604,0,0,0,0,0,0,0,0,0,0,0,0,1.19013661728111,2.31330734240031,0.559751588884171,0.914777539533528,0,0,0,0,0,0,0,0,0,0,5883.71366127003,5435.54118440678,1029.71108771612,2185.01852520249,615.054020011845,1152.96145284058,0,0,226.061687920032,208.842184655297,39.6936825530168,84.2413014408173,23.7115265071062,44.4492897428691,0,0,23686.4075212328,22038.2249707705,4362.03539887939,9199.211015013,2677.06660209922,4948.12582829445,0,0,910.069194136756,846.743893634976,169.416434234477,357.843874171697,104.705364997303,193.795192282194,0,0,0,0,8.55799505773441,18.4762903411754,5.67670843072343,10.5390649115455,0,0,0,0,0,0,0,0,0,0,270.32100198202,266.208008004417,145.920024935699,323.098349903651,146.89398135467,287.332809637809,0,0,10.3861647287242,10.2281374298909,5.60500399181373,12.4080932724732,5.63413705000563,11.0182467762972,0,0,305.178963327711,300.730197730006,274.354629320988,631.494705791158,304.361720551227,603.700997833085,0,0,11.7254631096916,11.5545351919758,10.5369729132219,24.2482108251801,11.6732764126709,23.1481930019505,0,0,0,0,43.20668431156,105.420188759417,44.011748173988,87.6548356072945,0,0,0,0,0,0,0,0,0,0,307.267881536636,160.293687107138,259.6161254273,239.420907940327
"116",1999,170,9.58333333333333,3402.63204376693,2948.9828930195,726.44432262829,1377.42043829424,287.333651282681,466.979826648416,0,0,0,0,0,0,0,0,0,0,0,0,1.19053517586636,2.31408047264026,0.560547127056202,0.916392786622512,0,0,0,0,0,0,0,0,0,0,5907.30638521437,5448.59474052979,1037.92207586624,2203.33285662143,623.970371776765,1171.31239368571,0,0,226.968158102733,209.343723156389,40.0103553873484,84.9477520487563,24.0552956295231,45.1568044640734,0,0,23624.255780599,21943.1394080676,4365.26718868836,9208.56147815136,2696.58455261527,4990.70477698438,0,0,907.681231951835,843.090553460052,169.547737156196,358.223616544547,105.47294636807,195.4716087415,0,0,0,0,8.57971430508521,18.5291624690462,5.72624124175641,10.6449799763888,0,0,0,0,0,0,0,0,0,0,271.222060962693,266.618999133984,147.033696617412,325.671086312761,148.984865010346,291.794395311793,0,0,10.4207848624169,10.2439283655066,5.64786198243301,12.5070806131101,5.71444917905126,11.1895706776158,0,0,303.870563216762,298.972373337577,275.093245163411,633.370644812698,306.993899090697,609.712099825938,0,0,11.6751923011051,11.4869967658964,10.5654776396999,24.3205657562274,11.7744336348819,23.3791020747421,0,0,0,0,43.4192322835938,106.01112605594,44.4604403857807,88.6692076198402,0,0,0,0,0,0,0,0,0,0,310.627431149655,161.81371538034,264.889562483313,244.415403048721
"117",1999,170,9.66666666666667,3387.71220322936,2932.93178047744,726.090405069822,1376.73354764036,287.466107324242,467.349204784818,0,0,0,0,0,0,0,0,0,0,0,0,1.19078185518861,2.31456134422651,0.561259836667769,0.917868907568045,0,0,0,0,0,0,0,0,0,0,5930.9679089216,5461.67096796752,1046.14181368139,2221.65000632054,632.93416301095,1189.79748270424,0,0,227.877271682346,209.846132725647,40.327361409275,85.6543061883599,24.4008942615513,45.8694926305226,0,0,23562.4693094779,21848.7380640527,4368.30243092635,9217.42282027658,2715.92963061744,5033.0781720347,0,0,905.307303928947,839.463502071467,169.671256550233,358.584023023467,106.233756752227,197.139973234908,0,0,0,0,8.6008446905223,18.5807583675752,5.77554674956675,10.7507609322124,0,0,0,0,0,0,0,0,0,0,272.127447505216,267.037803653009,148.143906750215,328.241455064435,151.084474972127,296.291099421749,0,0,10.4555712678862,10.2600195040513,5.69058852251515,12.6059809145362,5.79509945344596,11.3622489931207,0,0,302.58464032832,297.236827003773,275.808511017981,635.187670627301,309.611473820162,615.703829017213,0,0,11.6257851030069,11.4203142984969,10.5930875367355,24.3906640607314,11.8750358392089,23.6092804073368,0,0,0,0,43.6263571046086,106.589400848319,44.9066446733388,89.6811066303799,0,0,0,0,0,0,0,0,0,0,313.998187469304,163.33611114743,270.223909147544,249.471057135459
"118",1999,170,9.75,3372.82666885227,2917.00954332348,725.644781584567,1375.86915780027,287.554598702174,467.644919512852,0,0,0,0,0,0,0,0,0,0,0,0,1.19087649767143,2.31474821180987,0.561889434224927,0.919205362788888,0,0,0,0,0,0,0,0,0,0,5954.69566572043,5474.76843540469,1054.36771666336,2239.96509208566,641.944521320586,1208.4153009903,0,0,228.788930043256,210.349358369651,40.644601626231,86.3607766162348,24.748288769257,46.5872995256992,0,0,23501.0470156284,21755.017174533,4371.14590341435,9225.80505967199,2735.10163265209,5075.24356122239,0,0,902.947368102752,835.862594842839,169.787178305525,358.92548073759,106.98778368136,198.800181303265,0,0,0,0,8.62143528603154,18.6311576882101,5.82462256219643,10.8564002651302,0,0,0,0,0,0,0,0,0,0,273.037049775786,267.463857283139,149.251325275494,330.809602713392,153.192915169034,300.822098862414,0,0,10.4905196482991,10.276389165048,5.73320934644373,12.7047998110106,5.8760918812472,11.536250232947,0,0,301.32051524489,295.523573727605,276.500770902015,636.947343770286,312.213610733137,621.675705135302,0,0,11.5772154110968,11.3544883660627,10.6198157520423,24.4585655087029,11.9750509940707,23.8387095246586,0,0,0,0,43.8280755129167,107.154994805228,45.3502442757223,90.6902848571051,0,0,0,0,0,0,0,0,0,0,317.380203494718,164.860917355553,275.619309543872,254.588197890766
"119",1999,170,9.83333333333333,3357.97621176958,2901.2151008674,725.110277254638,1374.83240388697,287.599172256424,467.866962214573,0,0,0,0,0,0,0,0,0,0,0,0,1.19081975492443,2.31464103868449,0.562435690920683,0.920401679336032,0,0,0,0,0,0,0,0,0,0,5978.48708099267,5487.88571874885,1062.59738895722,2258.27358740078,651.000501802243,1227.16437751923,0,0,229.703034264516,210.85334537249,40.9619842413288,87.0669896770828,25.0974427355481,47.3101684335011,0,0,23439.9877925869,21661.9730070216,4373.80220824719,9233.71791478826,2754.100404614,5117.19858328224,0,0,900.601381961466,832.287688365984,169.895681613984,359.248365489955,107.735016714316,200.452132146326,0,0,0,0,8.64152741378757,18.6804282408805,5.87346683160218,10.9618911752341,0,0,0,0,0,0,0,0,0,0,273.950755889129,267.896641090404,150.356450243915,333.375547267723,155.310241804736,305.38664710339,0,0,10.5256257048447,10.2930174102235,5.77574358542698,12.8035379960389,5.9574286396667,11.71154584102,0,0,300.077535435441,293.832569854132,277.170468136526,638.651202877328,314.799575867747,627.627184725517,0,0,11.5294581540954,11.2895172913004,10.6456792497887,24.5243290326081,12.0744509029092,24.0673685239654,0,0,0,0,44.0244123584253,107.707904826377,45.7911252320929,91.6964979022554,0,0,0,0,0,0,0,0,0,0,320.773530838098,166.388173863982,281.075917839935,259.767145801736
"120",1999,170,9.91666666666667,3343.16162800119,2885.54740364138,724.489664721906,1373.62834413979,287.599922874544,468.015397829317,0,0,0,0,0,0,0,0,0,0,0,0,1.19061293702474,2.31424119460752,0.562898444610994,0.921457472624844,0,0,0,0,0,0,0,0,0,0,6002.33953049755,5501.02135828684,1070.82860329265,2276.57127101404,660.101092610486,1246.04317557125,0,0,230.619483518597,211.35803764965,41.2794238888627,87.7727833756466,25.4483171725753,48.0380401151585,0,0,23379.2905518604,21569.6018898063,4376.27578927388,9241.17083649399,2772.9258408721,5158.94097110781,0,0,898.269303683775,828.738641567768,169.99693963929,359.553042993215,108.475447406913,202.095728755367,0,0,0,0,8.66115597423354,18.728627986565,5.92207808616006,11.0672273875062,0,0,0,0,0,0,0,0,0,0,274.868453828904,268.335677282529,151.459642206868,335.939207484741,157.436467541875,309.984058719968,0,0,10.5608851336763,10.3098858820345,5.81820508800808,12.9021923471456,6.03911023510341,11.888109601723,0,0,298.855077163407,292.163723738069,277.818114301404,640.300752224154,317.368726107729,633.557685240881,0,0,11.4824893670528,11.225397553051,10.6706976179228,24.5880122481441,12.1732108515766,24.2952349986379,0,0,0,0,44.21539927896,108.248141084397,46.229176589649,92.6995051364439,0,0,0,0,0,0,0,0,0,0,324.178219722561,167.917917690435,286.593895041042,265.008214074031
"121",2000,170,10,3329.22946732273,2870.53360307344,724.180809612163,1372.93217385559,287.525477184536,468.000727563098,0,0,0,0,0,0,0,0,0,0,0,0,1.19022207442435,2.31338403414452,0.56321273863657,0.922191224312912,0,0,0,0,0,0,0,0,0,0,6026.29978025852,5514.2148969877,1078.91581698168,2294.51534747833,669.163135997934,1264.79216432878,0,0,231.540074630909,211.864954505239,41.5913205473352,88.4649565837142,25.7977068233163,48.7609102003167,0,0,23319.8388106309,21478.5217162502,4378.37253227943,9247.49124726949,2791.25812058528,5199.45008382059,0,0,895.985079410357,825.239194899593,170.083390695459,359.813233995969,109.196559572431,203.690978094028,0,0,0,0,8.6798462317315,18.7739640863529,5.96976580471278,11.170204469269,0,0,0,0,0,0,0,0,0,0,275.754307677995,268.704131922155,152.531344639361,338.380511184314,159.518036636873,314.433574256926,0,0,10.5949210616292,10.3240424977223,5.85945847556428,12.9961513991953,6.11908230473809,12.0590092019961,0,0,297.655132971382,290.519003653498,278.424014265537,641.826695246422,319.883918361355,639.339367927729,0,0,11.4363856066426,11.1622047755521,10.6941142561474,24.6469537679678,12.2699060835608,24.5174065124166,0,0,0,0,44.3985388824134,108.76508511035,46.6589386873757,93.6807005302198,0,0,0,0,0,0,0,0,0,0,327.652866059715,169.547547082578,292.269022729627,270.649279791359
"122",2000,170,10.0833333333333,3316.12445859236,2856.14262570995,724.151279398381,1372.69280551198,287.387898148143,467.843957100811,0,0,0,0,0,0,0,0,0,0,0,0,1.18982081799623,2.31239723016072,0.563386976563647,0.922621575111329,0,0,0,0,0,0,0,0,0,0,6050.25548454322,5527.3559639085,1086.85358854754,2312.08655102104,678.163520818803,1283.37058096195,0,0,232.460491098753,212.369855311126,41.8974642349165,89.1427683416169,26.1447237396469,49.4772129029544,0,0,23261.660856992,21388.7694114497,4380.13477562145,9252.78627219334,2809.12926116565,5238.80379916367,0,0,893.749796013889,821.790767082771,170.156679792966,360.033106865708,109.899599374093,205.240914900414,0,0,0,0,8.69764562319382,18.8166376829623,6.01656399255366,11.2709199873417,0,0,0,0,0,0,0,0,0,0,276.615586403942,269.016866591889,153.575863736738,340.722764590296,161.565167123346,318.768245949584,0,0,10.6280127740426,10.33605826306,5.89966907049824,13.0863099588767,6.19773667246039,12.2255118541501,0,0,296.481956672732,288.89828549068,278.99467672586,643.236991483847,322.348829583752,644.971687889081,0,0,11.391310311175,11.0999341903087,10.7161790677476,24.701458946584,12.3646774927406,24.7338617400103,0,0,0,0,44.5742184581071,109.259842883844,47.0807735818774,94.6410580991709,0,0,0,0,0,0,0,0,0,0,331.193298375871,171.270249440284,298.094320440483,276.670144219104
"123",2000,170,10.1666666666667,3303.05428740735,2841.87923241595,724.031046558859,1372.28384106581,287.219310734051,467.632940047109,0,0,0,0,0,0,0,0,0,0,0,0,1.18946492036922,2.31148043738294,0.563486871444166,0.922925382097496,0,0,0,0,0,0,0,0,0,0,6074.14434408722,5540.39019594271,1094.77430267368,2329.5952028244,687.173781595541,1302.00768528917,0,0,233.378339284763,212.870651349824,42.2029486651878,89.8181691720843,26.49212527844,50.1957860208832,0,0,23203.9421725819,21299.7730851835,4381.75691086191,9257.71183430654,2826.83921592165,5277.95182580718,0,0,891.532158398718,818.371385180107,170.224378953471,360.238281768194,110.596297634976,206.782736634456,0,0,0,0,8.71504838651368,18.8584156768618,6.06310907061989,11.371404336188,0,0,0,0,0,0,0,0,0,0,277.486232643965,269.346729525159,154.621164293934,343.079071513692,163.62762998616,323.156769687277,0,0,10.6614644012432,10.3487321236867,5.9399110412337,13.1770117063216,6.27698244256205,12.3940870805454,0,0,295.333311816835,287.29945042657,279.550235169968,644.600341774137,324.797986767099,650.573175913953,0,0,11.3471775526503,11.0385043887499,10.7376653577848,24.75416594557,12.4588493661247,24.9491459183908,0,0,0,0,44.7448744316516,109.742448390552,47.4995942690334,95.5974773376353,0,0,0,0,0,0,0,0,0,0,334.744832861597,172.995011624315,303.980668108766,282.75675486566
"124",2000,170,10.25,3290.01705089234,2827.73997021347,723.822467102777,1371.70938959209,287.019331224669,467.367161026965,0,0,0,0,0,0,0,0,0,0,0,0,1.18912221932989,2.31057611341934,0.563516089708416,0.92310792370002,0,0,0,0,0,0,0,0,0,0,6097.98411140945,5553.33554706201,1102.6803568193,2347.04716089641,696.197476010341,1320.70954952756,0,0,234.294301269107,213.368032441635,42.5078660960444,90.4913840789593,26.8400477621209,50.9168621557363,0,0,23146.6658693073,21211.5138173651,4383.24023949024,9262.27067009781,2844.38613711258,5316.88870944028,0,0,889.331517697892,814.980322251516,170.28654012481,360.428865744132,111.28657909468,208.316223934288,0,0,0,0,8.73207955969614,18.8993299653839,6.10939805187121,11.4716484085542,0,0,0,0,0,0,0,0,0,0,278.365164182545,269.691829648628,155.666686881118,345.445556558965,165.703085392071,327.592574989337,0,0,10.6952343627818,10.3619914215404,5.98016285985965,13.2681077266277,6.3567298041739,12.5644828110295,0,0,294.207761325835,285.722277550862,280.090455882706,645.918704798863,327.23111776961,656.145987856087,0,0,11.3039321162473,10.9779068831475,10.7585640831057,24.8051498179844,12.5524111920587,25.1633415849226,0,0,0,0,44.9105352520418,110.212915561178,47.9152873111392,96.5497088019047,0,0,0,0,0,0,0,0,0,0,338.307582556592,174.721937263834,309.928386517914,288.909760934425
"125",2000,170,10.3333333333333,3277.01145806207,2813.72193559927,723.527953356364,1370.97369275367,286.787673569665,467.046252095418,0,0,0,0,0,0,0,0,0,0,0,0,1.18876672518186,2.30963751671721,0.563477301211095,0.923173096903224,0,0,0,0,0,0,0,0,0,0,6121.78842444033,5566.20614158852,1110.57326201136,2364.44646667605,705.237285603679,1339.48086891609,0,0,235.208901042879,213.862541265602,42.8122747340023,91.1625683252555,27.1885939201398,51.6406211244119,0,0,23089.8181949592,21123.9757130106,4384.58650404121,9266.46651863738,2861.76863438615,5355.60982027336,0,0,887.147345530102,811.616967586207,170.343232380335,360.605004851843,111.970386333413,209.84118957349,0,0,0,0,8.74876079894072,18.9394093198963,6.15542912218109,11.5716449549718,0,0,0,0,0,0,0,0,0,0,279.251465794864,270.050515949593,156.712017571824,347.819122923971,167.789723237233,332.070375766546,0,0,10.7292874942589,10.3757727220724,6.02040859397192,13.3594790166443,6.43690928005221,12.7364962569785,0,0,293.104077319097,284.166596968767,280.615240965558,647.193767988704,329.647836407525,661.691546826899,0,0,11.2615268248359,10.9181351458716,10.7788714132837,24.8544751899288,12.6453480718335,25.3765031518385,0,0,0,0,45.0712374256615,110.671275121232,48.3277461936043,97.4975148929067,0,0,0,0,0,0,0,0,0,0,341.881647410449,176.451118402717,315.937741762434,295.129717849585
"126",2000,170,10.4166666666667,3264.03667992405,2799.82264223815,723.149948131016,1370.08107386948,286.524134476777,466.669969783188,0,0,0,0,0,0,0,0,0,0,0,0,1.18837732854019,2.30862650302357,0.563372478927844,0.92312382696264,0,0,0,0,0,0,0,0,0,0,6145.56782631238,5579.01322304936,1118.45389531639,2381.79583308728,714.295207806777,1358.32524986707,0,0,236.122543690091,214.354609816019,43.1162084244211,91.8318261596316,27.5378402486334,52.3672010005473,0,0,23033.3877560732,21037.1451632453,4385.79775061939,9270.30383009365,2878.98567197425,5394.1111779382,0,0,884.979204140742,808.280798309356,170.394536597396,360.766872873736,112.647675787885,211.357471670325,0,0,0,0,8.76511097406351,18.9786798015509,6.20120123092926,11.6713880069769,0,0,0,0,0,0,0,0,0,0,280.144351014162,270.421331922802,157.75683422408,350.197242883386,169.88611273341,336.585852029503,0,0,10.7635935783653,10.3900200640213,6.06063584174435,13.4510284364892,6.51746595371855,12.9099616994129,0,0,292.021189839105,282.632260177808,281.124599522581,648.427020633482,332.04770688884,667.210757120504,0,0,11.2199205689445,10.8591834712185,10.7985876259077,24.9021990724233,12.7376431956643,25.5886651182192,0,0,0,0,45.2270236750391,111.117571226697,48.736870514069,98.440668292428,0,0,0,0,0,0,0,0,0,0,345.467116799585,178.182637373401,322.008960706443,301.417109946806
"127",2000,170,10.5,3251.09227816312,2786.0399581242,722.690911745491,1369.03591254119,286.228586851099,466.238185103718,0,0,0,0,0,0,0,0,0,0,0,0,1.18793713314585,2.30751238011942,0.563203042638643,0.922962265892327,0,0,0,0,0,0,0,0,0,0,6169.33024931518,5591.76560516402,1126.32261831245,2399.09687394127,723.372649709149,1377.24534612253,0,0,237.035533981995,214.844576730082,43.4196811992795,92.4992196190901,27.8878406037265,53.0967033305741,0,0,22977.3651491419,20951.0104935272,4386.87626438476,9273.78762788171,2896.03652003826,5432.38936999497,0,0,882.826732232524,804.971365866304,170.440542959628,360.914665977215,113.318415869826,212.864930534985,0,0,0,0,8.78114650038948,19.0171650208133,6.24671390431147,11.7708726044301,0,0,0,0,0,0,0,0,0,0,281.043143592796,270.802993081319,158.800885321724,352.57786162594,171.991131945047,341.135493720326,0,0,10.7981266325867,10.4046840953447,6.10083491817402,13.5426770149641,6.59835676475722,13.0847444968724,0,0,290.958163311723,281.119127974038,281.618629765727,649.619785694258,334.430271287092,672.704110510802,0,0,11.1790774023251,10.8010465107496,10.8177164203296,24.9483720854584,12.8292788988817,25.7998461508399,0,0,0,0,45.3779420215482,111.551859868556,49.1425656749013,99.3789513933551,0,0,0,0,0,0,0,0,0,0,349.064070719395,179.916567725461,328.142237567474,307.772361136238
"128",2000,170,10.5833333333333,3238.17813232905,2772.37204160586,722.153309115844,1367.84261916704,285.900972521256,465.750872503598,0,0,0,0,0,0,0,0,0,0,0,0,1.18743276548251,2.30627072017877,0.562970003656642,0.922689992422841,0,0,0,0,0,0,0,0,0,0,6193.08151072972,5604.47013165674,1134.17939802626,2416.35033948586,732.470527443743,1396.24300567925,0,0,237.948095427829,215.33270495462,43.7226919199171,93.1647775680582,28.2386300105266,53.8291987631094,0,0,22921.7425826116,20865.5616042287,4387.82450413876,9276.92336795469,2912.92070317431,5470.44146450594,0,0,880.689630441957,801.68828221312,170.481348423494,361.048597262099,113.982584972718,214.363445284246,0,0,0,0,8.79688168407344,19.0548864117865,6.29196705922505,11.8700945214447,0,0,0,0,0,0,0,0,0,0,281.947258292355,271.194363183142,159.843968265719,354.959298446941,174.103896186603,345.716440737874,0,0,10.8328641711287,10.4197211598075,6.14099802023181,13.6343601534271,6.67954776034834,13.2607349471754,0,0,289.914172359747,279.627059198429,282.097500971025,650.773252661113,336.795075421156,678.171791493346,0,0,11.1389656126722,10.7437188409084,10.8362642255602,24.9930397219824,12.9202376568526,26.0100531243454,0,0,0,0,45.5240448296411,111.974207170874,49.5447425038376,100.312155605261,0,0,0,0,0,0,0,0,0,0,352.672581041734,181.652975226786,334.337740653924,314.195845855615
"129",2000,170,10.6666666666667,3225.29437591505,2758.81728535147,721.539598617351,1366.50561277115,285.541295476463,465.20809964154,0,0,0,0,0,0,0,0,0,0,0,0,1.18685375581011,2.3048822914715,0.562674089319437,0.92230818437368,0,0,0,0,0,0,0,0,0,0,6216.82574842278,5617.1320789945,1142.02391200956,2433.5563226246,741.58935614703,1415.31940529386,0,0,238.860387011052,215.819197219934,44.0252283112955,93.8285036124732,28.5902281111527,54.5647322028444,0,0,22866.5135447874,20780.7896552196,4388.64504577466,9279.71681611528,2929.63795414394,5508.26493078504,0,0,878.567648579776,798.43120769778,170.51705452729,361.168892004424,114.640169680106,215.852910772151,0,0,0,0,8.81232903661335,19.0918634893441,6.33696084652421,11.9690500312732,0,0,0,0,0,0,0,0,0,0,282.856183799936,271.594432599311,160.885910973225,357.340160463272,176.223696018284,350.326341999326,0,0,10.8677865485332,10.4350924658502,6.18111851920292,13.7260243107503,6.76101171515754,13.4378428794632,0,0,288.888480614076,278.155902069355,282.561437494745,651.888506235568,339.141689176308,683.613767171233,0,0,11.0995569075133,10.6871946300016,10.8542395870528,25.0362434510943,13.0105028662851,26.2192845718531,0,0,0,0,45.6653879514593,112.38468785001,49.9433168868085,101.240080697752,0,0,0,0,0,0,0,0,0,0,356.292712645401,183.391918791184,340.595618127461,320.687898656912
"130",2000,170,10.75,3212.441350875,2745.3742765377,720.85222442789,1365.02930552543,285.149616687619,464.610019672882,0,0,0,0,0,0,0,0,0,0,0,0,1.18619205772154,2.30333222167492,0.562315828254306,0.921817738072949,0,0,0,0,0,0,0,0,0,0,6240.56572988882,5629.75544184766,1149.85562006302,2450.71440191786,750.729317324257,1434.47515055904,0,0,239.772515063225,216.304207007646,44.3272697166111,94.4903815887915,28.9426417469031,55.3033266451211,0,0,22811.6725682967,20696.6868413145,4389.34054422751,9282.17396356022,2946.18818022242,5545.85758156828,0,0,876.460576581235,795.199842432497,170.547765915545,361.275784380292,115.291163462863,217.333235352097,0,0,0,0,8.82749953665668,19.1281140837522,6.38169555266392,12.0677357496298,0,0,0,0,0,0,0,0,0,0,283.769470173232,272.002301540531,161.926561940242,359.719283955617,178.349955160226,354.963253344067,0,0,10.9028764772983,10.450763442129,6.2211905782427,13.8176247494211,6.84272651559113,13.6159937363798,0,0,287.880426037327,276.705490367079,283.010705274397,652.966545045895,341.469716574957,689.029850175319,0,0,11.0608258503195,10.6314674916003,10.8716526486639,25.0780214379636,13.1000592327854,26.4275331004511,0,0,0,0,45.8020300839899,112.783384062448,50.3382094887343,102.162534336679,0,0,0,0,0,0,0,0,0,0,359.924524258855,185.133451222778,346.916001560948,327.248820930278
"131",2000,170,10.8333333333333,3199.61956974769,2732.04176379885,720.093610259959,1363.41808993997,284.726049531921,463.956864478712,0,0,0,0,0,0,0,0,0,0,0,0,1.18544163817023,2.30160928125537,0.561895619163767,0.921219365077492,0,0,0,0,0,0,0,0,0,0,6264.30310944417,5642.34317007529,1157.67382269491,2467.82375951532,759.890316566271,1453.71036259768,0,0,240.68454314583,216.78784765606,44.6287893428053,95.1503800912111,29.2958671707697,56.0449864979889,0,0,22757.2150341338,20613.2462054261,4389.91370262596,9284.30095749674,2962.57143466907,5583.21752356683,0,0,874.368236977186,791.993919114768,170.573589142001,361.369514773027,115.93556557452,218.804338963509,0,0,0,0,8.84240285714553,19.1636545493952,6.42617152391719,12.1661485100586,0,0,0,0,0,0,0,0,0,0,284.68671823438,272.417165501581,162.965782625701,362.095686177016,180.482196374861,359.625552577531,0,0,10.9381186203733,10.4667031782665,6.26120885923473,13.9091236837796,6.92467384989276,13.7951253138623,0,0,286.889408767114,275.275641221794,283.445600494326,654.008297028914,343.778802260796,694.419749051047,0,0,11.0227493934242,10.5765303995535,10.8885147175955,25.1184091354064,13.1888930205275,26.634787325481,0,0,0,0,45.9340322224825,113.170384416558,50.7293455037536,103.079331681266,0,0,0,0,0,0,0,0,0,0,363.568069176259,186.877619871763,353.299008734771,333.878886431444
"132",2000,170,10.9166666666667,3186.82968488297,2718.81863045569,719.266154416817,1361.67632859803,284.270755794861,463.248938797558,0,0,0,0,0,0,0,0,0,0,0,0,1.18459813379256,2.29970527981969,0.561413784110105,0.920513667554671,0,0,0,0,0,0,0,0,0,0,6288.03863671144,5654.89736047322,1165.47770697676,2484.88327524802,769.072031860464,1473.02475147894,0,0,241.596500060564,217.270199727424,44.9297560223832,95.8084560842185,29.6498918995641,56.7897003956549,0,0,22703.1370129209,20530.4614869553,4390.36724828004,9286.10404609627,2978.78789317889,5620.34311625895,0,0,872.290478795081,788.813197202287,170.594631737043,361.450327635285,116.573380139271,220.266151537657,0,0,0,0,8.85704756012529,19.1984999495307,6.47038911178602,12.2642852694473,0,0,0,0,0,0,0,0,0,0,285.607570809589,272.838302812825,164.003442087737,364.468527111566,182.62001487362,364.311870688747,0,0,10.973499254571,10.4828839465609,6.3011683162765,14.000488810552,7.00683818704747,13.9751851214776,0,0,285.914881322226,273.866154335334,283.866440264681,655.014631632004,346.068634736691,699.783107122765,0,0,10.9853065017296,10.5223756580848,10.9048379065334,25.1574397530673,13.2769921771215,26.8410333624271,0,0,0,0,46.0614572057901,113.545783142462,51.1166544359547,103.990295044471,0,0,0,0,0,0,0,0,0,0,367.223395853333,188.624467205463,359.74474571256,340.578345682706
"133",2001,170,11,3173.45384491353,2704.84625207275,718.651848944947,1360.27941959996,283.807061604195,462.50036754262,0,0,0,0,0,0,0,0,0,0,0,0,1.18373078655999,2.29769211325382,0.560914917682273,0.919726713829025,0,0,0,0,0,0,0,0,0,0,6311.64593082858,5667.15128174941,1173.47807114103,2502.19895688392,778.33810887959,1492.46378599724,0,0,242.503530052604,217.741014978949,45.2382756597627,96.4763726327353,30.0071692818565,57.5392205839723,0,0,22648.5431572511,20446.8010085062,4391.58574799345,9288.91864594317,2995.07595720303,5657.39112839384,0,0,870.192901361968,785.598827198565,170.6449607499,361.569604122067,117.213932665447,221.724808822844,0,0,0,0,8.87188043781175,19.233079376717,6.5148636637156,12.3624863443962,0,0,0,0,0,0,0,0,0,0,286.553539309465,273.252146400594,165.075533839109,366.876446225652,184.805122104542,369.050641036912,0,0,11.0098448826487,10.4987844783459,6.34245185946234,14.0932045448642,7.09081996348262,14.1572639364596,0,0,284.951701368572,272.464808897269,284.292568239616,656.007515568906,348.367272555012,705.138547741045,0,0,10.9482995985488,10.4685337241114,10.9213653010419,25.1959569906267,13.3654331031217,27.0469853617195,0,0,0,0,46.1861820182903,113.911218185774,51.5041216511011,104.898123200184,0,0,0,0,0,0,0,0,0,0,370.848917264364,190.360029115512,366.179725219486,347.293567407194
"134",2001,170,11.0833333333333,3159.85645082471,2690.63191298884,718.079821999488,1358.94074622758,283.324304998115,461.707004150807,0,0,0,0,0,0,0,0,0,0,0,0,1.1828742982008,2.29566259953491,0.560374856956882,0.918846050009499,0,0,0,0,0,0,0,0,0,0,6335.21023228286,5679.26224724705,1181.56299822892,2519.6155769562,787.661596091921,1512.01649641031,0,0,243.408908197784,218.206337640852,45.550046845697,97.148166185543,30.3666593878854,58.2931225775177,0,0,22593.9221560006,20363.1225018398,4393.0457572642,9291.95586488412,3011.30833277249,5694.27800991886,0,0,868.094280883381,782.383764530271,170.704431483228,361.697012242035,117.852234648558,223.177024046652,0,0,0,0,8.8869341034367,19.2676352191278,6.55931415310159,12.4605666691435,0,0,0,0,0,0,0,0,0,0,287.50891376638,273.665409311484,166.160533804571,369.298182324284,187.008962195271,373.821570059779,0,0,11.0465519025565,10.5146626996065,6.38423252145751,14.186454107798,7.1755235957772,14.340583376047,0,0,284.002246729909,271.076027716869,284.716062081042,656.975919752136,350.661012176899,710.473285473418,0,0,10.9118200436739,10.4151745290389,10.9377925035658,25.2335370216867,13.4536900061466,27.2521527485474,0,0,0,0,46.3072513604806,114.265886642904,51.8893907994937,105.800963042938,0,0,0,0,0,0,0,0,0,0,374.468339391121,192.092123697374,372.646365083094,354.055166042944
"135",2001,170,11.1666666666667,3146.31011940411,2676.55197566609,717.428550643531,1357.45599623473,282.812838294304,460.863591350371,0,0,0,0,0,0,0,0,0,0,0,0,1.18199204562643,2.29357470269693,0.559775858405598,0.917862881992712,0,0,0,0,0,0,0,0,0,0,6358.78546607019,5691.34601926469,1189.63980636221,2536.99848104014,797.014978257739,1531.66306634841,0,0,244.314706380682,218.670615485767,45.8615060491833,97.8186611558958,30.7273015881132,59.05064267666,0,0,22539.6598178807,20280.0873805171,4394.36255128789,9294.63781056741,3027.38290141199,5730.9351147419,0,0,866.009440744779,779.193421764691,170.758231952196,361.810324760995,118.484287087232,224.620100990046,0,0,0,0,8.90201756069973,19.3019922948948,6.60352388278971,12.5583835063987,0,0,0,0,0,0,0,0,0,0,288.463748000012,274.08320104363,167.242794753063,371.716483552621,189.213368524289,378.611552032326,0,0,11.0832381661592,10.5307149254317,6.42590912094651,14.2795747283366,7.26025208111855,14.5246407771675,0,0,283.068015859553,269.704750302163,285.129096099653,657.911798536907,352.936948916805,715.77823542827,0,0,10.8759254100794,10.3624878566652,10.9538188064175,25.2698705969051,13.5412677079975,27.4561868813143,0,0,0,0,46.4239811752759,114.609279851439,52.2706371728061,106.697392979052,0,0,0,0,0,0,0,0,0,0,378.099805099379,193.826850511455,379.176873318882,360.886857218746
"136",2001,170,11.25,3132.81591192087,2662.60546473297,716.700937028537,1355.83033334125,282.27274542253,459.97039343863,0,0,0,0,0,0,0,0,0,0,0,0,1.18106700127851,2.29139853303407,0.559119175496115,0.916779102819098,0,0,0,0,0,0,0,0,0,0,6382.36795156164,5703.40091621795,1197.70636799158,2554.34323624268,806.396700756753,1551.40058853334,0,0,245.22078318565,219.133783904532,46.1725714236279,98.4876870551874,31.0890361583888,59.8116691544719,0,0,22485.7558044054,20197.6924452999,4395.54000472448,9296.9728959444,3043.30011300906,5767.36173984245,0,0,863.938367941397,776.027675981906,170.806513431327,361.909869329968,119.110105448808,226.054006971717,0,0,0,0,8.91708452628332,19.3360775016612,6.64749764960643,12.6559402439545,0,0,0,0,0,0,0,0,0,0,289.418156100208,274.505047631185,168.322506028047,374.130915888313,191.419179446706,383.420749726396,0,0,11.1199080569714,10.5469229452955,6.46748893315321,14.372549724841,7.34503760254527,14.7094424480891,0,0,282.148442696581,268.351014557766,285.531695221357,658.816256427061,355.194225036146,721.053022220914,0,0,10.8405939488048,10.3104751633455,10.9694451074581,25.304999978318,13.6281332137345,27.65907318292,0,0,0,0,46.5364776885192,114.941579073157,52.6478094478801,107.58726836833,0,0,0,0,0,0,0,0,0,0,381.743308317826,195.564236741667,385.771233467366,367.788824279293
"137",2001,170,11.3333333333333,3119.37485937573,2648.79139583727,715.899808864788,1354.06880398172,281.704151273646,459.027730928656,0,0,0,0,0,0,0,0,0,0,0,0,1.180085864661,2.28911065439735,0.558405728707244,0.91559617509406,0,0,0,0,0,0,0,0,0,0,6405.95422287475,5715.42543682607,1205.76073838887,2571.64582799064,815.805200645949,1571.22623327921,0,0,246.127005447939,219.59578521554,46.4831681301463,99.1550894291552,31.451803035451,60.5760932334679,0,0,22432.2096021516,20115.9344014874,4396.58183185302,9298.96922690221,3059.06041813938,5803.55719095138,0,0,861.881042747095,772.886400594164,170.849421042589,361.995961885453,119.729705337683,227.478709841042,0,0,0,0,8.9320972929422,19.3698313621376,6.69123869262918,12.7532381857126,0,0,0,0,0,0,0,0,0,0,290.372226178557,274.930512772285,169.399777270696,376.541023299706,193.627025625619,388.249181594916,0,0,11.1565649603815,10.5632699957826,6.5089761682031,14.4653615656574,7.42990437138913,14.8949891525774,0,0,281.243000474289,267.01479635571,285.923922989181,659.69027610213,357.43220819267,726.297369726717,0,0,10.8058054206362,10.2591355220443,10.9846737921837,25.3389627567277,13.7142621798026,27.8608008931505,0,0,0,0,46.6448378527545,115.262952279721,53.0208601717342,108.47045068614,0,0,0,0,0,0,0,0,0,0,385.398844285559,197.304306623986,392.429447812903,374.761248319572
"138",2001,170,11.4166666666667,3105.98797594429,2635.1087868524,715.027926987795,1352.17634949556,281.10721913533,458.035977619841,0,0,0,0,0,0,0,0,0,0,0,0,1.1790382065305,2.28669263400052,0.557636230107013,0.914315292015383,0,0,0,0,0,0,0,0,0,0,6429.54093971089,5727.41817400798,1213.80111764243,2588.90256264078,825.238913198069,1591.13722197084,0,0,247.033244827937,220.056565356485,46.7932268818963,99.8207261260214,31.8155420703915,61.3438080712259,0,0,22379.0205933638,20034.8099188603,4397.49161384763,9300.63465832637,3074.66427322181,5839.52079707392,0,0,859.837441427142,769.769467649033,170.887094804094,362.068908803097,120.343102691937,228.894178537276,0,0,0,0,8.94702478778458,19.4032050215833,6.73474912983693,12.8502771447781,0,0,0,0,0,0,0,0,0,0,291.326024914681,275.359193366615,170.474661531947,378.946343165048,195.83737670209,393.096756609044,0,0,11.1932114383274,10.579740589134,6.55037285881724,14.5579924606321,7.51487041768877,15.0812774468435,0,0,280.351200217059,265.696025195268,286.305867728045,660.534740157645,359.650434912456,731.511076328074,0,0,10.7715410383537,10.2084662240101,10.9995082012443,25.3717926852117,13.7996367444426,28.0613621168789,0,0,0,0,46.7491515113535,115.573557530364,53.3897453021339,109.346807012997,0,0,0,0,0,0,0,0,0,0,389.066409166585,199.04708180334,399.151530906031,381.804306508911
"139",2001,170,11.5,3092.65626356932,2621.55666248701,714.087986296356,1350.15780747551,280.48215040051,456.995560549118,0,0,0,0,0,0,0,0,0,0,0,0,1.17791612566263,2.28413045860286,0.556811231863712,0.912937441432143,0,0,0,0,0,0,0,0,0,0,6453.12485713007,5739.37778409378,1221.82583722971,2606.11003275645,834.696275516262,1611.13081817449,0,0,247.939376649857,220.516072701423,47.1026834300768,100.484465966373,32.1801931684236,62.1147084203887,0,0,22326.1880805754,19954.3156533545,4398.27280716236,9301.97681126154,3090.112143073,5875.2519175119,0,0,857.807537184163,766.676748662149,170.919669952234,362.129007558366,120.950313884723,230.300383367949,0,0,0,0,8.96184179806225,19.4361590389477,6.77803012876031,12.9470556732144,0,0,0,0,0,0,0,0,0,0,292.279599036831,275.790717639164,171.547163981265,381.346411228742,198.050560301557,397.963287442555,0,0,11.2298492861835,10.5963204411591,6.59167919492727,14.6504245513668,7.59994831920741,15.2683001852588,0,0,279.47259011044,264.394590604037,286.677637681034,661.350440829065,361.848587219618,736.694004719017,0,0,10.7377834425286,10.158463024716,11.0139524429941,25.403520051659,13.8842446305649,28.2607514318575,0,0,0,0,46.8495022521993,115.873544361427,53.7544241139297,110.216210016383,0,0,0,0,0,0,0,0,0,0,392.745999852764,200.792581454122,405.937506643925,388.918171147019
"140",2001,170,11.5833333333333,3079.38071797379,2608.13405961898,713.082619038679,1348.01791683456,279.829183073009,455.906958314174,0,0,0,0,0,0,0,0,0,0,0,0,1.17671377717391,2.28141373059544,0.555931189307845,0.91146348833779,0,0,0,0,0,0,0,0,0,0,6476.70278494065,5751.30294698346,1229.83334000766,2623.26506652517,844.175730494847,1631.20431488859,0,0,248.845278341437,220.974256529998,47.4114777976582,101.146186805167,32.5456964425154,62.8886901413911,0,0,22273.7113196576,19874.4482743722,4398.92875743657,9303.0031009243,3105.40450381955,5910.74994967207,0,0,855.791301427971,763.608115666539,170.947277475777,362.176547802113,121.551355836517,231.697296312632,0,0,0,0,8.97652790305689,19.4686617190989,6.82108213645254,13.0435713724765,0,0,0,0,0,0,0,0,0,0,293.232977724272,276.224742224311,172.617253827268,383.740768360032,200.266788040707,402.848508987123,0,0,11.266479625064,10.6129963592016,6.63289398170277,14.7426401707169,7.68514619913792,15.4560472308408,0,0,278.606753808657,263.110350782926,287.039354337693,662.138093449764,364.026461363226,741.84606832431,0,0,10.7045166364954,10.1091204760137,11.0280111365203,25.4341721945926,13.9680779453101,28.4589653663146,0,0,0,0,46.9459685860636,116.163055648042,54.1148589862692,111.078537754969,0,0,0,0,0,0,0,0,0,0,396.43761371477,202.540822486408,412.78740462198,396.103008684909
"141",2001,170,11.6666666666667,3066.16233268127,2594.84003097507,712.014397250188,1345.76132142921,279.148590362069,454.770699446765,0,0,0,0,0,0,0,0,0,0,0,0,1.17542700072284,2.27853503194988,0.554996507492254,0.909894236086094,0,0,0,0,0,0,0,0,0,0,6500.27155969587,5763.19233858562,1237.82216462451,2640.36468891105,853.675729822297,1651.35502514862,0,0,249.750828357993,221.431065968502,47.7195536824578,101.805774043441,32.9119923300655,63.6656498436232,0,0,22221.5895431447,19795.204483347,4399.46271030684,9303.72075812757,3120.54184517545,5946.01433493703,0,0,853.788704671726,760.563441925929,170.970044530826,362.211812182446,122.146246102901,233.084891251885,0,0,0,0,8.99106663277345,19.5006877922185,6.86390505523125,13.1398211300602,0,0,0,0,0,0,0,0,0,0,294.186174529631,276.660949603428,173.684873366279,386.128965167578,202.486176129101,407.752092762211,0,0,11.3031029756829,10.6297561436878,6.67401498730823,14.8346220201,7.77046851647896,15.6445060082172,0,0,277.753308575251,261.843139412097,287.391147595394,662.898347646324,366.183943375703,746.967220725994,0,0,10.6717259149121,10.0604321876283,11.0416892252192,25.4637739322655,14.0511322417753,28.6560019921416,0,0,0,0,47.038624868367,116.442229062008,54.4710152425797,111.933673542809,0,0,0,0,0,0,0,0,0,0,400.141248388608,204.291819718744,419.701257272569,403.358978962194
"142",2001,170,11.75,3053.00210107535,2581.67364712652,710.885834628027,1343.39257267489,278.440679174887,453.58736057573,0,0,0,0,0,0,0,0,0,0,0,0,1.17405302985081,2.27548942290497,0.554007572170053,0.908230467764512,0,0,0,0,0,0,0,0,0,0,6523.82802932558,5775.04461550057,1245.79093366466,2657.40609319663,863.194736282429,1671.58027631316,0,0,250.655905591949,221.886449401372,48.0268580031913,102.463119538161,33.2790216825613,64.4454846677115,0,0,22169.8219738537,19716.5810233867,4399.8778196938,9304.13684509887,3135.52467196039,5981.04456224148,0,0,851.799717055247,757.542602305235,170.988094758354,362.235076950157,122.735002932536,234.463144106725,0,0,0,0,9.00544480994603,19.5322173680735,6.9064983704757,13.2358012900351,0,0,0,0,0,0,0,0,0,0,295.139188906877,277.099045652643,174.749944368881,388.510564135834,204.708761670706,412.67365770278,0,0,11.339719317061,10.6465884939082,6.7150391885093,14.9263532518558,7.85591669148257,15.8336619176182,0,0,276.911902999916,260.592770896166,287.733152756981,663.631797135977,368.320990223027,752.057447509102,0,0,10.6393977760375,10.0123910286879,11.0549918609722,25.4923479381234,14.133405795316,28.851860611057,0,0,0,0,47.12754200883,116.711198192219,54.8228610258136,112.781505845514,0,0,0,0,0,0,0,0,0,0,403.856901591357,206.045586033802,426.679097691287,410.686234684965
"143",2001,170,11.8333333333333,3039.90101777907,2568.63399789284,709.699388201559,1340.9161318069,277.705788583932,452.357564518326,0,0,0,0,0,0,0,0,0,0,0,0,1.17259024186192,2.27227400945908,0.552964774790434,0.906472979617256,0,0,0,0,0,0,0,0,0,0,6547.36904171395,5786.85840373318,1253.73834336086,2674.38661667384,872.731225511469,1691.87740532102,0,0,251.560388933973,222.340354037516,48.3333405055284,103.118120671048,33.6467258342553,65.2280921049662,0,0,22118.4078354494,19638.5746861064,4400.17715508216,9304.25826917713,3150.35350538562,6015.84017095248,0,0,849.824308750928,754.545473533104,171.001548562977,362.246612482323,123.317645315995,235.832032950847,0,0,0,0,9.01965198402248,19.5632350340095,6.9488612580223,13.3315077963558,0,0,0,0,0,0,0,0,0,0,296.092007599414,277.538757393,175.812373457347,390.885141246175,206.934516701829,417.612779452817,0,0,11.3763281398591,10.6634829215745,6.75596297750691,15.0178175318349,7.9414896442926,16.0234986915679,0,0,276.082214711585,259.359044866284,288.065508107298,664.338988335162,370.437613875797,757.116759381155,0,0,10.6075198338643,9.96498930070024,11.0679243106613,25.5199150707599,14.214898991964,29.0465414897438,0,0,0,0,47.2127880781677,116.970093497724,55.1703671892954,113.621928190602,0,0,0,0,0,0,0,0,0,0,407.584570951788,207.802132519428,433.720957796586,418.08492098931
"144",2001,170,11.9166666666667,3026.86007922724,2555.72019304925,708.457459759078,1338.33637171574,276.944288262162,451.081978286657,0,0,0,0,0,0,0,0,0,0,0,0,1.17103795114694,2.26888758414252,0.551868530538125,0.9046226053734,0,0,0,0,0,0,0,0,0,0,6570.89143818062,5798.63229229669,1261.66315510406,2691.30372118779,882.283687247772,1712.24375532925,0,0,252.464157022516,222.792725664566,48.6389534369833,103.770679603348,34.015046651281,66.0133698697198,0,0,22067.3463592042,19561.1823150021,4400.36370762392,9304.091793989,3165.02888402291,6050.40075282035,0,0,847.86245022347,751.571934331525,171.010523346377,362.246683708672,123.894193022126,237.191538086485,0,0,0,0,9.03367996349641,19.5937291047174,6.99099266862467,13.4269363051917,0,0,0,0,0,0,0,0,0,0,297.044605855646,277.979830915804,176.872056292247,393.252286795338,209.163359845892,422.568997945818,0,0,11.4129284930815,10.6804296711087,6.79678232303791,15.1089990712075,8.02718424218264,16.2139986858673,0,0,275.263948046306,258.141749867148,288.388353221596,665.02042783038,372.533868468387,762.145186618742,0,0,10.5760807285152,9.91821887921395,11.080491890881,25.546494660296,14.2956138353728,29.2400456460137,0,0,0,0,47.2944288032652,117.219043080526,55.5135072043522,114.454839092311,0,0,0,0,0,0,0,0,0,0,411.324253857717,209.561468595806,440.826866849488,425.555175109234
"145",2002,170,12,3014.49095469672,2543.11098744866,707.730700676148,1336.58755091295,276.143189103632,449.681859961219,0,0,0,0,0,0,0,0,0,0,0,0,1.16943435936781,2.26524938195292,0.550686125675535,0.902511526159552,0,0,0,0,0,0,0,0,0,0,6594.20224041309,5809.98809879059,1269.692209129,2708.18025001304,891.787967150514,1732.33457302405,0,0,253.359795322206,223.229033909919,48.948565793854,104.421640286883,34.3815118784876,66.7880286782814,0,0,22016.6574689792,19483.5202413768,4401.27616276458,9304.46968987332,3179.36566120012,6083.59669601807,0,0,845.914906987528,748.588032734281,171.047193098325,362.266838021288,124.457393744072,238.497365930329,0,0,0,0,9.04738701722016,19.6220898533612,7.03246114942458,13.5195406139337,0,0,0,0,0,0,0,0,0,0,297.971553163835,278.325492725828,177.925882662753,395.502606428016,211.358322261416,427.312619817469,0,0,11.4485432958365,10.6937105500556,6.83737756950331,15.1956947916614,8.11158167535796,16.3963484100329,0,0,274.451103098723,256.924484786832,288.701919194424,665.625835985484,374.588910310022,766.995276259052,0,0,10.5448499340433,9.8714496072779,11.0927034210882,25.5701551145733,14.3747503805525,29.4267156949481,0,0,0,0,47.3711449136331,117.447275694102,55.848910408925,115.258613899918,0,0,0,0,0,0,0,0,0,0,415.109454221695,211.419852346924,448.060839412212,433.509007185014
"146",2002,170,12.0833333333333,3002.27183545086,2530.66232499051,707.016658218147,1334.85138615077,275.322901193751,448.239349732374,0,0,0,0,0,0,0,0,0,0,0,0,1.16790569773284,2.2617160522422,0.549450858585809,0.900293620276831,0,0,0,0,0,0,0,0,0,0,6617.3920685708,5821.17839005936,1277.70186848099,2724.96126512388,901.278890186549,1752.39986327092,0,0,254.250785604486,223.658982795635,49.2574324824943,105.068922822794,34.7474653358576,67.561709715659,0,0,21966.3867181335,19406.4108125527,4402.19272715272,9304.69196816561,3193.54437547105,6116.4256321289,0,0,843.983429268796,745.625364642061,171.083890605186,362.280595088753,125.014308999468,239.788615262942,0,0,0,0,9.06118972621009,19.6502182786273,7.07363701914717,13.6114829064031,0,0,0,0,0,0,0,0,0,0,298.896202771966,278.666043019302,178.980111286849,397.748449387294,213.554253803843,432.061099507165,0,0,11.4840698172225,10.7067950363703,6.87798927107246,15.2822210648152,8.19601931686933,16.5788913537827,0,0,273.652924398709,255.720355740096,289.012442601727,666.202151387093,376.62524528789,771.786607773019,0,0,10.5141826400625,9.82518504278156,11.1047984693421,25.5926992834761,14.4531721688387,29.6111390041324,0,0,0,0,47.4443872342192,117.66471379963,56.1795923720902,116.05182534327,0,0,0,0,0,0,0,0,0,0,418.911128183028,213.294035204404,455.367575632508,441.593003732955
"147",2002,170,12.1666666666667,2990.11614847254,2518.34708114085,706.236778062418,1332.99970608075,274.485679018567,446.76638991895,0,0,0,0,0,0,0,0,0,0,0,0,1.16642665451211,2.25826572352788,0.548171196053039,0.897998299792954,0,0,0,0,0,0,0,0,0,0,6640.49469718002,5832.26349285453,1285.67596608069,2741.64649246805,910.766722338661,1772.48902818959,0,0,255.138425540665,224.084890171981,49.5649326443275,105.712520739935,35.1133021964528,68.3363165175018,0,0,21916.5236882429,19329.9689562969,4402.99669988981,9304.64493863662,3207.59071126064,6149.04352580978,0,0,842.067616774129,742.688345763632,171.116141692617,362.283652666184,125.565944174601,241.071399016703,0,0,0,0,9.07506566468489,19.6782722148924,7.11458265035419,13.7031166216953,0,0,0,0,0,0,0,0,0,0,299.821773231994,279.014364371714,180.0343686075,400.002135179767,215.755218714778,436.842606161382,0,0,11.519631719148,10.7201780992059,6.91860306184763,15.369051146837,8.28065308812763,16.7627082914867,0,0,272.869326415092,254.531380179254,289.319712706693,666.758104615394,378.645534710425,776.541715121478,0,0,10.4840755603326,9.77950269946882,11.1167689004343,25.614462438313,14.5309812551518,29.7941799623998,0,0,0,0,47.5144448529919,117.873061735346,56.5059918201889,116.837376486356,0,0,0,0,0,0,0,0,0,0,422.72458737355,215.170536671839,462.738282966245,449.749978299688
"148",2002,170,12.25,2978.02311836223,2506.16273733383,705.393414308393,1331.03653794857,273.631414082488,445.263030905697,0,0,0,0,0,0,0,0,0,0,0,0,1.16497119894654,2.25485361928896,0.546849964830061,0.895629874340515,0,0,0,0,0,0,0,0,0,0,6663.51952933672,5843.25344558598,1293.6165039643,2758.24014324174,920.253476566672,1792.60526715539,0,0,256.02307641273,224.507141730718,49.8711428395815,106.352595135232,35.4790995801613,69.1119715260917,0,0,21867.0579858988,19254.1824443889,4403.68950723299,9304.3315556734,3221.50344257042,6181.44696028832,0,0,840.167070172727,739.776506271107,171.144002569705,362.27612756719,126.112251343755,242.34558212989,0,0,0,0,9.08896228774477,19.7061649173609,7.15529970021238,13.7944398406767,0,0,0,0,0,0,0,0,0,0,300.747881373312,279.36939863578,181.087807045276,402.260085416002,217.960144706846,441.652524797281,0,0,11.5552142795859,10.7338190828514,6.95918634306282,15.4560474852105,8.3654417861302,16.947622069707,0,0,272.09926837961,253.357383895712,289.623166463972,667.294824082018,380.649275320983,781.262511315752,0,0,10.4544887068777,9.73439588396639,11.1285930391932,25.635487817494,14.6081582451196,29.9759118016081,0,0,0,0,47.5813973921383,118.072471326617,56.8280789255123,117.615160854889,0,0,0,0,0,0,0,0,0,0,426.549841013463,217.049405437065,470.173054063767,457.98033455996
"149",2002,170,12.3333333333333,2965.99233293878,2494.10710893962,704.48893133274,1328.96595251367,272.760068188107,443.729423255343,0,0,0,0,0,0,0,0,0,0,0,0,1.16351841956412,2.25144360350217,0.545489266916766,0.893191674160675,0,0,0,0,0,0,0,0,0,0,6686.47339455068,5854.15597187711,1301.52480414967,2774.7451376196,929.740484453199,1812.75074955311,0,0,256.905000621366,224.926034225808,50.1761135457101,106.989257590995,35.8449084623356,69.8887576766213,0,0,21817.9811861876,19179.0408908446,4404.27289621782,9303.75548092473,3235.28169515267,6213.63316552009,0,0,838.281465766498,736.889447118289,171.167541889815,362.258164104138,126.653196300099,243.611054816788,0,0,0,0,9.10283711923551,19.7338263718172,7.19578923830925,13.8854502524238,0,0,0,0,0,0,0,0,0,0,301.674212763798,279.730221959849,182.139769685435,404.519418712212,220.168205282888,446.487095697226,0,0,11.590805417552,10.7476824914489,6.99971384155865,15.5430993052577,8.45035364610641,17.1334883593939,0,0,271.341889464051,252.198232257059,289.922313182063,667.813140106635,382.636043160374,785.950448785763,0,0,10.4253890053062,9.68985942348115,11.1402519882143,25.6558072014615,14.6846867805888,30.1563900696308,0,0,0,0,47.6453178857239,118.263086962957,57.1458301663617,118.385084113698,0,0,0,0,0,0,0,0,0,0,430.386893777748,218.930683366808,477.671948846006,466.284400611687
"150",2002,170,12.4166666666667,2954.0236430748,2482.17825843876,703.525686898128,1326.79202983457,271.871661276337,442.165799328415,0,0,0,0,0,0,0,0,0,0,0,0,1.16205138770295,2.24800630601458,0.544090709734244,0.890686355259245,0,0,0,0,0,0,0,0,0,0,6709.36124641984,5864.97710297113,1309.40170210779,2791.16346166813,939.228572589639,1832.92686662834,0,0,257.784388491728,225.341799387261,50.4798765784242,107.622583864229,36.2107604389208,70.6667280540748,0,0,21769.2863026256,19104.5352657978,4404.74882967571,9302.92086481788,3248.92485943192,6245.59986719853,0,0,836.410535124117,734.026821363181,171.186836687355,362.229925618806,127.188755175402,244.867726696508,0,0,0,0,9.11665537227119,19.7611994141256,7.23605188627883,13.9761452599157,0,0,0,0,0,0,0,0,0,0,302.600501884039,280.096017144235,183.189729997516,406.777764601767,222.37873835965,451.343190973923,0,0,11.6263949313664,10.7617369268792,7.04016529391767,15.6301154613055,8.53536321709453,17.3201870807664,0,0,270.596463676318,251.053809118712,290.216728730458,668.313675413075,384.605490716085,790.606648864145,0,0,10.3967485618452,9.64588885555207,11.1517294059153,25.6754443912939,14.7605534327599,30.3356576028382,0,0,0,0,47.7062742561394,118.445047257398,57.4592270672491,119.147061822768,0,0,0,0,0,0,0,0,0,0,434.235746842231,220.814406684716,485.235003892098,474.662447238868
"151",2002,170,12.5,2942.11712556516,2470.37446413206,702.506024054807,1324.51884353618,270.966267577322,440.572467330994,0,0,0,0,0,0,0,0,0,0,0,0,1.16055670974479,2.24451838099342,0.542655493031398,0.888116015611713,0,0,0,0,0,0,0,0,0,0,6732.18641605975,5875.72140297754,1317.24761820694,2807.49629738277,948.71812758456,1853.13431973689,0,0,258.661368010603,225.754612575461,50.7824478324139,108.252618874499,36.5766702197186,71.4459092763675,0,0,21720.9675956902,19030.6577199764,4405.11944666658,9301.83226452202,3262.43256011196,6277.34523535841,0,0,834.554057724491,731.188327424114,171.201970846726,362.191591304415,127.718913263144,246.115524801446,0,0,0,0,9.13038904247934,19.7882382420874,7.27608787715138,14.0665220261757,0,0,0,0,0,0,0,0,0,0,303.526524978028,280.466063778683,184.237271850681,409.033196678737,224.591218496523,456.218231653784,0,0,11.6619742239661,10.7759547098283,7.08052467860309,15.7170218681536,8.62045029539507,17.5076192207672,0,0,269.862383696778,249.924009972074,290.506051371567,668.796878457053,386.55734309217,795.23195221783,0,0,10.3685440423076,9.6024801647912,11.1630113467737,25.6944164901456,14.8357475563419,30.5137464631332,0,0,0,0,47.7643298997485,118.618485770962,57.7682558076497,119.901018805929,0,0,0,0,0,0,0,0,0,0,438.09639820282,222.700606374161,492.862235158051,483.114694294067
"152",2002,170,12.5833333333333,2930.27302892001,2458.6941736521,701.432261477256,1322.15044130288,270.044008898798,438.949801210187,0,0,0,0,0,0,0,0,0,0,0,0,1.15902387201045,2.24096142022157,0.541184532571112,0.885482360095875,0,0,0,0,0,0,0,0,0,0,6754.95098862987,5886.39230287101,1325.06266290559,2823.74421624026,958.209194194575,1873.37325968267,0,0,259.536019293152,226.164605613943,51.0838313165138,108.879384127825,36.9426393923851,72.2263068370578,0,0,21673.020287284,18957.4013233173,4405.38700566703,9300.49452503513,3275.80460867127,6308.86780172225,0,0,832.711849986,728.373699036901,171.213032903017,362.143351595632,128.243663175161,247.354390365837,0,0,0,0,9.14401556896638,19.8149062189393,7.31589713761578,14.1565775352914,0,0,0,0,0,0,0,0,0,0,304.452089450114,280.839722731409,185.28205859733,411.284132023178,226.805215002213,461.110064856009,0,0,11.6975358955186,10.7903112838308,7.12077902815997,15.8037576372654,8.70559831589062,17.6957021191109,0,0,269.139136267897,248.808732178936,290.789976360765,669.263072244616,388.491392696409,799.826989578368,0,0,10.3407557265223,9.55962940767393,11.1740860542335,25.7127357798889,14.9102610870249,30.6906806541748,0,0,0,0,47.8195445342023,118.783532001679,58.0729065451807,120.646887970689,0,0,0,0,0,0,0,0,0,0,441.968843207147,224.589308848759,500.553642544348,491.641320523254
"153",2002,170,12.6666666666667,2918.49173436822,2447.13597069061,700.306686527584,1319.6908307672,269.105049547215,437.298233067717,0,0,0,0,0,0,0,0,0,0,0,0,1.15744474384184,2.237321124309,0.53967854719023,0.882786817218746,0,0,0,0,0,0,0,0,0,0,6777.65607328208,5896.99233925117,1332.84671215388,2839.90731817221,967.701547140264,1893.64338891563,0,0,260.408384954763,226.571875962922,51.3840220462116,109.502883047278,37.3086591772885,73.00790902407,0,0,21625.4403563072,18884.7598776563,4405.55384426727,9298.91269411249,3289.04096899525,6340.16639948816,0,0,830.883757412095,725.58269805807,171.220114481306,362.085404869724,128.763003508081,248.584276487028,0,0,0,0,9.15751683911461,19.8411742320532,7.35547935089075,14.2463086377488,0,0,0,0,0,0,0,0,0,0,305.377026366602,281.216424496736,186.323812006892,413.529259106606,229.020363415874,466.016874524986,0,0,11.733073455322,10.8047847675677,7.16091761983364,15.8902723070372,8.79079325682319,17.8843660419883,0,0,268.42628432365,247.707869100615,291.068250618086,669.712488953235,390.407493086242,804.392232643586,0,0,10.3133668217176,9.51733248697103,11.1849437562816,25.7304110520515,14.9840883062564,30.8664780761217,0,0,0,0,47.8719748378959,118.940312149079,58.3731729256684,121.384609464248,0,0,0,0,0,0,0,0,0,0,445.853074918912,226.480536467969,508.309212877652,500.242470615454
"154",2002,170,12.75,2906.77372732187,2435.69855068493,699.131550529477,1317.14396963406,268.149592201793,435.618247089626,0,0,0,0,0,0,0,0,0,0,0,0,1.15581317825225,2.23358663092252,0.538138120030764,0.880030622102306,0,0,0,0,0,0,0,0,0,0,6800.30199946412,5907.52332776561,1340.59946189288,2855.98533234885,977.194744690675,1913.94403768464,0,0,261.278477653346,226.976493382479,51.6830081344734,110.123104838884,37.6747124832984,73.7906898398682,0,0,21578.2243902578,18812.7277799927,4405.62235083515,9297.09196144049,3302.14173212425,6371.24011860433,0,0,829.069648889514,722.815109211293,171.223309198686,362.017955086601,129.276937863203,249.805146388418,0,0,0,0,9.1708784152121,19.8670194062403,7.39483400821192,14.3357120871472,0,0,0,0,0,0,0,0,0,0,306.301185143061,281.595659945664,187.362298538718,415.767485441618,231.236346990205,470.937115192797,0,0,11.768581117682,10.8193555994883,7.20093144811603,15.9765238315102,8.87602292852243,18.0735516395646,0,0,267.723453707004,246.621307274473,291.340666725947,670.145294375629,392.305551457789,808.928031663908,0,0,10.2863629521857,9.47558504326613,11.1955764351048,25.7474485476364,15.0572255536824,31.0411519690478,0,0,0,0,47.9216749620572,119.088949749886,58.6690517155239,122.114130048089,0,0,0,0,0,0,0,0,0,0,449.74908436761,228.374307964276,516.128921707541,508.91826037815
"155",2002,170,12.8333333333333,2895.11957307772,2424.38070016948,697.909064870677,1314.51375741764,267.17787418846,433.910374099905,0,0,0,0,0,0,0,0,0,0,0,0,1.15412466756072,2.22974993403256,0.536563749050514,0.877214885056735,0,0,0,0,0,0,0,0,0,0,6822.88848406715,5917.98651046239,1348.32047421887,2871.97770317631,986.688174730108,1934.27423073616,0,0,262.146286511407,227.37850559409,51.9807725628289,110.740027790376,38.0407756752832,74.5746115592661,0,0,21531.369458954,18741.2999061146,4405.5949406986,9295.03760705774,3315.10709449426,6402.08826679136,0,0,827.269411836505,720.070735616074,171.22271174105,361.941209786924,129.785474001649,251.016971905362,0,0,0,0,9.18408887091765,19.8924239974442,7.43396045278932,14.4247845705744,0,0,0,0,0,0,0,0,0,0,307.224429069629,281.976972200727,188.397317773857,417.997892982099,233.45288130841,475.869455544499,0,0,11.8040536299877,10.8340062256299,7.24081278026036,16.062476866876,8.96127638251223,18.2632077797329,0,0,267.030321724592,245.548924416781,291.607057671851,670.561608459269,394.185521764791,813.434646625076,0,0,10.2597317195352,9.43438237822231,11.2059776253112,25.763852746795,15.1296709635899,31.214712110361,0,0,0,0,47.9686969680969,119.229566216464,58.9605424810018,122.835402550066,0,0,0,0,0,0,0,0,0,0,453.656860756981,230.270638823926,524.01273480097,517.668781134095
"156",2002,170,12.9166666666667,2883.52989769338,2413.18128056206,696.641398170562,1311.80402923557,266.19016424391,432.175186881979,0,0,0,0,0,0,0,0,0,0,0,0,1.15237605803157,2.22580539988676,0.534955884581275,0.874340642971182,0,0,0,0,0,0,0,0,0,0,6845.41476230075,5928.38267105991,1356.00921313576,2887.88365755247,996.181091401538,1954.63274119666,0,0,263.011782144473,227.777942709467,52.2772945530832,111.353621851142,38.4068199802372,75.3596267959162,0,0,21484.8730158203,18670.4715192108,4405.47403812031,9292.75496159846,3327.93734070866,6432.71033822534,0,0,825.482948410094,717.34939527647,171.218417163882,361.855378548058,130.288623175125,252.219732268501,0,0,0,0,9.19713925189287,19.9173744882587,7.4728579162507,14.5135227331512,0,0,0,0,0,0,0,0,0,0,308.146631898129,282.359949828815,189.42869401041,420.219703279095,235.669703311181,480.812733869288,0,0,11.8394861415829,10.8487208380741,7.28055483334342,16.1481014327698,9.04654348995686,18.4532898380452,0,0,266.346608000921,244.490588621858,291.867291911237,670.961520861521,396.047398034127,817.912271295811,0,0,10.233462351295,9.39371942381193,11.2161422244169,25.7796269669021,15.201424208738,31.3871657381867,0,0,0,0,48.0130911864973,119.362281282677,59.2476473286091,123.548385422439,0,0,0,0,0,0,0,0,0,0,457.576391619662,232.169541615223,531.960609159576,526.494103167987
"157",2003,170,13,2872.06276190247,2402.12954759753,695.367272877814,1309.07993083148,265.184926578235,430.407628363549,0,0,0,0,0,0,0,0,0,0,0,0,1.15056172146056,2.2217354321355,0.533311226261644,0.871397358314608,0,0,0,0,0,0,0,0,0,0,6867.87070665652,5938.69329408957,1363.66873604913,2903.69852299794,1005.66557008154,1974.99191772165,0,0,263.874575437478,228.174093334698,52.5726907798327,111.963704531243,38.7725398772298,76.1446694340042,0,0,21438.7528913497,18600.2092635518,4405.30044881434,9290.28577786837,3340.60955025182,6463.02058405308,0,0,823.710943687194,714.649806611854,171.211988404203,361.762038538581,130.785488117376,253.410064337874,0,0,0,0,9.20999118373367,19.9417301510341,7.51147311074824,14.6017301101712,0,0,0,0,0,0,0,0,0,0,309.064702578906,282.737661672869,190.45463586352,422.422998563813,237.88161791093,485.746765151002,0,0,11.8747598894002,10.8632331306819,7.32008871298175,16.2330163276677,9.13162479596412,18.6430230747157,0,0,265.671637148507,243.44532933065,292.120526788644,671.341184366833,397.888436848936,822.350153394558,0,0,10.2075288980014,9.35355888960351,11.2260378001615,25.7946232612515,15.272379890815,31.5581000355462,0,0,0,0,48.0547382150803,119.486420860161,59.5299542166239,124.251397359912,0,0,0,0,0,0,0,0,0,0,461.511630394344,234.077902160145,539.980620410746,535.426605073157
"158",2003,170,13.0833333333333,2861.60935655982,2391.69799465834,694.650145229375,1307.28862201293,264.139407398066,428.528491163153,0,0,0,0,0,0,0,0,0,0,0,0,1.14872423741139,2.21750081968302,0.531574049032218,0.868210237272187,0,0,0,0,0,0,0,0,0,0,6890.064489752,5948.57596660261,1371.34525793284,2919.33850358192,1015.01477624906,1994.90794773168,0,0,264.727296075622,228.553801416715,52.8687278497803,112.567016202247,39.1330474473058,76.9126327041532,0,0,21393.3623452131,18530.0986705438,4405.67670959883,9288.2147415446,3352.77655836969,6491.71275323513,0,0,821.966970475088,711.95604507488,171.226483221929,361.68318826411,131.262473204593,254.536743226384,0,0,0,0,9.22230881928542,19.9637408449831,7.54899050019728,14.6863921666975,0,0,0,0,0,0,0,0,0,0,309.934446822228,283.012455931628,191.452993450196,424.476372106613,240.016007639635,490.389276726529,0,0,11.9081768581999,10.873791165078,7.35856283359927,16.3121714645665,9.21373262263493,18.8215735678268,0,0,265.001235386643,242.400223044915,292.35870413826,671.642138996327,399.667958037108,826.57497118977,0,0,10.1817709963328,9.31340423412606,11.2353545673995,25.8065951972284,15.3409764137764,31.7208632732524,0,0,0,0,48.0912189649341,119.590150720212,59.8011644291974,124.919105007125,0,0,0,0,0,0,0,0,0,0,465.523925170699,236.102328124059,548.197887298706,544.968138252483
"159",2003,170,13.1666666666667,2851.21762189903,2381.38555718337,693.877938381062,1305.40534699299,263.08855016,426.638804996554,0,0,0,0,0,0,0,0,0,0,0,0,1.14698881326219,2.21345263564442,0.529810426275999,0.8649775389193,0,0,0,0,0,0,0,0,0,0,6912.1094337801,5958.3110522813,1378.97125713165,2934.84782111198,1024.3344213254,2014.78917949719,0,0,265.574298078779,228.92783897654,53.1628220141718,113.16529980944,39.4924191912016,77.6792621723265,0,0,21348.4027649591,18460.6526547392,4405.96886980335,9285.94802200926,3364.83300431793,6520.21318058056,0,0,820.239555599594,709.287817664107,171.23766669642,361.596560000471,131.735026452878,255.655690030004,0,0,0,0,9.23471454991873,19.9857574666895,7.58627535441785,14.7706890053294,0,0,0,0,0,0,0,0,0,0,310.806442427838,283.296213115127,192.452729470248,426.540870314688,242.157012898136,495.067067198851,0,0,11.9416803278772,10.8846935693845,7.3970905388073,16.3917556459422,9.29609676790838,19.0014835741911,0,0,264.344236171175,241.369040182564,292.596726186918,671.931906762902,401.433538476108,830.765145034347,0,0,10.1565280417837,9.27378453885801,11.2446651797163,25.818136954536,15.4090398187573,31.8823020547566,0,0,0,0,48.1254689121466,119.686919608641,60.0682388464651,125.578783754501,0,0,0,0,0,0,0,0,0,0,469.547506060314,238.128752829923,556.478045365287,554.584379487421
"160",2003,170,13.25,2840.88601956387,2371.18923339352,693.05259730483,1303.43328282767,262.032032029903,424.738325020868,0,0,0,0,0,0,0,0,0,0,0,0,1.14532357160215,2.20953558120943,0.528023941954721,0.861704706800334,0,0,0,0,0,0,0,0,0,0,6934.02154407155,5967.91426406737,1386.55069107482,2950.2351921206,1033.62890718455,2034.64327483275,0,0,266.416196397349,229.296809730522,53.4551249379831,113.758889464881,39.8508239157962,78.4448515359345,0,0,21303.8587574007,18391.8548799072,4406.1768996612,9283.48531838643,3376.7766326557,6548.516781044,0,0,818.528107630498,706.644496715327,171.245538314185,361.502144382092,132.203061105028,256.766707294433,0,0,0,0,9.2471570956138,20.0076906735514,7.62332872265457,14.8546180752105,0,0,0,0,0,0,0,0,0,0,311.679950039626,283.587608199472,193.452460358524,428.611665551325,244.302357596256,499.773025239063,0,0,11.975241891189,10.895889434064,7.43561861797466,16.4715832743987,9.37862978180997,19.1824800239542,0,0,263.699489944565,240.351460275372,292.833852488666,672.211214138217,403.184874541147,834.923182667951,0,0,10.1317558665194,9.23468749089732,11.2539411472248,25.8292763578798,15.4765583603158,32.0425124357207,0,0,0,0,48.1575451432689,119.776850337524,60.33116185483,126.230360601769,0,0,0,0,0,0,0,0,0,0,473.58240192415,240.157236399445,564.821252209567,564.275822234111
"161",2003,170,13.3333333333333,2830.6135085958,2361.10644127337,692.176141342676,1301.37576612596,260.969614575793,422.826927302044,0,0,0,0,0,0,0,0,0,0,0,0,1.14370250017674,2.20570428030306,0.526217241290546,0.85839590278406,0,0,0,0,0,0,0,0,0,0,6955.81306464642,5977.39799090453,1394.0864552928,2965.50722955286,1042.90155887754,2054.47612309209,0,0,267.253461466166,229.66118968169,53.7457475513517,114.348038597712,40.2083891221021,79.2096265179442,0,0,21259.7176970148,18323.691411236,4406.30135734229,9280.82762130745,3388.60579396087,6576.61959541884,0,0,816.832141475664,704.025546830696,171.250120363422,361.399982219238,132.666514010415,257.869641515528,0,0,0,0,9.25959493941187,20.0294683055516,7.66015163395602,14.9381774015276,0,0,0,0,0,0,0,0,0,0,312.554354553021,283.885489441054,194.451123972476,430.684916192449,246.450293899008,504.501432054393,0,0,12.0088379148349,10.9073345072852,7.47410621358967,16.5515066419777,9.46126449925537,19.3643433043326,0,0,263.066067082318,239.347243906482,293.069422877903,672.480498459602,404.921652816003,839.050932129553,0,0,10.1074187528841,9.19610389146496,11.2631570620421,25.8400301136722,15.5435199077612,32.2015651349736,0,0,0,0,48.1875014232732,119.860065111806,60.5899272169755,126.87378150024,0,0,0,0,0,0,0,0,0,0,477.62862823893,242.187829275577,573.22757606708,574.042813900449
"162",2003,170,13.4166666666667,2820.39945669085,2351.13497160894,691.250615864721,1299.23620606151,259.9011302719,420.904586529442,0,0,0,0,0,0,0,0,0,0,0,0,1.14210456773904,2.2019218377257,0.52439224699094,0.855054290799183,0,0,0,0,0,0,0,0,0,0,6977.49322035078,5986.7719424321,1401.58059846883,2980.66884217836,1052.15482037096,2074.29215151951,0,0,268.086447718566,230.021351889915,54.0347682967103,114.932935267269,40.5652085097798,79.97375676514,0,0,21215.9692908778,18256.1504410269,4406.34322044919,9277.97685353312,3400.31929328276,6604.51852283594,0,0,815.151261665134,701.430514339458,171.251451391646,361.290150495868,133.125339688535,258.964372633822,0,0,0,0,9.27199462882596,20.051032406984,7.69674497326093,15.0213652967318,0,0,0,0,0,0,0,0,0,0,313.429141616667,284.188855777871,195.447901980686,432.757564566164,248.599479213896,509.247695125003,0,0,12.0424486366142,10.9189903266448,7.51252183945618,16.6314081676972,9.543949318273,19.5468970414711,0,0,262.44321591531,238.356207379659,293.302858979855,672.739984433075,406.643574389355,843.149724617828,0,0,10.0834878205517,9.15802668265747,11.2722906572431,25.850406752144,15.6099128816916,32.3595110253252,0,0,0,0,48.2153878773506,119.936682914069,60.8445351030983,127.509005695492,0,0,0,0,0,0,0,0,0,0,481.686193072599,244.220574090921,581.697036042919,583.885608533565
"163",2003,170,13.5,2810.24353093778,2341.27289434365,690.278071727977,1297.01804364491,258.826469818003,418.971356775025,0,0,0,0,0,0,0,0,0,0,0,0,1.14051269240188,2.1981581229163,0.522550373166454,0.85168232479476,0,0,0,0,0,0,0,0,0,0,6999.06899605518,5996.04383402164,1409.03454987878,2995.72367560678,1061.39046568109,2094.09465843525,0,0,268.915423524446,230.377592792109,54.322241853527,115.513719079,40.9213500740184,80.7373686227027,0,0,21172.6049832318,18189.221754303,4406.30376130681,9274.93560619437,3411.91628264186,6632.21112625504,0,0,813.485139473624,698.85900676577,171.249581379146,361.172752148945,133.579506157746,260.05080647547,0,0,0,0,9.28432895557618,20.0723360686771,7.7331094749503,15.1041802426725,0,0,0,0,0,0,0,0,0,0,314.303873253778,284.496827600923,196.442148600262,434.827135793216,250.748859170292,514.008067626092,0,0,12.0760572287591,10.9308230961583,7.55084064221756,16.7111926682781,9.62664370676673,19.7299973298288,0,0,261.830316801495,237.378197681142,293.533657752914,672.989756306472,408.350372806087,847.22052387405,0,0,10.0599392618871,9.12044998544108,11.2813225596633,25.860409403098,15.6757269458037,32.5163868719207,0,0,0,0,48.2412517015514,120.006819971775,61.094990746986,128.136003152214,0,0,0,0,0,0,0,0,0,0,485.755098563432,246.25550696117,590.229615593504,593.804389169295
"164",2003,170,13.5833333333333,2800.14565023808,2331.51851869459,689.260554802591,1294.72473147533,257.745577061419,417.027363587709,0,0,0,0,0,0,0,0,0,0,0,0,1.13891326580536,2.19438897582081,0.520692620059673,0.848281876791218,0,0,0,0,0,0,0,0,0,0,7020.54546975596,6005.21967851175,1416.44921823896,3010.67430243799,1070.60969128871,2113.88595512099,0,0,269.740583988547,230.730143411147,54.6082029304879,116.090488478266,41.276859649485,81.5005505735167,0,0,21129.617701929,18122.8965013841,4406.18449240684,9271.70702339609,3423.39621552493,6659.69555097307,0,0,811.833503178507,696.310684090685,171.244569627685,361.047911597557,134.028993171119,261.128871589839,0,0,0,0,9.29657614591542,20.0933420153539,7.76924572716548,15.1866208450179,0,0,0,0,0,0,0,0,0,0,315.178177520856,284.808634388627,197.433361988576,436.891652530038,252.897618626139,518.779525664262,0,0,12.1096494006066,10.9428032111542,7.58904330183789,16.7907840819969,9.70931632104471,19.9135280192596,0,0,261.226862831984,236.413082830467,293.761386419004,673.229788501018,410.041819011386,851.263993269778,0,0,10.0367536006436,9.08336872891486,11.2902360957161,25.8700369745064,15.7409531981977,32.672217909907,0,0,0,0,48.2651375008334,120.070590028639,61.3413038981809,128.75475355915,0,0,0,0,0,0,0,0,0,0,489.835341510906,248.292658024422,598.825267744287,603.799277248528
"165",2003,170,13.6666666666667,2790.10592148473,2321.87033890543,688.200093596852,1292.35970923725,256.65844142959,415.072792554517,0,0,0,0,0,0,0,0,0,0,0,0,1.13729551267129,2.19059513614779,0.51881969854979,0.844854405168595,0,0,0,0,0,0,0,0,0,0,7041.92626725524,6014.30418376958,1423.82512548476,3025.52248186562,1079.81324361807,2133.6675672887,0,0,270.562068419983,231.079184630815,54.89267139762,116.663310708187,41.6317657993534,82.2633609627485,0,0,21087.0015112274,18057.1668871512,4405.98709344015,9268.29464701848,3434.75878290756,6686.97040823592,0,0,810.196124719675,693.785246813175,171.236481935998,360.915768728227,134.473789734185,262.198514727767,0,0,0,0,9.30871876050744,20.1140206880769,7.80515417528666,15.2686857692344,0,0,0,0,0,0,0,0,0,0,316.051734169487,285.123596984616,198.421144003006,438.949517433322,255.045114628144,523.559601668177,0,0,12.1432128477012,10.9549045773584,7.62711448514974,16.8701209523514,9.79194243148051,20.097394318999,0,0,260.632433135633,235.46073898262,293.985676519071,673.459986805212,411.717728069847,855.280582338505,0,0,10.0139146662818,9.04677815475503,11.2990170635228,25.879285736884,15.8055844308605,32.8270211684326,0,0,0,0,48.2870877352576,120.128104670616,61.5834880200915,129.365244807756,0,0,0,0,0,0,0,0,0,0,493.926914241494,250.332052241456,607.483922575032,613.870345667419
"166",2003,170,13.75,2780.12459510415,2312.32699657282,687.09869078242,1289.92638677169,255.565092366912,413.107880978026,0,0,0,0,0,0,0,0,0,0,0,0,1.13565100800456,2.18676143076436,0.51693211544968,0.841401070744988,0,0,0,0,0,0,0,0,0,0,7063.2138778315,6023.30102821399,1431.1624997625,3040.26934095989,1089.0015103566,2153.44037964363,0,0,271.379972460816,231.424857781846,55.175655853956,117.232228763518,41.9860833178197,83.0258335406919,0,0,21044.7513708153,17992.0259550074,4405.71336124817,9264.70230916781,3446.00386812822,6714.03469261223,0,0,808.572810440879,691.282427649576,171.225388661871,360.776474725947,134.913892354126,263.259697632187,0,0,0,0,9.3207428939983,20.134348840364,7.84083513176254,15.3503737021013,0,0,0,0,0,0,0,0,0,0,316.92426459229,285.441114518032,199.405173815934,440.999431803781,257.190831483079,528.346266552451,0,0,12.1767368655025,10.9671041083517,7.66504183175269,16.9491533017085,9.87450219703821,20.2815182737245,0,0,260.046674502397,234.521043043431,294.206217546032,673.680215454731,413.377960459273,859.270586419268,0,0,9.99140888790987,9.01067353348631,11.3076534886751,25.8881503649823,15.8696151804225,32.9808077618295,0,0,0,0,48.3071430633252,120.17947361167,61.821559719951,129.967471918945,0,0,0,0,0,0,0,0,0,0,498.02980522151,252.373710006385,616.205492052741,624.017627866456
"167",2003,170,13.8333333333333,2770.20203197109,2302.8872526071,685.958317241412,1287.42813195579,254.465594835017,411.132911251875,0,0,0,0,0,0,0,0,0,0,0,0,1.13397328241476,2.18287610446933,0.515030235400657,0.837922821790936,0,0,0,0,0,0,0,0,0,0,7084.40988853006,6032.21306520548,1438.46134430053,3054.91550995187,1098.17459063976,2173.20474741241,0,0,272.194357087863,231.767272494915,55.4571562700126,117.797266580302,42.3398159222757,83.7879817391753,0,0,21002.862956934,17927.4674258892,4405.36517353067,9260.93405301589,3457.13151275209,6740.88771892982,0,0,806.963394216985,688.801985348148,171.211363316224,360.630189004581,135.349303715213,264.312394588747,0,0,0,0,9.33263754589974,20.1543084270091,7.87628879066111,15.4316833297859,0,0,0,0,0,0,0,0,0,0,317.795524250164,285.760653869047,200.385189816169,443.04033546037,259.334349070468,533.137840517011,0,0,12.210212058428,10.9793813208176,7.70281525828455,17.0278403205909,9.95697944813889,20.4658353387272,0,0,259.469287890456,233.593868682902,294.422750057172,673.890315571082,415.02241987728,863.23419028971,0,0,9.96922477586583,8.97505001130784,11.3161353599218,25.8966246472397,15.9330416447623,33.1335845657662,0,0,0,0,48.3253426289517,120.224804962064,62.0555383105128,130.561436220447,0,0,0,0,0,0,0,0,0,0,502.143999528543,254.41764765856,624.989873290701,634.241124615092
"168",2003,170,13.9166666666667,2760.33867562732,2293.54996371154,684.7809072289,1284.86826073422,253.360045333142,409.148205056951,0,0,0,0,0,0,0,0,0,0,0,0,1.13225748357682,2.17893024429884,0.513114331370419,0.834420463584268,0,0,0,0,0,0,0,0,0,0,7105.5151812333,6041.04249470009,1445.72149503259,3069.46123634035,1107.33235487239,2192.96059287707,0,0,273.005256184457,232.10651329585,55.7371661987703,118.358433413226,42.6929585481111,84.5498023732724,0,0,20961.3325119045,17863.4855628375,4404.9444586728,9256.99406644369,3468.14188749197,6767.52906806456,0,0,805.367731672529,686.343699485656,171.194481393917,360.477076633141,135.78003155022,265.356590319972,0,0,0,0,9.34439408542552,20.173885656911,7.91151524153449,15.5126133207328,0,0,0,0,0,0,0,0,0,0,318.665296253097,286.081740473543,201.360974550023,445.071356145499,261.475316682185,537.93291795844,0,0,12.2436300932172,10.9917179812435,7.74042637954576,17.1061484232471,10.0393606817972,20.6502914968475,0,0,258.900017072595,232.679083474174,294.635059663011,674.090120160939,416.651050573225,867.171503450997,0,0,9.94735248549309,8.93990250016761,11.3244543984246,25.9047020628225,15.995861581152,33.2853555725673,0,0,0,0,48.341724305645,120.264205455028,62.2854454320375,131.147144633294,0,0,0,0,0,0,0,0,0,0,506.269479255753,256.463877936754,633.836951233322,644.540809700891
"169",2004,170,14,2750.48975545676,2284.20286571467,683.636811233628,1282.35661217506,252.059870073603,406.701173451886,0.194750124276936,0.44662493624151,0,0,0,0,0,0,0,0,0,0,1.13051554337639,2.17490414605915,0.510802026646674,0.829970007718618,0.000394911916352875,0.000911905599346715,0,0,0,0,0,0,0,0,7126.54734666642,6049.75902176952,1452.9676907552,3083.91374596627,1115.63943663736,2210.24517657166,0.866649063069215,2.44008865427545,273.81334561439,232.44141620506,56.0166382756603,118.916003311066,43.0133035257154,85.2163436191496,0.0334135236231385,0.0940779857875024,20920.1474819604,17799.8879318183,4404.5668837266,9252.97553154399,3476.42747500698,6786.38707055721,2.69117585890805,7.46598354950446,803.78534047201,683.900176438611,171.179211049306,360.320683047184,136.103989922626,266.095396761395,0.105362212486602,0.292745108552215,0,0,9.35611851096063,20.1929167485155,7.94055892523478,15.5757867140794,0.00615054574273324,0.0171447508352117,0,0,0,0,0,0,0,0,319.545698853656,286.392906901659,202.343009275765,447.081014676974,263.427908757816,542.108441665801,0.200737588575635,0.5873798082243,12.277456572506,11.0036734926352,7.77827805520721,17.183636303188,10.1145109595949,20.8109682097504,0.00770745549225133,0.0225488471887701,258.33883423707,231.774846962866,294.846252164632,674.273750856452,417.949741023487,870.109721999361,0.32370797601673,0.957591234530461,9.92579094822249,8.90516028686457,11.3327299400577,25.9121565988414,16.0460154671354,33.3987799582345,0.0124278525155923,0.0367566863511737,0,0,48.3568838766648,120.296798854371,62.4644164322368,131.577743462087,0.0483951283634553,0.14484554810209,0,0,0,0,0,0,0,0,510.392383536841,258.520768887702,642.716235295109,654.958180078683
"170",2004,170,14.0833333333333,2740.50392763919,2274.56051651879,682.658185764645,1280.096140859,250.16635122044,402.832718043719,0.998942000506154,2.28898212869937,0,0,0,0,0,0,0,0,0,0,1.12882014246267,2.17084394117683,0.507279271947293,0.822602279761222,0.00203199970036447,0.00468605536624233,0,0,0,0,0,0,0,0,7147.64964139604,6058.37668701294,1460.28985157369,3098.3597887396,1121.27136121259,2219.63316811611,4.60334531507031,12.9599727879995,274.624129524043,232.772520684817,56.2990327709772,119.473302933869,43.2305042546729,85.5784228134077,0.177481957356884,0.499675129299601,20879.1699800452,17736.1620840268,4404.45445685342,9249.02032811921,3476.26023102227,6780.78532870002,14.0229236209012,38.8987937749303,802.210922774881,681.45172710408,171.174127431252,360.166361955139,136.096894773952,265.87486816546,0.549035689157208,1.52529207422795,0,0,9.36810677227067,20.2111932819962,7.95031494624433,15.5828539945531,0.032168587658053,0.0896442901763249,0,0,0,0,0,0,0,0,320.460566352517,286.671115275853,203.351813976794,449.050286231404,264.773115566363,544.281899067339,0.986313182163489,2.89060416637162,12.3126072482272,11.0143627028947,7.81715903236394,17.2595725650039,10.166341637574,20.8947905845143,0.0378705992499816,0.110968389740421,257.780959959708,230.868794891682,295.058303961224,674.406372094161,418.216733822074,869.863112943275,1.68679797776186,4.98624260300762,9.90435653094053,8.8703483168596,11.3410379238534,25.9176493626759,16.0565603565027,33.3899561286344,0.0647607198248408,0.191397442615922,0,0,48.3719034051659,120.320022478573,62.4886808364864,131.527970659071,0.253144624587056,0.75695429091063,0,0,0,0,0,0,0,0,514.482259155391,260.60670342954,651.549256372085,665.565538651966
"171",2004,170,14.1666666666667,2730.50730474449,2264.96629920483,681.616235966646,1277.72981248013,248.299569928631,399.029757768815,1.77506326378994,4.06399034389249,0,0,0,0,0,0,0,0,0,0,1.12713004774506,2.16681077715399,0.503800075347113,0.815346443385009,0.003621255113004,0.00834060295563288,0,0,0,0,0,0,0,0,7168.76697105259,6066.99640545333,1467.60902569471,3112.77764224541,1126.91790741394,2229.04272965273,8.46382358570598,23.8266464630473,275.435491099632,233.103704051686,56.5813094163495,120.029509588002,43.4482656306238,85.9413279809805,0.326324800878796,0.918647759031575,20838.4047367715,17672.8901825593,4404.23380137253,9244.83202630678,3476.08258836569,6775.20079005544,25.3170866772798,70.2207678520011,800.644660340476,679.020719119429,171.164813232042,360.002853978632,136.089262189624,265.654728712235,0.991273530955928,2.75356409245938,0,0,9.38001267517043,20.2292633717904,7.96003871216128,15.5899161483675,0.0582933977770513,0.162403470705541,0,0,0,0,0,0,0,0,321.368797722157,286.952812543143,204.352426844141,451.017037844642,266.106450290974,546.455966387372,1.68589466645256,4.94739960065308,12.3475029532025,11.0251859620132,7.85572541280377,17.3354127306343,10.2177176262947,20.9786382374434,0.0647327059537968,0.189930180148061,257.2263685301,229.965474044865,295.261540904542,674.505738773626,418.466723893012,869.566207502875,3.03353740593182,8.96208325620707,9.88304824581442,8.83564128487462,11.3490064830596,25.9218625629412,16.0664519773649,33.3791995415962,0.116467220546309,0.344015530097889,0,0,48.3850094724226,120.337120323414,62.5095971020347,131.471607953261,0.458704854610963,1.37036370450714,0,0,0,0,0,0,0,0,518.583784246193,262.69467619759,660.426715426612,676.216821460062
"172",2004,170,14.25,2720.51348599574,2255.4300000872,680.516441229916,1275.26736144108,246.45942912084,395.291845347293,2.52378091240645,5.77333909178755,0,0,0,0,0,0,0,0,0,0,1.12542783136916,2.16277261212656,0.500364612973328,0.808202373160436,0.0051626133123388,0.0118762836771295,0,0,0,0,0,0,0,0,7189.82908195146,6075.55963421617,1474.90394771103,3127.12231971944,1132.56053511857,2238.43565824823,12.44102207504,35.0199393758296,276.244731082247,233.432716994806,56.8626512201464,120.582894926487,43.6658754262316,86.303591475972,0.479671071218417,1.35022190490054,20797.9017313246,17610.1121760574,4403.91861058594,9240.43917448151,3475.90227997923,6769.64831009034,36.5777308619838,101.443562063713,799.088473449156,676.608687375311,171.151800238627,359.831270977454,136.081398253819,265.435567899912,1.43223062524343,3.97800566425581,0,0,9.39181866546434,20.2470873139309,7.96973432438685,15.5969795093188,0.084531476204171,0.235445502123694,0,0,0,0,0,0,0,0,322.270945436451,287.237588185739,205.345884666762,452.98037663786,267.430068898898,548.630527635249,2.31508623097133,6.80115006568527,12.3821649143621,11.0361274972405,7.89401703811043,17.4111224694065,10.2687217310072,21.0625068106974,0.0888929777286332,0.26109988679385,256.678978600994,229.069498871449,295.460373072891,674.585885153141,418.706373722352,869.238707225191,4.35193030394175,12.8510197926161,9.86201665374876,8.80121648542078,11.3568050877688,25.9253354540884,16.0759460668822,33.3672663490689,0.167086749431506,0.493302077480119,0,0,48.3963609214731,120.34850855625,62.5273836134057,131.409109265885,0.665041682424938,1.98498442021457,0,0,0,0,0,0,0,0,522.696877900733,264.784711220098,669.348263725475,686.912012943876
"173",2004,170,14.3333333333333,2710.53371777985,2245.9594527371,679.363645885942,1272.71735597434,244.645683194287,391.618272384932,3.24576060947516,7.41871070811077,0,0,0,0,0,0,0,0,0,0,1.12370037666904,2.15870513154631,0.496972831937402,0.801169590790899,0.00665620361715193,0.0152941825514475,0,0,0,0,0,0,0,0,7210.78164588092,6084.02169635913,1482.15847942012,3141.36003502341,1138.18552052771,2247.78406726649,16.5271131368754,46.5174872378138,277.049762095113,233.757842954608,57.1424379791798,121.132160512629,43.8828062812217,86.6641416497078,0.637220257754581,1.79353900610166,20757.6988895997,17547.8575901624,4403.51981441339,9235.8645049968,3475.7249225565,6764.13848943995,47.8086356704106,132.578010178094,797.543819274705,674.216766294029,171.135513265175,359.652499360443,136.073526647995,265.217809424198,1.87205101010381,5.19903013371963,0,0,9.40350845679927,20.2646283209139,7.97940247472341,15.6040435857017,0.11088732279774,0.308787160815178,0,0,0,0,0,0,0,0,323.167272425548,287.524873900198,206.332632926362,454.938692511672,268.745164617122,550.804261763794,2.88679913346756,8.48796610077923,12.4166032339031,11.0471654734495,7.93205102351282,17.4866398811832,10.3193997560218,21.1463455935472,0.110847209623773,0.325863928693813,256.141609881535,228.184296440856,295.658059266827,674.65736134295,418.940818429148,868.895873083828,5.63351175933815,16.6289040657704,9.8413700924784,8.76720559198572,11.3645589672401,25.9284734185625,16.0852397441676,33.3547423009108,0.216294287086732,0.638330029764508,0,0,48.4060900595836,120.354539044527,62.5422303098665,131.340868243582,0.872124146728556,2.60073708471385,0,0,0,0,0,0,0,0,526.821464286521,266.876828906553,678.313599200623,697.651076761376
"174",2004,170,14.4166666666667,2700.57737422305,2236.56094350895,678.162175835385,1270.08741628165,242.857980109645,388.008141326835,3.94166392479304,9.00177392239133,0,0,0,0,0,0,0,0,0,0,1.12193801492921,2.1545902206081,0.49362449132996,0.794247313216298,0.00810231821205962,0.0185956762274643,0,0,0,0,0,0,0,0,7231.58281800545,6092.34875285171,1489.36047035581,3155.46569078371,1143.78284629198,2257.06798809923,20.7138699840317,58.2957707620896,277.848976392733,234.077781781426,57.4202025633309,121.676341449101,44.098673119034,87.0222108321263,0.798656410470682,2.24769582715873,20717.8246983203,17486.1478174595,4403.04618250169,9231.12621982745,3475.5545132725,6758.67868914396,59.0132557787675,163.634013906512,796.011792322904,671.845777812867,171.116293480118,359.46724986905,136.065807944208,265.00175063161,2.31086637314165,6.41701541189777,0,0,9.41506737216892,20.2818533069995,7.98904166115158,15.6111036356046,0.137363504484368,0.382439087725116,0,0,0,0,0,0,0,0,324.057832296418,287.814003947282,207.312725868271,456.889991813574,270.052283273609,552.975169168335,3.41169151932809,10.0378352321871,12.4508199714913,11.0582743118738,7.96982944344842,17.5618883130438,10.3697726195242,21.2300777544165,0.131004677242261,0.385373639477413,255.616224449639,227.312353866609,295.85691989073,674.727886727392,419.173926588118,868.549304712078,6.87261888987668,20.2795167418453,9.8211839481756,8.73370416344822,11.3723572897035,25.9315730704,16.0944815135105,33.3420726311076,0.26387240674994,0.778476732409349,0,0,48.4143077724735,120.355511745503,62.55430402164,131.267229678998,1.07992377760624,3.21755023082955,0,0,0,0,0,0,0,0,530.957469548773,268.971045154306,687.322442283116,708.433940114199
"175",2004,170,14.5,2690.65234472905,2227.2395383102,676.91593322641,1267.38439133772,241.09589462655,384.460422384149,4.6121462858414,10.5241790855552,0,0,0,0,0,0,0,0,0,0,1.1201338140851,2.15041470328531,0.490319199535725,0.787434500323008,0.00950138459733707,0.0217823815409633,0,0,0,0,0,0,0,0,7252.20046278203,6100.51536520414,1496.50083748836,3169.42084952445,1149.34530675566,2266.27343598856,24.9929537692557,70.3309322585793,278.641139276153,234.391556087802,57.6955956065272,122.214728533288,44.3131988147948,87.3772611142723,0.96365917248923,2.7117758395393,20678.3003114854,17424.9979590559,4402.50480934411,9226.23902319699,3475.39382686122,6753.27384054058,70.1947002909604,194.620483556586,794.493205364602,669.496302140442,171.094417171274,359.276097567746,136.058355031046,264.787594000303,2.74879523427245,7.63230163793276,0,0,9.42648251410656,20.2987332826696,7.99864908830766,15.6181525571243,0.163960790935884,0.456406266415692,0,0,0,0,0,0,0,0,324.942532362558,288.104261355213,208.285975166577,458.832136063943,271.351557915832,555.140948845249,3.89854715549604,11.4756189520076,12.4848115659634,11.069426465311,8.00734504318425,17.6367855305741,10.4198453682737,21.3136148371148,0.149702678999446,0.440583541837403,255.10412292537,226.455421082188,296.058522919671,674.802913208355,419.408532593152,868.207624084283,8.06577882301406,23.7928667254047,9.80150819274453,8.70077943505087,11.3802603077766,25.9348438941965,16.1037801777205,33.3295882829837,0.309687773294672,0.913358641828059,0,0,48.4211077553469,120.351684939757,62.563752860187,131.188498905978,1.28841400907177,3.83535845040453,0,0,0,0,0,0,0,0,535.104819517192,271.067370800565,696.374519317003,719.260485206168
"176",2004,170,14.5833333333333,2680.76533401838,2217.99933541981,675.628470311557,1264.61449654788,239.358953363732,380.973996610458,5.25785552382413,11.9875547906737,0,0,0,0,0,0,0,0,0,0,1.11828301402509,2.14616933901347,0.48705644698446,0.780729900113098,0.0108539420848407,0.0248561113834251,0,0,0,0,0,0,0,0,7272.61000930734,6108.50261332317,1503.57285316408,3183.21216401241,1154.86781760151,2275.39091724698,29.3561254560159,82.5993814354675,279.425306691975,234.698438933497,57.9683581852587,122.746808027496,44.5261877039287,87.7289270625063,1.1319119257451,3.18487251233736,20639.1411786292,17364.4182451757,4401.90148803396,9221.21491565459,3475.24471900816,6747.92706245525,81.3557269776863,225.545321235568,792.988651996031,667.16873233826,171.070110204876,359.079512600504,136.051244903252,264.57547113797,3.185942707386,8.8451904836632,0,0,9.4377427945696,20.3152434281264,8.00822128609475,15.6251821687116,0.190678338232023,0.530688623273067,0,0,0,0,0,0,0,0,325.821180727644,288.39491118674,209.252052703389,460.762997276172,272.642871333856,557.299244348149,4.3545914945389,12.8218906494607,12.5185706443561,11.0805936962966,8.04458518831384,17.7112496864369,10.4696134232973,21.3968662173901,0.167218672163545,0.492283516475843,254.606097546489,225.614670735033,296.263840670306,674.886093817926,419.646636479794,867.877054911653,9.21121361254447,27.1638082280518,9.78237326522885,8.66847646178335,11.3883053819171,25.9384262484584,16.1132125045916,33.3175281374004,0.35367213235601,1.04277823056334,0,0,48.4265698858724,120.343283374067,62.5707096957821,131.104949241821,1.49756968934317,4.45410087330711,0,0,0,0,0,0,0,0,539.263438139397,273.165811372364,705.469552486226,730.130546537474
"177",2004,170,14.6666666666667,2670.92208896319,2208.84365646479,674.303045842093,1261.78341859054,237.646653054578,377.547687456069,5.87943089831802,13.3935056157113,0,0,0,0,0,0,0,0,0,0,1.11638258741057,2.14184804022869,0.483835634016861,0.774132089760488,0.0121606220910724,0.0278188375281012,0,0,0,0,0,0,0,0,7292.79283356243,6116.29667801623,1510.5716089867,3196.83019609001,1160.34689876809,2284.41431153357,33.7953925670608,95.0782178580841,280.200763075607,234.997899363033,58.2383012460204,123.272216331692,44.7375057377178,88.0769728204456,1.30310743665872,3.66610556469663,20600.3582729542,17304.4151037829,4401.24099076243,9216.06378840632,3475.10835138529,6742.64011722171,92.4987485669767,256.415438410063,791.49855382564,664.863315378912,171.043558878653,358.877883215118,136.044527409775,264.365460521013,3.62240072766274,10.0559457860854,0,0,9.44883886597791,20.3313629389803,8.01775450497516,15.6321840084326,0.217513899105119,0.605281691205303,0,0,0,0,0,0,0,0,326.693520179191,288.685223203743,210.210557349753,462.680548946242,273.925961898135,559.447788384363,4.78575083540261,14.0936280699134,12.5520873241546,11.0917479479142,8.08153443167484,17.7852028184122,10.5190666481957,21.4797446655011,0.183780224092002,0.541125386677106,254.122548778399,224.790821575848,296.473378287463,674.979662815974,419.889570851448,867.561900880265,10.308449820348,30.3909436926421,9.76379455215168,8.63682285919687,11.3965119171418,25.9424059686026,16.1228296324827,33.3060573630018,0.395807318401771,1.1666818669231,0,0,48.4307628577971,120.330504607052,62.5752948559286,131.016827760016,1.70736668670316,5.07371994272559,0,0,0,0,0,0,0,0,543.433246503061,275.266367069626,714.607254576934,741.043912242455
"178",2004,170,14.75,2661.1275890979,2199.7752067257,672.94267275709,1258.89640392098,235.958475472139,374.18028667342,6.47750234631377,14.7436103934732,0,0,0,0,0,0,0,0,0,0,1.11443086595078,2.13744720543456,0.480656095187434,0.767639512431123,0.0134221307972091,0.0306726578904141,0,0,0,0,0,0,0,0,7312.73490194901,6123.88765389002,1517.49356809252,3210.26843116052,1165.78024473775,2293.33994401559,38.3031224825115,107.745558312533,280.966969233763,235.289556795359,58.5052884237486,123.790702162254,44.9470639909232,88.4212564962402,1.47695221716573,4.15463356623698,20561.9591212011,17244.9920550315,4400.52730322866,9210.79391899613,3474.98537819986,6737.41378763362,103.625844014021,287.236787811947,790.023200043329,662.580186512269,171.014918992577,358.671534968196,136.038232507521,264.157602162235,4.05824847188235,11.2647947359884,0,0,9.45976302533419,20.3470748082591,8.02724501674361,15.6391499325838,0.244464029035597,0.680177254937407,0,0,0,0,0,0,0,0,327.559255772999,288.97448961033,211.161066660069,464.582931578363,275.200505605531,561.584507317786,5.19687815461571,15.3048192248669,12.5853502731316,11.1028620255135,8.11817650066498,17.8585733691937,10.5681925032875,21.5621703678066,0.199573683774072,0.587646180411092,253.653583445455,223.984243046993,296.687284317601,675.08476229525,420.138145637521,867.264959189203,11.3579868890242,33.4756891286241,9.7457761578779,8.60583282185743,11.4048856116319,25.9468269152227,16.1326626258173,33.2952832852628,0.43611252031825,1.28512393001736,0,0,48.4337464245614,120.313524410912,62.5776184201273,130.924360195096,1.91778155905832,5.69416038529779,0,0,0,0,0,0,0,0,547.614162121874,277.36903284019,723.787325450087,752.000326478556
"179",2004,170,14.8333333333333,2651.38618874082,2190.79619462897,671.550154231663,1255.95832543672,234.293897940379,370.870572765311,7.05269000479576,16.0394211252528,0,0,0,0,0,0,0,0,0,0,1.11242725282266,2.13296520418565,0.477517119434034,0.761250509638431,0.0146392347262835,0.0334197692049054,0,0,0,0,0,0,0,0,7332.42576419265,6131.26866966094,1524.33623523602,3223.52255309921,1171.16641092053,2302.165909233,42.8721121992556,120.580740834269,281.723523650185,235.573147224771,58.7692233796382,124.30209872144,45.1548066233791,88.7617042065042,1.65316921384913,4.64966180146877,20523.9485682938,17186.1503731933,4399.76379722488,9205.41233473655,3474.87608106676,6732.24814784684,114.738776475383,318.014414586667,788.562776799337,660.319394697822,170.984322528775,358.460744810175,136.032375508812,263.951908159343,4.49355303825597,12.4719298116351,0,0,9.47050907153219,20.362365499514,8.03668928117518,15.646072428041,0.271524294688153,0.755363994180146,0,0,0,0,0,0,0,0,328.418073859945,289.2620360551,212.103166957875,466.468480915898,276.466164102515,563.707566985557,5.59193682048524,16.4669594077852,12.6183474403864,11.1139100194353,8.15449545449846,17.9312972736656,10.616977892658,21.6440726932384,0.214751236279472,0.632287212171934,253.199088262455,223.195035010854,296.905439281371,675.201701941762,420.392766160594,866.987854854209,12.3610406618968,36.4215462871033,9.72831372981111,8.57551018663734,11.4134218600917,25.9517009545441,16.1427270071368,33.2852682171353,0.474634432568075,1.39823886587669,0,0,48.4355731311164,120.292500932366,62.5777819808802,130.827754703527,2.12879129630005,6.3153684053386,0,0,0,0,0,0,0,0,551.806098586911,279.473798587939,733.009451164246,762.999493713837
"180",2004,170,14.9166666666667,2641.70172602936,2181.90842338915,670.128111685881,1252.9737340896,232.652400893434,367.617324462683,7.60560388467527,17.2824622525329,0,0,0,0,0,0,0,0,0,0,1.11037199549945,2.12840196875687,0.474417967050608,0.754963349763182,0.0158127485345419,0.0360624438561225,0,0,0,0,0,0,0,0,7351.85778612322,6138.43521869105,1531.09790805871,3236.58989865428,1176.50457967533,2310.89156742479,47.4956291936975,133.564446609686,282.47013300785,235.848497499033,59.0300402534147,124.806302752986,45.3607018970352,89.0982907372894,1.83149938711917,5.15044697966614,20486.3293599189,17127.8895897868,4398.95336073007,9199.92508542369,3474.78046861008,6727.14276218429,125.839014815777,348.752517630333,787.117389587854,658.080921935681,170.951882688116,358.24575165796,136.026960959184,263.748370442335,4.92837026338742,13.6775111080432,0,0,9.4810721378346,20.3772245623317,8.04608402707477,15.6529447434996,0.298689476511463,0.830828103310384,0,0,0,0,0,0,0,0,329.269655345522,289.547228188722,213.036469329531,468.335732532186,277.722610663918,565.81538164865,5.97415367896953,17.5894683868465,12.6510665657982,11.1248675569637,8.19047630009501,18.0033181380557,10.6654101642382,21.7253905429546,0.229436781208518,0.675410100491015,252.758786210503,222.423090066789,297.127528225582,675.330170280024,420.653531437561,866.731316808768,13.3193402035729,39.2335222627589,9.71139662444467,8.54585082703194,11.4221085415477,25.9570160750227,16.1530265310188,33.2760400572935,0.511439453063973,1.50621890375427,0,0,48.4362896851923,120.267577980056,62.5758800296935,130.727204822158,2.34037311385937,6.93729103678694,0,0,0,0,0,0,0,0,556.008965455683,281.580649460454,742.273304741523,774.041084046523
"181",2005,170,15,2631.36548662451,2172.31277540869,668.670058469784,1249.99569937337,230.430466599085,363.036520231936,8.75969510040763,19.8831304678829,0,0,0,0,0,0,0,0,0,0,1.10830982476491,2.12383704504008,0.470127944275032,0.745934071218415,0.0182174073033423,0.0415038087457274,0,0,0,0,0,0,0,0,7371.28684011378,6145.56524345185,1537.72906580744,3249.54551716114,1178.72020200406,2310.71790171524,55.4189500362431,155.827904342566,283.216628332513,236.12244445246,59.2858442329589,125.306213187882,45.4462054216943,89.0917554796651,2.13706661145272,6.00905265111195,20448.9154648772,17069.8040411389,4397.88579259446,9194.39053856511,3465.57197820944,6696.42617645567,146.368334125681,405.636598477949,785.679890789725,655.849181979005,170.909600072345,358.028958537162,135.66470660457,262.540488970145,5.7323255652393,15.9081970555389,0,0,9.49179723503498,20.392346959235,8.03429454458282,15.6000067499125,0.347886951573708,0.967668477921301,0,0,0,0,0,0,0,0,330.155319483795,289.855227398401,213.988539780116,470.243682601294,278.281204252141,565.813008204633,7.06470694475786,20.7800495854686,12.6850952011597,11.1367013788344,8.22717899102229,18.076903843058,10.6870429326122,21.7256838748049,0.2713260941214,0.797944413137658,252.334022418548,221.668429907088,297.3548383923,675.475838383504,419.805825985386,863.165786203212,15.3789021693233,45.2919937868474,9.6950765237852,8.51685557649341,11.4309952420154,25.962990287046,16.1207594993883,33.139766432996,0.59053504423299,1.73884735284162,0,0,48.437854702371,120.242813907288,62.4073081909637,130.123298250398,2.72300586885662,8.06976857986789,0,0,0,0,0,0,0,0,560.170249123656,283.650814852441,751.456112407089,784.909916840904
"182",2005,170,15.0833333333333,2620.90160612118,2162.62156535909,667.161686001194,1246.94186645048,228.148916242817,358.327787203075,9.97756115964636,22.6196527459345,0,0,0,0,0,0,0,0,0,0,1.10619209232341,2.11920228891838,0.465707873345899,0.736622033497539,0.0207624062181365,0.0472445055878511,0,0,0,0,0,0,0,0,7390.6582917754,6152.63742766236,1544.32649789282,3262.44291613008,1180.40238887533,2309.01904354574,64.0728138437337,180.112034180368,283.960910483582,236.394169079447,59.5403460974406,125.803872216353,45.5111381259741,89.0264071177429,2.47081322431078,6.94560274919345,20411.6755723114,17012.0703005356,4396.69783879581,9188.68093724281,3454.85713780064,6661.5322494146,168.503500785446,466.886003997311,784.24907739643,653.630959055396,170.862649472703,357.805295775946,135.243370390927,261.168584442473,6.59917957922876,18.3100679395537,0,0,9.50225624517436,20.4070678303138,8.01893104033185,15.5370944790292,0.40110936166342,1.11549045657065,0,0,0,0,0,0,0,0,331.037033318571,290.162075998225,214.930243186697,472.134124470153,278.701156676716,565.413073956579,8.18436380323893,24.0540952174828,12.7189720594969,11.1484909924403,8.26348325148552,18.1498167412093,10.7033512411031,21.7107103341053,0.314334901802583,0.923689108674849,251.912832682674,220.920865597832,297.573876113201,675.605753200645,418.758874555581,859.025741975815,17.5865323035402,51.7703479251449,9.67889374399415,8.48813295988586,11.4395631593009,25.9683569292648,16.080839197123,32.9814284297517,0.67531940983255,1.98760557767657,0,0,48.438349804616,120.214190979644,62.2085565520645,129.431486270564,3.13655399208784,9.29116354887976,0,0,0,0,0,0,0,0,564.33314481901,285.716129984891,760.641133614844,795.752901154574
"183",2005,170,15.1666666666667,2610.45208950628,2152.98988047953,665.608913933985,1243.81093928999,225.918998384345,353.745733015924,11.1451722186341,25.2341717735853,0,0,0,0,0,0,0,0,0,0,1.10400772121819,2.114474794223,0.46138330493627,0.727549057435784,0.0232134343420702,0.0527514503523031,0,0,0,0,0,0,0,0,7409.8514281769,6159.55879979778,1550.87701203271,3275.22254906041,1182.09230085958,2307.36216306066,72.8611154903891,204.735936267759,284.698341477202,236.660099265335,59.7930375665216,126.29698919777,45.5763680759873,88.9626758040741,2.8097577288691,7.8952934889776,20374.6915777552,16954.7994690238,4395.44134617412,9182.81375805048,3444.3142535452,6627.1749014801,190.526794999134,527.731868558845,782.828095966203,651.43052184465,170.813014899947,357.575421929367,134.828657416394,259.817484367061,7.46168379459904,20.6961380826115,0,0,9.51240031611122,20.4212677718904,8.00385866927712,15.4751408348973,0.454368775220679,1.26317128493425,0,0,0,0,0,0,0,0,331.907471614435,290.462986848308,215.857827496512,473.997928052646,279.11023404315,565.001380825214,9.21346904014054,27.0600814727324,12.7524156935557,11.160052468211,8.29924473381156,18.2217057473145,10.7192417105637,21.6952834676193,0.35386811111138,1.03914696666498,251.499017984245,220.184093850484,297.788723267658,675.729608392526,417.723158128031,854.934499523201,19.7225327840551,58.0212412178522,9.66299432485366,8.45982501077545,11.4479691608185,25.9734885034371,16.0413480388551,32.8249567487798,0.757356094596506,2.22764003969791,0,0,48.4375497884819,120.181368232925,62.0099653015338,128.743644832081,3.54994484911463,10.5083943779461,0,0,0,0,0,0,0,0,568.507071695395,287.783609225994,769.848766860426,806.606309165055
"184",2005,170,15.25,2600.03229108005,2143.42900631858,664.017412149996,1240.6132234496,223.739836749424,349.287495538924,12.2640990174733,27.7308447516635,0,0,0,0,0,0,0,0,0,0,1.10175652483503,2.10965010871402,0.45715174664223,0.718709073808822,0.025572057478266,0.0580299403101846,0,0,0,0,0,0,0,0,7428.79596422259,6166.27267584032,1557.35924933073,3287.84059600778,1183.77161725951,2305.71170798959,81.7697583632678,229.658864176817,285.426220847597,236.918057119514,60.0430979236676,126.783880164016,45.6411912132613,88.8991952892519,3.15335817284553,8.85655830454282,20338.0142442781,16898.0311836767,4394.12988194439,9176.81746402116,3433.94876152153,6593.3613248404,212.444471738726,588.193531596218,781.418896897557,649.249393266468,170.761224036138,357.340447046718,134.420786062048,258.487483597007,8.32007809869425,23.0671518214004,0,0,9.52225027177027,20.4349558018491,7.98907177238148,15.4141318631797,0.507666225859402,1.41072064729072,0,0,0,0,0,0,0,0,332.766879907156,290.757832860482,216.772382089947,475.836250531784,279.510296500405,564.581090006482,10.1683758175785,29.8444396546591,12.7854355372133,11.1713809232159,8.33450526913692,18.2926152579253,10.7347857425151,21.6795246191817,0.390553766967549,1.1461008742553,251.096351647344,219.461549062238,298.003576231396,675.857566129471,416.705088009383,850.905503714925,21.7800512095382,64.0260075573145,9.647523243509,8.43206368419447,11.4563745380705,25.9787755478708,16.0025322145751,32.6708676333656,0.83638189901093,2.45823382535719,0,0,48.4355892808397,120.144737952003,61.8117701600808,128.060231965234,3.96314943551674,11.7214339410243,0,0,0,0,0,0,0,0,572.691889622286,289.85320995873,779.078600885758,817.469804053951
"185",2005,170,15.3333333333333,2589.65491901763,2133.9480472122,662.392133051143,1237.35770281774,221.610417051894,344.95001625233,13.3358840369065,30.1137377724267,0,0,0,0,0,0,0,0,0,0,1.09943979994143,2.10472715200017,0.453010864382185,0.710096185025538,0.0278400131279755,0.0630855334984829,0,0,0,0,0,0,0,0,7447.43893390896,6172.73705365796,1563.75746134157,3300.26505902171,1185.42739474519,2304.04299540307,90.7846132775605,254.840078536192,286.142513556212,237.166428852902,60.2899218209317,127.26331498227,45.7051099296485,88.8350166369578,3.50107121063455,9.82783049420768,20301.6812414309,16841.7940041437,4392.77398399673,9170.7142000366,3423.76374246806,6560.0940856083,234.262230771348,648.288680457788,780.022927515161,647.088670628198,170.707687224162,357.101236075637,134.019882813021,257.178696202894,9.17458124222406,25.4237905699603,0,0,9.53182161344948,20.4481359924629,7.97456273814514,15.3540491646344,0.561000290292871,1.55814040543482,0,0,0,0,0,0,0,0,333.615243962809,291.046309425271,217.67439263644,477.649208129374,279.902298258607,564.153693615441,11.0625509023487,32.445649315853,12.8180310435796,11.1824646538716,8.36928348558487,18.3625496549222,10.7500199180909,21.6634909765326,0.424909055869292,1.24602836193886,250.707398737739,218.755538198474,298.221368559614,675.996671816749,415.7092246108,846.948140515655,23.7554813534216,69.7751674006673,9.63257905388951,8.40493761744197,11.4648920411082,25.9844888176562,15.9645668505511,32.5195215174175,0.912258292599677,2.67902277509523,0,0,48.4325798046445,120.104628285684,61.6141696123973,127.381626392913,4.37614246003804,12.9302663631259,0,0,0,0,0,0,0,0,576.887459882757,291.924888007479,788.330266118715,828.343082438954
"186",2005,170,15.4166666666667,2579.3305808116,2124.55438300608,660.737447527525,1234.05229265263,219.529633504686,340.730118234166,14.3620384287564,32.3868195081585,0,0,0,0,0,0,0,0,0,0,1.09705988981544,2.09970731365552,0.448958435993322,0.701704613855367,0.0300191756511425,0.0679239821212945,0,0,0,0,0,0,0,0,7465.74076697789,6178.92124112152,1570.06018184633,3312.47293303976,1187.05070581287,2302.33940643738,99.8918773695776,280.239861733135,286.845699250449,237.404035224814,60.5330683176296,127.734408803081,45.767780820798,88.7695005739147,3.85236590094804,10.807582232077,20265.7201226911,16786.1079654424,4391.3818615837,9164.52126375152,3413.76052415308,6527.37233955925,255.985199362322,708.033306654762,778.641246468049,644.949123707196,170.652724572977,356.858465837393,133.62600566813,255.891102765662,10.0253901378749,27.7666710273803,0,0,9.54112609271187,20.4608096933517,7.96032305269111,15.2948721997888,0.614367347965035,1.70542547203459,0,0,0,0,0,0,0,0,334.452375656674,291.328002436797,218.563964108319,479.436297655487,280.286630149878,563.71967250979,11.9070672767721,34.8955522582698,12.8501949846023,11.193287749568,8.40358337596711,18.4314895013845,10.7649591602198,21.6472008478389,0.45735922423138,1.34015205847966,250.333801817183,218.067508220906,298.444030856179,676.15151443589,414.738649990918,843.068583017738,25.6476722632326,75.2662144153013,9.61822486584563,8.37850240510073,11.4735958670834,25.9908046596851,15.9275703059322,32.3711554866158,0.984941038721074,2.88991049124452,0,0,48.4286145247323,120.061316275368,61.4173320846255,126.708142920356,4.78890136126584,14.134883953219,0,0,0,0,0,0,0,0,581.093642347746,293.99859657502,797.603410491202,839.225849937362
"187",2005,170,15.5,2569.06820000363,2115.25401789235,659.057249341834,1230.70403361277,217.496323275342,336.62456376667,15.3440400053505,34.5539573691807,0,0,0,0,0,0,0,0,0,0,1.09461986492016,2.09459378202741,0.444992321913345,0.693528676639182,0.0321115259976327,0.072551174662768,0,0,0,0,0,0,0,0,7483.67230625985,6184.80329627404,1576.25921896698,3324.44806210025,1188.6356142943,2300.59028326172,109.078317871359,305.820208582661,287.534657665228,237.630033190176,60.7722222064205,128.196539796683,45.8289753687977,88.7022367780731,4.20673308550947,11.7943511412527,20230.1505884505,16730.9865151697,4389.95992453143,9158.25221506364,3403.93913033526,6495.19273492383,277.617938784053,767.441729535812,777.274610677196,642.831269181582,170.596586433034,356.612668009789,133.239161595251,254.624585513987,10.8726800792677,30.0963459937432,0,0,9.55017281277531,20.4729769562572,7.94634394900721,15.2365797185703,0.667761906377468,1.85256485063508,0,0,0,0,0,0,0,0,335.277975037994,291.602436657711,219.440969808108,481.196673961238,280.66334402629,563.278922413807,12.711014946565,37.2204576071488,12.8819158356938,11.2038319509262,8.43740002426009,18.4994022037902,10.7796053575405,21.6306500391687,0.488253355351828,1.42948212421147,249.976500049453,217.398251251281,298.672708725403,676.324770965636,413.79528366553,839.270498493021,27.457302379249,80.5018542277885,9.60449676355294,8.3527884817549,11.4825300370145,25.9978259325481,15.8916162939524,32.2259104112895,1.0544561568247,3.09100070579168,0,0,48.4237719435356,120.015038011795,61.2214015517942,126.040044451068,5.20140550855236,15.3352847147438,0,0,0,0,0,0,0,0,585.310293713621,296.074285657137,806.897685796038,850.11780813065
"188",2005,170,15.5833333333333,2558.87531256369,2106.05182826298,657.355029965394,1227.31923063608,215.509289869601,332.630093148069,16.2833322608732,36.6189160001631,0,0,0,0,0,0,0,0,0,0,1.09212330575925,2.0893910790534,0.441110448360031,0.685562772272759,0.0341191277263,0.076973090190888,0,0,0,0,0,0,0,0,7501.21269575318,6190.36821977782,1582.34894431274,3336.17963004704,1190.17846243984,2298.78947333009,118.331414851866,331.545231054093,288.208587479613,237.843846450446,61.0071667343001,128.6492912311,45.8885525789488,88.6329880017974,4.56369088697231,12.786755883634,20194.9860883127,16676.4378809657,4388.51315560715,9151.91765536213,3394.29859109151,6463.55003296857,299.164466432174,826.52666377773,775.923536898338,640.735423170382,170.539467806202,356.364259323466,132.859318602806,253.378952492079,11.7166055674211,32.4133068934412,0,0,9.55896894399051,20.4846373607236,7.93261676441889,15.1791505532074,0.721176917394692,1.99954262614914,0,0,0,0,0,0,0,0,336.09167176716,291.869107343392,220.305143121456,482.929317132953,281.032287757178,562.831006541995,13.4818167504633,39.4419979331611,12.9131793678142,11.2140778648506,8.47072313208871,18.5662484388934,10.7939525538033,21.6138215663498,0.517876498205317,1.51484912559972,249.635885599359,216.748050898393,298.907929085251,676.517616899721,412.880124327401,835.555582838362,29.1864251135776,85.4887192946958,9.59140981461233,8.3278067441076,11.4917147878207,26.0055977813552,15.8567431609099,32.0838514588655,1.12088246970533,3.28254793081574,0,0,48.4181185812382,119.965996008591,61.0265016078962,125.377550684575,5.61363564148343,16.5314705940631,0,0,0,0,0,0,0,0,589.537266556992,298.15190180271,816.212741034325,861.018648851407
"189",2005,170,15.6666666666667,2548.75835430812,2096.95180287828,655.633951476171,1223.90358812882,213.56732529954,328.74346128052,17.1813236935248,38.5853565175296,0,0,0,0,0,0,0,0,0,0,1.08957409269111,2.08410460971217,0.437310791040562,0.677801371423731,0.0360441036781756,0.0811957541158921,0,0,0,0,0,0,0,0,7518.34733283817,6195.60620565653,1588.32560625605,3347.66070340629,1191.67718782238,2296.93393808775,127.639484880567,357.381507564108,288.866927637604,238.045098244332,61.2377572491279,129.092395551497,45.946432760818,88.5616366685182,4.92278947431127,13.7835096212517,20160.2353751303,16622.4663939917,4387.04547156829,9145.52598255434,3384.83724164108,6432.43770396106,320.628283048054,885.299301659859,774.588361430552,638.661752083671,170.481522318297,356.113570821076,132.48641736505,252.153960771739,12.5573013351243,34.7179868716666,0,0,9.56752041907176,20.4957908153675,7.91913328797426,15.1225643903329,0.774604080320065,2.14633891697941,0,0,0,0,0,0,0,0,336.89306479564,292.127510351345,221.156167107027,484.633195310106,281.39323747063,562.375402962214,14.2255343320893,41.5779598930889,12.9439701720378,11.2240061213801,8.50354046189914,18.6319884120537,10.8079920309413,21.5966951637486,0.54646141853815,1.59693593167879,249.311955210024,216.116823794639,299.149758062497,676.730117423223,411.993477318611,831.924062822803,30.8380370993038,90.2361478882249,9.57896389389125,8.30355398904202,11.5011526413235,26.014122670381,15.8229626187672,31.9449873715327,1.18433502145819,3.46491057105344,0,0,48.4117115767508,119.914366359199,60.8327394072452,124.72084651701,6.02557338073206,17.7234459410892,0,0,0,0,0,0,0,0,593.774408477109,300.231387914803,825.54821555826,871.928048172997
"190",2005,170,15.75,2538.72284984907,2087.95720074122,653.896894939239,1220.46229945067,211.669223566091,324.961459800951,18.0393876008953,40.4568368168318,0,0,0,0,0,0,0,0,0,0,1.08697628306435,2.07874038582033,0.433591369791659,0.670239019980571,0.037888617598627,0.0852252035681943,0,0,0,0,0,0,0,0,7535.06654383991,6200.51151212204,1594.1868916398,3358.88730469997,1193.1308959429,2295.02288830329,136.991726315937,383.298211304216,289.509306461139,238.233567963152,61.463904376358,129.525698808758,46.0025811192012,88.4881516734972,5.28361281808523,14.7834249909333,20125.903509811,16569.0733429041,4385.55995244018,9139.08386903233,3375.5529063999,6401.84829167296,342.012410296769,943.769424383615,773.269278722529,636.610305433616,170.422871096039,355.860866389055,132.120378391157,250.949330670153,13.3948837731926,37.0107650191243,0,0,9.57583229231951,20.5064378215821,7.90588584487262,15.066801969428,0.82803415286372,2.2929308299373,0,0,0,0,0,0,0,0,337.68174452944,292.377158018463,221.993712871267,486.30732876092,281.745949557952,561.911596165865,14.9471000902875,43.6429218011701,12.9742725111088,11.2335979837185,8.53583931310913,18.69658432306,10.8217143100893,21.5792508086118,0.574197507323494,1.67630219736285,249.004409119776,215.504212222169,299.397919275733,676.961513690195,411.135128272477,828.375072941679,32.4157818489072,94.7553373231939,9.56714748406882,8.28001647246603,11.5108329502258,26.0233713840682,15.7902664125074,31.8092849340987,1.2449536959026,3.63851840708257,0,0,48.4046004476672,119.860303593156,60.6402083654383,124.070087806681,6.43720086499899,18.9112163666267,0,0,0,0,0,0,0,0,598.021561956892,302.312683360686,834.903738934985,882.845667531747
"191",2005,170,15.8333333333333,2528.77357099593,2079.07068330229,652.146501316723,1217.00012246098,209.813791329466,321.280934402276,18.8588621617977,42.2368125332144,0,0,0,0,0,0,0,0,0,0,1.08433401139449,2.07330479900771,0.429950244762484,0.662870343076914,0.0396548583391141,0.089067457935073,0,0,0,0,0,0,0,0,7551.36447984885,6205.08152303967,1599.93156446719,3369.85764998095,1194.5395140629,2293.05708724526,146.37823747222,409.267160341879,290.135499225761,238.409155090828,61.6855601496196,129.949131389578,46.0569944625401,88.4125616267411,5.64577940283676,15.7854160710684,20091.9926993287,16516.2576837705,4384.05903177742,9132.59665760509,3366.44304911023,6371.77370912108,363.319430313233,1001.94551889271,771.966373570261,634.581043110596,170.363610134702,355.606358111835,131.761107875818,249.764757292419,14.2294524354042,39.2919708172609,0,0,9.58390902662899,20.5165796551284,7.89286734696623,15.0118452075578,0.881457222130831,2.43929329333981,0,0,0,0,0,0,0,0,338.457310215257,292.617591252595,222.817469089607,487.950837548982,282.09020028998,561.43914562878,15.6505153817451,45.6488006456316,13.0040709874444,11.2428358128109,8.56760765779915,18.7600022008589,10.8351106760082,21.5614713600151,0.601238393229558,1.75340536980612,248.712733359457,214.90966102636,299.651891195125,677.210458826946,410.304484933731,824.906961833967,33.9237093060177,99.0586554416908,9.5559408376301,8.25717286445102,11.5207356403281,26.0332920969687,15.758631766301,31.6766807390624,1.30289398172747,3.80384615584345,0,0,48.3968285694941,119.803944761915,60.4489904328644,123.425406214025,6.84850048791436,20.0947879031557,0,0,0,0,0,0,0,0,602.278564375504,304.395724136868,844.278931088263,893.771154956388
"192",2005,170,15.9166666666667,2518.91466386423,2070.29442044889,650.385204632325,1213.52144063229,207.999855811272,317.69879748981,19.641050717699,43.9286384516084,0,0,0,0,0,0,0,0,0,0,1.08165141411665,2.06780444544931,0.426385514544561,0.655690050464697,0.041345026524961,0.0927284942923067,0,0,0,0,0,0,0,0,7567.23824032358,6209.31600532392,1605.55918391289,3380.57155543635,1195.90352727611,2291.03832281434,155.790009564754,435.262795296338,290.74539448803,238.571850671843,61.9027071848169,130.362685233909,46.1096910674451,88.3349345802144,6.00894196968376,16.788497563466,20058.502962061,16464.0166018772,4382.54464627235,9126.0686720728,3357.50488802952,6342.20546394894,384.551526431995,1059.83489791712,770.679646680396,632.573856968739,170.303816093182,355.350218319856,131.408502192061,248.599919337205,15.0610915914005,41.5618887148051,0,0,9.59175469992848,20.526218447424,7.88007129907533,14.9576772273776,0.934862942276685,2.58539978697033,0,0,0,0,0,0,0,0,339.219382317394,292.848387650692,223.627160990658,489.562969518514,282.425810059434,560.957725351348,16.3390159660513,47.6053113788051,13.0333510186767,11.2517033792567,8.59883487137323,18.8222129816692,10.8481741103904,21.5433440818542,0.627708297103729,1.82861832635958,248.436264874166,214.332478418772,299.910984795139,677.475205896747,409.500689925104,821.517534422078,35.3660893575973,103.159104362627,9.54531847894741,8.23499658537857,11.5308341955443,26.0438175981776,15.7280257146428,31.547090485146,1.35831981011526,3.96139287834516,0,0,48.3884343678115,119.745412737507,60.2591579387772,122.786913122051,7.25945471432696,21.2741664082241,0,0,0,0,0,0,0,0,606.545248184826,306.480443095187,853.673403126808,904.704146877582
"193",2006,170,16,2509.00466323515,2061.38944157748,648.628954323197,1210.12337372606,205.799606480795,313.236803431167,20.8190577503621,46.5129914764095,0,0,0,0,0,0,0,0,0,0,1.078946369979,2.0622605096793,0.422019988233306,0.646677944973361,0.043848587239142,0.0982355024365985,0,0,0,0,0,0,0,0,7582.9631886587,6213.46035284045,1610.88320473706,3390.85811562718,1194.74666037683,2281.85092098231,167.763883684842,468.489681517814,291.349572149919,238.731083130941,62.1081796601778,130.759793935713,46.0651927243936,87.980909289883,6.47091195484399,18.0704538863668,20025.8482199336,16412.635248946,4380.54391886429,9119.08466180817,3341.76973944194,6293.43245587175,412.765071045437,1137.19866451045,769.425001592393,630.599702993484,170.225340764977,355.07650412564,130.789819891293,246.682199714213,16.1659798196852,44.5951057823657,0,0,9.59942858543108,20.5353712414145,7.85113913121049,14.857788827373,1.00484017215081,2.77792720825886,0,0,0,0,0,0,0,0,339.988188117424,293.077137963071,224.423466518683,491.141069938216,282.177305144366,558.723877872968,17.5895837553935,51.211682194185,13.0628897693023,11.2604923318224,8.62954725306394,18.8831146623434,10.8387998612412,21.4579110704432,0.675769704774489,1.96719982262951,248.179523644368,213.77703287246,300.167311059897,677.740422398485,407.867623937299,815.639151801986,37.6085651477329,109.630233848194,9.5354540728982,8.21365547896946,11.5408254737165,26.0543585671814,15.6655660742644,31.3219127163776,1.44447904431231,4.20998673445727,0,0,48.3799597583882,119.685007654897,59.9456518091856,121.773075947084,7.79685215527873,22.8321974900804,0,0,0,0,0,0,0,0,610.806223040998,308.563238633905,863.049482060687,915.619437145996
"194",2006,170,16.0833333333333,2499.01673464713,2052.37026442969,646.85463400729,1206.74110960375,203.358784796654,308.235326908991,22.2464769282571,49.6501727701525,0,0,0,0,0,0,0,0,0,0,1.07621827993867,2.05670210173323,0.417149852477525,0.636528585705079,0.0468724526269905,0.104901135193422,0,0,0,0,0,0,0,0,7598.60877318742,6217.56150709981,1616.01248673532,3400.87534670743,1191.84303024605,2267.71976251315,181.660789475828,507.073871792229,291.95070052745,238.888656036026,62.3061565643095,131.146525628656,45.9533416161885,87.4362601383213,7.00704980641051,19.559032988416,19993.7459375419,16361.8924423469,4378.16344568268,9111.69694516332,3321.34822224482,6231.54723855441,445.858238455559,1227.99146704417,768.19158284659,628.650082994217,170.132256175893,354.787192479749,129.987657011918,244.250395616115,17.4618717272628,48.1546807401454,0,0,9.60666054432878,20.5438169796486,7.81102950082792,14.7265132241451,1.0865925498918,3.00297937513524,0,0,0,0,0,0,0,0,340.756026830439,293.301106358191,225.200028405487,492.680813314089,281.509932613915,555.255065686777,19.1452067233519,55.7049371224116,13.0923913628538,11.2690975554849,8.65950033195348,18.9425408338579,10.8133345610206,21.3250432269566,0.73555102501909,2.13984941386536,247.930819173273,213.231854667412,300.40993902844,677.979677306252,405.643777720454,808.015569252621,40.393360034203,117.681245154722,9.52589845190737,8.19270886023797,11.5502891506921,26.0638988144207,15.5804117258223,31.0297050537662,1.5514719120298,4.51926309791941,0,0,48.3709613464343,119.622002709253,59.5458900311707,120.500909504016,8.4238428284149,24.6536624482155,0,0,0,0,0,0,0,0,615.065812450143,310.645086649011,872.400042956295,926.494469238515
"195",2006,170,16.1666666666667,2489.05580927567,2043.41099455778,645.052809095333,1203.30733917084,200.992171103818,303.414259112998,23.6058038245629,52.620411436575,0,0,0,0,0,0,0,0,0,0,1.07345514310776,2.05111580178284,0.412419674887567,0.626727671946308,0.0497643247734871,0.111236864155535,0,0,0,0,0,0,0,0,7613.93000147054,6221.40566799948,1621.07026275241,3410.72116841992,1188.9857170111,2253.81737466924,195.641399729421,545.775794556646,292.539366619325,239.036354845255,62.50137097337,131.526641679075,45.8432752628843,86.9004285912467,7.54643919540141,21.0522181457852,19961.9136840431,16311.5910320113,4375.75575779071,9104.22465745659,3301.33446524919,6170.97626570497,478.694817382581,1317.79448779199,766.96853900127,626.717422149712,170.038095867042,354.494549555201,129.201393310467,241.869995383131,18.7477413353111,51.6754240827061,0,0,9.61340092560144,20.5515405099338,7.77168207094434,14.597854257643,1.16805841947468,3.22652983448048,0,0,0,0,0,0,0,0,341.507898962318,293.514532982538,225.956693195799,494.184976155898,280.843813555473,551.825720329438,20.5843837601737,59.8414008682092,13.121279494787,11.2772977474608,8.68868789996504,19.0005979222082,10.7879154001172,21.1936847769532,0.790862051358424,2.29880409003159,247.688799695207,212.695191366518,300.646419534069,678.209063643817,403.457020803036,800.529469331152,43.0819524675162,125.410412492975,9.51659967897806,8.1720893977477,11.559515370991,26.0730568002396,15.496677809069,30.7427646579594,1.65477396873822,4.8161930047008,0,0,48.3611180858513,119.55647617092,59.1513605965963,119.249861467073,9.04820425810186,26.4592370930633,0,0,0,0,0,0,0,0,619.334910750817,312.728487569227,881.747231931052,937.339586793816
"196",2006,170,16.25,2479.13956031289,2034.52498115679,643.229409943245,1199.83306599263,198.697829952816,298.767542690179,24.899715054984,55.4310109145069,0,0,0,0,0,0,0,0,0,0,1.07065617357238,2.04549369662594,0.407825462337303,0.617264008461324,0.0525276577614859,0.117253617064518,0,0,0,0,0,0,0,0,7628.85188105977,6224.93331005411,1626.03268171713,3420.34686790112,1186.15499186919,2240.10400710588,209.687405699633,584.543333853989,293.112689095755,239.171892494291,62.6929067143927,131.898270444309,45.734235387626,86.3718866900386,8.08837562323368,22.5480039252935,19930.4070947272,16261.7738741663,4373.33527499314,9096.69812160232,3281.72932577209,6111.70767418263,511.285376615649,1406.64480971228,765.758007653502,624.80336706471,169.943421037005,354.199758135118,128.431068386665,239.540548011718,20.0239976489455,55.1587775805377,0,0,9.61970491474761,20.5585892280049,7.73308055009466,14.4717602914366,1.24924108105888,3.44860654263139,0,0,0,0,0,0,0,0,342.243926210745,293.717300248447,226.69498313362,495.654955191777,280.18023044015,548.437593212332,21.9272897396562,63.68000204061,13.149558840922,11.2850883898438,8.71716838410998,19.0573394631418,10.7625916225917,21.0639030480187,0.842477707414514,2.44632691793467,247.457753560234,212.17085491214,300.881755886327,678.440853432777,401.314403285779,793.194620664972,45.6677064695248,132.800916383121,9.50772251937716,8.15194355242013,11.5686964659273,26.0823042198802,15.4146351304099,30.4616204781309,1.75413018079143,5.10012997419333,0,0,48.3505570302844,119.488823946056,58.7622361746374,118.020074701742,9.66996666981476,28.2492036023306,0,0,0,0,0,0,0,0,623.6133192171,314.813366256211,891.090816555171,948.155002643549
"197",2006,170,16.3333333333333,2469.28254462372,2025.72301451928,641.389521056485,1196.32773009486,196.47371552139,294.289061796146,26.1308033165083,58.0890088800682,0,0,0,0,0,0,0,0,0,0,1.06782221145925,2.03983194646233,0.403363349533009,0.608126597038611,0.0551660572521609,0.122962449478425,0,0,0,0,0,0,0,0,7643.31950040107,6228.10163313238,1630.88257268924,3429.71777283757,1183.33739653612,2226.5525155137,223.780831914064,623.325564506938,293.668558167019,239.293624533643,62.8801040395396,132.26007929695,45.6257044864775,85.8495905277013,8.63216724600109,24.0444302198814,19899.2666092638,16212.4712142378,4370.91282960061,9089.14020792046,3262.53101467039,6053.72470940547,543.639629302749,1494.57679455363,764.561542560382,622.909079816789,169.848653892837,353.903711809084,127.676618470847,237.261411036745,21.2910169378029,58.6060786891366,0,0,9.6256161969369,20.564998572032,7.69520735306526,14.348176126499,1.33014094310165,3.66922796685248,0,0,0,0,0,0,0,0,342.963971771853,293.909106940124,227.415702598021,497.090992304506,279.519632185893,545.090881721355,23.1905443887033,67.2696090011616,13.1772241450356,11.2924579094414,8.74497263153827,19.1127746153992,10.7373804295043,20.9357056237966,0.89103634816725,2.58429456642392,247.240533650253,211.661364788819,301.119425707949,678.683488413157,399.220585973637,786.01967132384,48.1477406838362,139.846671634515,9.49937658538979,8.13236812688031,11.5779661064288,26.0919655297178,15.3344627401015,30.1866048503787,1.8494297438211,5.37083981410954,0,0,48.3393823135067,119.419370518286,58.3786442310689,116.81159971727,10.2891630679599,30.0238495027344,0,0,0,0,0,0,0,0,627.900838916062,316.899646035722,900.430598847064,958.940947141822
"198",2006,170,16.4166666666667,2459.49680240355,2017.01382495974,639.537534466243,1192.79949236502,194.317719376063,289.972717340944,27.3015765177605,60.6011784580091,0,0,0,0,0,0,0,0,0,0,1.06495525471939,2.03412975899368,0.399029569034729,0.599304625398249,0.0576832356901754,0.128374456238225,0,0,0,0,0,0,0,0,7657.29366877716,6230.88088002654,1635.60792406999,3438.81001689418,1180.524157986,2213.14509691063,237.904424492255,662.07385692823,294.205468063089,239.400407643803,63.0625012755794,132.61115051168,45.51734499,85.3328549542301,9.17714980695643,25.5396247356875,19868.520781076,16163.7034717571,4368.49646532054,9081.56800310926,3243.7357852844,5997.00711126264,575.76643342529,1581.62209924369,763.380240790491,621.035344956936,169.754108554394,353.607079622945,126.937903210693,235.031804478856,22.5491427128564,62.0185610524534,0,0,9.63116958587326,20.5707955049525,7.65804456314034,14.2270453276659,1.41075587312452,3.88840425329426,0,0,0,0,0,0,0,0,343.667730718566,294.089539946874,228.119188281973,498.492632766275,278.861972356943,541.784886435011,24.3877935864466,70.6506249634829,13.2042636913423,11.2993904338801,8.77211351937807,19.1668857641279,10.7122799752684,20.8090656005984,0.937062088719355,2.71425856758363,247.038886491617,211.168245913435,301.361689298083,678.942376074976,397.178347124326,779.009269352022,50.5220079500826,146.549698662127,9.49162898135226,8.1134217108733,11.5874111599526,26.1022485459365,15.256267386557,29.917896507698,1.9406707256849,5.62839965787968,0,0,48.3276796936972,119.348382834978,58.0006757455341,115.624413277733,10.9058281449096,31.7834642436933,0,0,0,0,0,0,0,0,632.197268128374,318.987247684422,909.766393215425,969.697646427491
"199",2006,170,16.5,2449.79238212501,2008.40451925836,637.677284614747,1189.25548452134,192.227710344787,285.812488367254,28.4144581384065,62.9740325473971,0,0,0,0,0,0,0,0,0,0,1.06205806366512,2.0283885076336,0.394820430490042,0.590787466880049,0.0600829704361443,0.133500690084743,0,0,0,0,0,0,0,0,7670.74711830202,6233.25113528478,1640.20056187525,3447.60773214964,1177.70983401102,2199.87051663544,252.041942923401,700.742702977232,294.722371108177,239.491476641264,63.2397841079347,132.95087352964,45.4089472786179,84.82124714323,9.72269786410403,27.0318347737423,19838.1891598692,16115.4836606403,4366.09213006088,9073.99425590207,3225.33851940916,5941.53228388873,607.673817871338,1667.80976699109,762.214853475213,619.182662500569,169.660017858732,353.310362087568,126.214728463734,232.850856401423,23.7986866919577,65.3973578940093,0,0,9.63639327156267,20.5760013632206,7.62157463014366,14.1083119433587,1.49108161527589,4.10613858167985,0,0,0,0,0,0,0,0,344.354805194695,294.25813340942,228.805509386178,499.859086280607,278.206969559729,538.518512572837,25.5302491616862,73.8564780448237,13.2306621935712,11.3058680641013,8.79859364528628,19.2196423922364,10.6872793756708,20.6839408609224,0.980985539145105,2.83750254426683,246.853740432991,210.69228906854,301.609874278152,679.220616609965,395.189044389642,772.165074220028,52.7924825736724,152.917796412529,9.48451537590596,8.09513468752916,11.597082634902,26.1132723874838,15.1801012520165,29.6555594066427,2.02792884615452,5.8731085854563,0,0,48.3155205594426,119.276082601311,57.6283929090447,114.458434771418,11.5199973682642,33.5283363400655,0,0,0,0,0,0,0,0,636.502400502892,321.07608875751,919.098011195373,980.425308137784
"200",2006,170,16.5833333333333,2440.17767213329,1999.90085627941,635.812134024235,1185.70196769865,190.201557865795,281.802466601524,29.4717882821228,65.2138293362454,0,0,0,0,0,0,0,0,0,0,1.05913393288518,2.02261120042721,0.390732315068666,0.582564693156388,0.0623690738590297,0.138352105209348,0,0,0,0,0,0,0,0,7683.66214040072,6235.20033648193,1644.65533432071,3456.10132168036,1174.89150031372,2186.72245625369,266.178288493143,739.29007345728,295.218586910516,239.566368068361,63.4117542879833,133.278878661795,45.3003984757229,84.3145231667672,10.2682297434739,28.519441021539,19808.2840848562,16067.8188922206,4363.70410138427,9066.42826285257,3207.33307572358,5887.27598391091,639.369027408719,1753.16637104504,761.065854707316,617.35130567641,169.566549826389,353.013925510011,125.506859864504,230.717629749743,25.0399305005776,68.743507459806,0,0,9.64131015307542,20.5806333563667,7.58578060228388,13.991921134762,1.57111221145289,4.32242849333547,0,0,0,0,0,0,0,0,345.024746208537,294.414400863092,229.47456606858,501.189395796919,277.55421970974,535.290479471032,26.6270720351905,76.9146905128157,13.2564024007434,11.3118721093544,8.82440911063042,19.2710075690697,10.6623630253209,20.5602821301466,1.02315852214543,2.95508327700166,246.685386160296,210.233713989191,301.864574909479,679.519501437282,393.252935549365,765.486450313902,54.9626347536104,158.963027968044,9.4780469376702,8.07751549942006,11.6070033431842,26.125086637411,15.105974268371,29.3995693523721,2.11133728720522,6.10542945675221,0,0,48.3029644805854,119.20265419027,57.2618341230874,113.313536847749,12.1317063470451,35.2587514094758,0,0,0,0,0,0,0,0,640.816024481187,323.16608346997,928.425257820952,991.124119415224
"201",2006,170,16.6666666666667,2430.65971635659,1991.5075091173,633.945055226171,1182.14448405897,188.237153280104,277.936887154715,30.4758253348931,67.3265792776874,0,0,0,0,0,0,0,0,0,0,1.05618647455166,2.01680197498589,0.38676166984385,0.574626084947658,0.0645453651621343,0.142939504816631,0,0,0,0,0,0,0,0,7696.02833528148,6236.72238533828,1648.96933831777,3464.28582218518,1172.06799042816,2173.6979768161,280.299604063666,777.677691885801,295.693715893473,239.624847619435,63.5782999482719,133.594974246903,45.1916532687055,83.8125689987317,10.8132113915894,30.0009681271235,19778.8123929517,16020.7118029975,4361.33539165303,9058.87671124113,3189.71261728804,5834.21296300014,670.858574674518,1837.71617844856,759.933507172506,615.54137578293,169.473823342493,352.71803466474,124.814035577857,228.631147410852,26.2731276466874,72.0579592434312,0,0,9.64593911159834,20.5847060001071,7.55064635547873,13.8778197958273,1.65084039144042,4.53726712494593,0,0,0,0,0,0,0,0,345.677092781669,294.557865212447,230.126184045118,502.482599386819,276.903305963664,532.099526486474,27.6857362373147,79.8478959026625,13.2814666013312,11.3173842388695,8.84955315555952,19.3209441719778,10.6375148246675,20.4380408944371,1.0638680562292,3.06786976918979,246.533648434967,209.792324137275,302.125837836742,679.838979366137,391.369472076344,758.971098509189,57.0369436289169,164.700318279679,9.4722169337005,8.06055659523718,11.6171750415193,26.1376892615857,15.0338653903832,29.1498382477674,2.19106798684725,6.32593505191595,0,0,48.290061642329,119.128252187084,56.9010187147355,112.189555382862,12.7409903442742,36.9749906547049,0,0,0,0,0,0,0,0,645.137922821471,325.257142620605,937.747927527111,1001.79424423463
"202",2006,170,16.75,2421.24446834,1983.22827587442,632.078697066893,1178.58797938946,186.332425690131,274.210150265153,31.4287479746139,69.3180527841838,0,0,0,0,0,0,0,0,0,0,1.05321945315964,2.01096570395373,0.382905005764955,0.566961644056041,0.0666156468146821,0.147273498470386,0,0,0,0,0,0,0,0,7707.84081916366,6237.81564688229,1653.14130962974,3472.15961584977,1169.23931238033,2160.79634869873,294.393316553113,815.871142868212,296.147570414388,239.666852476266,63.7393721964778,133.899097208583,45.0827115121505,83.3153555857764,11.3571580261786,31.4750889176738,19749.7767797255,15974.1616890681,4358.98806840737,9051.34434447881,3172.46986366523,5782.31745707639,702.148298211714,1921.48133051189,758.817914439413,613.75284577498,169.381920559847,352.422878591737,124.135976124119,226.59041131043,27.4985057323012,75.3415808670976,0,0,9.65029600417458,20.5882321650318,7.51615671115421,13.7659569063926,1.73025792989732,4.75064433204875,0,0,0,0,0,0,0,0,346.311400633312,294.688080248639,230.760181298129,503.737840109646,276.253870992172,528.944545415601,28.7123348327741,82.6746985782158,13.3058377253566,11.322387308589,8.87401872261954,19.3694191097523,10.6127209596353,20.3171744941909,1.10334810757973,3.17657626162173,246.398022800496,209.367629678925,302.393313552033,680.17803494835,389.537534372228,752.615558111805,59.020514541996,170.146349491382,9.46700598197273,8.04423915477988,11.6275842549384,26.1510411526755,14.9637316299711,28.9062333674044,2.26731693635811,6.53526564161299,0,0,48.2768548063555,119.053007495912,56.5459507499305,111.086297513357,13.3478839321634,38.6773297931036,0,0,0,0,0,0,0,0,649.467872496467,327.349173675823,947.065802400997,1012.4358230427
"203",2006,170,16.8333333333333,2411.93696368674,1975.06622272851,630.215430095522,1175.03688687048,184.485351134145,270.616832391608,32.3326571892164,71.1937878027639,0,0,0,0,0,0,0,0,0,0,1.05023669247276,2.00510775154761,0.379158901457706,0.559561609454566,0.0685836866143257,0.151364471348002,0,0,0,0,0,0,0,0,7719.09904577107,6238.48196458406,1657.17123112964,3479.72360746565,1166.40629104385,2148.01834100362,308.448116615445,853.839800524411,296.580129484454,239.692453467923,63.8949700762647,134.19128146156,44.973604490562,82.8229115509088,11.8996333742885,32.9406217047272,19721.1766937704,15928.165250427,4356.66345974546,9043.83438692291,3155.59724388166,5731.5634776263,733.243424051092,2004.48203289832,757.719055322635,611.985588861014,169.290894855269,352.128587079542,123.472390353631,224.594413818611,28.7162688031199,78.5951653382913,0,0,9.65439426474067,20.5912235463312,7.48229735738585,13.6562834266396,1.80935599831772,4.96254778142408,0,0,0,0,0,0,0,0,346.927256475947,294.804640582425,231.376390749532,504.954392865946,275.605625944602,525.82458915836,29.7118186276095,85.4103525065822,13.3294998936528,11.3268657428101,8.89779932926687,19.4164043579284,10.5879702492923,20.1976464633742,1.14178876001958,3.28178830394479,246.277765337718,208.958928328209,302.666370884809,680.534967608333,387.755609453309,746.415582068304,60.9188172237396,175.318798313376,9.46238549992451,8.02853619509938,11.6382066779268,26.1650768590302,14.8955148812032,28.6685917675655,2.34029412256994,6.73409969468263,0,0,48.2633806446519,118.977031560744,56.1966217286792,110.003547342875,13.9524207089355,40.3660381962565,0,0,0,0,0,0,0,0,653.805645140721,329.442081092526,956.378655526041,1023.04897777444
"204",2006,170,16.9166666666667,2402.74147440589,1967.02381179752,628.357387453892,1171.49520250938,182.693960114078,267.151694521079,33.1895785501039,72.9590978648998,0,0,0,0,0,0,0,0,0,0,1.04724199154831,1.99923375611343,0.375520005456002,0.552416468532867,0.0704532024915875,0.155222559135095,0,0,0,0,0,0,0,0,7729.80575449661,6238.72578464675,1661.05998710119,3486.9804992171,1163.5702605301,2135.36561570908,322.453922784841,891.556711306737,296.991498355529,239.701821424641,64.0451272956328,134.471630067447,44.864383103217,82.3352999216185,12.4402483113295,34.3965258305973,19693.009135506,15882.7172530343,4354.36233792516,9036.34892333786,3139.08703080846,5681.9250647073,764.148625865402,2086.73674057899,756.636814574055,610.239403940778,169.200777942683,351.835245389587,122.822980696295,222.642147657812,29.9265996476917,81.8194381224997,0,0,9.65824545280882,20.5936911218899,7.449054812356,13.5487522771826,1.88812544466244,5.17296382454259,0,0,0,0,0,0,0,0,347.524290420004,294.907190145143,231.97468450025,506.131696148816,274.958367626906,522.738898277715,30.6882024416304,88.0673485042169,13.3524388944712,11.3308058608051,8.92088999999212,19.4618781810313,10.5632548078477,20.0794275538759,1.17934413917868,3.38398531103783,246.171972010667,208.565376532743,302.94419086009,680.90762312287,386.021931872665,740.36643263222,62.7374705739726,180.235710749257,9.4583207530499,8.01341530556389,11.649010783177,26.179713483516,14.8291473338139,28.4367316424457,2.4102152602202,6.92312986180459,0,0,48.2496709255392,118.900420108718,55.8530129407212,108.941070886045,14.554633147161,42.0413784295749,0,0,0,0,0,0,0,0,658.151007478791,331.535766620703,965.686252510776,1033.63381460577
"205",2007,170,17,2392.30043590365,1957.81474345824,626.176276648702,1167.52525347276,180.673476983085,263.111730159549,34.3165919737076,75.3695365958163,0,0,0,0,0,0,0,0,0,0,1.04429874561498,1.99349780188921,0.371407120801233,0.544076912902437,0.0728776284043686,0.160413705954745,0,0,0,0,0,0,0,0,7740.50063959484,6239.07856815218,1664.58925673271,3493.9123883493,1158.9409352416,2117.24391404388,338.467664956841,935.170270862675,297.402412943935,239.71537593108,64.1814749780839,134.739503682724,44.6860149437553,81.6368109153749,13.0583122104564,36.079868403036,19665.1951462349,15837.8187507572,4351.24939843615,9028.35046839013,3118.03966688954,5618.39744501146,800.354475284175,2184.4321344859,755.568158469108,608.51433150611,169.079643378576,351.522656520818,121.996048035883,220.145675693939,31.3443297930973,85.6486634073023,0,0,9.66260364000224,20.5975605666565,7.40483184712364,13.4076228219095,1.97961668934666,5.42054879877556,0,0,0,0,0,0,0,0,348.204437700342,295.092279052001,232.613143797057,507.436967417811,273.978843067323,518.503492962677,32.1174110261841,92.1212223065638,13.3785712425126,11.337917272404,8.94552514126101,19.512271275443,10.5257716369507,19.917038171999,1.23429838056291,3.53984626266261,246.092665451264,208.200793985804,303.236793983105,681.339230043909,383.728815634767,732.502299865862,65.1564389342333,187.020212793802,9.45527367009087,7.99940746088955,11.6603822816702,26.1966134660839,14.7412842749244,28.1351473352979,2.50320157746724,7.18390396373131,0,0,48.2400766588254,118.834908037061,55.428039272267,107.611380789168,15.2523392018446,44.0139488922009,0,0,0,0,0,0,0,0,662.384620780081,333.519922601288,974.730978080235,1043.63002294327
"206",2007,170,17.0833333333333,2381.30396665539,1948.10185353805,623.839206771216,1163.33781247965,178.580836505618,258.899054471869,35.5317568457397,77.9844591025018,0,0,0,0,0,0,0,0,0,0,1.04125247527994,1.98764282259951,0.367151486585116,0.53538225363559,0.0754880504499376,0.16603738468004,0,0,0,0,0,0,0,0,7751.11830921142,6239.42975275313,1667.95617606035,3500.69684975035,1153.55940980775,2096.87117029072,355.461140998079,981.54026408633,297.810360790055,239.728869005053,64.3115727239461,135.001695326426,44.4786352039221,80.8515083889143,13.7141788618665,37.8695651000585,19637.5531533254,15793.2853492089,4347.7268184106,9020.02873330534,3095.10430032637,5549.27827986355,838.882223852988,2288.61738980314,754.506110701717,606.80328682927,168.942820174768,351.197806520729,121.095246377692,217.430135493136,32.8529192607837,89.732120583103,0,0,9.6665787010364,20.6012673412186,7.35598928967498,13.2527783422103,2.07684948450283,5.68420281199117,0,0,0,0,0,0,0,0,348.905189933821,295.300957414611,233.243391915146,508.749556122997,272.828871128909,513.730710947402,33.6809422302796,96.5750825239596,13.4054952657579,11.3459350286217,8.96984406365507,19.5629439787836,10.481737235872,19.7339986379976,1.29441545996424,3.71107888276304,246.02089037003,207.847568505636,303.522577914525,681.774763536112,381.191380985277,723.88141591207,67.8092957458068,194.50438344769,9.45251595852025,7.9858359728876,11.671490397418,26.2136611327964,14.6440306971907,27.8044829573237,2.60517706704827,7.47156466370561,0,0,48.2317736429229,118.773109507769,54.9687724544715,106.173301563634,15.9930121744908,46.1131254118985,0,0,0,0,0,0,0,0,666.569182996653,335.452271394359,983.638324841263,1053.31469495167
"207",2007,170,17.1666666666667,2370.42063030521,1938.51674984128,621.509331794427,1159.15148030243,176.553182503341,254.852674216128,36.6820796177205,80.439239132083,0,0,0,0,0,0,0,0,0,0,1.03807473308486,1.98159424268438,0.363031066280292,0.527029516822702,0.0779685632657104,0.171336486153516,0,0,0,0,0,0,0,0,7761.36096254793,6239.49353318556,1671.25491151577,3507.31929485958,1148.28598987874,2076.9545272074,372.432324421184,1027.66348047439,298.20389991098,239.731319551262,64.4390292325867,135.257621385762,44.2754184867492,80.0837806567514,14.3692132817219,39.6498200719304,19610.1392090971,15749.1272204303,4344.20714977147,9011.65976253621,3072.66234322499,5481.87234840664,877.072737444297,2391.43331047892,753.452824894878,605.106660735961,168.806079560321,350.871088492383,120.213754677105,214.781762404314,34.3483229169285,93.7618506780313,0,0,9.66982650308038,20.6039061361202,7.30815961671411,13.1016198716049,2.17349565049679,5.94513348142403,0,0,0,0,0,0,0,0,349.57685948068,295.486024387609,233.83888060585,509.991240276475,271.672930098338,509.002491618472,35.1522992880993,100.725071838357,13.4313018856462,11.3530455974951,8.99282528765395,19.6108878543799,10.4374705330324,19.5526626767526,1.35099374872258,3.87064608972228,245.952552644132,207.500381100456,303.797476029275,682.195921968819,378.706265527037,715.462682464619,70.3637114887752,201.648565408118,9.44989031559401,7.97249647738749,11.6821785261142,26.2301525159539,14.5487820688858,27.4815692964012,2.70337495668891,7.74617892134468,0,0,48.2226597878975,118.709488909394,54.5176472629654,104.767030222139,16.7292589006701,48.1880079411053,0,0,0,0,0,0,0,0,670.761982039511,337.385908279298,992.530193649139,1062.95518318831
"208",2007,170,17.25,2359.66480420722,1929.06995806319,619.191301514034,1154.97545117354,174.588867066333,250.966245426142,37.7704300065155,82.741943898374,0,0,0,0,0,0,0,0,0,0,1.03479015506913,1.97538543255144,0.359039089522498,0.519002444634125,0.0803234769545933,0.176324273875537,0,0,0,0,0,0,0,0,7771.16063700201,6239.21721571408,1674.46200564575,3513.7318051841,1143.09977057104,2057.45013875769,389.36463264744,1073.49489279809,298.580419074843,239.72070299213,64.5629439849442,135.505441640021,44.0755615049087,79.331942352871,15.0227767827685,41.418899017575,19583.006226447,15705.3844156256,4340.7039776979,9003.27284349626,3050.71205937547,5416.15209267626,914.93789229757,2492.92760044046,752.410334047005,603.425992057458,168.669950641049,350.543644315192,119.35150795325,212.19948357102,35.8310033973689,97.7397194630839,0,0,9.67245126409672,20.6055945371036,7.26131834376233,12.9540604743748,2.26955927657119,6.20338602207058,0,0,0,0,0,0,0,0,350.220618965346,295.648447443257,234.403781901568,511.169508691977,270.515866374598,504.328179794035,36.5463930771654,104.617895994028,13.4560361562832,11.3592861508558,9.01462913829761,19.6563907028261,10.3931577518709,19.3733894569749,1.40460602257098,4.0203417028126,245.891151581504,207.162027135985,304.065094853306,682.610594888315,376.276712485573,707.249129974133,72.8184299055721,208.451327634618,9.447531190319,7.95949637681041,11.6925852908122,26.2463908314683,14.4556630328574,27.1665230802079,2.79774679044862,8.00769105719766,0,0,48.212826788714,118.644368717705,54.0747263557163,103.392271520876,17.4611814105575,50.2392344542353,0,0,0,0,0,0,0,0,674.962676255702,339.320682059245,1001.40606358672,1072.55154388343
"209",2007,170,17.3333333333333,2349.04789386116,1919.76958454163,616.888962227607,1150.81741271055,172.686144655817,247.23346552101,38.7995629063206,84.9002681955643,0,0,0,0,0,0,0,0,0,0,1.03142042279561,1.96904660419583,0.355169699577888,0.511286104202537,0.0825571312867976,0.18101384966506,0,0,0,0,0,0,0,0,7780.46868126957,6238.56387010505,1677.56054533688,3519.90005309663,1137.98570380839,2038.32546159149,406.242532631066,1118.99266507698,298.938049020742,239.69560040902,64.6826676365866,135.743837553548,43.8784858227689,78.5947420500778,15.6742709049534,43.1751899766962,19556.192387204,15662.0850008058,4337.2273074114,8994.88983382871,3029.24919767275,5352.08586392059,952.488559251899,2593.14453966312,751.380105165375,601.762359134739,168.534823832267,350.216327613062,118.508343135132,209.682066256277,37.3013846023413,101.667460445038,0,0,9.67453733051872,20.6064264944338,7.21544056094464,12.8100112225362,2.36504222733161,6.4589977283467,0,0,0,0,0,0,0,0,350.837310435575,295.788936700747,234.941103913208,512.28970348232,269.361021602781,499.714063822853,37.8755398983598,108.292444851549,13.4797304304902,11.3646839726187,9.03537121472558,19.6996578211577,10.3489272924469,19.196420700654,1.45572537197145,4.16165929589759,245.838925828277,206.834230297408,304.328028697509,683.024172123291,373.904574359901,699.24123653841,75.1744441111111,214.918006129576,9.44552459505996,7.94690189789762,11.702810393465,26.2625832014021,14.3647448216492,26.85936302772,2.88833054017177,8.25630537506893,0,0,48.202351607267,118.578012195606,53.6400311911468,102.048655653466,18.1888791285174,52.2674272497967,0,0,0,0,0,0,0,0,679.170935865889,341.256446932281,1010.26554584075,1082.10396742096
"210",2007,170,17.4166666666667,2338.57890164423,1910.62178698301,614.605504186642,1146.68381898967,170.84321275904,243.648130244617,39.7721216584131,86.9215475362946,0,0,0,0,0,0,0,0,0,0,1.02798454945672,1.96260495411968,0.35141775825144,0.503866666270179,0.0846738698745653,0.185418099693256,0,0,0,0,0,0,0,0,7789.2516127188,6237.50889462593,1680.53872390992,3525.80028557865,1132.93319307122,2019.55647849848,423.051706708237,1164.118654382,299.275503292415,239.655066564028,64.7977468509086,135.971896546293,43.6837839316633,77.8712557109379,16.3231438036918,44.9172226579301,19529.7242982231,15619.2476629374,4333.7843430669,8986.52677571874,3008.26763572829,5289.63917017924,989.734658244653,2692.12516140026,750.363160528306,600.116479950887,168.40098098575,349.889766280725,117.684024080369,207.228166402392,38.7598537756514,105.546681631924,0,0,9.67615308949603,20.6064774928883,7.17050159013988,12.669383028956,2.4599445319385,6.71199921882257,0,0,0,0,0,0,0,0,351.427537827943,295.908018445587,235.45300673846,513.355617413513,268.210663664953,495.164232110778,39.1498763487222,111.781001106318,13.5024079124765,11.3692592835147,9.05513452674316,19.7408349542059,10.3048662903683,19.0219135907562,1.50474114097264,4.2958386280846,245.797151872948,206.517902281439,304.588049389676,683.440053738954,371.590605378968,691.437511138196,77.4343935159403,221.058883384799,9.44391957454694,7.93474806949466,11.712921912549,26.278860258879,14.2760564847116,26.5600322337953,2.97522743429513,8.49241622276289,0,0,48.1912994272629,118.510634856865,53.2135503734544,100.735755365554,18.9124485056323,54.2731917578871,0,0,0,0,0,0,0,0,683.386439769236,343.193061142984,1019.10834578022,1091.6127375796
"211",2007,170,17.5,2328.26491371231,1901.63117695938,612.343588302171,1142.58012539537,169.058244905087,240.204177321302,40.6906422414795,88.8127737311249,0,0,0,0,0,0,0,0,0,0,1.0244991649643,1.95608484655206,0.347778682279014,0.496731218925854,0.0866780166008785,0.189549648059712,0,0,0,0,0,0,0,0,7797.48758859176,6236.03709764151,1683.38861731675,3531.41676092732,1127.93491983502,2001.12540011225,439.779146830718,1208.83869556402,299.591942656173,239.598517770235,64.9078773442451,136.189013638632,43.4911742130111,77.1607984858706,16.968893887871,46.6436794304266,19503.619681205,15576.8839251477,4330.38014985802,8978.19526755229,2987.75991604439,5228.77570154576,1026.68522779499,2789.90747580889,749.360181032317,598.488797242828,168.268621003154,349.564415619557,116.878262423886,204.836368552326,40.2067641651527,109.378874100907,0,0,9.67735432927734,20.6058089065407,7.12647745278736,12.5320880077639,2.55426477079525,6.96241567749626,0,0,0,0,0,0,0,0,351.991743406895,296.006095677469,235.941060681559,514.369980547076,267.066333547216,490.681263329609,40.3777331978917,115.110335734743,13.5240855947491,11.3730275674362,9.07397941572347,19.7800269936293,10.2610339444303,18.8499672903543,1.55197329124408,4.42390772387054,245.766397482687,206.213362342712,304.846277857741,683.86010188468,369.334717796735,683.834993694412,79.6020547867283,226.887648188968,9.44273794330356,7.92304715787508,11.7229629021632,26.2952935188611,14.1895947284264,26.2684173635792,3.05858239954276,8.7165488226748,0,0,48.179726169367,118.442414334783,52.795246796452,99.4531004597489,19.6319828328827,56.2571159580998,0,0,0,0,0,0,0,0,687.608873032116,345.130385928411,1027.93423278166,1101.07819904668
"212",2007,170,17.5833333333333,2318.11148546134,1892.80113835014,610.105446721165,1138.51097513893,167.329415397439,236.895716889449,41.5575574716377,90.5806104594812,0,0,0,0,0,0,0,0,0,0,1.02097879599421,1.94950804089346,0.344248318684998,0.489867626158618,0.0885738545035464,0.193420817911776,0,0,0,0,0,0,0,0,7805.16364450393,6234.14041805884,1686.10522779269,3536.73975125117,1122.98594310362,1983.01891449998,456.413185293,1253.12269156784,299.886868999632,239.525644307556,65.0128671896006,136.394814798971,43.3004663773638,76.4628575284839,17.6110710191219,48.3533988495763,19477.8894785385,15534.9998780296,4327.01816951527,8969.90353084992,2967.71765515167,5169.45810269089,1063.34850042191,2886.52671293641,748.371587101945,596.879545020826,168.13787978223,349.240599678624,116.090733496029,202.505215952637,41.6424379117639,113.165421313375,0,0,9.67818689838059,20.6044713197082,7.08334510121374,12.3980402508031,2.64800046475363,7.21026810481279,0,0,0,0,0,0,0,0,352.530264485541,296.083492772906,236.406431401557,515.334806965175,265.929085629406,486.266706638959,41.5659573473647,118.302658709927,13.5447764374175,11.3760012874477,9.0919506691631,19.8173113031427,10.217470750863,18.6806413965611,1.59768477166567,4.5467193942441,245.746718453055,205.920506999667,305.103334700703,684.285023427214,367.136203827255,676.429681618074,81.6819380247764,232.420168041755,9.44198184508554,7.91179518711164,11.732957181749,26.3119100864387,14.1053324377484,25.9843650275625,3.13856854509805,8.9293121110267,0,0,48.1676804422687,118.373498220468,52.3850633733352,98.2001893925733,20.3475721006493,58.2197699782217,0,0,0,0,0,0,0,0,691.837925234138,347.068284835758,1036.74302019558,1110.50073573092
"213",2007,170,17.6666666666667,2308.1228817758,1884.13402554149,607.892945852219,1134.48031626732,165.654913121235,233.717045767459,42.3752006804739,92.2314067279287,0,0,0,0,0,0,0,0,0,0,1.01743609127847,1.94289391112299,0.340822871935906,0.483264444598764,0.0903656107431867,0.197043606685172,0,0,0,0,0,0,0,0,7812.27400641842,6231.81653701594,1688.68590265723,3541.76433386496,1118.08317107906,1965.22717407811,472.943464656193,1296.94451812364,300.160060475059,239.436357081609,65.1126145121767,136.589110557644,43.1115411822055,75.7770531025504,18.2492753725086,50.0453720435226,19452.5391417383,15493.5972352696,4323.70053268425,8961.65705590887,2948.1317824554,5111.64841256551,1099.73197128462,2982.01554395514,747.397588193584,595.288789127397,168.008842308284,348.918536282122,115.321085624678,200.233227710741,43.0671686810793,116.907607604247,0,0,9.67868836066299,20.602506479511,7.04108243882037,12.267156043474,2.741148385745,7.4555743199505,0,0,0,0,0,0,0,0,353.043364945577,296.140480023693,236.849977691049,516.25157547214,264.799607051436,481.921322937168,42.720135367836,121.376286092468,13.5644905792384,11.3781908285922,9.10908127894987,19.8527446654834,10.1742030919735,18.5139652137797,1.64209010680144,4.6649768632509,245.737776895256,205.638911261214,305.359445063274,684.714626014465,364.993885769447,669.21681139781,83.6790412649769,237.673737715044,9.44163829766618,7.90097582836699,11.7429133679499,26.3287024989883,14.0232244414788,25.7076925938583,3.21537772964216,9.13136986878743,0,0,48.1552047221417,118.304008967698,51.9829266567615,96.9764965413715,21.0593029557202,60.1617060250985,0,0,0,0,0,0,0,0,696.073289766783,349.006623445984,1045.53455614552,1119.88076066459
"214",2007,170,17.75,2298.30235872329,1875.63139566953,605.707660350573,1130.49153904834,164.032957796311,230.662664515042,43.1458101552902,93.7712125830772,0,0,0,0,0,0,0,0,0,0,1.0138820555077,1.93625965762734,0.337498815993255,0.476910821389731,0.0920574407705208,0.200429660024679,0,0,0,0,0,0,0,0,7818.81809009223,6229.06723445338,1691.12964688196,3546.48895858549,1113.22473686228,1947.74260017796,489.360907546776,1340.28192902037,300.411494634904,239.330724480555,65.2070811096067,136.771841023365,42.924326468388,75.1030926946334,18.8831562926502,51.718739122572,19427.5701589646,15452.6745832203,4320.42843088272,8953.45937122624,2928.992825436,5055.30858953697,1135.84247562507,3076.40432855988,746.438241485221,593.71647524789,167.88155705003,348.598366850698,114.568951237426,198.018919272247,44.4812246371355,120.606627688821,0,0,9.67888994645655,20.5999496766142,6.99966843613255,12.1393543163888,2.83370485747152,7.69834993473714,0,0,0,0,0,0,0,0,353.531274070785,296.177303989605,237.272378845943,517.121466522172,263.678381214278,477.645413530768,43.8448395457779,124.346371875179,13.5832368296616,11.3796056640904,9.12539733595404,19.886372388606,10.1312495195111,18.3499503837042,1.68536485026485,4.77926188224138,245.738982038539,205.367949139651,305.614549460658,685.148096521961,362.906269842683,662.191143895017,85.598575191888,242.666240082935,9.44168460268964,7.89056503019231,11.752829136374,26.3456394306658,13.9432134202666,25.4381991427914,3.28920998419453,9.32340848262644,0,0,48.1423367675385,118.234049649188,51.5887509871545,95.781480460308,21.7672587781469,62.0834586767391,0,0,0,0,0,0,0,0,700.314662846514,350.945268973319,1054.30870985313,1129.21870110549
"215",2007,170,17.8333333333333,2288.65233505149,1867.29414978638,603.550918485002,1126.54756033973,162.461808165547,227.727282721847,43.871532887882,95.2057926603032,0,0,0,0,0,0,0,0,0,0,1.01032624908869,1.92962052492863,0.334272846580084,0.470796437335445,0.0936534169455343,0.203590256389555,0,0,0,0,0,0,0,0,7824.79933091851,6225.89743200452,1693.43672607895,3550.9146266447,1108.40965555774,1930.5592372591,505.657646131808,1383.11633647271,300.641303472466,239.20893560142,65.2962772132065,136.943044363718,42.7387839930758,74.4407462148978,19.512409598983,53.3727807847972,19402.9809494997,15412.2281099272,4317.20233059696,8945.31248540658,2910.29106504454,5000.40078594743,1171.68625723537,3169.72133587433,745.493486243663,592.162456920861,167.756044251302,348.280173541581,113.833952922619,195.860813156716,45.8848510699254,124.263595148634,0,0,9.67881772812924,20.5968310494977,6.95908306194068,12.0145566165577,2.92566600852574,7.93860917742055,0,0,0,0,0,0,0,0,353.994205456272,296.19420193955,237.674191312331,517.945464626964,262.565752070668,473.438953148435,44.9438023000351,127.225434294024,13.6010233953529,11.3802549101932,9.14092020802411,19.9182322443602,10.0886232270022,18.188595999532,1.72765228620826,4.89005494911498,245.749569609969,205.106860808566,305.868382403479,685.584187169413,360.871653657104,655.347159816886,87.4458036581225,247.415654553485,9.44209139556881,7.88053359884174,11.7626942441143,26.3626728461457,13.8652340347208,25.1756729745658,3.360267384226,9.50611805933377,0,0,48.1291104301552,118.16370745071,51.2024410865575,94.6145890186585,22.4715197308664,63.9855451305783,0,0,0,0,0,0,0,0,704.561743303045,352.884090196125,1063.06536711752,1138.51499343707
"216",2007,170,17.9166666666667,2279.17453237396,1859.1226481072,601.423839405618,1122.6508929683,160.939767853711,224.90582085351,44.5544281858668,96.5406392384895,0,0,0,0,0,0,0,0,0,0,1.00677697014528,1.92299000943868,0.331141844152133,0.46491146105108,0.0951575192373919,0.206536296445496,0,0,0,0,0,0,0,0,7830.2242482471,6222.3144297469,1695.60835247363,3555.04424363914,1103.6375602675,1913.67225913121,521.8269417265,1425.43256065381,300.849737471592,239.071270924855,65.3802494330029,137.102831963118,42.5548992901546,73.7898270316615,20.1367745104985,55.006908732696,19378.767579585,15372.2521871474,4314.02214313479,8937.21723747581,2892.01665545312,4946.88755426632,1207.26903270781,3261.99295248694,744.563171328125,590.626517900158,167.632302511718,347.96399284163,113.115708104987,193.757447031008,47.2782728615777,127.879550425377,0,0,9.67849357486147,20.5931766034811,6.91930718908246,11.8926870007141,3.01702798931396,8.17636560289347,0,0,0,0,0,0,0,0,354.432370572066,296.191412061881,238.055888326367,518.724428660517,261.461966740242,469.301680614503,46.0200652580139,130.023808356496,13.6178584013291,11.3801477184779,9.15566806449148,19.9483571734727,10.0463336890836,18.0298920930608,1.76906915729598,4.99775269340958,245.768663649916,204.854804558612,306.120537828677,686.021367646946,358.888214143366,648.679217849979,89.2259218440862,251.939680002789,9.44282502053501,7.87084919449592,11.7724930449301,26.3797438478325,13.789216303286,24.9198976836025,3.42874936808039,9.68017793921372,0,0,48.1155562997273,118.093056512745,50.8238941848326,93.4752635880924,23.1721628288574,65.8684655256874,0,0,0,0,0,0,0,0,708.814232553189,354.822957464894,1071.80442761085,1147.77008001742
"217",2008,170,18,2269.79171109646,1851.0330167759,599.306397004643,1118.78252849331,159.461055064513,222.1712522218,45.2030785495668,97.8056165626639,0,0,0,0,0,0,0,0,0,0,1.00324862217832,1.91638983706568,0.328094368811015,0.45920073254405,0.0965872351732257,0.209329235830549,0,0,0,0,0,0,0,0,7835.16118601814,6218.38444677837,1697.60674805308,3558.84541107736,1098.87999476537,1896.88805486328,537.909343421494,1467.43064511242,301.039422515754,238.920274694496,65.4575480416109,137.249961493961,42.3715747645747,73.1428690253549,20.7578135352141,56.628833304807,19354.9951634219,15332.8006526613,4310.78173156811,8929.07493857454,2874.08497825399,4894.24271839959,1242.71643685013,3353.78954843898,743.649798530295,589.110726719395,167.506269690385,347.646060733362,112.410909568144,191.68821653702,48.666405429744,131.476840291864,0,0,9.67800607645109,20.5891151241679,6.8801437877859,11.7724951351516,3.10807570902532,8.41294608314842,0,0,0,0,0,0,0,0,354.856071910929,296.175474883609,238.422426505769,519.467202473287,260.36822606005,465.1964352904,47.0883002752674,132.804287402555,13.6341376858354,11.379535386452,9.16983160875083,19.9770872937114,10.0044270265366,17.872411051139,1.81017911837643,5.10476721514357,245.797325479888,204.612919379338,306.37116877029,686.459692750593,356.944793896604,642.117420796609,90.958780519484,256.326756743651,9.44392625525848,7.86155557895471,11.7822314541324,26.3968545478214,13.714731586764,24.6681883235127,3.49541848395112,9.84898515082126,0,0,48.1020639343135,118.022783969019,50.4516908356082,92.3537099173134,23.8713804742879,67.7430091133433,0,0,0,0,0,0,0,0,713.061979686127,356.755952084968,1080.50561463087,1156.95688240378
"218",2008,170,18.0833333333333,2259.67428961733,1842.14253356235,596.977974172659,1114.7151154927,157.979060612838,219.29060276982,45.8872799534374,99.2567432918665,0,0,0,0,0,0,0,0,0,0,0.999775700066542,1.90988227070492,0.325040002754866,0.453186922205195,0.0980874002104135,0.212501728258474,0,0,0,0,0,0,0,0,7840.31382016772,6214.76557482424,1699.04866383664,3561.99818473191,1093.85612623497,1878.26750050342,554.402140996998,1511.37066627772,301.237394959715,238.781231846829,65.5134626963552,137.372164901171,42.1779792725081,72.4250958164135,21.3946998985183,58.3256964339866,19332.3408372983,15294.4555927298,4306.36125892096,8919.82224992054,2855.68878064792,4837.33900362936,1279.2919149823,3450.79476886087,742.779384504321,587.637448064101,167.335053122405,347.285753190947,111.68799153132,189.452312648557,50.09866850625,135.278081549691,0,0,9.67776303554918,20.5854214738925,6.83971158574074,11.6417123072778,3.201844904654,8.66206756466683,0,0,0,0,0,0,0,0,355.367774825756,296.211119137561,238.81081573236,520.245524696267,259.286649527786,460.729869977362,48.2692545863236,136.097457320623,13.6537981315656,11.3809048955447,9.18483550273984,20.0071826467482,9.9629846929665,17.701040800105,1.85562196742746,5.23148349541117,245.853656864168,204.398560710615,306.623203492518,686.906423150879,354.941687427247,634.982661876379,92.8043593800689,261.332160632616,9.4460905984673,7.85331957597267,11.7920227718222,26.4142848243169,13.6379489835626,24.3944556684766,3.56642148154436,10.041554919837,0,0,48.0923026879479,117.959119092562,50.071849982242,91.1533120889676,24.5914470339327,69.7167409431167,0,0,0,0,0,0,0,0,717.201068305709,358.621947558128,1088.95614117368,1165.78350807276
"219",2008,170,18.1666666666667,2249.7364556878,1833.43050729455,594.683975745306,1110.69400854632,156.540184636065,216.523157583094,46.5299993875877,100.604207942852,0,0,0,0,0,0,0,0,0,0,0.996248739565906,1.90332728662245,0.322076102929649,0.447407324015763,0.0994999553029777,0.215456131451378,0,0,0,0,0,0,0,0,7845.02216093108,6210.81486195175,1700.41342793635,3564.96135958027,1088.90742950172,1860.05290978175,570.772065025463,1554.79396004288,301.418296941277,238.62943914041,65.5663875418391,137.487036307887,41.9872789250114,71.7229682442533,22.0268696507816,60.0026891264935,19309.9485528034,15256.4834195355,4301.98811988649,8910.59634431417,2837.68942098966,4781.90967483128,1315.58978781484,3546.60284972172,741.919038508422,586.178496316429,167.16563697599,346.92646666676,110.980648228961,187.274289719941,51.520083907213,139.032389274439,0,0,9.67674209880124,20.5806472199263,6.80009594552494,11.5141621202762,3.29496976731744,8.90833403452859,0,0,0,0,0,0,0,0,355.847422267963,296.223953509306,239.162128878349,520.958465084861,258.201030924889,456.328912103519,49.4162052441211,139.245903559737,13.6722269547511,11.3813980124889,9.19841224276625,20.0347605662145,9.92138399876728,17.5321835095449,1.89975958733744,5.35264339787811,245.913279081819,204.18639455352,306.86583249272,687.334192239465,352.986218351081,628.024449087222,94.5919233130817,266.12255564859,9.44838138072436,7.84516781279692,11.8014506670419,26.4309816833429,13.5629921645844,24.1274935164031,3.6351981625797,10.2258727305865,0,0,48.0819239932479,117.89456122352,49.6996263351899,89.9823796455614,25.3076712424125,71.6688411573494,0,0,0,0,0,0,0,0,721.345931709663,360.488095204806,1097.3897767342,1174.56721503562
"220",2008,170,18.25,2239.98261187195,1824.89927637336,592.426056897675,1106.72316621093,155.14335970457,213.864301489283,47.1331911996475,101.853648722678,0,0,0,0,0,0,0,0,0,0,0.992686462509698,1.89674597120406,0.319198371667958,0.441850961911296,0.100828447188418,0.218202803115008,0,0,0,0,0,0,0,0,7849.26552226962,6206.5179387138,1701.6913087883,3567.71529501315,1084.02551443564,1842.2224261449,587.012360888428,1597.68398421465,301.581333669757,238.4643444781,65.6159497533832,137.593822385082,41.7991511971873,71.0356455875351,22.6540616904394,61.6591717207827,19287.8362035355,15218.8958376052,4297.66748266015,8901.40926807365,2820.08180808292,4727.92130617114,1351.61673234854,3641.24766581387,741.069448043663,584.734321182977,166.998223855984,346.568672277115,110.288680911982,185.152839699292,52.9309139398404,142.741095595277,0,0,9.67506657436623,20.5749264035908,6.76127255455337,11.3897594585351,3.3874507690399,9.15178211819621,0,0,0,0,0,0,0,0,356.296277201228,296.21476187174,239.480915367567,521.612330131476,257.114791170012,451.997487261878,50.5334152991094,142.268494445495,13.6894726804763,11.3810448549348,9.21073664240361,20.060063374222,9.87975640175468,17.3659901619944,1.94275567872758,5.46897148726978,245.976805042832,203.977335554265,307.099041318024,687.745103296472,351.077243752353,621.240353777266,96.3244227390866,270.706529558706,9.45082215101223,7.83713543159764,11.8105145571931,26.4470259371171,13.4898172680953,23.8672088655645,3.70186170792872,10.402267872512,0,0,48.070930491161,117.82921562116,49.3349573664971,88.8403638979616,26.0201479620009,73.5999176865979,0,0,0,0,0,0,0,0,725.496205027171,362.354253912915,1105.80600482526,1183.30828056069
"221",2008,170,18.3333333333333,2230.41576888347,1816.55006853384,590.205492089296,1102.80580841119,153.787482251704,211.309525351091,47.6987309621348,103.010434810334,0,0,0,0,0,0,0,0,0,0,0.989104862015536,1.89015694806088,0.316403110438742,0.436507642038563,0.102076366690338,0.220751854057566,0,0,0,0,0,0,0,0,7853.03180293235,6201.86730029102,1702.87551775851,3570.24665406943,1079.20423203913,1824.75865066865,603.11731016191,1640.02716747581,301.72604019574,238.285659512739,65.6618894107161,137.692011734234,41.6133596168245,70.3624582759618,23.2760547397908,63.2946187337283,19266.0150725459,15181.6992894295,4293.40282090223,8892.26956102737,2802.85980495118,4675.3391471925,1387.37888159269,3734.76102047384,740.231046623348,583.305170194481,166.832950700716,346.212705059062,109.611850027938,183.086602706681,54.3313997973469,146.405452104632,0,0,9.67283772158949,20.5683690622014,6.72321883781465,11.2684201849888,3.47928818021364,9.39244653456598,0,0,0,0,0,0,0,0,356.715424686932,296.184217691628,239.77074404123,522.211998128909,256.030479383223,447.738051685689,51.624414543237,145.180979911414,13.7055769985347,11.3798712985525,9.22194584647159,20.0832785249972,9.83819986421196,17.2025552825486,1.98474576696995,5.58107252353399,246.04440424906,203.771853228435,307.322895430831,688.140622850087,349.213474174636,614.627246804479,98.0050026361126,275.094202486072,9.45341942186398,7.82924047191429,11.8192169207783,26.4624739058508,13.4183748062494,23.6134818086119,3.76653278045846,10.5711285346467,0,0,48.0593300710824,117.763171862184,48.9777615433773,87.7266884496924,26.7289674494401,75.510558391861,0,0,0,0,0,0,0,0,729.651535868359,364.220287109558,1114.20442812341,1192.00706706298
"222",2008,170,18.4166666666667,2221.03785144795,1808.38325944739,588.023252585361,1098.94455683987,152.471438701586,208.85446974235,48.2284104079907,104.079656902576,0,0,0,0,0,0,0,0,0,0,0.985517531635348,1.88357655612669,0.313687101373293,0.431367881231323,0.10324712309229,0.22311307617325,0,0,0,0,0,0,0,0,7856.31540517391,6196.8606058381,1703.96154380195,3572.54692305185,1074.43911976043,1807.64757149912,619.082136112681,1681.81271920522,301.852201444896,238.093294305306,65.704033971362,137.781278082275,41.4297324808008,69.7028668236151,23.8926637259807,64.908611581967,19244.4914138138,15144.8962714299,4289.19630774503,8883.18306283432,2786.01659451849,4624.12796462613,1422.88183776061,3827.17260573906,739.404074535803,581.891139267396,166.669904011758,345.858795189502,108.94988946773,181.074199900419,55.7217620433829,150.026628172573,0,0,9.67013860419994,20.5610656753872,6.68591392988667,11.1500623203021,3.57048213512161,9.63036009445814,0,0,0,0,0,0,0,0,357.105812387701,296.132913854679,240.034429743409,522.761280722623,254.950002328687,443.552022642313,52.692112639628,147.996457014435,13.7205763196398,11.377900122959,9.23214803362183,20.1045524919298,9.79678766710881,17.0419334719868,2.02584154973854,5.68944934818778,246.115936086542,203.570095837337,307.537499605432,688.521701907231,347.393529121218,608.181509924323,99.6368744189633,279.296577783053,9.45616779066716,7.82148863018333,11.8275617426966,26.4773620854714,13.3486117947792,23.3661736456471,3.82933460195022,10.7328768656569,0,0,48.0471349093214,117.696506981449,48.6279440895707,86.6407629660228,27.4342150374806,77.4013278164462,0,0,0,0,0,0,0,0,733.811583795932,366.086062241077,1122.58473756868,1200.6639895764
"223",2008,170,18.5,2211.84995600232,1800.39858296529,585.880074985939,1095.14156423526,151.194118508526,206.494930853223,48.7239446628759,105.066151855593,0,0,0,0,0,0,0,0,0,0,0.981936077040165,1.87701915034645,0.311047481648998,0.426422782582822,0.104344041716139,0.225295938240494,0,0,0,0,0,0,0,0,7859.11542297032,6191.49920258327,1704.94654968474,3574.61108965993,1069.7268980528,1790.87754913321,634.90288874091,1723.03236992006,301.959782606336,237.887300618464,65.7422751101497,137.861429563128,41.2481435314797,69.0564228818396,24.503735372454,66.5008286349167,19223.2678463371,15108.4864568903,4285.04916907336,8874.15364668185,2769.54492246274,4574.2524561738,1458.13075805859,3918.51028998954,738.588632407569,580.492215848719,166.509133523517,345.507096414261,108.302516016084,179.114249599267,57.1022039311407,153.605722083694,0,0,9.66703813555018,20.5530917192246,6.64933839561157,11.0346062034036,3.66103279653752,9.86555431506779,0,0,0,0,0,0,0,0,357.468291667115,296.061391297239,240.274242829672,523.263245417049,253.874818913672,439.440118998496,53.7389284570032,150.725909168253,13.7345033545422,11.3751521117937,9.24143046423565,20.1240031572441,9.75557588321767,16.8841524921123,2.06613586691026,5.79452360193536,246.191062200172,203.371997489433,307.742973034694,688.888908111136,345.615981089834,601.899205600317,101.2232266789,283.325042213776,9.45905425727827,7.81387737474638,11.8355535617362,26.491712233478,13.2804734434949,23.1251334042176,3.89038952242614,10.8879497675164,0,0,48.034360512354,117.629288528786,48.2854008314192,85.5819897145971,28.135971757634,79.2727693295675,0,0,0,0,0,0,0,0,737.976018493112,367.951450196983,1130.94668834973,1209.27949670759
"224",2008,170,18.5833333333333,2202.85246519727,1792.59522560546,583.776491250421,1091.3985703156,149.95442091281,204.226866668401,49.1869739761742,105.974509550341,0,0,0,0,0,0,0,0,0,0,0.97837031890741,1.87049725710534,0.308481689510085,0.421663988703362,0.105370358865451,0.227309573693823,0,0,0,0,0,0,0,0,7861.43483009564,6185.78746058286,1705.82909972146,3576.43705099572,1065.06524734867,1774.43886566623,650.576393086913,1763.68024696264,302.048897937216,237.667846356766,65.7765582747695,137.93238600229,41.0685033951158,68.4227519360492,25.109146219742,68.0710404608627,19202.3439791876,15072.4672020803,4280.96184198049,8865.18354560508,2753.43720952862,4525.67745851396,1493.13039218781,4008.80024072741,737.784705219012,579.108298362047,166.350658332266,345.157698689461,107.669433724096,177.205375395476,58.4729128480994,157.143765763551,0,0,9.66359294394322,20.5445097102214,6.61347407195378,10.9219745162439,3.7509404523217,10.0980597923672,0,0,0,0,0,0,0,0,357.803634896832,295.970150839655,240.49199835568,523.720347940218,252.806017090789,435.402492221178,54.7668535373191,153.3784701124,13.7473877789962,11.3716465073753,9.24986290682048,20.1417248980616,9.7146063326353,16.7292183005024,2.10570513957478,5.89664586702456,246.269296315165,203.177326204288,307.939443946254,689.242498573363,343.879384858466,595.776178877183,102.767178052659,287.191109352974,9.46206013824334,7.8063977925441,11.8431972649796,26.5055341701016,13.2139042807076,22.8902017509563,3.94981720880278,11.0367890354995,0,0,48.021025160931,117.561575813213,47.9500200288214,84.5497670309889,28.8343145243569,81.1254055555784,0,0,0,0,0,0,0,0,742.144519247481,369.816325200925,1139.2900904371,1217.85406326896
"225",2008,170,18.6666666666667,2194.04519563789,1784.97194707646,581.712868040709,1087.71697605258,148.751262042393,202.046399016181,49.6190680213272,106.80908791838,0,0,0,0,0,0,0,0,0,0,0.974828552082419,1.86402177547501,0.305987394035334,0.417083612511303,0.106329219268869,0.229162776968506,0,0,0,0,0,0,0,0,7863.27944552451,6179.7319329876,1706.6088124657,3578.02485842735,1060.45253099804,1758.32317551237,666.100164571042,1803.75265867034,302.119771011845,237.435183302743,65.8068693626184,137.994149941273,40.8907489462776,67.8015322212249,25.7087993787683,69.6191015539156,19181.7172091293,15036.8341858657,4276.93417735163,8856.27377156921,2737.68568739571,4478.36817449004,1527.88513977501,4098.06711759227,736.992192950109,577.739220782443,166.194474735372,344.810644422065,107.050339198597,175.346215013626,59.8340625372925,160.641732246643,0,0,9.65984976927218,20.5353718626167,6.57830388633184,10.8120923222805,3.84020561133472,10.3279065840292,0,0,0,0,0,0,0,0,358.112558059791,295.859668479839,240.689173683564,524.134609483784,251.744419767304,431.438908542529,55.7775309241315,155.961753700405,13.7592571022114,11.3674015983046,9.25750215582968,20.1577953958705,9.67391065227839,16.5771220500849,2.14461239928239,5.99610833831167,246.350066706084,202.98574396417,308.127038599164,689.582501286701,342.182301472153,589.808151446019,104.271731084874,290.906146721444,9.46516346695764,7.79903689639457,11.8504976670953,26.5188289109688,13.1488490744494,22.6612146041025,4.00773287164159,11.1798308729422,0,0,48.0071492811426,117.493421600965,47.6216845838426,83.5434930957815,29.5293165687978,82.9597397876419,0,0,0,0,0,0,0,0,746.316774026724,371.680564553146,1147.61479532636,1226.38817995566
"226",2008,170,18.75,2185.42751885345,1777.52717887062,579.689439004208,1084.09790476412,147.58358029028,199.949813453595,50.0217296953916,107.574026663638,0,0,0,0,0,0,0,0,0,0,0.971317782268186,1.85760217499603,0.303562440078192,0.412674181723275,0.107223673600567,0.230864001739039,0,0,0,0,0,0,0,0,7864.65710634453,6173.34068602204,1707.28608015639,3579.37611379467,1055.88757983495,1742.5230803547,681.472327049786,1843.24786713328,302.172702943663,237.18962137364,65.8332239578139,138.046783467033,40.7148350364973,67.1924784030653,26.3026213880666,71.144941621741,19161.3833591132,15001.581920468,4272.96560257062,8847.42445042891,2722.28250505771,4432.29034575509,1562.39910152768,4186.33424910862,736.210935112415,576.384772260633,166.040562528711,344.465941454012,106.444925746739,173.535427051722,61.1858150744617,164.100542509964,0,0,9.65584748398782,20.5257222824696,6.54381168235638,10.7048870215379,3.92882908004773,10.5551245501139,0,0,0,0,0,0,0,0,358.395737883718,295.730406466451,240.867000010236,524.507750020363,250.690663175233,427.548879825696,56.7723241893939,158.482143951323,13.7701373251495,11.3624351449145,9.26439554793292,20.1722807590916,9.63351330753349,16.4278451182353,2.18290994070599,6.09315596781395,246.432763630262,202.796853188842,308.305876247151,689.908786923959,340.523319344275,583.990803743689,105.739738672514,294.481166115093,9.46834081613363,7.7917794106292,11.8574593180412,26.5315914289381,13.0852536430289,22.4380062869389,4.06424597544953,11.3174978341583,0,0,47.9927548538144,117.424873433832,47.3002738507918,82.5625690548504,30.2210478044889,84.7762571883262,0,0,0,0,0,0,0,0,750.492478818487,373.544048478083,1155.92068602366,1234.88234592493
"227",2008,170,18.8333333333333,2176.99842760098,1770.2590780105,577.706322625402,1080.54223621462,146.450338515271,197.933556172121,50.3963978148964,108.273257389102,0,0,0,0,0,0,0,0,0,0,0.967843886886643,1.85124664701158,0.30120482107168,0.4084286083246,0.108056677352974,0.232421363661602,0,0,0,0,0,0,0,0,7865.57724531721,6166.62295867065,1707.86192134291,3580.49366041155,1051.36958852763,1727.03192537615,696.691552602558,1882.16590141522,302.208056154452,236.931515546016,65.8556616765638,138.09039635123,40.5407305127736,66.5953337508037,26.8905599036036,72.6485584210777,19141.3370054686,14966.7040114635,4269.05520567768,8838.6349932927,2707.21977989572,4387.41032613858,1596.67611194552,4273.62375310329,735.440723320286,575.044707112579,165.888888266106,344.123569710511,105.852885370185,171.771693857965,62.5283221314544,167.521070126732,0,0,9.65161826974236,20.5155981884155,6.50998209402376,10.6002882279066,4.01681199715485,10.7797435599271,0,0,0,0,0,0,0,0,358.653819429658,295.582817481436,241.026506115915,524.841245880973,249.645229408891,423.731713069344,57.7523605508225,160.944978017599,13.7800532320877,11.3567645399691,9.2705826430197,20.185237736186,9.59343284306502,16.2813610101279,2.22064097867486,6.1879934950077,246.516759945927,202.610218234578,308.47607135775,690.221113730093,338.901067575259,578.319826141876,107.173891844987,297.926730485871,9.47156808998234,7.78460859711933,11.8640865883551,26.5438123797951,13.0230653667338,22.2204114943683,4.1194597689535,11.4501952458435,0,0,47.9778650053239,117.355974266611,46.985664614388,81.6064006902864,30.9095750432249,86.5754255532737,0,0,0,0,0,0,0,0,754.671337354462,375.406660097677,1164.20767261381,1243.33706607104
"228",2008,170,18.9166666666667,2168.75660732233,1763.16558490231,575.763541502948,1077.05064344792,145.350526413142,195.994230789034,50.7444500822781,108.91051448085,0,0,0,0,0,0,0,0,0,0,0.964411774876819,1.84496225003766,0.298912648901352,0.404340154649322,0.108831090027254,0.233842643663145,0,0,0,0,0,0,0,0,7866.05042512788,6159.58878868698,1708.33782057391,3581.3812441277,1046.89800214294,1711.84358053622,711.756996435721,1920.50835937108,302.226236479472,236.661251486415,65.8742400164742,138.125133041269,40.3684138610387,66.0098617373699,27.4725812008011,74.1300101541064,19121.5718385366,14932.1934434594,4265.20182779879,8829.90428576372,2692.4896541041,4343.69516244268,1630.71977535733,4359.95666593795,734.681315146995,573.718755795622,165.739408838788,343.783488540494,105.273910966591,170.053724694544,63.8617263698263,170.904146266614,0,0,9.64718885282318,20.5050312230711,6.47680043164783,10.4982276889895,4.10415586504528,11.0017936733424,0,0,0,0,0,0,0,0,358.887424927408,295.417349770943,241.168568660337,525.136399622528,248.608487609203,419.986576528098,58.7185742059692,163.354730188796,13.78902873009,11.3504070058021,9.27609715654651,20.1967164004758,9.55368346548821,16.1376378997789,2.25784131354963,6.28079251696945,246.601434950708,202.425389587813,308.637732645836,690.519169425909,337.31422497674,572.790959693982,108.576708793348,301.252863121717,9.47482144012679,7.77750718483478,11.8703836324694,26.555479713965,12.9622335347619,22.0082668587301,4.17347086341605,11.5783077169559,0,0,47.962503617489,117.286763201059,46.6777321204135,80.6744001311378,31.5949622723515,88.3576962765413,0,0,0,0,0,0,0,0,758.8530607652,377.268285375412,1172.4756867697,1251.75284722269
"229",2009,170,19,2160.41643853955,1755.94107961313,573.782502251084,1073.53617963977,144.234819191495,194.020294147963,51.1251636803733,109.604730931177,0,0,0,0,0,0,0,0,0,0,0.961053136058509,1.83878337130473,0.296585047306243,0.400179244526583,0.109669064830186,0.235373675143183,0,0,0,0,0,0,0,0,7866.30181476521,6152.43341739792,1708.5986548392,3581.93293622735,1042.12464917948,1696.00606510056,727.093928481446,1959.30150678513,302.235895271353,236.38633067884,65.8845436859271,138.146933052678,40.1844592311331,65.3993527347377,28.0650827187213,75.6288670694053,19102.3105721085,14898.1942361711,4261.07772718277,8820.90822726159,2677.18595425699,4298.70644623816,1665.61891462307,4447.92822090626,733.941267611514,572.41245177763,165.579592693293,343.433324959231,104.672573003546,168.28605905749,65.228601680928,174.351378882823,0,0,9.64287122935288,20.4943840178824,6.44209390129835,10.3928254605185,4.19347874442823,11.2275400638445,0,0,0,0,0,0,0,0,359.140155711073,295.254532948341,241.315638492559,525.420874905871,247.529241979092,416.108241372275,59.777676619351,165.971341689182,13.7987390521311,11.3441513229901,9.28180300680967,20.2077810615787,9.51229779708747,15.9887900911824,2.29861185595004,6.38154115942005,246.693053745864,202.248092675683,308.795339234736,690.807964467553,335.648907657296,567.08192210695,110.085930114871,304.807508767044,9.47834158177579,7.77069515384214,11.8765229160497,26.5667862969252,12.8983818549755,21.7891894838583,4.23157223417207,11.7152039527247,0,0,47.9482455503586,117.219307008139,46.3607924733535,79.7213465889812,32.2961128243662,90.1713336602121,0,0,0,0,0,0,0,0,762.994248234095,379.109650007248,1180.63951820556,1260.04367037162
"230",2009,170,19.0833333333333,2151.44468367443,1748.02354732619,571.61705814384,1069.82905802624,143.01597281989,191.821083819464,51.6398561878665,110.555552000198,0,0,0,0,0,0,0,0,0,0,0.957757494489886,1.83269552391686,0.294048439705438,0.395556640904537,0.110782312852608,0.237432760663269,0,0,0,0,0,0,0,0,7866.82864791895,6145.57048783365,1708.47433247075,3582.03250972403,1036.44992289452,1677.88060427334,743.515258393994,2000.47664821496,302.256137043615,236.122645949995,65.8800475219865,138.151343876273,39.9657422701929,64.7006082811566,28.6994081135073,77.2195945900566,19083.8777940862,14864.9065128046,4256.06932878787,8811.0147747799,2659.6757195845,4248.14157657589,1703.32938046628,4542.11039874731,733.233051898274,571.133484112387,165.385954432101,343.048903909625,103.985028388403,166.300257530014,66.7054258487865,178.041764222834,0,0,9.63880435728688,20.4838777479902,6.40199265684815,10.2737531675354,4.28954586909011,11.4681722328802,0,0,0,0,0,0,0,0,359.484728817443,295.129413907751,241.493008656467,525.728400483406,246.302675487308,411.721333939674,61.0924339009416,169.184086168178,13.8119781030391,11.3393440492519,9.28867400865701,20.2197298613436,9.46524786516339,15.8203940017873,2.34920785444502,6.50519757723495,246.80135730749,202.084362287025,308.952548793711,691.080912648995,333.700342002633,560.612964704126,111.947334401321,309.193654085965,9.48250277880728,7.76440437037921,11.882645625527,26.577479339877,12.8236412042009,21.5409033219803,4.30320876141257,11.8840527268377,0,0,47.9377139971865,117.156776615445,46.006607752571,78.6673746957742,33.0471956555721,92.1016354924759,0,0,0,0,0,0,0,0,767.015757839307,380.89544475679,1188.53993756127,1268.04598958455
"231",2009,170,19.1666666666667,2142.65386955267,1740.28332680735,569.492564443013,1066.17770088718,141.833341078268,189.710474593841,52.1202686636563,111.427405908657,0,0,0,0,0,0,0,0,0,0,0.954423526692603,1.82659173493022,0.291589240768526,0.391119399391381,0.111825202884486,0.239328390954886,0,0,0,0,0,0,0,0,7867.04254721742,6138.48615804701,1708.3121054027,3582.01725246676,1030.88253541245,1660.2142703952,759.813485921912,2041.11729406178,302.264355396723,235.85045467055,65.8740708313916,138.151298384463,39.7511593076324,64.0195583062736,29.3289948951135,78.7897277555699,19065.5887152575,14831.8740991111,4251.1105399618,8801.14017296895,2642.54462446476,4198.95625865814,1740.72526866493,4635.05349065949,732.53035731544,569.864325855286,165.194197195369,342.665194104341,103.312372580245,164.368623624622,68.1699810512582,181.6836591606,0,0,9.63402496670887,20.4724206837624,6.36272535118436,10.1578396882514,4.38484582229081,11.7057042828126,0,0,0,0,0,0,0,0,359.795555634959,294.983966730646,241.634342691216,525.979672790631,245.074100629637,407.415072789622,62.3475805493895,172.229152575049,13.8239205675439,11.3337557360027,9.2941575598258,20.2295116790004,9.41811792140874,15.6550901952916,2.39751339842812,6.62241169307019,246.906756330709,201.915586083497,309.095112860155,691.31865840996,331.792915831591,554.301364181436,113.767952227814,313.424921088568,9.48655237880565,7.75791971864222,11.8882031923921,26.5868139077327,12.750477200244,21.2986531851265,4.37327927346,12.0469538633512,0,0,47.9263426116471,117.093137225435,45.6599760597006,77.641505949588,33.7940500724425,94.0104058735165,0,0,0,0,0,0,0,0,771.040933064127,382.680420528036,1196.41862373994,1276.00474488879
"232",2009,170,19.25,2134.04805219312,1732.72249306592,567.410333116547,1062.58560352338,140.686135404356,187.684855334198,52.5681724588706,112.225052399581,0,0,0,0,0,0,0,0,0,0,0.951069083688853,1.82049049078627,0.289203588744228,0.386858345076967,0.112800520158114,0.241068641151988,0,0,0,0,0,0,0,0,7866.91200167412,6131.1573184491,1708.09832934741,3581.85917236039,1025.41065450479,1642.97851391297,775.981283623108,2081.20968794239,302.259339628185,235.568868933143,65.8660907658037,138.145722938269,39.5402556080108,63.3551047344472,29.9535607129554,80.3387362138966,19047.4706518615,14799.1161937022,4246.20812268523,8791.29996627342,2625.78861855789,4151.11814191547,1777.81606173537,4726.79754497611,731.834233396936,568.605714647646,165.004585359409,342.282801741367,102.654446039719,162.489888384894,69.6226381740417,185.27863483537,0,0,9.62865638146519,20.4601430487945,6.3242677287163,10.0449953030212,4.47938992815679,11.9402017417326,0,0,0,0,0,0,0,0,360.074532466876,294.819152207637,241.744844507486,526.181075180821,243.847713324908,403.192372489157,63.5516593422962,175.129409476311,13.834639304649,11.3274232983546,9.2984537003768,20.2373719050632,9.3710692744912,15.4929908971651,2.44385673540575,6.73406203372123,247.010724043139,201.743857933548,309.224255086594,691.527501240619,329.926385771514,548.147611374363,115.545736342967,317.50166726222,9.4905469855321,7.75132164840533,11.8932426640534,26.5950322320866,12.6788805723737,21.0624582479616,4.44170493751943,12.203920596074,0,0,47.9141588787674,117.028536355621,45.32081840552,76.6431351780798,34.5368039928443,95.8983461720622,0,0,0,0,0,0,0,0,775.069407069304,384.464457332356,1204.27514898772,1283.92042713382
"233",2009,170,19.3333333333333,2125.62976927649,1725.34191935606,565.371266476165,1059.0554536914,139.573518265436,185.740698032351,52.9852467472772,112.952969346846,0,0,0,0,0,0,0,0,0,0,0.947709307663893,1.814408082601,0.286888238429181,0.38276508981661,0.113711044546665,0.242661423712792,0,0,0,0,0,0,0,0,7866.41621261214,6123.5693955405,1707.82319509165,3581.53861239497,1020.02536784731,1626.15048940409,792.012173095403,2120.74277684833,302.240290619573,235.277328800622,65.8557315891247,138.133863743032,39.3326885333087,62.7063685013981,30.5728558020907,81.8661934114571,19029.5425872898,14766.6454737237,4241.3667061667,8781.50525944157,2609.40242381229,4104.59358562798,1814.61034566415,4817.37960682626,731.145409515386,567.358137565643,164.817300684835,341.902160837332,102.011041491384,160.662732750044,71.0637332750591,188.828145399344,0,0,9.62279898277196,20.4471501073914,6.28659684634542,9.93513146783595,4.57318798035891,12.1717251678694,0,0,0,0,0,0,0,0,360.323272506809,294.635768704448,241.828529967512,526.337358392171,242.626569907662,399.05462539021,64.7117527121775,177.903917389415,13.844196295833,11.3203774107951,9.30171682107781,20.243493197839,9.32421943749208,15.3341498246817,2.48850999013051,6.84088080193028,247.114127793863,201.570616292592,309.341070954505,691.712271366294,328.100271671397,542.150945936822,117.279933161109,321.427030241122,9.49451992392591,7.7446654274259,11.8978061494255,26.6023200398626,12.6088329563022,20.8322896162225,4.50845664848595,12.3550730225041,0,0,47.9011915322135,116.963096311921,44.989037592477,75.6716382695393,35.275576445041,97.7661210584655,0,0,0,0,0,0,0,0,779.100832833515,386.247440553761,1212.10921781411,1291.79359046035
"234",2009,170,19.4166666666667,2117.4003929775,1718.14156607878,563.375950605898,1055.58930655921,138.494624315393,183.87457922921,53.3730860206745,113.615375163232,0,0,0,0,0,0,0,0,0,0,0.944357010745787,1.8083587680138,0.284640403049019,0.3788318893144,0.114559532366034,0.244114448642843,0,0,0,0,0,0,0,0,7865.54237722627,6115.71414860759,1707.4797930664,3581.04215117982,1014.71991370149,1609.71153087017,807.900511829395,2159.7080664342,302.206716466638,234.97551765159,65.8427287984966,138.115206307275,39.1281980239435,62.0726310493847,31.1866624892094,83.3717710660896,19011.8172659443,14734.4697666967,4236.58932394087,8771.76384158072,2593.37991006397,4059.34831713852,1851.11593009298,4906.83408904265,730.464375331449,566.121895355115,164.632463084652,341.523576746234,101.381918512548,158.885813138878,72.4935722507877,192.333542423653,0,0,9.61653497379868,20.4335278338088,6.24969106708501,9.82816167063473,4.66624851509585,12.4003309432675,0,0,0,0,0,0,0,0,360.543175978883,294.434501025343,241.888544062701,526.452135179817,241.412918628838,395.002218292213,65.8337430204929,180.568598674607,13.852645339946,11.3126443845993,9.30406784744757,20.2480144836495,9.27765486469399,15.1785820379009,2.53169916709778,6.94347961699469,247.217412005943,201.396822094914,309.44651605524,691.876622139089,326.313903157999,536.309646929586,118.970728110056,325.2060661904,9.49848826943222,7.7379879763358,11.9019303757612,26.6088178049188,12.5403086804589,20.6080814849472,4.57354139786807,12.5006049916198,0,0,47.8874703848202,116.896919872882,44.6645232714567,74.7263807478205,36.0104788294189,99.6143625057128,0,0,0,0,0,0,0,0,783.134880070733,388.02926000703,1219.9206301202,1299.62482544529
"235",2009,170,19.5,2109.36038542644,1711.12068895454,561.424723156392,1052.18871277742,137.448574453902,182.083189971511,53.7332070980937,114.216250534888,0,0,0,0,0,0,0,0,0,0,0.941023020258747,1.80235498191489,0.282457644347798,0.375051538519227,0.115348703421104,0.245435201730273,0,0,0,0,0,0,0,0,7864.28376847214,6107.58811454223,1707.06344054805,3580.36110870651,1009.48914012074,1593.6460848235,823.641454874347,2198.09942728365,302.158358705575,234.663302427895,65.8269033172289,138.089418114096,38.9265858443639,61.4532933793422,31.7947937302229,84.8552317528476,18994.3026765662,14702.5932316955,4231.87779506759,8762.08098011107,2577.71435235864,4015.34785633329,1887.33995013844,4995.19309493561,729.791437785719,564.897147814306,164.450145368905,341.147256909366,100.766813532961,157.157777958427,73.9124347840448,195.796087426654,0,0,9.60993198924686,20.4193470225523,6.21352995500759,9.72400174876259,4.75857907288428,12.6260720422904,0,0,0,0,0,0,0,0,360.735479041499,294.215952741588,241.927376541277,526.528199608662,240.208414525024,391.03484661587,66.9225271222298,183.136792991252,13.8600339321708,11.3042474099403,9.30560252395739,20.2510432239671,9.23143920874658,15.0262760137039,2.57361239642541,7.04237085833915,247.320721352786,201.22308278706,309.541414842749,692.023274684027,324.566469470875,530.621280683935,120.618982183449,328.845123122686,9.50245758063527,7.73131263420271,11.9056470284842,26.6146301578984,12.4732766787337,20.3897406571812,4.63699214781429,12.6407600189787,0,0,47.8730260659095,116.830094360437,44.3471555663218,73.806723698655,36.7416158310507,101.443672967456,0,0,0,0,0,0,0,0,787.171232935466,389.809809310185,1227.709257229,1307.41474367563
"236",2009,170,19.5833333333333,2101.50945138865,1704.27796398188,559.517713754555,1048.85479439103,136.434484554916,180.363342985002,54.0670526322886,114.759349764417,0,0,0,0,0,0,0,0,0,0,0.937716402268706,1.79640748242963,0.280337808368114,0.371417313666237,0.11608123073255,0.246630926182999,0,0,0,0,0,0,0,0,7862.63858706923,6099.19167654653,1706.57127631407,3579.49064932311,1004.32918393238,1577.94108218744,839.23092924552,2235.91296166028,302.095148205152,234.340697852774,65.8081459460471,138.056314203914,38.727703262281,60.8478519429535,32.3970921354184,86.3164238081281,18977.0029394158,14671.0170662731,4227.23295258591,8752.45989445079,2562.39858631048,3972.55777947895,1923.28892911292,5082.48661325492,729.126755185561,563.683940955073,164.270382080112,340.773329200473,100.165445874004,155.477277872749,75.320576771839,199.216959425858,0,0,9.60304529473246,20.4046657383318,6.17809418681005,9.62257003205148,4.85018638551773,12.8489985630048,0,0,0,0,0,0,0,0,360.901282261264,293.980664761669,241.946986841558,526.567706689964,239.014240260162,387.151684745857,67.9821523355396,185.619609707124,13.8664043580365,11.2952072693872,9.30639621422977,20.2526623179307,9.18561796514291,14.8772001935329,2.6144051593177,7.13798120719445,247.42397350068,201.049726527026,309.626471936827,692.154179193852,322.857056657014,525.082867428749,122.226065569596,332.351444198484,9.50642469414262,7.7246520093815,11.9089831871127,26.6198320887771,12.4077019182203,20.1771529430871,4.69886143638072,12.775816040598,0,0,47.8578897823513,116.762694023922,44.0368073163673,72.9120276473798,37.4690859104148,103.254627000694,0,0,0,0,0,0,0,0,791.209588829577,391.588985599118,1235.47502848464,1315.16396947889
"237",2009,170,19.6666666666667,2093.84671315455,1697.61162958953,557.654890514289,1045.58833306855,135.451474529188,178.711977361872,54.3759964753945,115.248217576622,0,0,0,0,0,0,0,0,0,0,0.934444720412657,1.79052552302564,0.278278951834443,0.367922901041625,0.116759731068544,0.247708608592442,0,0,0,0,0,0,0,0,7860.60864602551,6090.52800376872,1706.00179761913,3578.42875894643,999.237112610489,1562.58524717444,854.665580900995,2273.14679311289,302.017154624033,234.007825689972,65.7863996019302,138.015817931641,38.5314373036098,60.2558721158471,32.9934279410216,87.7552732697321,18959.9193246824,14639.7403126146,4222.65490496744,8742.90229913023,2547.42517938233,3930.94399085842,1958.96886236974,5168.74277895775,728.470376334057,562.482237976601,164.093179607631,340.401862964225,99.5775244059578,153.842976370434,76.7182335758021,202.59726505849,0,0,9.59592032829227,20.3895321632856,6.14336545866393,9.52378749959657,4.9410765727224,13.0691582918736,0,0,0,0,0,0,0,0,361.041583760911,293.729136558735,241.948949777996,526.572383335639,237.831249071042,383.351589699175,69.0159715824361,188.026329878834,13.8717949670149,11.2855431534971,9.30650949837774,20.2529382076106,9.14022396562206,14.7313108108651,2.65420625038746,7.23066709324267,247.526941802988,200.876886536743,309.7022817818,692.270689475542,321.184678796999,519.691040801195,123.793681611765,335.732756216571,9.51038090182869,7.71801122047181,11.9119616987451,26.6244756605208,12.343546598192,19.9701892867922,4.75921461116844,12.9060695975948,0,0,47.8420930952635,116.69478283666,43.7333465254617,72.0416564643699,38.1929820739307,105.047773880702,0,0,0,0,0,0,0,0,795.249656854539,393.366689139223,1243.2179151548,1322.87312989918
"238",2009,170,19.75,2086.3708378925,1691.11958994479,555.836093928577,1042.38983471399,134.49867449935,177.126159955499,54.6613479923242,115.686203149516,0,0,0,0,0,0,0,0,0,0,0.931214257951077,1.7847170222906,0.27627929154776,0.364562346220897,0.117386757473976,0.24867497049295,0,0,0,0,0,0,0,0,7858.19843625146,6081.60229889649,1705.35452634116,3577.17551622524,994.210673129777,1547.5686171309,869.942720672814,2309.80086379361,301.924550510181,233.664885835067,65.7616465108667,137.96793299913,38.3377011113947,59.6769697639185,33.5836969398399,89.1717761105441,18943.0509772587,14608.7604299009,4218.14322245217,8733.40878837725,2532.78654997642,3890.47290295619,1994.38528494081,5253.98808490347,727.822268377004,561.291941256513,163.918523397972,340.032883919021,99.0027521799506,152.253556782611,78.1056226409358,205.938046789504,0,0,9.58859461831151,20.3739866594327,6.1093263752025,9.4275777687085,5.03125531468812,13.286597193519,0,0,0,0,0,0,0,0,361.157302123626,293.461839902109,241.934554108303,526.543661935065,236.66005649727,379.633221188742,70.0267683062823,190.36473103618,13.8762410525411,11.2752731884017,9.30599196056848,20.2519260114961,9.09528090415286,14.5885565071482,2.69312257851051,7.32072717511112,247.629310651195,200.704559913248,309.769343783606,692.373704607445,319.548307888369,514.442180492655,125.323736561608,338.996971357717,9.5143140775101,7.71139015593709,11.9146017606363,26.6285954559942,12.280771297689,19.7687108617637,4.81812482295375,13.031824372962,0,0,47.8256676778628,116.626416488755,43.4366381531549,71.194980218475,38.9133924171778,106.823639523175,0,0,0,0,0,0,0,0,799.291156736941,395.142823104151,1250.93792005474,1330.54284917854
"239",2009,170,19.8333333333333,2079.08011725715,1684.79947920775,554.061058110535,1039.25957036635,133.575228151823,175.603083961582,54.9243553104651,116.07647101931,0,0,0,0,0,0,0,0,0,0,0.928030184411365,1.7789887074318,0.274337175338739,0.361330022334653,0.117964794597546,0.249536465998825,0,0,0,0,0,0,0,0,7855.41456340008,6072.42134629817,1704.62980399306,3575.73265287394,989.248144559171,1532.88226550577,885.060273839233,2345.87675754239,301.817589663347,233.312138954343,65.7339003433626,137.912726581119,38.1464282854047,59.1108006041675,34.1678185499172,90.5659914565175,18926.3953550206,14578.073638538,4213.69704978496,8723.97906682085,2518.47503619217,3851.11152997361,2029.54332078297,5338.24753707679,727.182333642304,560.112905576722,163.746382319267,339.666383102187,98.4408291049213,150.707725932094,79.4829454005262,209.240288927159,0,0,9.58109903797925,20.3580630520873,6.07596034790402,9.33386698828732,5.1207279787833,13.501359766638,0,0,0,0,0,0,0,0,361.24928972078,293.17922595211,241.904858159257,526.482747905068,235.501088425005,375.995095605182,71.0168439223683,192.641315329372,13.8797753640864,11.264414708402,9.30488432696349,20.2496721215259,9.05080518428146,14.4488804084981,2.73124252781715,7.40841110759638,247.73070568921,200.532641921112,309.828077731108,692.463766877023,317.946896330433,509.332503102473,126.818259610593,342.152011047536,9.51820983782771,7.70478479167464,11.9169195127879,26.6322123428031,12.2193358391808,19.5725725613197,4.87566995176821,13.1533844214664,0,0,47.8086451080016,116.557643604551,43.1465452203532,70.371376884193,39.6304004797959,108.582727814157,0,0,0,0,0,0,0,0,803.333818174786,396.917293480767,1258.63507204413,1338.17374665463
"240",2009,170,19.9166666666667,2071.97255117137,1678.64872907076,552.329433186506,1036.19761934061,132.680296227841,174.140067455302,55.1662088164887,116.422012588205,0,0,0,0,0,0,0,0,0,0,0.924896717665951,1.77334624809096,0.272451050706439,0.358220595663388,0.118496254318872,0.250299279823129,0,0,0,0,0,0,0,0,7852.26514497722,6062.993030096,1703.82857546407,3574.1030872866,984.348183536215,1518.51801465435,900.016724050494,2381.3775093864,301.696583971087,232.949887968382,65.703197917874,137.850311426758,37.9575669491321,58.5570491769345,34.7457336659612,91.9380342816945,18909.9486978974,14547.6752874045,4209.31522643844,8714.61219664722,2504.48296894667,3812.82758697705,2064.44773605901,5421.5448202864,726.550427662406,558.944952233669,163.57671331534,339.302326451883,97.8914547931418,149.20421799877,80.85038933932,212.504924050612,0,0,9.57345910101667,20.341789993617,6.04325151064425,9.24258378443684,5.20949973506615,13.7134893656933,0,0,0,0,0,0,0,0,361.318347268474,292.881733291151,241.860752085968,526.390700402543,234.354638066378,372.435657158923,71.9881044670945,194.86153507986,13.8824286664441,11.2529845645356,9.30322085824174,20.2462173052079,9.00680810936805,14.3122228608646,2.76863928793505,7.49392820921424,247.830727317584,200.360962868508,309.878835336852,692.541154576855,316.379393248648,504.358139091608,128.279325171601,345.20563619255,9.52205282953225,7.69818860785298,11.9189284819627,26.6353370416451,12.1591999158523,19.3816259556358,4.93192961953452,13.271047644713,0,0,47.7910566921603,116.488507051753,42.8629299432839,69.5702340346137,40.3440856903852,110.325522199348,0,0,0,0,0,0,0,0,807.377380114557,398.690008944383,1266.30941944187,1345.76643354479
"241",2010,170,20,2064.46539124431,1672.07176057533,550.469082780846,1032.97594968455,131.661227180033,172.114698202585,55.55987077318,117.357347725356,0,0,0,0,0,0,0,0,0,0,0.92187305113285,1.76783780595971,0.270308850015933,0.353953890666877,0.119337277059415,0.252271426457212,0,0,0,0,0,0,0,0,7849.18776097158,6053.68816559943,1702.77622580797,3572.09906626969,978.387905959488,1499.0537625652,916.118976753459,2421.90892665411,301.578345956333,232.592380194371,65.6628480229727,137.773491590488,37.7278162938112,57.8066264475909,35.3678375411829,93.5040730338544,18894.0905079239,14517.8060416989,4204.44347473287,8704.64783851057,2487.92616477862,3761.96436308725,2102.38823018643,5517.82534847178,725.941131510589,557.797327969301,163.38835562125,338.915487345557,97.2418973341458,147.208622648298,82.336540873566,216.277666259863,0,0,9.56634133217197,20.3258034500179,6.00425494868087,9.12063907712685,5.30552491648147,13.9568440219787,0,0,0,0,0,0,0,0,361.462526056328,292.607815371288,241.855806056697,526.317888253123,233.019084278246,367.668759943227,73.2615971919635,198.379391514116,13.8879682469488,11.2424601999247,9.30306294941387,20.2434997310142,8.95554090296527,14.1291587535278,2.8176521139982,7.62931198919505,247.94120616182,200.199758789239,309.933614192178,692.61253910602,314.480233823775,497.706849125409,130.12200411294,350.004303067581,9.52629760417337,7.69199488926011,11.9210905676606,26.6382266048916,12.0863140022864,19.1262294376047,5.00285601315189,13.4557705082984,0,0,47.7764572035313,116.422832203589,42.5364377829428,68.5424563087665,41.1108718003023,112.306606313843,0,0,0,0,0,0,0,0,811.32155717369,400.424180627703,1273.77083248338,1353.16214850124
"242",2010,170,20.0833333333333,2056.36610350881,1664.88545045789,548.425765793475,1029.51175917473,130.484872841933,169.419880964821,56.1379505064984,118.986833100136,0,0,0,0,0,0,0,0,0,0,0.91888212378916,1.76236034446943,0.267849803281981,0.348307455617124,0.120561033498093,0.255686367091839,0,0,0,0,0,0,0,0,7846.49656858348,6044.74839219022,1701.50221047462,3569.82181148264,971.157455815045,1473.45947053667,933.769445907657,2468.98246601099,301.47494604111,232.248899803778,65.6139826188924,137.686156792837,37.4490780270907,56.8198024128765,36.0496437897484,95.3223820282628,18878.728523514,14488.3798152248,4198.90017231484,8693.8284231958,2468.11991539775,3695.7168935002,2144.1290962443,5629.94605922112,725.3509003495,556.666725214266,163.174334356683,338.495947561459,96.4653912847956,144.611161963178,83.9712837155292,220.670328615542,0,0,9.55943115564408,20.3097433755447,5.95740049935809,8.96131193746275,5.41076900895367,14.2387650384103,0,0,0,0,0,0,0,0,361.697097806054,292.364846221731,241.883807187894,526.258782638221,231.43003488018,361.409651874504,74.8551127746768,203.231912396052,13.8969808695694,11.233124936564,9.30417212881311,20.2413072631582,8.89452887673343,13.8887450834562,2.87896488854896,7.81598611434699,248.058120326005,200.04083323227,309.984687455032,692.642734751796,312.156859654147,488.968915445848,132.441722666516,356.911944902795,9.53078963407965,7.68588871513966,11.9231088538356,26.6395280862826,11.9971207424271,18.7906371139793,5.09211675531458,13.7215392618782,0,0,47.7653191553074,116.360482233359,42.1552330929151,67.2362256739263,41.9443100518932,114.579457573252,0,0,0,0,0,0,0,0,815.140173416196,402.110033045501,1280.96276888431,1360.29864274558
"243",2010,170,20.1666666666667,2048.41468346424,1657.84744710454,546.419088434633,1026.09491155821,129.347896189657,166.86541464369,56.6772973347539,120.484934475198,0,0,0,0,0,0,0,0,0,0,0.915834432051048,1.75683232234379,0.26547553630308,0.342945329703715,0.121708598760444,0.258843979688494,0,0,0,0,0,0,0,0,7843.63505976614,6035.70030341461,1700.23085868461,3567.5112910973,964.102101409242,1448.76032389808,951.300670536623,2515.40114791541,301.365002296311,231.901257763593,65.5651984415636,137.597505657641,37.1770857291891,55.8674867194735,36.7268536907394,97.115435257287,18863.3659642403,14459.0762309953,4193.39539016708,8682.99958113695,2448.77648726649,3631.78246614709,2185.44205300042,5739.85658546305,724.760647083851,555.54083457208,162.961754869984,338.076007403634,95.7070317422263,142.104350264519,85.5893481464536,224.976568160978,0,0,9.55183340150406,20.2927577808767,5.91163514048254,8.80749402880691,5.51502619455815,14.5155121695961,0,0,0,0,0,0,0,0,361.895842798952,292.104193810744,241.875481302407,526.150320938589,229.847109829445,355.326817340067,76.3482304001195,207.633406009366,13.904616970885,11.2231102540223,9.3038827293203,20.2372132789613,8.8337499778332,13.6551001419279,2.93641896465136,7.98532753486401,248.168163251389,199.87201632753,310.018037777109,692.626155894849,309.881155017216,480.491409799709,134.699532349967,363.506035430361,9.53501765998679,7.67940249962146,11.9244437142711,26.6390261771103,11.9097559046259,18.4650436396701,5.17899860854476,13.9752596427462,0,0,47.7530608133611,116.296511447742,41.7827698421162,65.9740742188264,42.7719863053878,116.814866337488,0,0,0,0,0,0,0,0,818.961075129394,403.794433423524,1288.12582080537,1367.37301553514
"244",2010,170,20.25,2040.62242678118,1650.96578723406,544.452125768934,1022.7322245449,128.249518715161,164.444055007114,57.1801699206897,121.860649479915,0,0,0,0,0,0,0,0,0,0,0.912749962262594,1.7512760757521,0.263181429243309,0.337852134502126,0.122782830661276,0.261757220559724,0,0,0,0,0,0,0,0,7840.52388008888,6026.48358805099,1698.93385094334,3565.10850836648,957.198754889462,1424.89400226286,968.695193920106,2561.12095145373,301.245465797807,231.547136820235,65.5154088923217,137.505273511111,36.9109519905819,54.9472810393858,37.3987961865829,98.8815422334104,18848.0688365654,14429.9443379555,4187.94412104078,8672.19393038752,2429.89321129966,3570.09041939989,2226.34610130218,5847.66146697224,724.172907787698,554.421540581624,162.751201203481,337.656936935599,94.9667129880594,139.685420958559,87.1914756039008,229.200470894318,0,0,9.54367380596808,20.2749846879883,5.8669267655071,8.65898989798423,5.61831832757801,14.7872694525718,0,0,0,0,0,0,0,0,362.061288462599,291.826936783075,241.836774769407,525.999158542415,228.275374824524,349.421073673454,77.7562747094234,211.65380894863,13.9109736587048,11.2124575955559,9.30242338526426,20.2314736981261,8.77339898403896,13.4282556829584,2.99060333685822,8.14002390637121,248.275899803027,199.698346259452,310.038749685955,692.579310883813,307.656251284628,472.277586081159,136.892084863487,369.773369619157,9.53915707130991,7.67272981780843,11.9252907177331,26.6373558107388,11.8243399514451,18.1495745114803,5.26337280925025,14.2164239271173,0,0,47.739800648383,116.231274729793,41.418992556282,64.7547563945243,43.5941612006977,119.014472044706,0,0,0,0,0,0,0,0,822.783898043328,405.477283187929,1295.25974691421,1374.38672846955
"245",2010,170,20.3333333333333,2032.99763180259,1644.24609835531,542.527151143762,1019.42897681902,127.188850990125,162.148807349593,57.6486826053748,123.122363830011,0,0,0,0,0,0,0,0,0,0,0.9096461015396,1.74571192185352,0.260963610617171,0.333013525506378,0.123786672846388,0.264438996445243,0,0,0,0,0,0,0,0,7837.10595493057,6017.05553787184,1697.59075336365,3562.57145612945,950.43026712858,1401.80981879153,985.937900093426,2606.10379176604,301.114143647384,231.184896055304,65.4638299822639,137.407847765662,36.650017413374,54.0572338727086,38.0648899867014,100.619239922935,18832.8857976607,14401.0197092525,4182.55709398878,8661.43522293703,2411.46497942686,3510.56857321553,2266.85805365807,5953.45656814672,723.589551947602,553.310210020077,162.543092235452,337.239662353334,94.2442344655192,137.351548648974,88.7783225420271,233.345785557737,0,0,9.53505397077983,20.2565335576274,5.82324369675775,8.51560742220561,5.72066377834667,15.0542029081963,0,0,0,0,0,0,0,0,362.195474283754,291.533865776758,241.772095370886,525.809773109465,226.718294232811,343.691016127959,79.0919621432461,215.351503202919,13.9161292933714,11.2011973387423,9.29996359763987,20.2242607419353,8.7136091181498,13.2081580119903,3.04200674751715,8.28231881625341,248.384394084077,199.523404318693,310.050623776213,692.51433894253,305.483943109128,464.327447167436,139.018127886558,375.710889350941,9.54332559579232,7.66600826861473,11.9257960431285,26.6349838862823,11.7409419768473,17.8442302931674,5.34519115958549,14.4449143700998,0,0,47.7256383749131,116.165055299293,41.0638115619425,63.577006490513,44.4110711541165,121.179815139439,0,0,0,0,0,0,0,0,826.608301527634,407.158488991594,1302.364442284,1381.34127352312
"246",2010,170,20.4166666666667,2025.54617255512,1637.69206768455,540.645789174647,1016.18919314404,126.164926507307,159.972955327319,58.0848174885261,124.277892590755,0,0,0,0,0,0,0,0,0,0,0.90653785922234,1.74015812089398,0.258818793185746,0.328416074944333,0.124723116749854,0.266902044284281,0,0,0,0,0,0,0,0,7833.34191629976,6007.38738472688,1696.18734961401,3559.87146796219,943.784072528429,1379.46606987418,1003.01586931695,2650.31762899266,300.969523263854,230.813430150462,65.4099163381253,137.304127920677,36.3937986060517,53.1957388294451,38.7246380444308,102.327297023819,18817.8516802658,14372.3272221758,4177.24167301892,8650.7402206587,2393.48485996376,3453.14427436096,2306.99280313398,6057.32987153434,723.011917893385,552.207798712649,162.337716434517,336.824838623543,93.539324676219,135.099889761208,90.3504708687701,237.415954426085,0,0,9.5260558958475,20.2374913872242,5.7805551700113,8.3771593205383,5.82207801709413,15.3164627396858,0,0,0,0,0,0,0,0,362.300062290688,291.225561674057,241.684694745295,525.585095806336,225.178159497421,338.133722686754,80.3658003557067,218.775039335288,13.9201477326691,11.1893518020069,9.2966284279559,20.2156871847699,8.65446851111279,12.9946950764791,3.09103303787789,8.41407800451535,248.495551787627,199.349629197747,310.056405157555,692.439841575695,303.364965402677,456.638476075299,141.077998670816,381.323197866302,9.54759645321017,7.65933155050583,11.9260652708445,26.6322412471871,11.6595903462936,17.5489147003145,5.42446656216365,14.6609076787488,0,0,47.710658422032,116.098077956245,40.7171106625803,62.4395519688272,45.2229313120714,123.312344953458,0,0,0,0,0,0,0,0,830.43396454675,408.837961452411,1309.4399017401,1388.23814607126
"247",2010,170,20.5,2018.27201888944,1631.30586694776,538.809154669826,1013.01590409505,125.176730996843,157.910079068686,58.4904369617682,125.33452540565,0,0,0,0,0,0,0,0,0,0,0.903438109474519,1.73463090195485,0.256744128462863,0.32404716295408,0.125595167106441,0.269158828980412,0,0,0,0,0,0,0,0,7829.20596484283,5997.46099445346,1694.71413722295,3556.98993414984,937.250993179662,1357.82773031526,1019.91819252725,2693.73635164894,300.810613394792,230.432042362178,65.3533035110272,137.193399554018,36.1419422903851,52.3614461641508,39.3776204581952,104.004709581526,18802.9906867716,14343.8835695309,4172.00266652561,8640.12038344409,2375.94463820587,3397.74526272406,2346.76359667436,6159.36232716472,722.440935519884,551.114948023602,162.135263169275,336.41291486244,92.8516621769869,132.92761621604,91.9084385533914,241.414146259236,0,0,9.5167461133426,20.2179281433269,5.73883168002163,8.24346425770967,5.92257418593602,15.5741855960976,0,0,0,0,0,0,0,0,362.376435283432,290.902463831204,241.577002109473,525.327050602433,223.656457330601,332.745347179608,81.5864693101132,221.964787304189,13.9230821059864,11.1769378661189,9.29251132094932,20.2058270749353,8.59603435211211,12.7877192650672,3.13801579545346,8.53685280509658,248.610427227183,199.178600702435,310.058000080082,692.36165709703,301.299245116769,449.206283676526,143.073173650079,386.620344241878,9.55201015197461,7.6527603621477,11.9261717183219,26.6293524713503,11.5802823696573,17.263459482287,5.50125570786526,14.8647898627057,0,0,47.6949330965974,116.030521234531,40.3787540118914,61.341124719624,46.0299385334829,125.413428159435,0,0,0,0,0,0,0,0,834.260582066472,410.515614099445,1316.48618847849,1395.07882320946
"248",2010,170,20.5833333333333,2011.17764828005,1625.08848833034,537.017962618447,1009.91135213527,124.223224795254,155.954064075422,58.8672944583684,126.299067352535,0,0,0,0,0,0,0,0,0,0,0.900357828268244,1.72914454856498,0.254737095772095,0.319894893176778,0.126405813657218,0.271221465134312,0,0,0,0,0,0,0,0,7824.68261782331,5987.26627217482,1693.16514905367,3553.91573369159,930.82431969197,1336.86470439338,1036.63578704544,2736.33951901617,300.636819168705,230.040344829147,65.2937627578807,137.075235780445,35.8941900223478,51.5531956374799,40.0234874183087,105.650691183823,18788.3189025764,14315.6992318477,4166.84295991165,8629.58318634247,2358.83523019487,3344.30030125386,2386.18227041212,6259.62861680668,721.877222854109,550.032060631613,161.935847183675,336.004185358238,92.1808916565368,130.831939927851,93.4526887535957,245.343285934667,0,0,9.50717895838263,20.1979009079629,5.69804514059098,8.11434742813285,6.02216360803012,15.8274966896573,0,0,0,0,0,0,0,0,362.425771972711,290.564921000119,241.450870512879,525.03693841146,222.154133568885,327.521527976597,82.7611435143847,224.954338141409,13.9249777012744,11.1639689306846,9.28768356765993,20.1947304964775,8.53834303036369,12.5870631208439,3.1832307393025,8.65193401339015,248.729461535972,199.011262138158,310.056661322328,692.283503384538,299.28611259111,442.025139635659,145.005911430677,391.616070088731,9.55658364113003,7.64633094684239,11.926163572084,26.626460590722,11.5029924211438,16.9876448197086,5.57564535281286,15.0570888485296,0,0,47.6785250750774,115.96252712095,40.0485915610728,60.2804696841046,46.8322738429305,127.484355939366,0,0,0,0,0,0,0,0,838.087862376234,412.191362663055,1323.50341198966,1401.86475014129
"249",2010,170,20.6666666666667,2004.26432579045,1619.03997250606,535.272602949561,1006.87713218596,123.303357112679,154.099100828286,59.2170426711623,127.177872680438,0,0,0,0,0,0,0,0,0,0,0.89730630910224,1.72371153715164,0.252795432121279,0.315948036375847,0.127158011159591,0.273101668795308,0,0,0,0,0,0,0,0,7819.76453766133,5976.79943211517,1691.53717071588,3550.64353712714,924.499217579105,1316.55071190038,1053.1612330651,2778.11200546919,300.447858664039,229.638192095806,65.2311710107633,136.949432116815,35.6503554033596,50.7699737413867,40.6619529472744,107.264659376147,18773.8459778679,14287.7797939351,4161.76393372355,8619.13298717556,2342.14694739256,3292.73954043561,2425.25942747816,6358.19777188731,721.321150672002,548.959351113946,161.739524780393,335.59882319519,91.5266342270074,128.810126995902,94.9836367058787,249.20607838426,0,0,9.49739878008147,20.1774564950421,5.65816885581477,7.98964059879582,6.12085619696726,16.0765116162092,0,0,0,0,0,0,0,0,362.449094573879,290.213221962437,241.307721352637,524.715644261289,220.671738409433,322.457592205616,83.8957350505007,227.771568373468,13.9258737936816,11.1504560911563,9.28219986039224,20.182431533487,8.48141571964375,12.3925471975315,3.22690506122628,8.76039279367188,248.852637275509,198.848067750028,310.053130150813,692.207447508918,297.324461316251,435.088362902343,146.879008985469,396.326619618627,9.56131625066231,7.6400607574134,11.9260693472135,26.6236451498942,11.4276780775635,16.7212143279653,5.64774294645579,15.238428745047,0,0,47.661489075097,115.894207752876,39.7264627836256,59.256350432161,47.6301041349943,129.526349249232,0,0,0,0,0,0,0,0,841.915525474939,413.865124745835,1330.49171651928,1408.59733538054
"250",2010,170,20.75,1997.53236085299,1613.15961745902,533.573209145401,1003.91432091121,122.416078658818,152.33968211007,59.5412416191914,127.976878016321,0,0,0,0,0,0,0,0,0,0,0.894291360526158,1.71834266375671,0.250917068168015,0.312195975956141,0.127854661670391,0.274810716768678,0,0,0,0,0,0,0,0,7814.45053358506,5966.06141008161,1689.82902563565,3547.17225733393,918.272195057306,1296.86230394188,1069.48860150169,2819.04359623522,300.243686129436,229.225620117362,65.1654834424509,136.8159470257,35.4103036493852,50.0108759076774,41.2927883064276,108.84622020425,18759.5766770413,14260.1271539628,4156.76584757957,8608.7718232027,2325.86973556495,3242.99483165006,2464.0046121518,6455.13377887752,720.772902029542,547.896892401284,161.546308681444,335.196911130357,90.888496712269,126.859509902394,96.501656476968,253.005032057387,0,0,9.48744198529074,20.1566338826681,5.61917751131332,7.86918218192628,6.21866081614721,16.3213379563902,0,0,0,0,0,0,0,0,362.447312458296,289.847623368802,241.148679807574,524.36383272956,219.209565141666,317.548755867583,84.9951148024699,230.439610521114,13.9258053227102,11.1364092084621,9.27610349825111,20.1689557825041,8.42526371192319,12.2039877558722,3.2692259291862,8.86311797765029,248.979620225511,198.689117733073,310.047760517238,692.134322630093,295.412880513807,428.38864169328,148.69559070658,400.769701101985,9.56619513929415,7.63395364351397,11.9259026645354,26.6209382387286,11.3542852129453,16.4638873528772,5.71766852285644,15.4094899278051,0,0,47.6438734011254,115.825651579005,39.4122000113504,58.2675538819147,48.4235839320422,131.540564355465,0,0,0,0,0,0,0,0,845.743301577816,415.536819525695,1337.45126967647,1415.27794549672
"251",2010,170,20.8333333333333,1990.98131940346,1607.44615074631,531.919714924105,1001.02358384417,121.560351496218,150.670596896086,59.8413658947439,128.701633437275,0,0,0,0,0,0,0,0,0,0,0.891319494098314,1.71304718603658,0.249100078124516,0.3086286616861,0.12849860009872,0.276359417916,0,0,0,0,0,0,0,0,7808.74393357655,5955.05657228847,1688.04099739538,3543.50380272533,912.140682562732,1277.77809266157,1085.61328851248,2859.12854703299,300.02442943129,228.802796650751,65.0967112976676,136.674854060026,35.1739354464737,49.2750769250653,41.9158156568465,110.3951513635,18745.5121431464,14232.7405079207,4151.84815055931,8598.50005370737,2309.99336302009,3194.99994958009,2502.42646363302,6550.4961333517,720.232520844833,546.844653602242,161.356180045982,334.798466507232,90.2660789710024,124.977496178344,98.0070869229466,256.742480388846,0,0,9.4773387214535,20.1354661361428,5.58104711277552,7.75281714554732,6.31558559310082,16.5620767267197,0,0,0,0,0,0,0,0,362.421256355868,289.46837057908,240.97467689006,523.982086104479,217.767751139091,312.790260623462,86.0633046313896,232.977700077124,13.9248042063318,11.1218377097205,9.26943031021471,20.1543256646728,8.36989230081073,12.0212020260861,3.31034787418127,8.96084861644913,249.109872149743,198.534267156965,310.040625317646,692.064078136545,293.549766321645,421.918298354449,150.458939403873,404.963656397811,9.57119962712914,7.62800403668908,11.9256663373793,26.6183379571867,11.2827522713538,16.2153691494168,5.78554820426865,15.5709771202824,0,0,47.6257212103572,115.756928474342,39.105631173279,57.3128939390793,49.2128568889302,133.528097778939,0,0,0,0,0,0,0,0,849.570929977317,417.20636758616,1344.38225428998,1421.90790249199
"252",2010,170,20.9166666666667,1984.61016686231,1601.89784526141,530.311892430514,998.205248039186,120.735154820185,149.086920235623,60.118810397661,129.357328984951,0,0,0,0,0,0,0,0,0,0,0.888396094258525,1.70783298369826,0.247342650532599,0.305236577032518,0.129092584599906,0.277758101079325,0,0,0,0,0,0,0,0,7802.65152735341,5943.79187925449,1686.17446071908,3539.64228889915,906.102776837538,1259.27828978335,1101.53187198835,2898.36513298688,299.790349441408,228.369989130235,65.0249077282939,136.526311596016,34.9411771206468,48.5618132062091,42.530902560917,111.911384926059,18731.6507220695,14205.6169886578,4147.00967891759,8588.31676671926,2294.50753337085,3148.69068689626,2540.53283305509,6644.34029337381,719.699943564484,545.802524556261,161.169096131411,334.403457038904,89.6589782906171,123.161572109387,99.5002362195345,260.420599354103,0,0,9.46711399758838,20.1139815446587,5.54375484495681,7.64039668594866,6.41163816702294,16.7988236045985,0,0,0,0,0,0,0,0,362.371698251623,289.075708128193,240.786500184324,523.570955205817,216.346320584501,308.177412853013,87.1036240543372,235.401827882198,13.9229001054456,11.106750990354,9.2622106069366,20.1385623828365,8.31530242624409,11.8440097147836,3.35039842853824,9.05419905421027,249.242719437534,198.383195135939,310.031597147197,691.996032161763,291.733405455251,415.669484229615,152.172386164624,408.926926257088,9.57630383296843,7.62219960799438,11.9253554763396,26.6158181243917,11.2130134821938,15.9753583717249,5.85150996716615,15.7235988423354,0,0,47.6070713441728,115.688093232385,38.8065816394217,56.3912136278184,49.9980568392248,135.489990044365,0,0,0,0,0,0,0,0,853.398158441475,418.873690930122,1351.28486542814,1428.48848534216
"253",2011,170,21,1977.42548805649,1595.54606033282,527.478536692863,991.683856058485,120.691826643356,148.963394870577,60.5638649949396,131.896097175831,0,0,0,0,0,0,0,0,0,0,0.884057914835662,1.69708904862351,0.247190321754372,0.304844314858472,0.129699002279547,0.281940989842192,0,0,0,0,0,0,0,0,7796.86941504531,5932.80063948841,1680.9065486562,3523.48775033403,905.857958239382,1253.08302146923,1114.67405949379,2937.01773176681,299.568191439955,227.947688121569,64.8220137921998,135.903691350905,34.9318133139298,48.3230516639004,43.0389405508101,113.405211126005,18718.809650411,14179.2034565521,4133.91646267334,8548.61601126602,2293.85517962458,3133.38454440344,2571.69800022655,6736.6168689201,719.206569722676,544.78767435391,160.66188213814,332.859894620267,89.6315702274233,122.558498296731,100.720693777252,264.032410136608,0,0,9.44129495660117,20.026249231279,5.54221686015416,7.60308601217338,6.48986832345843,17.0291265008053,0,0,0,0,0,0,0,0,362.461795525921,288.752493586975,240.24544822627,521.500359382817,216.41364224492,306.679642540721,87.3044353481127,236.770765706929,13.9263617875041,11.0943325707387,9.24141727366102,20.0589680145768,8.31793116734248,11.7865337185497,3.35819616036394,9.10705109721952,249.40719800134,198.258574842353,309.505196668276,689.656623043233,291.812882294127,413.531352594322,152.614447003458,411.184684435452,9.58262336299902,7.61741149697042,11.9051429883146,26.5259325915905,11.2161402395002,15.8933272697805,5.86862075644429,15.8107414938326,0,0,47.5109360982905,115.240728982337,38.7597005271089,56.027845459204,50.6282658718564,137.29936812158,0,0,0,0,0,0,0,0,857.059699134774,420.456025622134,1357.86805301439,1434.70120954092
"254",2011,170,21.0833333333333,1969.71511524486,1588.66360294625,523.750779486065,982.422056796071,121.225177492745,149.897369355989,61.1401472904051,135.889783101301,0,0,0,0,0,0,0,0,0,0,0.878448816448302,1.68176238194173,0.248248962830731,0.306669982788002,0.130384235088087,0.288520225648815,0,0,0,0,0,0,0,0,7791.12108844563,5921.85937024075,1672.89279527982,3497.43395516645,910.13879396924,1256.33903016803,1125.43023187196,2975.15525584766,299.347331539448,227.527307060132,64.5132797330405,134.899286292428,35.096972772374,48.4487642662751,43.4549888160931,114.879293498705,18706.976384382,14153.5249341739,4114.33137383374,8485.55959275399,2304.87943732486,3142.03421356075,2597.37499887039,6828.28515412589,718.751917367907,543.80106440227,159.902808054967,330.407289221281,90.060581077956,122.892727615904,101.725554377579,267.61660892425,0,0,9.40200702038516,19.8842385516109,5.56888196018067,7.6238661223418,6.55404405567161,17.2562603929858,0,0,0,0,0,0,0,0,362.646274522921,288.476933851418,239.385905775148,518.053200645495,217.646207956233,307.605535257227,86.9882493429372,237.582579015794,13.9334497662552,11.0837451249671,9.20837292599712,19.9264233835743,8.36534420328055,11.8222010189945,3.34613211909249,9.13852840842417,249.617612307215,198.167003298468,308.578232824761,685.515596857572,293.442678555165,414.659850517613,152.066491001908,412.208631289028,9.59070781768085,7.61389317176227,11.8695218192626,26.3667481231518,11.2788524307692,15.936837313898,5.84769247864953,15.8505208874627,0,0,47.3517435551961,114.487279800949,38.9139439478868,56.0998284865344,51.1356012549262,139.001899484724,0,0,0,0,0,0,0,0,860.587263543968,421.968955549508,1364.21513580346,1440.63167397651
"255",2011,170,21.1666666666667,1962.30934202683,1582.058566954,520.19217828121,973.578100590178,121.701680144586,150.720931103472,61.6925236422084,139.723775884307,0,0,0,0,0,0,0,0,0,0,0.872791864317844,1.66653831775284,0.249215279771503,0.308313038931327,0.131108099681754,0.295092339271918,0,0,0,0,0,0,0,0,7784.87264871269,5910.55913224576,1664.89776291573,3471.51643505052,914.221630837201,1259.2432435746,1135.90650376144,3012.63468600972,299.107256492596,227.093133845372,64.2052434541741,133.900099826962,35.2544989193325,48.5609087158456,43.8602542725346,116.328034150279,18695.4632379886,14128.1993948441,4095.14371620106,8423.6163693529,2315.57347110134,3150.06086979573,2623.06131266754,6919.66588479971,718.309564507568,542.828016625142,159.159008934182,327.997687167343,90.476847130529,123.202872528293,102.730888790273,271.18996554697,0,0,9.36199516529586,19.7423635106169,5.59472820027397,7.6430834374945,6.61819589772229,17.4829124964802,0,0,0,0,0,0,0,0,362.788868453699,288.179679452324,238.485752954553,514.572084211153,218.824028612404,308.468529806389,86.8422100630673,238.662536454788,13.9389284537699,11.0723241355303,9.1737652388416,19.7925689376851,8.41065075543271,11.8554462994436,3.34060481593018,9.18030102777773,249.847288523696,198.087466838597,307.667788119374,681.432216767976,295.089148313156,415.804635337833,151.569985090262,413.310189891965,9.59953234575662,7.61083725372948,11.8345344212516,26.2097759229742,11.3422029329149,15.9809681668955,5.82874145255756,15.8932810791198,0,0,47.1925953526705,113.73889556216,39.0664789112406,56.1674005432366,51.6451951557427,140.708545303288,0,0,0,0,0,0,0,0,864.116417438687,423.48038387195,1370.57262606623,1446.54929872596
"256",2011,170,21.25,1955.19268924674,1575.71696719932,516.793974663651,965.131040705372,122.12517664648,151.442118208595,62.2217805455787,143.403855841905,0,0,0,0,0,0,0,0,0,0,0.867140135120904,1.65151089932285,0.250089289657443,0.309776476439096,0.131857482485817,0.301613751966485,0,0,0,0,0,0,0,0,7778.19580146989,5898.9574237329,1656.94107128226,3445.77930232267,918.125061221615,1261.82755247087,1146.1274564258,3049.49920788862,298.850721344118,226.647377651212,63.8986608670938,132.907830040197,35.4051062126781,48.6607115025897,44.2556796872506,117.7530874508,18684.2183795188,14103.1851270998,4076.33523515408,8362.74285715893,2325.94099370047,3157.47752559029,2648.74210104999,7010.72993085446,717.877519684739,541.866928401392,158.42978409465,325.629414724225,90.8805061652082,123.489428042242,103.736121066894,274.751345316632,0,0,9.32149780146174,19.6009425634471,5.61974791957234,7.6607532088825,6.68224763103871,17.7088812955486,0,0,0,0,0,0,0,0,362.891639270531,287.861405768123,237.552882879307,511.066950509642,219.948889068053,309.266189900504,86.8351891348221,239.960214524606,13.942877073552,11.0600955515475,9.13789762770712,19.6577868614454,8.45391925935988,11.8861756361093,3.34041797739121,9.23043201363924,250.088585704809,198.015061699309,306.763103221654,677.387630293835,296.739630739774,416.950442095963,151.141900456835,414.515472829682,9.608803369864,7.608055332439,11.799766934478,26.0542909176829,11.4057050507176,16.025133047759,5.81241953831385,15.9400242829524,0,0,47.0333224781899,112.995269091519,39.2171776704302,56.2304369241267,52.1569290260771,142.418965530859,0,0,0,0,0,0,0,0,867.646763284046,424.990198554916,1376.93920584149,1452.45332550574
"257",2011,170,21.3333333333333,1948.35156802048,1569.62641592973,513.548170614519,957.061574116454,122.499339124925,152.068529728131,62.7287149367225,146.935669516424,0,0,0,0,0,0,0,0,0,0,0.86153554282529,1.63675303281821,0.250872486132725,0.311065507270116,0.132621655595578,0.308049688073552,0,0,0,0,0,0,0,0,7771.14746176365,5887.10015064824,1649.03651632113,3420.25422528998,921.863382789178,1264.11761212463,1156.11638127782,3085.78872993634,298.579912861116,226.191802257513,63.5940641372833,131.923697052121,35.5493442877841,48.7491597568988,44.6421586322392,119.155982609981,18673.2010594225,14078.4490871655,4057.89055319189,8302.90195523356,2335.98695236339,3164.29876068902,2674.40471744077,7101.45277917326,717.454217236871,540.916530136282,157.71454401199,323.301045013725,91.2717441838901,123.75295059174,104.740760135651,278.299792569124,0,0,9.28071253070775,19.4602392359187,5.64394242497528,7.67690158708692,6.74613835227063,17.9340025969789,0,0,0,0,0,0,0,0,362.956700483286,287.522922442271,236.594170060032,507.546852022574,221.022938528207,309.997633855577,86.9414295288637,241.433673137653,13.9453768300305,11.0470904808151,9.10103437438583,19.522425231994,8.4952321937773,11.9143549462012,3.3445817408593,9.28731027495531,250.335554826596,197.946036461824,305.856725905006,673.368697306884,298.383967109449,418.084640163579,150.793281696941,415.841419457533,9.61829231899004,7.60540327238206,11.7649326805673,25.899787718076,11.4689682399105,16.0688463893289,5.79915087795532,15.9914004543115,0,0,46.8738162833563,112.256198522148,39.3659295607932,56.2888407262735,52.6706930711818,144.132843891895,0,0,0,0,0,0,0,0,871.177923884869,426.498291499608,1383.31367335169,1458.34303938204
"258",2011,170,21.4166666666667,1941.77393488556,1563.77583940368,510.447418352413,949.35182004276,122.827667037822,152.607336476682,63.2141276648511,150.324727209673,0,0,0,0,0,0,0,0,0,0,0.856010767012851,1.62232017442554,0.25156747547438,0.31218696950894,0.133391913213716,0.314372791670068,0,0,0,0,0,0,0,0,7763.77272992673,5875.02394939413,1641.1934586694,3394.96330699995,925.447507031898,1266.13407258,1165.8950691352,3121.5398072689,298.296563870497,225.72781529344,63.2918149783114,130.94855350041,35.6876328104871,48.8270484439847,45.0205273556622,120.538120683566,18662.3793668288,14053.9651520028,4039.79655188707,8244.06160262889,2345.71720053249,3170.54025683703,2700.03844972757,7191.81393019929,717.038431097577,539.975818140876,157.012786421446,321.011346031889,91.6507826815508,123.994039978845,105.744389725318,281.834507192607,0,0,9.23980205272602,19.3204695871653,5.66731954380204,7.6915624390954,6.80982032358533,18.1581441547096,0,0,0,0,0,0,0,0,362.98616623191,287.165125676194,235.615536517386,504.019878640423,222.048494320314,310.663087145554,87.1397055217399,243.048166535993,13.9465089518428,11.0333433568251,9.06340316757438,19.3867951520383,8.53467853665969,11.9399927806864,3.35228037628424,9.34960106304609,250.583623484168,197.877565190139,304.943800700925,669.366769455436,300.014125509941,419.196919773194,150.530514744176,417.297725443751,9.62782351402753,7.60277249657822,11.7298448494269,25.7459336843623,11.5316836918353,16.1117118094404,5.78918061587362,16.0477813913025,0,0,46.7140166826602,111.521565829217,39.5126392006686,56.3425395168792,53.1863849762446,145.849884342407,0,0,0,0,0,0,0,0,874.709542633784,428.004559078732,1389.69493629314,1464.21777419632
"259",2011,170,21.5,1935.44897955969,1558.15522098201,507.484919001477,941.98511546606,123.113486946912,153.065295862829,63.6788175279853,153.576400623202,0,0,0,0,0,0,0,0,0,0,0.850591052056253,1.60825376898562,0.252177648796651,0.313148796815335,0.134161225152002,0.32056181345999,0,0,0,0,0,0,0,0,7756.10758833746,5862.75828871498,1633.41805049897,3369.92163203476,928.885787169758,1267.89370886918,1175.48367082615,3156.7856641096,298.002056872779,225.256548995279,62.9921517468156,129.982982291372,35.8202932389038,48.8950237230495,45.3915593907034,121.900775361842,18651.7281969394,14029.7125383798,4022.04182286208,8186.19358476271,2355.13820403108,3176.21838237954,2725.63425889299,7281.79629906655,716.629196700659,539.043993890134,156.324075087492,318.75923444553,92.0178672481134,124.213323242059,106.746658227656,285.354821351837,0,0,9.19889987070632,19.1818095292236,5.68989148714231,7.70477457583041,6.87325684530084,18.3812004242197,0,0,0,0,0,0,0,0,362.982109075309,286.788956950131,234.622033840085,500.493130072624,223.027882657782,311.263496150853,87.4125250655409,244.774912593758,13.9463530700167,11.0188903527537,9.0251982555112,19.2511696894566,8.57234764206012,11.9631254680836,3.36284163705155,9.41619870485907,250.829305526817,197.807540553331,304.021423805502,665.376582503828,301.623835382771,420.278970592517,150.35648459583,418.888610319475,9.63726301149202,7.60008203800338,11.6943916945802,25.5925263327833,11.593610294641,16.1534097731912,5.78261938462652,16.1093286151437,0,0,46.5539012537434,110.791317175303,39.6572246738852,56.3914820436695,53.7039087400892,147.569807765448,0,0,0,0,0,0,0,0,878.241283336335,429.508902508079,1396.08200322218,1470.07691548418
"260",2011,170,21.5833333333333,1929.36688838831,1552.75540620302,504.6543443009,934.945856363599,123.359954393903,153.448767769424,64.123576722615,156.695921086149,0,0,0,0,0,0,0,0,0,0,0.84529563728039,1.59458398361357,0.252706932728248,0.313959618255092,0.134923952530638,0.326600538601337,0,0,0,0,0,0,0,0,7748.18094285517,5850.32705932453,1625.71413619522,3345.13914566033,932.184653032972,1269.41029958489,1184.90063689559,3191.55628105192,297.697502477302,224.778921282458,62.6952240230811,129.027368735785,35.9475731825429,48.9536166565734,45.7559632040896,123.245096252428,18641.2277144737,14005.6746078457,4004.61626413897,8129.2726517119,2364.25682278465,3181.34988225824,2751.18455542736,7371.38571770505,716.225751943197,538.120418108144,155.648024190713,316.543741455516,92.3732590953896,124.411442609415,107.74727003758,288.860180160753,0,0,9.15811508416253,19.0444011161879,5.71167332562997,7.71657977359488,6.93642039567811,18.6030880860732,0,0,0,0,0,0,0,0,362.94653228996,286.395373870848,233.617936778908,496.97275109658,223.963342713737,311.800259989969,87.7454781539542,246.590079697674,13.9449861536378,11.0037682613843,8.98658404078508,19.11578522914,8.60832554915764,11.9838067966148,3.37571172055475,9.48618769194816,251.069975287588,197.734415257704,303.088141151014,661.395391553462,303.20827457401,421.32418703346,150.271477320585,420.614207240111,9.64650992906073,7.59727244715934,11.6585172335028,25.4394600826705,11.65456261101,16.1936862782857,5.77947796503025,16.1760467428903,0,0,46.393476620995,110.065447519005,39.7996159779747,56.4356354685872,54.223173912248,149.292349725017,0,0,0,0,0,0,0,0,881.772829664736,431.01122801304,1402.47397347136,1475.91989994898
"261",2011,170,21.6666666666667,1923.51869004922,1547.56797521526,501.94978355945,928.219389009715,123.570057677153,153.76373058527,64.5491879303318,159.688378925189,0,0,0,0,0,0,0,0,0,0,0.840138757155794,1.58133161966125,0.253159627593399,0.314628502437011,0.13567563967617,0.33247700712725,0,0,0,0,0,0,0,0,7740.01594655996,5837.74960408093,1618.08380518346,3320.62182062529,935.349027648121,1270.69521714358,1194.1627315646,3225.8785313608,297.383790262428,224.295675338519,62.4011138430947,128.081945351338,36.0696623884359,49.0032658620448,46.1143827008451,124.572114056225,18630.8623599435,13981.8380931874,3987.51083071782,8073.27596768482,2373.08017539282,3185.95168419985,2776.68302624008,7460.57056532542,715.827499005044,537.204581047334,154.984288675848,314.363991474772,92.7172297933828,124.589047956389,108.745978861415,292.350127362776,0,0,9.11753600072316,18.9083574177035,5.73268210873678,7.7270216316852,6.99929115970113,18.8237426058685,0,0,0,0,0,0,0,0,362.881356771772,285.985333658457,232.606837098782,493.464013601483,224.85699149251,312.275083813979,88.1267633345755,248.474042886073,13.9424820065989,10.9880138606444,8.94769868439947,18.9808446214134,8.64269362757239,12.0021023656835,3.39043707384344,9.55881411012839,251.303714755161,197.657097081462,302.143610888106,657.422385596381,304.763828977717,422.327422826129,150.273787916074,422.471512837347,9.65549057367197,7.59430175913795,11.6222082696435,25.2867037450114,11.714401643906,16.2323434289328,5.77969064369878,16.2478199666899,0,0,46.2327724927688,109.343990099605,39.9397538234057,56.4749832649476,54.7440952272622,151.017259306648,0,0,0,0,0,0,0,0,885.303884328512,432.511446803834,1408.87002683176,1481.74621219248
"262",2011,170,21.75,1917.89609035506,1542.58510633672,499.365687325464,921.791894978593,123.746621531124,154.015797647518,64.9564210562096,162.558721983184,0,0,0,0,0,0,0,0,0,0,0.835130688628841,1.56851011374522,0.25354023654409,0.315164686641905,0.136412799321084,0.338182707922459,0,0,0,0,0,0,0,0,7731.6314264748,5825.04182668049,1610.52798726375,3296.37290554863,938.382768054533,1271.75804712427,1203.28505117849,3259.7763473461,297.06164359249,223.807422208908,62.1098585609051,127.14683979382,36.1867096564649,49.0443412787783,46.467397901444,125.882746897768,18620.6197764274,13958.1922649815,3970.71726344191,8018.18251735882,2381.61549181615,3190.04069012761,2802.12445055302,7549.34136702664,715.433963113775,536.296070466077,154.332553761945,312.2191791406,93.050055545013,124.746788688983,109.742580594622,295.824289766407,0,0,9.07723379857696,18.7737674072862,5.75293588697315,7.73614431122161,7.06185557084734,19.0431147737547,0,0,0,0,0,0,0,0,362.78840581429,285.559774796214,231.591727583543,489.971375225271,225.710774684288,312.689811009975,88.5466998581636,250.410619728253,13.9389106827538,10.9716632085614,8.90865733224936,18.8465194325694,8.67552668463789,12.0180831274905,3.40664564719029,9.63345629079875,251.529151016403,197.574836627033,301.188258109258,653.458093084323,306.287853948083,423.284753018493,150.360348605444,424.455359243179,9.66415219580795,7.59114118088611,11.5854811151592,25.1342776635209,11.7730256696789,16.2692302945277,5.78313935565746,16.324449383412,0,0,46.0718354726173,108.627005529046,40.077588362526,56.5095230018293,55.2665920304155,152.744297418606,0,0,0,0,0,0,0,0,888.834168284499,434.00947507721,1415.26941442436,1487.55538266121
"263",2011,170,21.8333333333333,1912.49136064226,1537.79948340032,496.896827247318,915.650307971076,123.892312251591,154.210234145223,65.346031132594,165.311755440021,0,0,0,0,0,0,0,0,0,0,0.830278512112844,1.55612699147797,0.253853352978795,0.315577402134187,0.137132748666433,0.343711967938187,0,0,0,0,0,0,0,0,7723.04283567629,5812.21693156658,1603.04682042253,3272.39370954983,941.288959751737,1272.60701444057,1212.28109029428,3293.27091270479,296.731656199401,223.314669229453,61.8214649799858,126.222104993767,36.298834140393,49.0771605260089,46.8155274517944,127.177807659783,18610.4900957492,13934.7283762897,3954.22791851936,7963.9727273017,2389.8700217559,3193.63364562011,2827.50455098428,7637.69048302246,715.044765118542,535.394550292983,153.692528343291,310.10855464962,93.3720136181975,124.885308652479,110.736907570634,299.282365214777,0,0,9.03726539655788,18.6406998966264,5.7724531571128,7.74399182401968,7.12410511949216,19.261167947448,0,0,0,0,0,0,0,0,362.669399593591,285.119607072396,230.575085602253,486.498567853653,226.52645708294,313.046335078065,88.9973588918338,252.386486398157,13.9343382740183,10.9547512606558,8.8695553243393,18.7129533419033,8.70689259302406,12.03182199161,3.42403272255722,9.7096023825065,251.745342206253,197.487150591569,300.223038139407,649.503971012288,307.778485329832,424.193270409244,150.527160967187,426.559093136426,9.67245860750722,7.58777214313543,11.5483724881947,24.982237912748,11.8303629769034,16.3042350885699,5.78967028934142,16.4056790733404,0,0,45.9107246342876,107.914574099564,40.2130781607403,56.5392645759089,55.7905879811987,154.473235874988,0,0,0,0,0,0,0,0,892.363419756826,435.505233890195,1421.67144950368,1493.34698383706
"264",2011,170,21.9166666666667,1907.29725492961,1533.20422659476,494.53826461813,909.782247678098,124.009643591631,154.351974225496,65.7187568695488,167.952142445194,0,0,0,0,0,0,0,0,0,0,0.82558671172003,1.54418501388103,0.254103579960377,0.315875752101185,0.13783347485233,0.349061453669254,0,0,0,0,0,0,0,0,7714.2629493962,5799.28596533237,1595.63989870156,3248.68414228086,944.070130082195,1273.24930147039,1221.16283119649,3326.38086482434,296.394318927995,222.817840827931,61.5359188814037,125.307739906859,36.4061335392388,49.1020011167777,47.1592320354946,128.458011705407,18600.4654182634,13911.4392569998,3938.03564982228,7910.62820032415,2397.85097316186,3196.74705189669,2852.81986570104,7725.61185071623,714.659601502572,534.49974504085,153.063940431077,308.031413463914,93.683379945122,125.005242688959,111.728823628971,302.724112612986,0,0,8.9976758486973,18.5092068773333,5.79125252694034,7.75060760766268,7.18603533419629,19.4778757323007,0,0,0,0,0,0,0,0,362.525954639534,284.665706014914,229.558953014214,483.048695928985,227.305631903057,313.34655209461,89.4722637201895,254.390699150902,13.9288268900548,10.93731165611,8.8304712632527,18.5802659154921,8.73685264482664,12.0433919902141,3.44234939284568,9.78683197047696,251.951690233067,197.393764403128,299.249260460594,645.562096794307,309.234481608191,425.050906393003,150.769617900743,428.775088726227,9.68038682913261,7.58418409639281,11.5109327415863,24.8306644489149,11.8863658005026,16.3372782840989,5.79910625850522,16.4912158015096,0,0,45.7495080926783,107.20678989357,40.3461893106117,56.5642287035113,56.3160108838645,156.203856854606,0,0,0,0,0,0,0,0,895.891393177772,436.99864897088,1428.0754986141,1499.12062577468
"265",2012,170,22,1902.03044900439,1528.37479188479,491.842222594357,903.862438505612,124.082610572876,154.297364649547,66.1299679715142,170.625030694388,0,0,0,0,0,0,0,0,0,0,0.82102460894154,1.53273154703674,0.254261938945742,0.315767171660072,0.138619408855505,0.354526987881495,0,0,0,0,0,0,0,0,7706.56346905911,5787.2100690498,1587.19638610231,3224.53260984787,946.606279435379,1272.47471464828,1230.2896809113,3360.43811467682,296.098492580672,222.353865581352,61.2105412279947,124.376430303087,36.503980243071,49.07219240443,47.5123710230547,129.77471959648,18593.0309025135,13890.0147848173,3919.27914248121,7856.2633373923,2405.23321770062,3196.31158538402,2878.91705439615,7816.31526411398,714.373956027525,533.676582513841,152.336877774363,305.915529355766,93.9714539296022,124.98656088812,112.751378310587,306.275079698613,0,0,8.95823604729366,18.3800329165368,5.80858565421521,7.74858001987654,7.24970171147938,19.7010863073805,0,0,0,0,0,0,0,0,362.48657346141,284.268906325858,228.527201889417,479.649520675883,228.075657886641,313.334151277911,90.0580859064566,256.755464077326,13.9273138027573,10.9220659774557,8.79078776130261,18.4495274227827,8.76645849482942,12.0429420882273,3.46492827936965,9.87791469845755,252.188681090501,197.326181073609,298.234428478109,641.635539948194,310.614301876091,425.444177039081,151.180676046552,431.526415116293,9.68949239730089,7.58158743675437,11.4719136305946,24.6796767986701,11.9394373550888,16.352467179166,5.8150207059949,16.5973203202408,0,0,45.5891405963586,106.509753221944,40.4714986038615,56.529901700607,56.8563922815073,157.993842890892,0,0,0,0,0,0,0,0,899.329937187253,438.450287582313,1434.32052902574,1504.722681066
"266",2012,170,22.0833333333333,1896.87204644175,1523.60241297209,489.137235165403,898.108021138995,124.121261238276,154.160029570004,66.5374518561349,173.224750470647,0,0,0,0,0,0,0,0,0,0,0.816485261992206,1.52161952256611,0.254355547525593,0.315486967896522,0.139411585433426,0.359883822290722,0,0,0,0,0,0,0,0,7699.11526216557,5775.35219701198,1578.5689323181,3200.52063159866,948.992016220907,1271.19752645687,1239.44231811244,3394.57738726204,295.812320560879,221.898267174915,60.878079768005,123.450493011819,36.5960225780045,49.0229921264641,47.8664843596299,131.094556710415,18586.3409445393,13869.1901914618,3900.02917095399,7802.20163145056,2412.22101649005,3194.57262414704,2905.16808276063,7907.42197489945,714.116917641193,532.876468291749,151.590845459711,303.811550985863,94.2442258892249,124.917059764254,113.780061943844,309.842229632205,0,0,8.91797895411265,18.2517544966049,5.82500713118815,7.74340174459717,7.31365104773254,19.9251161398751,0,0,0,0,0,0,0,0,362.455187286692,283.877525796389,227.467586829054,476.261204422315,228.808470339641,313.190537491691,90.6726932449538,259.181891015854,13.9261078962634,10.9070285115801,8.75003242698951,18.3192045697928,8.79463154811149,12.0374448355932,3.48861150720934,9.9713619677999,252.426720732715,197.258980820548,297.196387834912,637.71263569989,311.947391748061,425.665816824167,151.684998153423,434.48499181777,9.69863826144809,7.57900549552701,11.4320006725231,24.5288256443835,11.9907094683927,16.3610534041319,5.83451747360672,16.7113826369678,0,0,45.4287232038547,105.818689720102,40.5927085517501,56.4758427035599,57.4018964044027,159.800718214878,0,0,0,0,0,0,0,0,902.742574940864,439.888477034287,1440.51979508588,1510.2596110357
"267",2012,170,22.1666666666667,1891.89887136779,1519.00561647323,486.550309420528,892.601827575126,124.132964045352,153.987739319587,66.9257074053119,175.713806224388,0,0,0,0,0,0,0,0,0,0,0.811989702229842,1.51083633296383,0.254395806946497,0.315130781797749,0.140177093039297,0.365043683309921,0,0,0,0,0,0,0,0,7691.54048940107,5763.42704180764,1570.07654923685,3176.84265341217,951.260460245447,1269.77404952784,1248.52452882944,3428.41918842867,295.521285677923,221.440083641623,60.5507926271929,122.537394087469,36.6835386071396,48.9681430270873,48.2178616227389,132.402888536185,18579.6780997494,13848.4761778265,3881.1210735803,7748.98324903085,2418.91670584225,3192.45126140172,2931.32470465509,7997.9924945031,713.860920976436,532.080602720309,150.857932333787,301.740170345338,94.5056877663739,124.832747596437,114.805182745815,313.388808829902,0,0,8.87709669041331,18.1242593535382,5.84073671663464,7.73728860048565,7.37728244002048,20.147655913613,0,0,0,0,0,0,0,0,362.396072656403,283.471919778022,226.389287473523,472.881010155862,229.498079828276,312.994188802393,91.286436825357,261.566939448407,13.9238366181546,10.8914444796732,8.70855734671965,18.1891914008338,8.82114167560837,12.0299167428454,3.51225916874031,10.0632132742676,252.654971020628,197.184060122054,296.144810330059,633.796665421294,313.245654062607,425.837347819149,152.248132696552,437.512066333678,9.70740800293988,7.57612692244065,11.3915654779076,24.3782369458008,12.0406396680713,16.3677078740105,5.85627212694997,16.8280697542881,0,0,45.2679088795936,105.131870812913,40.7113887015077,56.4181043494509,57.948542664588,161.607450771665,0,0,0,0,0,0,0,0,906.154784911575,441.324648558923,1446.71902654313,1515.77527552304
"268",2012,170,22.25,1887.10796665843,1514.58085359014,484.0770768334,887.334614347461,124.120306690083,153.784373256474,67.2956624221225,178.096948717525,0,0,0,0,0,0,0,0,0,0,0.807562266511519,1.5003933715203,0.254385078466807,0.314705040722981,0.140914743942032,0.370008180206447,0,0,0,0,0,0,0,0,7683.82405813287,5751.42467979596,1561.70802623994,3153.47876959489,953.409376113937,1268.20232404718,1257.53862613458,3461.95952820829,295.224808048719,220.978933699325,60.2282517551493,121.636371889294,36.7664428166382,48.9075710001319,48.5665923469524,133.699562070091,18573.0563962244,13827.8819179916,3862.55211656714,7696.60063110551,2425.33081188718,3189.96556009471,2957.3888457624,8088.03486337667,713.606505014744,531.289338282329,150.138038974428,299.701104102722,94.7562442587479,124.734321248704,115.826813501376,316.915124309095,0,0,8.83582540451761,17.9977315509538,5.85577655743567,7.73026913667663,7.44059503003291,20.3687017762212,0,0,0,0,0,0,0,0,362.311231333897,283.05307199575,225.298612537349,469.515263247522,230.147097253147,312.748493032551,91.898456731382,263.913457862177,13.9205768793802,10.8753516780221,8.66660500782682,18.059731206346,8.84608931706904,12.0204882438159,3.53583828535381,10.1535782888931,252.874385484898,197.102700069325,295.081026824658,629.892679956327,314.509187204063,425.960428892521,152.864367298988,440.596988036684,9.71583825794907,7.57300093906782,11.3506592555846,24.2281050828145,12.0892317570315,16.3724944623927,5.88006505313599,16.9469723667251,0,0,45.1066756758817,104.449393376152,40.8275516050644,56.3567723667018,58.4963159971065,163.413991887484,0,0,0,0,0,0,0,0,909.566315569432,442.7587326595,1452.91737366757,1521.26929432323
"269",2012,170,22.3333333333333,1882.49599554624,1510.32431484121,481.713248514949,882.297322936883,124.08568559891,153.553505363503,67.6482020049235,180.378742963537,0,0,0,0,0,0,0,0,0,0,0.803221853282168,1.49029749044429,0.254326245252541,0.314216166308825,0.141623880016356,0.374780130569821,0,0,0,0,0,0,0,0,7675.95536374384,5739.33857179987,1553.45414858462,3130.41310916267,955.437555512827,1266.48197156729,1266.4866885889,3495.19496983833,294.922480226918,220.514566102383,59.9101054515194,120.746819335968,36.8446891270217,48.8412625895293,48.9127570560001,134.984445540533,18566.4862599071,13807.4139282592,3844.31864513565,7645.04448583279,2431.47307406978,3187.1322973907,2983.36218939594,8177.55610213217,713.354070337702,530.502925344538,149.431030166184,297.694001459805,94.9962697977854,124.622428044825,116.84501751461,320.421443424352,0,0,8.79435579489393,17.8723154233013,5.8701329496651,7.72237256301937,7.50358991178196,20.588252941072,0,0,0,0,0,0,0,0,362.202426668484,282.621844234002,224.200500727551,466.168759240629,230.757665228033,312.456240934283,92.5080907843747,266.223860161655,13.9163964306405,10.8587832177629,8.62436527547942,17.9310084958202,8.86955691091126,12.0092668165755,3.55932347380453,10.2425499575874,253.085704446752,197.015902708378,294.006777049134,626.005265013506,315.73817515268,426.036596533829,153.528387458363,443.730416120383,9.72395747080121,7.5696660456189,11.3093489161769,24.0786065340884,12.1364928388029,16.375472360413,5.90569194665726,17.0677315307421,0,0,44.9450310266974,103.771360810647,40.9412042108932,56.2919260483315,59.0451947938926,165.220276864112,0,0,0,0,0,0,0,0,912.976933526712,444.190664621745,1459.11408913696,1526.74134834734
"270",2012,170,22.4166666666667,1878.05937714774,1506.23203657345,479.454635540325,877.481116118207,124.031329972378,153.298442238535,67.9841739396308,182.563585066376,0,0,0,0,0,0,0,0,0,0,0.798983180126427,1.48055208319127,0.254222481029133,0.3136704479454,0.142304234414823,0.379363222213027,0,0,0,0,0,0,0,0,7667.92702935331,5727.16458334948,1545.30725032248,3107.63276956983,957.344543075438,1264.6137498382,1275.3705223985,3528.12245420514,294.614018780968,220.046821997851,59.5960612525629,119.868243040467,36.9182603725502,48.7692479152094,49.2564258048888,136.257421667388,18559.9755105822,13787.0768219522,3826.41636305341,7594.30435217508,2437.35260683759,3183.96721808254,3009.24625082871,8266.56246725263,713.103917394137,529.721541158159,148.736745705605,295.71846597752,95.2261147960186,124.497675558651,117.859851528484,323.908003856705,0,0,8.75284389262736,17.748125366064,5.88381497665999,7.71362836094606,7.56626945865357,20.8063106720193,0,0,0,0,0,0,0,0,362.071234569663,282.179006372129,223.098889937996,462.845212839143,231.331594198025,312.119817413147,93.114820876394,268.500208252052,13.9113558208987,10.8417686788914,8.58198956989403,17.8031662425267,8.89161412486653,11.9963443301479,3.58269488472909,10.3302076798668,253.289525316236,196.924470894034,292.923982118096,622.138527136961,316.932864036318,426.067277570762,154.23528002122,446.904121123677,9.73178859494576,7.56615308906001,11.2677083386765,23.9298993492778,12.1824324138937,16.3766965601392,5.93296394028318,17.1900310310395,0,0,44.7830034113636,103.097879653329,41.0523504936007,56.2236407274611,59.5951532174495,167.026230514982,0,0,0,0,0,0,0,0,916.386420543806,445.620383700631,1465.30850135035,1532.19116297615
"271",2012,170,22.5,1873.79433879771,1502.29994328956,477.297160419212,872.877399919755,123.959308241606,153.022233672502,68.3043897132103,184.655703500532,0,0,0,0,0,0,0,0,0,0,0.794857280063241,1.47115753112563,0.254077161775082,0.313073991188807,0.14295587667066,0.383761873213013,0,0,0,0,0,0,0,0,7659.73446017533,5714.90063379542,1537.26103556681,3085.12740827208,959.130541104262,1262.59938756551,1284.19166555809,3560.73927792283,294.299247171845,219.575621443853,59.2858790877163,119.000247653678,36.9871646443568,48.6915943342234,49.597658335267,137.518386820145,18553.5297136391,13766.8735782118,3808.84044354867,7544.36881804841,2442.97795049034,3180.48511393591,3035.04239451511,8355.05952534106,712.856260015405,528.945300186544,148.055004679928,293.77406401251,95.4461076141051,124.360634680916,118.871366409878,327.375016522794,0,0,8.71141516762693,17.6252495077032,5.89683400707216,7.70406610767828,7.62863704166378,21.022877902101,0,0,0,0,0,0,0,0,361.919061105371,281.725246569945,221.996852398758,459.547413504508,231.870409308506,311.741263991343,93.7182521697197,270.744246044686,13.9055090735337,10.8243345016081,8.53959605601891,17.6763118600728,8.91231965744329,11.9817994449013,3.60593740352143,10.4166186173754,253.486324979334,196.829036061165,291.83467008658,618.296109065377,318.09355286805,426.053800736625,154.980530317289,450.110895487964,9.73934995310506,7.5624863301287,11.2258155114315,23.7821237411542,12.2270620224716,16.376218295824,5.961707493866,17.3135939403467,0,0,44.6206389407575,102.429057980478,41.1609924279369,56.1519886529938,60.1461620182927,168.831769075228,0,0,0,0,0,0,0,0,919.794572586554,447.047832890112,1471.50000535972,1537.61850292184
"272",2012,170,22.5833333333333,1869.69698762471,1498.52390389474,475.236867332315,868.477841973372,123.871541482651,152.72769419742,68.6096272185135,186.659167440402,0,0,0,0,0,0,0,0,0,0,0.790852215861455,1.46211182932935,0.253893746668895,0.312432656625726,0.143579135286174,0.387981039917534,0,0,0,0,0,0,0,0,7651.3751822351,5702.54618303055,1529.31032394395,3062.88866684027,960.79626298107,1260.4413447402,1292.95138608702,3593.04301946386,293.978070345482,219.100943688609,58.9793615358964,118.142513793538,37.0514296639767,48.6083972474569,49.9365040043196,138.767248181998,18547.1527038146,13746.8059375538,3791.58568124994,7495.22581889921,2448.35715666899,3176.69995687431,3060.75186845872,8443.05228668234,712.611245538415,528.174269303072,147.385611337982,291.860336278441,95.656557862994,124.211844762584,119.879608504179,330.822670794022,0,0,8.67017051855341,17.5037550804766,5.90920298392752,7.6937152596273,7.69069666277784,21.2379587081205,0,0,0,0,0,0,0,0,361.747170202418,281.261187026094,220.896791936296,456.277457050067,232.375420885171,311.32237390573,94.3180839083433,272.9574492658,13.8989047506347,10.8065045917798,8.49727721862983,17.5505260981848,8.93172394664635,11.9657012668519,3.629039529033,10.5018396107735,253.676494367101,196.730099659418,290.740869570276,614.481203801953,319.220581483453,425.997409271414,155.760011993483,453.344426083651,9.7466565654755,7.55868503532226,11.1837484472803,23.6354026306087,12.2703947792139,16.3740855245901,5.99176400207352,17.4381777169664,0,0,44.4579966649765,101.76500341773,41.2671313254685,56.0770402251242,60.6981897448815,170.636803128484,0,0,0,0,0,0,0,0,923.201198184631,448.472958500651,1477.68804904548,1543.02316398558
"273",2012,170,22.6666666666667,1865.76336249102,1494.89977232066,473.269928610764,864.274382938757,123.769814162974,152.417420522993,68.9006327796331,188.577893203027,0,0,0,0,0,0,0,0,0,0,0.786973628282933,1.45341107040517,0.253675694484492,0.311752020594082,0.144174539147793,0.392026070787503,0,0,0,0,0,0,0,0,7642.8483598739,5690.10185810789,1521.45085444093,3040.90974446729,962.342824298135,1258.14263542543,1301.65069069911,3625.03149212275,293.650456194532,218.622812824498,58.6763463173364,117.294781700115,37.1110986042992,48.5197733016443,50.2730021150514,140.003921944582,18540.8469680593,13726.8746899085,3774.64660467019,7446.86285473363,2453.4978521749,3172.62499802696,3086.3758272921,8530.54530377442,712.368969515978,527.408478858111,146.728359436652,289.976806251474,95.8577588678088,124.051817438066,120.884620546828,334.251138345963,0,0,8.62919080836814,17.383692452733,5.92093591460595,7.68260499352491,7.75245268905405,21.4515579409192,0,0,0,0,0,0,0,0,361.556704615455,280.787395548726,219.800589040219,453.036912004671,232.847775526629,310.864758798673,94.914087891754,275.14106545707,13.891586758663,10.7883007655037,8.45510543330757,17.4258694333375,8.94987113374437,11.9481119107404,3.65199254658006,10.5859187190308,253.860362460036,196.628063113129,289.6445406514,610.696576427379,320.314321747825,425.899272448661,156.569971757701,456.599188534971,9.75372107201412,7.5547646280056,11.1415825299824,23.4898424873531,12.3124450341797,16.3703433665597,6.02298920678563,17.5635701408345,0,0,44.2951450297296,101.105821637534,41.3707687636012,55.9988648465966,61.251203610427,172.441239729645,0,0,0,0,0,0,0,0,926.606117162633,449.895709843712,1483.87212310965,1548.40496725439
"274",2012,170,22.75,1861.98947022638,1491.42341544963,471.392647379541,860.259240689869,123.655783575264,152.093807052212,69.1781227621157,190.415649832158,0,0,0,0,0,0,0,0,0,0,0.783225171662754,1.44504983299991,0.253426409518241,0.311037356374683,0.144742772432023,0.395902593477756,0,0,0,0,0,0,0,0,7634.15445313118,5677.56918926903,1513.67912754164,3019.18507801883,963.771664287754,1255.70669848799,1310.29034788858,3656.70272758629,293.316422394448,218.141287645851,58.3767002514454,116.456838974606,37.1662270728783,48.4258554300173,50.6071828006136,141.228332677949,18534.6139186382,13707.0798788629,3758.01755919923,7399.26714480746,2458.40728675812,3168.27284263876,3111.91534456779,8617.54273890722,712.129486209761,526.647930526318,146.083035448693,288.122986165294,96.0499895105801,123.881039513795,121.886442152289,337.660575797729,0,0,8.58854038335464,17.2650982023122,5.9320475183838,7.67076409421629,7.81390966021997,21.6636809717033,0,0,0,0,0,0,0,0,361.34870210896,280.304393950291,218.709706873465,449.826934536111,233.288491226375,310.369891498681,95.5060923905676,277.29614800607,13.8835949701895,10.7697430716486,8.41313703782994,17.3023864841519,8.96680041353569,11.9290881449012,3.67478990996383,10.6688965288226,254.038211294738,196.523248702323,288.547539074072,606.944600763357,321.375171117586,425.76049838934,157.407005995142,459.870349243612,9.7605543090182,7.55073749069273,11.0993891383857,23.3455347393733,12.3532281242704,16.3650345946864,6.05525229725893,17.6895855459082,0,0,44.132159165484,100.451615246333,41.4719071653488,55.9175314535904,61.8051700700423,174.244983830382,0,0,0,0,0,0,0,0,930.009159604109,451.316038987936,1490.05175401396,1553.76375528146
"275",2012,170,22.8333333333333,1858.37131582448,1488.090736154,469.601458839277,856.424911893235,123.530988590309,151.759060304072,69.4427850539839,192.176064494534,0,0,0,0,0,0,0,0,0,0,0.779608888378522,1.4370215148551,0.253149198452402,0.310293622007392,0.145284636238819,0.399616418925021,0,0,0,0,0,0,0,0,7625.29492643014,5664.95038675449,1505.99226936927,2997.71007278577,965.084477593713,1253.13728776044,1318.87090995913,3688.05495895972,292.976025210711,217.656453073641,58.080314057287,115.628510261945,37.2168804921574,48.3267886382842,50.9390678686358,142.440412679949,18528.454125659,13687.4209746471,3741.69277668512,7352.42575608569,2463.09237511956,3163.65551552113,3137.37142358024,8704.04842477288,711.892817524394,525.892603953079,145.4494212533,286.298381991926,96.2335158490041,123.69997549097,122.885110243881,341.051127077385,0,0,8.54827008806282,17.1479977436438,5.94255293524793,7.65822086375403,7.87507213578909,21.8743334906977,0,0,0,0,0,0,0,0,361.124109640914,279.812665265624,217.62528079874,446.64836513706,233.698487212294,309.839141769598,96.0939687928679,279.423586082037,13.8749657688543,10.7508500691853,8.37141577061416,17.1801097262411,8.98254718151774,11.9086827658472,3.69742672839456,10.7508073063814,254.210288479431,196.415917220124,287.451589420152,603.227292720245,322.403547312363,425.582144590194,158.268037515533,463.15367938705,9.76716578999184,7.54661364347244,11.0572346155384,23.2025570549175,12.3927601676009,16.3582000372926,6.08843501543165,17.816061513096,0,0,43.9691186001557,99.8024828731654,41.5705502593095,55.8331089336224,62.360055300945,176.04793949393,0,0,0,0,0,0,0,0,933.410164925623,452.733900542992,1496.22649801614,1559.09938884873
"276",2012,170,22.9166666666667,1854.90492530928,1484.89769042606,467.892929898308,852.764170465171,123.396857630223,151.415212122609,69.6952803596743,193.862627496635,0,0,0,0,0,0,0,0,0,0,0.776125517692641,1.4293186077798,0.252847240734029,0.309525456728897,0.145801017659369,0.403173464091303,0,0,0,0,0,0,0,0,7616.27202181321,5652.24816828216,1498.38791871444,2976.4808889535,966.283159938495,1250.43838565354,1327.3927374838,3719.08661144669,292.629350786177,217.168413526936,57.7870980302898,114.80964906913,37.2631320129142,48.2227266900473,51.2686717393855,143.640101619669,18522.3674986714,13667.8970082639,3725.66642989495,7306.325701416,2467.55973137808,3158.78451485378,3162.74500463121,8790.06591260276,711.65895998482,525.142461907947,144.827296243243,284.502497251505,96.4085924434414,123.509069637607,123.880659343268,344.422925298964,0,0,8.50841972190126,17.0324074482389,5.95246750890944,7.64500305460809,7.93594458336514,22.0835213640159,0,0,0,0,0,0,0,0,360.883795140135,279.31265949112,216.548188518031,443.501802093203,234.078606749456,309.273802209574,96.6776212047707,281.524130420335,13.8657325018707,10.7316390476948,8.32997546475106,17.0590623153527,8.99714391063165,11.88694559441,3.71989936689957,10.8316799895847,254.376816100197,196.306281519162,286.358271216527,599.546344857781,323.399884088726,425.365227219839,159.150290915121,466.44547853582,9.77356404783765,7.54240126448313,11.0151797343171,23.0609746706484,12.4310579003681,16.3498789336361,6.12243070808654,17.9428559331593,0,0,43.8061054361556,99.1585184825231,41.6667033845196,55.7456664005376,62.9158255519918,177.850010803336,0,0,0,0,0,0,0,0,936.808981077864,454.149251477862,1502.39593657196,1564.4117445469
"277",2013,170,23,1851.68590104552,1481.69668316652,465.691672515919,848.795248975127,123.222706191224,150.804182763817,70.0198374061462,195.885194055665,0,0,0,0,0,0,0,0,0,0,0.772665158755042,1.42166809253556,0.252463741999344,0.308207367310119,0.146451003284238,0.407366922360197,0,0,0,0,0,0,0,0,7608.59186344536,5640.66307205777,1489.40845502808,2953.89984908836,967.141498614946,1245.46197005059,1336.34515471437,3752.57548724349,292.334266819811,216.723295603466,57.4410318190363,113.938796506102,37.2962580678451,48.03083137774,51.6148657523915,144.934527796756,18519.7076911219,13650.9810954435,3706.1681769633,7256.96835369053,2471.209354592,3148.20098739601,3189.23849662392,8882.43699030004,711.556766315937,524.492525452517,144.071703698948,282.58110268985,96.5517843793715,123.094875733638,124.920006659666,348.043297580384,0,0,8.46796413270855,16.9151961605357,5.96039296561319,7.61793407534499,7.99942251260282,22.3077883132723,0,0,0,0,0,0,0,0,360.751646359004,278.87234766372,215.417115813244,440.274876738915,234.415884162353,308.160404715679,97.3696182489319,284.207136050473,13.8606551347951,10.7147215631142,8.28646128645897,16.93492506514,9.01009232429807,11.8441417092768,3.74653599404912,10.9349381985874,254.58704524401,196.234541562946,285.205297535958,595.763806347116,324.287415848024,424.370178450262,160.188235929791,470.595760852637,9.78164138807463,7.53964490060973,10.9708308134859,22.9154834197102,12.4651706233344,16.3116445641127,6.16240903916258,18.1026437943816,0,0,43.6411478395535,98.5045210717341,41.7504232375129,55.5587567085616,63.4912299976918,179.767290608924,0,0,0,0,0,0,0,0,940.140835879989,455.543251476689,1508.44100674558,1569.62728760914
"278",2013,170,23.0833333333333,1848.59511278694,1478.61147012979,463.562667368503,844.977949083307,123.03504210969,150.184398915543,70.3322312139338,197.837975997439,0,0,0,0,0,0,0,0,0,0,0.769192852974417,1.41422869307372,0.252057234140998,0.306868776502594,0.147081263357121,0.411426709633521,0,0,0,0,0,0,0,0,7600.86709725597,5629.07561788641,1480.50152943961,2931.56684551318,967.878891871837,1240.31973021406,1345.27622165608,3785.90985370652,292.037468949607,216.278087083902,57.0977390132076,113.077483797704,37.3247197394144,47.8325394748933,51.9602208834147,146.222966362598,18517.2198039736,13634.2670918961,3686.84724536815,7208.20634051051,2474.58677374989,3137.21866722885,3215.68135277979,8974.482214905,711.461178095569,523.850346674992,143.322903506287,280.682759015424,96.6844137629313,122.665157209714,125.957485060011,351.651276827394,0,0,8.42667702595921,16.7983829828535,5.96768049440463,7.58989973873654,8.06275202040033,22.5311568218117,0,0,0,0,0,0,0,0,360.60589344435,278.426488415938,214.267911847917,437.057444798129,234.716445266575,306.996030905914,98.0489573397338,286.814410207679,13.855055075146,10.697590937772,8.24224949562443,16.8111521229232,9.02162796662251,11.7993767269105,3.77268427079684,11.0352812239172,254.794265217215,196.160140538024,284.046098045426,592.002110603984,325.140331627292,423.30939242141,161.247588882403,474.763240798848,9.78960311115787,7.53678629422178,10.9262413403591,22.7707912350707,12.4979501477316,16.270879705409,6.20320760166742,18.2630856894909,0,0,43.4759773719953,97.8549195270677,41.8311428451466,55.3660430515426,64.0682487484723,181.687079518135,0,0,0,0,0,0,0,0,943.468342172075,456.934149192261,1514.47340130947,1574.81096846475
"279",2013,170,23.1666666666667,1845.62749560615,1475.64779547985,461.530245848189,841.329561087939,122.837062354467,149.569905479803,70.6292709955859,199.705465482078,0,0,0,0,0,0,0,0,0,0,0.765738742101068,1.40702065437924,0.251630866614616,0.30553738296127,0.147683978321675,0.415318711768085,0,0,0,0,0,0,0,0,7593.0051461915,5617.4140830396,1471.72605219783,2909.53863852712,968.503759501366,1235.11117644792,1354.15734970105,3818.93821827834,291.735400217119,215.830032266319,56.7594860501974,112.227897463738,37.3488421880497,47.6316895883509,52.3036358839921,147.499578040855,18514.7623269105,13617.6495052079,3667.88173792216,7160.22581836367,2477.72968212423,3126.11167028259,3242.02052381746,9065.88997850006,711.366758271401,523.211872388112,142.587748323272,278.814653195793,96.8079481548275,122.230626819254,126.991022481273,355.234680854483,0,0,8.38484936739168,16.6823023053239,5.97439157611406,7.56154316320359,8.1257923828959,22.7528387620416,0,0,0,0,0,0,0,0,360.441827019517,277.97235510693,213.108870007707,433.859434920505,234.982449767049,305.807405505021,98.7121684693651,289.3285186927,13.8487513811417,10.6801424097667,8.19765868996457,16.6881251104768,9.03183390549682,11.753677949023,3.79821083869685,11.1320390279699,254.997618805094,196.082729615388,282.884269370884,588.271466349159,325.96356463678,422.221814585701,162.319030494082,478.898885837127,9.79741628152731,7.53381204275099,10.8815496356574,22.6272908686261,12.5295861727425,16.229081505475,6.2444681868533,18.422297027198,0,0,43.3106336863421,97.210476276155,41.9093754415663,55.1722434004893,64.6460150463999,183.603916504764,0,0,0,0,0,0,0,0,946.794418356205,458.322800515739,1520.4980256649,1579.9660065724
"280",2013,170,23.25,1842.78245555883,1472.80422451435,459.590941543899,837.844293378158,122.630432180899,148.96202363803,70.9118239776611,201.491854530185,0,0,0,0,0,0,0,0,0,0,0.762325724865443,1.40005048860199,0.251185641162586,0.304215331733078,0.148259288306237,0.419047567192206,0,0,0,0,0,0,0,0,7584.98983898304,5605.6676617596,1463.07241142293,2887.79842470404,969.015172798583,1229.83453510989,1362.98366555276,3851.64285334049,291.427439296337,215.378715976225,56.4259058871431,111.389393922357,37.3685898554549,47.4282139689459,52.6449239267015,148.763681810757,18512.3495498443,13601.1377931327,3649.26809582062,7113.01934684007,2480.64730810878,3114.89132265254,3268.25994151488,9156.67544189078,711.274055884842,522.57746597388,141.866107065508,276.976505145367,96.9227432849564,121.791722630849,128.02077010714,358.794095106219,0,0,8.34270548284457,16.5671222296225,5.98052665555796,7.53287670619817,8.18854131182617,22.9728376646606,0,0,0,0,0,0,0,0,360.260540648871,277.510372080463,211.944713532377,430.684608257259,235.215337104868,304.596296751419,99.3611053462899,291.760767047934,13.8417860692739,10.6623922830644,8.15287037304281,16.5659886130275,9.04076551793538,11.707113458683,3.82318702683079,11.2256463135845,255.198175065447,196.003520087094,281.720889190945,584.575050344821,326.758077215486,421.110428604064,163.400181273037,482.996970574584,9.80512197409325,7.5307686859752,10.836797181409,22.4851046392206,12.5601157638509,16.1863648385724,6.28609938418137,18.5800579544338,0,0,43.1450967523502,96.5712343525676,41.9851559858194,54.9774462369821,65.2245435556933,185.517873180775,0,0,0,0,0,0,0,0,950.118900634403,459.709165240846,1526.51426132334,1585.09232366141
"281",2013,170,23.3333333333333,1840.05888391846,1470.07894457556,457.74131958557,834.516373566912,122.416669349261,148.361913658059,71.1807091920686,203.201133183813,0,0,0,0,0,0,0,0,0,0,0.758971777000736,1.39332196596275,0.250723041139259,0.302904775609972,0.148807621013854,0.422618395521911,0,0,0,0,0,0,0,0,7576.81011122593,5593.82935793504,1454.53291707576,2866.3331489321,969.413311901632,1224.48973652707,1371.75104226267,3884.00857195074,291.11316107514,214.923869411834,56.0967050401561,110.561473275583,37.3839697939449,47.2221103018417,52.9839267941574,150.014694093793,18509.9917137004,13584.7384506899,3631.00188292406,7066.57781865735,2483.3481021633,3103.56782629208,3294.40284201905,9246.85160901924,711.183464408767,521.947376981319,141.157814477908,275.167969813885,97.0291248499906,121.348839202121,129.04685212637,362.330021375329,0,0,8.30042673402247,16.4529749600535,5.98609050361879,7.5039143683803,8.25099727926707,23.1911569169163,0,0,0,0,0,0,0,0,360.062973029094,277.040890929593,210.77912160334,427.535721104301,235.416327213588,303.364155299586,99.9972854035954,294.120485921042,13.8341952057705,10.6443540664326,8.10802595390278,16.4448486171268,9.04846973655675,11.6597391160447,3.84767123048396,11.3164618531155,255.396665761958,195.92338185338,280.557210835951,580.915403982245,327.524561072271,419.977582645945,164.489041926459,487.053632343515,9.81274830438676,7.52768964685264,10.7920321887227,22.3443304005797,12.5895655810696,16.1428201454738,6.32802439808568,18.7362202041477,0,0,42.9793731207841,95.9372418042507,42.0585115118627,54.7817288334188,65.8038392299573,187.428996258027,0,0,0,0,0,0,0,0,953.44163476406,461.093205132581,1532.52155697684,1590.18987468985
"282",2013,170,23.4166666666667,1837.45531051631,1467.46988640506,455.978002826003,831.340100796177,122.197164841344,147.770599983014,71.4367040894787,204.837111429925,0,0,0,0,0,0,0,0,0,0,0.755691046965471,1.38683672612112,0.250244834658129,0.301607806304132,0.149329606475839,0.426036623609643,0,0,0,0,0,0,0,0,7568.45859051279,5581.89490288648,1446.10132270778,2845.13244537746,969.699117061125,1219.07786790295,1380.45593085848,3916.0223191583,290.792282293846,214.465328563655,55.7716452640821,109.743738700243,37.3950182758072,47.0134207070565,53.3205084236584,151.2521130943,18507.6961191065,13568.4558402249,3613.07806504643,7020.89101001469,2485.83991294778,3092.15052039537,3320.45192786523,9336.42979333665,711.095264345122,521.321773018698,140.462681942513,273.388658517885,97.1273953332748,120.902337707287,130.069372034091,365.842895926686,0,0,8.25816142447316,16.339965388425,5.99109090829562,7.47467129736019,8.31315927035203,23.4077997261026,0,0,0,0,0,0,0,0,359.849948376365,276.564214615757,209.615010850436,424.414834774325,235.586501725771,302.112243558751,100.621965277528,296.415462851361,13.8260104583351,10.626039400134,8.06323755560576,16.3247844105495,9.05498817238763,11.6116035319155,3.87171181355922,11.4047850877697,255.593589243199,195.842941479595,279.394545563557,577.294548766644,328.263527211414,418.825156176523,165.583915736375,491.066356289909,9.82031441975704,7.52459899902602,10.7473050844347,22.2050459958479,12.6179553347161,16.0985198426171,6.37017806364309,18.8906873040493,0,0,42.8134886326085,95.3085494565471,42.1294641125467,54.5851605506036,66.3838999924967,189.337314185333,0,0,0,0,0,0,0,0,956.762474303374,462.474883504717,1538.51941178709,1595.25863839351
"283",2013,170,23.5,1834.96996459844,1464.97477323975,454.297685324568,828.309871711142,121.973189505516,147.188980031102,71.6805462677081,206.403423656387,0,0,0,0,0,0,0,0,0,0,0.752494316325044,1.38059455306493,0.249752995214652,0.30032642682884,0.149826040581881,0.429307905874932,0,0,0,0,0,0,0,0,7559.93105487794,5569.86233754126,1437.77263020574,2824.18821713975,969.874158050658,1213.60095866918,1389.09530503812,3947.67304023521,290.464640737782,214.003018160983,55.4505360712916,108.935880327141,37.4017957776852,46.8022234984335,53.6545527875906,152.475513757389,18505.4675503325,13552.2925107768,3595.49112585283,6975.94780363552,2488.13004766087,3080.64797333269,3346.40942608682,9425.41978983913,711.009639513355,520.700752024158,139.780501955808,271.638147578075,97.2178363441223,120.452549501869,131.088414892159,369.333096177584,0,0,8.21602880704402,16.2281745063678,5.99553812842242,7.44516353031848,8.37502668603144,23.6227691771067,0,0,0,0,0,0,0,0,359.622191377888,276.080606296828,208.454643184193,421.323425310466,235.72682768913,300.841672396652,101.236171915911,298.65212294427,13.8172596706092,10.6074583951151,8.01859215534934,16.2058527959053,9.06035802770671,11.5627494804973,3.8953483047833,11.4908630732891,255.789249626965,195.76262020651,278.234223358115,573.714048432995,328.975344493983,417.654637121635,166.683373740437,495.033750136981,9.82783200489619,7.52151292723937,10.7026670079786,22.0673116498742,12.6452992673204,16.0535212870585,6.41250550766508,19.043405918378,0,0,42.6474852331565,94.6852097678158,42.1980321308241,54.3878041227957,66.9647177294106,191.242839520795,0,0,0,0,0,0,0,0,960.081280067496,463.854165114579,1544.5073699152,1600.29861465092
"284",2013,170,23.5833333333333,1832.60086010711,1462.59118829272,452.697146501922,825.420208983103,121.745906052536,146.617838862226,71.9129370812238,207.903540690833,0,0,0,0,0,0,0,0,0,0,0.749389648564159,1.37459374849682,0.249249595137867,0.299062517628849,0.150297835943935,0.432438022104045,0,0,0,0,0,0,0,0,7551.2256486901,5557.7314140866,1429.54281743044,2803.49405378736,969.940444492498,1208.06168285347,1397.66656682785,3978.9514306726,290.130165110627,213.536928682455,55.1332242987721,108.137652906056,37.4043796959937,46.5886217575121,53.9859602768497,153.684538191179,18503.3088906807,13536.2496572413,3578.23522297928,6931.73649066761,2490.22536799731,3069.06812386992,3372.27718048375,9513.8301491489,710.926700694698,520.084359907492,139.111054169147,269.915990021988,97.3007123336659,119.999781594909,132.104050917147,372.800951343517,0,0,8.17412482030001,16.1176643197534,5.99944415478073,7.415407683301,8.43659921049024,23.8360682644331,0,0,0,0,0,0,0,0,359.380349392949,275.590302099411,207.29978178578,418.262547674379,235.838197509925,299.553462892681,101.84074688696,300.835784411644,13.8079677151718,10.5886201237376,7.97415757379487,16.088094396161,9.06461363248114,11.513216274833,3.91861310158888,11.5749003040535,255.983813338556,195.682688187144,277.077535493926,570.17508265669,329.660289999348,416.467219063705,167.786208160605,498.955250102632,9.83530745413056,7.5184418112037,10.6581676091916,21.9311728101751,12.6716080892707,16.007870511796,6.45496035816832,19.1943545442863,0,0,42.4814166761887,94.067275407368,42.2642317873808,54.1897174522122,67.5462798032944,193.14557270255,0,0,0,0,0,0,0,0,963.397919190949,465.23101596327,1550.48501170361,1605.30981980108
"285",2013,170,23.6666666666667,1830.34585577799,1460.31662212931,451.173260088059,822.665779808854,121.516378377904,146.057860560296,72.1345442938329,209.340778939507,0,0,0,0,0,0,0,0,0,0,0.746382879259574,1.36883142066337,0.248736734147728,0.297817817414954,0.150745986296049,0.435432802956969,0,0,0,0,0,0,0,0,7542.34233121195,5545.50317626647,1421.40863952645,2783.04482261375,969.90029642193,1202.46315504107,1406.16747960198,4009.84974103769,289.788853847188,213.067100230384,54.8195864978021,107.348860132207,37.4028593746426,46.3727354989543,54.3146451335929,154.878888191348,18501.2215561344,13520.327442838,3561.304298367,6888.24498023962,2492.13235736465,3057.41837962755,3398.05671814287,9601.66838108102,710.846502293646,519.472602939844,138.45410965861,268.221723710677,97.3762731972696,119.544320464309,133.116338066083,376.24675033974,0,0,8.13252633355578,16.0084814410224,6.00282218553951,7.38542071109942,8.49787672206638,24.0476999503744,0,0,0,0,0,0,0,0,359.125008003937,275.093519595823,206.151800907531,415.232945416921,235.921453254071,298.248582245324,102.436379599781,302.970851771159,13.7981570910349,10.5695329454778,7.92998669101485,15.97153786672,9.06778737943061,11.4630411487332,3.94153274765212,11.6570661407386,256.177347849006,195.603302462257,275.925701385625,566.678507689096,330.318583965528,415.263872909683,168.891396416747,502.830907695468,9.84274335980524,7.5153916846761,10.613853777258,21.7966624823554,12.696890321973,15.961604980354,6.49750336076896,19.3435353168406,0,0,42.3153453415571,93.4547981808325,42.3280782814465,53.9909548462446,68.1285701201971,195.045504713649,0,0,0,0,0,0,0,0,966.712264468826,466.605403175194,1556.45194771583,1610.29228371827
"286",2013,170,23.75,1828.20269879418,1458.14850678001,449.722999060579,820.041406882522,121.285579576917,145.509637928502,72.3460042261891,210.71830822819,0,0,0,0,0,0,0,0,0,0,0.743478012287061,1.36330372416547,0.248216491868341,0.296593914979319,0.151171539596393,0.438298073890537,0,0,0,0,0,0,0,0,7533.28247632378,5533.17965590381,1413.36747547787,2762.83636979544,969.756255163206,1196.80878750048,1414.5961192311,4040.36161551309,289.440759734143,212.593610870655,54.5095230574846,106.569343187144,37.3973326798644,46.1546961828115,54.6405335793012,156.058319056256,18499.2058111818,13504.5252328408,3544.6921588458,6845.46094870018,2493.85716991549,3045.70568889243,3423.74929927505,9688.94111319705,710.769054472395,518.865456734006,137.809434045412,266.554877131497,97.444756171995,119.086434839407,134.125323972455,379.6707479299,0,0,8.09129448870626,15.900659868165,6.00568623880885,7.3552197102391,8.55885923179338,24.2576672415229,0,0,0,0,0,0,0,0,358.856702276534,274.590463381665,205.01176609637,412.235124010033,235.977399549591,296.927961156794,103.023633834123,305.060972137323,13.7878483562778,10.5502047212259,7.88612052691433,15.8562027122123,9.06991022097041,11.4122599268435,3.96412895319138,11.7375008192422,256.369848549546,195.524534328915,274.77985316227,563.22491196916,330.950415018411,414.045403857599,169.998070801806,506.661225728855,9.85013954484411,7.51236528700389,10.569769049189,21.6638033702959,12.7211532678739,15.9147557765523,6.54010121271965,19.4909677057544,0,0,42.1493397513409,92.847828192598,42.3895865335748,53.7915678924835,68.7115698994373,196.942619004848,0,0,0,0,0,0,0,0,970.024193863974,467.977294928679,1562.4078146517,1615.24604809598
"287",2013,170,23.8333333333333,1826.16906147789,1456.08424422777,448.343438981939,817.542076301288,121.054399261591,144.973681258444,72.5479237054744,212.039159154465,0,0,0,0,0,0,0,0,0,0,0.740677559631213,1.35800606532597,0.247690890150681,0.295392244596124,0.151575575611892,0.441039608787268,0,0,0,0,0,0,0,0,7524.04853410981,5520.76361754587,1405.41719837816,2742.86527304965,969.511009050208,1191.10217331453,1422.95083048072,4070.48194020887,289.085976907646,212.116566821596,54.202953236948,105.79897125488,37.3879031452288,45.9346422252462,54.9635621440417,157.222633775365,18497.2610362511,13488.8417915795,3528.39254293669,6803.37196249434,2495.40567279278,3033.93660163524,3449.35596095682,9775.65423155017,710.694333426153,518.262873813543,137.176790084063,264.914974170167,97.5063874707508,118.62637806484,135.131047645014,383.073170183112,0,0,8.05047755680324,15.794223357225,6.00805083449815,7.32482175741094,8.6195468351588,24.4659732550302,0,0,0,0,0,0,0,0,358.575926304623,274.081329615994,203.880501702472,409.269412192911,236.00681465387,295.592508206766,103.602970495819,307.109169169745,13.7770604947776,10.5306429877265,7.84259083348629,15.7421016428971,9.07101209533998,11.3609075785729,3.98641947014046,11.8163206007547,256.561261116793,195.446392265079,273.641024534552,559.81466211108,331.555959795839,412.812496851522,171.105492881053,510.447024915327,9.85749392205608,7.50936294392385,10.525953182925,21.5326096460328,12.7444037651555,15.867349352097,6.5827255786177,19.6366833877265,0,0,41.9834724782591,92.2464131522499,42.44877178089,53.5916061711106,69.2952583346375,198.836893174579,0,0,0,0,0,0,0,0,973.33359007996,469.346660400628,1568.35227184292,1620.17116494281
"288",2013,170,23.9166666666667,1824.24256950601,1454.12122807324,447.031759399896,815.162941782791,120.823650080582,144.450426067706,72.7408817500117,213.306229729122,0,0,0,0,0,0,0,0,0,0,0.73798282201454,1.35293327358717,0.247161867388655,0.294214086264851,0.151959188477118,0.443663094282268,0,0,0,0,0,0,0,0,7514.64376967321,5508.25836254237,1397.5560716041,2723.12865263581,969.16733871807,1185.34700053512,1431.23019199372,4100.20670952361,288.724630818182,211.636094926342,53.8998111901167,105.03763427549,37.3746778680679,45.7127157000256,55.2836763248536,158.371677908683,18495.3859347759,13473.2754340322,3512.39917179969,6761.96557008022,2496.78347938107,3022.11731714961,3474.87755236365,9861.81299707371,710.622289338908,517.664789437201,136.555939638025,263.301537684414,97.5613835676705,118.164389945709,136.133540835373,386.454218983935,0,0,8.01011326222878,15.6891873340931,6.00993075270923,7.2942437801184,8.67993967843523,24.6726212823089,0,0,0,0,0,0,0,0,358.283140584923,273.566309187785,202.758642995621,406.336006588729,236.010457302198,294.243117508056,104.174766295435,309.117953662447,13.7658111995549,10.5108550792393,7.79942209611083,15.6292422886175,9.07112219043593,11.3090185136072,4.00841881056975,11.8936220238918,256.75149804451,195.368839399353,272.510146807921,556.447942406888,332.135396859418,411.565751836583,172.213032088899,514.189340628781,9.86480312931163,7.50638323877793,10.4824420044384,21.4030884695576,12.766648722932,15.819408882293,6.62535226750886,19.7807222784153,0,0,41.8178184760315,91.6505978368069,42.5056499907333,53.3911177778987,69.879613104892,200.728300284007,0,0,0,0,0,0,0,0,976.640340217858,470.713469732492,1574.28499860044,1625.06769553407
"289",2014,170,24,1822.5020206558,1452.29209629207,445.705753233881,812.820838245089,120.587377732238,143.883914677658,72.9414558886146,214.630357566477,0,0,0,0,0,0,0,0,0,0,0.735377816504579,1.34799002341434,0.246617682488843,0.292945871273472,0.152352682072734,0.446374706170456,0,0,0,0,0,0,0,0,7505.26054723568,5495.83272563019,1389.56866685716,2703.27963609522,968.674567508273,1179.08469216583,1439.51686769101,4130.16533084343,288.364112406771,211.15868208548,53.5918163661788,104.271978216915,37.3557024472709,45.4712314988144,55.6040643178159,159.529725537008,18494.0699450941,13458.2211150343,3496.15612248169,6720.3931732434,2497.85774488126,3009.07356329433,3500.52859289672,9949.02123914647,710.571727214045,517.086378401376,135.925493497348,261.681733653816,97.6045510674535,117.654554070311,137.141170561409,389.876530704081,0,0,7.97005554836128,15.5845161365597,6.01100915911084,7.26065537417606,8.74054399307522,24.8814347006134,0,0,0,0,0,0,0,0,357.989111963367,273.052088593024,201.633425974337,403.398152511561,235.976622783372,292.763881591901,104.756951368099,311.225760490851,13.754514150048,10.4910979016329,7.7561238101241,15.5162113347685,9.06979065968785,11.2521379683056,4.03081629292237,11.9747264153717,256.946801999411,195.297641532055,271.376142231393,553.082074067308,332.670507560843,410.144723384708,173.344561046711,518.084259994007,9.87230701984886,7.50364770283496,10.4388096884974,21.2735985779226,12.7871878942549,15.7647674204536,6.66889909710284,19.9306224362828,0,0,41.6516123930416,91.0543897969509,42.5578895025209,53.1692956253411,70.4678885356374,202.643288552293,0,0,0,0,0,0,0,0,979.943504815207,472.079378741453,1580.20415914373,1629.94159088207
"290",2014,170,24.0833333333333,1821.36364228437,1450.77138240693,443.944484057576,810.095633446647,120.307484716398,142.978898673658,73.2335475993595,216.578941991944,0,0,0,0,0,0,0,0,0,0,0.732693231391453,1.3426574053704,0.245987066411645,0.290985891537683,0.152913733850039,0.450246337019894,0,0,0,0,0,0,0,0,7496.94954711166,5484.39666387857,1380.32652628088,2681.50416781292,967.744661316571,1169.86544648115,1448.27135858673,4163.79706655471,288.04479049131,210.719290304784,53.2355810183696,103.432151431633,37.3198696242318,45.1157134137468,55.9424856076957,160.829417503037,18495.9447912687,13445.8037347747,3476.71648745706,6674.17141801022,2497.86702365924,2988.52115846578,3527.45173063231,10045.7897226135,710.643762096817,516.609282769579,135.172029167605,259.882044516279,97.6061468706456,116.851153068972,138.198516938488,393.672526253076,0,0,7.92862062088558,15.4739653630025,6.009511170779,7.20893346187035,8.8041005145229,25.1128762335215,0,0,0,0,0,0,0,0,357.749596385402,272.574462509215,200.421734380511,400.248921605302,235.838153377813,290.53400473289,105.436306405768,314.097492875871,13.745311578842,10.472746743659,7.70950164314768,15.395051865086,9.06443635225528,11.1664064603354,4.05694807976873,12.0851921198734,257.180474941212,195.262619389403,270.170268800137,549.479747084176,333.060123714134,407.685195823372,174.630393506448,523.168588014306,9.8812851082138,7.50230209608469,10.3924137211029,21.1350137100491,12.8021326537176,15.6702073982826,6.71837591760133,20.1262403826435,0,0,41.4803015926195,90.4252698533818,42.5927949608692,52.814940726708,71.0777759862736,204.723495315099,0,0,0,0,0,0,0,0,983.238891387738,473.453639244556,1586.0998010577,1634.81978903148
"291",2014,170,24.1666666666667,1820.2913636316,1449.32324559087,442.2667293762,807.496989487719,120.026170155866,142.105036052731,73.5121347879686,218.444517807408,0,0,0,0,0,0,0,0,0,0,0.729992817251018,1.33749689257409,0.24535751675833,0.289086157414179,0.153452984984786,0.453973730214229,0,0,0,0,0,0,0,0,7488.49919629025,5472.88437405387,1371.22278588564,2660.04485520467,966.718394435272,1160.69696905218,1456.95299015368,4197.02332367908,287.72011449921,210.276969719619,52.884654341566,102.604490216009,37.2803215646528,44.7621538723525,56.2780899518617,162.113458085335,18497.8466915302,13433.4644718559,3457.64304981635,6628.72343277994,2497.69204382818,2968.13271593707,3554.26255508708,10141.7289479762,710.716836434812,516.135188531484,134.432631531628,258.112315265432,97.6005899520725,116.054180679953,139.251579962509,397.436446852838,0,0,7.8865545111481,15.3639707636697,6.00756649846863,7.15759993989465,8.8673455701742,25.342188462866,0,0,0,0,0,0,0,0,357.498067087706,272.092065212433,199.203491398247,397.122931304259,235.674956669361,288.313511204778,106.094551285759,316.814236828115,13.7356474213055,10.4542122680533,7.66262736047469,15.2747860800987,9.05813058175112,11.0810351157353,4.08226713692237,12.1896970358625,257.412335067551,195.226244581799,268.966157521682,545.914112774921,333.423134822921,405.231203592894,175.911548247741,528.16624912501,9.8901935453046,7.50090451778435,10.3460847720091,20.9978388803227,12.8160529392201,15.5758587213967,6.76767081196036,20.3185213413251,0,0,41.3092139923738,89.8021945283499,42.6254951975253,52.4635112866756,71.6882143728152,206.797453604482,0,0,0,0,0,0,0,0,986.532016638564,474.825481692084,1591.98012432534,1639.6603477927
"292",2014,170,24.25,1819.28722805426,1447.94853505024,440.669668242362,805.021113272992,119.744607249209,141.261970605235,73.7780841228926,220.231621507357,0,0,0,0,0,0,0,0,0,0,0.727301760294388,1.3325135862645,0.244728608454999,0.287245919233178,0.153970224735552,0.457559244841881,0,0,0,0,0,0,0,0,7479.88881850916,5461.28171168163,1362.24741137648,2638.88314997319,965.594396954119,1151.57480207461,1465.55479668572,4229.81985866117,287.389290015409,209.831176876656,52.5386529926301,101.788283822129,37.2370056892786,44.4103814682685,56.6106096748296,163.380915237375,18499.7927259711,13421.2148494076,3438.93223787319,6584.04214473782,2497.34151636333,2947.9124653361,3580.96571105391,10236.862765083,710.79160647261,515.664538424144,133.707168966109,256.372279155435,97.5882167904439,115.263800166158,140.300539562508,401.169218242371,0,0,7.84410219460355,15.2547313701019,6.00517081285832,7.10664841824132,8.93027183556896,25.5693757989127,0,0,0,0,0,0,0,0,357.235028534284,271.60499686825,197.983025922432,394.023538442997,235.487450661287,286.102878554983,106.734165897334,319.396672760813,13.7255410597525,10.4354983233373,7.61566723148913,15.155542886012,9.05088944278329,10.9960423381131,4.10686883252087,12.2890362002772,257.643973050844,195.189980638219,267.764841347989,542.388160129719,333.761872883203,402.786509085139,177.187188377834,533.070443391922,9.89909344729931,7.49951119905756,10.2998626266968,20.8621891499371,12.8290384317536,15.4818660999595,6.81675169219729,20.5072042079812,0,0,41.1383028934869,89.1851444752062,42.6560464539355,52.1150430987447,72.2992473158475,208.86539286877,0,0,0,0,0,0,0,0,989.82277235339,476.194882327527,1597.84469232121,1644.46349629451
"293",2014,170,24.3333333333333,1818.35254893193,1446.64754195152,439.150454642277,802.664093070662,119.463842204305,140.449277692675,74.0322066969416,221.944538933796,0,0,0,0,0,0,0,0,0,0,0.724640158239556,1.32771065117777,0.244100524161226,0.285464483254601,0.154465582461191,0.461006114210683,0,0,0,0,0,0,0,0,7471.1042080729,5449.5793156921,1353.39252589411,2618.00476296522,964.372802518832,1142.4966192254,1474.07112278512,4262.16620105734,287.051771234369,209.381552108627,52.1972762455826,100.982984808986,37.189927197027,44.0603066792566,56.9398273836586,164.631001668993,18501.7949090328,13409.0627109312,3420.57947305673,6540.11854534275,2496.82325650374,2927.86355715375,3607.56485399664,10331.2117443396,710.868533824375,515.19763380742,132.995470643144,254.661594071335,97.5693291910667,114.480132896622,141.345537200698,404.871638820754,0,0,7.80146242662632,15.1464049001589,6.00232486410803,7.05607507648055,8.99287325017066,25.7944429412139,0,0,0,0,0,0,0,0,356.960870929287,271.113303051083,196.763692454927,390.953133055557,235.275999584234,283.902391046866,107.357169296466,321.861935649193,13.7150074864506,10.4166066605529,7.56875011992735,15.0374140746902,9.0427269558986,10.9114390876691,4.13083081332423,12.383868342945,257.876461483648,195.154842140437,266.567412594797,538.904099794152,334.077964780298,400.353820393522,178.456709325511,537.877480721292,9.90802602491922,7.49816112175861,10.2537893136659,20.7281496013387,12.8411517068618,15.3883337142896,6.86559539003843,20.6921473814541,0,0,40.9675503958674,88.5741093255099,42.6844931286202,51.7695570976965,72.9109033016973,210.927501206632,0,0,0,0,0,0,0,0,993.111054462281,477.561817768865,1603.69311593854,1649.22948412053
"294",2014,170,24.4166666666667,1817.48806968672,1445.42012795415,437.706253629598,800.4219676622,119.184808639987,139.666479580236,74.2752637088151,223.58732301573,0,0,0,0,0,0,0,0,0,0,0.722023890469749,1.32308961942532,0.243473864184538,0.283741168484133,0.154939445750342,0.46431822377457,0,0,0,0,0,0,0,0,7462.13614755034,5437.77148715419,1344.65194093331,2597.39863790568,963.054817742434,1133.46161076466,1482.49739096295,4294.04527201755,286.707204007646,208.927876453484,51.8602880117997,100.188169682129,37.139132533424,43.7118982628364,57.2655670554871,165.863060238714,18503.8613422121,13397.0130763645,3402.57944849851,6496.94223831887,2496.1443651757,2907.98831872788,3634.0628437315,10424.7937136783,710.947929762688,514.734667555336,132.297337302402,252.979863750929,97.5442013204245,113.70326827929,142.386683406391,408.544400522823,0,0,7.75879615903156,15.039115621857,5.99903329035743,7.00587816187392,9.05514479542096,26.0173947766542,0,0,0,0,0,0,0,0,356.67590458125,270.616997397033,195.548094264864,387.913403788365,235.040969532925,281.712246768344,107.965206415293,324.224219297876,13.7040586239499,10.397537803621,7.52197604984246,14.9204645123063,9.03365720742585,10.8272330003111,4.15421633850051,12.4747391160395,258.110482320765,195.121501778908,265.374956159508,535.46350218264,334.372511485477,397.935033395473,179.71968572947,542.586007412802,9.91701747995845,7.49688013173049,10.2079065522121,20.5957806667618,12.8524351215129,15.2953345179789,6.91418561667051,20.8732990368166,0,0,40.7969611684183,87.9690854219444,42.7108710778067,51.4270630409862,73.5231988534984,212.983933371377,0,0,0,0,0,0,0,0,996.396762108199,478.926264766451,1609.52504344406,1653.95857455764
"295",2014,170,24.5,1816.69410325814,1444.26583593605,436.334266013519,798.290777099693,118.908343310649,138.913059000092,74.5079727655148,225.163817183149,0,0,0,0,0,0,0,0,0,0,0.719465470250673,1.31865071016615,0.242849494610651,0.28207527932346,0.155392388554474,0.467499916080071,0,0,0,0,0,0,0,0,7452.97913247592,5425.85522990451,1336.02074122012,2577.05607835298,961.642376794963,1124.46998914151,1490.82988599065,4325.44293570036,286.35537684487,208.470034793839,51.5275009320888,99.40350541069,37.084696124907,43.3651642721461,57.5876857664727,167.076546767375,18505.9972079549,13385.0688759515,3384.92635977129,6454.50188739214,2495.31138693975,2888.28846810646,3660.4619194028,10517.6242797582,711.029993405523,514.275752252545,131.612550185606,251.32665514516,97.5130858293904,112.933272063234,143.424064580076,412.18810906356,0,0,7.71623448332485,14.9329616154147,5.99530355756392,6.95605748041219,9.11708228646476,26.2382363837441,0,0,0,0,0,0,0,0,356.38038705179,270.116078200483,194.338273675239,384.905546546503,234.7827566036,279.532620735204,108.559629380724,326.495367645908,13.6927043681799,10.3782916870089,7.47542350980896,14.804740148929,9.02369543286039,10.7434308162125,4.17707740641392,12.5621038260723,258.346434702095,195.090382046028,264.188510374625,532.067438066422,334.6462438246,395.531450667464,180.975823550524,547.19633189383,9.92608314801034,7.4956844618067,10.1622542584262,20.4651235469093,12.8629168011238,15.2029186516444,6.96251112326348,21.0506712109962,0,0,40.6265567478094,87.370073733783,42.7352103445207,51.0875626421432,74.1361413240901,215.034817916235,0,0,0,0,0,0,0,0,999.679796921335,480.288200072867,1615.34015246141,1658.65104008954
"296",2014,170,24.5833333333333,1815.97060011807,1443.18394453635,435.031742507604,796.266590521651,118.635193191477,138.188466242164,74.7310103770173,226.677663784175,0,0,0,0,0,0,0,0,0,0,0.716974488447183,1.31439300986068,0.242228471950101,0.280466094723919,0.155825133453226,0.47055588458706,0,0,0,0,0,0,0,0,7443.63075028233,5413.82978150774,1327.49507681452,2556.97031867135,960.137976560128,1115.52274983309,1499.06565283674,4356.34778730766,285.996197051346,208.007997835707,51.1987684086639,98.6287329713848,37.0267140463489,43.0201428702706,57.9060697782871,168.271021924451,18508.205253749,13373.2313087218,3367.61402267418,6412.78544134667,2494.33038099648,2868.76521395438,3686.76378384661,10609.7170826466,711.114830315865,513.820933967667,130.940875592163,249.701507140104,97.4762166086367,112.170190220163,144.457746272705,415.803293820248,0,0,7.67388263965002,14.8280183936885,5.9911453974317,6.90661409242309,9.17868227086859,26.456973119397,0,0,0,0,0,0,0,0,356.074535942498,269.610536136867,193.135802666036,381.930357210429,234.501791292427,277.363682136405,109.141538854181,328.685180290639,13.6809530797417,10.358867952452,7.42915293059189,14.6902715777891,9.01285818747358,10.6600390450684,4.19945634426197,12.6463391795562,258.584487849853,195.061700592323,263.009053111579,528.716559543837,334.899604080567,393.143899024522,182.224934402309,551.710070204809,9.93522953086312,7.49458247446846,10.1168700157475,20.3362033297298,12.8726137761633,15.1111179605989,7.01056471474942,21.2243261767826,0,0,40.4563724875519,86.7770786464185,42.7575365202704,50.7510511389955,74.7497302374679,217.080260505339,0,0,0,0,0,0,0,0,1002.96006277848,481.647600428976,1621.1381470874,1663.30716095296
"297",2014,170,24.6666666666667,1815.31723318866,1442.17353545703,433.795998037495,794.345536074797,118.366025482238,137.492127599541,74.9450158571067,228.132318960789,0,0,0,0,0,0,0,0,0,0,0.714558158543689,1.31031468519983,0.241611953988847,0.278912855119121,0.156238507080149,0.473491050709377,0,0,0,0,0,0,0,0,7434.0909060764,5401.69603300923,1319.0719115941,2537.13600795446,958.544474602986,1106.62138716028,1507.2023589636,4386.75083286505,285.629660981129,207.541799814477,50.8739749673696,97.8636475560127,36.9652962603148,42.676891415929,58.2206292566398,169.446138958778,18510.4863963115,13361.5002866972,3350.63601152251,6371.78039899959,2493.20701483382,2849.41937995739,3712.96971410218,10701.0841361033,711.202475715569,513.370209320432,130.282070234472,248.103940833564,97.4338124199308,111.414053775485,145.487777482678,419.390421044253,0,0,7.63182500015496,14.7243434215096,5.98657015236853,6.85754997936331,9.23994190076397,26.6736106628625,0,0,0,0,0,0,0,0,355.758544603178,269.100363486453,191.941896923803,378.988351752616,234.198549959695,275.205624074053,109.711834940856,330.801788852887,13.6688121874441,10.3392663033459,7.3832110629091,14.5770786462658,9.00116378819897,10.5770651112486,4.22138776569713,12.727757752323,258.824646130548,195.035525734604,261.83748222544,525.411187438052,335.132839266214,390.772860384833,183.466907363162,556.129741047887,9.94445679628511,7.49357679455695,10.0717883291363,20.2090323581233,12.881535567519,15.019951025042,7.05834216714492,21.3943608793369,0,0,40.286453937807,86.1901065569548,42.777872371931,50.4175191503389,75.3639590434104,219.120348444288,0,0,0,0,0,0,0,0,1006.23746544173,483.004442528493,1626.91875341198,1667.92722272892
"298",2014,170,24.75,1814.73346474405,1441.23354634432,432.624421905143,792.523822985741,118.101436222441,136.823452331593,75.1505945416201,229.531065418207,0,0,0,0,0,0,0,0,0,0,0.712221779520749,1.30641317340031,0.241001133846847,0.277414756269755,0.156633404215165,0.476310463238814,0,0,0,0,0,0,0,0,7424.36121865945,5389.45607730247,1310.74882258243,2517.5488112376,956.864940705173,1097.76768472342,1515.23818294807,4416.64520129429,285.255830831153,207.071521142463,50.553028568852,97.1080832768849,36.9005609120276,42.3354784124502,58.5312939995074,170.601632666392,18512.8401936385,13349.874781,3333.98576654426,6331.47401210429,2491.94663538417,2830.25149849044,3739.08064988821,10791.7361110416,711.292912622246,512.923538779697,129.635885398688,246.533467409304,97.3860796558824,110.664882448026,146.514194095027,422.949904858494,0,0,7.59012919118406,14.6219798048081,5.98159024533615,6.80886775004191,9.30085882863999,26.8881550961983,0,0,0,0,0,0,0,0,355.432593435484,268.58556027432,190.757503483279,376.079851785688,233.873555794743,273.058675146884,110.271259145991,332.851975122618,13.6562886226072,10.3194867406539,7.33763434149881,14.4651737398523,8.98863235196401,10.4945178010709,4.24290018428457,12.8066202209553,259.066799256413,195.011819737052,260.674607119416,522.15138812116,335.346074252041,388.418577663862,184.70168611668,560.458444015015,9.95376070684407,7.49266597220164,10.0270403046107,20.0836131885598,12.889686997794,14.9294272308568,7.1058413495432,21.5608945695901,0,0,40.1168538424907,85.6091646864427,42.7962390736777,50.0869541166209,75.9788165007274,221.15515424482,0,0,0,0,0,0,0,0,1009.51191235311,484.358703036355,1632.68171651055,1672.5115149697
"299",2014,170,24.8333333333333,1814.21858406099,1440.36280028541,431.514481773334,790.79775159784,117.84195616689,136.181836904067,75.3483198745828,230.877021413098,0,0,0,0,0,0,0,0,0,0,0.709969033913477,1.30268531363457,0.240397208472784,0.275970950550204,0.157010767040907,0.479019239038852,0,0,0,0,0,0,0,0,7414.44468819936,5377.11296209962,1302.5238843906,2498.2051942159,955.102586028284,1088.96361414043,1523.17174813901,4446.02593865747,284.874821872665,206.597278917638,50.2358561818985,96.3619049101687,36.8326316049086,41.9959796145163,58.83801089258,171.737311505439,18515.265105631,13338.3530116721,3317.6566516916,6291.85339161103,2490.55430675581,2811.26185890608,3765.09724505627,10881.6825131491,711.386081862942,512.480853956623,129.002069187586,244.989592267833,97.3332138035085,109.922686528676,147.537020880476,426.482114140908,0,0,7.54884863913452,14.5209585178611,5.97621887081011,6.76057044616122,9.36143114362298,27.1006129897426,0,0,0,0,0,0,0,0,355.096854964606,268.066136362198,189.583347712059,373.20502295849,233.527370620119,270.923093437702,110.820419998197,334.841374352363,13.6433890139249,10.2995296432796,7.29245068858364,14.3545632560628,8.97528548161407,10.4124070332532,4.2640169989805,12.8831431789963,259.310749137232,194.990462499342,259.52115200336,518.937025217879,335.539351810178,386.081116688025,185.929255472537,564.699678315809,9.96313365159724,7.49184539295591,9.98265377568125,19.9599405806399,12.8970697310583,14.839549150158,7.15306170642209,21.7240618376462,0,0,39.9476303043877,85.0342603439383,42.8126568319988,49.7593410775869,76.5942874576764,223.18473764483,0,0,0,0,0,0,0,0,1012.78331260126,485.710358649521,1638.42679924934,1677.06033096296
"300",2014,170,24.9166666666667,1813.77174790226,1439.56003749485,430.463728044811,789.163724260481,117.58805693353,135.566669393712,75.5387356640652,232.17315043229,0,0,0,0,0,0,0,0,0,0,0.707802289302632,1.29912747515302,0.239801344150395,0.274580546878363,0.157371563742223,0.481622502440963,0,0,0,0,0,0,0,0,7404.34533624811,5364.67042300541,1294.3955491116,2479.10219601729,953.260683303341,1080.21122491354,1531.00204968579,4474.88978523835,284.486788620125,206.119216667913,49.922399182697,95.6249991817151,36.7616343320945,41.6584737950965,59.1407411102306,172.853049051545,18517.7587763308,13326.9326528069,3301.6420158255,6252.90562128231,2489.03485238207,2792.45056049905,3791.01992390901,10970.9318737812,711.481892918087,512.042065486141,128.380368894318,243.471819441853,97.2754010785307,109.187468939544,148.556273684253,429.987379926976,0,0,7.50802519445941,14.4213007258305,5.97046968288371,6.71266136089636,9.42165730577956,27.3109914592169,0,0,0,0,0,0,0,0,354.751499672464,267.54211407582,188.41998474323,370.36392140933,233.160591736523,268.799167936261,111.359819388807,336.774681072861,13.6301199115852,10.2793958690134,7.24768148808867,14.2452493875574,8.96114614527258,10.3307439147222,4.28475750712434,12.957507050163,259.556238984071,194.971276919555,258.377755331094,515.767806541625,335.712672367379,383.760425234304,187.14962865306,568.857162026553,9.97256576430317,7.49110825228087,9.93865328333783,19.8380033040715,12.9036838014721,14.750314811466,7.20000376948739,21.8840056665553,0,0,39.7788449172234,84.4654001809976,42.8271455572975,49.4346634825994,77.2103537160249,225.209147897885,0,0,0,0,0,0,0,0,1016.05157685638,487.059386145553,1644.1537805686,1681.57396703851
"301",2015,170,25,1813.45634682173,1438.80082727729,429.210150238219,787.12759454568,117.321735559896,134.753963857989,75.7787558277443,234.000169389721,0,0,0,0,0,0,0,0,0,0,0.705659975628189,1.29516389612273,0.239177976549642,0.272790490494149,0.157818311185636,0.485167194699127,0,0,0,0,0,0,0,0,7394.522196721,5352.53890443508,1285.83134889666,2458.77521680643,951.197229882011,1069.73655500941,1539.00873246808,4506.17103049813,284.10936789063,205.653104324089,49.5921853355269,94.8409317970255,36.6820925779929,41.254547458854,59.450269315353,174.062014170671,18521.3985876857,13316.5034256702,3284.4977048621,6210.89415744101,2487.008225379,2769.21444668277,3817.56679377296,11066.9767149976,711.621740524404,511.64135788216,127.715185428531,241.835185410635,97.1977875183782,108.279239706535,149.599964037395,433.758217530807,0,0,7.46706258547457,14.316710014366,5.96344066342316,6.65408731883791,9.48323018235479,27.5370453061289,0,0,0,0,0,0,0,0,354.429707331206,267.042632229318,187.235377934479,367.388366110767,232.747436140716,266.257513097404,111.950125767397,339.276769851463,13.6177561354929,10.2602049776921,7.20209553651727,14.1307643499061,8.94522343551156,10.233025970522,4.30745411341772,13.0537331496633,259.818370874024,194.968610700217,257.209983574078,512.404533066318,335.813935390625,380.822609584051,188.443270260254,573.808464816594,9.98263729091406,7.49100581185201,9.8937149967425,19.7086016679957,12.9075266598768,14.6373598238659,7.24976097220525,22.0744626980512,0,0,39.6076190388245,83.865988360159,42.8331336769234,49.0313830637666,77.8379820159106,227.349499974184,0,0,0,0,0,0,0,0,1019.30311597658,488.393392228968,1649.83864880942,1686.01081617325
"302",2015,170,25.0833333333333,1813.32053591165,1438.04002200633,427.464865893505,784.145251481119,117.016988496953,133.499042974802,76.1288985125444,236.982438277733,0,0,0,0,0,0,0,0,0,0,0.703342282337691,1.2900445184263,0.238484974529916,0.270106736163847,0.158468604551559,0.490835100741247,0,0,0,0,0,0,0,0,7385.58227849578,5341.24040267173,1276.25341624345,2435.61910312314,948.754257796378,1055.58943528253,1547.54145765592,4543.33794095876,283.765881935975,205.218997818125,49.2229859688993,93.9478363482763,36.5879132817612,40.7089903245053,59.7800789680458,175.497967280899,18527.3808594179,13308.0576334864,3264.57336119713,6161.58247109882,2483.99967004355,2736.41111982897,3845.54790506923,11178.1807519881,711.851589198084,511.316857021488,126.942945348785,239.915274843424,97.081832619312,106.996911995716,150.699700068234,438.121208013092,0,0,7.42434745496866,14.1991801976102,5.95407724946432,6.57256274309334,9.54813374642163,27.7989492664164,0,0,0,0,0,0,0,0,354.168039923462,266.599909804306,185.977209723603,364.07062560004,232.254358197192,262.81434932066,112.647269447794,342.906728930733,13.6077024554884,10.2431948741131,7.15368220703079,14.0031197228035,8.92622815978544,10.1006607065146,4.33425706271795,13.1933140177803,260.111170534495,194.99650400925,255.96880817564,508.561334455733,335.777465111171,376.549851321799,189.900712487802,580.529708361952,9.99388712230578,7.49207751737356,9.84595402481874,19.5607411894017,12.9060740185555,14.4730945838562,7.30581367051131,22.3329576353877,0,0,39.4303931411993,83.1936855769762,42.8228180315036,48.458122588417,78.4898403318559,229.742724133845,0,0,0,0,0,0,0,0,1022.5225990875,489.698139041126,1655.45174885557,1690.31312117259
"303",2015,170,25.1666666666667,1813.21586094517,1437.32309203219,425.80158858987,781.301955546946,116.712620276022,132.297192110046,76.4639281939764,239.836715399868,0,0,0,0,0,0,0,0,0,0,0.700951332554089,1.28499903243981,0.237800455273605,0.267530809309438,0.15909873028399,0.496326817552807,0,0,0,0,0,0,0,0,7376.53168858176,5329.88300198522,1266.83019767619,2412.85335706905,946.246563366396,1041.69678702178,1555.98846033385,4579.96137047443,283.418143798053,204.782628321343,48.8597238740427,93.069765532985,36.4912372047827,40.1732457379765,60.1065775218475,176.912952718811,18533.3466465439,13299.6450089987,3245.02548799405,6113.16259204029,2480.84267747897,2704.20816925584,3873.38875247496,11288.0466015663,712.080804502228,510.993630517145,126.185167051779,238.029897536532,96.9601122647917,105.73804387041,151.794067825745,442.432295933346,0,0,7.38101049836764,14.0823586949491,5.94437398798879,6.49252213348067,9.61266439519927,28.0576789718957,0,0,0,0,0,0,0,0,353.893940232809,266.149846632674,184.71305215487,360.776815745888,231.73855288948,259.418735917009,113.315275931798,346.256060911495,13.5971711072882,10.2259027273104,7.10503840785674,13.8763954227369,8.90635855538537,9.9701233854629,4.35993881634721,13.3221045254068,260.402040537661,195.023919033488,254.728225662327,504.760474542343,335.718088087007,372.340735631252,191.344593563251,587.076487750479,10.0050628131741,7.49313084642879,9.79821535209813,19.414508537289,12.9037394566263,14.3112755968722,7.36134330944729,22.5847412842051,0,0,39.253472098633,82.5286255418035,42.8106035504992,47.8947914907324,79.141980638057,232.122705285304,0,0,0,0,0,0,0,0,1025.73964736818,491.000702814376,1661.04368481547,1694.56783087025
"304",2015,170,25.25,1813.14826314657,1436.65404656992,424.218116171011,778.594209864836,116.409855081546,131.146904450097,76.7848985041627,242.570251279094,0,0,0,0,0,0,0,0,0,0,0.698521736718789,1.28005250434074,0.237122743647461,0.265058329227126,0.159707676565977,0.501638575368599,0,0,0,0,0,0,0,0,7367.32962803593,5318.43811300724,1257.54682808866,2390.44927319673,943.667870502464,1028.04350025978,1564.33759139419,4615.9970514754,283.06458591623,204.342897384494,48.5018300952164,92.205618425984,36.3918233392857,39.6467322681891,60.4292979883682,178.305268959823,18539.328820156,13291.2883982538,3225.85270823798,6065.6286660149,2477.54780609029,2672.59910485763,3901.0976674476,11396.6258253088,712.310649396844,510.672556150774,125.441804361808,236.178835345624,96.8330352598373,104.502381093441,152.883391677359,446.693487056132,0,0,7.33730208681099,13.9664686792913,5.93432656557869,6.41392802889441,9.67681348065089,28.3132546047441,0,0,0,0,0,0,0,0,353.608023872604,265.69281169429,183.447456893745,357.511771102932,231.201237488843,256.071997284788,113.957779862849,349.364864576041,13.5861857437422,10.2083427140805,7.05633899211994,13.7507772022985,8.88566143566231,9.84146492484266,4.38463912899588,13.4416462637215,260.693915567857,195.053026739555,253.490581629035,501.006396616001,335.639575545143,368.198290244877,192.775070845277,593.438604309754,10.0162771187843,7.49424921102714,9.75058922326855,19.2700746394537,12.9006679526528,14.1520192626049,7.41635602463534,22.829421942151,0,0,39.0768325644844,81.8708101644763,42.7965843022429,47.3412806087321,79.7945181528584,234.490071027306,0,0,0,0,0,0,0,0,1028.95415078737,492.301048606185,1666.6140710616,1698.77550282671
"305",2015,170,25.3333333333333,1813.12231890365,1436.03582726711,422.712080479984,776.018182771447,116.109759398025,130.04663507535,77.0927817169104,245.189861032453,0,0,0,0,0,0,0,0,0,0,0.69608150701702,1.27522464981584,0.23645108618605,0.262685458344281,0.160294977467017,0.506769250979237,0,0,0,0,0,0,0,0,7357.94699952428,5306.88571717427,1248.39206947724,2368.38514572242,941.014824635807,1014.61834074645,1572.5793060465,4651.40814877752,282.704090324401,203.899035862355,48.1488747144478,91.3545625978791,36.2895428814811,39.1290173576645,60.7478733366714,179.67349961076,18545.3510979024,13283.0040341405,3207.05188529683,6018.97155060088,2474.12407846156,2641.57597219066,3928.68109938595,11503.96327283,712.542035151983,510.354257615915,124.712742713547,234.361742226319,96.7009508536559,103.289612533644,153.967922721922,450.906526367562,0,0,7.29342440517145,13.8516849236403,5.92393507223959,6.33674580240658,9.74057353806864,28.5656959538415,0,0,0,0,0,0,0,0,353.310711787847,265.229044856805,182.183858626173,354.278882882122,230.643271159097,252.774723254676,114.577719963868,352.266359836446,13.5747625382304,10.1905240505221,7.00771592267082,13.6263953756702,8.86416984447236,9.71470799596231,4.40847099524564,13.5532163525915,260.988781568975,195.085274489344,252.257871243635,497.302237215524,335.544550187765,364.12424659369,194.192390062374,599.611517255563,10.0276063422764,7.49548822112713,9.70315236907204,19.1275601309144,12.8969603385918,13.9953921534134,7.47086132926282,23.0668253448697,0,0,38.9004738106345,81.2202399794746,42.7808341184203,46.797459628319,80.4475384774616,236.845360642906,0,0,0,0,0,0,0,0,1032.16600412764,493.599143000006,1672.16258149773,1702.9367270673
"306",2015,170,25.4166666666667,1813.14155308823,1435.47055901973,421.281018713595,773.569841109716,115.813266861775,128.994824444783,77.3884805083845,247.701965178013,0,0,0,0,0,0,0,0,0,0,0.693653282489431,1.27053077528828,0.235785361456015,0.260408740024963,0.160860575583599,0.511719740692604,0,0,0,0,0,0,0,0,7348.36349202347,5295.21219921453,1239.35738474491,2346.64438658705,938.2861372,1001.41281150116,1580.70611119516,4686.16431230646,282.335876640569,203.450520634411,47.8005313347463,90.515961926106,36.1843463951349,38.6197736255268,61.062015295622,181.016477124099,18551.4303133764,13274.8031990871,3188.61863399846,5973.17980683662,2470.57935402221,2611.12984053225,3956.14404036952,11610.0982929648,712.775608541302,510.03916840149,123.997818924639,232.578182649275,96.5641631898844,102.099389109975,155.047855316421,455.072945165981,0,0,7.24954144299579,13.7381443998669,5.91320303241449,6.26094338603763,9.8039381477839,28.8150223972051,0,0,0,0,0,0,0,0,353.002296464978,264.758703590827,180.924883833018,351.080548325064,230.065329345354,249.527063528552,115.17748973641,354.988190510954,13.5629127285497,10.1724527869078,6.9592701274347,13.5033420762413,8.84190975793217,9.58985834151964,4.43152644327743,13.6578775241825,261.287928009211,195.121580774496,251.031768913707,493.650109096184,335.434776949948,360.119366955901,195.596849860094,605.594772906356,10.0391000270807,7.49688316664638,9.65596916442173,18.987046254726,12.892684474801,13.8414235869362,7.5248707552741,23.2969342919779,0,0,38.7244123018856,80.5769141382473,42.7634119939214,46.2631836349884,81.1011042572333,239.189042923057,0,0,0,0,0,0,0,0,1035.3751052464,494.894953487466,1677.68893214811,1707.0521116156
"307",2015,170,25.5,1813.20864817747,1434.95971703828,419.922418085999,771.245034215175,115.521196296712,127.989913148377,77.672836292972,250.112621812903,0,0,0,0,0,0,0,0,0,0,0.691255243128996,1.26598250902899,0.235125896817223,0.258225002120932,0.161404727673735,0.5164925165937,0,0,0,0,0,0,0,0,7338.56566395088,5283.4089239763,1230.43632196712,2325.21429575753,935.482043192787,988.420428508162,1588.71219280463,4720.24093980798,281.959428417635,202.997019924323,47.4565534684561,89.6893294212924,36.0762429867264,38.1187510586955,61.3715000599444,182.33325455538,18557.5779100248,13266.6933182628,3170.54765191515,5928.24033582068,2466.92056944025,2581.25110851572,3983.49030860408,11715.0655944074,713.011809240413,509.727573794374,123.296834020158,230.8276562791,96.422940631309,100.931335663571,156.123338102497,459.194094490776,0,0,7.20578601477956,13.625953535713,5.90213666286428,6.18649093246072,9.86690181883439,29.0612530942788,0,0,0,0,0,0,0,0,352.682982174891,264.28189095904,179.672541403901,347.918432738334,229.467986750084,246.328878054649,115.759043079039,357.553386712726,13.5506441631147,10.1541328830708,6.91107881824475,13.3816813207601,8.81890327486914,9.4669105581853,4.45388059580314,13.7565151218127,261.592112652393,195.162462263856,249.813669902019,490.051322529673,335.311371754416,356.183688299079,196.988776355468,611.390926593994,10.0507872876953,7.49845389882821,9.60909323786147,18.8485833814759,12.8878832732153,13.6901149973815,7.57839687771065,23.5198472093141,0,0,38.5486778286669,79.9408303280485,42.7443656561429,45.7382974609489,81.7552595836978,241.521527926084,0,0,0,0,0,0,0,0,1038.58135416302,496.188448164035,1683.19287214989,1711.12227529065
"308",2015,170,25.5833333333333,1813.32558385656,1434.50423853258,418.63374631962,769.039551147812,115.234263641568,127.030352209131,77.9466345662828,252.427546694068,0,0,0,0,0,0,0,0,0,0,0.688901746692923,1.26158831947701,0.234473346317238,0.256131296509461,0.161927939608397,0.521091316442898,0,0,0,0,0,0,0,0,7328.54566042727,5271.47128464225,1221.62410304834,2304.085247409,932.60394240682,975.6362487358,1596.59316340504,4753.61865449304,281.574443858576,202.538356730803,47.1167587627484,88.8742960062156,35.96528653039,37.6257588888912,61.6761586053642,183.623085557952,18563.8009412968,13258.6786909407,3152.83294123517,5884.13880305153,2463.15389553104,2551.9297057747,4010.72274031995,11818.8958366499,713.250908254193,509.419638979505,122.609561820039,229.109614424191,96.2775218481773,99.7850587934848,157.194481470605,463.271168064707,0,0,7.16226453917049,13.5151931132796,5.8907443370756,6.11336054936641,9.92945990830133,29.3044071960075,0,0,0,0,0,0,0,0,352.352911251455,263.798673795747,178.42834599135,344.793634596845,228.851763315506,243.179825053085,116.323966328343,359.98103166137,13.5379623106201,10.1355669068918,6.86320022717622,13.2614553508897,8.79517038560256,9.34585148255518,4.47559444010801,13.8498627357619,261.901672122913,195.20811895607,248.604723323929,486.506541506385,335.174947229332,352.31669168071,198.368506165383,617.004804750347,10.0626810577677,7.50020810194042,9.56256874600882,18.7121970214473,12.8825802978323,13.5414464460433,7.63145266389913,23.7357497857614,0,0,38.3733107694148,79.3119845911117,42.7237339715382,45.2226386350964,82.4100329674579,243.843174836879,0,0,0,0,0,0,0,0,1041.78465255182,497.479595569987,1688.67417868072,1715.1478434197
"309",2015,170,25.6666666666667,1813.4937923893,1434.10464641382,417.412482792214,766.949179633963,114.953095894555,126.11461311911,78.2106114607751,254.652140622331,0,0,0,0,0,0,0,0,0,0,0.686604032972767,1.25735408526044,0.233828560566765,0.254124832633371,0.162430896382173,0.52552080943221,0,0,0,0,0,0,0,0,7318.29979814544,5259.39765716338,1212.91718162525,2283.24982183497,929.654013312882,963.056375258616,1604.34577110227,4786.28263819407,281.180781444841,202.074468655291,46.7810120471891,88.0705772143132,35.8515608426285,37.1406465901511,61.9758655256887,184.885398830323,18570.1031749632,13250.7612945922,3135.46804481485,5840.8600871292,2459.28491185277,2523.15530319736,4037.84340816892,11921.6163234905,713.49305034651,509.115439934486,121.93575808051,227.42347743796,96.1281225920248,98.6601550258419,158.261366057126,467.30522922712,0,0,7.11906233645738,13.4059237025759,5.87903602544089,6.04152602485289,9.99160852737812,29.5445040180921,0,0,0,0,0,0,0,0,352.012192321203,263.309102117731,177.193455116883,341.706870353452,228.217178625248,240.07946300312,116.873557349376,362.286998331222,13.5248713446713,10.1167567800956,6.81567887084304,13.1426917313037,8.77073106380562,9.22666411302028,4.49671786918932,13.9385305244793,262.216642497375,195.258526674958,247.405863760051,483.015939059657,335.025762333249,348.517467244407,199.736372457241,622.442745159106,10.0747827234187,7.50214484709548,9.5164315953747,18.5778938041262,12.8767855158187,13.3953829631399,7.68405093918257,23.9448857719178,0,0,38.1983591398301,78.6903711082133,42.7015495427002,44.716040419203,83.0654407462581,246.154301305742,0,0,0,0,0,0,0,0,1044.98490318156,498.768364514082,1694.13265064297,1719.12944275046
"310",2015,170,25.75,1813.71426854707,1433.76113667179,416.256139068312,764.969745234934,114.678241814454,125.241194562017,78.4654585986711,256.791511271194,0,0,0,0,0,0,0,0,0,0,0.684370774880272,1.25328355527741,0.233192501298413,0.252202937892583,0.162914411328582,0.529786346084036,0,0,0,0,0,0,0,0,7307.82758055233,5247.18867422193,1204.31293399186,2262.70221177818,926.634958183361,950.677631366117,1611.96769032661,4818.22208516705,280.778422098065,201.60538000645,46.4492134820969,87.2779504134759,35.7351698929076,36.6632913605983,62.2705310052784,186.119777185918,18576.4858629042,13242.9413442643,3118.44620766454,5798.38858325488,2455.31872460698,2494.9174508942,4064.85377640556,12023.2515258328,713.738283616691,508.814984921763,121.275166752029,225.768646499068,95.974940272046,97.5562161798693,159.324048780859,471.297231220283,0,0,7.07624756525985,13.2981896078157,5.8670228515331,5.97096256124367,10.0533444599445,29.781563255225,0,0,0,0,0,0,0,0,351.660917810305,262.813220870148,175.968757611382,338.658584867956,227.56477241369,237.02729916193,117.408883825779,364.484519455798,13.5113748164295,10.097704229547,6.76854894623463,13.02540759156,8.74560605629052,9.10932947703103,4.51729192332254,14.0230271297218,262.536842295181,195.313500587738,246.217844575068,479.579321517705,334.863833219623,344.784840345189,201.09269503041,627.71205381861,10.0870853118738,7.50425703272228,9.47071072666999,18.4456662591513,12.8704995588763,13.2518793958545,7.73620400697208,24.1475361041638,0,0,38.0238763640298,78.0759819951127,42.6778405071688,44.2183339340899,83.7214894886323,248.45519003906,0,0,0,0,0,0,0,0,1048.18200969206,500.054724022581,1699.56810556273,1723.06769899591
"311",2015,170,25.8333333333333,1813.98764262048,1433.47363619725,415.162270950655,763.097134680281,114.410179758468,124.408626354787,78.7118265767688,258.850490356742,0,0,0,0,0,0,0,0,0,0,0.682208478877161,1.24937869085856,0.232566190679375,0.250363036693091,0.163379392165286,0.533893785693757,0,0,0,0,0,0,0,0,7297.13105792249,5234.84675543473,1195.80945982442,2242.43785019807,923.549849671207,938.49736685231,1619.45737874023,4849.42976916745,280.367444593076,201.131183749829,46.1212909175587,86.4962405242641,35.6162319085406,36.1935906781628,62.5600953290622,187.325940960356,18582.9482424633,13235.2176554362,3101.76047828116,5756.70839080673,2451.26004095454,2467.20565999225,4091.75480521559,12123.8234578001,713.986578762332,508.518228430145,120.627523910231,224.144510901011,95.8181568410775,96.4728325529193,160.382566901133,475.248031774789,0,0,7.03387395833905,13.1920215541017,5.85471677521673,5.90164655910077,10.1146650966871,30.015605163825,0,0,0,0,0,0,0,0,351.299173596966,262.311076141355,174.754926594328,335.649011609973,226.895106955531,234.022807505014,117.930823147718,366.584596974713,13.4974760254729,10.0784110260343,6.72183636500497,12.9096119389879,8.71981697622406,8.9938273226568,4.53735032413402,14.1037754193284,262.861925390725,195.372735533356,245.041266175722,476.196216190695,334.689006655532,341.117455762352,202.437774846855,632.820655939729,10.0995755244337,7.5065329340452,9.42542920259494,18.3154961891819,12.8637165454991,13.110883645715,7.7879234394007,24.3440054906944,0,0,37.8499197216115,77.4688071350304,42.6526316825532,43.7293495043159,84.3781776043811,250.746093288776,0,0,0,0,0,0,0,0,1051.37587657337,501.338643359313,1704.98037828327,1726.96323585605
"312",2015,170,25.9166666666667,1814.31425677493,1433.24186316506,414.128490969227,761.327320058615,114.149325755688,123.615473394454,78.9503286624401,260.83365187238,0,0,0,0,0,0,0,0,0,0,0.680121882138869,1.24564000011031,0.231950657912824,0.248602626542492,0.163826806696322,0.537849323844553,0,0,0,0,0,0,0,0,7286.21415514251,5222.37561482057,1187.4053784233,2222.45302810427,920.401968418793,926.513258574248,1626.8139248985,4879.9015833694,279.947999730294,200.652022583968,45.7971920809729,85.7253053581931,35.4948731360115,35.7314546375624,62.8445230375228,188.503730374393,18589.4880630797,13227.5880243559,3085.40381343263,5715.80350765187,2447.11324831406,2440.00948797609,4118.54706166837,12223.352071458,714.237849313373,508.225085787942,119.992561820582,222.550455601774,95.6579418741018,95.4095962414747,161.436942334643,479.158408424774,0,0,6.99198360162136,13.0874394516573,5.84213029247783,5.83355542952996,10.1755683708339,30.2466506949814,0,0,0,0,0,0,0,0,350.927049626165,261.802722073867,173.552478022213,332.678243771216,226.20877773487,231.065458183675,118.440102758576,368.596408978452,13.4831784276314,10.0588792497995,6.67556100151558,12.7953083902173,8.69338671400448,8.88013725206698,4.55692102627179,14.1811281338756,263.191436409352,195.435848145419,243.876599187351,472.865950003959,334.501029489577,337.51385257505,203.771890362706,637.776757171939,10.112235864876,7.50895782151429,9.38060510078033,18.1873576955426,12.8564267516026,12.9723395473322,7.83921993735815,24.5346093912654,0,0,37.6765487975773,76.8688340059004,42.6259457464365,43.2489179971697,85.0354970714031,253.027237764081,0,0,0,0,0,0,0,0,1054.56640910129,502.620092027915,1710.36931885031,1730.81667336886
"313",2016,170,26,1814.60155608127,1432.86926603465,412.860752743743,759.724413237207,114.201827297738,123.985061393301,78.7495947930208,261.191715478537,0,0,0,0,0,0,0,0,0,0,0.678350647449469,1.24279936817528,0.231970952563705,0.249185564847351,0.163431555737004,0.538689026394793,0,0,0,0,0,0,0,0,7275.79603402193,5210.38965350434,1178.88364004202,2203.46108387906,919.672037616699,923.154872959238,1631.25432982606,4899.92445836608,279.547718856502,200.191502782618,45.4686454451952,84.9927544998709,35.4667622361062,35.6019743807354,63.0164889566394,189.27854973343,18597.7867570168,13221.3645459849,3068.6263513231,5677.37653658275,2449.49561875775,2435.58078681147,4137.9097705581,12296.5371417819,714.556698585344,507.985969781924,119.342039908967,221.053682976463,95.7529759128403,95.2366230943972,162.201209604129,482.039603623885,0,0,6.95317903066825,12.9922404246197,5.84506509315202,5.8198753835308,10.2186823973578,30.4144570896333,0,0,0,0,0,0,0,0,350.642648545016,261.340701821495,172.418282548134,329.940231710497,226.16755661643,230.290474143069,118.341743050234,368.359671764358,13.4722512834868,10.0411276928377,6.6319120837178,12.6899580793426,8.69174751496311,8.85031804353182,4.55313795072547,14.1720595268162,263.55513031434,195.52841067756,242.798321491479,469.855987138396,335.2103234466,337.062324557688,204.14999427762,639.261337991886,10.1262095664721,7.51251422200857,9.33910422904779,18.0715389072217,12.8836216802486,12.9549450150527,7.8537688933403,24.5917750062356,0,0,37.5187502630418,76.3228655148104,42.7133116051682,43.1719600444241,85.5712366073978,254.863813170066,0,0,0,0,0,0,0,0,1057.67926529637,503.868952139751,1715.61214252453,1734.54349464868
"314",2016,170,26.0833333333333,1814.90624368571,1432.40445039823,411.383392447905,758.306386432793,114.553557931525,125.469076023564,78.1214873681285,259.986974977022,0,0,0,0,0,0,0,0,0,0,0.676721040110588,1.24070913869238,0.232613608122918,0.252042934696459,0.162200424196074,0.536470013684939,0,0,0,0,0,0,0,0,7265.78818231147,5198.81655951888,1170.227457232,2185.41321176265,921.337193063036,928.256421230955,1632.62768659225,4909.15822173639,279.163201189537,199.74684600436,45.1349954039397,84.2967014114933,35.5310211604501,35.7987587499035,63.0701746681445,189.637283688938,18607.9886436812,13216.6537611658,3051.44443101203,5641.41896551322,2458.43511085546,2453.66816026443,4149.77393982212,12343.6027544448,714.948671560716,507.804973881633,118.676565936779,219.653848052509,96.1044096938822,95.944200987862,162.67263210539,483.900265957934,0,0,6.91644072995394,12.9054642053518,5.86361583871603,5.85999166029151,10.2436882138665,30.5190318853246,0,0,0,0,0,0,0,0,350.439630199321,260.923326560635,171.33013816863,327.411680463573,226.764527605726,231.676869396326,117.732281251174,366.263818657876,13.4644509941762,10.0250914678453,6.59003619278046,12.5926655013053,8.71463290349244,8.90356102536662,4.52971129342594,14.0915368514153,263.967484573828,195.65823914839,241.813336335491,467.178689082833,336.852286447851,339.781849862593,203.575241052308,637.337829005501,10.1420528766995,7.51750243946226,9.3011923626434,17.9685154337433,12.9466609668912,13.0594269601823,7.83169272915541,24.5179436183235,0,0,37.3767491274651,75.8310907636233,42.916696744351,43.4969718823165,85.9828906399183,256.255889794964,0,0,0,0,0,0,0,0,1060.71413957016,505.085004283204,1720.7225190046,1738.17123808711
"315",2016,170,26.1666666666667,1815.33014908168,1432.05490937842,409.999309143875,757.001741923447,114.88601704657,126.896588232002,77.513444623982,258.835379799071,0,0,0,0,0,0,0,0,0,0,0.674975484786765,1.23860040453279,0.233229619732316,0.254818106205016,0.160987536820863,0.534275845905751,0,0,0,0,0,0,0,0,7255.5145285483,5187.06967818813,1161.67282030062,2167.59184714961,922.863781888178,933.115632384297,1633.775871204,4917.57340491067,278.768470982645,199.295512038381,44.8052378775319,83.609365798561,35.5899376831581,35.9861968422737,63.1151710189707,189.964440551955,18618.3415595545,13212.0896752481,3034.61195677552,5606.13195816721,2467.13430943185,2471.28900916781,4161.62724543403,12390.6031049263,715.34644731625,507.62961438804,118.024513463144,218.279984506348,96.4465351669042,96.6336753210219,163.143682250257,485.75858883461,0,0,6.87901260930458,12.8189690041806,5.88155904446663,5.89896510299713,10.2683325928962,30.6223138968789,0,0,0,0,0,0,0,0,350.21566831256,260.496111346457,170.227169168018,324.889243216553,227.318438856879,233.018316109906,117.23633892157,364.594731724081,13.4558460205222,10.0086771761109,6.54758999629506,12.4956080646998,8.73586174289179,8.95507389233278,4.51064620155816,14.0274124467158,264.393785302704,195.795549335985,240.838203185445,464.5462631219,338.489701536835,342.489814913065,203.031016625469,635.492747398682,10.15843203258,7.52277811643894,9.26365902128917,17.8672173327139,13.0095229514487,13.1634613925013,7.81078968295717,24.4471261192799,0,0,37.2350139649411,75.3450119147635,43.1178033706108,43.8169673714607,86.3950185384928,257.650047775899,0,0,0,0,0,0,0,0,1063.74716487493,506.299089799815,1725.83056539851,1741.79640301136
"316",2016,170,26.25,1815.86035484766,1431.80958445916,408.702249142104,755.801734745621,115.200280196691,128.270085005853,76.9246189433982,257.734275681597,0,0,0,0,0,0,0,0,0,0,0.673158075531423,1.23650594777607,0.233817242539948,0.257509326191386,0.159795118985737,0.532116364552102,0,0,0,0,0,0,0,0,7245.06122120103,5175.21268856392,1153.23645934167,2150.02761221704,924.273318197668,937.758423193366,1634.73117999051,4925.27293111475,278.366838197755,198.839947535685,44.4800176302802,82.9319257474114,35.6443385729556,36.1652852143238,63.1527185158438,190.263972844038,18628.779285004,13207.6241360001,3018.11183929231,5571.48434270032,2475.59103828125,2488.44578087242,4173.45015345258,12437.4759488473,715.747481587859,507.458041215384,117.385224935814,216.930885972055,96.7792627615387,97.3051357754679,163.613598263181,487.612147045733,0,0,6.84113609991461,12.7329515358057,5.89888962937854,5.93680095555544,10.2926057535351,30.7242630947865,0,0,0,0,0,0,0,0,349.971805975382,260.059387014627,169.114616083675,322.377730013029,227.831456905147,234.313337874626,116.833111939514,363.276369337218,13.4464764397355,9.99189752887,6.50477484858949,12.3989705689813,8.75551726255448,9.00479978736002,4.495142978003,13.9767632227874,264.825865316397,195.934912274781,239.864540948535,461.944109653391,340.110566118697,345.175127454884,202.525929042605,633.765274272413,10.1750332378222,7.52813266339969,9.22618183510823,17.7670830883388,13.0717463033686,13.26662190867,7.79139022997195,24.3808273284678,0,0,37.0933227884065,74.8642368754666,43.316482697227,44.1318432987555,86.8073207132209,259.045381917324,0,0,0,0,0,0,0,0,1066.77816416674,507.511163510924,1730.93553056512,1745.41866558996
"317",2016,170,26.3333333333333,1816.48605508297,1431.65913346837,407.486638963636,754.698717188969,115.497428738202,129.591992395851,76.3542618713664,256.681328434338,0,0,0,0,0,0,0,0,0,0,0.671303994597413,1.23445091777541,0.234375682224594,0.260115996497628,0.158624945239468,0.529999406043616,0,0,0,0,0,0,0,0,7234.49555841307,5163.2953873725,1144.92960125821,2132.74093179125,925.581994728867,942.205307113514,1635.52152695213,4932.34743938374,277.960888537158,198.382065766129,44.1597679747298,82.2651676863742,35.6948463471068,36.3368130059204,63.1838896465852,190.539362295289,18639.2501496726,13203.2195782057,3001.92985600609,5537.45027044814,2483.80504339108,2505.1427504343,4185.22687437754,12484.1704262455,716.149789117896,507.288811047984,116.758153721152,215.60555240711,97.1025777541316,97.9587432056504,164.081763903377,489.458957616046,0,0,6.8030111812635,12.6475741642897,5.91561010189672,5.97351194475202,10.31650341521,30.8248578045707,0,0,0,0,0,0,0,0,349.709276820772,259.61366612722,167.997103486457,319.881655803563,228.30610602184,235.561578715177,116.505475835455,362.245673329624,13.4363896499682,9.97477221957711,6.46176846483346,12.3029265101708,8.77369646081669,9.05272496313327,4.4825433680671,13.9371651695317,265.257465917155,196.07223045512,238.886643759804,459.361934946356,341.705658920039,347.828827014855,202.065581315356,632.182393070399,10.1916160232498,7.53340864747086,9.18854130641022,17.667716769479,13.1329765867912,13.3685640317544,7.77370939762922,24.320083371727,0,0,36.9515183172221,74.3884618895408,43.5126100810144,44.4415195893344,87.2195459077799,260.441128210036,0,0,0,0,0,0,0,0,1069.80697042679,508.721182289123,1736.03674857404,1749.03772092654
"318",2016,170,26.4166666666667,1817.19818205351,1431.59563052876,406.34748297423,753.685962758313,115.778536045106,130.864667371487,75.8017065052649,255.674468777439,0,0,0,0,0,0,0,0,0,0,0.66944102158007,1.23245423607768,0.234904882966562,0.26263844055895,0.157478406013663,0.527931120191196,0,0,0,0,0,0,0,0,7223.86956125289,5151.35632451818,1136.75922497416,2115.74433613603,926.801793724728,946.472417512893,1636.17100633781,4938.87663648556,277.552620733496,197.923347878684,43.8447589517781,81.6095747647766,35.7419218901903,36.5014011919513,63.2096104369733,190.793671614659,18649.7142788996,13198.8470160583,2986.0540631044,5504.00811572189,2491.77756435546,2521.38561416773,4196.94475690018,12530.6453052225,716.551837858222,507.120810204789,116.142841355813,214.303147486073,97.4165236539487,98.5947138859693,164.547684890839,491.29741150641,0,0,6.76480229164123,12.5629692699519,5.93172835601478,6.00911614288476,10.3400257549721,30.9240916167957,0,0,0,0,0,0,0,0,349.429431359582,259.159585684877,166.878647120707,317.40511834461,228.745055993726,236.76347187636,116.239402211195,361.450587525184,13.4256375400071,9.9573257228156,6.41872519113761,12.2076333848371,8.79050195001967,9.09886604928861,4.47230812983565,13.9066171989106,265.683883327965,196.204483369479,237.900922133893,456.792867574551,343.268088585618,350.443811320797,201.653194257491,630.761296652695,10.2079996622283,7.5384900159231,9.15059932456453,17.568854056049,13.1929489149194,13.4690147043118,7.75787069692284,24.2655541808153,0,0,36.8094961963507,73.917455309457,43.7060818780921,44.7459363474918,87.6314832350572,261.836640741141,0,0,0,0,0,0,0,0,1072.83342785066,509.929105692992,1741.13363554481,1752.65328757711
"319",2016,170,26.5,1817.9890732361,1431.61229848568,405.280271250589,752.75750831334,116.044656165613,132.090391526703,75.2663520569598,254.711843572857,0,0,0,0,0,0,0,0,0,0,0.667590899240876,1.23052985109351,0.235405341913021,0.265077695981878,0.156356569244553,0.525916261370819,0,0,0,0,0,0,0,0,7213.22314467685,5139.42513847732,1128.72914000532,2099.04444190231,927.941464306116,950.572426454763,1636.70042456102,4944.93061393004,277.143568383223,197.464932631008,43.535138735642,80.9654028871363,35.7859019537848,36.659537830843,63.2306808334966,191.029594927088,18660.1411491485,13194.4842634204,2970.47428594449,5471.13952307877,2499.5109594004,2537.18112966727,4208.59373480186,12576.8673654787,716.952455045832,506.953186258912,115.538897830065,213.022961698835,97.7211876603318,99.2133055520195,165.010967401895,493.126210771695,0,0,6.72664386206135,12.4792434588841,5.94725583133649,6.04363517078151,10.3631764592445,31.02197050802,0,0,0,0,0,0,0,0,349.133675760407,258.697858821332,165.762677826216,314.951718894535,229.150956678429,237.919963879809,116.023424521387,360.848231003941,13.4142741370983,9.93958543832388,6.37577691947815,12.1132296382293,8.80603559804017,9.14325944286233,4.46399650130309,13.8834709328066,266.101653358068,196.32950179438,236.905412099275,454.232682092273,344.792875644339,353.014567668265,201.290157228813,629.511531116395,10.224051055009,7.54329342372144,9.11228029393724,17.4703323884595,13.2514718862818,13.5677619700797,7.74392728375464,24.2176058767151,0,0,36.6671944066518,73.4510431160737,43.8968124505191,45.0450509990121,88.0429549519032,263.231370728439,0,0,0,0,0,0,0,0,1075.85739255406,511.134896414811,1746.22568471077,1756.26511024003
"320",2016,170,26.5833333333333,1818.8521667026,1431.70326412185,404.280894841584,751.908009177026,116.296813965651,133.271365834675,74.7476498669583,253.791771444073,0,0,0,0,0,0,0,0,0,0,0.665770606214061,1.2286878919626,0.235877940787538,0.267435323329463,0.155260238713119,0.523958462247851,0,0,0,0,0,0,0,0,7202.58701133407,5127.52468569813,1120.84094583929,2082.64371726826,929.007409862748,954.51539323667,1637.12780828707,4950.57112655763,276.734911131215,197.007698204393,43.2309704677231,80.3327484707127,35.827033206112,36.8116106208247,63.2477941724142,191.249506737301,18670.5073570138,13190.1143107264,2955.18166407744,5438.82855637879,2507.00836747653,2552.53678732436,4220.16581064318,12622.8098800061,717.35074148454,506.785285675629,114.945983979408,211.764379383511,98.0166875527476,99.8148046593507,165.471297999681,494.944309553408,0,0,6.68864565345353,12.3964817458993,5.96220594085619,6.07709264228768,10.3859618219324,31.118510036861,0,0,0,0,0,0,0,0,348.823419084605,258.229232611394,164.65208197371,312.524520607538,229.526309792231,239.032279444211,115.848134637687,360.403165649753,13.4023535796325,9.92158006991083,6.33303463673648,12.0198330600929,8.82039359942345,9.18595226809608,4.45724685028565,13.8663641136308,266.508261407149,196.44576119603,235.89932419945,451.67908434517,346.276549457679,355.536901717348,200.976534786349,628.436982524111,10.2396735866265,7.54776029583952,9.07355379436322,17.3720634870603,13.3084120967161,13.6646445561718,7.73188142633166,24.1763871171383,0,0,36.5245833905585,72.9890954992831,44.0847312876921,45.3388355248485,88.453809803645,264.624847232733,0,0,0,0,0,0,0,0,1078.87873295108,512.338520601376,1751.31245962909,1759.87296083011
"321",2016,170,26.6666666666667,1819.78181800215,1431.86341078369,403.345593421734,751.132650603534,116.536000309724,134.409708993459,74.2450950440141,252.912716103616,0,0,0,0,0,0,0,0,0,0,0.663993161546717,1.22693537165085,0.236323846695906,0.269713288322582,0.154189992534927,0.522060410995221,0,0,0,0,0,0,0,0,7191.98437449248,5115.67230768667,1113.09457148894,2066.54148108786,930.004209072493,958.309281321073,1637.46874107888,4955.85246531567,276.327540868351,196.552310887235,42.9322529796746,79.7115868109997,35.8654922276987,36.9579267372549,63.2615500784137,191.455495348975,18680.7952915756,13185.7243590589,2940.16839299008,5407.0612146612,2514.2735156504,2567.46061843007,4231.65473103199,12668.4516473752,717.746020534718,506.616616700064,114.363801483004,210.526859957493,98.30316421048,100.39951893431,165.928431019551,496.750876502401,0,0,6.65089643839911,12.3147506410782,5.97659331329031,6.1095133780087,10.4083901438056,31.213733375294,0,0,0,0,0,0,0,0,348.500047168005,257.754466146659,163.549258288959,310.12607743822,229.873432105596,240.101810326969,115.705855017175,360.086250353242,13.3899291136385,9.90333878308946,6.29059060386088,11.9275418896467,8.83366505771675,9.226998098475,4.45176407332347,13.8541765622539,266.901965603423,196.552257213818,234.882762959252,449.131262541926,347.716869294434,358.007733161494,200.711378418543,627.53712388344,10.2548003315815,7.55185204313651,9.0344237954913,17.2740160910734,13.3636834213971,13.7595440231938,7.72169648354376,24.1418770180563,0,0,36.381659775492,72.531518416933,44.269781069966,45.6272745983281,88.8639190112738,266.016665595333,0,0,0,0,0,0,0,0,1081.89732952797,513.539947895986,1756.39358604608,1763.47663667538
"322",2016,170,26.75,1820.77313374635,1432.08824452196,402.470907625832,750.427067215807,116.763167931258,135.507456066712,73.7582190043529,252.073262356037,0,0,0,0,0,0,0,0,0,0,0.662268357176671,1.22527682462049,0.236744423757886,0.271913855751493,0.153146218679298,0.520224013536471,0,0,0,0,0,0,0,0,7181.43251955501,5103.88097779726,1105.48875036929,2050.73478289751,930.935081105664,961.96042612891,1637.73668121408,4960.82229703102,275.922121727451,196.099269136551,42.6389390338953,79.101805874396,35.9014033657236,37.0987307854778,63.2724666424657,191.649395023103,18690.9919306223,13181.3049456299,2925.42749440658,5375.82500210842,2521.31054629367,2581.96102147234,4243.05568708435,12713.7760938366,718.137791862242,506.446815756763,113.792083967184,209.309921243715,98.580774898529,100.967770628381,166.382176933297,498.545259914927,0,0,6.6134673702223,12.2341009813057,5.99043313283682,6.14092272145096,10.4304711931806,31.3076695231288,0,0,0,0,0,0,0,0,348.164900213764,257.274311441763,162.456170462272,307.758462461467,230.194425463082,241.130018625261,115.590339752124,359.873593108284,13.3770522318649,9.88489047146469,6.24852037368631,11.8364358989527,8.84593083042113,9.26645323495407,4.44730810455028,13.8459898981756,267.281636251219,196.648392987934,233.856481086428,446.589494587233,349.112573657829,360.424907667786,200.493003332466,626.808126754394,10.2693878851598,7.55554573330407,8.99491920595966,17.1762008598131,13.4172373819445,13.8523775396871,7.71330754035387,24.1139278725184,0,0,36.2384407081774,72.0782460155433,44.4519158566812,45.9103638182865,89.2731725542465,267.40647669959,0,0,0,0,0,0,0,0,1084.91307453342,514.739151441644,1761.46874445618,1767.07595879139
"323",2016,170,26.8333333333333,1821.82181384211,1432.37376718644,401.653633632754,749.787266394615,116.979227767189,136.566557458981,73.2865824605016,251.272093441183,0,0,0,0,0,0,0,0,0,0,0.660603451666098,1.2237149093194,0.237141150864287,0.274039489956802,0.152129148960419,0.518450547840692,0,0,0,0,0,0,0,0,7170.94427973022,5092.16038422365,1098.02146006386,2035.21921833761,931.802319249293,965.473974673574,1637.94327141798,4965.52249441056,275.519146780912,195.64894518824,42.3509522164654,78.5032376121955,35.9348553767916,37.2342216737707,63.280992290486,191.832817764649,18701.0877027461,13176.8491177446,2910.95260153936,5345.10852643988,2528.12385530236,2596.04659888511,4254.36502784605,12758.7704106176,718.525687718384,506.275615712066,113.230588687515,208.113123898138,98.8496869801246,101.519890176345,166.832391216978,500.326954237037,0,0,6.57641517996468,12.1545706174339,6.00374052961516,6.17134591030649,10.4522157037761,31.4003516343228,0,0,0,0,0,0,0,0,347.819252584084,256.789495986866,161.374396886587,305.423294877552,230.491149799061,242.118347550401,115.496491277136,359.745556003887,13.3637718973455,9.86626308637188,6.20688469883564,11.7465774263702,8.85726248936392,9.30437327175595,4.44368302628248,13.8410492924607,267.64660397826,196.733872826001,232.821653825419,444.054787947581,350.463146644268,362.787018963179,200.319244917926,626.243894318833,10.2834105290082,7.55883000536817,8.95508519691913,17.0786565241163,13.4690541675719,13.9430910457756,7.70663126211009,24.0923048508196,0,0,36.0949585263181,71.6292335207068,44.6310993401907,46.188107993225,89.68147560261,268.793976643287,0,0,0,0,0,0,0,0,1087.92587160686,515.936107857694,1766.53766314485,1770.67077025698
"324",2016,170,26.9166666666667,1822.92405407816,1432.71639775932,400.890793436938,749.209579264288,117.185047939062,137.588880068117,72.8297710884098,250.507976930763,0,0,0,0,0,0,0,0,0,0,0.659003631076167,1.22225078616466,0.237515573884508,0.276092791700601,0.151138883255436,0.516740770396602,0,0,0,0,0,0,0,0,7160.52892734729,5080.51758420893,1090.69015780981,2019.98937274579,932.607540185834,968.854154983863,1638.09856183689,4969.98975796462,275.118972286448,195.201610192867,42.0681959909427,77.9156750073107,35.9659109981298,37.3645629575943,63.2875143270034,192.007177138658,18711.0758006346,13172.3519337239,2896.73783996353,5314.90127525985,2534.71800384205,2609.72606434983,4265.58007037524,12803.4249703349,718.90944655538,506.102826698752,112.679091908757,206.936062724968,99.1100744783261,102.056212588334,167.278966980667,502.095577434108,0,0,6.53978454971436,12.0761865547205,6.01653037488655,6.20080783094483,10.4736350242896,31.4918157667695,0,0,0,0,0,0,0,0,347.46430598216,256.300715453906,160.305188556036,303.121801975989,230.765241827913,243.068194221894,115.420164485744,359.686052314434,13.3501342814387,9.84748335663931,6.16573175336351,11.6580137531628,8.86772303554875,9.34081204558223,4.44072953901497,13.8387364470893,267.996564171328,196.808636599002,231.77973613709,441.528647486394,351.768646616336,365.093266177031,200.187618388793,625.836727303809,10.2968565593997,7.56170254907581,8.91497771002723,16.9814409587789,13.5191360509322,14.0316537707608,7.70157202873986,24.0767115924514,0,0,35.9512572089543,71.1844525586028,44.8073035878335,46.4605199081517,90.0887462986036,270.178900369496,0,0,0,0,0,0,0,0,1090.93563509846,517.130797075097,1771.60011054223,1774.26093315011
"325",2017,170,27,1824.16684724066,1433.14624026219,400.198304425064,749.287405817366,117.428906118514,138.70419149722,72.1785758553024,248.975214901727,0,0,0,0,0,0,0,0,0,0,0.657734041865099,1.22200177544061,0.237965755918915,0.278333401167228,0.149812855580046,0.513730283024969,0,0,0,0,0,0,0,0,7150.35132725414,5069.13930577814,1083.76944427684,2006.69895187627,933.730051996985,973.002408326939,1637.39254662154,4971.54609136768,274.727932615164,194.764438539763,41.8012870637031,77.4029339147233,36.0091987004453,37.5245199622932,63.260792546277,192.069181771505,18721.4089236987,13168.2707233137,2883.44323043271,5289.54512751984,2542.12804375045,2625.4319178205,4274.50425010681,12840.5547643624,719.306461808432,505.946020057023,112.163512017741,205.948047456543,99.4024063914989,102.671859698251,167.636247858505,503.570966804046,0,0,6.50622380561555,12.0099546305815,6.03126285649912,6.23508964910167,10.4896637497926,31.5655358938439,0,0,0,0,0,0,0,0,347.110267482077,255.823252327405,159.30436938774,301.126724557006,231.112225510639,244.212712519396,115.202341474815,359.202420938868,13.3365315562537,9.82913845976166,6.12720912233211,11.5812348757881,8.88098329185509,9.38472946601186,4.43233480394807,13.8201110909958,268.337498103976,196.880053350867,230.819962892906,439.408993962406,353.172912858613,367.683085432615,199.859191249987,624.844926791841,10.3099557864291,7.5644464948792,8.87802922545509,16.8998586496411,13.5730110501808,14.1311112400196,7.68894423843278,24.0386311104416,0,0,35.8219041347341,70.80880762874,44.9987593946626,46.7708076651063,90.4621980438799,271.454413302839,0,0,0,0,0,0,0,0,1093.94174232845,518.316943162041,1776.65517974286,1777.82785858371
