"","year","sim_id","time","N_1_1_1_1","N_1_1_1_2","N_1_1_2_1","N_1_1_2_2","N_1_1_3_1","N_1_1_3_2","N_1_1_4_1","N_1_1_4_2","N_1_2_1_1","N_1_2_1_2","N_1_2_2_1","N_1_2_2_2","N_1_2_3_1","N_1_2_3_2","N_1_2_4_1","N_1_2_4_2","N_2_1_1_1","N_2_1_1_2","N_2_1_2_1","N_2_1_2_2","N_2_1_3_1","N_2_1_3_2","N_2_1_4_1","N_2_1_4_2","N_2_2_1_1","N_2_2_1_2","N_2_2_2_1","N_2_2_2_2","N_2_2_3_1","N_2_2_3_2","N_2_2_4_1","N_2_2_4_2","N_3_1_1_1","N_3_1_1_2","N_3_1_2_1","N_3_1_2_2","N_3_1_3_1","N_3_1_3_2","N_3_1_4_1","N_3_1_4_2","N_3_2_1_1","N_3_2_1_2","N_3_2_2_1","N_3_2_2_2","N_3_2_3_1","N_3_2_3_2","N_3_2_4_1","N_3_2_4_2","N_4_1_1_1","N_4_1_1_2","N_4_1_2_1","N_4_1_2_2","N_4_1_3_1","N_4_1_3_2","N_4_1_4_1","N_4_1_4_2","N_4_2_1_1","N_4_2_1_2","N_4_2_2_1","N_4_2_2_2","N_4_2_3_1","N_4_2_3_2","N_4_2_4_1","N_4_2_4_2","N_5_1_1_1","N_5_1_1_2","N_5_1_2_1","N_5_1_2_2","N_5_1_3_1","N_5_1_3_2","N_5_1_4_1","N_5_1_4_2","N_5_2_1_1","N_5_2_1_2","N_5_2_2_1","N_5_2_2_2","N_5_2_3_1","N_5_2_3_2","N_5_2_4_1","N_5_2_4_2","N_6_1_1_1","N_6_1_1_2","N_6_1_2_1","N_6_1_2_2","N_6_1_3_1","N_6_1_3_2","N_6_1_4_1","N_6_1_4_2","N_6_2_1_1","N_6_2_1_2","N_6_2_2_1","N_6_2_2_2","N_6_2_3_1","N_6_2_3_2","N_6_2_4_1","N_6_2_4_2","N_7_1_1_1","N_7_1_1_2","N_7_1_2_1","N_7_1_2_2","N_7_1_3_1","N_7_1_3_2","N_7_1_4_1","N_7_1_4_2","N_7_2_1_1","N_7_2_1_2","N_7_2_2_1","N_7_2_2_2","N_7_2_3_1","N_7_2_3_2","N_7_2_4_1","N_7_2_4_2","N_8_1_1_1","N_8_1_1_2","N_8_1_2_1","N_8_1_2_2","N_8_1_3_1","N_8_1_3_2","N_8_1_4_1","N_8_1_4_2","N_8_2_1_1","N_8_2_1_2","N_8_2_2_1","N_8_2_2_2","N_8_2_3_1","N_8_2_3_2","N_8_2_4_1","N_8_2_4_2","HIV_neg_male","HIV_neg_female","HIV_pos_male","HIV_pos_female"
"1",1990,490,0,5185.32866243486,5303.9550003152,261.358447494047,515.253069598727,92.7633585233865,145.815283817301,0,0,0,0,0,0,0,0,0,0,0,0,0.406604808816128,0.817179350209815,0.170520909833423,0.269095236360321,0,0,0,0,0,0,0,0,0,0,4364.07025118863,4887.39196456002,139.988075817088,296.453434575154,45.5202994423483,76.3115777675822,0,0,167.674557937673,187.781415045401,5.39439945246838,11.4248180955313,1.75498969651901,2.94218138496909,0,0,32270.830879188,36603.3510150375,1105.95202408503,2355.30083941445,363.384890428952,609.535738212684,0,0,1239.89490251224,1406.35952624464,42.7965390893727,91.18901696702,14.1437715152306,23.7364894737717,0,0,0,0,1.82568998442017,3.94961906341624,0.692488182298316,1.16509700443715,0,0,0,0,0,0,0,0,0,0,234.299482636278,272.488606182596,20.9922292702328,45.8595969670948,11.5552500723816,20.0239543086098,0,0,9.00215881670219,10.469448256311,0.805667075255068,1.75981511082522,0.44271239611057,0.767049061695374,0,0,537.126096609872,629.540890160031,57.4038784462485,129.749719228791,36.9608376522168,64.9364131633949,0,0,20.6372377579667,24.1879684784271,2.20367888397988,4.980442563977,1.41709758649138,2.48938400719961,0,0,0,0,6.53547943804276,15.0863500176765,4.12058866258953,7.20425333300526,0,0,0,0,0,0,0,0,0,0,0,0,0,0
"2",1990,490,0.0833333333333333,5175.39789892844,5287.40855254268,267.953175215897,527.386294920044,94.1342962271856,148.061396814589,0,0,0,0,0,0,0,0,0,0,0,0,0.411529935579069,0.827053451645355,0.173068161034219,0.273291367884978,0,0,0,0,0,0,0,0,0,0,4364.13508218967,4881.13025704854,145.950765398096,308.511121910667,46.7108555005942,78.3856668149611,0,0,167.677048848409,187.54083022928,5.62384955350804,11.8888826127742,1.80089157582293,3.02214962015678,0,0,32209.6831694872,36487.050900989,1150.10501812005,2445.41446678164,372.600133707667,625.5254413902,0,0,1237.54552808686,1401.89108740374,44.5002676206399,94.6686030365446,14.5032581432894,24.3606796760328,0,0,0,0,1.86432271892335,4.03432389872469,0.710202470431414,1.19596439276042,0,0,0,0,0,0,0,0,0,0,233.931537111378,271.829753471953,21.62890174081,47.2057368571309,11.8876334974622,20.5994069532486,0,0,8.988021781158,10.4441340788883,0.83010442369821,1.81147393195026,0.455439246366158,0.789078247009513,0,0,535.623281879344,626.956937154126,59.0018780464993,133.330125218443,37.9585177240926,66.7605128770722,0,0,20.579497274848,24.0886888631732,2.26502203719079,5.11786256768601,1.45532507502624,2.55926588173478,0,0,0,0,6.69673007067835,15.4725598897135,4.24487857487303,7.43036873287604,0,0,0,0,0,0,0,0,0,0,2.36431805264112,1.57548549620871,0.453102743700691,0.514198880730394
"3",1990,490,0.166666666666667,5165.58980557732,5271.0842913354,274.373766470952,539.22607156862,95.5513941638258,150.371061426749,0,0,0,0,0,0,0,0,0,0,0,0,0.417419093995786,0.838607521328286,0.175646460805723,0.277534127694772,0,0,0,0,0,0,0,0,0,0,4364.27963495545,4874.97313875817,151.771820129545,320.316339187936,47.9554381855877,80.5461721496311,0,0,167.682602796834,187.30426389829,5.84789539806135,12.3433202995959,1.84887289063219,3.10544459215108,0,0,32148.8224690232,36371.3485632038,1193.46635457659,2534.1145264549,382.209259763713,642.144877614552,0,0,1235.20718087129,1397.4456161051,46.1739409879819,98.0946367814034,14.8780010691303,25.0092988993886,0,0,0,0,1.90999298630708,4.13272400250772,0.728333827259854,1.22755227532906,0,0,0,0,0,0,0,0,0,0,233.59400435393,271.19624915913,22.3101565818508,48.6416922296353,12.2249969872932,21.1867327626742,0,0,8.97505325242654,10.4197938274836,0.856254459469954,1.86658272253004,0.46835692667229,0.811562150119682,0,0,534.107147961459,624.372672000368,60.6213449576823,136.956279896614,38.9834703659744,68.631497429317,0,0,20.5212450469337,23.9893972547652,2.32718880945684,5.25703711480457,1.49459723523546,2.63094309983908,0,0,0,0,6.86135436219789,15.866773508788,4.37193970554681,7.66180640635412,0,0,0,0,0,0,0,0,0,0,4.72507600825723,3.14723128027722,0.919744827888153,1.0435232097744
"4",1990,490,0.25,5155.89085447314,5254.96721035158,280.623835518283,550.777473237389,97.0117767118925,152.740595605754,0,0,0,0,0,0,0,0,0,0,0,0,0.424064346687637,0.851487014770556,0.178271637067034,0.281844336283409,0,0,0,0,0,0,0,0,0,0,4364.56067522312,4868.98386363354,157.462719752101,331.890437345678,49.252521702552,82.7914195794185,0,0,167.693400813349,187.074146370137,6.06697363740123,12.7889433662187,1.898875657734,3.19200291866519,0,0,32088.2078574124,36256.1962499386,1236.04474249445,2621.4113440492,392.2000845085,659.378081301903,0,0,1232.8782886426,1393.02127764988,47.8178782597209,101.467487578929,15.2675385829997,25.6817439934411,0,0,0,0,1.96125349702993,4.24208594114914,0.746996615308381,1.26002905186514,0,0,0,0,0,0,0,0,0,0,233.284529171991,270.586419066161,23.0249020429026,50.1464274790911,12.5692306247185,21.7883740512025,0,0,8.96316274028768,10.3963631775004,0.883690943235456,1.92433311568923,0.481537969671913,0.834594507698427,0,0,532.57562769508,621.784435778956,62.2666647356792,140.637038356045,40.0352428206913,70.5491028226724,0,0,20.4624016506174,23.8899530716477,2.39034774209384,5.39830649375996,1.53489674927502,2.70440557461539,0,0,0,0,7.0303033610377,16.2708462030934,4.50184125340614,7.89868805006981,0,0,0,0,0,0,0,0,0,0,7.08256880685901,4.71537907211171,1.40048362639891,1.58863254124613
"5",1990,490,0.333333333333333,5146.28975121116,5239.04464949858,286.706929329993,562.04552157779,98.5126801765024,155.166451211323,0,0,0,0,0,0,0,0,0,0,0,0,0.431293633073914,0.865397121607495,0.180954293283806,0.286236058843978,0,0,0,0,0,0,0,0,0,0,4365.02171691976,4863.21060636238,163.03406845275,343.253135970383,50.6006609488263,85.1198035031174,0,0,167.711114772618,186.852328593363,6.28148774656301,13.2265021718628,1.95084487868563,3.28176369424379,0,0,32027.808233497,36141.5575097853,1277.84923046898,2707.31606786376,402.560649494153,677.209331254919,0,0,1230.55765644768,1388.61667151624,49.4324118231559,104.787556735467,15.6714172976898,26.377420748612,0,0,0,0,2.0169097827791,4.36014321626737,0.766269308201241,1.29351188261466,0,0,0,0,0,0,0,0,0,0,233.001170265414,269.998956283199,23.7642364476472,51.7029233908353,12.9217380405612,22.4061551364671,0,0,8.95227565690425,10.3737919153712,0.91207181086314,1.98407111686448,0.495036228793895,0.858245321392823,0,0,531.027442493984,619.189644848837,63.9404120219663,144.377823713235,41.113733932864,72.5135267292342,0,0,20.4029179605919,23.790257046196,2.45459778486255,5.54187910615859,1.57621979084088,2.77966093752013,0,0,0,0,7.20428887141502,16.6861857431313,4.63467672612812,8.14117142873379,0,0,0,0,0,0,0,0,0,0,9.43706963020653,6.2800619527311,1.89578831910348,2.15008011764967
"6",1990,490,0.416666666666667,5136.77700674537,5223.30584495385,292.626528207959,573.035181750921,100.051444530059,157.64520293353,0,0,0,0,0,0,0,0,0,0,0,0,0.43896464782417,0.880092785301569,0.183701023725472,0.290718148523256,0,0,0,0,0,0,0,0,0,0,4365.69571248536,4857.6895466783,168.495620549816,354.42257591712,51.9985090313811,87.5298195854778,0,0,167.737010760081,186.640200651192,6.49180896596717,13.6566871679215,2.0047292286629,3.37466976649898,0,0,31967.6003039011,36027.4048604355,1318.8891655733,2791.84058717936,413.279218628853,695.623144797217,0,0,1228.24438932044,1384.23074178957,51.0178858175528,108.05527437087,16.0891920222681,27.095743664997,0,0,0,0,2.0759762455543,4.48501666802553,0.786202954628677,1.32807856188234,0,0,0,0,0,0,0,0,0,0,232.742314426351,269.432834317164,24.5210404701529,53.2974535711898,13.2835441095937,23.0414167596111,0,0,8.94233002026849,10.3520406015888,0.94112349715828,2.04526928251458,0.508891014746821,0.882566021816647,0,0,529.461933946138,616.58657299657,65.643761987835,148.181373924344,42.2190829088001,74.5252810781193,0,0,20.3427686796266,23.6902428545266,2.51998410915388,5.68786017010552,1.61857175398346,2.85672887757764,0,0,0,0,7.38382749934357,17.1138322975283,4.77055571751503,8.38943866036995,0,0,0,0,0,0,0,0,0,0,11.7888336758895,7.8414062467627,2.40605578922742,2.72833214530965
"7",1990,490,0.5,5127.3445630804,5207.74153631364,298.386047287384,583.751359346952,101.625504500143,160.173536649376,0,0,0,0,0,0,0,0,0,0,0,0,0.44695934252725,0.895369690491309,0.186515432189756,0.295295546196369,0,0,0,0,0,0,0,0,0,0,4366.60738041399,4852.44753101624,173.856331086847,365.415416296523,53.4448259859229,90.0200846596655,0,0,167.77203849981,186.438794026585,6.69827819800588,14.0801325415883,2.06048140682043,3.47066852124206,0,0,31907.5668452962,35913.7177793436,1359.17414927105,2874.99744175665,424.344270820564,714.60426785601,0,0,1225.93782551539,1379.86269996051,52.5746544432083,111.271095952562,16.5204254861895,27.8361355752828,0,0,0,0,2.13763686365423,4.6151429483881,0.806828235227284,1.36377746453645,0,0,0,0,0,0,0,0,0,0,232.506603402196,268.88723480169,25.2896169152761,54.9189394477776,13.6553863467741,23.695130973472,0,0,8.93327364415927,10.3310777932075,0.970627087867183,2.10750192329627,0.523130605532701,0.907593881595482,0,0,527.878918390731,613.97416201384,67.3768409343352,152.048384615092,43.3515796927679,76.5850725532579,0,0,20.2819467511858,23.5898698385819,2.58651158191604,5.83627642529107,1.66196381227085,2.93563655284474,0,0,0,0,7.56927967070794,17.5545297127251,4.90959728752743,8.64368671216629,0,0,0,0,0,0,0,0,0,0,14.1381014533763,9.39953308518532,2.931624859247,3.32378503811174
"8",1990,490,0.583333333333333,5117.98555786515,5192.34371962852,303.988836433044,594.198897131109,103.232385020245,162.748243336843,0,0,0,0,0,0,0,0,0,0,0,0,0.455180433906471,0.911058524150514,0.189398757567119,0.299970082097802,0,0,0,0,0,0,0,0,0,0,4367.77467176091,4847.50375039078,179.124388890822,376.246895894693,54.9384810158698,92.5893447836497,0,0,167.816887700056,186.248846069013,6.90120724650427,14.4974185222715,2.11805823281447,3.56971220604779,0,0,31847.6956094282,35800.481437147,1398.71400492352,2956.79975898992,435.744500739089,734.13767534251,0,0,1223.63749443704,1375.51197626094,54.103080722235,114.435499899678,16.964688367807,28.5980276540882,0,0,0,0,2.20122030652299,4.74922909934175,0.828159764083481,1.40063363738804,0,0,0,0,0,0,0,0,0,0,232.29288920429,268.361503524988,26.0654626708697,56.5585395380856,14.0377717666925,24.3679733863662,0,0,8.92506242103131,10.310878354363,1.00040955404067,2.17042931586844,0.53777442975231,0.933354789877328,0,0,526.278593541883,611.351900190931,69.1389485888305,155.977920052831,44.5116104196668,78.6937288539803,0,0,20.2204597717643,23.489118337655,2.65415330797167,5.98709192591877,1.70641082472803,3.01641575919377,0,0,0,0,7.76087452232841,18.008771071427,5.05192582185583,8.90412140701854,0,0,0,0,0,0,0,0,0,0,16.4851007209134,10.9545592931376,3.47278544236687,3.93677650773732
"9",1990,490,0.666666666666667,5108.6940835526,5177.10539544836,309.43818033983,604.382571411036,104.869695368369,165.366211476193,0,0,0,0,0,0,0,0,0,0,0,0,0.463547743938636,0.927018941340458,0.192350500015451,0.304741279894232,0,0,0,0,0,0,0,0,0,0,4369.2102584592,4842.87143725328,184.307268339562,386.930929860142,56.4784528680444,95.2364811363198,0,0,167.87204523675,186.070865190417,7.10088076997261,14.9090750337945,2.17742067253615,3.6717581719854,0,0,31787.9782131793,35687.6854182321,1437.51873829189,3037.26117480535,447.468816016368,754.208567710466,0,0,1221.34307399441,1371.17817050606,55.6035349852192,117.548984556297,17.4215591916135,29.3808592877278,0,0,0,0,2.26617392178159,4.88620493332431,0.850200387083588,1.43865489716255,0,0,0,0,0,0,0,0,0,0,232.100188755974,267.855106798874,26.845032920441,58.2092227015818,14.4310338566853,25.060395561856,0,0,8.91765857952081,10.2914217799007,1.0303346891852,2.23378129966479,0.552835254335612,0.959866032920871,0,0,524.661444641752,608.719699476422,70.9287803271963,159.96782619673,45.6996049529696,80.8521277485675,0,0,20.1583263851406,23.3879849686691,2.72285916960289,6.14022391364906,1.7519293219396,3.09910020647105,0,0,0,0,7.95873568917003,18.4768461031494,5.19766706645406,9.17095165095315,0,0,0,0,0,0,0,0,0,0,18.8300485153237,12.5065982814886,4.02978803488669,4.56759705762648
"10",1990,490,0.75,5099.46499446074,5162.02036712243,314.737298650046,614.30708905744,106.535124300807,168.024420833357,0,0,0,0,0,0,0,0,0,0,0,0,0.471995187701217,0.943134574375783,0.195368899897439,0.309606975448824,0,0,0,0,0,0,0,0,0,0,4370.92271757621,4838.55921447381,189.411781960806,397.480206490354,58.063825921717,97.9605088917309,0,0,167.937840654537,185.905182695256,7.29755827015166,15.3155853561721,2.23853369787003,3.77676884394761,0,0,31728.4092564633,35575.3227049692,1475.59850035354,3116.39575980296,459.506336035072,774.802370054721,0,0,1219.05435670916,1366.86101306705,57.0763934468578,120.612065366404,17.8906242867278,30.1840780420295,0,0,0,0,2.33204242907809,5.02518384311219,0.872944442268641,1.47783648526976,0,0,0,0,0,0,0,0,0,0,231.927648780836,267.367598566292,27.6255502521046,59.8654195334401,14.8353768268407,25.7726818271701,0,0,8.9110293353959,10.2726909315941,1.06029577312223,2.29734387921322,0.568320883504885,0.987138475595475,0,0,523.028169248775,606.077796317396,72.7446020093736,164.015059815291,46.9159990110647,83.0611452310544,0,0,20.0955733926215,23.2864788162987,2.79256254469779,6.29555546422087,1.7985360523656,3.18372352832666,0,0,0,0,8.16290237430126,18.9588801430629,5.34694519289311,9.44438510123611,0,0,0,0,0,0,0,0,0,0,21.1731527210323,14.0557606837473,4.60285151920831,5.21649942876297
"11",1990,490,0.833333333333333,5090.29377914734,5147.08310749969,319.889346257284,623.977085700131,108.226436487437,170.719938029478,0,0,0,0,0,0,0,0,0,0,0,0,0.480468696278302,0.959309567659255,0.19845123265686,0.314563701256244,0,0,0,0,0,0,0,0,0,0,4372.91730529209,4834.57197565152,194.444127432951,407.906272777287,59.6937834039767,100.760570569689,0,0,168.014475904265,185.751986603434,7.49147587232264,15.7173893673766,2.30136603357603,3.88471147551605,0,0,31668.9857469227,35463.38901637,1512.96355726292,3194.217959616,471.846391474618,795.904732633447,0,0,1216.77122761162,1362.56033946127,58.5220370545903,123.625272592245,18.3714777749253,31.007139686198,0,0,0,0,2.39845332692078,5.16543578068411,0.896379742902611,1.51816392578459,0,0,0,0,0,0,0,0,0,0,231.774523694694,266.89860068152,28.4048764133082,61.5227852001452,15.2509034032472,26.504985424171,0,0,8.90514604213146,10.254671280479,1.09021064425127,2.36095011104135,0.584235225772746,1.01517794946127,0,0,521.379627805387,603.426685622493,74.584361700861,168.115902861216,48.1612135068366,85.3216267331184,0,0,20.0322338537759,23.1846188957254,2.86318459942405,6.45294372439449,1.8462471895303,3.27031817730614,0,0,0,0,8.37334369717317,19.4548608867657,5.49988111558378,9.72462561978267,0,0,0,0,0,0,0,0,0,0,23.514613069685,15.6021547075081,5.19216851284169,5.88370507128746
"12",1990,490,0.916666666666667,5081.17642721796,5132.28862012994,324.897413317074,633.397123235967,109.941468660056,173.449911744453,0,0,0,0,0,0,0,0,0,0,0,0,0.488924045722395,0.975464959974613,0.201594122951814,0.319607094720848,0,0,0,0,0,0,0,0,0,0,4375.19676560054,4830.911802986,199.409938481054,418.219627904159,61.3676015278142,103.635930922043,0,0,168.102056414559,185.611356916389,7.68284825421914,16.1148870886593,2.36588993978059,3.99555796304485,0,0,31609.7064985997,35351.882118281,1549.6242578193,3270.74252993961,484.478523129576,817.501530428921,0,0,1214.4936411367,1358.27606384875,59.9408502409349,126.589148827296,18.8637215312779,31.8495081802155,0,0,0,0,2.46510162160416,5.30635901515732,0.920489699110293,1.55961607220487,0,0,0,0,0,0,0,0,0,0,231.640152144269,266.447781925587,29.1813780794232,63.1779518182641,15.677644055711,27.2573662526236,0,0,8.89998328948737,10.237350100592,1.12001654141797,2.42447058813006,0.600579416175364,1.04398670221874,0,0,519.716792413937,600.767052412411,76.4458064366994,172.266185562137,49.435632220808,87.634356246034,0,0,19.9683451183238,23.0824315265402,2.93463877498631,6.61222848440466,1.89507747521084,3.35891423967313,0,0,0,0,8.58997369681929,19.9646663342111,5.65659068919316,10.0118705559229,0,0,0,0,0,0,0,0,0,0,25.8546222146235,17.1458865207456,5.79791093309986,6.56941087857035
"13",1991,490,1,5070.18044848416,5114.4455266118,331.541910995836,645.726268585392,111.677822651776,176.238322758767,0,0,0,0,0,0,0,0,0,0,0,0,0.497505391643617,0.991929104140781,0.20478070677152,0.324765006085406,0,0,0,0,0,0,0,0,0,0,4376.74816545233,4825.78733678771,205.274891015842,430.264283551085,63.0843463690294,106.602009709493,0,0,168.161663677815,185.414466730161,7.9087801101874,16.5789356090718,2.43206902881027,4.10990226070524,0,0,31542.8245329752,35226.9893933849,1592.93727880093,3360.15131907445,497.389035273161,839.703964185002,0,0,1211.92394638643,1353.47748330577,61.6154935997776,130.048667815876,19.3668153152095,32.7155065559745,0,0,0,0,2.53257266228728,5.44946807243499,0.945194991915602,1.60232994100895,0,0,0,0,0,0,0,0,0,0,231.430991311887,265.936603732989,30.0193491548141,64.973401271505,16.1127034393979,28.0380516803661,0,0,8.89194701342429,10.2177098146053,1.15218388725588,2.49337912793982,0.617242539830256,1.07387985293462,0,0,517.923855053682,597.886448468424,78.4375798991425,176.694323298219,50.7364265830179,90.0097991930701,0,0,19.899457658048,22.9717541082127,3.01109943462244,6.78218547608531,1.94491854661761,3.44991291593373,0,0,0,0,8.81240109689668,20.4891667015534,5.81678371288801,10.3073120873243,0,0,0,0,0,0,0,0,0,0,28.2226865156181,18.639407084139,6.42844549519597,7.25241708165271
"14",1991,490,1.08333333333333,5058.68053299706,5095.82689921621,338.537418683815,658.690217864365,113.455101564,179.092642546549,0,0,0,0,0,0,0,0,0,0,0,0,0.506581405899649,1.00929570958311,0.208025396209335,0.330022800255835,0,0,0,0,0,0,0,0,0,0,4378.27857556584,4820.4442765534,211.349787461292,442.727143270252,64.8553031841757,109.664491204023,0,0,168.220464481761,185.209177811502,8.14279936644983,17.0590963103621,2.50033747314901,4.22796222154719,0,0,31473.769899991,35098.4269074589,1637.64830750839,3452.33688719799,510.658878334723,862.543464072455,0,0,1209.27077427566,1348.53790467249,63.3441576552279,133.615571052429,19.8838850856556,33.6063219296978,0,0,0,0,2.60252985463897,5.59762596787876,0.970557745850395,1.64623501267527,0,0,0,0,0,0,0,0,0,0,231.21574925374,265.417814521761,30.887918840407,66.8340622062851,16.5595181744826,28.8424865083266,0,0,8.88367708689891,10.1977771011209,1.18552641679525,2.56479174822933,0.634356325470904,1.10468305489664,0,0,516.079132824604,594.936329752649,80.4862360782177,181.248647090966,52.0669143727383,92.4451480822199,0,0,19.8285805403691,22.8584058211773,3.08974463041737,6.95698750309209,1.99589771838608,3.54320675124313,0,0,0,0,9.04098081954232,21.0280616715063,5.98081722452435,10.6104869762143,0,0,0,0,0,0,0,0,0,0,30.5975416851396,20.1154880190843,7.07937094848909,7.94828394063459
"15",1991,490,1.16666666666667,5047.26539879106,5077.40839657558,345.337068288856,671.318135064789,115.27329522904,182.004695536664,0,0,0,0,0,0,0,0,0,0,0,0,0.516036668667128,1.02734182338984,0.211338644832603,0.335379178712558,0,0,0,0,0,0,0,0,0,0,4380.11133523346,4815.44430511319,217.344202241757,455.053908371391,66.681384039216,112.820258002115,0,0,168.290882039084,185.017070912968,8.37374545407091,17.5340674183018,2.57073074622241,4.34961808408458,0,0,31404.9100996998,34970.4246485854,1681.50016150567,3542.94422372732,524.288778478417,885.983289830774,0,0,1206.62508781943,1343.6198508792,65.0401093907134,137.122495253912,20.414969203337,34.520538518836,0,0,0,0,2.67439218276434,5.74960253943151,0.99662423251578,1.69132550710968,0,0,0,0,0,0,0,0,0,0,231.022596045278,264.91510901878,31.7649951235655,68.7118141400777,17.0195056297846,29.6690503510321,0,0,8.87625584908223,10.1784623494501,1.21919524193882,2.63685968646623,0.651975089368892,1.13633427605385,0,0,514.218293405827,591.981675085252,82.5580151337092,185.858237454941,53.4286272369242,94.9384944042177,0,0,19.757084174208,22.744883255686,3.16927722563335,7.13390983428734,2.04807373558922,3.63872264226398,0,0,0,0,9.27602624576163,21.5815116403569,6.14892615103304,10.9212987609381,0,0,0,0,0,0,0,0,0,0,32.9703012628437,21.5887312943505,7.74869401406566,8.6639769482256
"16",1991,490,1.25,5035.9292076679,5059.18287424242,351.944993395541,683.616064154166,117.129401756381,184.970583182058,0,0,0,0,0,0,0,0,0,0,0,0,0.525754826473672,1.0458649269505,0.214723478141312,0.340838232059265,0,0,0,0,0,0,0,0,0,0,4382.25574056519,4810.79686939423,223.264754344802,467.257096376188,68.5618299672212,116.068710069871,0,0,168.373273521196,184.838509000609,8.60187035026591,18.0043255164983,2.64321988426992,4.47484712752795,0,0,31336.2390878026,34842.9742539092,1724.50530097181,3631.99112259727,538.266113626519,910.006510404128,0,0,1203.98665478774,1338.72300061137,66.7038116394738,140.570094903066,20.9595873128958,35.4575138605535,0,0,0,0,2.74758167903787,5.90429614561922,1.02340618317856,1.73762059170692,0,0,0,0,0,0,0,0,0,0,230.850711626182,264.428470656266,32.6470315871276,70.6002450546674,17.4928890598725,30.5183108099961,0,0,8.86965179195545,10.1597649230319,1.25305409168743,2.70933654129433,0.670107384327526,1.16885525869504,0,0,512.341999229064,589.022197732907,84.6518385984341,190.520583764356,54.8220036682304,97.4904447576574,0,0,19.684994011249,22.6311753949846,3.24965577786221,7.31285601537446,2.10146343276565,3.73648387995685,0,0,0,0,9.51764400345595,22.1497521026852,6.32122414031273,11.2399456990751,0,0,0,0,0,0,0,0,0,0,35.3411877394804,23.059226198969,8.43672991485015,9.39980004694604
"17",1991,490,1.33333333333333,5024.6668270794,5041.14393327741,358.36523555285,695.589942625457,119.020518759631,187.986519220359,0,0,0,0,0,0,0,0,0,0,0,0,0.535640479229041,1.06469797408945,0.218180521754614,0.346400894748697,0,0,0,0,0,0,0,0,0,0,4384.71742790798,4806.50730099729,229.117463675388,479.348068652629,70.495958405776,119.409326412107,0,0,168.467855485561,184.673696923053,8.82740326847748,18.4703032276354,2.71777881034605,4.60362960008001,0,0,31267.7534677921,34716.0703693734,1766.67626346246,3719.49572152274,552.578530260293,934.596488967082,0,0,1201.35534468286,1333.84714815732,68.3357305876739,143.959038209388,21.5172689986873,36.4166162736628,0,0,0,0,2.82162586320202,6.06080083841898,1.05090432705319,1.78512370887154,0,0,0,0,0,0,0,0,0,0,230.699383529209,263.957913404464,33.5312597637107,72.4943199848015,17.9797841066826,31.3906634511359,0,0,8.86383754139692,10.1416853586252,1.28699659484875,2.78202884206482,0.688757628590849,1.20226113855471,0,0,510.451103967462,586.057952302507,86.7661644126884,195.232349931543,56.2474714266568,100.101625105801,0,0,19.6123428509761,22.5172843371569,3.33082103185436,7.49369787139857,2.15608322928479,3.83651449142869,0,0,0,0,9.76584964728893,22.7328443269076,6.49782465014161,11.5666262959647,0,0,0,0,0,0,0,0,0,0,37.710415577116,24.5270620138378,9.143758728661,10.1560244106308
"18",1991,490,1.41666666666667,5013.47365522176,5023.28573800063,364.601749194051,707.245604851717,120.94383455845,191.048819209316,0,0,0,0,0,0,0,0,0,0,0,0,0.545614607609786,1.08370179963141,0.221708751369879,0.352065909475151,0,0,0,0,0,0,0,0,0,0,4387.49940944777,4802.57798793429,234.907822265308,491.337172322118,72.4831598388115,122.841667917756,0,0,168.574743665179,184.522726431536,9.05055335816738,18.9323946010427,2.79438421499566,4.73594884121802,0,0,31199.4517242888,34589.7097740788,1808.02562670798,3805.47641746438,567.213929264501,959.736866870178,0,0,1198.73109928285,1328.99216976473,69.9363343311671,147.290003848231,22.0875532618953,37.3972242657903,0,0,0,0,2.89613432655735,6.21836371452322,1.079111959801,1.83382756766289,0,0,0,0,0,0,0,0,0,0,230.567978129338,263.503461781236,34.4154995834369,74.3900532611277,18.4802337270652,32.2863824178167,0,0,8.85878875252856,10.1242245982452,1.32093899303077,2.85478344754496,0.707927448218005,1.23656238939833,0,0,508.546587025887,583.089240536588,88.899150519159,199.989659347432,57.7054218557883,102.772637294487,0,0,19.5391683236854,22.4032216756331,3.41270220696369,7.67628645916634,2.2119481431132,3.93883757105307,0,0,0,0,10.0205902871664,23.3307169408829,6.67883813224433,11.9015352113178,0,0,0,0,0,0,0,0,0,0,40.0781925892923,25.9923281685992,9.87003389695465,10.9328967352727
"19",1991,490,1.5,5002.34554697685,5005.6029389595,370.658401462751,718.588780744956,122.896626876984,194.153898907731,0,0,0,0,0,0,0,0,0,0,0,0,0.555612595346724,1.10276182728988,0.225305806632543,0.357830233791695,0,0,0,0,0,0,0,0,0,0,4390.60252354231,4799.00888676007,240.640820544363,503.233791344036,74.5228939033271,126.365375016735,0,0,168.693970271096,184.385595856825,9.27151069918378,19.3909570489016,2.87301541142072,4.87179119803771,0,0,31131.333888493,34463.8909967578,1848.56598606187,3889.9518236308,582.160469675565,985.411568525465,0,0,1196.11391978775,1324.15800890493,71.5060920171574,150.563679325502,22.6699886635636,38.3987267156217,0,0,0,0,2.97078864057933,6.37636647994678,1.1080164105084,1.88371621326014,0,0,0,0,0,0,0,0,0,0,230.455929471286,263.065143120892,35.2980773329946,76.2843653591733,18.9942229555569,33.2056425047772,0,0,8.85448368045121,10.1073836921194,1.35481698755353,2.92748204367089,0.727616244337043,1.27176567093786,0,0,506.62952281046,580.116568069798,91.0487293270999,204.788227149759,59.1961990961386,105.50403961518,0,0,19.4655117097719,22.2890068377048,3.49521985861861,7.86045715058975,2.26907137675473,4.04347453465669,0,0,0,0,10.2817547369479,23.9431845519777,6.86437063973538,12.244861179213,0,0,0,0,0,0,0,0,0,0,42.4447203656618,27.45511422207,10.6157860266924,11.7306429828139
"20",1991,490,1.58333333333333,4991.27872453576,4988.09058015668,376.53897400397,729.625096331947,124.876258726869,197.298269435056,0,0,0,0,0,0,0,0,0,0,0,0,0.565581786818602,1.12178399579703,0.228968364703866,0.363689523446814,0,0,0,0,0,0,0,0,0,0,4394.02596275062,4795.79811875218,246.320991028549,515.046432118956,76.6146854892079,129.980166218231,0,0,168.825504280138,184.262233015401,9.49044795949594,19.8463145980371,2.95365419123835,5.01114597665439,0,0,31063.4011474841,34338.6138708677,1888.30992936762,3972.94071562872,597.406563921119,1011.60479651759,0,0,1193.50385180823,1319.34465917888,73.0454728750156,153.780758908776,23.2641331512015,39.4205226942458,0,0,0,0,3.04532990789095,6.53430267107314,1.13760079437023,1.93476749377956,0,0,0,0,0,0,0,0,0,0,230.362725298316,262.642978861868,36.1777261652086,78.1749093816152,19.5216961125232,34.1485447892797,0,0,8.8509026434489,10.0911634639467,1.38858191530733,3.00003447340443,0.747821854490989,1.30787481354219,0,0,504.701046781412,577.140594919389,93.212691332575,209.623507670374,60.7200889948753,108.296326471689,0,0,19.3914166354268,22.1746651822904,3.57828909190776,8.04603529987997,2.32746389156164,4.15044433941951,0,0,0,0,10.5491856148507,24.569970094084,7.05452244786323,12.5967849489876,0,0,0,0,0,0,0,0,0,0,44.8101949252879,28.915509868404,11.3812274336879,12.5494728072968
"21",1991,490,1.66666666666667,4980.26969338701,4970.74401192668,382.247164596924,740.360074160829,126.880174542248,200.478532801916,0,0,0,0,0,0,0,0,0,0,0,0,0.575479119575454,1.1406907966494,0.232692483073576,0.369638577880268,0,0,0,0,0,0,0,0,0,0,4397.76776735241,4792.94252674765,251.95245460119,526.782813329082,78.7581194180125,133.685834429738,0,0,168.969270396718,184.152516604012,9.70752215192383,20.298761303372,3.03628462571553,5.15400530848729,0,0,30995.6554794355,34213.8791197269,1927.27001017674,4054.46197492412,612.940874092429,1038.30102826329,0,0,1190.90097134998,1314.55214837743,74.5549451849548,156.941941457623,23.8695539250074,40.4620213452924,0,0,0,0,3.11954673487169,6.69175557441774,1.16784560473953,1.98695531078074,0,0,0,0,0,0,0,0,0,0,230.287894383301,262.236977477917,37.053491037551,80.0599042974909,20.0625724061968,35.1151403426321,0,0,8.84802753622854,10.0755642393018,1.42219709518294,3.07237232695844,0.768541152270324,1.34489172919198,0,0,502.762323559506,574.162088219983,95.3887628502092,214.490832662689,62.2773104629547,111.149911223186,0,0,19.3169278472347,22.060226183929,3.66182254877468,8.23284155622028,2.38713407612489,4.25976282588119,0,0,0,0,10.8226910323797,25.21072650568,7.2493868405702,12.9574774348669,0,0,0,0,0,0,0,0,0,0,47.1748073106464,30.3736048954563,12.1665565294345,13.3895838224034
"22",1991,490,1.75,4969.31519771926,4953.55884459427,387.786588700285,750.799134372323,128.905897616776,203.691379091381,0,0,0,0,0,0,0,0,0,0,0,0,0.585269750378478,1.1594189507336,0.236473763697704,0.375671557209821,0,0,0,0,0,0,0,0,0,0,4401.82507921688,4790.43796163836,257.538953777669,538.449929175587,80.9528345060827,137.482240544476,0,0,169.125158806879,184.056287207289,9.92287589743932,20.7485636511435,3.12089284135038,5.30036390896633,0,0,30928.0994670126,34089.6881445641,1965.45873052804,4134.53455214181,628.752309354026,1065.48501426785,0,0,1188.30537764419,1309.78053033786,76.0349756138202,160.047929014565,24.485827346547,41.5226418259041,0,0,0,0,3.19326832300494,6.84838541422885,1.19872944721694,2.0402506760738,0,0,0,0,0,0,0,0,0,0,230.231000513979,261.847132651703,37.9246763037712,81.9380414270922,20.6167532385899,36.1054422144008,0,0,8.84584159882343,10.0605857754624,1.45563581438437,3.14444534837598,0.789770328057867,1.38281687179457,0,0,500.814530594137,571.181896377059,97.5746443667655,219.38548145559,63.868014370599,114.065121160561,0,0,19.2420905846768,21.9457224397162,3.74573188168214,8.42069455967,2.44808770421274,4.3714425257907,0,0,0,0,11.1020512159443,25.8650491939922,7.44904968523482,13.3270989972342,0,0,0,0,0,0,0,0,0,0,49.5387438942115,31.8294890923976,12.9719603036309,14.2511639956253
"23",1991,490,1.83333333333333,4958.41217665777,4936.530903126,393.160780925511,760.947595587002,130.951027441579,206.933583535844,0,0,0,0,0,0,0,0,0,0,0,0,0.594925697984798,1.17791711488959,0.240307517207392,0.381782198497205,0,0,0,0,0,0,0,0,0,0,4406.19439069271,4788.27956234988,263.083887012695,550.054114939581,83.1985181863845,141.369307824152,0,0,169.293034741049,183.97335805498,10.1366387285339,21.1959630513604,3.20746681679283,5.45021886662565,0,0,30860.7361143943,33966.042817401,2002.88852335486,4213.1774293028,644.830022816553,1093.14177571624,0,0,1185.71718611722,1305.02987698605,77.4860285359755,163.099425354371,25.1125388273145,42.601813222717,0,0,0,0,3.26635763863358,7.00391669600221,1.23022977902551,2.09462277084324,0,0,0,0,0,0,0,0,0,0,230.191636427497,261.473421427035,38.7907939488973,83.8083922634454,21.1841293602011,37.1194370339397,0,0,8.84432918354912,10.0462271904145,1.48887933927922,3.21621789317504,0.811505164054586,1.42164968292634,0,0,498.858842429183,568.200923961402,99.7680478833508,224.30274890863,65.4922824149019,117.04219261631,0,0,19.1669499755997,21.8311887047084,3.82992918858639,8.60941355288244,2.51032789163055,4.48549247508211,0,0,0,0,11.387025033624,26.5324883191512,7.65358901397489,13.7057987352179,0,0,0,0,0,0,0,0,0,0,51.9021866976517,33.2832521637869,13.797616762217,15.1343939979236
"24",1991,490,1.91666666666667,4947.55772338021,4919.65618478954,398.373196563054,770.810675876286,133.013237026772,210.202003604372,0,0,0,0,0,0,0,0,0,0,0,0,0.604424552538059,1.19614369868918,0.244188915484652,0.387964016837187,0,0,0,0,0,0,0,0,0,0,4410.87177568432,4786.46201538361,268.590342946465,561.601112474675,85.4949013040042,145.347016407173,0,0,169.472747352357,183.903524993971,10.348928390523,21.6411783280998,3.29599618625395,5.60356943677469,0,0,30793.5686775372,33842.9452893093,2039.57173537241,4290.40958277755,661.163408055252,1121.25660169016,0,0,1183.1365218691,1300.30027096943,78.9085653720595,166.097134560072,25.7492827041966,43.6989744541354,0,0,0,0,3.33870492440305,7.15812617141897,1.2623235944081,2.15003992765743,0,0,0,0,0,0,0,0,0,0,230.169418122061,261.115802719088,39.6515147786118,85.6703214584736,21.7645874119156,38.157095672603,0,0,8.84347553644768,10.0324869056134,1.52191503974232,3.28766558441884,0.833741285785278,1.46138900153379,0,0,496.89641632066,565.220108328727,101.966731085228,229.238007675738,67.1501265626088,120.08126705075,0,0,19.0915504836225,21.7166609936115,3.9143283260555,8.79882077419261,2.57385507519935,4.601918064383,0,0,0,0,11.6773561650719,27.2125604350327,7.86307467033105,14.0937138713746,0,0,0,0,0,0,0,0,0,0,54.2653137033352,34.7349836430816,14.6436972224162,16.0394494110667
"25",1992,490,2,4936.6499933424,4902.71153139477,403.592701970357,780.675040413046,135.088414166035,213.489297505972,0,0,0,0,0,0,0,0,0,0,0,0,0.613746271190657,1.21405645135162,0.248109521197938,0.394202328937992,0,0,0,0,0,0,0,0,0,0,4415.76555711078,4784.81929786259,274.143550721651,573.244121610606,87.8405520361493,149.412419392756,0,0,169.660774260746,183.84040915983,10.5630185324736,22.0900934845978,3.38642574269181,5.76030200278986,0,0,30725.9921243498,33719.2359361074,2076.13792954984,4367.36877692159,677.732799385419,1149.79208099047,0,0,1180.54013863207,1295.5471576661,80.3267587108135,169.084734507001,26.3952999604731,44.8126789825832,0,0,0,0,3.41020758136248,7.31077552517265,1.29496948266859,2.20642534918241,0,0,0,0,0,0,0,0,0,0,230.153789045409,260.75541984522,40.5112543186866,87.5306650401233,22.3570623885175,39.2159861298489,0,0,8.84287505797364,10.0186404171435,1.55491263228448,3.35905127521494,0.856437865412301,1.50194164061621,0,0,494.91860230342,562.221881703765,104.176854347133,234.201725465384,68.8405255012542,123.17989694925,0,0,19.0155597633306,21.6014643243884,3.99916602316728,8.98931853713016,2.63863008144373,4.72062545890733,0,0,0,0,11.9726944847219,27.9044773452437,8.07745542603735,14.4906776437844,0,0,0,0,0,0,0,0,0,0,56.634411902697,36.1946710919344,15.512654252501,16.9729291601649
"26",1992,490,2.08333333333333,4924.47676168414,4882.99319636877,410.865021947419,794.023943506972,137.164679585309,216.756263456083,0,0,0,0,0,0,0,0,0,0,0,0,0.623205004357953,1.23213181175898,0.252022076076471,0.400391347532656,0,0,0,0,0,0,0,0,0,0,4419.72460153557,4781.27917368558,280.760805637432,586.808273811441,90.2245729273578,153.533062464048,0,0,169.812887078729,183.704391927691,10.8179993989263,22.6128368666066,3.4783346656673,5.91916445543624,0,0,30650.4583202738,33580.4834727945,2120.24633595829,4457.93752659475,694.458957104666,1178.50839194134,0,0,1177.6380253997,1290.21606395091,82.0348832889096,172.595528761303,27.0474818735296,45.9335476267318,0,0,0,0,3.48211861810355,7.46376883145771,1.32791704222202,2.2631800244483,0,0,0,0,0,0,0,0,0,0,230.020917152239,260.16427389077,41.4380059388636,89.4996204502268,22.9505264837038,40.2679474194617,0,0,8.83776992375777,9.9959276419352,1.59048507965531,3.43461089137678,0.879172494257167,1.54222911124652,0,0,492.805167555131,558.975028204363,106.504019395103,239.381923069585,70.5511723708563,126.30550838748,0,0,18.9343582784688,21.4767150128747,4.08850001992147,9.18813223344378,2.70418126345999,4.8403664712722,0,0,0,0,12.2717578243419,28.6041979037601,8.29528763830787,14.8929565661966,0,0,0,0,0,0,0,0,0,0,59.0854111102957,37.785455438399,16.4338308882182,18.0166816299087
"27",1992,490,2.16666666666667,4912.4007687428,4863.50501669274,417.925091285192,807.005877462202,139.276751527847,220.073044534121,0,0,0,0,0,0,0,0,0,0,0,0,0.633051839156451,1.25086968736629,0.255981081026869,0.406648203790835,0,0,0,0,0,0,0,0,0,0,4423.90746663048,4777.9825328417,287.315575540859,600.269975196903,92.6681158056012,157.755833042909,0,0,169.973599444785,183.577729714583,11.0705949475068,23.1316753881531,3.57253799375944,6.0819639076543,0,0,30575.2525359087,33442.5095720628,2163.46838482595,4546.83853607967,711.503152631668,1207.76415441459,0,0,1174.748515082,1284.91488387585,83.709184867744,176.042770860195,27.7120957431481,47.0755381828764,0,0,0,0,3.55557869486533,7.61960615162834,1.36143926151862,2.3209419534654,0,0,0,0,0,0,0,0,0,0,229.911717751133,259.60254003933,42.3755902182927,91.4916441471022,23.5590460451223,41.3475246701379,0,0,8.8335743243388,9.9743449267901,1.62647323113813,3.51105539257969,0.902484074704448,1.58357455259324,0,0,490.689466663063,555.730167610091,108.837859467821,244.579089844085,72.29565752996,129.49203542204,0,0,18.8530697243405,21.3520422720289,4.17808954477013,9.38759520003626,2.77102958618912,4.96244165959725,0,0,0,0,12.575799680693,29.3157064784456,8.51817081304333,15.3046170222693,0,0,0,0,0,0,0,0,0,0,61.5351226177462,39.3727209494563,17.377541463134,19.0856523844792
"28",1992,490,2.25,4900.41446453282,4844.23798170801,424.77722076406,819.62722228257,141.421397434782,223.435385381095,0,0,0,0,0,0,0,0,0,0,0,0,0.643164506106332,1.27006191812355,0.259991731417608,0.412979470677888,0,0,0,0,0,0,0,0,0,0,4428.33511116104,4774.9514221836,293.813560527958,613.640044882386,95.1712183697984,162.081369861097,0,0,170.143716628202,183.461269595839,11.3210223357569,23.6470213469643,3.66903733935771,6.24872516569632,0,0,30500.3594189731,33305.2947992546,2205.81727113914,4634.09175741304,728.852662665252,1237.54174168273,0,0,1171.87101782156,1279.64287073,85.350155016236,179.427198136349,28.3886553830259,48.2379784092766,0,0,0,0,3.63006784185765,7.77733292706169,1.39555583690136,2.37973848884994,0,0,0,0,0,0,0,0,0,0,229.824944369238,259.068632363779,43.3204358748931,93.5000477615394,24.1826988120154,42.4547415503905,0,0,8.8302403682451,9.95383133785089,1.66273989004972,3.58812785148756,0.926375599557735,1.62597889458374,0,0,488.571307526445,552.487376514752,111.178068099786,249.792438766377,74.0739874877909,132.73970651132,0,0,18.7716867201331,21.2274490447065,4.2679228393004,9.5876772297857,2.83917527753712,5.08685974164417,0,0,0,0,12.8848960617163,30.0391171552789,8.74615847243303,15.7257670305861,0,0,0,0,0,0,0,0,0,0,63.9837914230438,40.956641364405,18.3441807277963,20.1802783545498
"29",1992,490,2.33333333333333,4888.51116032923,4825.18394665242,431.425694685942,831.894368309482,143.595485327671,226.839146080173,0,0,0,0,0,0,0,0,0,0,0,0,0.653442317572693,1.28953613989813,0.264056371986303,0.419388053783874,0,0,0,0,0,0,0,0,0,0,4433.02334847432,4772.20220853405,300.25992246434,626.928232354493,97.7338591519831,166.510187537616,0,0,170.323846203063,183.355640410966,11.5694782379796,24.1592462954349,3.76783200748607,6.41946822284772,0,0,30425.7672836691,33168.8237386763,2247.30648446127,4719.71789550602,746.494997110229,1267.82376962088,0,0,1169.00508463299,1274.3994322175,86.958296963526,182.749577313436,29.0766831683976,49.420204789253,0,0,0,0,3.70515965694244,7.9361621607227,1.43027482345488,2.43958098415283,0,0,0,0,0,0,0,0,0,0,229.759533090882,258.561176963688,44.2697202707796,95.5195016729571,24.8215046014634,43.589575191425,0,0,8.82772717814342,9.93433408766498,1.6991766339953,3.6656235636289,0.950847834116302,1.66944127339891,0,0,486.450754080021,549.247005345991,113.523854496586,255.020288303136,75.8861605001333,136.048710688848,0,0,18.6902117223252,21.1029487948975,4.35796953897975,9.78831375489389,2.90861825145538,5.21362792908942,0,0,0,0,13.199041495681,30.7743941559597,8.97930460086232,16.1565140616666,0,0,0,0,0,0,0,0,0,0,66.4316505858033,42.5373823312413,19.3340990150453,21.3009473879114
"30",1992,490,2.41666666666667,4876.68490059195,4806.33553540244,437.874711522916,843.813611033198,145.79599029958,230.280311400012,0,0,0,0,0,0,0,0,0,0,0,0,0.663802774454482,1.30915030682426,0.268175195941091,0.425874072943644,0,0,0,0,0,0,0,0,0,0,4437.98389420054,4769.74674697782,306.659312046147,640.143283304163,100.355988928281,171.042731218104,0,0,170.514438302617,183.261297651277,11.816139871129,24.6686835463468,3.86892020853454,6.59421036676664,0,0,30351.4674554116,33033.0843614939,2287.94953298696,4803.73788370816,764.417980883609,1298.59323457142,0,0,1166.15038222635,1269.18410617107,88.5341150661659,186.010684512824,29.7757132356553,50.6215679275191,0,0,0,0,3.78050620063145,8.09544802762273,1.46559564395191,2.50046889421975,0,0,0,0,0,0,0,0,0,0,229.714574405301,258.078981499478,45.2212328738321,97.5457955833962,25.4754441782569,44.7519763877361,0,0,8.82599980918311,9.91580736463801,1.73569856477898,3.74338084126112,0.975900042128359,1.71395980927576,0,0,484.328067211637,546.009610824809,115.874076452331,260.260299272152,77.732156203912,139.41919053336,0,0,18.6086547546459,20.9785629127127,4.44818578149114,9.98941494982252,2.97935770905982,5.34275165571086,0,0,0,0,13.5181659745964,31.5213823856085,9.21766220116685,16.5969636336603,0,0,0,0,0,0,0,0,0,0,68.8789225294825,44.1151015642097,20.3476153793236,22.4480129494407
"31",1992,490,2.5,4864.93030278165,4787.68597489282,444.128386704587,855.391150848857,148.019985857838,233.754980242875,0,0,0,0,0,0,0,0,0,0,0,0,0.674177796216197,1.32878652723018,0.272346880173008,0.432435668041787,0,0,0,0,0,0,0,0,0,0,4443.22535593298,4767.59348137614,313.015935290333,653.293074817573,103.037543196924,175.67940042136,0,0,170.715823644362,183.178565743424,12.0611675240976,25.1756333217516,3.97229954262454,6.77296710175145,0,0,30277.4535320866,32898.0671927811,2327.7599102874,4886.17280600419,782.609733175191,1329.83348630876,0,0,1163.30666462356,1263.99652854864,90.0781135123851,189.21130224016,30.485290703915,51.8414315334543,0,0,0,0,3.85582143801842,8.25465660952228,1.5015116972033,2.56239330468055,0,0,0,0,0,0,0,0,0,0,229.689278290351,257.620995757804,46.1732328918136,99.5755843101365,26.144472488674,45.9418806983892,0,0,8.82502790745705,9.89821081789294,1.77223883561045,3.82127124145484,1.00153049519895,1.75953203498954,0,0,482.20364870579,542.775892195619,118.22735980737,265.50968976566,79.6119227786812,142.851227927318,0,0,18.5270312542978,20.8543182642406,4.53851879724561,10.1908739902685,3.0513916455264,5.47423403006996,0,0,0,0,13.8421507614434,32.2798355791889,9.46128127037302,17.0472164883527,0,0,0,0,0,0,0,0,0,0,71.3258209359621,45.6899501481308,21.3850250602105,23.6218024544577
"32",1992,490,2.58333333333333,4853.2424846661,4769.22902019093,450.19075165243,866.633090064789,150.264642326394,237.259363636554,0,0,0,0,0,0,0,0,0,0,0,0,0.684511955954888,1.34834817258016,0.276568877043356,0.439069371344313,0,0,0,0,0,0,0,0,0,0,4448.75369549482,4765.74796031576,319.333581376687,666.384671331856,105.778446279873,180.420557513221,0,0,170.928231291078,183.107657872983,12.3047056160843,25.6803648827047,4.07796715980229,6.95575247753597,0,0,30203.7210376755,32763.7649204581,2366.7510731892,4967.04385282362,801.058666473367,1361.52822622429,0,0,1160.47375985009,1258.8364184082,91.5907954761346,192.352217696792,31.2049716383007,53.0791723485219,0,0,0,0,3.93087350952153,8.41335220487274,1.53801154008613,2.62533854177952,0,0,0,0,0,0,0,0,0,0,229.682958558701,257.186294064707,47.1243828255814,101.606268425815,26.8285248117793,47.1592138828112,0,0,8.82478510855695,9.88150888155511,1.80874609724115,3.89919497859485,1.02773670946462,1.80615510550295,0,0,480.07801367963,539.546659478405,120.582157036007,270.765342002395,81.5253708381452,146.34483661515,0,0,18.4453610129037,20.7302459717445,4.62890916051706,10.392571158867,3.12471661577131,5.60807555001604,0,0,0,0,14.1708361145594,33.0494300513304,9.7102076952154,17.5073669836846,0,0,0,0,0,0,0,0,0,0,73.7725515193209,47.2620730604569,22.4466030219912,24.8226212585522
"33",1992,490,2.66666666666667,4841.61697153125,4750.95885905063,456.065754509616,877.545431314562,152.527222198314,240.789779122756,0,0,0,0,0,0,0,0,0,0,0,0,0.694760219394107,1.36775616739812,0.28083777626408,0.445770568546099,0,0,0,0,0,0,0,0,0,0,4454.57280504392,4764.21347527144,325.615667241587,679.424414266883,108.578618191889,185.266541289129,0,0,171.151810785696,183.048700503679,12.5468843938233,26.1831199442504,4.18592002714654,7.14257961509404,0,0,30130.2669918644,32630.1719121195,2404.93641711399,5046.37226632566,819.753476135706,1393.66149371076,0,0,1157.6515533987,1253.70355934352,93.0726621617862,195.434220668693,31.9343226590359,54.3341796333737,0,0,0,0,4.00547483722407,8.57117978183105,1.57508036031062,2.68928417302313,0,0,0,0,0,0,0,0,0,0,229.695012655785,256.774052426402,48.0736644315044,103.635843269611,27.527524022473,48.4038978576676,0,0,8.82524826137875,9.86566989646484,1.8451812677356,3.97707512083403,1.05451572516985,1.85382602795085,0,0,477.951757903853,536.322796601205,122.936816055857,276.023927244003,83.472366844518,149.899954722651,0,0,18.3636669209236,20.6063799971535,4.71929343349315,10.5943786451801,3.19932748167969,5.74427381547257,0,0,0,0,14.5040307928262,33.8297816929407,9.96448210862877,17.9775014555423,0,0,0,0,0,0,0,0,0,0,76.219313111584,48.8316099224391,23.5326083716781,26.0507576079347
"34",1992,490,2.75,4830.04961769232,4732.8700311423,461.757260896881,888.134076369478,154.805076157415,244.342646061624,0,0,0,0,0,0,0,0,0,0,0,0,0.704885973250608,1.38694573892991,0.285149598196973,0.452533874744462,0,0,0,0,0,0,0,0,0,0,4460.68499349153,4762.99159909819,331.865279291051,692.418004825602,111.437979137095,190.217676603801,0,0,171.386650840277,183.001754067117,12.7878215191051,26.684115829704,4.29615510454913,7.33346108040397,0,0,30057.0895468037,32497.2838075465,2442.32925316551,5124.17929011418,838.683131853832,1426.2176553501,0,0,1154.83997427315,1248.59778382783,94.5242119174778,198.458101588444,32.672920622906,55.6058547618696,0,0,0,0,4.07947353942332,8.72784968313978,1.61270115662329,2.75420661986691,0,0,0,0,0,0,0,0,0,0,229.724904731345,256.383529274725,49.020307139882,105.662769374885,28.2413862808036,49.6758552745639,0,0,8.82639677770396,9.8506653703867,1.88151478137224,4.05485261032804,1.08186432562068,1.90254183837317,0,0,475.825530223052,533.10523049729,125.289636752992,281.282009765464,85.4527290613431,153.516440294064,0,0,18.2819739080009,20.4827559547262,4.80960633806577,10.796164540415,3.27521725693177,5.88282335730551,0,0,0,0,14.8415202878588,34.6204607848836,10.2241390292525,18.4576969498945,0,0,0,0,0,0,0,0,0,0,78.6662985769593,50.3986956388296,24.6432881328281,27.3064868791927
"35",1992,490,2.83333333333333,4818.53656130545,4714.95738140769,467.269055007041,898.404826311916,157.095640319255,247.91448252241,0,0,0,0,0,0,0,0,0,0,0,0,0.714859817987876,1.40586440723828,0.289499944014078,0.459353330000507,0,0,0,0,0,0,0,0,0,0,4467.09126312737,4762.08249194769,338.085202718821,705.370560977774,114.356450314065,195.274277340974,0,0,171.632789964395,182.966824716578,13.0276231844368,27.1835476408531,4.40866937778321,7.52840900129061,0,0,29984.1877809676,32365.0972876048,2478.94279374381,5200.48613713994,857.836871754124,1459.1813980023,0,0,1152.03898706799,1243.51896433449,95.945939677046,201.424650297072,33.4203524049015,56.8936109643752,0,0,0,0,4.15274822881058,8.88312827042401,1.65085532624327,2.8200799733004,0,0,0,0,0,0,0,0,0,0,229.772156071524,256.014054414799,49.9637466383851,107.685896302348,28.9700237556811,50.9750116294276,0,0,8.82821226458568,9.83646955336107,1.91772499729437,4.13248333667451,1.10977914192798,1.95229968311168,0,0,473.700017113321,529.894914139666,127.638900425876,286.536102778678,87.4662274103588,157.194071516664,0,0,18.2003083496412,20.3594104592101,4.89978188679802,10.9977949855295,3.35237710179703,6.02371564630587,0,0,0,0,15.1830717304246,35.4210009575851,10.4892065493329,18.9480207170059,0,0,0,0,0,0,0,0,0,0,81.1136953470603,51.9634607842119,25.7788794338652,28.5900740475537
"36",1992,490,2.91666666666667,4807.07417763442,4697.21601201185,472.604840549502,908.363381336894,159.396433276008,251.501901938984,0,0,0,0,0,0,0,0,0,0,0,0,0.72465832604434,1.42446992252696,0.293884156880064,0.466222607885118,0,0,0,0,0,0,0,0,0,0,4473.79159630451,4761.48521708807,344.277952781911,718.286678708924,117.333955735163,200.436651016353,0,0,171.890227480028,182.943876461328,13.2663853036774,27.6815905915677,4.5234599304837,7.72743524692824,0,0,29911.5614853766,32233.6098355088,2514.79013711584,5275.31395513565,877.20419569842,1492.53772078498,0,0,1149.24858375489,1238.46700416437,97.3383363611279,204.33465470998,34.1762146496043,58.1968730289472,0,0,0,0,4.22520264705941,9.03682829696678,1.68952330251165,2.88687687227685,0,0,0,0,0,0,0,0,0,0,229.836335025999,255.665017420446,50.9035817624572,109.704383711844,29.7133474370494,52.3012972738944,0,0,8.83067813733279,9.82305899183743,1.95379654288883,4.20993510390193,1.13825676125798,2.00309689659048,0,0,471.575926888719,526.692809283661,129.982900409116,291.782725978964,89.5125828907282,160.932546445834,0,0,18.1186974603991,20.2363804627831,4.9897545593969,11.1991363819812,3.43079630107929,6.16693908294901,0,0,0,0,15.5284389403893,36.2309083904447,10.7597059842732,19.4485296554815,0,0,0,0,0,0,0,0,0,0,83.5616859877927,53.5260320106666,26.9396117737898,29.9017762379407
"37",1993,490,3,4794.71468614672,4678.34262282359,478.308175986881,918.953579605532,161.715620787188,255.133144083838,0,0,0,0,0,0,0,0,0,0,0,0,0.734305122151973,1.4428484304798,0.298315718535836,0.473192135428091,0,0,0,0,0,0,0,0,0,0,4480.50952764168,4760.7307754538,350.74197385723,731.720282645711,120.378411633244,205.730782808465,0,0,172.148341145111,182.914889607259,13.5155755744114,28.1995320399856,4.64083187927698,7.93154151716546,0,0,29836.9486481199,32099.1301200662,2551.99833709401,5352.64956788992,896.832493599358,1526.4593429006,0,0,1146.3818542988,1233.30007645492,98.7831400919512,207.341377757139,34.9423577225429,59.5223831835539,0,0,0,0,4.2969793884874,9.18950910639085,1.72879121082545,2.95492543056248,0,0,0,0,0,0,0,0,0,0,229.91498941107,255.347708038597,51.8649374971982,111.779059335376,30.4768055826713,53.6737760682072,0,0,8.83370017906451,9.81086745596541,1.99069455613185,4.28954387658532,1.16750589783253,2.05566362045231,0,0,469.427779377095,523.452562277182,132.353037681053,297.090502791905,91.5971434396863,164.751560766895,0,0,18.0361622515161,20.1118849839642,5.08073075031078,11.4028247561495,3.51067980729495,6.31324837242776,0,0,0,0,15.8778550552441,37.0519067070976,11.0363298821893,19.9616786216112,0,0,0,0,0,0,0,0,0,0,85.9845806985219,55.0299571960689,28.1131560218678,31.1929380366777
"38",1993,490,3.08333333333333,4779.56655100325,4655.74860723857,485.431357209225,932.008028782165,164.085755074738,258.886316455862,0,0,0,0,0,0,0,0,0,0,0,0,0.74422777055106,1.46181960540151,0.302831091052106,0.480377315060162,0,0,0,0,0,0,0,0,0,0,4486.74710446453,4758.93502507269,358.071095323511,746.778491115582,123.517522996966,211.227219276193,0,0,172.387998821586,182.845894005908,13.798020577179,28.7799345751398,4.76185180517976,8.14344537102012,0,0,29755.7624843685,31954.2327884384,2594.74018223438,5440.33546948478,916.883610140902,1561.39282020504,0,0,1143.26256725106,1227.73288724582,100.440773563727,210.746442253505,35.7250613889124,60.8875206123467,0,0,0,0,4.37004662647412,9.34535057309905,1.76887712637195,3.02496645020551,0,0,0,0,0,0,0,0,0,0,230.000847246935,255.077216083199,52.9076345604471,114.045354589885,31.2711386160585,55.1285680332848,0,0,8.8369989885923,9.80047472055776,2.03071705289606,4.37651106930773,1.19793809609388,2.11138339118053,0,0,467.19933894093,520.080377139463,134.818581516293,302.613286307389,93.7322860479657,168.696545345258,0,0,17.9505420602939,19.982320231098,5.17537166218142,11.6147698221273,3.59250202245137,6.46438436700347,0,0,0,0,16.232187280876,37.8883652438862,11.3204836992697,20.4925529497525,0,0,0,0,0,0,0,0,0,0,88.3302433095177,56.3614721842892,29.2746394006631,32.3637451752305
"39",1993,490,3.16666666666667,4764.48827347659,4633.37293404532,492.32283862235,944.658679640561,166.480149957657,262.672935853402,0,0,0,0,0,0,0,0,0,0,0,0,0.754418658711174,1.48122498507432,0.30738068331803,0.487613644335097,0,0,0,0,0,0,0,0,0,0,4493.37033952213,4757.54206345069,365.370312740236,761.802802446249,126.734198723337,216.860323618458,0,0,172.642474104173,182.792374192809,14.079331468862,29.3590646638735,4.88586049336826,8.36061579804273,0,0,29674.8245966793,31810.0746825449,2636.57793820028,5526.30195794744,937.207113088401,1596.80900524286,0,0,1140.15281925215,1222.19410029063,102.06383447486,214.08582962277,36.5184591877606,62.2716466588626,0,0,0,0,4.4442982147003,9.50321886849684,1.80949318526478,3.09598025290386,0,0,0,0,0,0,0,0,0,0,230.098800826253,254.813536617903,53.9581530349016,116.322115449601,32.0801922964358,56.6081108946562,0,0,8.84076253584235,9.7903437319238,2.07104007585566,4.46388034629904,1.22893462702821,2.16805179323916,0,0,464.967821222745,516.71966954557,137.281712954381,308.138451887051,95.9013196575657,172.709289021394,0,0,17.8648036345766,19.8531964638914,5.26991942076924,11.8268044697904,3.6756232465007,6.61811644533677,0,0,0,0,16.590087763752,38.7337916434153,11.6101824522816,21.0341034394683,0,0,0,0,0,0,0,0,0,0,90.6768430521741,57.6915932349947,30.4625931492043,33.5614724715467
"40",1993,490,3.25,4749.47652436557,4611.21071200598,498.987479071817,956.912896453835,168.895504190164,266.488606735647,0,0,0,0,0,0,0,0,0,0,0,0,0.76477014349758,1.50088361153327,0.311967343527111,0.494904206544077,0,0,0,0,0,0,0,0,0,0,4500.37300390505,4756.54436119362,372.642606789764,776.798557195661,130.027846220412,222.629913139843,0,0,172.911527668211,182.754040876598,14.359621308684,29.9371249422617,5.01283543149566,8.5830462060741,0,0,29594.1395330244,31666.6579119696,2677.52656057511,5610.57297459291,957.790948973046,1632.69111480564,0,0,1137.05278504328,1216.68379664275,103.652882900429,217.360431429275,37.3220888646722,63.674118661862,0,0,0,0,4.5192796654029,9.66229943379942,1.85065558646136,3.16798837087017,0,0,0,0,0,0,0,0,0,0,230.209258831466,254.557705363116,55.0141176242322,118.606153926149,32.9047250318706,58.1141113400757,0,0,8.84500652304614,9.78051428409851,2.11157238836775,4.5515292351372,1.26052461311114,2.22573430694864,0,0,462.733878935397,513.370380423282,139.742011427272,313.66373010582,98.1037332692403,176.788482100435,0,0,17.7789720526338,19.7245114126946,5.36435795474003,12.0388417600584,3.76002391587484,6.77439447934036,0,0,0,0,16.9516006096911,39.5882086352867,11.9054397006927,21.5863762042876,0,0,0,0,0,0,0,0,0,0,93.0245053878962,59.0203586057532,31.6773616781036,34.7864043631498
"41",1993,490,3.33333333333333,4734.52816645033,4589.25726052884,505.430025480947,968.777901038509,171.328621003073,270.329050507641,0,0,0,0,0,0,0,0,0,0,0,0,0.775194087033019,1.5206464782215,0.316591556963707,0.502249117244054,0,0,0,0,0,0,0,0,0,0,4507.74844531712,4755.93392230199,379.890710079584,791.770586043199,133.397921165343,228.535830373055,0,0,173.194903921841,182.730586838187,14.6389937673446,30.5142986975957,5.14275591868694,8.81073091508764,0,0,29513.7120568543,31523.984840495,2717.60088592343,5693.172398953,978.62332792118,1669.02266784131,0,0,1133.96264764467,1211.20206712234,105.208474738823,220.571137464163,38.1354979650079,65.0943050773046,0,0,0,0,4.59461957114089,9.82192303877006,1.89237015797975,3.24099843675763,0,0,0,0,0,0,0,0,0,0,230.332566433122,254.310632642186,56.0736429640056,120.894949957192,33.7453123461818,59.6479537205459,0,0,8.84974421220688,9.77102135316126,2.15224158900274,4.6393609564652,1.29273015886977,2.28448405204413,0,0,460.498240464909,510.032614224728,142.198722408627,319.186474663624,100.339109240574,180.933040346234,0,0,17.6930753002181,19.596269090725,5.45865836244579,12.2507802676843,3.84568805286735,6.93317699102487,0,0,0,0,17.31669923716,40.4515127151807,12.2062700168563,22.1494174388147,0,0,0,0,0,0,0,0,0,0,95.3733597016577,60.3478116955817,32.9192760075659,36.0388220713165
"42",1993,490,3.41666666666667,4719.64021414573,4567.50806905218,511.655115305499,980.260774595591,173.776404803737,274.190102132024,0,0,0,0,0,0,0,0,0,0,0,0,0.785618285186405,1.54039081558058,0.321252091590461,0.509646319105799,0,0,0,0,0,0,0,0,0,0,4515.48980674395,4755.70252536239,387.11712644936,806.723260809663,136.843931431507,234.577957301534,0,0,173.492339407607,182.721696197724,14.9175438550992,31.0907518053613,5.27560322237915,9.04366571086547,0,0,29433.5469908293,31382.0579142054,2756.8156119064,5774.12400496698,999.69272087882,1705.78748193686,0,0,1130.88259235143,1205.74900571169,106.731160945356,223.718834063619,38.9582437359741,66.5315853514413,0,0,0,0,4.67001412923342,9.98153929539608,1.93463518056094,3.31500788718014,0,0,0,0,0,0,0,0,0,0,230.469010079864,254.073113788108,57.1352344822798,123.186517060638,34.6023878613417,61.2107635154292,0,0,8.85498660913843,9.76189549707819,2.19299029742159,4.72729925155537,1.32556792426715,2.34434422257895,0,0,458.26168460782,506.706602418066,144.650854654148,324.703788268213,102.60708309511,185.142034739388,0,0,17.6071432999345,19.4684783913592,5.55278264976954,12.462508923028,3.93260172311309,7.09442845850936,0,0,0,0,17.685301773987,41.3235006507683,12.5126864879786,22.7232700494322,0,0,0,0,0,0,0,0,0,0,97.7235386042575,61.6740003608412,34.1886562271875,37.3190046278419
"43",1993,490,3.5,4704.80980374174,4545.95876641603,517.667281483768,991.368463436187,176.235856429194,278.067705064509,0,0,0,0,0,0,0,0,0,0,0,0,0.795983558814782,1.56001539696575,0.325946463591631,0.517092159774775,0,0,0,0,0,0,0,0,0,0,4523.59016792745,4755.84188004024,394.324151898104,821.660543373972,140.365435925065,240.756220829487,0,0,173.803568238126,182.727050427299,15.195358711905,31.6666345852565,5.41136053920143,9.28184806217284,0,0,29353.6491184191,31240.8795524654,2795.18528718684,5853.4514341117,1020.98785154859,1742.96966387791,0,0,1127.8128029529,1200.32470536649,108.221487133335,226.804403063186,39.7898928300999,67.9853495738318,0,0,0,0,4.74521462445312,10.1406950603228,1.9774434118841,3.39000664151695,0,0,0,0,0,0,0,0,0,0,230.618823480795,253.845840917894,58.1977100777909,125.479295626462,35.4762748012406,62.8034584552694,0,0,8.86074269331737,9.75316330809212,2.23377314225172,4.81528427574603,1.3590503339062,2.40535004788499,0,0,456.025021946102,503.392674612286,147.097252176242,330.212614980746,104.907316197264,189.414639941194,0,0,17.5212071956349,19.3411519787013,5.64668649599015,12.6739105626281,4.02075198696432,7.25811733970367,0,0,0,0,18.0572831969292,42.2038905948466,12.8246991415571,23.3079715158113,0,0,0,0,0,0,0,0,0,0,100.075177305055,62.9989762702016,35.4858135751784,38.6272296885572
"44",1993,490,3.58333333333333,4690.03417708396,4524.60510431394,523.470953843355,1002.1077803676,178.704071910754,281.95791018352,0,0,0,0,0,0,0,0,0,0,0,0,0.806241974313652,1.57943766233406,0.330671216985993,0.524581740432726,0,0,0,0,0,0,0,0,0,0,4532.04263012059,4756.34372109501,401.513886690198,836.586013849931,143.962043029027,247.070595054776,0,0,174.128325352505,182.746331963152,15.4725180642618,32.2420828699137,5.55001293879886,9.52527721261564,0,0,29274.0231241519,31100.4520822392,2832.72430021298,5931.17817208502,1042.49769665843,1780.55361022591,0,0,1124.75345943686,1194.92925549228,109.679993143783,229.828720906347,40.6300213192198,69.4549985010998,0,0,0,0,4.82001978764216,10.2990212269326,2.02078329238288,3.46597870496496,0,0,0,0,0,0,0,0,0,0,230.782191593627,253.629410340878,59.2601523054866,127.772087488213,36.3672051886046,64.4267800814408,0,0,8.86701957111402,9.74484769736176,2.27455492254164,4.90327008099944,1.39318631379643,2.46753000307045,0,0,453.789082797786,500.091240291055,149.53663952775,335.709799600804,107.239478985455,193.750101893732,0,0,17.4352988894618,19.2143055857686,5.74032099364803,12.884864211915,4.1101262561985,7.42421483008029,0,0,0,0,18.4324829471938,43.0923353487051,13.1423139070924,23.9035524229105,0,0,0,0,0,0,0,0,0,0,102.428413168603,64.3227944800535,36.8110517354033,39.9637740615828
"45",1993,490,3.66666666666667,4675.31066255811,4503.44293778156,529.070462533685,1012.48540861231,181.178239241231,285.856872488878,0,0,0,0,0,0,0,0,0,0,0,0,0.81635477534089,1.59859036875252,0.335422237561163,0.532109306819962,0,0,0,0,0,0,0,0,0,0,4540.84040409328,4757.19990542373,408.68825236555,851.502908891657,147.633408668102,253.521103636145,0,0,174.466349897665,182.779227934245,15.7490948680389,32.8172194586126,5.69154729368357,9.77395427693368,0,0,29194.6735331141,30960.7776717212,2869.44687038113,6007.32752676388,1064.21148084839,1818.52400167726,0,0,1121.70473566512,1189.5627393944,111.107212698686,232.792657790107,41.4782145080549,70.9399433513068,0,0,0,0,4.89426692185291,10.456217362645,2.06464030489997,3.54290397402377,0,0,0,0,0,0,0,0,0,0,230.959255598029,253.424332026164,60.3218533984463,130.063980765393,37.2753414874001,66.0813296329423,0,0,8.87382266687633,9.73696825871596,2.31530849368192,4.99122172403396,1.42798212205207,2.53090718554612,0,0,451.554704438537,496.802768402759,151.96767117063,341.192150927912,109.603233204256,198.147702734888,0,0,17.3494505508811,19.0879572303078,5.83363454550707,13.0952475171738,4.20071161218713,7.59269351732761,0,0,0,0,18.8107135372805,43.9884374069842,13.4655316016257,24.5100350530486,0,0,0,0,0,0,0,0,0,0,104.78338522176,65.6455129314942,38.1646683323862,41.3289142793748
"46",1993,490,3.75,4660.63666210113,4482.46821174271,534.470041084123,1022.5079054193,183.655635771356,289.760848585643,0,0,0,0,0,0,0,0,0,0,0,0,0.826290740324401,1.61741891411225,0.34019497837977,0.539668532530345,0,0,0,0,0,0,0,0,0,0,4549.97686549666,4758.40247359838,415.849006971744,866.414154294251,151.37923273923,260.107818730709,0,0,174.817387355531,182.825432526625,16.025155884169,33.3921553538662,5.83595214575668,10.0278822049127,0,0,29115.604674094,30821.8582899589,2905.36704057404,6081.92260988625,1086.11867288306,1856.86579938494,0,0,1118.66679795732,1184.22523272665,112.503673108404,235.697076955827,42.3340667980259,72.4396056727007,0,0,0,0,4.96782489264636,10.6120395013319,2.10899794328086,3.6207595345388,0,0,0,0,0,0,0,0,0,0,231.150117751194,253.231038480299,61.3822725925108,132.354291232052,38.2007929942455,67.7675962887645,0,0,8.88115590948869,9.72954160974821,2.35601312688125,5.07911301112422,1.46344197794337,2.59550039819443,0,0,449.32272146172,493.527771204381,154.388968271008,346.656489006885,111.998220064985,202.606735201518,0,0,17.2636942463005,18.9621265940514,5.92657427798754,13.3049385611064,4.2924943516448,7.76352639999682,0,0,0,0,19.1917673170342,44.8917608873259,13.7943472832036,25.127432454659,0,0,0,0,0,0,0,0,0,0,107.140233708338,66.9671919992963,39.5469561314296,42.7229270314141
"47",1993,490,3.83333333333333,4646.00964407451,4461.67695345598,539.673829061862,1032.18170532378,186.133626130658,293.666194757151,0,0,0,0,0,0,0,0,0,0,0,0,0.836025057987475,1.63587949068802,0.344984593149805,0.54725268863454,0,0,0,0,0,0,0,0,0,0,4559.44557916053,4759.94367738773,422.99775734251,881.322389907746,155.199254922124,266.830857683535,0,0,175.181190476573,182.884648040858,16.3007621428343,33.9669907060186,5.98321754812118,10.2870656578488,0,0,29036.8206649447,30683.6956908548,2940.49867232807,6154.98632460708,1108.20898247519,1895.56424219825,0,0,1115.63980452868,1178.91680287662,113.869895080594,238.54283420613,43.1971815737212,73.9534172470918,0,0,0,0,5.04058936063302,10.7662917782401,2.15383827911181,3.69952043131731,0,0,0,0,0,0,0,0,0,0,231.354845500979,253.049892076322,62.4410078264948,134.64252322077,39.1436262986619,69.4859761479214,0,0,8.88902189040521,9.72258167341043,2.39665342163674,5.16692499492161,1.49956846326525,2.6613248772137,0,0,447.093959797189,490.266793358586,156.799141348271,352.099674032488,114.424054332769,207.12648747924,0,0,17.1780617092614,18.83683460381,6.0190869108895,13.513816973036,4.38545975981735,7.93668630678374,0,0,0,0,19.5754210116855,45.8018396273288,14.1287499700273,25.7557480053856,0,0,0,0,0,0,0,0,0,0,109.499099743492,68.2878941386709,40.9582038672012,44.1460894355412
"48",1993,490,3.91666666666667,4631.4271358774,4441.06526471038,544.68587478591,1041.51312343755,188.609660039598,297.569364933028,0,0,0,0,0,0,0,0,0,0,0,0,0.845538192194212,1.65393722479341,0.349786075931914,0.554854820299408,0,0,0,0,0,0,0,0,0,0,4569.24032509964,4761.81600892543,430.135971693311,896.229995489578,159.093250971508,273.690380387759,0,0,175.55752027901,182.956586012711,16.5759694197868,34.5418157937752,6.13333492532997,10.5515109106783,0,0,28958.3253966436,30546.2913959183,2974.85544097929,6226.54135272014,1130.4723566338,1934.60484332154,0,0,1112.62390487744,1173.63750830299,115.206392527803,241.330777408269,44.0671710715759,75.4808199715194,0,0,0,0,5.11247795925646,10.9188179858827,2.19914255911877,3.77916047354022,0,0,0,0,0,0,0,0,0,0,231.573475470467,252.881192282582,63.4977670151856,136.928330022661,40.1038758385973,71.236791136849,0,0,8.89742201674293,9.71609995575582,2.43721820158924,5.25464445160056,1.53636292744637,2.72839301727916,0,0,444.869230729067,487.020400990584,159.196813237619,357.518635387563,116.880318147442,211.706227883459,0,0,17.0925841105932,18.7121030110195,6.11111963933765,13.7217650445243,4.47959187340262,8.11214530927158,0,0,0,0,19.9614403023811,46.7181853432882,14.4687223400773,26.3949749535383,0,0,0,0,0,0,0,0,0,0,111.860124977276,69.6076835355054,42.3986970765712,45.598679316193
"49",1994,490,4,4616.15216161426,4419.26720580186,550.461047758561,1052.08963292351,191.073871380009,301.455040983976,0,0,0,0,0,0,0,0,0,0,0,0,0.854854200362058,1.67162521077923,0.354576569055148,0.562440585080417,0,0,0,0,0,0,0,0,0,0,4578.87180130812,4763.19196934357,437.718108989469,911.915886803554,163.053640752102,280.673911642113,0,0,175.927576997301,183.00945261237,16.8682380541612,35.1465560663134,6.28601199995726,10.8207369792963,0,0,28876.9494628142,30404.0731311689,3011.62408143977,6302.11341450269,1152.8483931222,1973.88727480931,0,0,1109.49732546996,1168.17325330488,116.635578356778,244.273152620991,44.9416802111708,77.0179000448965,0,0,0,0,5.18352899049155,11.0696306091905,2.24477888713537,3.8594656027466,0,0,0,0,0,0,0,0,0,0,231.757778877628,252.650848830719,64.5799544148774,139.258667597188,41.0755582676821,73.0099859543067,0,0,8.90450326179813,9.70724979015508,2.47876067340343,5.34407621624215,1.57359618935546,2.79631977413479,0,0,442.604231238371,483.709350555664,161.619932937416,362.979947931883,119.360580768514,216.33471878894,0,0,17.0055592577692,18.5848871519075,6.20413077809326,13.9313413326427,4.5746442929271,8.28947293900612,0,0,0,0,20.3490758933268,47.6391458014351,14.813495363012,27.0437845900931,0,0,0,0,0,0,0,0,0,0,114.24504972782,70.9493788466799,43.8823709476024,47.1068708786877
"50",1994,490,4.08333333333333,4599.97424577633,4395.88372978871,557.275756917701,1064.37482483551,193.538434653997,305.33733145286,0,0,0,0,0,0,0,0,0,0,0,0,0.864399299324862,1.68965195262483,0.359350523265196,0.570000528671476,0,0,0,0,0,0,0,0,0,0,4588.13621824811,4763.74852104201,445.880294743427,928.611962452815,167.083606885216,287.783944441092,0,0,176.283530711506,183.030836218644,17.1828059448565,35.7901345303184,6.44137072741107,11.0948391197113,0,0,28791.7099383124,30255.3186742514,3051.7634902319,6383.36846455294,1175.36622440406,2013.44083676303,0,0,1106.22230078777,1162.4578673384,118.194339318539,247.434038242079,45.8218141912542,78.5657590431411,0,0,0,0,5.25536074355744,11.2215247823898,2.29070629075582,3.94036407075753,0,0,0,0,0,0,0,0,0,0,231.895590161287,252.339488706364,65.707973994133,141.668945694164,42.0581878317106,74.8045356758709,0,0,8.90979820530866,9.69528683440666,2.52206486145892,5.43658096433121,1.61124975057518,2.86506607038245,0,0,440.284622309391,480.307775096967,164.084921434027,368.512007263012,121.86241091447,221.007449756177,0,0,16.9164362229575,18.4541931766093,6.298751428491,14.1436372948941,4.67052399711596,8.46849664782927,0,0,0,0,20.7380671830998,48.5640808657316,15.1627424694623,27.7016210709474,0,0,0,0,0,0,0,0,0,0,116.660397466613,72.3199187728393,45.414862271756,48.6807213428439
"51",1994,490,4.16666666666667,4583.88078061395,4372.74534400134,563.850252458575,1076.24157832101,196.016773134097,309.236239199356,0,0,0,0,0,0,0,0,0,0,0,0,0.874189013816103,1.70805228368859,0.364137468761489,0.577577645283626,0,0,0,0,0,0,0,0,0,0,4597.67296285294,4764.57119432791,454.016561192003,945.279424161067,171.195915642726,295.041690134699,0,0,176.649947690092,183.062444641882,17.4963930243507,36.4326432717075,6.59990324030635,11.3746350196375,0,0,28706.8524465333,30107.4923473727,3091.01547192719,6462.92104171837,1198.10448939657,2053.39364697846,0,0,1102.9619543005,1156.77814163094,119.719100415403,250.529739801194,46.7106370036928,80.1293946198144,0,0,0,0,5.32810077832949,11.3747820946392,2.33709641260757,4.02213119320209,0,0,0,0,0,0,0,0,0,0,232.05217512749,252.047677653405,66.8468929803133,144.099761605638,43.0605222147326,76.6354539676569,0,0,8.9158144636027,9.68407498526183,2.56578829060961,5.5298755864066,1.64965920133659,2.93520707762221,0,0,437.970504692384,476.921998413129,166.54122343092,374.024593514951,124.393450464273,225.737676859633,0,0,16.8275241726689,18.3241062155803,6.39303910728901,14.3551863547695,4.76752396482346,8.64972455562011,0,0,0,0,21.1291788513518,49.4945876844587,15.5174224912728,28.3701945563796,0,0,0,0,0,0,0,0,0,0,119.077279479582,73.6888220170183,46.9788766852276,50.2867609498782
"52",1994,490,4.25,4567.8661230033,4349.84469647384,570.189413263457,1087.6972985203,198.505482047726,313.147197615996,0,0,0,0,0,0,0,0,0,0,0,0,0.884117327120993,1.72665116002238,0.368940506497074,0.585175260417178,0,0,0,0,0,0,0,0,0,0,4607.49241146018,4765.67029098531,462.130889613623,961.925572988095,175.390922407156,302.448457256715,0,0,177.027226608543,183.104673693101,17.8091508330363,37.0743603456529,6.76162338444556,11.6601752725819,0,0,28622.3681722154,29960.5810712871,3129.3943071365,6540.79429277686,1221.05127618181,2093.72875967158,0,0,1099.71594731286,1151.13357365672,121.210396770535,253.56111971299,47.6076899791472,81.7081544319458,0,0,0,0,5.40134729025653,11.5287048922925,2.38396123630234,4.10478109845099,0,0,0,0,0,0,0,0,0,0,232.226911139332,251.774799012425,67.9939226425697,146.546431033589,44.0826558641712,78.5029999178927,0,0,8.92252811397677,9.67359054967938,2.60982386569151,5.62378022001898,1.68882822548435,3.00675283441217,0,0,435.661965862104,473.552012685225,168.988666374,379.516776329477,126.953311273665,230.524662547891,0,0,16.7388264678258,18.1946259684041,6.48698729767477,14.5659530523781,4.86562939919354,8.83312855368787,0,0,0,0,21.5224311641111,50.4306154357063,15.8775064576056,29.0494720335904,0,0,0,0,0,0,0,0,0,0,121.495888036833,75.0561929740944,48.5748841143667,51.9254460662863
"53",1994,490,4.33333333333333,4551.9252184956,4327.1750377296,576.298035338705,1098.74930678211,201.001280390256,317.065786370296,0,0,0,0,0,0,0,0,0,0,0,0,0.894097540297225,1.74530465630847,0.37376031488967,0.592793681590164,0,0,0,0,0,0,0,0,0,0,4617.60184937916,4767.05280872455,470.226789369417,978.556757645542,179.668885514711,310.005358550846,0,0,177.415647380092,183.157792235523,18.1212129296724,37.7155274710978,6.92654124948244,11.9515029175391,0,0,28538.2505594845,29814.5742485759,3166.91428232207,6617.01155554271,1244.19500751553,2134.42965411366,0,0,1096.48402793875,1145.5237562458,122.668764144784,256.529048400009,48.5125270263869,83.3014020379563,0,0,0,0,5.4747728709347,11.6827219582685,2.43130383334445,4.18831637627417,0,0,0,0,0,0,0,0,0,0,232.419269658572,251.520326969899,69.1468578957461,149.005229770969,45.124644390378,80.4073916007398,0,0,8.92991884914859,9.66381332506274,2.65408691898638,5.71815189705447,1.72875901330588,3.07971180303551,0,0,433.359250949377,470.197997012877,171.426710874896,384.987060514915,129.541619640328,235.367702941791,0,0,16.6503525267474,18.0657593163743,6.58057538895965,14.7758802263136,4.964826063225,9.01868183477761,0,0,0,0,21.9177828144068,51.3720077387286,16.2429665557961,29.7394204530073,0,0,0,0,0,0,0,0,0,0,123.916409334743,76.4221328993711,50.203325349841,53.5972085669736
"54",1994,490,4.41666666666667,4536.05347870716,4304.73009811332,582.180830452721,1109.40483339462,203.501003104793,320.987721799014,0,0,0,0,0,0,0,0,0,0,0,0,0.904058414654084,1.76389389054323,0.378595855427314,0.600431060402212,0,0,0,0,0,0,0,0,0,0,4628.00622412257,4768.72325290529,478.307367518777,995.178525905838,184.02999515359,317.71336384226,0,0,177.81540009609,183.22197337227,18.4326975469371,38.3563558147997,7.09466428256928,12.2486554733928,0,0,28454.4947497944,29669.4631509234,3203.58964576205,6691.59626116256,1267.52441852408,2175.48020163095,0,0,1093.26600950602,1139.94835404211,124.094737230089,259.434400515821,49.4247137856276,84.908515640342,0,0,0,0,5.54810933571791,11.8363632383238,2.47912098281751,4.2727314039272,0,0,0,0,0,0,0,0,0,0,232.628793066891,251.283803202794,70.3039450158271,151.473179472537,46.1865147398291,82.3488137487314,0,0,8.9379690866924,9.65472570190791,2.69851012481181,5.81287630771737,1.76945265332415,3.1540911654967,0,0,431.06271757704,466.860264492863,173.854565796519,390.433564633204,132.157997357694,240.266100498095,0,0,16.5621160898748,17.9375182891691,6.67377309898018,14.9848958767989,5.06509955184984,9.20635784334357,0,0,0,0,22.315145613386,52.3185271478903,16.6137738245572,30.4400037165563,0,0,0,0,0,0,0,0,0,0,126.339024550705,77.7867404389146,51.8646187836361,55.3024618078233
"55",1994,490,4.5,4520.2467098696,4282.50401589394,587.842425750659,1119.67101411635,206.001596923993,324.908851973356,0,0,0,0,0,0,0,0,0,0,0,0,0.913941801930391,1.78232126586532,0.383444768728016,0.608083880779234,0,0,0,0,0,0,0,0,0,0,4638.70858470679,4770.6841117399,486.37537122153,1011.79571456488,188.474387028709,325.573326317851,0,0,178.226601904622,183.297312704441,18.743709207807,38.9970294259156,7.26599781594815,12.5516659512238,0,0,28371.0972541332,29525.2405605632,3239.43458065128,6764.57187561231,1291.02854531961,2216.86464881756,0,0,1090.06175796217,1134.40708972738,125.488848609309,262.278052688025,50.3438271973156,86.5288874460357,0,0,0,0,5.621138471818,11.9892443302949,2.52740462316694,4.35801420719987,0,0,0,0,0,0,0,0,0,0,232.855081585291,251.064823802323,71.4638032600473,153.947919899765,47.268271390514,84.327423353891,0,0,8.94666346646167,9.64631216139322,2.74304048706461,5.9078628900737,1.81090937062112,3.22989703909268,0,0,428.772808936409,463.539230477637,176.271255180207,395.854126498819,134.802052196432,245.219149221939,0,0,16.474134185326,17.8099188452941,6.76654304528772,15.1929172189319,5.16643492629207,9.39612970783469,0,0,0,0,22.7143934771882,53.2698702666134,16.9898969093975,31.1511810047609,0,0,0,0,0,0,0,0,0,0,128.763910424763,79.1501119136256,53.559164410312,57.0416041696674
"56",1994,490,4.58333333333333,4504.50105368159,4260.49127799721,593.287363099073,1129.55488668782,208.500116961231,328.825152706958,0,0,0,0,0,0,0,0,0,0,0,0,0.923700630098318,1.80050727128414,0.388303703868627,0.615747365669537,0,0,0,0,0,0,0,0,0,0,4649.71044710061,4772.93625015277,494.433225739176,1028.41252949928,193.002154169589,333.586005343419,0,0,178.649311051633,183.383843463814,19.054340174452,39.6377082927909,7.44054552289221,12.8605637332833,0,0,28288.0556801234,29381.900473024,3274.4631806208,6835.96184705169,1314.69671551706,2258.5676034811,0,0,1086.87118138908,1128.89973260002,126.851627810422,265.060881488719,51.2694551430397,88.1619231304365,0,0,0,0,5.69368418732124,12.1410533024984,2.57614305564131,4.44414800548695,0,0,0,0,0,0,0,0,0,0,233.097782396887,250.863028445651,72.6253587857987,156.427601023015,48.3699014597311,86.3433543556935,0,0,8.95598843266929,9.63855885933897,2.7876367995499,6.00304068299321,1.85312872332128,3.30713465682521,0,0,426.490031426896,460.235386290994,178.675673937095,401.246391007585,137.473370032387,250.226122066784,0,0,16.3864262697746,17.6829798621948,6.85884288462397,15.3998540569275,5.26881641167373,9.58796975698515,0,0,0,0,23.1153700602294,54.2256806124708,17.3713010385708,31.8729053837466,0,0,0,0,0,0,0,0,0,0,131.191239738134,80.5123415504984,55.2873471902778,58.815022035963
"57",1994,490,4.66666666666667,4488.81292725912,4238.68665989997,598.520099147764,1139.06338810234,210.993722254452,332.732722376055,0,0,0,0,0,0,0,0,0,0,0,0,0.933296833025411,1.81838718604057,0.393168645245899,0.623415881054117,0,0,0,0,0,0,0,0,0,0,4661.01216063056,4775.47930300931,502.483076582387,1045.03263367348,197.613359385223,341.75209057311,0,0,179.083540958807,183.481551621334,19.3646720553531,40.2785317033647,7.61830989863881,13.1753755017953,0,0,28205.3684587673,29239.4378004119,3308.68942570442,6905.78955249132,1338.51853566209,2300.57401676528,0,0,1083.69421950416,1123.42608717486,128.183600373894,267.783761372207,52.2011959706195,89.8070411587976,0,0,0,0,5.76560445544205,12.2915371423354,2.62532213784487,4.53111274454545,0,0,0,0,0,0,0,0,0,0,233.356578695921,250.678089571054,73.7877774340366,158.910773060445,49.4913795467655,88.3967220161718,0,0,8.96593181313298,9.63145321029983,2.83226706270658,6.09835409988434,1.89610978893685,3.38580853583433,0,0,424.214932653681,456.949273419783,181.066642458359,406.607896024142,140.171507616499,255.286259026615,0,0,16.2990133830851,17.5567221446619,6.95062741091323,15.6056120838141,5.37222711918334,9.78184906254793,0,0,0,0,23.5178964680453,55.185561652267,17.7579470867416,32.6051225386322,0,0,0,0,0,0,0,0,0,0,133.621181814287,81.8735217252447,57.0495404618415,60.6230927991762
"58",1994,490,4.75,4473.17898257187,4217.08518481804,603.545006023326,1148.20335363821,213.479672438346,336.627778245494,0,0,0,0,0,0,0,0,0,0,0,0,0.94269985592831,1.83590868143658,0.398035120285472,0.631083195720823,0,0,0,0,0,0,0,0,0,0,4672.613153733,4778.31193931386,510.526821077617,1061.65921133127,202.308041797838,350.072215602626,0,0,179.529269665754,183.59038603802,19.6747770082811,40.9196206948069,7.79929251351635,13.4961257658443,0,0,28123.0346614715,29097.8481724254,3342.12716556118,6974.07826034215,1362.48388222698,2342.86917093347,0,0,1080.53083663011,1117.98598553775,129.485287200752,270.447563226588,53.1386581560395,91.4636723252433,0,0,0,0,5.83678554844996,12.4404919840876,2.67492603036017,4.61888606721342,0,0,0,0,0,0,0,0,0,0,233.631182562253,250.509705442363,74.9504184220809,161.396310156415,50.6326710615346,90.4876264884176,0,0,8.97648254550208,9.62498362108943,2.87690670434771,6.19375999599826,1.93985129232083,3.46592261454609,0,0,421.948086596675,453.68146601387,183.4429422071,411.936129240942,142.89598922386,260.398760550122,0,0,16.2119175784812,17.4311677524514,7.04184992226453,15.810095065239,5.47664891725619,9.9777371863523,0,0,0,0,23.9217767300707,56.1490861569306,18.1497910782343,33.347770074617,0,0,0,0,0,0,0,0,0,0,136.053902842746,83.2337431136953,58.8461082695453,62.466186898062
"59",1994,490,4.83333333333333,4457.59607625715,4195.68209327861,608.366372268491,1156.98151664021,215.9553249042,340.506653432593,0,0,0,0,0,0,0,0,0,0,0,0,0.951885489558243,1.8530299408423,0.402898347429393,0.638742667705194,0,0,0,0,0,0,0,0,0,0,4684.51211557381,4781.43205714363,518.566134449555,1078.29502022278,207.08622106459,358.546967302151,0,0,179.986446808132,183.710265954636,19.9847187340821,41.561080046088,7.98349417693317,13.8228372219941,0,0,28041.0538649747,28957.1277896907,3374.79010662921,7040.85110130648,1386.58289395899,2385.43866934888,0,0,1077.38101650529,1112.57928171054,130.757204052201,273.053153246728,54.0814600172205,93.1312593763648,0,0,0,0,5.90713756257992,12.5877554895715,2.72493772342108,4.70744400302263,0,0,0,0,0,0,0,0,0,0,233.921329756259,250.357595153571,76.1127992891945,163.883352324266,51.7937346045178,92.6161555696311,0,0,8.98763047726923,9.61913929884963,2.92153723292306,6.28922543781102,1.98435169713576,3.54748035844314,0,0,419.690082743401,450.432558035666,185.803341180584,417.22856917453,145.646305086947,265.562783594112,0,0,16.1251615050135,17.3063395065489,7.13246319879925,16.013206413775,5.5820623712538,10.1756020286342,0,0,0,0,24.3268019997446,57.115803436733,18.5467839026918,34.100777100237,0,0,0,0,0,0,0,0,0,0,138.489566118256,84.5930948009688,60.6774071140113,64.3446693396555
"60",1994,490,4.91666666666667,4442.06123964539,4174.47281299389,612.988403741388,1165.40450817731,218.418131852969,344.365793760045,0,0,0,0,0,0,0,0,0,0,0,0,0.960834717300076,1.86971780288354,0.407753385745329,0.646387431987429,0,0,0,0,0,0,0,0,0,0,4696.70717673402,4784.83697685139,526.602496533161,1094.94244533387,211.947902279345,367.176896195739,0,0,180.455000559874,183.841088414851,20.2945534946792,42.2030003282709,8.17091512740099,14.1555311549832,0,0,27959.4260168881,28817.2732783137,3406.69179909571,7106.13103864431,1410.80596366476,2428.26842567999,0,0,1074.24475711754,1107.20584606266,131.99986104162,275.601391782375,55.0292294064765,94.8092566054917,0,0,0,0,5.97658998473752,12.7331993095593,2.77533957224156,4.79676166522628,0,0,0,0,0,0,0,0,0,0,234.226774447037,250.221493572835,77.2745609237306,166.371247599489,52.9745241610701,94.7823870578021,0,0,8.99936616321935,9.61391005679096,2.96614489379138,6.38472548031239,2.02960929026096,3.63048485069803,0,0,417.441515420365,447.20315069144,188.146619100638,422.482725432846,148.421909752998,270.777437672339,0,0,16.0387679976543,17.1822605062607,7.22242047015896,16.2148507354102,5.68844668018572,10.3754096761307,0,0,0,0,24.7327546993985,58.0852464740721,18.9488710293382,34.8640638123474,0,0,0,0,0,0,0,0,0,0,140.928332286193,85.9516643943855,62.5437876955913,66.2589012164899
"61",1995,490,5,4425.06548731545,4151.43078441091,618.376094780866,1175.26727645313,220.836736975784,348.284298966364,0,0,0,0,0,0,0,0,0,0,0,0,0.969551034984392,1.88630662523957,0.412535527720822,0.654158616822438,0,0,0,0,0,0,0,0,0,0,4708.6996401569,4787.92678562913,535.007930682649,1112.41415382396,216.863436777775,376.050154776965,0,0,180.91577018256,183.959803809219,20.6185713336545,42.8766223382216,8.36041216450393,14.4976057722792,0,0,27874.5181692453,28673.7287645624,3440.41689765671,7175.52224987796,1434.94397181352,2471.91425712273,0,0,1070.98247490074,1101.69063462628,133.31248189616,278.307891232921,55.9738057930936,96.5193638395957,0,0,0,0,6.04493195344937,12.87866385399,2.82570363328401,4.8879196022292,0,0,0,0,0,0,0,0,0,0,234.448002073123,250.137758364811,78.4467235374086,168.990217528243,54.1523109140057,97.0500203937441,0,0,9.00786609512134,9.61069281456477,3.01115395162481,6.48526024439822,2.07475331984066,3.71737614405302,0,0,415.160968125141,443.946320114956,190.49108905955,427.807267159216,151.199346924359,276.106188375413,0,0,15.9511457683968,17.0571278615752,7.31242598710932,16.4192014427191,5.79490298299281,10.5795921420297,0,0,0,0,25.1375801179778,59.0636350504491,19.3531708110578,35.6456029303653,0,0,0,0,0,0,0,0,0,0,143.433117684452,87.2052801380909,64.4948394447263,68.0592685312223
"62",1995,490,5.08333333333333,4407.17215917012,4127.31797061445,624.149270451623,1185.86974598826,223.232445804812,352.247034767967,0,0,0,0,0,0,0,0,0,0,0,0,0.978358885162115,1.90321941037736,0.417265887465686,0.662005498986384,0,0,0,0,0,0,0,0,0,0,4720.6708493812,4790.91202646633,543.651559802596,1130.42920316424,221.849818821699,385.151192528865,0,0,181.375723184947,184.07450153609,20.9517500716087,43.5711551391312,8.55263963398541,14.8484603798719,0,0,27787.6454147428,28528.1609642984,3474.97730119221,7246.91561687233,1459.09168078778,2516.22445812475,0,0,1067.6446977807,1096.09768529512,134.657156228902,281.091564419438,56.9188646229697,98.2556378509705,0,0,0,0,6.1132735951581,13.0252943727149,2.87616303189971,4.98055801871286,0,0,0,0,0,0,0,0,0,0,234.629463070667,250.084874310818,79.6345893394101,171.694112541098,55.3381898917233,99.3911774677321,0,0,9.01483812964948,9.60866092304478,3.05676774541926,6.58905833837955,2.12020896960103,3.80708666695366,0,0,412.854453290575,440.684503745023,192.82845731615,433.177294101763,153.981973341732,281.535069624037,0,0,15.8625258244631,16.9318036547887,7.40216117994519,16.6253024235649,5.90156012196246,10.7876144472669,0,0,0,0,25.5417505638759,60.0485735126439,19.7604732020675,36.4427684305653,0,0,0,0,0,0,0,0,0,0,145.980373327811,88.3915768355001,66.5141622898031,69.7976050459295
"63",1995,490,5.16666666666667,4389.35242858657,4103.43942000115,629.685226322695,1196.05342995726,225.624007978796,356.201047103002,0,0,0,0,0,0,0,0,0,0,0,0,0.987247840169852,1.92022780217028,0.421985423916416,0.669836036539572,0,0,0,0,0,0,0,0,0,0,4732.94101887755,4794.17615647126,552.296522402146,1148.47117401796,226.927659946133,394.428834526778,0,0,181.847162719075,184.199914630775,21.284991655362,44.2667467507122,8.74839225060646,15.2061221259175,0,0,27701.1452688472,28383.5018751474,3508.71396281421,7316.7129676152,1483.37536604178,2560.83477940035,0,0,1064.321236773,1090.53965011521,135.970185459398,283.813959609761,57.8693324475017,100.003859509614,0,0,0,0,6.1817256393315,13.1718683536376,2.92698639217762,5.07398506079278,0,0,0,0,0,0,0,0,0,0,234.836102880991,250.037931865079,80.8313268774703,174.398869774768,56.5472724420228,101.765500416305,0,0,9.02277757428238,9.60685731762523,3.10272331474074,6.69289218191146,2.16655530200596,3.89807074532284,0,0,410.54830491075,437.448871882291,195.146353858951,438.521966069546,156.783507129002,287.022749240304,0,0,15.7739199598567,16.8074854987193,7.4911505660349,16.8304335479357,6.00894398038125,10.9978931423082,0,0,0,0,25.9464006081971,61.0356878266596,20.1724961246409,37.250392308498,0,0,0,0,0,0,0,0,0,0,148.529737641791,89.5776365113344,68.570935329752,71.5700920220962
"64",1995,490,5.25,4371.60304244885,4079.79007948622,634.989023128841,1205.82610174019,228.00835405423,360.142087898746,0,0,0,0,0,0,0,0,0,0,0,0,0.996139938461845,1.93720204827693,0.426694687372389,0.677649991579927,0,0,0,0,0,0,0,0,0,0,4745.50891354061,4797.71814491716,560.943924411222,1166.54240410642,232.096767344223,403.884078641881,0,0,182.330041330221,184.336003491106,21.6183376962331,44.9634854985085,8.94766276411657,15.5706296740893,0,0,27615.0166935531,28239.7466719678,3541.64149210384,7384.93850349742,1507.78481205304,2605.73041804513,0,0,1061.01205199655,1085.01634369676,137.252119706407,286.475983343084,58.8248137849478,101.763455508313,0,0,0,0,6.25004614433682,13.3179680154613,2.97817434875595,5.16819962753497,0,0,0,0,0,0,0,0,0,0,235.066762608947,249.997585338807,82.0351175059095,177.104278819064,57.7792935267544,104.17469713176,0,0,9.03163990242033,9.60530713798975,3.14895085333916,6.79675371135993,2.21378225128367,3.99039395310203,0,0,408.244264514582,434.238792591854,197.444928397712,443.83764719156,159.603974353219,292.566750358318,0,0,15.6853950868969,16.6841491134167,7.57939997945092,17.0344555184307,6.11705567422104,11.2103336116237,0,0,0,0,26.3514634220597,62.0247621900452,20.5891722363538,38.0683767880667,0,0,0,0,0,0,0,0,0,0,151.081477783729,90.7634889032955,70.6656917686144,73.3770129247793
"65",1995,490,5.33333333333333,4353.92093399095,4056.36509525329,640.06561333066,1215.19540321947,230.382529997887,364.066042037893,0,0,0,0,0,0,0,0,0,0,0,0,1.00497196466539,1.95403627995332,0.431392562358277,0.685445069979365,0,0,0,0,0,0,0,0,0,0,4758.37273700396,4801.53623918639,569.59476987293,1184.64483673506,237.356960473639,413.517793071649,0,0,182.824289999114,184.482700778709,21.9518259693528,45.6614446851712,9.15044437046519,15.9420166771392,0,0,27529.259057656,28096.8910357059,3573.77430067691,7451.61622840899,1532.31007089171,2650.896902412,0,0,1057.71711920014,1079.52760009466,138.503501857789,289.078535181718,59.7849232019821,103.533864872907,0,0,0,0,6.31803970157235,13.4632542048817,3.02972229724804,5.26319401607686,0,0,0,0,0,0,0,0,0,0,235.320389521267,249.964422010688,83.2444949405768,179.810225968188,59.0340022052055,106.620214659698,0,0,9.04138466637239,9.60403294832518,3.19539409149801,6.90063859924212,2.26188028501448,4.08411187105973,0,0,405.943954881031,431.053775891672,199.724061023807,449.120885491405,162.44331642855,298.164857731568,0,0,15.5970135553398,16.5617756729865,7.66690489899614,17.2372360811375,6.22589308185369,11.4248512674559,0,0,0,0,26.7568363386657,63.0155196641178,21.0104330151867,38.8966202975036,0,0,0,0,0,0,0,0,0,0,153.635848629697,91.9491667602737,72.7989387258412,75.2186635668321
"66",1995,490,5.41666666666667,4336.3031916973,4033.15978102825,644.919848351228,1224.16885287534,232.743689534783,367.968919186273,0,0,0,0,0,0,0,0,0,0,0,0,1.01369217937613,1.97064333224574,0.436076814725525,0.693217584718608,0,0,0,0,0,0,0,0,0,0,4771.53029297672,4805.62815854691,578.249968889046,1202.78008990356,242.708071270085,423.330750613278,0,0,183.329824340746,184.639918864212,22.2854907092625,46.3606852275051,9.35673072408309,16.3203130967255,0,0,27443.8720138978,27954.9310123025,3605.12660286059,7516.76992970119,1556.94144551928,2696.32006617538,0,0,1054.4364250422,1074.0732673875,139.724867575468,291.622506949043,60.7492846885304,105.314537988957,0,0,0,0,6.38554695624588,13.6074490043249,3.08162212336251,5.35895603908529,0,0,0,0,0,0,0,0,0,0,235.59602027128,249.938968118364,84.4582623605031,182.516662927913,60.3111628636356,109.103290522629,0,0,9.05197485282332,9.60305496752361,3.24200710940346,7.00454504408332,2.31084045338884,4.17927205322881,0,0,403.648888565121,427.893445536885,201.983445474568,454.368410997271,165.301394898662,303.815050222195,0,0,15.5088334799624,16.4403507214987,7.75365364659325,17.4386499581981,6.33545102508037,11.641368962464,0,0,0,0,27.1623907925487,64.0076387250364,21.4362075187925,39.7350159721585,0,0,0,0,0,0,0,0,0,0,156.193094378235,93.1347054109778,74.9711628856136,77.095350038242
"67",1995,490,5.5,4318.74704884232,4010.1696074138,649.556479678514,1232.75384688463,235.08909362351,371.846853867739,0,0,0,0,0,0,0,0,0,0,0,0,1.022258878923,1.98695245306339,0.440744322065461,0.700962738484697,0,0,0,0,0,0,0,0,0,0,4784.97905221081,4809.99117681616,586.910339683398,1220.94948273313,248.149942014219,433.323640724887,0,0,183.846547177363,184.807553003321,22.6193626850616,47.0612566641502,9.56651585788039,16.7055456682895,0,0,27358.8554469133,27813.8629526182,3635.7124095453,7580.42316108153,1581.66948944244,2741.98604552155,0,0,1051.16996509086,1068.65320536935,140.916745059552,294.108782076243,61.7175316482989,107.104936496058,0,0,0,0,6.45244000931239,13.7503280719084,3.13386291722785,5.4554699105982,0,0,0,0,0,0,0,0,0,0,235.892773923326,249.921691431957,85.6754561661358,185.223593488673,61.61055545125,111.624976274681,0,0,9.06337661482022,9.60239116806153,3.28875294441659,7.10847325547923,2.36065439902834,4.2759149292609,0,0,401.360470678843,424.757526121861,204.222627035191,459.577138151217,168.177994173314,309.515469989301,0,0,15.420908847409,16.3198636774281,7.83962884260625,17.6385789415638,6.4457213730721,11.8598158088353,0,0,0,0,27.56797693071,65.0007610107324,21.8664218043823,40.5834508526257,0,0,0,0,0,0,0,0,0,0,158.753449168212,94.3201425509588,77.182832984832,79.0073877495548
"68",1995,490,5.58333333333333,4301.24986947059,3987.39018749699,653.980162069423,1240.95766269166,237.416107527368,375.696102769679,0,0,0,0,0,0,0,0,0,0,0,0,1.03063867819487,2.00290656627872,0.445391338710201,0.708674948095705,0,0,0,0,0,0,0,0,0,0,4798.71622979741,4814.62221798659,595.576613106875,1239.15407119877,253.68242360497,443.497085168654,0,0,184.374351508312,184.985485010907,22.9534693678591,47.7631985182116,9.77979411927048,17.097738504026,0,0,27274.2094135644,27673.6834433177,3665.54552579949,7642.59922888168,1606.48500058896,2787.88126915409,0,0,1047.91774153146,1063.26728289427,142.079654949143,296.538235065792,62.6893066721167,108.904532914189,0,0,0,0,6.51861694088555,13.8917115041373,3.18643179880275,5.5527172681177,0,0,0,0,0,0,0,0,0,0,236.209842896824,249.91300509924,86.8953030304761,187.931058162856,62.9319754253364,114.186165572109,0,0,9.07555892382947,9.60205742373746,3.33560194055897,7.21242486039576,2.41131435584559,4.3740748798326,0,0,399.080004223012,421.645827550372,206.4410454421,464.744164025383,171.072825736848,315.264386715446,0,0,15.3332897210494,16.2003072369729,7.92480905339611,17.8369118262964,6.55669320254151,12.0801258071638,0,0,0,0,27.9734288832477,65.9945001857335,22.3009983676363,41.4418051573486,0,0,0,0,0,0,0,0,0,0,161.31713793675,95.5055179731636,79.4344027827341,80.9551002531253
"69",1995,490,5.66666666666667,4283.80913588177,3964.81726391825,658.195456783442,1248.78746264543,239.722197948421,379.513042199477,0,0,0,0,0,0,0,0,0,0,0,0,1.03880492143051,2.01845973158857,0.450013730910273,0.716348133262998,0,0,0,0,0,0,0,0,0,0,4812.73885362875,4819.51794215114,604.249437497352,1257.39468213533,259.305373487745,453.851651838963,0,0,184.913123140461,185.173586562401,23.2878351118525,48.4665415937286,9.99656009283143,17.4969136261383,0,0,27189.9340898658,27534.3892450759,3694.6395488454,7703.32117951705,1631.37901515446,2833.99244872715,0,0,1044.67976112736,1057.91537550209,143.214110236906,298.911731000771,63.6642613107455,110.712810287212,0,0,0,0,6.58399675172183,14.0314553760487,3.2393146469929,5.6506780785156,0,0,0,0,0,0,0,0,0,0,236.546484258029,249.913271688435,88.1171804087394,190.639120413938,64.2752332900913,116.787620393755,0,0,9.08849323515177,9.60206766500252,3.38253023102924,7.31640237109429,2.46281313223159,4.47378124117336,0,0,396.808695857853,418.558230269407,208.638073682415,469.866765230998,173.98553298443,321.060164857957,0,0,15.2460224626946,16.0816768067148,8.00917028119532,18.0335442933253,6.66835298205198,12.3022365911621,0,0,0,0,28.3785696029601,66.9884501182746,22.7398556923886,42.3099516923743,0,0,0,0,0,0,0,0,0,0,163.884377253269,96.6908732965782,81.7263138099676,82.9388181124231
"70",1995,490,5.75,4266.42244133507,3942.44670109986,662.206834316357,1256.250297218,242.004930856688,383.294166296383,0,0,0,0,0,0,0,0,0,0,0,0,1.04673664474065,2.03357546907439,0.45460710650424,0.723975878588317,0,0,0,0,0,0,0,0,0,0,4827.0438026,4824.67479636607,612.929382765349,1275.67193560194,265.018652819911,464.387861540716,0,0,185.462742155971,185.371721148022,23.6224813068074,49.1713088272985,10.2168084930972,17.9030912289727,0,0,27106.0297410307,27395.9772566268,3723.0078675525,7762.61179272009,1656.3428029082,2880.30657238175,0,0,1041.45603406904,1052.59736403707,144.320616243338,301.230125277918,64.6420559027471,112.529261944544,0,0,0,0,6.64851608611013,14.1694462132852,3.29249649240857,5.74933113690804,0,0,0,0,0,0,0,0,0,0,236.902013463022,249.922806779759,89.340591410534,193.347858953976,65.6401536257915,119.429989242521,0,0,9.10215324751821,9.60243401695355,3.42951877300756,7.42040888783066,2.51514407427699,4.57505900231092,0,0,394.547661206806,415.49467492856,210.813041378663,474.942393236203,176.915696319105,326.901242870486,0,0,15.1591499363772,15.9639701063159,8.09268686173131,18.2283787299594,6.78068476676612,12.5260886311063,0,0,0,0,28.7832139436458,67.982190161144,23.1829081040427,43.1877556423711,0,0,0,0,0,0,0,0,0,0,166.455375938402,97.8762517470342,84.0589971641867,84.9588780640325
"71",1995,490,5.83333333333333,4249.08748365393,3920.27447837707,666.018677072533,1263.35310814861,244.261969363878,387.036085305006,0,0,0,0,0,0,0,0,0,0,0,0,1.05441764662731,2.04822525555744,0.459166927288741,0.731551574130135,0,0,0,0,0,0,0,0,0,0,4841.62783955796,4830.08905922395,621.616944519813,1293.98626568871,270.822123801738,475.106193790445,0,0,186.023084178239,185.579745785344,23.9574265322992,49.877516080284,10.4405340635434,18.3162899034935,0,0,27022.4966954954,27258.4444834405,3750.66366226704,7820.49357576313,1681.36786243446,2926.81089847765,0,0,1038.24657297611,1047.31313344445,145.399670603868,303.494263378553,65.6223594000002,114.353391270611,0,0,0,0,6.71212629905182,14.3055960377881,3.34596185681065,5.84865449838471,0,0,0,0,0,0,0,0,0,0,237.275798528377,249.941882441872,90.5651423934982,196.057361018982,67.0265740109302,122.113823437702,0,0,9.11651467911769,9.60316693290377,3.47655248700478,7.52444783930286,2.5683010248541,4.67792942920583,0,0,392.297930124453,412.455152879983,212.965255181633,479.968669222752,179.862838214337,332.786114983702,0,0,15.0727117107533,15.8471868035115,8.17533224701296,18.4213240326354,6.89367039190864,12.7516245353009,0,0,0,0,29.1871713896136,68.9752898533263,23.6300656766154,44.0750744340051,0,0,0,0,0,0,0,0,0,0,169.030335644158,99.0616979489387,86.4328751125859,87.0156222490014
"72",1995,490,5.91666666666667,4231.80205907613,3898.29668336582,669.635282075783,1270.10273162166,246.491071546851,390.735523819133,0,0,0,0,0,0,0,0,0,0,0,0,1.06183559356684,2.06238707784308,0.463688617226869,0.739068550497887,0,0,0,0,0,0,0,0,0,0,4856.48764279989,4835.75688361735,630.312548269169,1312.33794108287,276.715647188552,486.007092437311,0,0,186.594021582135,185.797512662349,24.2926867148991,50.5851729218732,10.6677314824578,18.7365268547676,0,0,26939.3353200276,27121.7880077368,3777.61990486255,7876.98875806444,1706.44591611582,2973.49294912883,0,0,1035.05139194091,1042.06257161831,146.451763264129,305.70498065382,66.6048491836633,116.184711467293,0,0,0,0,6.77479063323486,14.439837599509,3.39969508079461,5.94862589343997,0,0,0,0,0,0,0,0,0,0,237.667254297423,249.97073067339,91.7905214081664,198.767715886303,68.4343439188588,124.839592633523,0,0,9.13155504729782,9.60427532661125,3.5236194288608,7.62852273238607,2.62227828172682,4.78241065926405,0,0,390.06045200227,409.439696931212,215.09401816683,484.943378671984,182.826428238346,338.713313964206,0,0,14.9867442629584,15.7313281588193,8.25707974992083,18.6122953993188,7.00728966475431,12.9787883889821,0,0,0,0,29.5902486662399,69.9673134234042,24.0812341590074,44.9717576282401,0,0,0,0,0,0,0,0,0,0,171.609451424622,100.247257720085,88.8483626234604,89.1093974683995
"73",1996,490,6,4213.38641431208,3874.85103086287,673.802970943979,1277.87316566594,248.683527879463,394.445943933971,0,0,0,0,0,0,0,0,0,0,0,0,1.06904612446229,2.07632922392666,0.468149894099049,0.746620574141429,0,0,0,0,0,0,0,0,0,0,4871.59453697367,4841.73808321722,639.00070629939,1330.80823936967,282.689060145328,497.159224486178,0,0,187.174452614772,186.027319915927,24.6276649050453,51.2974125662235,10.8980088908163,19.1664492188302,0,0,26855.6164556382,26985.2262413503,3804.27019429123,7933.39917665425,1731.50327881101,3020.74654419576,0,0,1031.83479118436,1036.81564869446,147.491984590492,307.912488211771,67.5866481038751,118.038610860269,0,0,0,0,6.83639904739954,14.5731819174477,3.45354701616016,6.05003385646147,0,0,0,0,0,0,0,0,0,0,238.039565227162,250.038842121522,93.0219103023024,201.550737243051,69.8556450908807,127.656798327788,0,0,9.14585984007821,9.60689227592938,3.57091896229629,7.73539067479479,2.67677633338144,4.89039920164833,0,0,387.836446456882,406.460807156248,217.190785861996,489.893449365022,185.797998067985,344.729136716851,0,0,14.901294452604,15.6168744450794,8.33760133378567,18.8023262940868,7.12121815702923,13.209354486021,0,0,0,0,29.9916604306375,70.9625749621243,24.5353587311881,45.8837950397821,0,0,0,0,0,0,0,0,0,0,174.209828966345,101.37118376595,91.3221462359734,91.1295232091698
"74",1996,490,6.08333333333333,4194.71593129552,3851.1744808747,677.956185217279,1285.62641708531,250.850725266209,398.134185980183,0,0,0,0,0,0,0,0,0,0,0,0,1.0762116754041,2.09020206214026,0.472563245569678,0.754133770475925,0,0,0,0,0,0,0,0,0,0,4886.96585243013,4847.97434780675,647.711070897807,1349.37155398006,288.751398799122,508.519736388481,0,0,187.765043135945,186.266927174299,24.9635011557521,52.0132428736697,11.1317144737291,19.6044046019552,0,0,26772.0106045567,26849.3132851585,3830.33493103051,7988.78759580561,1756.58311965437,3068.27639135914,0,0,1028.62253247973,1031.5936541121,148.50960606385,310.08061761624,68.5694379479159,119.903549988482,0,0,0,0,6.89712412349882,14.7050541442892,3.50759923752163,6.15228691367252,0,0,0,0,0,0,0,0,0,0,238.422356054805,250.122039483371,94.2538637043056,204.344569593239,71.2968464487455,130.526023228867,0,0,9.16056728719375,9.6100888501947,3.61824168661153,7.842676994556,2.73203929729529,5.00038523786468,0,0,385.62137078577,403.509186401458,219.261070988208,494.804338529885,188.780739459713,350.802428996746,0,0,14.8161877418128,15.503468450776,8.41710882507995,18.9908590562449,7.23557833457928,13.4421293241754,0,0,0,0,30.3916290554487,71.9572940290497,24.9929822378464,46.8067095331782,0,0,0,0,0,0,0,0,0,0,176.818860047673,102.478904991266,93.8428856384052,93.1561906053605
"75",1996,490,6.16666666666667,4176.10634221876,3827.7111554148,681.897696219185,1292.9984489052,252.992996101545,401.782900882204,0,0,0,0,0,0,0,0,0,0,0,0,1.08329110476891,2.10388929826257,0.476933230931523,0.76158024362563,0,0,0,0,0,0,0,0,0,0,4902.60220611154,4854.4414081555,656.448197045835,1368.00678829471,294.905376398853,520.071755135746,0,0,188.365816849561,186.515401974822,25.3003707708838,52.7318501435264,11.3689528977976,20.0497426320148,0,0,26688.768559976,26714.2564817621,3855.72319229866,8042.830263825,1781.69576399372,3115.96404449302,0,0,1025.42425170436,1026.40455430458,149.501133430147,312.196857296095,69.5536215578807,121.774900579207,0,0,0,0,6.95696824929552,14.8351339173281,3.56187515886763,6.25515338521285,0,0,0,0,0,0,0,0,0,0,238.824963919708,250.21251713628,95.4852619076703,207.131346766902,72.7599184868898,133.434896417587,0,0,9.17603613645766,9.6135651448951,3.66554454601441,7.9496958705214,2.78814275357897,5.11189501657643,0,0,383.416075476204,400.581622509166,221.306240869662,499.665705640707,191.776228899438,356.91895833692,0,0,14.7314568076639,15.3909867596721,8.49565479067284,19.1774970458541,7.35043076005751,13.6765678846262,0,0,0,0,30.7901399272584,72.9498157622628,25.4542550433215,47.7387234214961,0,0,0,0,0,0,0,0,0,0,179.432192655379,103.587010721446,96.4067105369029,95.2192622025785
"76",1996,490,6.25,4157.55623877952,3804.45779587179,685.632270626906,1299.99681059404,255.10798522544,405.388669846914,0,0,0,0,0,0,0,0,0,0,0,0,1.090241343662,2.11731740767116,0.481258512350565,0.768957405374768,0,0,0,0,0,0,0,0,0,0,4918.49753155282,4861.13334147718,665.21034055629,1386.71055476978,301.150721950387,531.815643971734,0,0,188.976540672331,186.772516754575,25.6382066207309,53.4531039821803,11.6097137763494,20.5024774260976,0,0,26605.8924660512,26580.0545346989,3880.44827318349,8095.55010852351,1806.83373019555,3163.79803217468,0,0,1022.24003124054,1021.24829945964,150.467070076563,314.262071117996,70.5389064556202,123.652213624988,0,0,0,0,7.01590471925104,14.9633721589293,3.61636200401717,6.35861457671292,0,0,0,0,0,0,0,0,0,0,239.246591927976,250.310602083921,96.7165151902315,209.913225509021,74.2446584902431,136.384480895284,0,0,9.19223576993481,9.61733372403488,3.71284333812719,8.05653019347524,2.84507900501492,5.22496941525662,0,0,381.221964444836,397.678201332477,223.325637626356,504.474408328829,194.784077495202,363.07664547069,0,0,14.6471555908759,15.2794326703809,8.57321401656243,19.3621198056014,7.46576066383789,13.9125908258299,0,0,0,0,31.1870237238974,73.9397424051742,25.9190689509247,48.6796617199141,0,0,0,0,0,0,0,0,0,0,182.050039461605,104.695533942896,99.014029251404,97.3190157296409
"77",1996,490,6.33333333333333,4139.06414771723,3781.41109682166,689.164556940542,1306.62889173827,257.193433775995,408.948187132734,0,0,0,0,0,0,0,0,0,0,0,0,1.09702800874808,2.13042725649724,0.485536924942832,0.776261623026487,0,0,0,0,0,0,0,0,0,0,4934.64660215721,4868.04499085429,673.995975050431,1405.47978202247,307.487208304148,543.751785098781,0,0,189.597013790048,187.038073376541,25.9769499322148,54.1768861204381,11.8539884008817,20.9626238180421,0,0,26523.3838356215,26446.7055634205,3904.52309925805,8146.96947983185,1831.98972193254,3211.76708706277,0,0,1019.06992921438,1016.12481732349,151.407905488484,316.277101248965,71.5250071306301,125.53504764949,0,0,0,0,7.07391469876955,15.0897336086264,3.67104677953213,6.46265148050424,0,0,0,0,0,0,0,0,0,0,239.686497829987,250.416568426765,97.947925523538,212.691929061394,75.7508865291293,139.37568270975,0,0,9.20913766921009,9.62140511899277,3.76014970163822,8.16324621346154,2.90284122667121,5.33964329990224,0,0,379.04026503988,394.798986619267,225.318694670529,509.227778977192,197.803814302414,369.273516055781,0,0,14.5633312481266,15.1688086321972,8.649764794996,19.5446251009922,7.58155013039197,14.1501228228983,0,0,0,0,31.5821106841566,74.9266750099384,26.3873120499087,49.6293419353093,0,0,0,0,0,0,0,0,0,0,184.672604522521,105.804509006216,101.665251017018,99.4557468156361
"78",1996,490,6.41666666666667,4120.62856946792,3758.56774134455,692.499099167946,1312.90194308065,259.247174696653,412.458256437113,0,0,0,0,0,0,0,0,0,0,0,0,1.10362342369823,2.14317089741908,0.489765777274122,0.783488591391258,0,0,0,0,0,0,0,0,0,0,4951.04477377565,4875.17171971027,682.803741244697,1424.31163957854,313.914630799448,555.880559387062,0,0,190.227057767081,187.311893696033,26.3165483448855,54.903087529401,12.1017689216785,21.4301965802508,0,0,26441.2437396813,26314.2072903251,3927.96027233707,8197.11022622709,1857.15662351413,3259.86014432961,0,0,1015.91398677564,1011.03402038693,152.324116990914,318.242771071514,72.5116448790447,127.422968677597,0,0,0,0,7.13098538858719,15.214193662851,3.72591647579328,6.56724502230417,0,0,0,0,0,0,0,0,0,0,240.143989600708,250.530647645639,99.1797172227749,215.468851415477,77.2784409990322,142.40928253343,0,0,9.22671524557736,9.62578822363267,3.80747229212721,8.26989753974584,2.96142329539057,5.45594673456211,0,0,376.872060853871,391.944030912987,227.284915903267,513.923522049452,200.834904771523,375.507679165935,0,0,14.4800254127715,15.0591166639238,8.72528812530025,19.7249249787414,7.69777880503556,14.3890917437899,0,0,0,0,31.9752321106903,75.9102161912972,26.8588689999487,50.5875745979231,0,0,0,0,0,0,0,0,0,0,187.30008423593,106.913971333688,104.360785008072,101.629764827869
"79",1996,490,6.5,4102.24799591298,3735.92441765451,695.640339465851,1318.82308134033,261.267134248195,415.915793871365,0,0,0,0,0,0,0,0,0,0,0,0,1.11000586109271,2.15551033933833,0.493941966237232,0.790633477398329,0,0,0,0,0,0,0,0,0,0,4967.68788697901,4882.50931927913,691.632428000419,1443.20351008327,320.43279872936,568.202338148323,0,0,190.866512791509,187.593816005533,26.656955184631,55.6316073555913,12.3530480201075,21.9052101077955,0,0,26359.4728779462,26182.5571112631,3950.77208015618,8245.99371195338,1882.32750395697,3308.0663481087,0,0,1012.77223080894,1005.97580859423,153.216170122852,320.159885854417,73.4985479655456,129.315550488715,0,0,0,0,7.18710931163816,15.3367371466135,3.78095814322657,6.67237615589728,0,0,0,0,0,0,0,0,0,0,240.618423771201,250.653031934597,100.412047941222,218.245096254428,78.8271762063383,145.485946952627,0,0,9.24494377593297,9.63049042235763,3.85481720388967,8.37652663494223,3.02081969732923,5.57390541361382,0,0,374.718303296893,389.113379365073,229.223869490232,518.559677704057,203.87675797159,381.777318455105,0,0,14.3972746395054,14.9503585003508,8.79976747436608,19.9029443691215,7.81442417055934,14.6294283105964,0,0,0,0,32.3662211862649,76.889971645095,27.3336211002768,51.5541633134338,0,0,0,0,0,0,0,0,0,0,189.932667630874,108.023957300278,107.101039951339,103.841391267863
"80",1996,490,6.58333333333333,4083.92093152762,3713.47783833633,698.592624990246,1324.39929988793,263.251330495015,419.317827468835,0,0,0,0,0,0,0,0,0,0,0,0,1.11615845636274,2.16741578016286,0.498062132092035,0.79769111408082,0,0,0,0,0,0,0,0,0,0,4984.5721331812,4890.05388328301,700.480944222795,1462.15294784943,327.041523752391,580.717471965644,0,0,191.515232531365,187.883690219596,26.9981283863616,56.3623513321362,12.6078184638778,22.3876779898569,0,0,26278.0716765718,26051.7521912108,3972.97051933616,8293.64085547962,1907.4956157875,3356.37505258229,0,0,1009.64467768828,1000.95007301916,154.08451951285,322.029234224072,74.4854515883457,131.212374675081,0,0,0,0,7.24228330179375,15.4573565667291,3.83615898932167,6.77802598377969,0,0,0,0,0,0,0,0,0,0,241.109202240235,250.783879586166,101.645024462737,221.021532996793,80.3969593984288,148.606245651908,0,0,9.26380028027309,9.63551779701989,3.9021885758863,8.48316696544614,3.08102541428258,5.69354131988021,0,0,372.579829604691,386.307074619576,231.135177767152,523.134567109624,206.928737155582,388.080680116987,0,0,14.315111096263,14.8425357799302,8.87318838858623,20.0786189860652,7.93146195193721,14.8710656381567,0,0,0,0,32.7549138597847,77.8655518066638,27.8114464797099,52.5289050659149,0,0,0,0,0,0,0,0,0,0,192.570536925857,109.134504061687,109.886423625602,106.090957475
"81",1996,490,6.66666666666667,4065.64591141211,3691.2247566388,701.360213804666,1329.63747792229,265.197872146126,422.661497142429,0,0,0,0,0,0,0,0,0,0,0,0,1.12206826112181,2.17886406095908,0.502122786712156,0.804656162131975,0,0,0,0,0,0,0,0,0,0,5001.69394267821,4897.8017046476,709.348294145125,1481.1576424431,333.740609966675,593.426280989775,0,0,192.173079832911,188.181373906502,27.3400295463729,57.0952303829248,12.8660727260588,22.8776126373857,0,0,26197.040369472,25921.7895432519,3994.56731512299,8340.07216243847,1932.6543939829,3404.77582313472,0,0,1006.53133640142,995.956698899499,154.929609631754,323.851589425711,75.4720978490797,133.113030701535,0,0,0,0,7.29650762149253,15.5760505837517,3.89150645415582,6.88417585211801,0,0,0,0,0,0,0,0,0,0,241.615768932351,250.923319619316,102.878715895501,223.79884501967,81.9876679572207,151.770666461139,0,0,9.28326339329104,9.64087530473486,3.94958909804431,8.58984485189478,3.14203581621227,5.81487330085042,0,0,370.457378718443,383.525160363846,233.018509051497,527.646745509108,209.990169210116,394.416062306991,0,0,14.2335631743452,14.7356501811995,8.94553817892981,20.2518935245709,8.04886647826205,15.1139388285703,0,0,0,0,33.1411496215167,78.8365733249973,28.2922202956334,53.5115905179067,0,0,0,0,0,0,0,0,0,0,195.213868051822,110.245649396185,112.717342442013,108.378802612266
"82",1996,490,6.75,4047.42151089652,3669.16197496518,703.947278802062,1334.5443863135,267.104957399023,425.944054311618,0,0,0,0,0,0,0,0,0,0,0,0,1.12772566445308,2.18983771001091,0.506120377497392,0.81152319262781,0,0,0,0,0,0,0,0,0,0,5019.04992531947,4905.74922279072,718.233562470173,1500.21539715738,340.529849060039,606.329050600121,0,0,192.839924441143,188.486730262987,27.6826233524598,57.8301597972713,13.1278027988894,23.3750251166309,0,0,26116.3790408848,25792.6660690275,4015.57393413342,8385.30774629763,1957.79745371191,3453.25843527609,0,0,1003.43221018535,990.99556719124,155.751875277272,325.627710112771,76.4582356742425,135.017115876164,0,0,0,0,7.34978542215761,15.6928230694337,3.94698823668487,6.99080738623904,0,0,0,0,0,0,0,0,0,0,242.137606674983,251.071454556127,104.113160554938,226.577557856396,83.5991871962175,154.979624610641,0,0,9.3033132443914,9.64656688456487,3.99702027552938,8.69658055142842,3.20384657678347,5.93791742301572,0,0,368.351601504051,380.767682406002,234.873573548065,532.094974371621,213.060350644382,400.781808210194,0,0,14.1526558810601,14.6297034641793,9.01680576323727,20.4227205908355,8.16661091211462,15.3579847053408,0,0,0,0,33.5247719275061,79.8026599056754,28.775814918366,54.502004279266,0,0,0,0,0,0,0,0,0,0,197.86283105992,111.357431597305,115.594201259713,110.705272429353
"83",1996,490,6.83333333333333,4029.24635499391,3647.28635316132,706.357911729125,1339.12669357427,268.970872719883,429.162861496697,0,0,0,0,0,0,0,0,0,0,0,0,1.13312382210475,2.20032400079838,0.510051351421034,0.818286769507309,0,0,0,0,0,0,0,0,0,0,5036.63681155437,4913.89297158955,727.135899341101,1519.32410703015,347.4090151797,619.426026431035,0,0,193.515640734695,188.799626115071,28.0258770074607,58.5670583870337,13.3929999968285,23.8799249583045,0,0,26036.0876677112,25664.3785987479,4036.00159740671,8429.36734956527,1982.91858803626,3501.81287366758,0,0,1000.34729815297,986.066556105885,156.55174207011,327.358341156634,77.4436207355226,136.924235325606,0,0,0,0,7.40212221243118,15.8076821784036,4.00259232243419,7.09790252746034,0,0,0,0,0,0,0,0,0,0,242.674234112927,251.228363242887,105.348372913247,229.358067191205,85.2314083181653,158.233471973168,0,0,9.32393133913897,9.65259556591053,4.04448269554904,8.80338933213163,3.26645359507017,6.0626873257199,0,0,366.263070937653,378.034689647974,236.700119131111,536.478193721493,216.138553606567,407.176299496822,0,0,14.0724112310671,14.5246975077596,9.08698150382126,20.5910596392501,8.28466747995725,15.60314156232,0,0,0,0,33.9056286104403,80.763443134381,29.2621001242553,55.499925192869,0,0,0,0,0,0,0,0,0,0,200.517590524061,112.469889364432,118.517403174134,113.070718028651
"84",1996,490,6.91666666666667,4011.11912701432,3625.59481599118,708.59612712046,1343.39097163253,270.793991550531,432.315391834588,0,0,0,0,0,0,0,0,0,0,0,0,1.13825812235799,2.21031406934465,0.513912213338389,0.824941524832045,0,0,0,0,0,0,0,0,0,0,5054.4513983782,4922.22953220911,736.054506105033,1538.48173793898,354.377860093821,632.717409500253,0,0,194.200105649007,189.119930105646,28.3697596831478,59.3058476849599,13.6616547708091,24.392319970666,0,0,25956.1661582775,25536.9239275414,4055.86129308623,8472.27036430316,2008.01176539587,3550.42933091352,0,0,997.276596782436,981.169542507029,157.3296269357,329.044214429455,78.4280153620037,138.834001961737,0,0,0,0,7.45352536088747,15.9206394790909,4.05830700743217,7.20544356519711,0,0,0,0,0,0,0,0,0,0,243.225202643259,251.394103543922,106.58435001939,232.140664972038,86.8842265260939,161.532505805272,0,0,9.34510044149339,9.65896357201197,4.09197627383542,8.91028247526826,3.32985292313444,6.18919455583995,0,0,364.192291790779,375.326234773785,238.497927401789,540.795496222742,219.224031622317,413.597950345088,0,0,13.9928486184957,14.4206343361444,9.15605705566781,20.756875976816,8.40300769185817,15.8493489343434,0,0,0,0,34.2835722482059,81.7185632288125,29.7509432961662,56.5051266333232,0,0,0,0,0,0,0,0,0,0,203.178305931521,113.583061695887,121.487349307509,115.475494698084
"85",1997,490,7,3994.93353113286,3605.25214134594,711.747307311264,1349.31631003545,272.415110153317,435.211352921651,0,0,0,0,0,0,0,0,0,0,0,0,1.14295381628142,2.21960493270627,0.517385207489867,0.831102857237185,0,0,0,0,0,0,0,0,0,0,5072.42463685799,4930.88606499175,744.565903855487,1557.00967775765,361.201040105548,645.881408202861,0,0,194.890666213651,189.452527938416,28.6979716399349,60.0204067157265,13.9246962000468,24.8998078278712,0,0,25878.1562701962,25412.2728238279,4073.97394399539,8512.29337842538,2031.83763160881,3597.46013138372,0,0,994.279342872647,976.380246472494,158.039764474897,330.618292742757,79.3630068275229,140.681975960246,0,0,0,0,7.50168193808743,16.027998547468,4.11160892310788,7.31005669824039,0,0,0,0,0,0,0,0,0,0,243.581061794959,251.408909641674,107.710905162978,234.746123511764,88.4044503822282,164.662186048627,0,0,9.35877313021278,9.65953244460112,4.13527110202451,9.01038154230642,3.3881734406764,6.30921891825596,0,0,362.136374548335,372.658936967477,240.174904978868,544.893007208957,222.177248291395,419.850818843875,0,0,13.913857023565,14.3181524849695,9.22049640154311,20.9142625383392,8.51628315615101,16.0890985180954,0,0,0,0,34.6479435476098,82.6488938265809,30.2238219631098,57.4911496643834,0,0,0,0,0,0,0,0,0,0,206.118920417483,114.909954945044,124.81337181373,118.386877857668
"86",1997,490,7.08333333333333,3978.87489260997,3585.14962890033,714.754828961599,1354.97985081108,274.002815062383,438.053787188962,0,0,0,0,0,0,0,0,0,0,0,0,1.14770362197888,2.22896391474126,0.520778916388509,0.837142371538469,0,0,0,0,0,0,0,0,0,0,5090.42475592499,4939.53309761005,753.06262582086,1575.51509773066,368.071578279142,659.170884346569,0,0,195.582259573442,189.78476075968,29.0256194671004,60.7341043966997,14.1895670177104,25.4121394456867,0,0,25800.7214165884,25288.6544828021,4091.54790893134,8551.22422939372,2055.58114799997,3644.4771898726,0,0,991.304182607902,971.630630846672,158.72902296329,332.150047893925,80.2948698519981,142.529614003554,0,0,0,0,7.54879269039358,16.133303426595,4.16487129731159,7.41489706521895,0,0,0,0,0,0,0,0,0,0,243.962968198302,251.442505024279,108.84176517215,237.358483417423,89.952024643327,167.845181975395,0,0,9.37344659583861,9.66082323157895,4.17873273127264,9.11074920573016,3.44754493931541,6.43129192466237,0,0,360.099760910506,370.020607523206,241.819939021524,548.925236333203,225.124314167946,426.115209721288,0,0,13.8356071034787,14.2167836446585,9.28371255456914,21.0691510846035,8.62932786517552,16.329299956515,0,0,0,0,35.0087855308782,83.5723884118954,30.698117245123,58.482750899168,0,0,0,0,0,0,0,0,0,0,209.072797147752,116.243823713438,128.197156447705,121.358061047755
"87",1997,490,7.16666666666667,3962.87695954215,3565.24317431669,717.587094932614,1360.32310659147,275.560368180645,440.84600957858,0,0,0,0,0,0,0,0,0,0,0,0,1.15245954629391,2.2383052065426,0.524106844960202,0.843076260879536,0,0,0,0,0,0,0,0,0,0,5108.47774378043,4948.19080735187,761.561137522165,1594.02649812868,374.999916747727,672.601864262422,0,0,196.275884236631,190.117403813104,29.3533366500087,61.4480368604186,14.4566690312797,25.9299313788518,0,0,25723.7916425368,25165.9815761357,4108.62925828795,8589.1316525392,2079.27505770155,3691.52139889109,0,0,988.348428209032,966.917340335276,159.399182464923,333.642134183434,81.2248814031139,144.378512049706,0,0,0,0,7.59495985182091,16.2367106323684,4.21816078369464,7.52005019150195,0,0,0,0,0,0,0,0,0,0,244.375069499779,251.498196031689,109.97905215187,239.981208062227,91.5287267486735,171.08434471797,0,0,9.38928019756365,9.66296296781539,4.22244263048718,9.21151839219681,3.50803551557145,6.55552278489295,0,0,358.082929788727,367.41024690091,243.436270681936,552.896263206914,228.070558877794,432.397510836254,0,0,13.7581172587822,14.1164894112825,9.34582994641397,21.2216982508589,8.74234616852361,16.570198246118,0,0,0,0,35.3662833147142,84.4892790801855,31.1742692847899,59.4805120830844,0,0,0,0,0,0,0,0,0,0,212.031487505464,117.577930248209,131.629563543686,124.374752886637
"88",1997,490,7.25,3946.93481666624,3545.52637368917,720.247719011106,1365.35178779984,277.085838053929,443.5851377474,0,0,0,0,0,0,0,0,0,0,0,0,1.15717299354996,2.24754443053239,0.52737078449476,0.848906432245151,0,0,0,0,0,0,0,0,0,0,5126.60563147242,4956.88179932004,770.063805321609,1612.54960017616,381.988881373018,686.179829741781,0,0,196.972386671318,190.451325622888,29.6812141086674,62.1624236744211,14.7261105636316,26.4533939006836,0,0,25647.3472741953,25044.2308097968,4125.22586479142,8626.02886702501,2102.91297781074,3738.58168270748,0,0,985.411323776293,962.239479944197,160.050541154286,335.095047749575,82.152789929991,146.22823321651,0,0,0,0,7.64021097368433,16.3382593018498,4.27146545935645,7.62549675841135,0,0,0,0,0,0,0,0,0,0,244.814794264117,251.574149723444,111.12153745812,242.612349484501,93.131831814868,174.376184920539,0,0,9.40617513674107,9.66588122880628,4.26635364466151,9.31261436472707,3.56954072945389,6.68177780301453,0,0,356.086245655962,364.827444268656,245.024140552933,556.80525611897,231.01653325805,438.69745117769,0,0,13.6814014931125,14.0172540000207,9.40685779246351,21.371872110034,8.85535922550753,16.8117831741181,0,0,0,0,35.7202981513792,85.3992186821624,31.6521294746457,60.4841701448219,0,0,0,0,0,0,0,0,0,0,214.995341542158,118.912386818545,135.111255252411,127.437509661133
"89",1997,490,7.33333333333333,3931.04426595555,3525.99350187434,722.740322213214,1370.07167342789,278.577420041303,446.268460095421,0,0,0,0,0,0,0,0,0,0,0,0,1.16180466195419,2.25661287503872,0.530571265561552,0.854633117675837,0,0,0,0,0,0,0,0,0,0,5144.82608757138,4965.62423050195,778.572336151503,1631.08858627838,389.040781756166,699.909335039447,0,0,197.672445732234,190.787223809525,30.009317445386,62.8774253498929,14.9979801531591,26.9827017309363,0,0,25571.3719827423,24923.3823473129,4141.3458090085,8661.92969618085,2126.48895154623,3785.64762058283,0,0,982.492241931045,957.596287524294,160.68340550963,336.50930859285,83.0783602867297,148.078365775311,0,0,0,0,7.68457162254181,16.4379870999087,4.32477467778251,7.73121933968106,0,0,0,0,0,0,0,0,0,0,245.27989891524,251.668783110826,112.268256050523,245.250403408796,94.7591754831074,177.717963951611,0,0,9.42404521159778,9.66951719359311,4.3104287414655,9.41397942276812,3.63197763887428,6.80995208004841,0,0,354.110073872482,362.271903567331,246.583737141609,560.651472890475,233.962430465008,445.014369723409,0,0,13.6054738441979,13.9190660358078,9.46680330770651,21.5196441659706,8.96837447692297,17.0540295614559,0,0,0,0,36.0707018890056,86.3018796565644,32.1315497989728,61.4934616129728,0,0,0,0,0,0,0,0,0,0,217.964679562476,120.24729645529,138.642825882677,130.546847778517
"90",1997,490,7.41666666666667,3915.20167003091,3506.63936514956,725.068518024215,1374.48857890175,280.033422599105,448.893417009777,0,0,0,0,0,0,0,0,0,0,0,0,1.16632253106426,2.26545418484337,0.533707953700121,0.860255389470093,0,0,0,0,0,0,0,0,0,0,5163.15343119405,4974.43284394347,787.087943912895,1649.64647461562,396.157506638496,713.794183924093,0,0,198.376611582741,191.125664824412,30.3376933293225,63.5931577106332,15.2723502069689,27.5180008178815,0,0,25495.8520086716,24803.4190124214,4156.99729049223,8696.84836498772,2149.99738150597,3832.70933772613,0,0,979.59065401179,952.98710313595,161.298086863968,337.885452724842,84.0013711628186,149.928518952178,0,0,0,0,7.72806568766481,16.5359302696314,4.37807874834049,7.83720191143557,0,0,0,0,0,0,0,0,0,0,245.768405696633,251.780712691659,113.418432497716,247.894178606618,96.4090117935368,181.107501863645,0,0,9.44281443357283,9.67381770580934,4.35463816956957,9.51556788581697,3.69527934907419,6.93996214823213,0,0,352.154761270553,359.743404573422,248.115221314029,564.434271979869,236.908192375861,451.347340437706,0,0,13.5303476378911,13.8219170573034,9.5256726457409,21.6649897813081,9.08138972626926,17.2969020591335,0,0,0,0,36.4173755694233,87.1969516830954,32.6123827993895,62.5081224981297,0,0,0,0,0,0,0,0,0,0,220.939797161163,121.582754602215,142.224819429273,133.703254571389
"91",1997,490,7.5,3899.40389262585,3487.45924503853,727.235904878321,1378.60834145923,281.452264613082,451.457597437887,0,0,0,0,0,0,0,0,0,0,0,0,1.17070102530382,2.27402298277181,0.536779812244907,0.865771374660516,0,0,0,0,0,0,0,0,0,0,5181.59903073958,4983.31937899725,795.611414580609,1668.22526553689,403.340559673649,727.837494840386,0,0,199.085321014916,191.467099712251,30.6663719943439,64.3096975080068,15.5492783698625,28.0594108329155,0,0,25420.7758554588,24684.3259731182,4172.18858802874,8730.79941307206,2173.43300792058,3879.75746915818,0,0,976.706118304345,948.411356909722,161.894899870066,339.224028812112,84.9216142484259,151.778321537902,0,0,0,0,7.77071550814158,16.6321236585594,4.4313688096207,7.94342965691863,0,0,0,0,0,0,0,0,0,0,246.278578090557,251.908734307722,114.571452989557,250.542747316599,98.0799550320253,184.543098413039,0,0,9.46241608288405,9.67873649977004,4.39895838360291,9.6173441892212,3.75939278226064,7.07174294152888,0,0,350.220628426783,357.241787187214,249.618734954321,568.153115603631,239.853553995826,457.695225964212,0,0,13.4560351912599,13.72580091322,9.58347123139157,21.8078882978271,9.19439484315206,17.5403572084609,0,0,0,0,36.7602090219209,88.0841411040343,33.0944816226345,63.527888284067,0,0,0,0,0,0,0,0,0,0,223.920967156065,122.918849749155,145.857736379218,136.907192481265
"92",1997,490,7.58333333333333,3883.64821083776,3468.44881600699,729.24605711107,1382.43680086544,282.832468199606,453.958729274724,0,0,0,0,0,0,0,0,0,0,0,0,1.17491982369466,2.28228290319881,0.539785324865264,0.871178547067099,0,0,0,0,0,0,0,0,0,0,5200.17187905102,4992.29315819339,804.14320193468,1686.8261583272,410.591117084125,742.041806920493,0,0,199.79891954817,191.811886659559,30.9953709124302,65.0270907362864,15.8288097321253,28.6070292312392,0,0,25346.133847632,24566.090288417,4186.9280073771,8763.79757584436,2196.79087002204,3926.78309659302,0,0,973.838263062226,943.868551632097,162.47416047328,340.525593572108,85.8388927487681,153.627419459271,0,0,0,0,7.81254206266947,16.7266007712538,4.48463664880818,8.04988868948766,0,0,0,0,0,0,0,0,0,0,246.808883960624,252.051793432908,115.726824542466,253.195373563071,99.7708979897586,188.023422292236,0,0,9.48279129240721,9.68423305889539,4.44337047737,9.71928013144759,3.82427554264306,7.2052435468321,0,0,348.307960844417,354.766930688621,251.094413011955,571.807571482612,242.798103141516,464.056747231067,0,0,13.3825474737981,13.630712965298,9.64020422341511,21.9483231042069,9.30737405254022,17.784346111903,0,0,0,0,37.0991000695089,88.9631696291202,33.5777000279599,64.5524938804039,0,0,0,0,0,0,0,0,0,0,226.908442591882,124.255664404971,149.542043471457,140.15910502115
"93",1997,490,7.66666666666667,3867.9322518381,3449.6040860892,731.102518506198,1385.97978551445,284.172653459018,456.394672558264,0,0,0,0,0,0,0,0,0,0,0,0,1.1789629644319,2.29020510403903,0.542722651541106,0.876473933806896,0,0,0,0,0,0,0,0,0,0,5218.87901066708,5001.36151365039,812.683496410143,1705.44970831643,417.91007171309,756.409159977066,0,0,200.517677460729,192.160307378052,31.3246974358575,65.7453586598795,16.1109785163614,29.1609343158322,0,0,25271.9178093269,24448.7005784935,4201.2238439511,8795.85769881197,2220.06627702364,3973.77770143675,0,0,970.986774156234,939.358250071908,163.036184463273,341.790708453815,86.7530202694694,155.475473972653,0,0,0,0,7.85356512144896,16.8193938322928,4.53787457305048,8.15656585524779,0,0,0,0,0,0,0,0,0,0,247.357967385165,252.208962754031,116.884146749163,255.851463926372,101.480952659056,191.547430617277,0,0,9.50388796546872,9.69027175432946,4.48785909878532,9.82135298337837,3.88989364182713,7.34042411550043,0,0,346.417004421458,352.318739760077,252.542390811241,575.397310629538,245.741322524488,470.430532243836,0,0,13.3098939333023,13.5366495512836,9.69587679517326,22.0862815514801,9.42030754892765,18.0288163052897,0,0,0,0,37.4339539299699,89.8337733715633,34.0618924150085,65.5816736233882,0,0,0,0,0,0,0,0,0,0,229.902459063525,125.593275838858,153.27818055923,143.459420917142
"94",1997,490,7.75,3852.25394427323,3430.92135121324,732.80879776942,1389.24310227019,285.471534097746,458.76341397915,0,0,0,0,0,0,0,0,0,0,0,0,1.18281812217582,2.29776705618737,0.545589741440621,0.881654266729263,0,0,0,0,0,0,0,0,0,0,5237.7258230673,5010.53011638351,821.232276791008,1724.09594625217,425.298069063929,770.941158798469,0,0,201.241802132389,192.512579757206,31.6543507813555,66.4645023934038,16.3958094575757,29.7211877001571,0,0,25198.1208160297,24332.1467693388,4215.08435576343,8826.99467401913,2243.25478442101,4020.73312705375,0,0,968.151385536022,934.880065169505,163.581286422159,343.019937173229,87.6638199075872,157.322160216165,0,0,0,0,7.89380338031921,16.9105338656203,4.59107531352549,8.26344858653529,0,0,0,0,0,0,0,0,0,0,247.924625357166,252.379423937476,118.043091705285,258.510533097278,103.209404953493,195.11430746891,0,0,9.52565988062026,9.6968211443858,4.53241167880345,9.92354416523043,3.95621976199013,7.47725350561308,0,0,344.547964059412,349.897134924273,253.962808060664,578.922101780443,248.682620610626,476.815151516999,0,0,13.2380824424188,13.4436076175309,9.75049428851554,22.2217547394446,9.53317267994286,18.2737131172762,0,0,0,0,37.7646827127982,90.6957020419438,34.5469138671441,66.6151613194798,0,0,0,0,0,0,0,0,0,0,232.903236675584,126.931756693756,157.066565640383,146.808557081389
"95",1997,490,7.83333333333333,3836.61147685561,3412.39715635849,734.36836477631,1392.23252783561,286.727913435369,461.063061947593,0,0,0,0,0,0,0,0,0,0,0,0,1.18647598637855,2.30495149936367,0.548384426167054,0.88671610796868,0,0,0,0,0,0,0,0,0,0,5256.71635092275,5019.80325709644,829.789354337258,1742.76448080651,432.75553950047,785.639030462355,0,0,201.971448581663,192.868868652719,31.9843237239657,67.1845068349133,16.6833190363786,30.287836503649,0,0,25124.736982263,24216.4198747236,4228.51774077456,8857.22338616422,2266.3521728089,4067.64154518837,0,0,965.331871072657,930.433651659479,164.109778842844,344.213843622577,88.5711234395453,159.167165922157,0,0,0,0,7.93327457840153,17.0000507687042,4.64423194539695,8.37052477956466,0,0,0,0,0,0,0,0,0,0,248.507787280316,252.562451716728,119.203387094833,261.172175082938,104.955676458023,198.723411930526,0,0,9.54806590384392,9.70385336316465,4.57701778169848,10.0258381405463,4.02323178866219,7.61570728846529,0,0,342.701003327044,347.502044913339,255.355811961568,582.381805532643,251.621356904149,483.209146591341,0,0,13.1671192857236,13.3515844258136,9.80406233302738,22.3547372916735,9.64594491604656,18.5189807634344,0,0,0,0,38.091204966857,91.5487182210388,35.0326201959295,67.6526902983799,0,0,0,0,0,0,0,0,0,0,235.910981777152,128.271175524671,160.907599045866,150.206921061728
"96",1997,490,7.91666666666667,3821.00326508074,3394.02826431857,735.784647832681,1394.9538021037,287.940680892285,463.29184237016,0,0,0,0,0,0,0,0,0,0,0,0,1.18992974697532,2.3117455732157,0.551104489987226,0.891655945582152,0,0,0,0,0,0,0,0,0,0,5275.85348697369,5029.1840726834,838.35440756585,1761.4545803043,440.282725631094,800.503672544199,0,0,202.70672795226,193.229294589082,32.3146039323651,67.9053438022041,16.9735165278419,30.8609151985294,0,0,25051.7612901232,24101.5118199408,4241.53211973234,8886.5586707081,2289.35442982194,4114.49542770365,0,0,962.528037970753,926.018699298563,164.621971459572,345.372990242843,89.4747706296251,161.010190335164,0,0,0,0,7.97199560089897,17.0879733875719,4.69733782591019,8.4777827000937,0,0,0,0,0,0,0,0,0,0,249.106497501553,252.757400521082,120.364803355522,263.836041736076,106.719294138651,202.37423694015,0,0,9.57106931742491,9.71134360680693,4.62166861204239,10.1282215914115,4.09091164875581,7.75576616982627,0,0,340.876245447617,345.133401247902,256.721558967138,585.776367652894,254.556861057779,489.611051158435,0,0,13.0970091976547,13.2605773450443,9.85658691341214,22.485227098547,9.75859858337657,18.7645631566019,0,0,0,0,38.413445286691,92.3925967278918,35.5188679923127,68.6939934872372,0,0,0,0,0,0,0,0,0,0,238.925888457723,129.611597255971,164.801666642158,153.654912871718
"97",1998,490,8,3805.50323256667,3375.81835567868,737.153792211815,1397.60593726308,289.094390834229,465.440906908208,0,0,0,0,0,0,0,0,0,0,0,0,1.1931472042516,2.31812646428733,0.553719890477663,0.896456119388579,0,0,0,0,0,0,0,0,0,0,5295.18126208819,5038.76937268214,846.845733026679,1780.05769946008,447.857088779498,815.522714207211,0,0,203.449331980543,193.597577143551,32.6420495561143,68.622840849071,17.2655330122737,31.4399468304901,0,0,24979.4253077796,23987.83277501,4253.85365988675,8914.686091794,2312.14163630339,4161.2223276672,0,0,959.74878344475,921.650967476146,165.107298970699,346.485257158373,90.3700710612464,162.848392155841,0,0,0,0,8.0097752447138,17.1741851147929,4.75014828349237,8.58507671483278,0,0,0,0,0,0,0,0,0,0,249.701598639345,252.960828979851,121.514865517352,266.493354492646,108.483722358247,206.056834135678,0,0,9.59393406418409,9.71915965234663,4.66588517443465,10.230357560769,4.15862552785722,7.89704903077095,0,0,339.076380425576,342.797907890887,258.049358455539,589.09400670692,257.47544907285,496.011691414718,0,0,13.0278555324778,13.1708439522014,9.90765743250644,22.6127716398704,9.87060912098278,19.0101088228591,0,0,0,0,38.7303592513533,93.2263880932364,36.0037104045544,69.7377178268816,0,0,0,0,0,0,0,0,0,0,241.971189248502,130.960373752098,168.779417765072,157.172086367959
"98",1998,490,8.08333333333333,3790.47037466375,3357.80270156844,738.91146500455,1401.09643815675,290.126122754439,467.483072614223,0,0,0,0,0,0,0,0,0,0,0,0,1.19611383300393,2.32424168531789,0.55609918288033,0.901049018237837,0,0,0,0,0,0,0,0,0,0,5314.84514921609,5048.94854370266,854.884110565079,1798.06774510077,455.359009097714,830.615539358143,0,0,204.204849969881,193.988677172376,32.9520749090566,69.3175398974575,17.554758341949,32.0218258085357,0,0,24908.8698209253,23877.3622132551,4264.19057566028,8940.11474590729,2334.1556562997,4207.50382064152,0,0,957.037938280208,917.406510729308,165.515922753439,347.493202489135,91.2352084192541,164.669307687053,0,0,0,0,8.04540429069267,17.2576687351049,4.80151882125502,8.69174919630971,0,0,0,0,0,0,0,0,0,0,250.213105597535,253.161129734999,122.59557849309,269.098846651609,110.177873056912,209.728322032492,0,0,9.61358698904115,9.72685552652384,4.70744040718566,10.3305079868297,4.22364829323979,8.03791250526262,0,0,337.311548919082,340.528723897193,259.287003498395,592.284596972942,260.311010583387,502.37470438397,0,0,12.9600479104587,13.083658271214,9.95526884357307,22.7354455711181,9.97944209073223,19.2542241637661,0,0,0,0,39.0373027316581,94.0465673204177,36.4784099824606,70.7784718723332,0,0,0,0,0,0,0,0,0,0,245.155129354967,132.351923421015,172.983274662111,160.849390838096
"99",1998,490,8.16666666666667,3775.47607245415,3339.94585112806,740.524883809724,1404.31459516412,291.121253072938,469.463056881591,0,0,0,0,0,0,0,0,0,0,0,0,1.1990454944419,2.33027782964625,0.558403101932964,0.905516867467498,0,0,0,0,0,0,0,0,0,0,5334.57301930524,5059.14617172504,862.937430272984,1816.10173196145,462.910015249375,845.846084825621,0,0,204.96282628691,194.380486348729,33.2626706996891,70.0131556530633,17.8458780658642,32.6090177422245,0,0,24838.7654669579,23767.7222245831,4274.18008135034,8964.76625923644,2356.05048809472,4253.70164176536,0,0,954.3444262705,913.193965941432,165.91098021782,348.470825273757,92.0957414871203,166.487089428572,0,0,0,0,8.07995267639414,17.3390767688793,4.85278793242184,8.79853990120442,0,0,0,0,0,0,0,0,0,0,250.749455711788,253.375629130988,123.677246588106,271.698102234311,111.896294793099,213.443878116221,0,0,9.63419442753492,9.73509693520366,4.74903374665192,10.4304226253799,4.28960433114543,8.18047124804845,0,0,335.566015154949,338.288089921897,260.495621653899,595.417552620475,263.135307686246,508.744217944003,0,0,12.8929817380873,12.9975695276505,10.0017687163903,22.8559148172722,10.0878485534849,19.4986005013189,0,0,0,0,39.3397044408455,94.8570745000157,36.9530818300113,71.8222286783634,0,0,0,0,0,0,0,0,0,0,248.34574569139,133.744614130933,177.240642375251,164.578357095766
"100",1998,490,8.25,3760.51818812418,3322.24407581806,741.997423305727,1407.26606135564,292.078613519209,471.379014708932,0,0,0,0,0,0,0,0,0,0,0,0,1.20190891281145,2.33617368685538,0.560633023163246,0.909861144518982,0,0,0,0,0,0,0,0,0,0,5354.37442573217,5069.37285224169,871.004873920792,1834.15944085886,470.511520498896,861.217568533059,0,0,205.723627987633,194.773411768372,33.57380594828,70.7096802074182,18.1389462542578,33.2016459683112,0,0,24769.1017620753,23658.899234052,4283.82895304076,8988.65314071134,2377.82271959056,4299.80857716592,0,0,951.667844611764,909.012811541417,166.292730762084,349.418600668351,92.9515330392039,168.301448341804,0,0,0,0,8.11351421828057,17.4185496540333,4.90394276106397,8.90542894219169,0,0,0,0,0,0,0,0,0,0,251.308586378634,253.603206742222,124.759906416275,274.292353209026,113.636601526328,217.201560348815,0,0,9.65567713114815,9.74384082984259,4.79066661736444,10.5301488162654,4.35640218571804,8.32465086740791,0,0,333.840469820975,336.075626041088,261.675539748076,598.491158011528,265.949119990956,515.118975538787,0,0,12.8266835526962,12.9125631242259,10.0471695339148,22.9741133977621,10.195858389813,19.7431897514814,0,0,0,0,39.6374549487853,95.6576379061252,37.4275820251185,72.8687124542998,0,0,0,0,0,0,0,0,0,0,251.543341386718,135.138520827621,181.552043373522,168.359359418379
"101",1998,490,8.33333333333333,3745.5948930809,3304.69393860858,743.332426787512,1409.95647304762,292.997127700521,473.22922859435,0,0,0,0,0,0,0,0,0,0,0,0,1.20467735956977,2.34187970245908,0.562789482757158,0.914082172845855,0,0,0,0,0,0,0,0,0,0,5374.25708781773,5079.63726490696,879.085472720151,1852.24005391309,478.164656999827,876.732592234743,0,0,206.487551660702,195.167786917505,33.8854438410746,71.4070825994788,18.4340062154434,33.7998102108516,0,0,24699.86966509,23550.881177696,4293.14392862102,9011.78797591907,2399.46919560306,4345.8178295592,0,0,949.00784592766,904.862584012301,166.661432516358,350.337007225233,93.8024558035778,170.112111449498,0,0,0,0,8.14616823391296,17.4962075880294,4.95497292054391,9.01239955339811,0,0,0,0,0,0,0,0,0,0,251.888667045507,253.842881727714,125.843566046758,276.882612717263,115.39686979744,220.999860148665,0,0,9.67796476712988,9.75304952496107,4.83233934874428,10.6297254994448,4.42396814199721,8.4703936045793,0,0,332.135482005757,333.890970522168,262.827152295128,601.504186737952,268.752871542547,521.497553050258,0,0,12.7611752195824,12.8286251625944,10.09148638134,23.0899941164879,10.3034878442368,19.9879373916475,0,0,0,0,39.9304637840109,96.4480171513052,37.9017670714577,73.9176470594403,0,0,0,0,0,0,0,0,0,0,254.74819468112,136.533712655804,185.917952591955,172.192762746659
"102",1998,490,8.41666666666667,3730.70462563804,3287.2922552812,744.533200937401,1412.39143878227,293.875807285656,475.012103805316,0,0,0,0,0,0,0,0,0,0,0,0,1.20732952442261,2.34735603048504,0.564872409050306,0.918179434382992,0,0,0,0,0,0,0,0,0,0,5394.22718248416,5089.94647581652,887.17815651727,1870.34229585256,485.870300168144,892.393213046556,0,0,207.254834633348,195.563883286824,34.1975436229538,72.1053142426408,18.7310914252719,34.4035893172001,0,0,24631.0613483271,23443.6572679518,4302.13168226414,9034.18335926763,2420.98699440387,4391.72297613578,0,0,946.364129466926,900.742868878549,167.017341348944,351.226524264541,94.6483915634565,171.918820222665,0,0,0,0,8.17798201181634,17.5721538123868,5.00586992041943,9.11943736133786,0,0,0,0,0,0,0,0,0,0,252.488070771883,254.093793267633,126.928207402526,279.469699504782,117.175545374937,224.837604481107,0,0,9.70099482582885,9.76268994648428,4.87405126652336,10.7291841518849,4.49224264579965,8.61765457720989,0,0,330.451508933243,331.733774502304,263.950902452427,604.455816675594,271.546719612507,527.878429904081,0,0,12.6964743060243,12.7457422388874,10.1347362148686,23.2035253009598,10.4107429307102,20.2327851901671,0,0,0,0,40.2186565851061,97.2279991472817,38.3754944187184,74.9687566270283,0,0,0,0,0,0,0,0,0,0,257.960561610046,137.930253658009,190.338806457468,176.078925123796
"103",1998,490,8.5,3715.84604949843,3270.03605579005,745.603013855014,1414.57653307596,294.713745835118,476.726160380119,0,0,0,0,0,0,0,0,0,0,0,0,1.20984844057552,2.35257065696614,0.566881312963227,0.922151829261102,0,0,0,0,0,0,0,0,0,0,5414.28962152315,5100.30622701168,895.281791896768,1888.46455407186,493.629099417194,908.201021410261,0,0,208.025665624462,195.961921494737,34.5100620658494,72.8043135389438,19.0302267010841,35.013044241778,0,0,24562.6699782846,23337.2177666775,4310.79880995765,9055.85184656631,2442.37340006059,4437.51792099445,0,0,943.73643267598,896.653291985067,167.360710293307,352.087630019529,95.4892300937471,173.721328754814,0,0,0,0,8.2090131677141,17.6464778099899,5.05662667773298,9.22652976135917,0,0,0,0,0,0,0,0,0,0,253.105343540409,254.355180479811,128.013790166231,282.054267293125,118.971358910189,228.713870151539,0,0,9.72471144157806,9.77273286010223,4.9158008421226,10.8285499142074,4.56117706891594,8.76639849067843,0,0,328.788909441208,329.60369820599,265.047265781667,607.345547971676,274.330629842988,534.260042696458,0,0,12.6325945991467,12.6639012983857,10.1769372379728,23.3146876536789,10.5176223146642,20.4776732652489,0,0,0,0,40.5019723127513,97.9973939645383,38.8486228025442,76.0217659991879,0,0,0,0,0,0,0,0,0,0,261.180679041779,139.328203528844,194.815010981302,180.018199584423
"104",1998,490,8.58333333333333,3701.01803480609,3252.92256673159,746.545092796906,1416.51729160455,295.510117336017,478.370031682694,0,0,0,0,0,0,0,0,0,0,0,0,1.21222092474262,2.35749842087313,0.568815386994845,0.925997812407433,0,0,0,0,0,0,0,0,0,0,5434.44818743029,5110.72107969438,903.395201281241,1906.60493984857,501.441493597701,924.157179688461,0,0,208.800189963573,196.362076789919,34.8229542048114,73.5040082316553,19.3314287909488,35.6282195222344,0,0,24494.6896071364,23231.553872801,4319.15181968107,9076.80592660483,2463.62589024118,4483.1968741078,0,0,941.124527030316,892.59351518049,167.691789164458,352.920800535592,96.3248686958885,175.519402959225,0,0,0,0,8.23931086269092,17.7192569651705,5.10723727060078,9.33366560123896,0,0,0,0,0,0,0,0,0,0,253.739188653279,254.626372046291,129.100254598554,284.636821737847,120.783282048323,232.627938990074,0,0,9.74906479317871,9.78315247270523,4.95758580042999,10.9278422409679,4.63073202572364,8.91659791825465,0,0,327.147951471222,327.500409573592,266.116741147441,610.173158931948,277.104415318301,540.640813491862,0,0,12.5695463936972,12.5830895828263,10.2181085517485,23.4234725584331,10.6241188115587,20.7225411713076,0,0,0,0,40.780361869607,98.7560328739681,39.3210124985783,77.0764010432834,0,0,0,0,0,0,0,0,0,0,264.408766168561,140.727617986402,199.34694567331,184.010934900991
"105",1998,490,8.66666666666667,3686.21963201444,3235.94918715219,747.36262262099,1418.21920666234,296.264172441207,479.942459764597,0,0,0,0,0,0,0,0,0,0,0,0,1.21443687278556,2.36211977908342,0.570673623953735,0.929715556775118,0,0,0,0,0,0,0,0,0,0,5454.7057116501,5121.19460098143,911.517186182747,1924.76136495492,509.307733284704,940.262476350404,0,0,209.578516439308,196.764486226701,35.136174234676,74.2043183504365,19.6347072251869,36.2491453533391,0,0,24427.1150307721,23126.6575755417,4327.19712226202,9097.05799047232,2484.74211769189,4528.75431983021,0,0,938.528212580149,888.563230677722,168.010824196459,353.726508471109,97.1552114873268,177.312819362616,0,0,0,0,8.26891734173772,17.7905586666345,5.15769663456052,9.44083479298561,0,0,0,0,0,0,0,0,0,0,254.388445867111,254.906772702469,130.18752454414,287.217741287761,122.610473289363,236.579243327691,0,0,9.77401030222875,9.79392591327499,4.99940323481118,11.0270757007587,4.7008752967074,9.0682312087157,0,0,325.528822378923,325.423582468109,267.159840286426,612.938651114754,279.867783459027,547.019181176385,0,0,12.5073368881833,12.5032945615035,10.2582697541157,23.5298799721084,10.7302211853725,20.9673291027101,0,0,0,0,41.053786285624,99.5037656632114,39.7925255594466,78.1323889648271,0,0,0,0,0,0,0,0,0,0,267.645026560285,142.128549273578,203.934968545577,188.057476569694
"106",1998,490,8.75,3671.45005280951,3219.11347088056,748.058744753039,1419.68772389761,296.975235595205,481.44229197441,0,0,0,0,0,0,0,0,0,0,0,0,1.21648873236066,2.36641987536613,0.572454898004025,0.933303066186755,0,0,0,0,0,0,0,0,0,0,5475.06420609971,5131.72950275775,919.646542074973,1942.93159488215,517.227899474454,956.517368761105,0,0,210.360722352741,197.169254000038,35.4496760844753,74.9051582584282,19.9400650309806,36.8758392248265,0,0,24359.9416834454,23022.5215450054,4334.94102591216,9116.62031096605,2505.71989578289,4574.18499289716,0,0,935.947313902655,884.56215685041,168.318057823715,354.505222290852,97.9801688480167,179.101364187725,0,0,0,0,8.29786908192327,17.8604418953055,5.20800035369167,9.54802804523636,0,0,0,0,0,0,0,0,0,0,255.052074870847,255.195852727249,131.2755102682,289.79729480574,124.452238801097,240.56732728556,0,0,9.79950799831751,9.8050328290797,5.04124971570709,11.1262606521044,4.77158032533482,9.22128100060124,0,0,323.931637992416,323.37289583979,268.177080416096,615.642207652062,282.620368465815,553.39362109098,0,0,12.4459705329102,12.4245038991715,10.2974406556884,23.6339168241889,10.8359153928461,21.2119786475675,0,0,0,0,41.3222153634687,100.240458625104,40.2630259911209,79.1894585580573,0,0,0,0,0,0,0,0,0,0,270.889649795198,143.531046546938,208.579419582778,192.158167312369
"107",1998,490,8.83333333333333,3656.70865455248,3202.41311211179,748.636556576621,1420.92823989389,297.642702418002,482.868477930326,0,0,0,0,0,0,0,0,0,0,0,0,1.21837107082124,2.37038777251366,0.574158024708747,0.936758260020429,0,0,0,0,0,0,0,0,0,0,5495.52497056387,5142.32775575444,927.782068562978,1961.11328918935,525.201920665199,972.922020361699,0,0,211.146857643679,197.576455828571,35.7634138110713,75.6064382050411,20.2474993854764,37.5083073447964,0,0,24293.1655513697,22919.1390420917,4342.38973313669,9135.50502807793,2526.55718591781,4619.48385798649,0,0,933.381676782174,880.59003477144,168.61372855437,355.257405694556,98.7996569386761,180.884832573162,0,0,0,0,8.326197731101,17.9289585367598,5.25814450370945,9.65523666220783,0,0,0,0,0,0,0,0,0,0,255.729140937927,255.493138984995,132.364111150143,292.37565742858,126.308001444713,244.591816883728,0,0,9.82552196775917,9.81645504149132,5.08312139380858,11.2254038518503,4.84282502987541,9.37573307481192,0,0,322.356451102158,321.348033377883,269.168978630672,618.284158835439,285.361755678964,559.762657819624,0,0,12.3854493561766,12.3467054426647,10.3356410642395,23.7355956950958,10.9411855176283,21.4564332787242,0,0,0,0,41.5856265629271,100.965992884592,40.7323798894701,80.2473404178655,0,0,0,0,0,0,0,0,0,0,274.142812883447,144.935156208512,213.280623386673,196.313347314172
"108",1998,490,8.91666666666667,3641.99492678491,3185.84593292875,749.099111022701,1421.94610016426,298.266037235951,484.220066683365,0,0,0,0,0,0,0,0,0,0,0,0,1.22008020649904,2.37401579494144,0.575781809491146,0.940079041948446,0,0,0,0,0,0,0,0,0,0,5516.08868565182,5152.99068843284,935.922577271796,1979.30403484254,533.229588525364,989.476333994771,0,0,211.936948462219,197.98614275391,36.0773419049502,76.3080656094693,20.5570022150691,38.1465459157595,0,0,24226.7830977921,22816.5038403269,4349.54933874038,9153.72413761068,2547.25208622023,4664.64609155821,0,0,930.831165331427,876.646625209649,168.898070886436,355.983517166755,99.6135972680376,182.663027880838,0,0,0,0,8.35393090791397,17.9961545052225,5.30812552443523,9.7624523806673,0,0,0,0,0,0,0,0,0,0,256.418802175289,255.798207062285,133.453217959197,294.952924405991,128.17727494264,248.652395467281,0,0,9.85201986367911,9.82817624386727,5.12501408724757,11.3245089860783,4.91459081243465,9.53157541123943,0,0,320.803259246321,319.348683301692,270.136047505454,620.864952870811,288.091501187511,566.124874229015,0,0,12.3257732633999,12.2698872128693,10.3728906155542,23.8349336929198,11.0460145221783,21.7006387007864,0,0,0,0,41.8440040405266,101.680262948994,41.2004555535012,81.3057671276288,0,0,0,0,0,0,0,0,0,0,277.404681532942,146.340922196041,218.038891339844,200.523354344737
"109",1999,490,9,3627.25594581005,3169.22560782057,749.546866489245,1422.89456855885,298.862470403196,485.478469822236,0,0,0,0,0,0,0,0,0,0,0,0,1.22165353053537,2.3772633596667,0.57735905189174,0.943228470422303,0,0,0,0,0,0,0,0,0,0,5536.98719382489,5164.00408194487,943.897552263479,1997.16276196588,541.342264171266,1006.142735593,0,0,212.739902566481,198.409294944922,36.3849121271982,76.9969306865808,20.8697825668459,38.7891063924229,0,0,24161.656657215,22715.6109923246,4355.83455833655,9170.03923171098,2567.95281499373,4709.49177417555,0,0,928.328911796232,872.770159681099,169.148648985055,356.635890836893,100.427783239268,184.428897553174,0,0,0,0,8.38129469992342,18.0616679353994,5.35825594043834,9.86930324355071,0,0,0,0,0,0,0,0,0,0,257.15290158153,256.10283586726,134.551935870451,297.497816766969,130.082198053665,252.721394935441,0,0,9.88022514492802,9.839880568711,5.16727736551512,11.4223748702658,4.98772658501185,9.68774751502376,0,0,319.286243172521,317.392846404705,271.075010652689,623.353260015126,290.8266700772,572.457210825335,0,0,12.2674871015433,12.1947408290628,10.4090631871674,23.9307273457939,11.1510567129801,21.9437110208649,0,0,0,0,42.0985749466445,102.381271914983,41.6695809924885,82.3614346438147,0,0,0,0,0,0,0,0,0,0,280.647538799192,147.765780063978,222.813405994137,204.841437083204
"110",1999,490,9.08333333333333,3612.43581064291,3152.3622882673,750.079611148685,1423.92650597464,299.451369232152,486.627676132063,0,0,0,0,0,0,0,0,0,0,0,0,1.22317258051035,2.38018621711658,0.578924297471599,0.946169790358703,0,0,0,0,0,0,0,0,0,0,5558.45802126093,5175.65340427783,951.549749472952,2014.36606517076,549.570162525689,1022.87541265542,0,0,213.564846092061,198.856880538193,36.6800821302569,77.6605953435655,21.1870057355006,39.4342231333424,0,0,24098.6683573487,22617.4706946434,4360.66383431653,9183.21010396491,2588.80078285195,4753.81273761092,0,0,925.908808909836,868.999451556328,169.343157572312,357.166763309177,101.247754279147,186.17429309521,0,0,0,0,8.40803098217138,18.1243694281955,5.40886251483167,9.97538553645508,0,0,0,0,0,0,0,0,0,0,257.960540268577,256.402378560117,135.658510677252,299.971221960572,132.041358934621,256.774397980353,0,0,9.91125592269655,9.85138947700643,5.20984361294242,11.5174991533399,5.06294514311006,9.84331339508075,0,0,317.822930343807,315.49501705482,271.985469805277,625.710924816883,293.589631571587,578.728905231377,0,0,12.2112643037242,12.1218231880433,10.4441431753002,24.0215110352964,11.2571697698932,22.1844709550983,0,0,0,0,42.3506168677846,103.066860182979,42.1422720786037,83.4107839937078,0,0,0,0,0,0,0,0,0,0,283.843127369316,149.22783280068,227.561626240634,209.323263539209
"111",1999,490,9.16666666666667,3597.64219013937,3135.63361552629,750.498818167955,1424.74136689293,299.996716989726,487.704511359545,0,0,0,0,0,0,0,0,0,0,0,0,1.22456711334624,2.38288307089529,0.580407758391585,0.948974007129466,0,0,0,0,0,0,0,0,0,0,5580.02197830881,5187.34722975894,959.231236929904,2031.61307889097,557.847114141989,1039.7457299356,0,0,214.393367806257,199.306176013583,36.9763711326495,78.3259300784624,21.5061208183698,40.0846476676524,0,0,24036.046337939,22520.0281712458,4365.26360657623,9195.82417436966,2609.48180611909,4797.9522269383,0,0,923.502779020026,865.255553046758,169.52860670787,357.675699981375,102.061222736954,187.912651020265,0,0,0,0,8.4336077048567,18.1848990571134,5.45928715363138,10.0814140686932,0,0,0,0,0,0,0,0,0,0,258.77292087797,256.714045364551,136.751099526168,302.435745472912,134.006837668449,260.868215031507,0,0,9.9424688926264,9.86336421307039,5.25187415659368,11.6122859589041,5.13840914241847,10.0004508666574,0,0,316.385378453269,313.616460727877,272.875180851305,628.0006688093,296.345557220508,584.981383924634,0,0,12.1560312819165,12.0496460474356,10.4784288815983,24.109693739705,11.3630182854525,22.4245064636317,0,0,0,0,42.5974987078243,103.740626877972,42.6134271455294,84.4596992154504,0,0,0,0,0,0,0,0,0,0,287.048766065813,150.691629628449,232.367719892453,213.861565877649
"112",1999,490,9.25,3582.87602724143,3119.03866488173,750.807720770892,1425.34488004198,300.498175022647,488.708379001662,0,0,0,0,0,0,0,0,0,0,0,0,1.22582723816939,2.38533195435798,0.581809269032243,0.951640938361914,0,0,0,0,0,0,0,0,0,0,5601.67375814033,5199.08125527074,966.937692131322,2048.89500650086,566.172572512771,1056.7516082898,0,0,215.225263812245,199.75701603844,37.2736138555785,78.9925980360973,21.8271066558487,40.7402999004862,0,0,23973.7917487092,22423.2815468935,4369.64031746313,9207.89449304799,2629.99546540604,4841.90761611134,0,0,921.110866301279,861.538392102666,169.705245787435,358.163203117602,102.868167180867,189.643859594774,0,0,0,0,8.45816773263856,18.2434781883724,5.50951685404586,10.1873695547933,0,0,0,0,0,0,0,0,0,0,259.589984762957,257.036959582042,137.832653694624,304.893492604297,135.979140465933,265.001197692086,0,0,9.97386180141608,9.87577109274353,5.29348234262523,11.7068161688206,5.21413800773443,10.1590968305525,0,0,314.973009697223,311.757980527752,273.742712837433,630.223580150708,299.09293714194,591.21551362567,0,0,12.1017658359851,11.9782402637746,10.5118652750471,24.1953170597999,11.4685443520832,22.6638507669306,0,0,0,0,42.8391405710083,104.40239204533,43.082922934543,85.507930318116,0,0,0,0,0,0,0,0,0,0,290.264513365258,152.157237204293,237.231649613807,218.456687566463
"113",1999,490,9.33333333333333,3568.1381164431,3102.57638788136,751.009457467949,1425.74262391128,300.95545039882,489.638746413037,0,0,0,0,0,0,0,0,0,0,0,0,1.22694563474984,2.38751613048669,0.583128514011374,0.954170123025225,0,0,0,0,0,0,0,0,0,0,5623.40905952928,5210.85218275739,974.66521840147,2066.20408667384,574.54597390904,1073.89127438895,0,0,216.060368850035,200.209273896182,37.5716612702034,79.6603019585412,22.1499414425767,41.4011114912806,0,0,23911.9049636762,22327.2282504308,4373.80001931044,9219.43337170233,2650.34135582769,4885.67624390734,0,0,918.733085124228,857.847869936056,169.873309278337,358.629746776679,103.668566811109,191.367805773468,0,0,0,0,8.48182980989622,18.3002919683334,5.55954186401581,10.2932361752142,0,0,0,0,0,0,0,0,0,0,260.411659196349,257.3703099793,138.905504537143,307.346020604547,137.958688559731,269.171906488583,0,0,10.0054318547712,9.88857894714528,5.33475771231466,11.8011496173426,5.29014790929289,10.3191961917151,0,0,313.585205472683,309.920185861601,274.587165280413,632.380952211331,301.830390352812,597.431764663578,0,0,12.048444198221,11.9076292514572,10.5444177003637,24.2784304869962,11.5736949989328,22.9025218860213,0,0,0,0,43.0754865338968,105.052013492812,43.5506351875624,86.5552249639862,0,0,0,0,0,0,0,0,0,0,293.490426943715,153.62471732645,242.153426717008,223.108969009325
"114",1999,490,9.41666666666667,3553.42915757834,3086.24566060365,751.107084204757,1425.94004840635,301.368297534202,490.495148535928,0,0,0,0,0,0,0,0,0,0,0,0,1.22791703255752,2.38942306783442,0.584365096694172,0.956560932784776,0,0,0,0,0,0,0,0,0,0,5645.22425830193,5222.65739614732,982.410280942771,2083.53339536832,582.966712945202,1091.16314427293,0,0,216.898543673075,200.662849073158,37.8703781558954,80.328776605105,22.4746017855276,42.0670213812068,0,0,23850.385828471,22231.8652530875,4377.74843479003,9230.45251135365,2670.51910046322,4929.25545642497,0,0,916.369429558081,854.183870176665,170.033019039817,359.075781730652,104.46240199149,193.084376862072,0,0,0,0,8.50469327273732,18.3554963108348,5.60935480919774,10.3990007222634,0,0,0,0,0,0,0,0,0,0,261.237862866533,257.71334779281,139.971498749177,309.794469034571,139.94582784648,273.379079672823,0,0,10.0371759285701,9.90175900758372,5.37577119537174,11.8953300960778,5.36645213134877,10.480700664603,0,0,312.221327620082,308.103531027916,275.408033039004,634.474205826656,304.556662597772,603.630307925952,0,0,11.9960418495197,11.8378304653574,10.5760666886128,24.3590884163193,11.6784221100044,23.1405263584412,0,0,0,0,43.3065000877241,105.689380362386,44.0164398230738,87.6013301050954,0,0,0,0,0,0,0,0,0,0,296.726563501523,155.094127351618,247.133100002261,227.818745991108
"115",1999,490,9.5,3538.74978941181,3070.04531358706,751.103582787806,1425.94248958076,301.736518638387,491.2771895704,0,0,0,0,0,0,0,0,0,0,0,0,1.22873784629568,2.39104371716951,0.585518581951605,0.958812643439183,0,0,0,0,0,0,0,0,0,0,5667.11620554423,5234.4947617502,990.169660271368,2100.87671061165,591.434133258338,1108.56575415526,0,0,217.739667295053,201.117659589571,38.1696413229916,80.9977835777338,22.801062343185,42.7379731343208,0,0,23789.2338118001,22137.1892135982,4381.49099973061,9240.96309007777,2690.52835651503,4972.64263063049,0,0,914.01987919001,850.546264447649,170.18458596756,359.501738839628,105.249654494766,194.793461441179,0,0,0,0,8.5268413739157,18.4092228433211,5.65895013251064,10.5046520310743,0,0,0,0,0,0,0,0,0,0,262.068508644168,258.065382567514,141.03209056093,312.239645864322,141.940836160921,277.621605887956,0,0,10.0690906751644,9.91528474567118,5.41657864960768,11.9893886595653,5.44306135023038,10.6435677259492,0,0,310.8807312921,306.308342091104,276.205116835994,636.504841230842,307.270619824209,609.811081562621,0,0,11.9445340138231,11.7688564333905,10.6068045206957,24.4373482992504,11.7826821748167,23.3778617950778,0,0,0,0,43.5321609092346,106.314408510974,44.4802136566586,88.6459930240561,0,0,0,0,0,0,0,0,0,0,299.972978694955,156.565520571933,252.170747999471,232.586348969882
"116",1999,490,9.58333333333333,3524.10061314568,3053.97415286565,751.001866180773,1425.75517898566,302.059964494538,491.984544973347,0,0,0,0,0,0,0,0,0,0,0,0,1.22940591543128,2.39237199384975,0.586588526913817,0.960924486735198,0,0,0,0,0,0,0,0,0,0,5689.08208917135,5246.362491208,997.940419553105,2118.22841775166,599.94752235757,1126.09771218185,0,0,218.583631671173,201.573636733848,38.469338366328,81.6671076952968,23.1292956254931,43.4139130834424,0,0,23728.4481091674,22043.1965776841,4385.03289255055,9250.97582304117,2710.36881958318,5015.83519136688,0,0,911.684403110329,846.934916187857,170.328211124159,359.908031362864,106.030307675271,196.49495003693,0,0,0,0,8.54834365418914,18.4615824357285,5.7083237043349,10.6101805784971,0,0,0,0,0,0,0,0,0,0,262.903505242392,258.425778911442,142.088407034284,314.682087930191,143.943928379832,281.89850312426,0,0,10.1011725871676,9.92913174863188,5.45722336788827,12.0833459463639,5.51998382935643,10.8077598083167,0,0,309.562774000405,304.534836011422,276.978459782444,638.474404398623,309.971242766514,615.973839534145,0,0,11.8938960057089,11.7007154915158,10.6366327894015,24.513269350133,11.8864360813026,23.6145187410819,0,0,0,0,43.7524625574491,106.927037250169,44.9418349524243,89.6889621455815,0,0,0,0,0,0,0,0,0,0,303.229727078855,158.038946482186,257.266473318891,237.412102546544
"117",1999,490,9.66666666666667,3509.48221585185,3038.03098074479,750.804784793033,1425.38325447874,302.33853444746,492.616962317193,0,0,0,0,0,0,0,0,0,0,0,0,1.22992022754676,2.39340422616373,0.587574511052617,0.962895701471755,0,0,0,0,0,0,0,0,0,0,5711.11929354024,5258.25900278556,1005.71986778318,2135.58340586502,608.50610664472,1143.75764854767,0,0,219.430336304246,202.030719733194,38.7693662601321,82.33655302976,23.4592718004107,44.0947884129728,0,0,23668.0277485736,21949.8836781364,4388.37906742122,9260.50102919214,2730.04022770628,5058.83062804439,0,0,909.362963973602,843.349684497186,170.464087012098,360.295057522882,106.804346631151,198.18873577845,0,0,0,0,8.56925846719928,18.5126689646166,5.75747242066958,10.7155780691709,0,0,0,0,0,0,0,0,0,0,263.742758965974,258.793952451654,143.141316943518,317.122124510226,145.955262802108,286.208897079738,0,0,10.1334180646593,9.94327756392271,5.49773872277734,12.177214619976,5.59722566318301,10.9732434708662,0,0,308.266824276591,302.783141103785,277.728281601861,640.384453720751,312.657619847749,622.118201846144,0,0,11.844103563158,11.6334125697969,10.665559873057,24.5869112652931,11.9896488442037,23.8504826014587,0,0,0,0,43.9674100143625,107.527225811379,45.4011839496671,90.7299878342436,0,0,0,0,0,0,0,0,0,0,306.496862056451,159.514451099343,262.420396718873,242.296324974697
"118",1999,490,9.75,3494.89518569502,3022.21460932875,750.515130833959,1424.83176750753,302.572176029644,493.174261483838,0,0,0,0,0,0,0,0,0,0,0,0,1.23028071200383,2.39413874036789,0.588476155856139,0.964725568187932,0,0,0,0,0,0,0,0,0,0,5733.22531019923,5270.1828324187,1013.5055312074,2152.93699213564,617.109051856255,1161.54418498744,0,0,220.279684815547,202.488852335921,39.0696302677772,83.0059400134592,23.7909587090526,44.7805459855761,0,0,23607.9716578172,21857.2467980364,4391.53427902145,9269.5486793885,2749.54236278318,5101.62650415571,0,0,907.055520584475,839.790426565592,170.592398522866,360.663202353998,107.571758264246,199.874714776273,0,0,0,0,8.58963487062609,18.5625621405887,5.80639393165235,10.8208371443935,0,0,0,0,0,0,0,0,0,0,264.5861744752,259.16936573482,144.191480735871,319.559922021341,147.974946351637,290.552002440666,0,0,10.1658234445357,9.95770154172709,5.53815008476175,12.2710010849993,5.6747909761396,11.1399886817764,0,0,306.99226702676,301.053312288037,278.454932457983,642.23653865422,315.328939133632,628.243691110239,0,0,11.7951330532862,11.5669497783413,10.6935991619581,24.6583334021236,12.0922892968928,24.0857350425895,0,0,0,0,44.1770178305567,108.114950654626,45.858143219006,91.7688229716379,0,0,0,0,0,0,0,0,0,0,309.774435856561,160.99207724179,267.632652666822,247.23932793044
"119",1999,490,9.83333333333333,3480.34012322602,3006.52387055707,750.135641852223,1424.10568887093,302.760884325277,493.656334403818,0,0,0,0,0,0,0,0,0,0,0,0,1.2304880687151,2.394575514383,0.589293139384587,0.966413435621077,0,0,0,0,0,0,0,0,0,0,5755.39767228624,5282.13256795388,1021.29512853276,2170.2848591034,625.755465393851,1179.45591285458,0,0,221.13158242429,202.947980284832,39.3700429962174,83.6751030391489,24.1243219536449,45.4711314987342,0,0,23548.2787141637,21765.2822168536,4394.50310346914,9278.12843614006,2768.87505098592,5144.22046363957,0,0,904.762029806048,836.256999444272,170.713323738855,361.012839227408,108.332531300179,201.55278637792,0,0,0,0,8.60951419876089,18.6113298645557,5.85508643211156,10.9259511518291,0,0,0,0,0,0,0,0,0,0,265.433655181306,259.551524202322,145.23939121814,321.995519744801,150.003039361299,294.927106452232,0,0,10.1983850157026,9.97238468031186,5.57847638443963,12.3647068588608,5.75268210558376,11.3079681883473,0,0,305.738507250903,299.34534379036,279.158856397712,644.032184184586,317.984480086354,634.349762008934,0,0,11.7469616152483,11.5013268953091,10.720767654037,24.727594181442,12.1943297754007,24.3202551217486,0,0,0,0,44.3813085759907,108.690203200794,46.3125979343284,92.8052234241924,0,0,0,0,0,0,0,0,0,0,313.062499518086,162.471864785958,272.903385646371,252.24141637516
"120",1999,490,9.91666666666667,3465.81764996141,2990.95762383294,749.669003701223,1423.20991341488,302.904701158251,494.06314447994,0,0,0,0,0,0,0,0,0,0,0,0,1.23054362406435,2.39471588511097,0.590025207197165,0.967958741174636,0,0,0,0,0,0,0,0,0,0,5777.63390484056,5294.10679912322,1029.08654903694,2187.62300130249,634.444399376026,1197.49137678346,0,0,221.985934038526,203.408049395181,39.6705235610407,84.3438884194495,24.4593250134423,46.166488855866,0,0,23488.9477821941,21673.9862450378,4397.2899564,9286.24968728859,2788.03816268955,5186.61023531326,0,0,902.482448014052,832.749261374725,170.827034625514,361.344331142586,109.086656289138,203.222853347985,0,0,0,0,8.62893138634397,18.6590302153263,5.90354849644392,11.0309139607556,0,0,0,0,0,0,0,0,0,0,266.285103456396,259.93997237134,146.285407269229,324.42885907143,152.039560089797,299.333554889455,0,0,10.2310990271403,9.98730947929851,5.61873140697655,12.4583296947869,5.8308997745805,11.4771569790614,0,0,304.504972633025,297.659179900585,279.84056190558,645.772879350624,320.623605522218,640.435825177101,0,0,11.6995672597555,11.4365417802257,10.7470848236375,24.7947506459358,12.295745810171,24.5540202025739,0,0,0,0,44.5803115309116,109.252987900793,46.764436085976,93.8389484324052,0,0,0,0,0,0,0,0,0,0,316.361102874712,163.953850899726,278.232747033899,257.30288845311
"121",2000,490,10,3452.15899488373,2976.03333655849,749.502477576566,1422.79985192569,302.970889390861,494.30133064967,0,0,0,0,0,0,0,0,0,0,0,0,1.23041096334176,2.39438866817258,0.590605205972947,0.969173514511233,0,0,0,0,0,0,0,0,0,0,5799.98072388466,5306.14479614575,1036.74300716013,2204.62895655644,643.097424554975,1215.40551958823,0,0,222.844534562547,203.870568491581,39.9658088463654,84.9998778991189,24.7929448486382,46.8571715209409,0,0,23430.8451366435,21583.9644207907,4399.69964169561,9293.2412010806,2806.71488634799,5227.78524300664,0,0,900.250058866519,829.29047810332,170.925928017195,361.631450968301,109.821732400581,204.845308351355,0,0,0,0,8.64742162006163,18.7039061834893,5.9511025903026,11.1335628781075,0,0,0,0,0,0,0,0,0,0,267.106779703583,260.261687896282,147.301722628008,326.74629289869,154.033588182843,303.599474683114,0,0,10.262669149669,9.99967030337769,5.65784716815546,12.5475055795178,5.90749111450654,11.6409649853536,0,0,303.293596854863,295.996772821519,280.480358951671,647.389596627811,323.209276156999,646.374581261671,0,0,11.6530242819529,11.3726694398448,10.7717943436531,24.8571520880462,12.3951169082528,24.7821495580071,0,0,0,0,44.7715421503805,109.792739780215,47.2082150707503,94.85144647023,0,0,0,0,0,0,0,0,0,0,319.726120211238,165.530899205965,283.71178801472,262.744898111109
"122",2000,490,10.0833333333333,3439.33531156708,2961.73613241452,749.616604279108,1422.84642727572,302.970346656886,494.388848162367,0,0,0,0,0,0,0,0,0,0,0,0,1.23026083309726,2.39391339256212,0.591039397149998,0.97007056381178,0,0,0,0,0,0,0,0,0,0,5822.33595263981,5318.14583174162,1044.25581230126,2221.276010015,651.690792990744,1233.15321798922,0,0,223.703458201114,204.331667470862,40.2555638611365,85.6420435059962,25.1242687578371,47.5414452145784,0,0,23374.0191722437,21495.2659878672,4401.7670574888,9299.18599183545,2824.92611521642,5267.78938582157,0,0,898.06672176521,825.882541653938,171.01135891056,361.877424838982,110.538570510794,206.421854690824,0,0,0,0,8.66501700078146,18.7461015003627,5.99776130055782,11.2339269859337,0,0,0,0,0,0,0,0,0,0,267.904581866048,260.528691816934,148.291569649921,328.96663003107,155.993390883362,307.751335254128,0,0,10.2933219916804,10.0099290201248,5.69594771193542,12.6329564737424,5.98277306021838,11.8004067595745,0,0,302.108329340508,294.35781560075,281.083671206682,648.887317949055,325.743535743267,652.160886618065,0,0,11.6074844250275,11.3096980805632,10.7951044322834,24.9149895351369,12.4925213230345,25.0044456052875,0,0,0,0,44.9552895820986,110.310184007563,47.6441092926769,95.8430738762904,0,0,0,0,0,0,0,0,0,0,323.155292350364,167.199360617592,289.336657321586,268.558114851242
"123",2000,490,10.1666666666667,3426.5427560634,2947.56369691217,749.63933117037,1422.72153215939,302.937413570246,494.41988034802,0,0,0,0,0,0,0,0,0,0,0,0,1.23015340600454,2.39350286666936,0.591397376892034,0.97083811081071,0,0,0,0,0,0,0,0,0,0,5844.636610466,5330.05516924495,1051.75352875869,2237.86581368227,660.29424423392,1250.95821827931,0,0,224.560285137323,204.789243262786,40.5447353938631,86.2820021370259,25.4559849667485,48.227935314868,0,0,23317.6439593014,21407.3111784096,4403.69366077188,9304.75946693809,2842.97858641579,5307.59375256525,0,0,895.900703173225,822.503176417949,171.091173620007,362.108633786341,111.2491688717,207.990535211453,0,0,0,0,8.68221786734315,18.7874060940352,6.04417009285975,11.3340648609382,0,0,0,0,0,0,0,0,0,0,268.711578734827,260.81256876948,149.282181038354,331.200618617945,157.967953474338,311.955058114117,0,0,10.3243281089209,10.0208360257543,5.73407893118234,12.7189349217424,6.05862419423125,11.9618440390633,0,0,300.946985544241,292.740169767118,281.671222518172,650.33650740231,328.261849817605,657.916388007642,0,0,11.5628637552503,11.247545538898,10.81781100172,24.9709685435813,12.5893190951282,25.2255721472363,0,0,0,0,45.1340487220824,110.815611594745,48.0771736117055,96.8312307025933,0,0,0,0,0,0,0,0,0,0,326.594751764984,168.869587973409,295.01982320669,274.434135718494
"124",2000,490,10.25,3413.77939164756,2933.51261563165,749.572941097318,1422.42914753325,302.871680138404,494.393849825805,0,0,0,0,0,0,0,0,0,0,0,0,1.23005676369537,2.39309987745301,0.591682702927665,0.97148123685383,0,0,0,0,0,0,0,0,0,0,5866.89917072413,5341.88945019011,1059.23831985972,2254.40368905889,668.911070910829,1268.82612123942,0,0,225.415648304042,205.243935261718,40.8334067162178,86.919958219375,25.7882196402944,48.916856359706,0,0,23261.7037306439,21320.082184744,4405.48092028379,9309.9647312636,2860.87057078184,5347.19314052742,0,0,893.751397291209,819.151698195934,171.165430461053,362.325198827093,111.953456703122,209.551140139999,0,0,0,0,8.69904923320176,18.8278519696472,6.09032617223518,11.4339678392029,0,0,0,0,0,0,0,0,0,0,269.526749610779,261.111507200327,150.273041344966,333.444563115616,159.955039947345,316.204340557617,0,0,10.3556482844994,10.0323217174798,5.772220996532,12.8052989487172,6.13495870779469,12.1250350779404,0,0,299.808255607116,291.143698101747,282.242870451878,651.73923490328,330.764014888765,663.643258781493,0,0,11.5191119457545,11.1862065426798,10.8399085174462,25.0251684338773,12.6855023566344,25.4456123940805,0,0,0,0,45.3078472526692,111.309034068021,48.5072941521273,97.815668075835,0,0,0,0,0,0,0,0,0,0,330.044609678828,170.541683523525,300.761595021468,280.373587071341
"125",2000,490,10.3333333333333,3401.04385983504,2919.57999342448,749.419768419745,1421.97337729137,302.772830706972,494.310321913598,0,0,0,0,0,0,0,0,0,0,0,0,1.22994509478575,2.39265791564308,0.591897949023665,0.972003658299113,0,0,0,0,0,0,0,0,0,0,5889.13632558258,5353.66179593068,1066.71154583969,2270.89330965164,677.543763346597,1286.7612692675,0,0,226.270035354679,205.696247611044,41.1216302478201,87.5560529087053,26.1210681825982,49.6083746501209,0,0,23206.1855883713,21233.5639709393,4407.13069839943,9314.80578916966,2878.60076058358,5386.58310562489,0,0,891.618308561815,815.827529283276,171.234203040459,362.527276002229,112.651379667193,211.103489271418,0,0,0,0,8.71553272143702,18.867467950414,6.13622784692333,11.5336289853536,0,0,0,0,0,0,0,0,0,0,270.349230350139,261.423923506222,151.26376833207,335.695505146584,161.952916968783,320.494103965359,0,0,10.3872493166323,10.0443252507313,5.81035920048544,12.8919348956568,6.21171008501203,12.2897850906552,0,0,298.691016337808,289.568300844053,282.798590067618,653.097285695944,333.249704940451,669.342950899649,0,0,11.4761858417414,11.1256772589464,10.8613959541,25.0776575870839,12.78105852835,25.6646218725415,0,0,0,0,45.4767205178406,111.790478780884,48.9343635099006,98.7961480531161,0,0,0,0,0,0,0,0,0,0,333.504964970087,172.215738419334,306.562230091516,286.377005443896
"126",2000,490,10.4166666666667,3388.33524102869,2905.76333137299,749.182175177414,1421.35840115597,302.640629908997,494.168982982147,0,0,0,0,0,0,0,0,0,0,0,0,1.22979742111002,2.39213899992713,0.592044999401867,0.972408129349421,0,0,0,0,0,0,0,0,0,0,5911.35791408062,5365.38267137571,1074.17399164582,2287.33714156449,686.194183529763,1304.76700713692,0,0,227.123824320855,206.146582389306,41.409436299901,88.190380994769,26.4546019039329,50.3026182417171,0,0,23151.0787993644,21147.7436026319,4408.64512735119,9319.28728175356,2896.16817611208,5425.7598036187,0,0,889.501024601989,812.530172720943,171.297575464269,362.7150461957,113.34289624828,212.647425811129,0,0,0,0,8.73168716954255,18.9062801217841,6.18187414608549,11.633042559735,0,0,0,0,0,0,0,0,0,0,271.178277981736,261.748419468235,152.254064152155,337.951027636996,163.96021280088,324.82019384808,0,0,10.4191026591808,10.0567929037013,5.84848208093956,12.978749896242,6.28882568873973,12.455934745096,0,0,297.594285569308,288.013890067141,283.338448995516,654.412234343308,335.71853479904,675.016400786447,0,0,11.4340477067914,11.0659543094054,10.8822758400013,25.1284962895772,12.8759727543258,25.8826363265311,0,0,0,0,45.6407097875104,112.259985789577,49.3582800247748,99.7724422173134,0,0,0,0,0,0,0,0,0,0,336.97590652086,173.891834484848,312.42194826377,292.444859058347
"127",2000,490,10.5,3375.65298728886,2892.06046749391,748.862538993739,1420.58845096074,302.474916394939,493.969630912016,0,0,0,0,0,0,0,0,0,0,0,0,1.22959693045063,2.39151252950645,0.592125191898074,0.9726966399936,0,0,0,0,0,0,0,0,0,0,5933.57136985323,5377.06030235151,1081.62597542818,2303.73665371046,694.863651370874,1322.84580713825,0,0,227.977300814714,206.595255645904,41.6968372400759,88.8229989678848,26.7888713261293,50.9996817385679,0,0,23096.3744553288,21062.6099226583,4410.02655019963,9323.41436055386,2913.5721206954,5464.71991490805,0,0,887.399203141346,809.259199832779,171.35564005215,362.888710242179,114.027976013429,214.182813465523,0,0,0,0,8.74752896826537,18.944312105129,6.22726464294387,11.7322037630449,0,0,0,0,0,0,0,0,0,0,272.013253232361,262.0837608188,153.243695780902,340.209163206841,165.975850054232,329.179230173742,0,0,10.4511837502475,10.0696772538557,5.88658066873977,13.0656683576563,6.36626417956904,12.6233544204975,0,0,296.517200865965,286.48037916141,283.862591612168,655.685478041286,338.170087991413,680.664133437046,0,0,11.3926644047549,11.0070343663766,10.9025536503344,25.1777380142502,12.9702289725101,26.0996757130101,0,0,0,0,45.799861378825,112.717606345594,49.778947499418,100.744331155111,0,0,0,0,0,0,0,0,0,0,340.457514354315,175.570045113633,318.340938244472,298.577558136596
"128",2000,490,10.5833333333333,3362.99685474029,2878.46951730209,748.463241195457,1419.66778713836,302.275596011371,493.712164736819,0,0,0,0,0,0,0,0,0,0,0,0,1.22933029690265,2.39075411289812,0.592139459962253,0.972870612409127,0,0,0,0,0,0,0,0,0,0,5955.78217237847,5388.70109422785,1089.06745749514,2320.09253013679,703.553034684563,1340.99940184296,0,0,228.830675366566,207.04251348539,41.9838316752641,89.4539331669626,27.1239096310351,51.6996313797792,0,0,23042.0651300281,20978.1532250178,4411.2774619769,9327.19256076467,2930.81213387217,5503.46056523626,0,0,885.312558852509,806.014237698619,171.408495057572,363.048484013408,114.706597799925,215.709533371801,0,0,0,0,8.76307240868344,18.9815853421418,6.27239928119802,11.8311084835382,0,0,0,0,0,0,0,0,0,0,272.853602710835,262.428854958025,154.232475335533,342.468301626091,167.998978439649,333.568456415184,0,0,10.4834713276597,10.082936321759,5.92464773086887,13.1526284055706,6.44399293476356,12.7919384162022,0,0,295.458998062524,284.967673336657,284.371223284356,656.91827040513,340.603942739946,686.286364190788,0,0,11.3520065751876,10.948913787868,10.9222372028102,25.2254307196478,13.0638109138093,26.315748108159,0,0,0,0,45.9542257551666,113.163401315499,50.196274860465,101.711603836789,0,0,0,0,0,0,0,0,0,0,343.94986081229,177.250436218494,324.319363962814,304.775465313919
"129",2000,490,10.6666666666667,3350.36684372408,2864.98882129886,747.986656502248,1418.60067813244,302.04263539041,493.39657495896,0,0,0,0,0,0,0,0,0,0,0,0,1.22898706743137,2.38984450738619,0.592088455732074,0.972931071545508,0,0,0,0,0,0,0,0,0,0,5977.99424664554,5400.31000158555,1096.49813570769,2336.40485736225,712.262831320522,1359.22890668865,0,0,229.684098780773,207.48854627068,42.2704081143625,90.0831869691245,27.4597358083337,52.4025097364342,0,0,22988.1445756755,20894.3649663899,4412.40045845411,9330.62768989444,2947.88794893968,5541.97925315342,0,0,883.24085168601,802.79495807034,171.456242682471,363.194594101221,115.378748071481,217.227481288844,0,0,0,0,8.77832999975609,19.0181193614834,6.3172782275756,11.9297530783933,0,0,0,0,0,0,0,0,0,0,273.698842929182,262.782730496314,155.220243229166,344.727108291754,170.028916037589,337.985605490875,0,0,10.5159468150379,10.0965327850694,5.96267712268147,13.2395787524879,6.52198579404645,12.961599808402,0,0,294.418992334987,283.475662371854,284.864596341547,658.111751293594,343.01969277358,691.88308651931,0,0,11.3120479060629,10.8915883390108,10.941336119526,25.271617996586,13.1567029019731,26.5308530767023,0,0,0,0,46.1038567137753,113.597439738033,50.6101758251796,102.674057021629,0,0,0,0,0,0,0,0,0,0,347.453011623345,178.933067119126,330.357370067404,311.038904833087
"130",2000,490,10.75,3337.76315618892,2851.61690763058,747.435145945336,1417.39138603143,301.77605704996,493.022936258166,0,0,0,0,0,0,0,0,0,0,0,0,1.228559186499,2.38876878984424,0.591972634360696,0.972878763360395,0,0,0,0,0,0,0,0,0,0,6000.21024710732,5411.89079062147,1103.9175105936,2352.67325426441,720.993230689381,1377.53491115722,0,0,230.53767304566,207.933498705082,42.5565474691262,90.7107457754817,27.7963570137709,53.1083392050518,0,0,22934.6075072625,20811.2375604435,4413.39820166916,9333.72575109383,2964.79946200592,5580.27379698987,0,0,881.183878583846,799.60106946888,171.498987740138,363.327274842809,116.044419720253,218.736565545392,0,0,0,0,8.79331273015474,19.0539320170418,6.3619017791071,12.0281342279108,0,0,0,0,0,0,0,0,0,0,274.548548525597,263.144521346775,156.206859037408,346.984468561942,172.065109284969,342.428802424379,0,0,10.5485938693023,10.1104333673432,6.00066343646761,13.3264765591483,6.60022152360836,13.1322667153817,0,0,293.396565115744,282.004217664383,285.342998197179,659.266966706458,345.416958238517,697.454133938204,0,0,11.2727646310306,10.8350530786862,10.9598613711149,25.3163398331497,13.2488902732169,26.7449840480922,0,0,0,0,46.2488107747879,114.019797743952,51.0205686476138,103.631494838887,0,0,0,0,0,0,0,0,0,0,350.967026701165,180.617991255765,336.455085348895,317.368169019351
"131",2000,490,10.8333333333333,3325.18616022986,2838.35246110138,746.811051083339,1416.04415469962,301.475935069067,492.591401101429,0,0,0,0,0,0,0,0,0,0,0,0,1.22804059075225,2.38751564711544,0.591792321985164,0.972714250510419,0,0,0,0,0,0,0,0,0,0,6022.43179385511,5423.44625687334,1111.3249383384,2368.89697904757,729.744166477098,1395.91755772128,0,0,231.391460407725,208.377478197626,42.842225089772,91.3365811175775,28.1337705898127,53.8171250325983,0,0,22881.4494232224,20728.7642067617,4414.27339204076,9336.49288026985,2981.54670574445,5618.34228951435,0,0,879.1414665891,796.432310611264,171.536836572876,363.446765879563,116.703611050715,220.236705285833,0,0,0,0,8.80803029495412,19.0890396990081,6.40627029171406,12.1262488195955,0,0,0,0,0,0,0,0,0,0,275.402342312426,263.513452910705,157.1921945208,349.23944203146,174.107100536904,346.89648333756,0,0,10.5813979983014,10.124608307259,6.03860173293695,13.4132856778554,6.67868257083322,13.3038791893562,0,0,292.391153288293,280.553190710901,285.806741370099,660.384885187545,347.795393012728,702.999229766469,0,0,11.2341351142603,10.7793023011574,10.9778248937359,25.3596332452332,13.3403596576248,26.9581302262132,0,0,0,0,46.3891466620206,114.430557629944,51.427375891317,104.583728424518,0,0,0,0,0,0,0,0,0,0,354.49196082313,182.305256818188,342.612625431011,323.76352360508
"132",2000,490,10.9166666666667,3312.63636122899,2825.19429802606,746.116689439602,1414.5632002599,301.142391307657,492.102194204921,0,0,0,0,0,0,0,0,0,0,0,0,1.22742686919166,2.38607677819722,0.591547768478516,0.972437987074238,0,0,0,0,0,0,0,0,0,0,6044.65966442186,5434.97840171475,1118.71967240318,2385.07501468497,738.515360855246,1414.37660880073,0,0,232.245490741027,208.820561644284,43.1274123640738,91.9606539379469,28.4719657604811,54.5288578822621,0,0,22828.6664598673,20646.938751759,4415.02874665058,9338.9352961464,2998.12982767056,5656.18306005185,0,0,877.113467253155,793.288445066805,171.569896208306,363.553310217096,117.356324938412,221.727829004936,0,0,0,0,8.82249128957808,19.1234575196239,6.45038412854391,12.2240938600206,0,0,0,0,0,0,0,0,0,0,276.259887035103,263.888830235275,158.176128686976,351.491226126391,176.154502692566,351.387329705239,0,0,10.6143462441766,10.1390309036178,6.07648735115143,13.4999752538038,6.7573540901414,13.4763866937746,0,0,291.402240488419,279.122412839457,286.256155276858,661.466410955619,350.154688807977,708.518025798201,0,0,11.1961395162192,10.7243295257777,10.9952392739616,25.4015327811982,13.4310991370823,27.1702780734737,0,0,0,0,46.5249248705449,114.829807079555,51.8305242292347,105.530575614817,0,0,0,0,0,0,0,0,0,0,358.027864196212,183.994907294378,348.830094780876,330.225211983367
"133",2001,490,11,3299.50176169282,2811.29030498048,745.634796100931,1413.42360034454,300.799761672475,491.569980105107,0,0,0,0,0,0,0,0,0,0,0,0,1.22678806291996,2.38452417816266,0.591285348465876,0.972077023552267,0,0,0,0,0,0,0,0,0,0,6066.77341328453,5446.23313637119,1126.30229540244,2401.49872317517,747.367308830968,1432.95538147865,0,0,233.095136335958,209.252986548011,43.4198223627598,92.5941643053913,28.8132744276371,55.2452070719063,0,0,22775.3726333448,20564.2436720826,4416.54259220562,9342.37871807853,3014.78596194364,5693.95200038526,0,0,875.065839666638,790.111167159804,171.631994004615,363.6979163037,118.011839252055,223.216039464085,0,0,0,0,8.8371348183576,19.1576066603718,6.49475108625834,12.3220046027568,0,0,0,0,0,0,0,0,0,0,277.141439269677,264.257250714992,159.193109860903,353.776893237207,178.247099827796,355.928449560911,0,0,10.6482168969298,10.1531862068833,6.11564371667861,13.5879694019894,6.83776225105582,13.6508289388891,0,0,290.424633327809,277.699606903072,286.710544640749,662.533565791837,352.522832272158,714.029130543107,0,0,11.1585782986379,10.6696630449238,11.0128460458035,25.442884212719,13.5221821484811,27.3821410370099,0,0,0,0,46.6580173609573,115.219177449819,52.2340061777917,106.474740697627,0,0,0,0,0,0,0,0,0,0,361.534983357664,185.673597003281,355.037437883107,336.702115192329
"134",2001,490,11.0833333333333,3286.13184174785,2797.12831852932,745.198916573169,1412.34707854162,300.437174404559,490.990421586775,0,0,0,0,0,0,0,0,0,0,0,0,1.22616026735241,2.38295269778958,0.590980588112816,0.971618587233833,0,0,0,0,0,0,0,0,0,0,6088.85418684037,5457.35781171884,1133.96998984806,2418.0258972598,756.275794851809,1451.64483842204,0,0,233.943514966868,209.680414365106,43.7155035002531,93.2316490487196,29.1567621383027,55.9658226122229,0,0,22722.0361606276,20481.5027204234,4418.31008843815,9346.06247912134,3031.3925548018,5731.56871163125,0,0,873.016573471524,786.932126786779,171.703701216021,363.851337346287,118.66534972141,224.698172170192,0,0,0,0,8.85200323931228,19.1917376937778,6.53910292763868,12.4198045269688,0,0,0,0,0,0,0,0,0,0,278.032521507981,264.625203120209,160.223104243527,356.076659750418,180.358305599598,360.500952050924,0,0,10.6824537075775,10.1673235259887,6.15530120310031,13.6765081853966,6.91888725596652,13.8264815221346,0,0,289.46056852535,276.289015761512,287.162194154055,663.575535468448,354.886469450132,719.519963614764,0,0,11.1215373998335,10.6154658760534,11.0303487908791,25.4832720076927,13.6130964182829,27.5932365263935,0,0,0,0,46.7874989465492,115.597885103372,52.6355275745403,107.414409469334,0,0,0,0,0,0,0,0,0,0,365.035314571174,187.348573961911,361.273925543895,343.222558978225
"135",2001,490,11.1666666666667,3272.80675896097,2783.0961240624,744.682285274473,1411.12120024083,300.04409321813,490.357689930468,0,0,0,0,0,0,0,0,0,0,0,0,1.22550563522725,2.38131957914303,0.590614097436298,0.971052803387983,0,0,0,0,0,0,0,0,0,0,6110.95568669582,5468.4671642012,1141.63123357436,2434.52355857036,765.213730343457,1470.42552770505,0,0,234.792689935354,210.107253453213,44.0109368507181,93.8679970314048,29.5013847077506,56.6899548503697,0,0,22669.0536656055,20399.3967985524,4419.93426648136,9349.39032353484,3047.84403689249,5768.96226119245,0,0,870.980907589281,783.777485283328,171.769733969466,363.990639076621,119.312721206313,226.171440288229,0,0,0,0,8.86690315255311,19.2256745720784,6.58321770220993,12.5173474882477,0,0,0,0,0,0,0,0,0,0,278.923409701269,264.997982862928,161.25055697516,358.373360487607,182.470105652224,365.091868184407,0,0,10.7166830626382,10.181646319131,6.19486223197855,13.7649322152917,7.00003809469152,14.0028471471476,0,0,288.511685340619,274.895831052013,287.603002515187,664.583912244477,357.232279693729,724.981119190195,0,0,11.0850798027817,10.5619374901719,11.0474362407167,25.5223730320445,13.7033309204712,27.8032036871031,0,0,0,0,46.912653565861,115.965387864995,53.0331879831817,108.348102132756,0,0,0,0,0,0,0,0,0,0,368.546880827269,189.025897088635,367.571460872939,349.810025886251
"136",2001,490,11.25,3259.52748442964,2769.19274207973,744.087715850157,1409.75097078772,299.620566469125,489.671978829536,0,0,0,0,0,0,0,0,0,0,0,0,1.22480689122703,2.37959453887245,0.590187071034824,0.970381432868535,0,0,0,0,0,0,0,0,0,0,6133.07422509079,5479.55936612007,1149.28397877361,2450.98743507227,774.179610625628,1489.29463534157,0,0,235.642519551775,210.533433589245,44.3060436428252,94.503043968921,29.8470843379313,57.4174956583431,0,0,22616.4248573418,20317.9228142822,4421.41896802198,9352.3705874127,3064.14082015869,5806.13189246419,0,0,868.958830842078,780.647123842584,171.830242165916,364.116145876138,119.953967532103,227.635808748467,0,0,0,0,8.88178841926847,19.2593444116109,6.62710023008317,12.6146369460015,0,0,0,0,0,0,0,0,0,0,279.814223394928,265.375134852316,162.275662236541,360.666597932577,184.583321988945,369.701376228038,0,0,10.7509095552369,10.1961371009925,6.23433426197935,13.8532262148607,7.08124632135744,14.1799327242163,0,0,287.577462492417,273.520122151147,288.0330292746,665.559839157099,359.559440331874,730.412238372028,0,0,11.0491854790313,10.5090805528377,11.0641106253201,25.5602310282151,13.7928540211185,28.0120285966569,0,0,0,0,47.0335850838442,116.321860158223,53.4269327359639,109.275668278561,0,0,0,0,0,0,0,0,0,0,372.069680454286,190.70559551873,373.930030735961,356.464695161631
"137",2001,490,11.3333333333333,3246.29495658283,2755.41718049692,743.417949770859,1408.24128186821,299.16668258722,488.933537244651,0,0,0,0,0,0,0,0,0,0,0,0,1.22405050510782,2.37775376922111,0.589700367580746,0.969605804417864,0,0,0,0,0,0,0,0,0,0,6155.2063708683,5490.63280982184,1156.92636583442,2467.41368107567,783.171937865575,1508.24944592731,0,0,236.492871985594,210.958893004577,44.6007523195648,95.1366419196175,30.1938034746552,58.1483406641238,0,0,22564.1492381352,20237.0775481254,4422.76787170221,9355.01129323097,3080.28331236433,5843.0768475222,0,0,866.950324107857,777.540918766609,171.885369450153,364.228170155015,120.589102467514,229.091242608042,0,0,0,0,8.89662146549282,19.2926879409992,6.67075377559898,12.7116742777521,0,0,0,0,0,0,0,0,0,0,280.705055703994,265.756239404243,163.298535557324,362.955950175686,186.698574048694,374.329511759972,0,0,10.7851367630026,10.2107797466376,6.27372172785657,13.9413739661435,7.16253571602626,14.3577396816472,0,0,286.657410751869,272.161894162954,288.452366650252,666.504334810205,361.867339910274,735.813050165619,0,0,11.0138356316322,10.4568952601553,11.080375432769,25.5968849663609,13.8816421917761,28.2197007126787,0,0,0,0,47.1503880992052,116.667463046232,53.8167108765669,110.196963226262,0,0,0,0,0,0,0,0,0,0,375.603713158561,192.387695554679,380.349640514572,363.186744247403
"138",2001,490,11.4166666666667,3233.1100962213,2741.76844725422,742.675664061378,1406.59692409382,298.682567819177,488.142666931817,0,0,0,0,0,0,0,0,0,0,0,0,1.22322583329439,2.37577848540762,0.589154634926175,0.968726975903946,0,0,0,0,0,0,0,0,0,0,6177.34885063479,5501.68601314978,1164.55668310112,2483.79877691614,792.189222842889,1527.28731068693,0,0,237.343621467796,211.38357475238,44.8949969966944,95.7686554403319,30.5414848778017,58.8823880288466,0,0,22512.226180808,20156.8577197762,4423.98452123504,9357.3202076532,3096.27192346832,5879.79638357728,0,0,864.955363289882,774.458744020731,171.935254292149,364.32701457395,121.218139968843,230.537707685807,0,0,0,0,8.91137134536216,19.3256565045085,6.71418048626321,12.8084593746288,0,0,0,0,0,0,0,0,0,0,281.595978084708,266.140908256938,164.319236797301,365.240987050143,188.816324792646,378.976202966738,0,0,10.8193674313985,10.225559338428,6.31302692293368,14.0293589290022,7.24392405257612,14.5362653204441,0,0,285.751072704349,270.821103705321,288.861127037344,667.418315184423,364.155525413775,741.183349301202,0,0,10.9790126859889,10.405379945314,11.0962349286499,25.6323698806516,13.9696779840681,28.4262120198516,0,0,0,0,47.2631501073316,117.002347621257,54.2024747194663,111.111847550385,0,0,0,0,0,0,0,0,0,0,379.148979631041,194.072221003514,386.830307769433,369.976347091493
"139",2001,490,11.5,3219.97381196899,2728.24555559096,741.863472468711,1404.82258880489,298.16838608612,487.299722633642,0,0,0,0,0,0,0,0,0,0,0,0,1.22232477255617,2.37365433735494,0.588550359153543,0.967745798932899,0,0,0,0,0,0,0,0,0,0,6199.49851433516,5512.7175850649,1172.17335240996,2500.13949266523,801.229986711635,1546.40563640342,0,0,238.194646968225,211.80742538671,45.1887169089271,96.3989601961152,30.8900716899671,59.6195380230957,0,0,22460.6549561091,20077.260012522,4425.07233419387,9359.30485956591,3112.10706858328,5916.28978062242,0,0,862.973920369588,771.400472171465,171.980030324975,364.412972738965,121.841094296984,231.975170864817,0,0,0,0,8.92601296315127,19.3582108468322,6.75738156447012,12.9049908726982,0,0,0,0,0,0,0,0,0,0,282.487041924105,266.528782869616,165.337778802527,367.521275338554,190.936899443034,383.641283974746,0,0,10.853603534797,10.2404621006533,6.35225033162497,14.1171644409559,7.32542381739678,14.7155033257202,0,0,284.858022617409,269.497665358759,289.259438637922,668.30260342574,366.423680395335,746.522987158302,0,0,10.9447002847854,10.3545313263597,11.1116939876521,25.666717244327,14.0569491902012,28.6315566806285,0,0,0,0,47.3719523603506,117.32665640839,54.5841797595264,112.02018706502,0,0,0,0,0,0,0,0,0,0,382.705481350206,195.75919329201,393.372059405825,376.833673229617
"140",2001,490,11.5833333333333,3206.8870072156,2714.8475301537,740.983928871438,1402.92287342657,297.624337698979,486.405110720523,0,0,0,0,0,0,0,0,0,0,0,0,1.22134128819478,2.37137060663773,0.587887927802696,0.966663001347011,0,0,0,0,0,0,0,0,0,0,6221.65228934797,5523.72618121979,1179.77490795839,2516.43283606905,810.292762446926,1565.60186976489,0,0,239.045830431854,212.230393255589,45.4818556005733,97.0274409653889,31.2395074935532,60.3596924281568,0,0,22409.4347693362,19998.2811041194,4426.03461629718,9360.97256893792,3127.78917147458,5952.55635019838,0,0,861.005964813689,768.365975572821,172.019826893738,364.486330310223,122.457980152611,233.403600433554,0,0,0,0,8.94052601002727,19.3903194520077,6.80035749713438,13.0012664628801,0,0,0,0,0,0,0,0,0,0,283.378281048176,266.919531776118,166.354139166243,369.796385823845,193.060510941491,388.32451339391,0,0,10.8878463728469,10.2554752978534,6.39139108122839,14.2047739878575,7.40704318596316,14.8954444783219,0,0,283.977865500488,268.191460358677,289.647439549642,669.157943344964,368.671595916108,751.831859783061,0,0,10.9108832518582,10.3043448401664,11.1267578659424,25.6999554871775,14.1434477276116,28.8357305741363,0,0,0,0,47.476871042676,117.640525230735,54.961784470328,112.92185264697,0,0,0,0,0,0,0,0,0,0,386.273220332231,197.44863166208,399.974928136549,383.758886820834
"141",2001,490,11.6666666666667,3193.85058492047,2701.57341131299,740.039529842633,1400.9022853721,297.050658130316,485.459287835634,0,0,0,0,0,0,0,0,0,0,0,0,1.22027104062503,2.36891956857193,0.58716767683379,0.965479248809767,0,0,0,0,0,0,0,0,0,0,6243.80714800714,5534.71047249945,1187.35997978035,2532.6760123237,819.376095932159,1584.87348562184,0,0,239.897055530908,212.652427292295,45.7743602926268,97.6539900987323,31.5897363538682,61.1027540870459,0,0,22358.5647866861,19919.9176883808,4426.87457256374,9362.33046903279,3143.31866728555,5988.59544203298,0,0,859.051464586577,765.355127195709,172.054769483966,364.547365854809,123.068812781487,234.822966344963,0,0,0,0,8.95489412290394,19.4219572225137,6.84310823163636,13.0972831279285,0,0,0,0,0,0,0,0,0,0,284.269713729221,267.312848230222,167.368269179238,372.06589814244,195.187280142185,393.025588745966,0,0,10.9220966475995,10.2705871443478,6.430447285831,14.2921713903252,7.48878679746849,15.0760772085396,0,0,283.110235875105,266.902343479703,290.025273500336,669.985010707387,370.899147751533,757.109898581157,0,0,10.8775475449449,10.2548149069423,11.1414320368617,25.7321104283174,14.2291687640512,29.0387309379476,0,0,0,0,47.57797819486,117.944084677125,55.3352501523667,113.816720114071,0,0,0,0,0,0,0,0,0,0,389.852198917455,199.140553335718,406.638949703326,390.752145899791
"142",2001,490,11.75,3180.86545027432,2688.42225764109,739.032716609867,1398.7652448612,296.447616665038,484.462759299141,0,0,0,0,0,0,0,0,0,0,0,0,1.21911109376211,2.36629598999873,0.586389921936117,0.964195186514821,0,0,0,0,0,0,0,0,0,0,6265.96008868759,5545.66912657972,1194.92728125759,2548.86639461857,828.478546911426,1604.21797951952,0,0,240.748206938153,213.073476306801,46.0661814044521,98.2785063903342,31.9407028569591,61.848626619437,0,0,22308.0441512655,19842.1664872546,4427.59531582148,9363.38552279439,3158.69600435552,6024.40644818408,0,0,857.110386765489,762.367801092062,172.084980047884,364.596351474508,123.673608044247,236.233240378203,0,0,0,0,8.96910422689547,19.453104434,6.88563330297631,13.1930373123566,0,0,0,0,0,0,0,0,0,0,285.161344265435,267.708447921118,168.380100097833,374.329403055618,197.317251655656,397.744157115428,0,0,10.9563545241987,10.2857867164604,6.46941628729918,14.3793408912558,7.57065636265052,15.257388004881,0,0,282.254796034457,265.630148360527,290.393087292484,670.784423137159,373.106278846183,762.357063227448,0,0,10.8446801888154,10.2059351348194,11.1557220923436,25.763205655802,14.3141100440697,29.2405560950836,0,0,0,0,47.6753424245749,118.237461230308,55.7045408158863,114.704670134192,0,0,0,0,0,0,0,0,0,0,393.442419587569,200.834973664181,413.364160778934,397.81360187408
"143",2001,490,11.8333333333333,3167.93251260222,2675.39314773033,737.965876794852,1396.51608735151,295.815515016444,483.416077426517,0,0,0,0,0,0,0,0,0,0,0,0,1.21785966417513,2.36349669616131,0.585554983813085,0.96281147291559,0,0,0,0,0,0,0,0,0,0,6288.1081212714,5556.60079388211,1202.47559830314,2565.00149896826,837.598689621702,1623.63286144752,0,0,241.599169768475,213.493488446145,46.3572721395027,98.9008941137778,32.2923521350589,62.5972141831973,0,0,22257.8719957517,19765.0242598112,4428.19987416971,9364.14453702762,3173.92164575672,6059.98880641123,0,0,855.182698026954,759.403872740095,172.110577290372,364.633553348523,124.272382475164,237.634396270251,0,0,0,0,8.98314596984972,19.4837458338917,6.92793194046548,13.2885250649959,0,0,0,0,0,0,0,0,0,0,286.053164406198,268.106066868106,169.389548412748,376.586504172436,199.450407476724,402.479824293891,0,0,10.9906196856428,10.3010638716303,6.5082948578891,14.4662672222939,7.65265118664395,15.4393617650553,0,0,281.411234246808,264.37469208818,290.751028767754,671.55674883986,375.292984482634,767.573335706825,0,0,10.8122692062429,10.157698495988,11.1696336643991,25.7932628610036,14.3982713196615,29.4412052245262,0,0,0,0,47.7690295144123,118.520778227205,56.0696230789153,115.585588147973,0,0,0,0,0,0,0,0,0,0,397.043884798041,202.531906263405,420.150597191551,404.943399105454
"144",2001,490,11.9166666666667,3155.05268637617,2662.48518124448,736.841345892254,1394.15906550993,295.154685899388,482.319839745531,0,0,0,0,0,0,0,0,0,0,0,0,1.21651591376301,2.36052021090546,0.5846632065124,0.961328804387,0,0,0,0,0,0,0,0,0,0,6310.24825795647,5567.50409878144,1210.00378046055,2581.07896403339,846.735113181335,1643.11565124487,0,0,242.449829225742,213.912410856608,46.6475881444094,99.5210622489971,32.6446298825904,63.3484212993491,0,0,22208.0474509557,19688.4878074887,4428.69119722302,9364.61417397797,3188.99607045598,6095.34200253507,0,0,853.268364975796,756.463219245865,172.131676907962,364.659232175811,124.865153326202,239.026409807954,0,0,0,0,8.99701125490702,19.5138698913676,6.97000315142737,13.3837421505022,0,0,0,0,0,0,0,0,0,0,286.9451545903,268.505459466942,170.396519938938,378.836818838361,201.586678265196,407.232162186945,0,0,11.024891380359,10.3164091733498,6.5470793575859,14.5529356383116,7.73476860181773,15.6219820803109,0,0,280.579262859097,263.135778973627,291.099245432009,672.302514195417,377.459300314103,772.758715532892,0,0,10.780303545142,10.1100974717621,11.1831723720425,25.8223021297157,14.4816538908198,29.6406781770363,0,0,0,0,47.8591029184014,118.794156638928,56.430466081568,116.459364305359,0,0,0,0,0,0,0,0,0,0,400.656596827647,204.231363136403,426.998292498269,412.141674594011
"145",2002,490,12,3142.82557426097,2649.86678278608,736.22551247874,1392.61734002329,294.451061705511,481.090036067113,0,0,0,0,0,0,0,0,0,0,0,0,1.21511574193322,2.35727685043102,0.583680094961384,0.95957013257134,0,0,0,0,0,0,0,0,0,0,6332.20028623512,5578.02187015623,1217.63395935251,2597.12355911951,855.827359351157,1662.33964727183,0,0,243.293261257216,214.316520452524,46.9418177221928,100.139930405656,32.9952062163437,64.0896543682416,0,0,22158.5807329438,19611.6692442185,4429.90100182484,9365.61580285777,3203.73380916409,6129.33728982906,0,0,851.367780138906,753.511726604754,172.180184203954,364.704511233599,125.444653537151,240.365007231977,0,0,0,0,9.01055913998317,19.5418864490274,7.01142080996181,13.4761740839912,0,0,0,0,0,0,0,0,0,0,287.813367359794,268.81416889519,171.398387451931,380.976512166823,203.690764494112,411.781794965872,0,0,11.0582495087593,10.3282702826339,6.58566879426117,14.635357448365,7.81565415409139,15.796833264828,0,0,279.752572067788,261.896750072933,291.437743138169,672.971073750572,379.583957722293,777.76478474372,0,0,10.7485407727842,10.0624919988718,11.1963384157068,25.8483781903236,14.5634416805174,29.8332818256835,0,0,0,0,47.9442294677498,119.046752582144,56.7836612057941,117.304167256385,0,0,0,0,0,0,0,0,0,0,404.312627443652,206.025461990377,433.968373277185,419.801771055853
"146",2002,490,12.0833333333333,3130.74578274823,2637.4040477691,735.625921762771,1391.09251418583,293.725687030171,479.812170828787,0,0,0,0,0,0,0,0,0,0,0,0,1.21378752407793,2.35412936129399,0.582639926025062,0.957694991783096,0,0,0,0,0,0,0,0,0,0,6354.04948229589,5588.39182836408,1225.24939536056,2613.08260414407,864.908335331421,1681.53994072919,0,0,244.132742310434,214.714950830188,47.235480523144,100.755503661941,33.3453509332411,64.8299794339317,0,0,22109.5191675495,19535.3790519112,4431.12128604856,9366.46505485703,3218.3125554951,6162.95719901394,0,0,849.482761842281,750.580534829553,172.228961272529,364.743507883606,126.017834645877,241.68870608078,0,0,0,0,9.02420234874003,19.5696599316471,7.05254639175723,13.5679297209179,0,0,0,0,0,0,0,0,0,0,288.679568699947,269.117547981321,172.400822291878,383.111341589651,205.795648709758,416.334317107606,0,0,11.0915303547657,10.339926591658,6.62428105148564,14.7175950084253,7.89657328953827,15.9718019648555,0,0,278.940185679944,260.670530759063,291.772418617757,673.608303078142,381.688942777235,782.709536936149,0,0,10.7173275982591,10.0153786908181,11.2093582534833,25.8732527448799,14.6444781144855,30.0235417081481,0,0,0,0,48.025837200458,119.288379365631,57.1321934118755,118.138450553249,0,0,0,0,0,0,0,0,0,0,407.984526137714,207.835511486813,441.008695895936,427.590468218636
"147",2002,490,12.1666666666667,3118.72209673107,2625.06963495894,734.958494643755,1389.44801574004,292.981136718427,478.499835754182,0,0,0,0,0,0,0,0,0,0,0,0,1.21250653646061,2.35105927022835,0.581551716672622,0.955735845232719,0,0,0,0,0,0,0,0,0,0,6375.82872887285,5598.67410805683,1232.83303071355,2628.95478108107,873.98817717047,1700.76646802256,0,0,244.969535792623,215.110012459089,47.5279215137509,101.367735613188,33.6954542631715,65.5713207539445,0,0,22060.8544079381,19459.7430540657,4432.2275458414,9367.04126204697,3232.76014445388,6196.36977513685,0,0,847.612989386307,747.674478260516,172.2732348091,364.771657032196,126.58578626,243.004094390667,0,0,0,0,9.03792149029785,19.597365314848,7.09344626267797,13.6593851903873,0,0,0,0,0,0,0,0,0,0,289.547064899377,269.42892926738,173.403483087927,385.254203152689,207.905632877562,420.919108985881,0,0,11.124860951268,10.3518903580103,6.66290298843952,14.8001436225514,7.97769102063134,16.1480151791614,0,0,278.14222561,259.459394463083,292.103204679985,674.223618257586,383.777284696142,787.617159325695,0,0,10.6866687057182,9.96884489645806,11.2222292580493,25.8972873254847,14.724879345339,30.2123854422986,0,0,0,0,48.1042309499565,119.520863307269,57.4765388234756,118.965368414135,0,0,0,0,0,0,0,0,0,0,411.667467846743,209.647630190894,448.110222436758,435.448994334256
"148",2002,490,12.25,3106.7537823413,2612.86112905362,734.225528548024,1387.68777866059,292.217288717512,477.153050236359,0,0,0,0,0,0,0,0,0,0,0,0,1.21124659102917,2.3480215608665,0.580418236987105,0.953696889721566,0,0,0,0,0,0,0,0,0,0,6397.54648265026,5608.87776590681,1240.38665403694,2644.7438431952,883.068678282873,1720.02205618965,0,0,245.803966623115,215.502053311061,47.8192090782146,101.976769812037,34.0455849109856,66.3137865069017,0,0,22012.5768533978,19384.7498144301,4433.22132259867,9367.34763101273,3247.07542379288,6229.57174939207,0,0,845.758093896874,744.793117498459,172.313065398981,364.789084987231,127.148463096388,244.31104238764,0,0,0,0,9.05166418120137,19.6249161786993,7.1341222053967,13.7505388824476,0,0,0,0,0,0,0,0,0,0,290.415502602748,269.747299845891,174.405570379408,387.401683085885,210.019706020622,425.531767594398,0,0,11.1582277217899,10.3641226641655,6.70150385896319,14.8828720834571,8.05896850912915,16.3253039327206,0,0,277.357737881163,258.263218880358,292.429642229104,674.818282524568,385.848573727383,792.489611835687,0,0,10.6565274418533,9.9228859166513,11.2349337470067,25.9205303350068,14.8046295731533,30.3998880492443,0,0,0,0,48.1794897357198,119.744352904233,57.8166644323468,119.784807809393,0,0,0,0,0,0,0,0,0,0,415.361466752435,211.461868502416,455.273051010477,443.377747680015
"149",2002,490,12.3333333333333,3094.84044871656,2600.77642904523,733.429329775293,1385.81577721211,291.434089795659,475.771932327636,0,0,0,0,0,0,0,0,0,0,0,0,1.20998663058093,2.34497987200141,0.579241535841583,0.951581349894703,0,0,0,0,0,0,0,0,0,0,6419.20886343569,5619.0097565943,1247.91144349278,2660.45238654436,892.151018662753,1739.30860794841,0,0,246.636269934704,215.891340596043,48.1093881866304,102.582705429919,34.3957880443243,67.0574494174755,0,0,21964.678680978,19310.3895643444,4434.10444097333,9367.38799519474,3261.25756143263,6262.56044040039,0,0,843.917774804304,741.936077215754,172.348524621697,364.79594244529,127.705832365296,245.609443267048,0,0,0,0,9.06538805764257,19.652242731496,7.17457535900297,13.8413886889024,0,0,0,0,0,0,0,0,0,0,291.284591060308,270.071773419282,175.406462789474,389.551027680071,212.137085492189,430.168698445682,0,0,11.1916194952617,10.3765894571534,6.7400597589521,14.9656745399107,8.14037568352514,16.503530275168,0,0,276.58592925916,257.081910745173,292.751326680688,675.393248255422,387.902461640833,797.328395136622,0,0,10.6268733293405,9.87749816797934,11.2474561298288,25.9430182296784,14.883715351543,30.5861069210602,0,0,0,0,48.251685747046,119.958988607331,58.1525431908346,120.596667081943,0,0,0,0,0,0,0,0,0,0,419.066532838785,213.278270284055,462.497248801655,451.37705434744
"150",2002,490,12.4166666666667,3082.9819547584,2588.81366743289,732.572197985123,1383.83599435805,290.63154392869,474.356681149917,0,0,0,0,0,0,0,0,0,0,0,0,1.20870958784893,2.341904616467,0.578023170380943,0.949391782043427,0,0,0,0,0,0,0,0,0,0,6440.82028579249,5629.07549642825,1255.40814015354,2676.08216972911,901.235923210956,1758.62732744075,0,0,247.466615341975,216.278082417285,48.3984870450186,103.185609520825,34.7460913660991,67.8023554121739,0,0,21917.1533676665,19236.6537642281,4434.87891490289,9367.16661924241,3275.30596688199,6295.33361821732,0,0,842.091781484596,739.103029307968,172.379691413291,364.792396906015,128.257870719479,246.899207904658,0,0,0,0,9.07905841293854,19.6792879619509,7.21480638127382,13.9319321451019,0,0,0,0,0,0,0,0,0,0,292.154084067898,270.40156451364,176.405661197799,391.69996831993,214.257142030369,434.82690599433,0,0,11.2250268121264,10.3892605578099,6.778551481558,15.0484637755797,8.22188836176377,16.6825792387485,0,0,275.826127145036,255.915387906889,293.067905432848,675.949247984817,389.938661633876,802.134676800775,0,0,10.5976805258574,9.83267849408272,11.259782811435,25.9647790173107,14.9621255865427,30.7710866643335,0,0,0,0,48.320885889486,120.164904655487,58.484152830659,121.400853863931,0,0,0,0,0,0,0,0,0,0,422.782672848763,215.096873978159,469.782860843912,459.447185577597
"151",2002,490,12.5,3071.17837485139,2576.97118131944,731.656418755263,1381.7524072721,289.809708724691,472.90757136484,0,0,0,0,0,0,0,0,0,0,0,0,1.20740193803318,2.33877224044843,0.576764292433367,0.947130189556597,0,0,0,0,0,0,0,0,0,0,6462.38368780071,5639.079066753,1262.8771117389,2691.63422979219,910.323719733095,1777.97879866621,0,0,248.295115730661,216.662435586564,48.6865195403386,103.785521466841,35.0965073388618,68.5485266261313,0,0,21869.9955182408,19163.5349457555,4435.54691211658,9366.68812548131,3289.22026398037,6327.88945841698,0,0,840.279906645243,736.293686829994,172.406650692862,364.778629823429,128.80456319885,248.180263077731,0,0,0,0,9.09264729876345,19.7060061664744,7.25481551525239,14.0221664888148,0,0,0,0,0,0,0,0,0,0,293.023773462218,270.735979304788,177.402770210542,393.846658630227,216.379374178905,439.503915956503,0,0,11.2584416744179,10.4021093083005,6.81696380522345,15.1311687944609,8.30348726896052,16.8623558572177,0,0,275.077765251399,254.763573526832,293.379075208909,676.486828091768,391.956945959805,806.909340499612,0,0,10.5689272737417,9.78842394269619,11.2719020904825,25.9858335522637,15.0398514466728,30.9548609892833,0,0,0,0,48.3871523956733,120.362229864834,58.8114755017476,122.197284501432,0,0,0,0,0,0,0,0,0,0,426.509890573291,216.917712986534,477.129912574005,467.5883638256
"152",2002,490,12.5833333333333,3059.42994850314,2565.24746923187,730.684254709403,1379.56896934229,288.968689053169,471.424943567787,0,0,0,0,0,0,0,0,0,0,0,0,1.20605304270015,2.33556413563744,0.575465771622231,0.944798186894032,0,0,0,0,0,0,0,0,0,0,6483.90087148993,5649.0235160164,1270.31844668607,2707.10905517589,919.414426830076,1797.36310995424,0,0,249.121840337619,217.044517230121,48.9734888489246,104.382459612006,35.4470365559987,69.295966175781,0,0,21823.2006082057,19091.0264763889,4436.11070330786,9365.95738751169,3303.00024809982,6360.2264678287,0,0,838.481976448446,733.50779494904,172.429491394627,364.754832480231,129.345901569598,249.452548579318,0,0,0,0,9.10613219647066,19.7323607726541,7.29460268248166,14.1120887399117,0,0,0,0,0,0,0,0,0,0,293.893479472298,271.074401141803,178.397469511622,395.989579873334,218.503369690085,444.197660077183,0,0,11.2918571750486,10.4151120159103,6.85528439300834,15.2137311867754,8.38515655541888,17.0427807438263,0,0,274.340361765582,253.626387934032,293.684578731047,677.006398178896,393.957142590226,811.653055235676,0,0,10.5405950609847,9.74473145273312,11.2838040319935,26.0061974333644,15.1168862361934,31.1374553678041,0,0,0,0,48.4505437103079,120.551088713877,59.1344971415026,122.985882966045,0,0,0,0,0,0,0,0,0,0,430.248187335498,218.740816305953,484.538414110577,475.800772096273
"153",2002,490,12.6666666666667,3047.73704403537,2553.64116014616,729.657939130754,1377.28959711674,288.108632225522,469.909197079323,0,0,0,0,0,0,0,0,0,0,0,0,1.20465465200887,2.33226580950133,0.574128282198221,0.942397115874369,0,0,0,0,0,0,0,0,0,0,6505.37274747332,5658.91107619936,1277.73202170304,2722.5067100821,928.507818329825,1816.77994534053,0,0,249.946824150065,217.424413104233,49.2593900278701,104.976426032306,35.797670213316,70.0446616625899,0,0,21776.7647993305,19019.1223902653,4436.57262598664,9364.97945391093,3316.64585510154,6392.34343032766,0,0,836.697843423796,730.745124447017,172.448305067932,364.721203028664,129.881883119572,250.716015112622,0,0,0,0,9.11949502758481,19.7583227097959,7.33416755296493,14.2016957584996,0,0,0,0,0,0,0,0,0,0,294.763043878532,271.416279633627,179.389494236016,398.127472869542,220.628779112073,448.906392076446,0,0,11.3252672349687,10.4282475337346,6.89350303852454,15.296102513694,8.46688278238718,17.2237868656769,0,0,273.613503463611,252.503743829987,293.984201086859,677.508266433126,395.939130794088,816.366325541568,0,0,10.5126680108652,9.7015976700449,11.2954803280814,26.0258823630469,15.1932252263836,31.3188889607378,0,0,0,0,48.5111151577119,120.731602178755,59.4532070187613,123.766580077688,0,0,0,0,0,0,0,0,0,0,433.997562322857,220.566209018119,492.008363069144,484.0845606712
"154",2002,490,12.75,3036.10013198203,2542.15099082414,728.579671612567,1374.91816116208,287.229724079061,468.36078417751,0,0,0,0,0,0,0,0,0,0,0,0,1.2032005051663,2.32886621359835,0.572752364091612,0.939928128333137,0,0,0,0,0,0,0,0,0,0,6526.79951298113,5668.74332014095,1285.11755057717,2737.82692454918,937.603471343822,1836.22865251833,0,0,250.7700747459,217.802183639891,49.5442118874727,105.567409990785,36.1483919527358,70.7945877786954,0,0,21730.6848056597,18947.817264651,4436.9350590762,9363.75949370361,3330.15713849343,6424.23936654423,0,0,834.927381320162,728.00546697374,172.463184892754,364.677944374407,130.412509771666,251.970622726209,0,0,0,0,9.13272138393478,19.7838691301139,7.37350960069033,14.2909842900397,0,0,0,0,0,0,0,0,0,0,295.632325161648,271.761121953604,180.378622103765,400.259288371579,222.755298546406,453.628625064967,0,0,11.3586664167823,10.4414969265849,6.93161117158696,15.378242400928,8.54865425981536,17.4053171418711,0,0,272.896833891764,251.39554416778,294.277765235897,677.99266500029,397.902835270567,821.049528919102,0,0,10.4851324278652,9.65901886593335,11.3069241255895,26.0448971227399,15.2688654310683,31.4991760552349,0,0,0,0,48.5689194747087,120.903888421474,59.7675973927108,124.539312930862,0,0,0,0,0,0,0,0,0,0,437.758012814574,222.393912696844,499.539746278042,492.43985206912
"155",2002,490,12.8333333333333,3024.51976240577,2530.77578654162,727.451614466786,1372.45847840176,286.332185436451,466.780204916731,0,0,0,0,0,0,0,0,0,0,0,0,1.20168598584959,2.32535716284263,0.571338473315816,0.937392254479442,0,0,0,0,0,0,0,0,0,0,6548.18080353287,5678.52129527651,1292.47462555251,2753.0691713542,946.700807633486,1855.70830240671,0,0,251.591578121201,218.177869081236,49.8279385786208,106.155390887356,36.4991794494407,71.5457085912372,0,0,21684.9577794476,18877.1061147396,4437.20040155955,9362.30275011142,3343.53424972228,6455.91349871431,0,0,833.170480723148,725.288631004892,172.474224851822,364.625262381113,130.937787318624,253.216339448684,0,0,0,0,9.14579986681353,19.808982308659,7.41262815076435,14.379951002574,0,0,0,0,0,0,0,0,0,0,296.501194415621,272.108485190712,181.36466256677,402.384144748226,224.882655299881,458.36307815495,0,0,11.3920497677142,10.4548431771115,6.9696014412167,15.4601169131251,8.63046049528062,17.5873223945408,0,0,272.190043180692,250.301680743246,294.565128044713,678.459771387346,399.848220702471,825.70294704498,0,0,10.4579764063132,9.61699088302089,11.3181298739805,26.0632483955314,15.3438053981239,31.6783272627272,0,0,0,0,48.6240072659229,121.068063374017,60.0776632156133,125.30402439285,0,0,0,0,0,0,0,0,0,0,441.529534371184,224.223945771307,507.132541207076,500.866745264465
"156",2002,490,12.9166666666667,3012.99654700343,2519.51444592163,726.275890109589,1369.9143063467,285.416269027294,465.168002671993,0,0,0,0,0,0,0,0,0,0,0,0,1.20010783674389,2.32173285164281,0.56988701949138,0.93479045418617,0,0,0,0,0,0,0,0,0,0,6569.51581186161,5688.24562839623,1299.80274941066,2768.23272618168,955.799126559723,1875.21773728698,0,0,252.41130325948,218.551493510551,50.1105508235877,106.740340566802,36.8500056762495,72.2979793884451,0,0,21639.5812218859,18806.9843109286,4437.37105631355,9360.61450488599,3356.77742253337,6487.36522238993,0,0,831.427045625074,722.594438663649,172.481519103395,364.563364484837,131.457724815505,254.453140189747,0,0,0,0,9.15872154914955,19.8336487428973,7.45152241777311,14.4685925160837,0,0,0,0,0,0,0,0,0,0,297.369532226226,272.457969922455,182.347448877704,404.501294813493,227.010597585471,463.108634176205,0,0,11.4254126996795,10.468270938863,7.00746741091519,15.5416972795933,8.71229179837947,17.7697597260307,0,0,271.4928598947,249.222033819331,294.846176461187,678.90972489033,401.775286342858,830.326790067243,0,0,10.4311895172195,9.57550912081795,11.3290931785381,26.0809413976485,15.4180450021098,31.8563504516008,0,0,0,0,48.6764273770591,121.224241220954,60.3834018926972,126.060662700135,0,0,0,0,0,0,0,0,0,0,445.312120975027,226.056323839936,514.786716950462,509.365319006161
"157",2003,490,13,3001.57997064637,2508.39147603167,725.085905332944,1367.34169452758,284.480566279915,463.519519771748,0,0,0,0,0,0,0,0,0,0,0,0,1.19846066170849,2.31797689064746,0.568394981924879,0.932113067352418,0,0,0,0,0,0,0,0,0,0,6590.79610890942,5697.90111579615,1307.10443964028,2783.31376766558,964.891819350581,1894.73406002707,0,0,253.228926302854,218.922472777214,50.3921446723795,107.322109727333,37.2006158418896,73.0505173488852,0,0,21594.5696989947,18737.4221508586,4437.48229182093,9358.73098381979,3369.86681433867,6518.52020714814,0,0,829.697635676614,719.921748737713,172.486418609061,364.493619181048,131.971545060559,255.678108043025,0,0,0,0,9.17145262249572,19.857746711815,7.49014669671898,14.5567403652653,0,0,0,0,0,0,0,0,0,0,298.23479830965,272.80380620419,183.32550367054,406.602497983896,229.134800800052,467.848478352247,0,0,11.4586576109154,10.4815585213385,7.04515227075679,15.6226668136809,8.79398216852645,17.9519839011686,0,0,270.804666850505,248.155747553382,295.120180514681,679.339239448744,403.681647370098,834.911727124023,0,0,10.4047480474198,9.53454069648055,11.3397859393735,26.0978497586915,15.4914926290381,32.0328874368976,0,0,0,0,48.7260807268097,121.371844136609,60.6844488992433,126.807741324011,0,0,0,0,0,0,0,0,0,0,449.109048132,227.896748633839,522.508947359205,517.962328581699
"158",2003,490,13.0833333333333,2991.17075976648,2497.87949658496,724.454891726515,1365.70086755462,283.499563265506,461.746838809189,0,0,0,0,0,0,0,0,0,0,0,0,1.1967819921686,2.31403351654523,0.56680163396472,0.929169172752981,0,0,0,0,0,0,0,0,0,0,6611.8396666245,5707.15763732744,1314.42677692668,2798.23443138516,973.856080028856,1913.82597597669,0,0,254.037453442478,219.278123137191,50.6745201947106,107.897667554718,37.5462771542883,73.7866979292938,0,0,21550.26998259,18667.9827116392,4438.146205532,9357.24058850469,3382.44440414032,6548.03427328487,0,0,827.995574412394,717.253773949536,172.512343816761,364.438146421489,132.465222756535,256.838511153506,0,0,0,0,9.18364765099964,19.8794925922961,7.5276728594246,14.6413344538102,0,0,0,0,0,0,0,0,0,0,299.054072918964,273.050251550147,184.277392167848,408.559239436753,231.183908657292,472.30526028282,0,0,11.4901354561634,10.4910273451154,7.08183211114869,15.6980874962945,8.87279293131845,18.1233523621557,0,0,270.120743597005,247.089258390254,295.378418234993,679.687525159296,405.524777496218,839.278270998493,0,0,10.3784706296433,9.49356447652749,11.3498729312821,26.1116379476599,15.5625161674933,32.2010514584019,0,0,0,0,48.7704496622219,121.49857825001,60.9742390676772,127.518875353832,0,0,0,0,0,0,0,0,0,0,452.980618933045,229.849980189489,530.421979887364,527.149932782713
"159",2003,490,13.1666666666667,2980.81631216053,2487.48224837112,723.766734961094,1363.96387446492,282.510782563788,459.959209917218,0,0,0,0,0,0,0,0,0,0,0,0,1.19520215018446,2.31026965528056,0.565177620655698,0.92617200122324,0,0,0,0,0,0,0,0,0,0,6632.75504866906,5716.28595666896,1321.70337605654,2813.03561919047,982.794368728555,1932.88899201529,0,0,254.841055867866,219.628847764021,50.9551369902077,108.46862806977,37.8909407386941,74.5217715562762,0,0,21506.3866202481,18599.192031688,4438.723651881,9355.54865324119,3394.91129217423,6577.35752241921,0,0,826.309510070381,714.610725537782,172.534863232377,364.374661598936,132.954463269162,257.991221939157,0,0,0,0,9.19593377355375,19.9012512665851,7.56497136947063,14.7255728803752,0,0,0,0,0,0,0,0,0,0,299.875976156758,273.305856883183,185.230862240189,410.527294712576,233.239772881612,476.796759098247,0,0,11.5217142974541,10.5008481102537,7.11857335955658,15.7739444856332,8.95186536080594,18.2960584193122,0,0,269.450055237549,246.036655653299,295.635872468168,680.023100232615,407.353133034971,843.608736066631,0,0,10.3527017174908,9.45312179529462,11.3599298066315,26.1249379562984,15.6329750231946,32.3678369656053,0,0,0,0,48.8125264498174,121.618194908145,61.2599152793403,128.222108627644,0,0,0,0,0,0,0,0,0,0,456.86282361703,231.805008254343,538.395294879817,536.409139857079
"160",2003,490,13.25,2970.51518415185,2477.19686918765,723.023336684566,1362.13382968163,281.513910910535,458.156398928344,0,0,0,0,0,0,0,0,0,0,0,0,1.19368923265734,2.30662998719572,0.563526499994794,0.923126947261063,0,0,0,0,0,0,0,0,0,0,6653.5569200643,5725.3004743015,1328.93786357379,2827.72532112712,991.710719151378,1951.93012405323,0,0,255.640297032585,219.975199947202,51.2341340333535,109.035297520535,38.2347612799607,75.2560071604226,0,0,21462.9053518782,18531.034882762,4439.21477484063,9353.65526216276,3407.26534910093,6606.48511033472,0,0,824.638894755748,711.992018408903,172.553983013004,364.303170041279,133.439184497036,259.136051759975,0,0,0,0,9.20825984699396,19.9229336678285,7.60204339606101,14.8094533845379,0,0,0,0,0,0,0,0,0,0,300.699810889974,273.569352730482,186.184599186981,412.502049281263,235.300224410441,481.316172825691,0,0,11.5533673498217,10.5109720415772,7.15532545842351,15.8500604006119,9.0311161353089,18.4698409395477,0,0,268.791549477062,244.997677798064,295.891920185543,680.346857314954,409.166523148379,847.905706116108,0,0,10.3274008801074,9.41320260382529,11.3699325858421,26.1377839765847,15.7028617795599,32.5333429064287,0,0,0,0,48.8523685889518,121.73081582253,61.5414588873526,128.917360970424,0,0,0,0,0,0,0,0,0,0,460.755696561283,233.761894581375,546.429060316783,545.74044358208
"161",2003,490,13.3333333333333,2960.26640485746,2467.02088834247,722.226674880492,1360.21400962748,280.508719221083,456.338293706903,0,0,0,0,0,0,0,0,0,0,0,0,1.19221718706376,2.30306908946785,0.561850901439161,0.920038140759084,0,0,0,0,0,0,0,0,0,0,6674.25648925504,5734.21253703419,1336.13289802031,2842.30961005927,1000.60818187466,1970.95476686831,0,0,256.435607583008,220.317615649289,51.5116131666207,109.597908623749,38.5778557515307,75.9896115015262,0,0,21419.8144178422,18463.498183353,4439.62026148125,9351.56169575681,3419.50501319379,6635.41324445771,0,0,822.983276645061,709.397149950341,172.569730389502,364.223723589156,133.919326467353,260.272853064617,0,0,0,0,9.22058441985034,19.9444677711089,7.63889001973835,14.8929741487592,0,0,0,0,0,0,0,0,0,0,301.524995234912,273.839632505487,187.137590878315,414.479823142923,237.363591481066,485.858017939912,0,0,11.5850722563649,10.5213566222607,7.19204947810558,15.9262937676617,9.11048102686117,18.6444893941228,0,0,268.14437034864,243.972130038055,296.145997936494,680.659383161702,410.964730868724,852.171113223063,0,0,10.3025352298801,9.37379941811043,11.3798595755178,26.1501984403553,15.7721680075609,32.697643203688,0,0,0,0,48.8900300742987,121.836561759473,61.818860435139,129.604570658546,0,0,0,0,0,0,0,0,0,0,464.659258908509,235.720691591152,554.52335540498,555.144193834589
"162",2003,490,13.4166666666667,2950.06939505082,2456.95219079226,721.37875291379,1358.20776135344,279.495048199447,454.504879986573,0,0,0,0,0,0,0,0,0,0,0,0,1.19076493975524,2.29955001522509,0.560152735950209,0.916908720836164,0,0,0,0,0,0,0,0,0,0,6694.86217927063,5743.0310201258,1343.29036169203,2856.7929960942,1009.48900005555,1989.96697498677,0,0,257.227311145393,220.656435871916,51.787646453952,110.156634152125,38.9203101517359,76.7227399372803,0,0,21377.104199376,18396.5708067162,4439.94117998682,9349.2700834219,3431.6291425003,6664.13892397892,0,0,821.342286170679,706.825692654666,172.582147371281,364.136407040366,134.39484553479,261.401509165957,0,0,0,0,9.2328740739314,19.9657956811701,7.67551212263929,14.9761335345019,0,0,0,0,0,0,0,0,0,0,302.351041358919,274.115732505873,188.0890559033,416.457682874214,239.428586075096,490.417883212676,0,0,11.616810273774,10.5319648253195,7.22871535647678,16.002531800799,9.18991054299168,18.8198344139139,0,0,267.507822172329,242.959863348945,296.397605793059,680.96103357887,412.747536893708,856.406371316707,0,0,10.2780780376767,9.33490651239665,11.3896915210721,26.1621949013052,15.8408851831465,32.8607918887004,0,0,0,0,48.9255609888844,121.935549631088,62.0921165553125,130.283688557506,0,0,0,0,0,0,0,0,0,0,468.573524779096,237.681444188502,562.678212301068,564.620650854452
"163",2003,490,13.5,2939.92386332639,2446.98892823809,720.481580111641,1356.11846392583,278.472796006875,452.656222578876,0,0,0,0,0,0,0,0,0,0,0,0,1.18931536020684,2.29604257050912,0.558433409692476,0.913741123381105,0,0,0,0,0,0,0,0,0,0,6715.38034678479,5751.76295964375,1350.41156896558,2871.17883122696,1018.35480282721,2008.96976875378,0,0,258.01565195331,220.991930952044,52.0622841721754,110.711602454999,39.2621869203471,77.4555081581533,0,0,21334.7666715372,18330.2430896873,4440.17886545851,9346.78316181086,3443.63691598485,6692.65976109976,0,0,819.715615002112,704.277275247566,172.591286326126,364.041328784208,134.86571054496,262.52192729295,0,0,0,0,9.24510161121469,19.9868704918578,7.7119104035271,15.058930000612,0,0,0,0,0,0,0,0,0,0,303.177532737319,274.396804318254,189.038376358136,418.433250495582,241.49419359179,494.992163316064,0,0,11.6485653985058,10.5427640533544,7.26529931619755,16.0786830581741,9.26936569092588,18.9957375646066,0,0,266.881328140058,241.96075233661,296.646304332492,681.252007679355,414.514739761633,860.612522478952,0,0,10.2540071416126,9.29651906884071,11.3994114917692,26.1737808903589,15.909005464261,33.0228287200535,0,0,0,0,48.9590082920571,122.027893145697,62.3612287028978,130.95467570591,0,0,0,0,0,0,0,0,0,0,472.49850266248,239.64419099928,570.893628962957,574.17000665692
"164",2003,490,13.5833333333333,2929.82976143892,2437.12948170346,719.537161948043,1353.94950941955,277.441913433052,450.792457822471,0,0,0,0,0,0,0,0,0,0,0,0,1.18785478854119,2.29252252578613,0.55669391775927,0.910537207745545,0,0,0,0,0,0,0,0,0,0,6735.8155864711,5760.41381915796,1357.4973558555,2885.46948181852,1027.20668887762,2027.9652628427,0,0,258.800806541465,221.324310808769,52.3355582467005,111.262904074167,39.6035281436136,78.1879971138107,0,0,21292.7951725498,18264.5066257605,4440.33487031945,9344.10416995473,3455.52779219597,6720.97390715383,0,0,818.103007183897,701.751574737552,172.597208060721,363.93861673786,135.331901232002,263.634035723635,0,0,0,0,9.25724525420909,20.0076548935942,7.74808539067876,15.141362073761,0,0,0,0,0,0,0,0,0,0,304.004114595162,274.682103265495,189.985071067521,420.404623134627,243.559627028903,499.577943316998,0,0,11.6803239995402,10.5537256946788,7.30178283556183,16.1546743552585,9.34881621819324,19.1720869130637,0,0,266.26441309725,240.974686790218,296.891711372928,681.532379421446,416.266162136314,864.790302325242,0,0,10.2303042854927,9.25863285296579,11.4090047559031,26.1849591288527,15.9765219335023,33.1837816950917,0,0,0,0,48.9904161889471,122.11370315954,62.6262026490264,131.61750240243,0,0,0,0,0,0,0,0,0,0,476.43419596499,241.608964879003,579.169574091874,583.792393981589
"165",2003,490,13.6666666666667,2919.78722389931,2427.37241024299,718.547488374371,1351.70427975436,276.402396586561,448.913782482248,0,0,0,0,0,0,0,0,0,0,0,0,1.1863723957864,2.28897054643272,0.554934968010158,0.9072984240781,0,0,0,0,0,0,0,0,0,0,6756.17114884897,5768.98785522067,1364.54820202068,2899.66656565979,1036.04534266184,2046.95485025669,0,0,259.582899800012,221.653738985633,52.6074869319409,111.810600837018,39.9443600111288,78.9202600678878,0,0,21251.1840861487,18199.3539806844,4440.41089772998,9341.23670759632,3467.30145068723,6749.07994617884,0,0,816.504246930755,699.248305488705,172.599979242928,363.828412855351,135.79340594548,264.737779649763,0,0,0,0,9.26928755390076,20.0281192729791,7.78403745693424,15.2234283052079,0,0,0,0,0,0,0,0,0,0,304.8304805809,274.970971731454,190.928757749037,422.370261711682,245.624263957914,504.172841010135,0,0,11.7120743063617,10.5648244826288,7.3381511945143,16.230446487908,9.42823819271582,19.3487909754788,0,0,265.656679602548,240.001560432293,297.133498289617,681.802140183498,418.001659232642,868.940224902348,0,0,10.2069541989881,9.22124378142091,11.4184586398232,26.1957291656911,16.0434289230232,33.3436703104467,0,0,0,0,49.0198266208249,122.193088111063,62.8870477307613,132.272146790017,0,0,0,0,0,0,0,0,0,0,480.380603820047,243.575793674689,587.505994250266,593.48789875864
"166",2003,490,13.75,2909.79652579732,2417.71641524014,717.514525797912,1349.38613063576,275.3542815227,447.020445671863,0,0,0,0,0,0,0,0,0,0,0,0,1.18485970179972,2.28537138147824,0.553157066033016,0.904025928902215,0,0,0,0,0,0,0,0,0,0,6776.44923103114,5777.48837121636,1371.56431574123,2913.77111775213,1044.87111774578,2065.93933438042,0,0,260.362016145537,221.980342403952,52.8780780714135,112.354732215643,40.2846960123781,79.6523276610428,0,0,21209.928620641,18134.7784943209,4440.40875579748,9338.18463678969,3478.95775060051,6776.97681923071,0,0,814.919150138794,696.767211607779,172.599670628542,363.710869312681,136.250220043345,265.833118236686,0,0,0,0,9.28121459336344,20.0482403185493,7.81976683648886,15.3051272458266,0,0,0,0,0,0,0,0,0,0,305.656363395297,275.262826817535,191.869128071045,424.328913599299,247.687604082225,508.774895058172,0,0,11.743806048907,10.5760380213079,7.37439251605804,16.3059512606077,9.50761237303209,19.5257744235524,0,0,265.057791419944,239.041264550983,297.371385488214,682.061227262618,419.72112175535,873.062641765715,0,0,10.1839439633769,9.18434767732245,11.4277623544222,26.2060884733337,16.1097221283737,33.502507830913,0,0,0,0,49.0472796397242,122.266154382901,63.1437763181594,132.918593857929,0,0,0,0,0,0,0,0,0,0,484.337721662877,245.544700807304,595.902818488436,603.256568824894
"167",2003,490,13.8333333333333,2899.85805139149,2408.1603138216,716.440211437093,1346.99838003712,274.297639901811,445.112742427746,0,0,0,0,0,0,0,0,0,0,0,0,1.18331018164849,2.2817131962745,0.551360576728633,0.900720669671576,0,0,0,0,0,0,0,0,0,0,6796.65119253228,5785.91790568256,1378.54569684012,2927.78371391421,1053.68410081493,2084.91903064672,0,0,261.138207812767,222.304218598395,53.1473315118799,112.895320068416,40.6245393919581,80.3842118091563,0,0,21169.0246449194,18070.7741329971,4440.33032437875,9334.95200949371,3490.49669931725,6804.66376662466,0,0,813.34755808486,694.308061271328,172.596355775091,363.586145699703,136.702344675438,266.920022379829,0,0,0,0,9.29301536115524,20.0679999161882,7.85527364366334,15.3864574334124,0,0,0,0,0,0,0,0,0,0,306.481527726184,275.55715038115,192.805930491308,426.279555354847,249.749239219199,513.382480180467,0,0,11.7755101861072,10.5873464028491,7.41049710660123,16.3811492858503,9.5869230554389,19.7029748287368,0,0,264.467461405551,238.093684687423,297.605137107546,682.309543737642,421.424475294301,877.157785636368,0,0,10.1612625461353,9.14794014297736,11.4369067919336,26.2160332117788,16.1753985860467,33.6603029660547,0,0,0,0,49.0728137189825,122.333006627806,63.3964034054297,133.556834678746,0,0,0,0,0,0,0,0,0,0,488.305541672977,247.515705760835,604.35996147973,613.098420444773
"168",2003,490,13.9166666666667,2889.97226768573,2398.70301652053,715.326448718764,1344.54429869651,273.232575145293,443.191008071197,0,0,0,0,0,0,0,0,0,0,0,0,1.18171892787469,2.27798699827917,0.549545774610544,0.897383454017003,0,0,0,0,0,0,0,0,0,0,6816.77773697463,5794.27839061062,1385.49218941075,2941.7045751624,1062.48416632533,2103.89385462847,0,0,261.911501835993,222.625441799162,53.4152411264229,113.432372644134,40.9638852459983,81.1159090812436,0,0,21128.4685503892,18007.3353651857,4440.17752745108,9331.54300681354,3501.91842570922,6832.14027821454,0,0,811.789332121578,691.870641949134,172.590109971072,363.454406663133,137.149785745255,267.998472773164,0,0,0,0,9.3046812178303,20.0873842067202,7.8905578899492,15.46741738284,0,0,0,0,0,0,0,0,0,0,307.305764252899,275.853480329174,193.738955956036,428.221344468762,251.80882846472,517.994235645247,0,0,11.8071786755284,10.5987318728956,7.44645690626007,16.4560081299591,9.66615712015416,19.8803399171336,0,0,263.885441312487,237.158698324258,297.834556351386,682.546974756133,423.111679055509,881.225805930617,0,0,10.138900409224,9.11201647107256,11.4458843467963,26.2255588549291,16.2404566253086,33.8170612345533,0,0,0,0,49.096466017363,122.393748044209,63.6449462582883,134.186865746731,0,0,0,0,0,0,0,0,0,0,492.28405315385,249.48882451663,612.877326107501,623.013443786027
"169",2004,490,14,2880.09635368411,2389.23576995531,714.241560070893,1342.12984349123,271.962556473664,440.7814508236,0.202964581306585,0.467542775366453,0,0,0,0,0,0,0,0,0,0,1.18009778328191,2.27417256894886,0.547316921578817,0.893053981559323,0.00040869474139835,0.000947708101953679,0,0,0,0,0,0,0,0,6836.8447859146,5802.5413493268,1392.42673163813,2955.54046404532,1070.49713077055,2120.58178038676,0.803002489364295,2.2606291499825,262.682509946875,222.942917886907,53.6826902063963,113.966146447843,41.2728848003901,81.7594350565028,0.0309596661559509,0.0871589801084396,21088.248965541,17944.2760474957,4440.06261015481,9328.04771954407,3510.67986223456,6852.02324702683,2.62460368488909,7.27994523200714,810.244035337608,689.44780171425,172.585269589583,363.319079228248,137.492945677324,268.778856195325,0.102791686503358,0.285567146993183,0,0,9.31631375567697,20.1062350255387,7.91988276641272,15.5312729587379,0.00592428553983508,0.0165097667395375,0,0,0,0,0,0,0,0,308.140325048678,276.141054747962,194.677982567481,430.143654854683,253.693537229387,522.030678654666,0.186798741352546,0.546533278312776,11.8392438398102,10.609780941514,7.48264770404192,16.530119361211,9.73867984232277,20.0356290119349,0.00717073812188564,0.0209760060041493,263.311729947405,236.234538417213,298.062712240531,682.767920777106,424.474688428439,884.312070544183,0.317499155181559,0.939879361800162,10.1168575067958,9.07650876894072,11.4548129221625,26.2344501352645,16.2930721472898,33.9361477265947,0.0121869011982824,0.0360685517222175,0,0,49.1188218385481,122.447517793611,63.8431430921893,134.663529766827,0.0477678814961107,0.143161252876741,0,0,0,0,0,0,0,0,496.260353036983,251.471853372677,621.426588087758,633.040260783069
"170",2004,490,14.0833333333333,2870.07694952047,2379.46465235047,713.323553698283,1339.9654291568,270.04220166256,436.808038864231,1.07192986773967,2.46726012692422,0,0,0,0,0,0,0,0,0,0,1.17852141949887,2.2703127662057,0.543771696537466,0.88554030739742,0.00216485541868675,0.00501366035893027,0,0,0,0,0,0,0,0,6856.99035193703,5810.71755678801,1399.43716398744,2969.37508667582,1075.9172035444,2129.61534711826,4.3877772568538,12.3515938344461,263.456534809626,223.257060852707,53.9530590453719,114.49985123154,41.4819119349763,82.1078383921848,0.169170857274899,0.476219318404596,21048.2332940805,17881.0736369644,4440.2175328898,9324.61607710907,3510.81476071407,6846.94746237033,14.0696752248341,39.0210253782009,808.706573171915,687.019463630006,172.590795164494,363.185822221495,137.498130305853,268.579931353815,0.551060824403614,1.53071835913677,0,0,9.32821488082874,20.1243330088407,7.92976794489196,15.5385916763471,0.0318746733080774,0.0888017445788887,0,0,0,0,0,0,0,0,309.008943200087,276.396753477604,195.643555343527,432.027557532941,254.987633473368,524.119425157555,0.944139463880158,2.7667042093909,11.8726175420746,10.6196052951862,7.51985912089621,16.6027554294227,9.78853186172856,20.1161681850279,0.0362435798906899,0.106187709345194,262.741781689364,235.309028482641,298.29219841338,682.938186304671,424.77919206125,884.12893537289,1.70240633478902,5.03581350579753,10.094959188832,9.0409491966063,11.4637921682041,26.2413929750067,16.3050583689073,33.9297692021107,0.0653461072925792,0.193255848748415,0,0,49.1410314186284,122.491665280978,63.8815943788588,134.643451715446,0.257093238712892,0.769806936157115,0,0,0,0,0,0,0,0,500.204163534876,253.483072859398,629.930315624476,643.251420413044
"171",2004,490,14.1666666666667,2860.03968099764,2369.73734590741,712.339978007028,1337.69077265756,268.147217127736,432.898307358201,1.91214657485652,4.39761361034845,0,0,0,0,0,0,0,0,0,0,1.17694677313749,2.26647297365314,0.540267275704045,0.878134527081202,0.00387233914536203,0.00895714866884099,0,0,0,0,0,0,0,0,6877.16409475245,5818.90775132288,1406.44748814038,2983.18852058476,1081.35360228385,2138.6740149161,8.09163875423034,22.7760515917913,264.231642269824,223.571741224244,54.2234210655458,115.03273309908,41.6915654916844,82.4572039516457,0.311975311454369,0.878142189561897,21008.4223639533,17818.3163066063,4440.26299385058,9320.94789428348,3510.93854398734,6841.88706286572,25.4787500491027,70.6552701264385,807.176977437362,684.608226244484,172.592039114828,363.043235590962,137.502744106892,268.38131196333,0.997960566329725,2.77176337147114,0,0,9.34003654984556,20.1422306968103,7.93962307075371,15.5459090738697,0.0579317664436175,0.161352402438212,0,0,0,0,0,0,0,0,309.871633093301,276.656310132284,196.601501768001,433.909641887865,256.270684364518,526.209564694523,1.61854861123235,4.74925396580436,11.905763471126,10.6295778765152,7.55677775541553,16.6753224868089,9.83796111913544,20.1967628996483,0.0621336268866488,0.182281790873469,262.17527995935,234.386579956485,298.512818926795,683.075104827837,425.066163037438,883.894659193858,3.07208025550988,9.08196596297999,10.0731932918636,9.00550724849305,11.4724302114051,26.2470532606877,16.3163714267275,33.9214266128121,0.11792196414373,0.34853719051064,0,0,49.1612665353748,122.529504900476,63.9165997495536,134.616543157359,0.467348009635598,1.39809687070666,0,0,0,0,0,0,0,0,504.159036945723,255.496168038018,638.476726146435,653.50472723552
"172",2004,490,14.25,2849.99782096813,2360.06340041858,711.296168453786,1335.31536662481,266.277538246148,429.0518887144,2.72425378983868,6.26023583803557,0,0,0,0,0,0,0,0,0,0,1.17535637892542,2.26262105877352,0.536803879546963,0.87083662457211,0.00553101311362482,0.0127787716267431,0,0,0,0,0,0,0,0,6897.29940078141,5827.05638694212,1413.43758474152,2996.93820328983,1086.78869308235,2147.721481942,11.9079603971438,33.5150641864304,265.005272927219,223.884824835782,54.4930033133335,115.563156859926,41.9011680632187,82.8061371378518,0.459118758601445,1.29220093399909,20968.8630949643,17756.0415046083,4440.21198840539,9317.07027388306,3511.05841587652,6836.85587961545,36.8557320309695,102.193877544531,805.657050868005,682.215528376874,172.589506144835,362.892374955428,137.507072437803,268.183547336719,1.44363950399238,4.00912883073841,0,0,9.35176123195847,20.1598884835439,7.94945222957863,15.553231495686,0.0841012613166762,0.234182656972611,0,0,0,0,0,0,0,0,310.728939142075,276.91933356813,197.552839724338,435.789085851682,257.54478822561,528.301024825254,2.22507417085597,6.53601321471217,11.938702544212,10.639683657128,7.59344271960826,16.7477889338861,9.88704819497619,20.2774104817888,0.0854186050740867,0.250863932186567,261.615932821026,233.471566359057,298.728709484603,683.191935191129,425.341913490666,883.627963447539,4.41479440302949,13.0450133712084,10.0517022856257,8.97035096224542,11.4808859511172,26.251940358996,16.3272535521463,33.9118383140469,0.169464313320016,0.500633575931752,0,0,49.179678813887,122.56143384407,63.9483672332789,134.58323649279,0.678497415671091,2.02793881172533,0,0,0,0,0,0,0,0,508.124901341288,257.511165688089,647.06549665852,663.800181930581
"173",2004,490,14.3333333333333,2839.96237015874,2350.45047966406,710.196850136187,1332.84758068263,264.432950461954,425.268150329367,3.50889060178947,8.05675562224468,0,0,0,0,0,0,0,0,0,0,1.17373705249408,2.2587325698807,0.533381500482234,0.863646233711767,0.00714094186511621,0.0164794840141791,0,0,0,0,0,0,0,0,6917.34465422881,5835.12097166728,1420.39214583211,3010.59207235385,1092.20937298603,2156.73112932734,15.8294074945695,44.5476658885677,265.775443620421,224.194679077559,54.7612175001805,116.089890338263,42.1102161531678,83.1536150344468,0.610319625152645,1.71759071464223,20929.5911080378,17694.276908103,4440.07491776479,9313.00485906817,3511.17959104434,6831.8637445598,48.204256922537,133.647275188267,804.148162076938,679.842433426814,172.583600532478,362.734084283834,137.511323190537,267.987030921421,1.88823607334715,5.24321220654646,0,0,9.36337276131875,20.1772698808735,7.95925618146685,15.5605586464894,0.110387067281705,0.30730759819514,0,0,0,0,0,0,0,0,311.581129122502,277.185282932395,198.498020971607,437.664384212188,258.811118835213,530.392579767063,2.77616952659072,8.16180609068451,11.9714450497184,10.649901856597,7.62987136778775,16.8200969105032,9.93583813900113,20.358063891866,0.106576629039497,0.313270869496869,261.066424756629,232.567254904342,298.94294882024,683.298713232582,425.611348651346,883.343454785324,5.72218515936954,16.9011008985268,10.0305893122188,8.93560586944955,11.4892776759326,26.2564398190123,16.3378929942227,33.901564799418,0.219652098507334,0.648629435989349,0,0,49.1963947401188,122.587788376823,63.9770780260909,134.543907205491,0.890509609843104,2.6592498377877,0,0,0,0,0,0,0,0,512.101689851943,259.528089142502,655.696349911504,674.137766041509
"174",2004,490,14.4166666666667,2829.94252078798,2340.90475232234,709.046249978633,1330.2948717144,262.613131263038,421.546266547255,4.26669334892198,9.7887915170112,0,0,0,0,0,0,0,0,0,0,1.17207903946582,2.25478922889358,0.529999943048045,0.856562684556795,0.00870235591164107,0.0200605387154553,0,0,0,0,0,0,0,0,6937.26001039115,5843.06923057923,1427.29961312749,3024.12622875448,1097.60603509521,2165.68379163107,19.848269515532,55.8518046420422,266.540623452204,224.500063895568,55.0276192703932,116.612014726261,42.3183404699605,83.4989008624676,0.765281799299648,2.15346467509272,20890.6331657104,17633.0425611689,4439.86015186243,9308.76903301642,3511.30575968142,6826.91743949886,59.527656256971,165.025017395481,802.651339323918,677.4897115198,172.574647902224,362.569042354823,137.515644843429,267.792037186918,2.33187714622045,6.47437778159005,0,0,9.37485662727731,20.1943421886402,7.96903352490029,15.5678860453798,0.136791357122248,0.380736740114307,0,0,0,0,0,0,0,0,312.428269982572,277.453524501056,199.437120517312,439.53366268955,260.070224814247,532.482347517291,3.28211682418877,9.65555744221352,12.0039935598946,10.6602081262315,7.66606657103304,16.8921743601371,9.98435197175018,20.4386508282261,0.126002454558904,0.370612891675582,260.528638633217,231.676033923934,299.157749638395,683.402844605162,425.878200717802,883.052331628432,6.98856990764549,20.6339577580937,10.0099267144077,8.90136373362452,11.4976903991002,26.2608361431717,16.3484329861692,33.8910357909954,0.268267186918149,0.791900299774436,0,0,49.2115204885398,122.608855542261,64.0028915076006,134.498884617573,1.10335504955178,3.29195438440557,0,0,0,0,0,0,0,0,516.089337707281,261.546957440748,664.369031220424,684.51742698779
"175",2004,490,14.5,2819.94603190961,2331.4312082086,707.84818814749,1327.66395493495,260.817683509979,417.885275893162,4.99829356127344,11.4579469940564,0,0,0,0,0,0,0,0,0,0,1.17037531159849,2.25077768237526,0.526658860649649,0.849585049720077,0.0102156240522149,0.0235234351573271,0,0,0,0,0,0,0,0,6957.01478430048,5850.87681276738,1434.15131671453,3037.52304114087,1102.97173044132,2174.56595049562,23.9567220015732,67.4050868209005,267.299633457028,224.800043688882,55.2918751561071,117.128851848236,42.5252737684104,83.8414746693239,0.923704696314169,2.59896256054937,20852.0091468456,17572.352601336,4439.57448415495,9304.37688691228,3511.43946075043,6822.02145690194,70.8289373364213,196.335728111664,801.167346387042,675.157905842278,172.562912818678,362.397800247804,137.520140963612,267.598751203326,2.77467724267196,7.70295439949233,0,0,9.38620011131257,20.2110768152943,7.97878156610646,15.5752068433809,0.163314680225834,0.454474435588642,0,0,0,0,0,0,0,0,313.270287699215,277.723375406775,200.369978283391,441.394904311779,261.32225394945,534.568148841788,3.75139222495089,11.0412541085944,12.036345230656,10.6705762291763,7.70202215976851,16.9639437267838,10.0325953033221,20.519087525213,0.14402150043905,0.42381073617171,260.003837006785,230.799600110426,299.374626534612,683.509618561862,426.145238666311,882.763007460067,8.21037181993769,24.2333002830719,9.9897630016142,8.86768974441284,11.5061823094029,26.2653325224835,16.3589797910918,33.8805741409667,0.315172286205093,0.930051497732462,0,0,49.2251459318375,122.624882868805,64.0259493850512,134.448460771868,1.31700595666185,3.92598255458375,0,0,0,0,0,0,0,0,520.087780027983,263.567784803765,673.083292381557,694.939069723811
"176",2004,490,14.5833333333333,2809.97951938358,2322.03390242344,706.606149191592,1324.96093677097,259.046160554098,414.284124354348,5.7043164975203,13.0658070153647,0,0,0,0,0,0,0,0,0,0,1.16862100885498,2.24668850926158,0.523357787908993,0.842712188581692,0.0116812297894892,0.0268698751219193,0,0,0,0,0,0,0,0,6976.58543572406,5858.52552398705,1440.94080961977,3050.76968120974,1108.30152211504,2183.36834207494,28.1470202878597,79.1853309758593,268.051569181506,225.093919405525,55.5537370452573,117.639907961856,42.7308260657464,84.1809798895226,1.08529070646741,3.05323200729684,20813.7335700762,17512.2165888199,4439.22348144061,9299.83996316156,3511.58236676823,6817.17857898725,82.1107771508093,227.587083234437,799.696741095821,672.847383712953,172.548612320665,362.220810132325,137.524881275258,267.407291161792,3.21673828131755,8.9292347392257,0,0,9.39739229513099,20.2274493039457,7.98849691704634,15.5825130567537,0.189956121811958,0.528520407418994,0,0,0,0,0,0,0,0,314.107011914038,277.994135042905,201.296296876599,443.246096371888,262.567108409285,536.647741151691,4.19097003967667,12.3387510830748,12.0684935165612,10.6809792470036,7.73772668067952,17.035327602249,10.0805642979666,20.5992877454817,0.160901524147608,0.47362653177012,259.492803483397,229.939106068538,299.594538112708,683.622636323091,426.414449529663,882.481640460831,9.38565422628639,27.6935321979364,9.97012828123851,8.83462818673083,11.5147902307168,26.2700672908588,16.3696096551335,33.8704161453224,0.360293068186594,1.06286827213166,0,0,49.2373478330113,122.636086081984,64.0463789708553,134.392897456498,1.53143586759277,4.5612687134105,0,0,0,0,0,0,0,0,524.096950315451,265.590580393928,681.838881891556,705.402554023883
"177",2004,490,14.6666666666667,2800.04867659396,2312.71614104659,705.323336701969,1322.19141670949,257.298084722777,410.741697394891,6.38538014788677,14.6139357028212,0,0,0,0,0,0,0,0,0,0,1.16681300269333,2.24251544209221,0.520096168352525,0.835942787725976,0.0130997514906606,0.0301017253961644,0,0,0,0,0,0,0,0,6995.95403806878,5866.00198583111,1447.66336279812,3063.85701263909,1113.59199739606,2192.08490535719,32.4116357756739,91.1709598945254,268.795741857263,225.381177025702,55.8130228030201,118.144831121744,42.9348659186775,84.5171829824145,1.24975043756537,3.51544362537871,20775.816751224,17452.6405137416,4438.8117484681,9295.16781615832,3511.7354968594,6812.39030943242,93.3755272131865,258.785824069415,798.239919801088,670.558375281779,172.531926160184,362.038446994077,137.529909943071,267.217725170814,3.65814975151471,10.1534757921688,0,0,9.40842398248455,20.2434391593285,7.99817588525544,15.589796354206,0.216713487137194,0.602870338350975,0,0,0,0,0,0,0,0,314.93820837366,278.265106688725,202.21570609388,445.085318272392,263.804547439038,538.718959031008,4.6065729398474,13.5644397893152,12.1004294172208,10.6913904105889,7.77316587604371,17.1062521032775,10.1282496213015,20.6791681860209,0.176862227501625,0.520689449331926,258.995951313738,229.095275096297,299.818004507703,683.74416133596,426.687191160331,882.212574061597,10.513750408875,31.01270519326,9.95103843103516,8.8022068508451,11.5235341368186,26.2751273795414,16.3803746681533,33.8607284438545,0.403603955982409,1.19027587884911,0,0,49.2481923535548,122.642655152858,64.0642957426605,134.332431689005,1.74661926961993,5.19775035151721,0,0,0,0,0,0,0,0,528.116779488626,267.615348290481,690.635539679301,715.907695516034
"178",2004,490,14.75,2790.15845750429,2303.48063505789,704.002718969562,1319.3605722144,255.572962238847,407.256845906874,7.04209447671251,16.1038745730726,0,0,0,0,0,0,0,0,0,0,1.16494952817727,2.23825470978646,0.516873378516148,0.829275397300013,0.0144718450310458,0.0332209850471816,0,0,0,0,0,0,0,0,7015.10701036704,5873.29652670284,1454.31554831636,3076.77867479593,1118.84086699341,2200.71191906367,36.7433599674106,103.341301164309,269.531629681807,225.661444951199,56.069600276533,118.643376015223,43.1373050424327,84.8499403047728,1.41680671949978,3.98480256766212,20738.26576187,17393.6276286429,4438.34314633072,9290.36847415308,3511.8993911083,6807.65722564761,104.625223500764,289.937785464121,796.797154204789,668.291005516542,172.513005254016,361.851026531608,137.535252352933,267.030084966306,4.09898908335863,11.3758999079892,0,0,9.41928759337758,20.259029609477,8.00781476443311,15.5970486339247,0.243583484909982,0.677516451626459,0,0,0,0,0,0,0,0,315.763604943666,278.535614117181,203.12781172577,446.910802782303,265.034265220305,540.779812761572,5.00288840104345,14.7318288148961,12.1321424767959,10.7017837382073,7.80832455985646,17.176649227325,10.175639433339,20.7586522699162,0.19208356609608,0.565517992631595,258.51341382285,228.268497547094,300.045208222367,683.875418886512,426.964324507594,881.958716718383,11.5949512343394,34.1916388894721,9.93249857356792,8.77044073475686,11.5324210253043,26.2805598264528,16.3913078391277,33.8516225901851,0.445116131627405,1.31230580719814,0,0,49.2577371692876,122.644759395577,64.0798054982477,134.26728032836,1.96253129753304,5.83536713444054,0,0,0,0,0,0,0,0,532.147195193717,269.642087561236,699.472993697261,726.454267930137
"179",2004,490,14.8333333333333,2780.31321545023,2294.32961696029,702.647064017692,1316.47322367069,253.870293977038,403.828405106117,7.67506092152091,17.5371413785621,0,0,0,0,0,0,0,0,0,0,1.16302989678534,2.23390452290465,0.513688748111256,0.822708463107454,0.0157982292565774,0.0362297579225646,0,0,0,0,0,0,0,0,7034.03415944545,5880.40234556798,1460.89492649602,3089.53039586064,1124.0466667801,2209.24736010626,41.1353711541281,115.676781896779,270.258841017115,225.934461875405,56.3233752876165,119.135377599071,43.3380868619203,85.1791734834605,1.58619717462863,4.46055603469764,20701.0851533937,17335.1790753798,4437.82095623942,9285.44878431488,3512.07423917359,6802.97923728078,115.861602250102,321.047940751779,795.368619178724,666.045318289093,172.491978022876,361.658818530393,137.540920116468,266.844375978667,4.53932224435849,12.5966964915912,0,0,9.42997702163655,20.2742072816075,8.01741000514412,15.6042623462204,0.270561912417153,0.752448087863919,0,0,0,0,0,0,0,0,316.582909993267,278.805012223123,204.032225280207,448.720964698509,266.255938581138,542.828535377955,5.38374622164094,15.8520238937551,12.1636214903655,10.7121344438873,7.84318776103959,17.2464579562582,10.2227212232351,20.8376719601845,0.206712564507635,0.608538422359032,258.045113433834,227.458905558924,300.276075999609,684.016837655172,427.246322822201,881.721852685369,12.6302596939487,37.2332249022835,9.91450572821089,8.73933491541893,11.5414480630831,26.2863810557751,16.4024272871481,33.8431669766023,0.484868112357445,1.4290690663604,0,0,49.2660331263306,122.642551449578,64.0930060336354,134.197643662997,2.17914749492177,6.47406015185384,0,0,0,0,0,0,0,0,536.188121440198,271.670792451149,708.350958851084,737.04200697175
"180",2004,490,14.9166666666667,2770.51680867469,2285.26492943448,701.258966577925,1313.5338842097,252.189583148577,400.455208241025,8.28487205003517,18.9152293236038,0,0,0,0,0,0,0,0,0,0,1.16105427091517,2.22946466794997,0.510541577017561,0.81624035501697,0.0170796737187793,0.0391302293948557,0,0,0,0,0,0,0,0,7052.72795607028,5887.31488065483,1467.3998116593,3102.10947938366,1129.20853666943,2217.69042852468,45.5812739327072,128.159046312408,270.977086577986,226.200052527755,56.5742826409064,119.620731389887,43.5371780224985,85.5048511754127,1.75767574456459,4.94199781675659,20664.2775041142,17277.2943576754,4437.24800201589,9280.4146696704,3512.25997452628,6798.35577449614,127.086119315015,352.120456954196,793.954413786576,663.821294531611,172.468955133972,361.462056824571,137.5469147405,266.660584670952,4.97920447434055,13.8160240981922,0,0,9.4404874688962,20.2889618231181,8.02695829903748,15.6114306337261,0.297643837284477,0.827652265199542,0,0,0,0,0,0,0,0,317.395825097427,279.072693272413,204.928579654521,450.514405933956,267.469252637837,544.863592795727,5.75226571252889,16.934128938585,12.1948549919628,10.7224191775112,7.87774132685337,17.315624454518,10.2694827962001,20.9161681544892,0.220868967227912,0.650100149964608,257.590814350892,226.666431239835,300.51034600084,684.168246183735,427.533362807347,881.502898919919,13.6211967067677,40.1418724315932,9.89705083531512,8.70888678431363,11.5506051673841,26.2925844256587,16.4137397402163,33.8353966934659,0.522918294968013,1.54073490416802,0,0,49.2731255443397,122.636170406154,64.1039884553397,134.123708214824,2.3964436232328,7.11377131494165,0,0,0,0,0,0,0,0,540.239478474136,273.701452650859,717.269137614195,747.670615287455
"181",2005,490,15,2760.12945700534,2275.56231708187,699.832708911686,1310.59384654694,249.932081841565,395.757278746941,9.49016351105984,21.6446149634028,0,0,0,0,0,0,0,0,0,0,1.15906568762202,2.2250110744772,0.506219686680836,0.80705684499224,0.0195714619078607,0.0447948447494775,0,0,0,0,0,0,0,0,7071.40370905311,5894.18259030617,1473.78416684295,3114.57647323138,1131.62614536999,2218.31641574004,52.9248631926718,148.788916086907,271.694638873276,226.46392091519,56.820560405251,120.10177717451,43.6304629864524,85.5291349707225,2.04088691898735,5.73760761647973,20627.689713692,17219.6163639899,4436.43319122684,9275.32549888176,3504.02309107236,6770.06892176298,147.023218802258,407.347854851172,792.548655665074,661.605213447878,172.436667667771,361.263175675111,137.22295881564,265.548382907448,5.760310206074,15.9828310002285,0,0,9.45113718386328,20.3039276883551,8.01718144081419,15.5640600185242,0.344821467978511,0.958823962285251,0,0,0,0,0,0,0,0,318.238411577062,279.360362065083,205.841292796217,452.343198479386,268.068108937963,545.041034184118,6.74648727158697,19.8425129426648,12.2272285151787,10.7334718722081,7.91292400526845,17.3861500914161,10.2926526002109,20.9233542339267,0.25905060756865,0.761773215880371,257.152515857246,225.891798579081,300.750043532196,684.336932985078,426.791000734008,878.208808149768,15.6326645575588,46.0610711848062,9.88021071054013,8.67912415826563,11.5599702474178,26.2994500290973,16.385530505793,33.7095869870284,0.600150687564093,1.76796414735969,0,0,49.2808621194173,122.629464646932,63.9586082947904,133.577038009426,2.77404891201707,8.23268224882565,0,0,0,0,0,0,0,0,544.254989953889,275.699917880433,726.119969747098,758.151598601298
"182",2005,490,15.0833333333333,2749.54856130895,2265.69253477674,698.353445136138,1307.57937208153,247.548189653805,390.777975933685,10.8264546384196,24.6629847459767,0,0,0,0,0,0,0,0,0,0,1.15702168907201,2.22048728212968,0.501633684093352,0.797280059839351,0.0223389692441011,0.0510692932832922,0,0,0,0,0,0,0,0,7090.05302569823,5901.01600061951,1480.13269606718,3126.99508882961,1133.27556737054,2216.74512520412,61.2368530171172,172.110768383549,272.411175442196,226.726471467208,57.0654566923787,120.580952365378,43.6941263159143,85.4686931608069,2.36144746002304,6.63704272985916,20591.2592122003,17162.2529447857,4435.47882171577,9270.06481221126,3493.45764325585,6735.29342197881,169.414165174258,469.293053180304,791.148940782288,659.401218824712,172.398978996267,361.057564262388,136.807689245134,264.181399206167,6.63755565678134,18.4131967143019,0,0,9.46156036777476,20.3185633351849,8.00200485061021,15.5015542085605,0.397904849137769,1.10622194135266,0,0,0,0,0,0,0,0,319.081244975196,279.649557933294,206.746903184858,454.161167168922,268.476660844013,544.662106680982,7.83216895263284,23.0166655643489,12.2596115253443,10.744583239596,7.94783381679993,17.4562600278616,10.3085155799032,20.9091808920652,0.300745641925865,0.883654082292193,256.71869074576,225.125016217811,300.982336093111,684.491738530134,425.748181667344,874.036616765723,17.8980975990908,52.7131298499738,9.86354246016404,8.64966315328895,11.5690500121023,26.3057803449601,16.3457841846714,33.5500656035053,0.687136285551591,2.02333293819137,0,0,49.287645242734,122.619066417493,63.7675054497224,132.895158469302,3.19860756379356,9.4887264755955,0,0,0,0,0,0,0,0,548.267581572144,277.690429999983,734.963599400335,768.591232280965
"183",2005,490,15.1666666666667,2738.97217060816,2255.87566710107,696.826707528911,1304.48202408383,245.216333483969,385.928272328397,12.1103361592709,27.5531714647774,0,0,0,0,0,0,0,0,0,0,1.15490626803691,2.21586256465772,0.497143444529085,0.787746496058432,0.0250092214543479,0.0570999529935754,0,0,0,0,0,0,0,0,7108.54980507191,5907.72010481518,1486.44056321702,3139.30960037856,1134.93533020007,2215.21939518696,69.6806080302279,195.766131135811,273.121851285214,226.984053871403,57.3087836056133,121.056111898091,43.7581876158037,85.4100063335079,2.68710203663559,7.54937479394919,20555.0674779892,17105.3365299457,4434.45229878953,9264.63826119311,3483.061574611,6701.04973076436,191.694310092061,530.835871682803,789.758399668139,657.214398829851,172.358462486137,360.845409147262,136.398934381398,262.83501550804,7.51049959818771,20.8278232694903,0,0,9.4716708813209,20.3326848124187,7.9871188971992,15.4400038917331,0.451024218896713,1.25347447817534,0,0,0,0,0,0,0,0,319.913745026193,279.933548065948,207.639168212344,455.954098344643,268.874958636084,544.272272031214,8.82954281560855,25.9295915986981,12.2915975117429,10.7554945943047,7.98223069581577,17.5254078555412,10.323984785049,20.8945873493424,0.339051914649944,0.995512603738163,256.292024032104,224.368870461071,301.210029992154,684.639193500895,424.715571268474,869.911081963403,20.0935738958225,59.1418720262874,9.84714924678301,8.6206108236792,11.5779522728219,26.3118262537578,16.3064277420789,33.3923282199123,0.771439073915672,2.27013926635577,0,0,49.2930435047625,122.604196145227,63.5763737165939,132.216818907131,3.62319060642973,10.7410597208895,0,0,0,0,0,0,0,0,552.290720702822,279.682983107949,743.829080351476,779.040964610457
"184",2005,490,15.25,2728.41552590506,2246.12293049192,695.25808548105,1301.3119738935,242.935665277903,381.205349809067,13.3433583522101,30.3193261937639,0,0,0,0,0,0,0,0,0,0,1.15271918243474,2.21113220218188,0.492746500310592,0.778450140638645,0.0275836997475116,0.0628920100704527,0,0,0,0,0,0,0,0,7126.82653547434,5914.24038068478,1492.68727051658,3151.47792541895,1136.58773800604,2213.70484015524,78.242802505453,219.716454267145,273.824072494861,227.234573297338,57.5497535366913,121.525638613208,43.821966852646,85.3517530976782,3.0173383545098,8.4731217420008,20519.1627688,17048.9047949354,4433.3666155534,9259.07311437641,3472.83990490591,6667.3442722426,213.86976800631,591.995266359064,788.378886462401,655.046201014886,172.315623529628,360.627773903982,135.996896423613,261.509496912412,8.3793762824728,23.2274395002585,0,0,9.48148992414733,20.3463015620202,7.97251807105673,15.3793954334095,0.504180414551956,1.40059075203929,0,0,0,0,0,0,0,0,320.736174035116,280.212226537297,208.519193907252,457.723209820326,269.264867470842,543.874708425427,9.75456605777386,28.6265675229716,12.3231965525546,10.7662018664976,8.01615711135561,17.5936402990657,10.3391317969755,20.879695579459,0.374582138130635,1.09908694218902,255.87615131112,223.626678916123,301.437107147509,684.789016127603,423.699339487836,865.84519319766,22.2119991737289,65.3279415387826,9.83117075576444,8.59209463721278,11.5868300525412,26.317961161129,16.2676980408316,33.2368734586662,0.852786628161829,2.50763990871145,0,0,49.2971850608195,122.585230148135,63.3854429089188,131.542468088275,4.04776523108804,11.9896414324881,0,0,0,0,0,0,0,0,556.32427918523,281.677539875627,752.716026321067,789.500482807673
"185",2005,490,15.3333333333333,2717.89129256604,2236.44341828167,693.652473611197,1298.07811070598,240.705194392592,376.606183127564,14.5270461763504,32.965515641994,0,0,0,0,0,0,0,0,0,0,1.15046166014074,2.20629485125886,0.488440543971143,0.769385150837055,0.0300640648623455,0.068450927983194,0,0,0,0,0,0,0,0,7144.83214315694,5920.53624239461,1498.85763119068,3163.46917552484,1138.22020392007,2212.17740575869,86.9100533939774,243.923120351027,274.51587673604,227.476470372378,57.7877827471432,121.988345072273,43.8849801361887,85.2930087070601,3.35164178161878,9.4067985313783,20483.5809769603,16992.9849521385,4432.23189958731,9253.39066372108,3462.79542291958,6634.17908964512,235.946126716355,652.788623914859,787.011780205975,652.89767092307,172.270856519185,360.405490238765,135.601690506659,260.204937266549,9.24439992001082,25.6127144970593,0,0,9.49103338278119,20.3594181381094,7.95819493447449,15.3197107911343,0.557372025040086,1.54757271091424,0,0,0,0,0,0,0,0,321.548542653978,280.485315419171,209.387497450412,459.468703715464,269.647367026295,543.470961586335,10.6203878451346,31.1451388022554,12.354409057047,10.7766943777298,8.04963290162519,17.6609650413518,10.3539941660896,20.8645648126212,0.407841197569443,1.19581844287583,255.473571483445,222.900696690644,301.66638259971,684.948024715453,422.703931698509,861.848144270797,24.2494457420543,71.2609419151588,9.81570299886756,8.56420123873282,11.5957915272135,26.324447041449,16.2297657445918,33.0840542735498,0.931028110179994,2.73543560590584,0,0,49.300176396303,122.562483991471,63.1949072556313,130.872478858088,4.47230220177635,13.2344420039336,0,0,0,0,0,0,0,0,560.368130508478,283.674061576233,761.624093164208,799.969508326685
"186",2005,490,15.4166666666667,2707.41007920708,2226.84453474206,692.014200702949,1294.78828204671,238.523833685847,372.127617575662,15.6628961435631,35.495715595392,0,0,0,0,0,0,0,0,0,0,1.14813598031465,2.20135167326744,0.484223381397696,0.760545801744449,0.0324521225839984,0.0737823815788321,0,0,0,0,0,0,0,0,7162.52836618124,5926.57792475929,1504.94054914842,3175.26105738402,1139.82399737419,2210.62078799634,95.6692469215459,268.348367822873,275.19579392389,227.708601470502,58.0224445478867,122.44337383951,43.9468916508529,85.2331460246352,3.68950790412663,10.3489526373727,20448.3483701607,16937.5961009483,4431.05605794327,9247.60757882689,3452.92924265585,6601.55296802179,257.928429883931,713.231717124327,785.65809014589,650.769542383578,172.224469800538,360.179210451167,135.213366321222,258.921302849628,10.1057639730595,27.9842557869446,0,0,9.50031333204379,20.3720362978918,7.94414110784594,15.2609296881428,0.610595611252791,1.69441582966587,0,0,0,0,0,0,0,0,322.350689978062,280.752428166524,210.244216333709,461.190161220476,270.022873557083,543.061563054394,11.4378174054839,33.516367693971,12.3852288430035,10.7869572763225,8.08266330925567,17.7273658901482,10.3685877856314,20.8492152919364,0.439244124149248,1.28689953721587,255.085905704307,222.19235896913,301.899733656125,685.1207253863,421.732399562949,857.926088573368,26.2044166853527,76.9373786429276,9.80080826346998,8.53698577032262,11.6049088318295,26.3314570186703,16.1927480114119,32.934106918426,1.00610601469369,2.95339206304661,0,0,49.3021066770669,122.536224546722,63.0049320838663,130.207162484408,4.89677495244281,14.4754399446487,0,0,0,0,0,0,0,0,564.422147134013,285.672507077445,770.55295577947,810.447773507048
"187",2005,490,15.5,2696.98086254151,2217.33235036155,690.347135730848,1291.44949130177,236.390436259507,367.766430745267,16.7523740761876,37.9138064713244,0,0,0,0,0,0,0,0,0,0,1.14574514367862,2.1963056364827,0.480092899444415,0.751926455395621,0.0347497920040288,0.0788921963600323,0,0,0,0,0,0,0,0,7179.88679681046,5932.34394531491,1510.9280247245,3186.83775781932,1141.39323107379,2209.02435303329,104.507780923912,292.955977223993,275.862732587733,227.930141201092,58.2534311491235,122.890116325572,44.0074747794454,85.1717556901544,4.03045184879895,11.2981904535704,20413.483826241,16882.7511411015,4429.84530037784,9241.73700419942,3443.24124922696,6569.46233121052,279.82118004185,773.33871846824,784.318541599357,648.662311024858,172.176705918093,359.949449948173,134.831925452032,257.658467289333,10.9636412405575,30.3426097646581,0,0,9.50933917857846,20.3841564747181,7.93034794353674,15.2030311033761,0.663845996151907,1.84111005387188,0,0,0,0,0,0,0,0,323.142346028236,281.013118343968,211.089260876199,462.886826672085,270.391470804041,542.646469273518,12.2157384918302,35.7659465884178,12.4156455373944,10.796973409514,8.1152448415422,17.79281369414,10.3829157651041,20.8336451477207,0.469132009235815,1.37331648445683,254.714110588075,221.50248084362,302.138305157901,685.309829818643,420.78670014187,854.082812524419,28.077221880983,82.3589053042832,9.78652330422712,8.51047954912151,11.6142259484549,26.3390952574867,16.1567199708432,32.7871767828452,1.07803220937138,3.16157261596061,0,0,49.3030513739058,122.506680050022,62.8156594025797,129.546780632436,5.32115880822901,15.7126194412726,0,0,0,0,0,0,0,0,568.48619865181,287.672832217113,779.502293481971,820.935007446843
"188",2005,490,15.5833333333333,2686.61126171486,2207.91183106109,688.654756901915,1288.06802610463,234.303818026306,363.519370209333,17.7969140913509,40.2235716528717,0,0,0,0,0,0,0,0,0,0,1.14329267147519,2.19116107966311,0.47604705020159,0.743521551153981,0.0369590819636905,0.083786303529716,0,0,0,0,0,0,0,0,7196.88698200621,5937.81947891699,1516.81451847645,3198.18859315827,1142.92422207749,2207.38183280914,113.413691621197,317.711630806876,276.515906889127,228.140519958389,58.480529246097,123.328160954743,44.0665875800154,85.1085960527336,4.37401316649242,12.2531911452375,20379.0002680782,16828.4579972994,4428.60447274557,9235.78925696397,3433.73037719496,6537.90179832678,301.628358910616,833.122262203504,782.993631084433,646.576281326538,172.127754517983,359.716614284778,134.457332207951,256.41623324052,11.8181846170515,32.688264012384,0,0,9.5181183226271,20.3957785143748,7.91680684148334,15.1459939760804,0.71711654887411,1.98764069524576,0,0,0,0,0,0,0,0,323.923169086085,281.266907996988,211.922396169681,464.55775613854,270.753030424133,542.225286384585,12.9614048353375,37.9149993170861,12.4456460108519,10.8067244135276,8.14736842004341,17.8572720546707,10.3969730596288,20.8178390394539,0.497783349163194,1.45588013504597,254.35861685746,220.831387250279,302.382656174049,685.516618888318,419.867911008369,850.320212202893,29.8695601452842,87.5311414039475,9.77286467019629,8.48469505969644,11.623764343322,26.3474109343989,16.1217229798665,32.6433366814336,1.14687188977593,3.36019284519207,0,0,49.3030746602466,122.474046767037,62.6272116065666,128.891553289795,5.74543047430778,16.9459687531721,0,0,0,0,0,0,0,0,572.560150931334,289.674989596707,788.471784194513,831.43093112231
"189",2005,490,15.6666666666667,2676.30782472822,2198.58707731741,686.940223992807,1284.64959279333,232.26278092969,359.383192098869,18.7979177823291,42.4286963408412,0,0,0,0,0,0,0,0,0,0,1.14078239319788,2.18592325341592,0.472083833453362,0.735325593308284,0.0390820670168155,0.0884706943253373,0,0,0,0,0,0,0,0,7213.51443722052,5942.99466110782,1522.59628761743,3209.30660094242,1144.4148293868,2205.68997510836,122.37577689894,342.583260760269,277.154760308577,228.339358734153,58.7035945548936,123.757239119644,44.1241473615795,85.0435413566954,4.71976058184813,13.212720066747,20344.9061644745,16774.7208977239,4427.3374062641,9229.77255749778,3424.39490109697,6506.86476349379,323.353451164929,892.593516630259,781.683683986536,644.511615742059,172.077765865361,359.481027480359,134.089524926018,255.194354968699,12.6695279848388,35.021650013266,0,0,9.52665686700581,20.4069024898919,7.90350960469272,15.0897979991538,0.770399458463651,2.13398930132035,0,0,0,0,0,0,0,0,324.692784830016,281.513317380106,212.74333183294,466.201980723539,271.107345256534,541.797519982345,13.6807427424345,39.9809016441343,12.4752158813421,10.8161918557747,8.17902282988736,17.9207036023814,10.410751591935,20.801777755746,0.52542566441656,1.53525743066338,254.019474002727,220.179048226688,302.632907083598,685.741309946766,418.976443545731,846.638766505539,31.5840946508615,92.4624726499723,9.75983426287469,8.45963115084298,11.6335286193671,26.3564123495594,16.0877728093324,32.5026050102389,1.21272727600477,3.54957451657398,0,0,49.3022319081852,122.438495930037,62.4396953191149,128.24166696511,6.16956756498022,18.1754787225075,0,0,0,0,0,0,0,0,576.643865222712,291.678928358861,797.461097191509,841.935250909364
"190",2005,490,15.75,2666.07621474517,2189.36147968987,685.206425844058,1281.19940445809,230.266126978804,355.354684302568,19.7567539302665,44.532767612544,0,0,0,0,0,0,0,0,0,0,1.1382183228364,2.18059804011967,0.468201290757922,0.727333153802279,0.0411208687081732,0.0929513846465609,0,0,0,0,0,0,0,0,7229.75937232128,5947.8635021661,1528.27096522515,3220.18764977223,1145.86404205252,2203.94770977343,131.383644432199,367.541185397463,277.778916693549,228.526427393713,58.9225356614843,124.177191013201,44.1801148708522,84.9765497293915,5.06729385634858,14.175634034958,20311.206492399,16721.5411917253,4426.04713786182,9223.69348897189,3415.23261331216,6476.3437481997,344.999478362245,951.762284844961,780.388891529306,642.468366115547,172.026859375878,359.242949837107,133.728422900106,253.992552095462,13.5177875008321,37.343146972488,0,0,9.53495999141485,20.4175289930125,7.89044853969636,15.0344238538897,0.823686012770782,2.28013451912274,0,0,0,0,0,0,0,0,325.450808203808,281.751880678695,213.551761786483,467.818573760483,271.45418424314,541.362672882197,14.3785769211934,41.9779012442715,12.5043403543893,10.8253578389122,8.2101962494799,17.9830725823944,10.4242423649436,20.7854419758815,0.552244171198781,1.61199520697131,253.696444342595,219.545167091928,302.888848965188,685.983323622714,418.112204176653,843.037888520208,33.2241632063584,97.1632240608893,9.74742295016972,8.43527642360557,11.6435107199426,26.3660771779698,16.0548658334993,32.364959233431,1.27572648775071,3.73011383497747,0,0,49.3005713588853,122.400178394744,62.2532039949498,127.59728024693,6.59354826397261,19.401141697964,0,0,0,0,0,0,0,0,580.737197963251,293.684594265978,806.469892366093,852.447659001217
"191",2005,490,15.8333333333333,2655.92136155599,2180.23784518007,683.456019285158,1277.72225297146,228.312669013965,351.430684121073,20.6747584764167,46.5392750810664,0,0,0,0,0,0,0,0,0,0,1.1356045634203,2.17519173309486,0.4643975021718,0.719538877316698,0.0430776394936491,0.0972343849435562,0,0,0,0,0,0,0,0,7245.61566377106,5952.4230131706,1533.83722455955,3230.82973074334,1147.27165598863,2202.15549760429,140.427731441927,392.55816419317,278.388140767943,228.701611097936,59.1373011360723,124.587938427916,44.2344818829708,84.9076381795688,5.41624456105618,15.14088348349,20277.9035132925,16668.918007776,4424.73608651274,9217.55736434908,3406.24096362934,6446.33067632665,366.569035601216,1010.63711314604,779.109340601454,640.446498961447,171.975130444683,359.002592174009,133.373931821399,252.810520336192,14.3630629908757,39.6530859401027,0,0,9.54303222951193,20.4276592957102,7.87761649816704,14.979853316145,0.876966852321776,2.42605287894278,0,0,0,0,0,0,0,0,326.196859649323,281.982157227132,214.347390969835,469.406693342243,271.79332794243,540.920306028414,15.0588225121329,43.9176477869362,12.5330048467631,10.8342054318624,8.24087727843613,18.0443464916065,10.4374368284306,20.7688146145219,0.578389155415057,1.68654054550499,253.389079073063,218.929251724533,303.150034195725,686.24150389174,417.274727775501,839.516214398595,34.793544962598,101.644991495593,9.73561348831617,8.41161196989023,11.653693410607,26.3763609256427,16.022984152375,32.2303469725339,1.33601458610052,3.90225578035795,0,0,49.2981354916255,122.359228463282,62.067820064542,126.958528377518,7.01735106722438,20.6229507115108,0,0,0,0,0,0,0,0,584.840000788009,295.691929859545,815.497820624943,862.967834890798
"192",2005,490,15.9166666666667,2645.8475876002,2171.21850224213,681.691461835386,1274.22256938928,226.401239083964,347.608091825632,21.5532347267161,48.4516120832365,0,0,0,0,0,0,0,0,0,0,1.13294522995278,2.16971085635213,0.460670583973413,0.711937486172014,0.0449545490972864,0.101325674954446,0,0,0,0,0,0,0,0,7261.08000469786,5956.67248588349,1539.29450520754,3241.23238061059,1148.63801587411,2200.31481351631,149.499303671771,417.609392632309,278.982305476449,228.864882635191,59.3478690199289,124.989462610131,44.2872612904852,84.8368627492608,5.76627605001553,16.1075123017277,20244.9974152241,16616.8487956642,4423.40619838306,9211.36852786496,3397.41717184668,6416.81709461444,388.064328973698,1069.2254015839,777.845038429463,638.445916296462,171.922656068636,358.760127522318,133.025948170216,251.64794011358,15.2054393772228,41.9517540242414,0,0,9.55087769139744,20.437295461292,7.86500689963283,14.9260693203881,0.930232185435187,2.57171946018543,0,0,0,0,0,0,0,0,326.930577621032,282.203739818531,215.129956203214,470.965614311812,272.124596159027,540.470085025418,15.7246467023922,45.8096409257047,12.5611954673065,10.8427189890852,8.27105574020624,18.1044973103553,10.4503279421429,20.7518826127016,0.603982178796775,1.75925797403151,253.096780996533,218.330673212859,303.415849140907,686.514295455298,416.46328361181,836.071831862099,36.2962748542917,105.920108866656,9.72438293202963,8.38861362590556,11.6640530731019,26.3872037462801,15.9920996600138,32.0986947795041,1.39374644839097,4.06647365320108,0,0,49.2949621621448,122.315767066937,61.8836167220007,126.325527055421,7.44095461023134,21.840898912456,0,0,0,0,0,0,0,0,588.952120644091,297.700874652541,824.544524202453,873.495446585158
"193",2006,490,16,2635.75486299168,2162.12783906078,679.923773636323,1270.77442338022,224.176465655355,343.06990738573,22.7519713581527,51.0888800085351,0,0,0,0,0,0,0,0,0,0,1.13025511293538,2.16417185815086,0.456297460328122,0.702855249510276,0.0474845342229339,0.106904534536138,0,0,0,0,0,0,0,0,7276.34532864123,5960.78488101649,1544.50392390129,3251.26580796728,1148.14993215648,2193.21777791546,160.447335308917,447.946186167088,279.568823634191,229.022887432617,59.5489043399315,125.376776688962,44.2685418221584,84.5634220495288,6.18867804690322,17.2779939059981,20212.8164638757,16565.5614620786,4421.69589100052,9204.81181500085,3383.39141309597,6372.61503318004,414.921587673489,1142.75167137277,776.608597503171,636.475374660286,171.855561146324,358.50345915538,132.474221336294,249.909199532479,16.2577719062997,44.8362059948433,0,0,9.55855304435437,20.4464603271116,7.8401840965189,14.8377241515224,0.996079496123194,2.75257980877981,0,0,0,0,0,0,0,0,327.666685332418,282.421965129547,215.900187656056,472.493535406932,272.02590545933,538.733071228247,16.8036703664692,48.9130759706951,12.5894779054188,10.8511035542325,8.30075982265697,18.1634557655746,10.4467062094395,20.6855389127659,0.645445202708455,1.87849599050289,252.823532843589,217.753260957792,303.680804287924,686.791291806472,415.015864811302,830.717122934722,38.4033844332233,111.985439973634,9.71388430418806,8.3664285233575,11.6743787690134,26.3982056658329,15.936791000591,31.8936921970689,1.4746898584829,4.29943258956952,0,0,49.2914973440286,122.270095994213,61.602840348132,125.399438565385,7.96343947807999,23.3548007416122,0,0,0,0,0,0,0,0,593.062228962726,299.708773544942,833.582961097703,884.01305091429
"194",2006,490,16.0833333333333,2625.55389488181,2152.87035467898,678.137923612577,1267.36120145593,221.570872887869,337.668260736385,24.3404352923224,54.6008297254546,0,0,0,0,0,0,0,0,0,0,1.1275396683814,2.15860846877179,0.451138277418924,0.691981133641285,0.0508164280489617,0.114292318321616,0,0,0,0,0,0,0,0,7291.59496919451,5964.90963696094,1549.48002589322,3260.99496972726,1145.40440891883,2179.70631207215,173.822437131406,485.080466140609,280.154739211004,229.181367152186,59.7409635933501,125.752373958061,44.1627802299807,84.0426541016562,6.70468061510936,18.7106238166367,20181.2971652949,16514.9899831716,4419.48677564677,9197.74579023035,3362.90623373823,6310.28117199027,448.447131835163,1234.72640490894,775.397578284088,634.532337311031,171.769284446754,358.227126495793,131.669503326839,247.45924086008,17.571229039713,48.4441403225372,0,0,9.56583633323425,20.454957580514,7.80023941216901,14.7067644370214,1.07767203481735,2.97716751113546,0,0,0,0,0,0,0,0,328.407303856188,282.637798013993,216.652727487455,473.985458326221,271.390197517567,535.399898680174,18.3213024699805,53.2974985844227,12.6179336561048,10.8593961985308,8.32978361398281,18.2210296780172,10.4224596080875,20.5579028590302,0.703754483284923,2.04692637851988,252.561212832707,217.189027775818,303.932020458747,687.042921798865,412.758775212563,822.95667046943,41.2759843292504,120.297312846558,9.70380555296339,8.34474978188182,11.6841754104538,26.4082300101585,15.850387088663,31.5963151852069,1.58503246009913,4.61865543517976,0,0,49.2875842159323,122.221670037714,61.2020795391162,124.111407950641,8.60954136290704,25.2357763383473,0,0,0,0,0,0,0,0,597.167449971326,301.714933200412,842.590692907613,894.490199727312
"195",2006,490,16.1666666666667,2615.3687225445,2143.66496265756,676.321214273346,1263.89015917228,219.042118301798,332.456089742873,25.8566532673904,57.9340748550968,0,0,0,0,0,0,0,0,0,0,1.12478340047764,2.15300854510712,0.446123320300553,0.68147083390448,0.0540095078668934,0.121329963040226,0,0,0,0,0,0,0,0,7306.55734966706,5968.80701661523,1554.39381512067,3270.57246784911,1142.70728925906,2166.42152208105,187.282990916509,522.341405458775,280.729617796138,229.331110711073,59.9306145130168,126.12211623158,44.0588835557927,83.5306224822898,7.22400086395941,20.1482005552389,20150.020839413,16464.8370957685,4417.24441818,9190.58183960209,3342.8262582802,6249.26116932172,481.715100405336,1325.70362560674,774.195894419022,632.605382921668,171.681694014099,357.946931592587,130.880577826442,245.060661140389,18.8746305838642,52.0129468925519,0,0,9.57262474989725,20.4627341827324,7.76105436374463,14.578412545527,1.15898014514285,3.2002567902201,0,0,0,0,0,0,0,0,329.133082773919,282.843987178485,217.386234068604,475.443648945661,270.755741390143,532.104797996082,19.7240212661114,57.330336167996,12.6458192453547,10.8673183156914,8.35807523416658,18.2773058572766,10.3982592181013,20.4317226526372,0.757653183430026,2.20186460785821,252.305063590602,216.632951176249,304.17634403004,687.282713878386,410.537685466698,815.332607377136,44.0534259158958,128.288845364467,9.69396389247041,8.32338442935401,11.6937060060773,26.4177965607739,15.7653615638084,31.3041623443829,1.69172526651192,4.9255928537432,0,0,49.2827091061172,122.170366193255,60.8063631916088,122.844241982611,9.25317529244199,27.101073607824,0,0,0,0,0,0,0,0,601.281846215642,303.722591153008,851.595397470753,904.938707715978
"196",2006,490,16.25,2605.2172120675,2134.52518159257,674.479584467615,1260.37232626494,216.588268351366,327.427232826772,27.3033322318649,61.0961020401677,0,0,0,0,0,0,0,0,0,0,1.1219855739344,2.14736386690601,0.441248538881331,0.671312935945496,0.0570671878426299,0.128028528515603,0,0,0,0,0,0,0,0,7321.15886077857,5972.41847451565,1559.22188406094,3279.9504517605,1140.03902909173,2153.32401425067,200.811544877568,559.679274429848,281.29063120333,229.46986869894,60.1169579966357,126.48416507012,43.9561006531624,83.0258130059544,7.74596729922289,21.5888105942446,20119.0416041158,16415.144563719,4414.98289230544,9183.34957557749,3323.15215900125,6189.54284767059,514.73591136349,1415.72008176288,773.005625203917,630.69611612604,171.593337620193,357.664029635166,130.107477436732,242.71299771748,20.1683793540767,55.5440534747453,0,0,9.57897489355176,20.4698390100176,7.72261294472318,14.4526177133931,1.24000708687116,3.42187559128763,0,0,0,0,0,0,0,0,329.844183396913,283.040449480984,218.102289318517,476.869645414006,270.123904418508,528.849700776771,21.0317618015193,61.0697414394521,12.6731408710067,10.8748667112643,8.38569540400092,18.3323432776903,10.3741575363626,20.3070725306798,0.807906861780692,2.34554346748109,252.059310329198,216.088787780928,304.418619415185,687.522640300887,408.359542076321,807.858511072136,46.7285740306112,135.941807620077,9.68452166210758,8.3024768011928,11.7031567502331,26.4273654072392,15.6819811870141,31.0177551401192,1.79449412718609,5.2195443510379,0,0,49.2769939125282,122.116570159479,60.4158650585829,121.598090078223,9.89436403804793,28.9509519083087,0,0,0,0,0,0,0,0,605.40523335165,305.731678776032,860.596856509455,915.358787776243
"197",2006,490,16.3333333333333,2595.11415202046,2125.46200373194,672.618142009969,1256.81719377893,214.207269574488,322.575452462817,28.6830988937195,64.094138068311,0,0,0,0,0,0,0,0,0,0,1.11914706788332,2.14167033139794,0.436510019259678,0.66149622570027,0.0599930477627544,0.134399229295585,0,0,0,0,0,0,0,0,7335.34522855245,5975.70157233365,1563.94724539609,3289.09456759667,1137.38614790375,2140.38659374698,214.39091228904,597.04532935774,281.835694139606,229.596010567336,60.2993413826599,126.837200157789,43.8539131965564,82.5271798922306,8.26991846588336,23.0305778790138,20088.3990198217,16365.9420656687,4412.71282818042,9176.0714567716,3303.88205995404,6131.1093244199,547.51916558614,1504.80991316565,771.828290613624,628.805677225133,171.504629616558,357.37929819222,129.350135199741,240.415603691546,21.4528469198383,59.0387878914256,0,0,9.58493167679771,20.476308800396,7.68489782005595,14.3293254935672,1.3207534295744,3.64204294458135,0,0,0,0,0,0,0,0,330.540510044068,283.226918656391,218.801757996346,478.263828081023,269.495214503401,525.634970929773,22.2609617252084,64.5639814386548,12.6998948568403,10.8820311549185,8.41267729200403,18.3861564240878,10.3501747930287,20.1839664654249,0.85514675311687,2.47981613338353,251.826808224353,215.559059905682,304.662263989643,687.771062340264,406.229024014992,800.543086938326,49.2980199403385,143.248621139424,9.67558856229749,8.28212380880574,11.7126589777576,26.4372578534794,15.6004256591178,30.7374280137065,1.89320800806442,5.50021844697397,0,0,49.2705390485718,122.060599321131,60.0307149149114,120.373011550927,10.5331332327007,30.7856764578473,0,0,0,0,0,0,0,0,609.537427286084,307.742126134124,869.594888319372,925.750673072338
"198",2006,490,16.4166666666667,2585.07183481826,2116.48437811535,670.741311858492,1253.23298942079,211.896997395953,317.894512908414,29.9984984406057,66.9351499322067,0,0,0,0,0,0,0,0,0,0,1.11626992164822,2.13592694508486,0.431903950862937,0.652009674865186,0.0627907877553632,0.140453344656281,0,0,0,0,0,0,0,0,7349.07740782664,5978.62651106874,1568.55790788187,3297.98092996366,1134.73973933214,2127.59119608247,228.004536156561,634.392850249209,282.363306427399,229.708391391011,60.4773038095303,127.180303108591,43.751978522127,82.0340280033111,8.79521697078853,24.4717037330887,20058.1211941399,16317.2498081678,4410.44216216825,9168.76435445946,3285.0121868909,6073.94032009165,580.073643786436,1593.00465644103,770.664970587829,626.934842586854,171.415879940283,357.09339789954,128.60840987264,238.16769885578,22.7283734472254,62.4983781001472,0,0,9.59053091006617,20.4821715432853,7.64789124883047,14.2084800055893,1.40121735941645,3.86077000275399,0,0,0,0,0,0,0,0,331.221796262574,283.403013738274,219.485028034927,479.625859076279,268.869686135373,522.460038356109,23.4251226530886,67.8529760860451,12.7260709653126,10.8887970093142,8.4390357459745,18.4387321783038,10.3263114798134,20.0623825158976,0.899891327176096,2.60621524584285,251.609346004383,215.045330512693,304.909544454726,688.033451355908,404.149004462413,793.391193331581,51.761206763374,150.209862712037,9.6672333188434,8.26238550369925,11.7222997886792,26.4476841296225,15.5208053422232,30.4633677140307,1.98784540245835,5.76763682338083,0,0,49.2634276336479,122.002715795664,59.6510068522179,119.168993346554,11.1695103347583,32.6055150585364,0,0,0,0,0,0,0,0,613.67824164974,309.753860986732,878.589326052914,936.11459557775
"199",2006,490,16.5,2575.10056915854,2107.59963609014,668.852967349654,1249.62692128222,209.655297157168,313.378244061688,31.2519945940044,69.6258483236005,0,0,0,0,0,0,0,0,0,0,1.11335694822022,2.1301349505287,0.427426602858095,0.642842437174371,0.0654641858511813,0.146202135714315,0,0,0,0,0,0,0,0,7362.32797956517,5981.17309517771,1573.04562916915,3306.59347318979,1132.09418852987,2114.92626016712,241.636766783631,671.677926624503,282.872414583501,229.806235224896,60.6505283613075,127.512855827356,43.6500804002988,81.5459120192025,9.32126016261754,25.9104970965248,20028.2275051569,16269.0808123958,4408.17679203022,9161.44091996393,3266.53742424716,6018.01327060232,612.407327845368,1680.33332175363,769.516409664037,625.084112505682,171.327319465178,356.806825442418,127.882107596799,235.968413023388,23.9952684836798,65.9239550352789,0,0,9.59580153588059,20.4874492923805,7.61157576902661,14.0900256353682,1.4813950460117,4.07806124643308,0,0,0,0,0,0,0,0,331.887677216292,283.568296000337,220.152205552403,480.95503385491,268.247075875099,519.323891406373,24.5353333820831,70.9697405793023,12.7516551788361,10.8951474178857,8.46477478429642,18.4900433253342,10.3025581685205,19.9422817547775,0.942566382587005,2.72600829511361,251.407913956652,214.548445539973,305.161833853626,688.31305198352,402.120974257774,786.404772118109,54.1196513464434,156.83203810353,9.65949398017064,8.24329438816436,11.7321319287745,26.4587688795511,15.4431775135212,30.1956490083915,2.07846444619235,6.02204883450231,0,0,49.2557292103696,121.943138058479,59.2768066474087,117.985965729468,11.8035237654402,34.4107353784892,0,0,0,0,0,0,0,0,617.827485945027,311.766808105091,887.580002189944,946.45077140045
"200",2006,490,16.5833333333333,2565.20903599737,2098.81378686048,666.956521764205,1246.00534772838,207.480010959387,309.020581993789,32.4459703834293,72.172692572264,0,0,0,0,0,0,0,0,0,0,1.11041148546154,2.12429724257013,0.423074315193534,0.633983858654736,0.0680170650729525,0.151656782662159,0,0,0,0,0,0,0,0,7375.07867640922,5983.3286504699,1577.40506438243,3314.92214690234,1129.44631594016,2102.38498544051,255.273008642607,708.859868252286,283.362316746772,229.88905510632,60.8188093946961,127.834471260912,43.5480961679684,81.0625695320694,9.8474857927711,27.3453903599833,19998.7304709744,16221.4424815668,4405.92102218593,9154.11051218409,3248.45168359861,5963.30405644211,644.527440615777,1766.82252174529,768.383088808232,623.253771424883,171.239117234832,356.519949506086,127.170996244858,233.816814463182,25.2538124593587,69.3165574784699,0,0,9.60076711097543,20.4921598634567,7.5759344910881,13.9739078168366,1.56128103403063,4.29391573335513,0,0,0,0,0,0,0,0,332.53773504117,283.722303986236,220.803225873899,482.250473681086,267.627014009939,516.225324823271,25.600671577842,73.9415033873166,12.7766314424058,10.9010646507422,8.48989186183595,18.5400559508249,10.2789005730257,19.8236178022901,0.983520473905446,2.84024055159155,251.222889671863,214.06870181146,305.419808434959,688.611380197927,400.14536346113,779.583547259037,56.376388856098,163.125984178087,9.6523850539194,8.22486186665127,11.7421813568699,26.470570301524,15.3675587098849,29.9342614960554,2.16518158612176,6.26387014758058,0,0,49.247502343028,121.882049148907,58.9081570052225,116.823813447623,12.4352022603403,36.2016029253204,0,0,0,0,0,0,0,0,621.984964774598,313.780889065913,896.566743084788,956.75939682884
"201",2006,490,16.6666666666667,2555.40457399429,2090.13175424704,665.05500218188,1242.37391432247,205.368997828348,304.815598271918,33.582729572741,74.5818969410118,0,0,0,0,0,0,0,0,0,0,1.10743720390667,2.11841790865981,0.418843493749509,0.625423489162615,0.0704532660941385,0.156828333733505,0,0,0,0,0,0,0,0,7387.31840845629,5985.08636771591,1581.63309085727,3322.9614872944,1126.79471375649,2089.96399136535,268.899804268481,745.901434523661,283.832586825423,229.956589413799,60.9820266243411,128.144938563265,43.445971255023,80.5838695818824,10.3733752561925,28.7749482293027,19969.6372414924,16174.3378476401,4403.6779172679,9146.77993298716,3230.74818919809,5909.78756187664,676.440494007388,1852.49662320718,767.265282731518,621.443935837111,171.151394148742,356.233039284788,126.474816544649,231.711931720446,26.5042585134107,72.6771378234582,0,0,9.60544697316895,20.496318109112,7.54095127548549,13.8600735335164,1.64086859779162,4.50832822356987,0,0,0,0,0,0,0,0,333.171532962332,283.86457950061,221.437934599424,483.511262582535,267.009096328945,513.163110378991,26.6285387754824,76.7906430437102,12.800982974433,10.906531103285,8.51438098517457,18.5887347052249,10.2553230784347,19.7063433886975,1.0230377777162,2.94977103865526,251.054186754183,213.605981157907,305.683608938864,688.928629504428,398.221799822388,772.92558132387,58.5355325503925,169.105600035761,9.64590322062532,8.20708339890829,11.7524534447705,26.4830957588722,15.2939346514074,29.6791309709323,2.24815467230361,6.49363401762548,0,0,49.2387967113513,121.819603307393,58.5450817720403,115.682384655783,13.0645744228608,37.9783796474807,0,0,0,0,0,0,0,0,626.150477461542,315.796022210043,905.549365969774,967.040646754913
"202",2006,490,16.75,2545.69344328733,2081.55759533182,663.151117989567,1238.73768077922,203.320151537036,300.75752514952,34.6644984576756,76.8594378457915,0,0,0,0,0,0,0,0,0,0,1.10443793222288,2.11250180840888,0.414730606431147,0.617151093225388,0.0727766219061929,0.161727658732659,0,0,0,0,0,0,0,0,7399.04144576916,5986.44378077983,1585.72819018474,3330.70931106788,1124.13914823433,2077.66211595554,282.50488995544,782.768981546308,284.283004666105,230.008743394448,61.1401214065966,128.444172967216,43.3436962380612,80.1097665281475,10.8984557488447,30.1978734287405,19940.9509720283,16127.7667168011,4401.4496268624,9139.45410206667,3213.41973643572,5857.43817765199,708.15234223154,1937.37791354251,766.163112666778,619.65459829563,171.064235534338,355.946290647171,125.793292151284,229.652773240639,27.7468345212623,76.0065684178098,0,0,9.60985731331921,20.4999370728229,7.50661088497758,13.748471756163,1.72015007256114,4.72129023156796,0,0,0,0,0,0,0,0,333.788645620771,283.994690497371,222.056160598558,484.736569351154,266.392966523289,510.136149571936,27.624972247812,79.535562282662,12.8246934319445,10.9115301756126,8.53823551755575,18.6360474931039,10.2318119095232,19.5904162263182,1.06135007045892,3.05530609989593,250.901391551577,213.159873512882,305.952987311967,689.264041058073,396.349340272948,766.427771620493,60.6018775147367,174.786704663784,9.6400325871175,8.18994322952717,11.7629386174368,26.4963160052369,15.222269129761,29.430138467427,2.327567738734,6.71194742053394,0,0,49.2296550444686,121.755932113174,58.1875898144786,114.561499098247,13.691668375307,39.741322836874,0,0,0,0,0,0,0,0,630.323817816426,317.812122665169,914.527676177505,977.294673190396
"203",2006,490,16.8333333333333,2536.08099742768,2073.09464297784,661.247305918375,1235.10120425877,201.33141056203,296.840768139803,35.6934277167566,79.011061020678,0,0,0,0,0,0,0,0,0,0,1.10141756275277,2.10655432348892,0.410732186444698,0.609156666194712,0.0749909390533255,0.166365416375472,0,0,0,0,0,0,0,0,7410.24626838,5987.40180573083,1589.69006533678,3338.16591044693,1121.48020656855,2065.47971339766,296.077184860056,819.432418440694,284.713511869221,230.04555224511,61.2930820415487,128.732184879219,43.2412932777281,79.6402730712549,11.4222998667259,31.613005073657,19912.6716917609,16081.7263921218,4399.23758606077,9132.13647199745,3196.45884257349,5806.23008829063,739.668239112488,2021.48677814191,765.076579735677,617.885655180083,170.977698916123,355.659842240733,125.126135534558,227.638338617663,28.9817452807065,79.3056483323123,0,0,9.61401180768931,20.5030285101199,7.4728989292488,13.6390533906228,1.79911717752182,4.93279103510913,0,0,0,0,0,0,0,0,334.38867380232,284.112241423687,222.657741674704,485.925680710671,265.778330755958,507.143493682694,28.5948796785836,82.1913542652099,12.8477474764941,10.9160466699525,8.56144916614589,18.6819667507011,10.2083556934168,19.4757997859354,1.09864574171538,3.15742498336259,250.763850259195,212.729755402273,306.227414656614,689.616168999852,394.526640319434,760.086208832984,62.5806376807311,180.186271723166,9.6347480331699,8.1734174036353,11.7736165022976,26.5101753819885,15.1525105134873,29.1871340311504,2.4036209029502,6.91946166803567,0,0,49.2201143830415,121.691148562723,57.8356776531421,113.460953689421,14.3165114896397,41.4906842993018,0,0,0,0,0,0,0,0,634.504774493012,319.829102623014,923.501469761291,987.521609450076
"204",2006,490,16.9166666666667,2526.57183205067,2064.74562892883,659.345769239719,1231.46861180446,199.400765910126,293.059915039784,36.6715944714137,81.0422890720843,0,0,0,0,0,0,0,0,0,0,1.0983799721197,2.10058114525611,0.406844834955516,0.601430446814594,0.0770999818091496,0.170752027758319,0,0,0,0,0,0,0,0,7420.93457976178,5987.96391917939,1593.51931637774,3345.3333727733,1118.81900602962,2053.41808026988,309.606761350391,855.865109075692,285.124173884928,230.067149542718,61.4409313233782,129.009053755577,43.1388049465727,79.1754382119523,11.944524482726,33.0193149421092,19884.7970490303,16036.2122916137,4397.04268690904,9124.82938254752,3179.85787253477,5756.13750880705,770.99289480425,2104.84187521708,764.005593584252,616.136930443075,170.891820658625,355.37378924219,124.473052894894,225.667627869117,30.2091746786526,82.5751100433807,0,0,9.61792216192396,20.5056033316936,7.43980181936793,13.5317712381867,1.87776128509105,5.1428185191855,0,0,0,0,0,0,0,0,334.97125611938,284.21688118551,223.242546396979,487.078028771928,265.164971301875,504.184363496721,29.5422410991627,84.7703774575654,12.8701312229926,10.9200670967098,8.58401682171293,18.7264705032069,10.1849459856821,19.3624640585709,1.13507755030878,3.25660191830364,250.640743130779,212.314856632205,306.506170041542,689.983099874399,392.752090001344,753.896463053251,64.4772321236702,185.321807944529,9.63001806282226,8.15747632915205,11.7844593433416,26.5246002518341,15.0845969697676,28.9499477027481,2.47652215837451,7.11684853764845,0,0,49.2102071650245,121.625350581133,57.4893317148132,112.380527258681,14.9391302227402,43.2267098463273,0,0,0,0,0,0,0,0,638.693131393366,321.846871628845,932.470535326284,997.721573235847
"205",2007,490,17,2516.10845514682,2055.50772888946,657.186830399695,1227.49819144492,197.282574130669,288.804746806524,37.8730130918888,83.6095782462873,0,0,0,0,0,0,0,0,0,0,1.09538558300879,2.09472175102063,0.402570218104189,0.592723332136535,0.0796637809349549,0.176236748807106,0,0,0,0,0,0,0,0,7431.50197899731,5988.52241509497,1597.04599065725,3352.18923517655,1114.79328924179,2037.22395634425,324.648232276125,896.715818834253,285.530190262617,230.088607848924,61.5771542008581,129.273953279623,42.9837038040367,78.5512608054755,12.5250709464128,34.5960477548973,19857.2921360847,15991.2489637688,4394.2053347857,9117.11637075264,3159.69978606969,5695.15948638262,806.516273961488,2200.38893574555,762.948812995893,614.409367277473,170.781396250362,355.072504760584,123.680720896007,223.270162504387,31.6009650231158,86.3224856855907,0,0,9.62220786907911,20.5092040616489,7.39817259931442,13.3984359857686,1.96636133873403,5.38182745921682,0,0,0,0,0,0,0,0,335.613511375454,284.381594471115,223.855374846471,488.321841204408,264.300094987029,500.359156491872,30.8331887765444,88.4077808782072,12.8948076991639,10.9263956443265,8.60766163251458,18.7744891283083,10.1518728566618,19.2158606097741,1.18470874301779,3.39643119310808,250.542415288367,211.926810728881,306.798131980681,690.401157310423,390.538500834868,746.279845411362,66.8387010602342,191.903200738562,9.62624015220407,8.14256698475856,11.7958087492005,26.5409871841389,14.9998165972599,28.657956412232,2.56728205593273,7.36976893601963,0,0,49.203476475867,121.568112916571,57.0778462279894,111.086180218006,15.6389462204182,45.2022396236015,0,0,0,0,0,0,0,0,642.798072227578,323.781553613083,941.239435298733,1007.46959696592
"206",2007,490,17.0833333333333,2504.80248790665,2045.4954330128,654.798160593005,1223.21476071139,195.016507953058,284.188136773731,39.2469168983607,86.5839671951329,0,0,0,0,0,0,0,0,0,0,1.0923115700019,2.08879210561902,0.397999092707831,0.583275907736886,0.0825843786872422,0.182566766726064,0,0,0,0,0,0,0,0,7442.09182882216,5989.17659901758,1600.36542519066,3358.88591791428,1109.66773764169,2017.69239546763,341.050211204317,941.472042000167,285.93706922785,230.113742641382,61.7054077442187,129.532731216457,42.7861879076051,77.7983822930453,13.1581008481934,36.3234381587587,19829.9645308456,15946.6714377488,4390.77816027407,9108.96862042381,3136.56229874413,5625.23633887395,845.584531188897,2306.04123119754,761.898844809238,612.696627239574,170.64839758882,354.754774360775,122.771754559812,220.522010966618,33.131533153117,90.4659800862756,0,0,9.6263269112273,20.5131142172258,7.34943817576959,13.2437033372018,2.06348096549589,5.64517010469781,0,0,0,0,0,0,0,0,336.297582331699,284.589720992653,224.474276895467,489.610929897253,263.203989698972,495.774154560736,32.3581997838822,92.7557427374612,12.921090801344,10.9343921978997,8.63153963170504,18.8242468572773,10.1099153328682,19.0400701486488,1.24333273915849,3.56355582852887,250.456410400865,211.555023374281,307.088047414275,690.83783327194,387.946052824197,737.466352100846,69.5855701832485,199.659498426747,9.62293570916139,8.12828231981363,11.8070783261056,26.558086584833,14.9004802224576,28.3199902750393,2.67284867034094,7.6678198960265,0,0,49.1989881732038,121.517106181918,56.6115897649231,109.615478259288,16.4046771941375,47.3776860560995,0,0,0,0,0,0,0,0,646.831373946289,325.643788542202,949.82479063772,1016.80524855707
"207",2007,490,17.1666666666667,2493.59721571569,2035.60181239181,652.413171275181,1218.92575614681,192.819005289221,279.749569684802,40.5508797664349,89.3840064594476,0,0,0,0,0,0,0,0,0,0,1.08909603887494,2.08265368177812,0.393569939713259,0.57419205619196,0.0853661624543262,0.188546629115992,0,0,0,0,0,0,0,0,7452.34266657533,5989.57110619277,1603.62521093863,3365.43869875278,1104.64909410127,1998.60418041341,357.436213212594,986.005122649156,286.330922807151,230.128900237936,61.8313491030835,129.785941842805,42.5927887550861,77.0625866452838,13.7905409172402,38.0422951185055,19802.8393801392,15902.4488346312,4387.34794162559,9100.76045189766,3113.91799793533,5557.03597527453,884.31248653188,2410.30760212382,760.856655211119,610.997523911177,170.515246142722,354.434651593281,121.882086388217,217.841405635104,34.6487968682935,94.555086655273,0,0,9.62970773004547,20.5159469011142,7.3017134088164,13.0926478268775,2.16001938529103,5.90580061439995,0,0,0,0,0,0,0,0,336.954122738343,284.775525742246,225.059439371021,490.831364750781,262.101445856199,491.230539343414,33.7923134209187,96.8043999120083,12.946316135751,10.941531113302,8.65411935842278,18.8713628133383,10.0677076606729,18.8658612291186,1.29846764348911,3.7191928017989,250.373648457066,211.189192222375,307.366904214055,691.259573923674,385.40624590629,728.857807716521,72.2328153868524,207.070588542348,9.61975586514816,8.1142265017071,11.8179213090389,26.5746082430867,14.8031607093729,27.9898803481632,2.77459321278481,7.95262751563215,0,0,49.1935770494361,121.463928880568,56.1533876781393,108.176771488434,17.1660526282211,49.5286043782275,0,0,0,0,0,0,0,0,650.87272151642,327.50731216264,958.395631821783,1026.09865647093
"208",2007,490,17.25,2482.50753614541,2025.83783473235,650.036617066089,1214.64055962842,190.688365216072,275.482412977306,41.7878602610453,92.0181345729787,0,0,0,0,0,0,0,0,0,0,1.0857643500879,2.07634051892578,0.389275710498328,0.565454816560896,0.088013512345757,0.194190078522572,0,0,0,0,0,0,0,0,7462.18718126523,5989.65361757256,1606.80221515158,3371.80031765366,1099.71672034177,1979.91611508228,373.79019529285,1030.27143467671,286.709164804583,230.132070457097,61.954090240826,130.031770267421,42.4027133282115,76.3422135388454,14.4217732820709,39.7509383935851,19775.9685248973,15858.6204778263,4383.92802377142,9092.52064085658,3091.76498803217,5490.53044511479,922.711907913842,2513.23566154802,759.824236013308,609.313568160539,170.382461732104,354.113258581754,121.011645473149,215.227258935504,36.1532142737079,98.5916668796352,0,0,9.63245708743224,20.5178226044637,7.25497391151782,12.9451831962552,2.25598075519464,6.16376442524769,0,0,0,0,0,0,0,0,337.584299773752,284.939967015132,225.615051635825,491.99067134436,260.997360988146,486.737774890432,35.150284041155,100.599896547951,12.9705285472441,10.9478492097691,8.67556179282193,18.91612618166,10.0254379934509,18.6935975259814,1.35068010838188,3.86511398821215,250.297576509306,210.832076063299,307.638109620269,691.673917167093,382.922180266009,720.456968323981,74.7788378611453,214.13408452999,9.61683306142751,8.10050552756766,11.8284686410069,26.5908418063264,14.7079771758926,27.6677327891985,2.87245407374706,8.22409940692924,0,0,49.1873296664627,121.408895603225,55.7033059777748,106.769771215502,17.9231665857154,51.6556136172954,0,0,0,0,0,0,0,0,654.92179192154,329.371981704764,966.951443454089,1035.34985929051
"209",2007,490,17.3333333333333,2471.54538769807,2016.21205898829,647.672456342453,1210.3670590772,188.622782277346,271.380066549578,42.96070350669,94.4944147965128,0,0,0,0,0,0,0,0,0,0,1.08233882268692,2.06988344445509,0.385110305897719,0.55704859584741,0.0905308487891178,0.199510711494816,0,0,0,0,0,0,0,0,7471.57674794068,5989.3870734734,1609.87961920521,3377.93663081151,1094.85566049962,1961.59598713118,390.097082846958,1074.23030251317,287.06992697176,230.121829406559,62.0729854527452,130.268905051804,42.2153867603129,75.6360243353966,15.0512171829375,41.4478008393025,19749.3896295258,15815.2141516084,4380.52830091725,9084.27080322651,3070.09894501675,5425.68786310662,960.79359359286,2614.86970217871,758.803034342865,607.64582750387,170.250430485945,353.791439645057,120.160266156488,212.678329419421,37.6452061303726,102.577454028618,0,0,9.63466150055461,20.5188377766424,7.20919490234781,12.8012211634068,2.35136711236842,6.41909937805728,0,0,0,0,0,0,0,0,338.188952822876,285.083747826922,226.144144465492,493.094238751203,259.895130827917,482.302276754447,36.4443076256367,104.18067971802,12.9937602863353,10.953373498285,8.6959833960759,18.9587440409208,9.98323678159479,18.52352558867,1.40043851078388,4.00279564282962,250.230434299767,210.48540576884,307.90414569482,692.086079869163,380.495655969793,712.264201627731,77.2242976478939,220.854388795176,9.61425335247614,8.08718590025724,11.8388156960431,26.6069877130006,14.6149988216265,27.3535620690025,2.96645641804963,8.48240395031485,0,0,49.1803193248883,121.352264643274,55.2613702265422,105.394115321412,18.6761108653651,53.7593183792869,0,0,0,0,0,0,0,0,658.978273925263,331.237659720935,975.49184301016,1044.55903082764
"210",2007,490,17.4166666666667,2460.72030409791,2006.73109358987,645.323994451294,1206.11191412796,186.62038843305,267.436022722785,44.0721439943835,96.8205469956569,0,0,0,0,0,0,0,0,0,0,1.07883903033354,2.06331022442343,0.381068376529687,0.5489589429406,0.0929226060182032,0.204521922242854,0,0,0,0,0,0,0,0,7480.47750604001,5988.74642131287,1612.84556492171,3383.82377053888,1090.05531134921,1943.61993538101,406.342931107684,1117.84448895139,287.411908331755,230.09721452604,62.1875794318992,130.496429241417,42.0304013088093,74.9431010587155,15.6783351887788,43.1314471945532,19723.1291575079,15772.2485590428,4377.15595104362,9076.02691750081,3048.91372707853,5362.47359491167,998.567419795242,2715.25085240613,757.794066969532,605.995020542794,170.119433254431,353.469820267985,119.327711771654,210.193267932191,39.1251576700566,106.514059100244,0,0,9.63639112498927,20.5190699265818,7.16435182455775,12.6606731949933,2.44617872979053,6.67183685682345,0,0,0,0,0,0,0,0,338.768682245906,285.207386498714,226.648895580653,494.145896643346,258.797067262359,477.928243026924,37.6844231571113,107.578667139862,13.0160344198233,10.9581238935749,8.715467847995,18.9993635358048,9.9411928292336,18.3558067670687,1.44812836953642,4.1334632469796,250.173531032161,210.150125462734,308.166734119745,692.499412161766,378.12743536827,704.278013478755,79.5715345449948,227.240946032653,9.6120670399952,8.0743038945195,11.8490286166719,26.6231746541061,14.5242549980447,27.0473111717525,3.05668993944755,8.72790320779142,0,0,49.1726086996213,121.2942487218,54.8275735580753,104.049384743809,19.4249746255522,55.8403076088996,0,0,0,0,0,0,0,0,663.041864948966,333.104212767839,984.016543641358,1053.72644015562
"211",2007,490,17.5,2450.03990298504,1997.39999990128,642.994010479163,1201.88079149891,184.679288030572,263.643913361807,45.1248096328259,99.0038830288114,0,0,0,0,0,0,0,0,0,0,1.07528210356116,2.05664575882145,0.377145150415713,0.541172352515892,0.0951932072967951,0.209236853211615,0,0,0,0,0,0,0,0,7488.86691952243,5987.71577075916,1615.69196782299,3389.44565902244,1085.30827898505,1925.97020701916,422.515020223849,1161.08048210756,287.734243013842,230.057615283581,62.2975617370415,130.713724968969,41.8474724798946,74.2627603244587,16.3026368671228,44.8005851567645,19697.2049825074,15729.7354726727,4373.81607898461,9067.8006570045,3028.20189783509,5300.85125810017,1036.04240591847,2814.41728721013,756.798020628496,604.361599597188,169.989670488429,353.148858717569,118.513694993535,207.770656599965,40.5934210909286,110.402978898749,0,0,9.63770319528443,20.5185820591959,7.12042080140378,12.5234518652395,2.5404144795305,6.92200295809574,0,0,0,0,0,0,0,0,339.323924987718,285.311276556114,227.130887312757,495.148400399509,257.704745635599,473.618345741474,38.8788849022211,110.820336580795,13.0373677358289,10.9621155155222,8.73407594632278,19.0380905162202,9.89936663752332,18.1905437741016,1.49406664544899,4.25813334778368,250.127487623487,209.826602680987,308.426990435204,692.915813007824,375.817479919677,696.495511769124,81.8240643024618,233.30672036449,9.61029798060975,8.06187363167546,11.8591502449221,26.6394755459668,14.4357442981624,26.7488693952857,3.14328950731499,8.96109443183848,0,0,49.1642521461909,121.23502449319,54.4018837376027,102.735117831136,20.1698441923247,57.899153979954,0,0,0,0,0,0,0,0,667.112268530014,334.971510338729,992.525323567272,1062.85241868438
"212",2007,490,17.5833333333333,2439.51026923574,1988.22260850398,640.684856939687,1197.67855015911,182.79758384289,259.997542760531,46.1212257986718,101.051442009417,0,0,0,0,0,0,0,0,0,0,1.07168301861799,2.04991231263788,0.373336302719999,0.533676117569844,0.0973470429311143,0.213668353850818,0,0,0,0,0,0,0,0,7496.73110440256,5986.28618784484,1618.41359579888,3394.79208297133,1080.60950718276,1908.63346097012,438.601890364586,1203.90859906193,288.036397573099,230.002688421868,62.4027314410026,130.920399572892,41.666405575055,73.5944882218041,16.9236801503899,46.4540694162515,19671.6284174513,15687.6814026998,4370.51221383599,9059.60041943277,3007.95512296536,5240.78347123601,1073.22678512185,2912.40445618292,755.815329980988,602.74581479936,169.861281486973,352.82888593932,117.717893273173,205.409038027045,42.0503182613981,114.245604774746,0,0,9.63864473270995,20.5174260537714,7.07737886936555,12.3894716523559,2.63407219211845,7.16961964952004,0,0,0,0,0,0,0,0,339.855010561857,285.395730834447,227.591291705078,496.103777617135,256.619246576797,469.374214055559,40.034478601911,113.927658079053,13.0577728947896,10.9653603837601,8.75185271910139,19.0750028533942,9.85779969691486,18.0277992510874,1.53851388697304,4.37764936156806,250.092424084537,209.514790246746,308.685558842995,693.336080044642,373.56515341351,688.912797915326,83.986180818106,239.066987523559,9.60895078532761,8.04989329911478,11.8692053050651,26.6559209758082,14.3494423576902,26.4580873755908,3.2264198850659,9.18256367413476,0,0,49.1552974691109,121.174740023617,53.9842487645623,101.450821691038,20.9108029290844,59.936413508829,0,0,0,0,0,0,0,0,671.189192626325,336.839424161974,1001.01800551561,1071.93733793708
"213",2007,490,17.6666666666667,2429.13619299669,1979.2017154088,638.398521963519,1193.50935693775,180.973391654462,256.490903388734,47.0638188280536,102.969923433099,0,0,0,0,0,0,0,0,0,0,1.06805483154249,2.04312974256438,0.369637880402755,0.526458243948624,0.0993884543755528,0.217828953865771,0,0,0,0,0,0,0,0,7504.06320266579,5984.45435694812,1621.00751104015,3399.85753267883,1075.95576613622,1891.59978467563,454.593318917791,1246.30291234909,288.318108513639,229.932306549408,62.5029757144995,131.116241041698,41.4870760644087,72.9379025675384,17.5410704754309,48.0908988783729,19646.405449651,15646.0886095083,4367.24660885989,9051.43194663863,2988.16440090196,5182.23227903347,1110.12806865512,3009.24529188714,754.846225069578,601.147752996818,169.734356006645,352.510129585054,116.939957824699,203.106931891796,43.4961431852137,118.043230616598,0,0,9.63925423002507,20.5156446469396,7.03520399431189,12.2586491528733,2.72714895180734,7.41470572536241,0,0,0,0,0,0,0,0,340.362191979144,285.461005570658,228.030967125907,497.013506579117,255.541274210341,465.196673135754,41.1567420931658,116.918751721255,13.0772596177858,10.9678683433218,8.76883113798463,19.1101573004961,9.81651903081593,17.8676049488698,1.58168270507244,4.49270683757674,250.068072098322,209.214322828161,308.942708542533,693.76014773695,371.369363647752,681.52523402725,86.0627106621764,244.538584080862,9.60801514498231,8.0383488602034,11.8792041066195,26.6725083538617,14.2653072947063,26.174787343021,3.30626630007579,9.39295694831512,0,0,49.1457869736981,121.11351944238,53.5746004155535,100.195979328158,21.6479311717888,61.9526254071931,0,0,0,0,0,0,0,0,675.272348895111,338.707827915761,1009.49444748757,1080.98159943682
"214",2007,490,17.75,2418.92144835989,1970.33931157348,636.136702221987,1189.37682212944,179.204857332758,253.118194492267,47.9549203229224,104.765722673751,0,0,0,0,0,0,0,0,0,0,1.06440892038557,2.03631571470748,0.366046211044585,0.519507345065373,0.101321717554718,0.221730835104527,0,0,0,0,0,0,0,0,7510.86145681724,5982.22099893449,1623.47241055525,3404.63982709894,1071.34505020272,1874.86153912034,470.480296204539,1288.24117318522,288.579308309696,229.846497363008,62.5982445195421,131.301165249174,41.3094064698039,72.2927085727017,18.1544598662294,49.710213760679,19621.538204209,15604.9563009518,4364.02059835732,9043.29906277059,2968.82033763207,5125.15965828817,1146.75311918592,3104.97044477762,753.890787544622,599.567383753971,169.608948074537,352.192742624786,116.179524325291,200.862854681769,44.9311648167563,121.797061876082,0,0,9.63956363139954,20.5132738418224,6.99387518211632,12.1309035308824,2.81964138064456,7.65727772915452,0,0,0,0,0,0,0,0,340.845683844089,285.507330194102,228.450584186469,497.878750346307,254.47131826513,461.086069972566,42.2502073880178,119.808606854468,13.095836150266,10.9696482092502,8.78503695684224,19.143598489338,9.77554342482249,17.7099742466898,1.62374707238865,4.60388108129991,250.053908721762,208.924631556463,309.198434351467,694.18734426828,369.228705353857,674.327708487635,88.0587398809047,249.73907532684,9.60747096726582,8.02721845809335,11.8891464131129,26.6892117874197,14.1832851972826,25.898773317047,3.38302394884918,9.59294826877712,0,0,49.135758735224,121.051468403196,53.1728582906321,98.9700577118379,22.3813062956775,63.9483123295987,0,0,0,0,0,0,0,0,679.361451684425,340.576596817857,1017.95452901884,1089.98561976189
"215",2007,490,17.8333333333333,2408.86896730101,1961.63672598653,633.900848731962,1185.28408476411,177.490165838399,249.873828791223,48.7967708165396,106.444944450812,0,0,0,0,0,0,0,0,0,0,1.06075518992669,2.02948592289861,0.362557851758657,0.512812581741457,0.103151030666685,0.225385814244286,0,0,0,0,0,0,0,0,7517.1280484879,5979.5899208395,1625.80823243832,3409.1392984133,1066.77623440081,1858.4127102541,486.254964405842,1329.70462083855,288.820080783024,229.745407135059,62.6885354973946,131.475184653603,41.1333531753342,71.6586739379543,18.763544601682,51.3112883110357,19597.025827125,15564.2813523003,4360.83480993747,9035.20411242003,2949.91330198782,5069.5277928201,1183.10821629615,3199.60849485429,752.948984594591,598.004587013635,169.48508420905,351.87682034128,115.436218972433,198.675330445665,46.355629574398,125.508223697952,0,0,9.63959956526163,20.5103442929782,6.95337242531077,12.0061565294415,2.91154587732567,7.89735073357047,0,0,0,0,0,0,0,0,341.305681985878,285.534922373849,228.850686045578,498.700466256564,253.40972422145,457.042417586963,43.3185741296364,122.609604438531,13.1135100163009,10.9707083447387,8.80049103004346,19.1753631409256,9.73488612346175,17.5549076951621,1.66484898657152,4.71164721757618,250.049234994922,208.645010729884,309.452529868557,694.616567820439,367.14156201658,667.31482144941,89.9794490960926,254.686248095122,9.60729139702111,8.01647497859399,11.8990242543951,26.7059888556596,14.1033140338153,25.6298382292678,3.45689166225027,9.78322016985923,0,0,49.1252473406893,120.988677478006,52.7789323988654,97.772512907957,23.1110027646441,65.9239806050673,0,0,0,0,0,0,0,0,683.456217747714,342.445607524205,1026.3981459575,1098.94982471688
"216",2007,490,17.9166666666667,2398.98097738829,1953.09473884127,631.692203293871,1181.23388049683,175.827547422479,246.752434983671,49.5915232383886,108.013415664168,0,0,0,0,0,0,0,0,0,0,1.05710225888328,2.02265430084042,0.359169551413872,0.506363616119518,0.104880504190785,0.22880533071015,0,0,0,0,0,0,0,0,7522.86820254743,5976.56728465946,1628.01585513352,3413.35817208928,1062.24881922033,1842.24843036333,501.910545436467,1370.67775733907,289.040626681469,229.629272619315,62.7738824241596,131.638384497072,40.9588966264827,71.0356104702387,19.3680624575307,52.8935221904569,19572.8651667937,15524.0588606218,4357.68932665833,9027.14829488388,2931.4335403989,5015.2992708118,1219.19911766259,3293.18615045808,752.020695130309,596.45917439726,169.362769702018,351.562413301378,114.709662965826,196.542898525534,47.7697636880816,129.177768556154,0,0,9.63938431604393,20.5068823447184,6.91367660843179,11.8843323645113,3.00285882620586,8.13493902675926,0,0,0,0,0,0,0,0,341.742376802665,285.543998080477,229.231727422925,499.479475149708,252.356735137951,453.065483925467,44.3648563583527,125.331962220923,13.1302885312923,10.9710570477225,8.81521081278458,19.2054827286552,9.6945564389267,17.4023964343326,1.70510410842458,4.81639728971375,250.053235094316,208.374667664612,309.704648856187,695.046430389556,365.10619046317,660.481037748759,91.8299888256547,259.397725244105,9.60744508900661,8.00608796552547,11.9088242858653,26.7227861365713,14.0253269020007,25.3677697961259,3.5280671158355,9.96444889783524,0,0,49.1142844504166,120.925224825722,52.3927252266811,96.6027941700696,23.8370921820129,67.8801204901879,0,0,0,0,0,0,0,0,687.556366193316,344.314738126386,1034.82520779372,1107.87464623355
"217",2008,490,18,2388.3485624425,1943.74283104518,629.258468230061,1176.96915371027,174.16072098022,243.464755401403,50.4253195093785,109.790384993856,0,0,0,0,0,0,0,0,0,0,1.05351004135445,2.0159149772213,0.355770806369901,0.499570436960563,0.106686984911944,0.232647097503659,0,0,0,0,0,0,0,0,7528.80697777134,5973.83758931681,1629.67297631748,3416.93047503944,1057.45362804664,1824.25217457949,517.975778613288,1413.58615849366,289.268803922678,229.524393359005,62.8380766260751,131.77673095681,40.7741133834624,70.3419027865272,19.988399662135,54.5504396224052,19549.8587627056,15484.9815485857,4353.32789547778,9017.94502278331,2912.47013186065,4956.61233937584,1256.46260931954,3392.21041019556,751.136753995136,594.95776141835,169.193896797001,351.20420780073,113.964218194922,194.23585257354,49.2297932778054,133.060705855242,0,0,9.63949805642584,20.5038802078712,6.8726776999043,11.7515891096462,3.09697333740735,8.3854846411831,0,0,0,0,0,0,0,0,342.266305874431,285.603882920176,229.637106545538,500.297234918118,251.317684051423,448.731233854919,45.5226758186333,128.567537442623,13.1504187257976,10.9733579188573,8.83086630716,19.2370903951198,9.65475923923528,17.2361530566999,1.74964586654439,4.94086513264623,250.087386478115,208.134655836276,309.959582754877,695.489357086997,363.009469483305,653.049366054138,93.792446462097,264.740910231295,9.6087572415056,7.99686632709023,11.9187313798875,26.7400819234066,13.9449783447154,25.0827252825878,3.6035450000247,10.1699495241017,0,0,49.1071146108074,120.868392084531,51.9981317839578,95.3481715083818,24.5853297259807,69.9423043839449,0,0,0,0,0,0,0,0,691.550385944042,346.118372360128,1043.0068611729,1116.4463061004
"218",2008,490,18.0833333333333,2377.82270056523,1934.49539615045,626.838444167912,1172.72655248628,172.537611524518,240.284397857266,51.217433554333,111.469317469166,0,0,0,0,0,0,0,0,0,0,1.04985515643349,2.00911360571563,0.352463034267876,0.492997143726446,0.108406337308023,0.236284410032364,0,0,0,0,0,0,0,0,7534.3672409569,5970.83278524403,1631.225610577,3420.29317561888,1052.70906439273,1806.50162356464,533.966443621417,1456.18012156785,289.48243812607,229.408943981339,62.8982332744598,131.906981501563,40.5912792234843,69.6576618356087,20.6058835206279,56.1952891019186,19527.1582393776,15446.3189657164,4348.92252324483,9008.67660391013,2893.85087276045,4899.03873163822,1293.54100563525,3490.45309563675,750.2645652549,593.472283000609,169.023321671443,350.843492219063,113.232283858932,191.972546986308,50.6825918750201,136.912966847323,0,0,9.63886708031903,20.4998567098676,6.83236317763308,11.6211753027137,3.19069075916382,8.6342568340956,0,0,0,0,0,0,0,0,342.767502446826,285.646876736395,230.009768226538,501.057569137132,250.274945838468,444.430776673853,46.6553514041581,131.698412249499,13.1696755012944,10.9750098098617,8.845262574919,19.2664871851061,9.61481746244208,17.0712002138019,1.79322313006102,5.06131549732348,250.127474384516,207.899508198735,310.206241832047,695.916408976446,360.955149796416,645.749313027731,95.7019837486286,269.90425898691,9.61029748465508,7.9878315786483,11.9283186144459,26.75676310217,13.8662539142461,24.8027235802548,3.6769930405039,10.3685519786781,0,0,49.0994994073491,120.810811898133,51.6101260245341,94.1160963813246,25.3314509844396,71.9906999028216,0,0,0,0,0,0,0,0,695.542667667671,347.917790157258,1051.15688966654,1124.95484432635
"219",2008,490,18.1666666666667,2367.47203868885,1925.42332525965,624.451677997969,1168.52824365364,170.960820978017,237.226537350452,51.963966178847,113.033913236297,0,0,0,0,0,0,0,0,0,0,1.0461512933473,2.00226437233575,0.349249302386332,0.486673341559344,0.110030039687075,0.239682338338858,0,0,0,0,0,0,0,0,7539.47990109088,5967.49219393862,1632.69497654669,3423.455014465,1048.02933549522,1789.12595006891,549.838607046145,1498.27263893282,289.678874704426,229.280593121214,62.9551672437994,132.029470978119,40.4109429381125,68.9878704501115,21.2188194630041,57.8208582405134,19504.7230572493,15408.0326235678,4344.5656592209,8999.43678172484,2875.63327947188,4842.9554272735,1330.34068330015,3587.49139758237,749.402571315816,592.001260356275,168.854588662508,350.483856616326,112.516111538386,189.767757769902,52.1244966004164,140.717986201288,0,0,9.63755777758155,20.4948592836807,6.79285582604747,11.4939785544722,3.28377392310176,8.8802062241051,0,0,0,0,0,0,0,0,343.239219994747,285.668774666429,230.350524855676,501.76020676902,249.231093617068,440.197416611533,47.7576434465872,134.700624315014,13.1877996455018,10.975851163186,8.85843063960382,19.2936624165839,9.57482996256311,16.9088172837351,1.83563448851684,5.17682760230424,250.172452557474,207.668423214022,310.443974381018,696.327989433755,358.949865692443,638.632384990218,97.5493591923936,274.836968454967,9.61202561962604,7.97895292382907,11.9375608581614,26.7728450677504,13.7894085099463,24.5297432449458,3.74805604316178,10.5583043601981,0,0,49.0911371878529,120.752068886572,51.2297740841393,92.9139450588155,26.0737482985788,74.0170956660636,0,0,0,0,0,0,0,0,699.540618206938,349.71741197791,1059.29066238746,1133.42217357325
"220",2008,490,18.25,2357.30054060204,1916.52862051392,622.099691459398,1164.37790975947,169.42913614552,234.286164412725,52.6669653742596,114.49014190371,0,0,0,0,0,0,0,0,0,0,1.04241599798022,1.99538785526571,0.346125585042338,0.480587813215114,0.111561836030954,0.24285198062288,0,0,0,0,0,0,0,0,7544.13106712235,5963.80683120498,1634.0739449569,3426.40194340077,1043.40816583231,1772.10769594146,565.585849764124,1539.84792343335,289.857579941357,229.138995591469,63.0086054785744,132.143660568982,40.2328631769084,68.3318567785433,21.8269592864016,59.4265363693826,19482.5655111233,15370.1298322674,4340.2610066303,8990.23460520101,2857.81113174722,4788.3266929135,1366.86802534504,3683.35848246508,748.551244564319,590.54497435209,168.68784377562,350.125656190249,111.815458781873,187.620087200867,53.5557581876892,144.477068530793,0,0,9.63567541604487,20.4890020927445,6.75413235997556,11.3699127906255,3.37622262605611,9.12336682872998,0,0,0,0,0,0,0,0,343.682486261461,285.670205002829,230.662921129747,502.409985061859,248.188710016571,436.033763341297,48.8332896637357,137.590634329947,13.2048306459598,10.9759061188348,8.87050670580944,19.3188019424776,9.53489596153837,16.7491046510285,1.87702342661236,5.28803336871596,250.222499681237,207.441859816945,310.672781964168,696.725443062475,356.992283944156,631.695249086905,99.3380192484961,279.550083707281,9.61394851175384,7.97024799564168,11.9464581315684,26.788379441024,13.7143909720757,24.2636565832657,3.81686621804619,10.7396302574498,0,0,49.0820358904487,120.692259103497,50.8570012346186,91.7411402468791,26.8123087622492,76.0220870333253,0,0,0,0,0,0,0,0,703.543900090073,351.517106947159,1067.40777998782,1141.84863993848
"221",2008,490,18.3333333333333,2347.3110024145,1907.81236310194,619.783683226777,1160.27859923527,167.94133208792,231.458429489097,53.3283913066469,115.843673955498,0,0,0,0,0,0,0,0,0,0,1.03866420064386,1.98850213342731,0.343088383858489,0.474730117301606,0.113005392462756,0.24580410578817,0,0,0,0,0,0,0,0,7548.31358571825,5959.77307606894,1635.35771884479,3429.12484686855,1038.84102750731,1755.43290894606,581.202735296179,1580.89309085638,290.018278994367,228.984012268485,63.0583644020785,132.249200780416,40.0568657083852,67.6890836179696,22.4300925584001,61.0118243942312,19460.6927282768,15332.6138338918,4336.01093884459,8981.0763627954,2840.37750721784,4735.11628675,1403.12885997208,3778.08531143586,747.710858842255,589.103549553767,168.523181437962,349.769138921804,111.130055697506,185.528117526693,54.9766058335361,148.191432652373,0,0,9.63330616533287,20.4823787846121,6.71617132446015,11.2488941925938,3.46803646739462,9.36377057992202,0,0,0,0,0,0,0,0,344.098188425282,285.651712741374,230.94973496719,503.010650859358,247.149715470696,431.941341058679,49.8853602718913,140.382091052058,13.2208025894779,10.9751956164175,8.88159752173896,19.342049723549,9.49508924183528,16.5921209957486,1.91750778592466,5.39545671101946,250.277471234022,207.219947877294,310.892712046546,697.109608630946,355.080971660245,624.934077520352,101.071502096584,284.055634936057,9.6160606082815,7.96172178389107,11.9550122153489,26.8033983947897,13.6411463136803,24.0043168887795,3.88355930484224,10.9129911250682,0,0,49.0722083236409,120.631466176543,50.4917185380489,90.5970887619233,27.5472147907994,78.0062465930514,0,0,0,0,0,0,0,0,707.552187221401,353.316747954401,1075.50793276643,1150.23464424409
"222",2008,490,18.4166666666667,2337.50534365125,1899.27495060611,617.504606037501,1156.2328719584,166.496187427255,228.738650139998,53.9501246449225,117.099909551954,0,0,0,0,0,0,0,0,0,0,1.0349086962907,1.98162314305417,0.34013458048202,0.469090440580091,0.114364294011485,0.248549148374447,0,0,0,0,0,0,0,0,7552.02506092074,5955.39105768827,1636.54317648054,3431.61810833178,1034.32458656311,1739.09002975027,596.684684913214,1621.39787567091,290.160879806923,228.815648114711,63.1043247114827,132.345876437266,39.8828221679952,67.0591056946341,23.0280418279481,62.5763239026798,19439.1081839263,15295.485024142,4331.81688230898,8971.96637785294,2823.32504612076,4683.28790731321,1439.12855513995,3871.70095868146,746.881547673478,587.677001164712,168.360659317327,349.414476400896,110.459615258525,183.490428460956,56.3872508557073,151.862223906748,0,0,9.63052161894979,20.4750675766635,6.67895277420097,11.1308413654593,3.55921503957966,9.60144801203881,0,0,0,0,0,0,0,0,344.487118377185,285.613791310536,231.213205702723,503.565213654691,246.115583785468,427.920969417598,50.9164060477476,143.086439127325,13.2357459017739,10.9737386142449,8.89178914472977,19.3635213912175,9.45546642802744,16.4378979282157,1.9571854533106,5.49953688479907,250.33702121019,207.002603143045,311.10382977783,697.480954371185,353.214443067687,618.344722928032,102.753332928031,288.366075372849,9.61834861512006,7.9533710514796,11.9632255699702,26.8179198592086,13.5696175160807,23.7515651737472,3.94827054921619,11.078864689584,0,0,49.0616710367569,120.569764578727,50.1338271284484,89.4811888175636,28.2785447727545,79.9701264589032,0,0,0,0,0,0,0,0,711.56516286396,355.116211009342,1083.59087426527,1158.58062084785
"223",2008,490,18.5,2327.88471896649,1890.91618935882,615.26319577321,1152.24285330275,165.092491586106,226.122318718375,54.5339678405388,118.26398416059,0,0,0,0,0,0,0,0,0,0,1.03116035352181,1.97476484128455,0.337261382332566,0.463659552286311,0.115642038445042,0.251097193425702,0,0,0,0,0,0,0,0,7555.26708320376,5950.66402224284,1637.62861413397,3433.87905295021,1029.85648886567,1723.06945794944,612.027931838903,1661.35452172292,290.285443487579,228.634027853567,63.1464215098419,132.433585297792,39.7106418383069,66.4415530042306,23.6206608732848,64.1197329888372,19417.8122913569,15258.7414317346,4327.67946556286,8962.90731510547,2806.64605898233,4632.8053971496,1474.8720531394,3964.23272407445,746.063326937553,586.265253445011,168.20030408642,349.061775701176,109.803837497379,181.505605132561,57.7878880225963,155.490518485835,0,0,9.62738061613816,20.4671332407757,6.64245810898809,11.0156753467262,3.64975803179795,9.83642864942121,0,0,0,0,0,0,0,0,344.849989152399,285.556893865617,231.455117308711,504.076068830101,245.087413712249,423.972885980209,51.9285227192743,145.713182656629,13.2496879788015,10.9715525232686,8.90115013843475,19.3833089830989,9.41606973729506,16.286444694795,1.99613683493247,5.60063861162185,250.400649373992,206.789572481389,311.306213664386,697.839646718447,351.391190168052,611.922820079249,104.386972800514,292.494017037784,9.62079331241315,7.9451860726399,11.9711011703531,26.8319501647212,13.499746705757,23.5052340732015,4.01113273764314,11.2377347978612,0,0,49.0504437291376,120.507220748949,49.7832200087512,88.3928335157987,29.0063731946414,81.9142584790573,0,0,0,0,0,0,0,0,715.582519185566,356.915375153938,1091.65641254334,1166.88703081408
"224",2008,490,18.5833333333333,2318.44966689912,1882.73541583987,613.060010878562,1148.31030850921,163.729052325374,223.605105034071,55.0816493879724,119.340783793434,0,0,0,0,0,0,0,0,0,0,1.02742838721749,1.96793942215361,0.334466249530083,0.458428731942492,0.116842032975036,0.253457971539202,0,0,0,0,0,0,0,0,7558.04422163457,5945.59751418067,1638.61340924157,3435.90721778663,1025.43508802106,1707.36301239256,627.229439710994,1700.75757337987,290.392145587205,228.439364511615,63.1846313847335,132.512310050509,39.5402612043788,65.8361100957811,24.2078315756723,65.6418382496579,19396.8031744634,15222.3793390165,4323.59871483695,8953.90058512315,2790.33265892185,4583.63296465982,1510.36392668859,4055.70632248785,745.25612455201,584.868163556431,168.042118992677,348.711095056308,109.162414658724,179.572246742059,59.1786977212068,159.077330752188,0,0,9.623931640806,20.4586297533027,6.60666988253984,10.9033196280102,3.73966533278128,10.0687414046378,0,0,0,0,0,0,0,0,345.187457011945,285.481448306129,231.676911790074,504.545168742786,244.066031918046,420.096924635975,52.9234323758748,148.270220562647,13.2626540351589,10.9686537840717,8.9097359288317,19.4014875159838,9.37693093555913,16.1377550328368,2.03442798410289,5.69906496172127,250.467761694033,206.580491490957,311.499945114812,698.185627125353,349.609707532351,605.663877918967,105.975768486037,296.451949836672,9.62337187652569,7.93715284648844,11.9786421059044,26.8454869968405,13.4314761063847,23.2651513789159,4.07227427032558,11.3900806254906,0,0,49.0385485741547,120.443894691228,49.4397842585611,87.3314146658668,29.7307710295749,83.8391555101162,0,0,0,0,0,0,0,0,719.603956373915,358.714122216012,1099.70439739191,1175.15435189462
"225",2008,490,18.6666666666667,2309.20024447296,1874.73160650282,610.895468072964,1144.43671014308,162.404702185854,221.182857263178,55.594827866132,120.334959901761,0,0,0,0,0,0,0,0,0,0,1.02372062664661,1.9611575406123,0.331746831152248,0.453389705680861,0.117967590676356,0.255640854841021,0,0,0,0,0,0,0,0,7560.36312628043,5940.19864825215,1639.49771852565,3437.70370248037,1021.05920934128,1691.96346586798,642.286816547002,1739.60363953185,290.48124161202,228.231931448941,63.218960827149,132.58209339679,39.3716348916817,65.2424982073539,24.789460620579,67.1425057395293,19376.0773563819,15186.3938339825,4319.57422875244,8944.94670420835,2774.37687738541,4535.73537397961,1545.60843412007,4146.14607330967,744.459806930675,583.485542771822,167.886090620253,348.362457811958,108.535035709893,177.688973979365,60.5598480887446,162.623620561293,0,0,9.62021504485926,20.4496027137145,6.57157160870434,10.7937001126254,3.82893712317185,10.2984149629096,0,0,0,0,0,0,0,0,345.500140298745,285.387869664931,231.879788010728,504.974168141196,243.052079350922,416.292661961716,53.9025610595327,150.764167436323,13.2746678285701,10.9650583428807,8.91759260076556,19.4181205730587,9.33807465585123,15.9918127942809,2.07211358248231,5.79506967917573,250.537722369599,206.374934721723,311.685101996115,698.518685667925,347.868515411021,599.56336564663,107.522911007355,300.251999302018,9.62605987897848,7.9292550265548,11.9858513341968,26.8585222270716,13.3647489264267,23.0311433449811,4.13181756796472,11.5363673697331,0,0,49.0260095403833,120.379841357638,49.1034030350754,86.2963262758551,30.4518061054581,85.7453126166173,0,0,0,0,0,0,0,0,723.62918192785,360.512336640751,1107.73470943182,1183.38307026702
"226",2008,490,18.75,2300.13609347457,1866.90343160916,608.769860086376,1140.62327189248,161.118300784977,218.851598918984,56.0750945723242,121.250939604891,0,0,0,0,0,0,0,0,0,0,1.02004368368785,1.95442847262964,0.329100937530616,0.448534615284113,0.11902192879648,0.257654858906309,0,0,0,0,0,0,0,0,7562.23211939307,5934.4757797144,1640.2823366763,3439.27087343909,1016.72804944593,1676.86434737529,657.198255187186,1777.89120911343,290.553051316244,228.012049687885,63.2494408091557,132.643026696205,39.2047318092746,64.660467670476,25.3654772131946,68.6216738955645,19355.630073875,15150.7790606518,4315.60525879874,8936.04545819046,2758.7707131097,4489.07801523089,1580.60955208957,4235.57502080216,743.674191062846,582.117166094977,167.73219200733,348.015858781549,107.921388254194,175.854431782442,61.9314962746356,166.13029790874,0,0,9.61626422147239,20.4400905581259,6.537147631186,10.6867449835504,3.91757391449612,10.5254779988206,0,0,0,0,0,0,0,0,345.788626725619,285.276564137078,232.064743075328,505.364478413334,242.046041781691,412.559463899559,54.8670831725686,153.200539267881,13.2857519399016,10.960781806359,8.9247584880038,19.433262389065,9.2995195722162,15.8485937400312,2.10923864637685,5.88886431691082,250.60987402555,206.172436425378,311.861760901715,698.838503966526,346.166173692488,593.616763480133,109.031421647717,303.905828685284,9.62883206236839,7.92147471804399,11.9927317680989,26.8710435625753,13.2995098954307,22.8030366378678,4.18987853415212,11.6770424878749,0,0,49.0128519570966,120.315111226202,48.7739565468667,85.286966245837,31.1695432981839,87.6332077562823,0,0,0,0,0,0,0,0,727.657910412315,362.309905474162,1115.74725597127,1191.57367800324
"227",2008,490,18.8333333333333,2291.25651379321,1859.24931472644,606.683375321165,1136.87098604511,159.868737373281,216.607525688598,56.5239764968781,122.092936942115,0,0,0,0,0,0,0,0,0,0,1.01640312421399,1.94776027301393,0.326526508583134,0.443855982713264,0.120008167326897,0.259508645197127,0,0,0,0,0,0,0,0,7563.66073264343,5928.43813214811,1640.96853828197,3440.6120303827,1012.44106320906,1662.05972365684,671.962467591885,1815.62045101068,290.607940921917,227.780073613167,63.2761207191312,132.695237167809,39.0395308077616,64.0897895196748,25.9358305577318,70.0793458623554,19335.4556332465,15115.5285016804,4311.69080016957,8927.1960882696,2743.50618781779,4443.62698443512,1615.37101226302,4324.01506588124,742.899058188103,580.762783119072,167.580386164275,347.671271456141,107.321160705431,174.067292470613,63.2937898578853,169.598228024275,0,0,9.61210686855916,20.4301258955324,6.5033830015164,10.5823846112341,4.00557658627805,10.7499593744618,0,0,0,0,0,0,0,0,346.053482112119,285.147934179241,232.232621380653,505.71733557285,241.048289935701,408.896550580667,55.8179672650089,155.583945015363,13.2959281088459,10.9558396375354,8.93126605774772,19.4469604628234,9.26127994172391,15.7080680308091,2.14584028605362,5.98062559597464,250.683561536282,205.972514439282,312.029996348758,699.144696221352,344.501291943503,587.819604369574,110.504138729356,307.424540601937,9.63166325572311,7.91379339549628,11.9992862453023,26.8830361241424,13.2357056499832,22.5806599391443,4.24656604733574,11.8125319185363,0,0,48.9991020864156,120.249750990076,48.451323107996,84.3027381519561,31.8840447889183,89.5033026766329,0,0,0,0,0,0,0,0,731.6898631388,364.106718317172,1123.74196568756,1199.72666938271
"228",2008,490,18.9166666666667,2282.56052918357,1851.76748595597,604.636115553931,1133.18065734299,158.654932822193,214.447001425894,56.9429392501909,122.86496398404,0,0,0,0,0,0,0,0,0,0,1.01280362677117,1.94115992464198,0.324021586221202,0.439346677637747,0.120929328076009,0.261210525097676,0,0,0,0,0,0,0,0,7564.65930046558,5922.0954715089,1641.55793839256,3441.73111384729,1008.19786661318,1647.54401284207,686.578621002434,1852.79301585712,290.646307494524,227.536378448421,63.2990630116904,132.738876662852,38.8760169477974,63.5302483345896,26.500487407729,71.5155818873447,19315.5477232771,15080.6352259364,4307.82967178957,8918.39745454397,2728.57539406266,4399.34914813983,1649.8963358204,4411.48709136036,742.134165819802,579.422127538873,167.430629173885,347.328654350189,106.734044156983,172.326258282441,64.6468681804626,173.028236215042,0,0,9.60776612788692,20.4197367064288,6.47026336863917,10.4805514584412,4.09294641308545,10.9718883022215,0,0,0,0,0,0,0,0,346.295257808757,285.002382644707,232.384157446922,506.033858775974,240.059114204898,405.30305180037,56.7560174755072,157.918260585494,13.3052175191713,10.9502473146775,8.93714355618438,19.4592578059026,9.22336693819487,15.5702023587234,2.18194929806269,6.07050208920299,250.758152037529,205.774690506663,312.189880351363,699.436845020187,342.872537121421,582.16750847859,111.943708897875,310.81860090469,9.63452914338631,7.90619268352149,12.0055175121889,26.8944838231427,13.1732850302783,22.3638452705301,4.30198162594164,11.9432371569746,0,0,48.9847867329876,120.183804162761,48.1353800679901,83.3430527957736,32.5953703132528,91.3560438037382,0,0,0,0,0,0,0,0,735.724767889216,365.90266729256,1131.71878395637,1207.84253771906
"229",2009,490,19,2273.92303184662,1844.32321689305,602.592724651894,1129.51378391802,157.452417889285,212.313892595994,57.3615342318351,123.627016745937,0,0,0,0,0,0,0,0,0,0,1.00926291596361,1.9346477458939,0.321536541418041,0.434892080781216,0.121845863491741,0.262883627744577,0,0,0,0,0,0,0,0,7565.32836883727,5915.53550579177,1642.00180478482,3442.58421405555,1003.84904777576,1632.90677965206,701.22778303184,1889.84780881398,290.672014171318,227.284334075074,63.3163989406009,132.772262403967,38.7084287333892,62.966017195647,27.0664286810059,72.9473031480153,19296.0059362498,15046.1630022039,4303.87469579955,8909.50449191216,2713.56640499812,4355.13018023686,1684.67738939619,4499.16950810185,741.383340452363,578.09764945307,167.277295041969,346.982471931307,106.143926024603,170.5876815705,66.0099732341888,176.46648802382,0,0,9.60339486342361,20.4091008445169,6.43681685904413,10.3786020842661,4.18084511528048,11.1940572829173,0,0,0,0,0,0,0,0,346.532904079529,284.848841321369,232.529453091246,506.326587800433,239.056820684945,401.690617564945,57.7277277403848,160.317488657939,13.3143482703214,10.9443480113597,8.94277963010272,19.4706367470198,9.18494706491405,15.4316027343838,2.21935204283258,6.16287321782045,250.836180135292,205.581359747125,312.343496546335,699.717157828274,341.227817849058,576.512818733027,113.413701302258,314.250658717743,9.63752710897399,7.89876460644511,12.0115057623369,26.9054715834665,13.1102466962026,22.1469205966453,4.35856748887289,12.0754058915767,0,0,48.9706391913446,120.118243489475,47.8188834585223,82.3868593844424,33.3122038637574,93.2138020391538,0,0,0,0,0,0,0,0,739.743877094803,367.689437020221,1139.64121727326,1215.88478405318
"230",2009,490,19.0833333333333,2264.50766306669,1836.02690723468,600.315907703193,1125.60150242791,156.106682147069,209.865131111669,57.9624260415736,124.741833424992,0,0,0,0,0,0,0,0,0,0,1.00581698260041,1.92825855461302,0.318761283046829,0.429793304184271,0.123133941917096,0.265277036914805,0,0,0,0,0,0,0,0,7566.36011537953,5909.34325609556,1642.0036027503,3442.92763475043,998.436804517573,1615.53784975719,717.144348828353,1929.73238797455,290.711655523409,227.046417939289,63.3167535948346,132.786054097994,38.4998302489009,62.2964406496662,27.6812508039611,74.4881630976017,19277.4502046803,15012.5127372911,4298.84339244567,8899.5273381789,2695.80522754211,4303.87101748983,1722.93028049427,4594.63125033159,740.670400879906,576.804752342786,167.082800427019,346.594902631513,105.44621264312,168.573495939289,67.5089151198337,180.209467331317,0,0,9.59953117137017,20.3988908665755,6.39675261209438,10.2596832890394,4.27695351665167,11.4346212655107,0,0,0,0,0,0,0,0,346.883624765286,284.742558075781,232.718874317139,506.659313822617,237.88664324772,397.477122479709,59.0104500700737,163.448305189068,13.3278235212641,10.9402644389674,8.95011245053412,19.4835514469591,9.14007399375213,15.2699058607042,2.26870534287846,6.28335120989884,250.935762222038,205.406710956756,312.500447440595,699.98866316564,339.23068099321,569.904980888745,115.318705141854,318.722961186873,9.64135321325241,7.89205432050332,12.0176209235088,26.9161164703744,13.0336638076273,21.8933699418195,4.43186831826731,12.2475397273983,0,0,48.9611723293597,120.058792532821,47.4547510575837,81.2998065038839,34.0915311067717,95.2202787583172,0,0,0,0,0,0,0,0,743.624317510102,369.412338305353,1147.26463485292,1223.60381464804
"231",2009,490,19.1666666666667,2255.26712142047,1827.90326538504,598.078688123021,1121.74234581705,154.799820870928,207.512737307132,58.5251906057778,125.768301182529,0,0,0,0,0,0,0,0,0,0,1.00232701600639,1.92184584282478,0.316068809683288,0.424894859729088,0.124344452497214,0.267489169341186,0,0,0,0,0,0,0,0,7567.1007866152,5902.94543296832,1641.97179141787,3443.16694617699,993.129355582951,1598.61262480502,732.944060532494,1969.10452988906,290.740113296742,226.800603343539,63.3157937976729,132.795803319042,38.2952675384007,61.6439636897291,28.291575148769,76.0092791926955,19259.0212124225,14979.105902752,4293.85758710871,8889.56009531707,2678.42506449582,4254.0036332426,1760.86405471817,4688.83640527315,739.962330808928,575.521208219273,166.890024234101,346.207688135255,104.763463697331,166.61397706695,68.9954063450619,183.903243226929,0,0,9.59494870747618,20.3877249223946,6.35752073958535,10.1439140205326,4.37229937832266,11.6720965156867,0,0,0,0,0,0,0,0,347.202054064311,284.616894422301,232.873083854236,506.937302167957,236.713893160632,393.340442780258,60.2347095018133,166.415536018114,13.3400580854676,10.9354362403138,8.95608975077049,19.4943578793316,9.09509929547542,15.1111535354893,2.31581270450247,6.39754538948838,251.032211620664,205.226863814396,312.642793820593,700.224314109023,337.275258758218,563.457147300045,117.18217678102,323.03749898937,9.64505895461584,7.88514430556779,12.0231725347493,26.9253779063397,12.9586792042572,21.6459553108012,4.50357487129587,12.4136165567631,0,0,48.9507862327809,119.997967759837,47.0982242352398,80.2414033049229,34.8665545996899,97.2045806544422,0,0,0,0,0,0,0,0,747.508500572347,371.134537449702,1154.86756745567,1231.28125847488
"232",2009,490,19.25,2246.20609925591,1819.95491382394,595.882520915078,1117.94005488125,153.530992771976,205.252849722364,59.051711603429,126.711535169655,0,0,0,0,0,0,0,0,0,0,0.998811467513272,1.9154286441021,0.313454998416621,0.420186955479611,0.125480329055226,0.269528637067269,0,0,0,0,0,0,0,0,7567.51809093945,5896.31818258752,1641.89268041283,3443.2739697437,987.914861108223,1582.10285378651,748.619783428596,2007.95085413252,290.75614679622,226.545973785813,63.3129948943889,132.800429235542,38.0942856020141,61.0074998066547,28.8971267925974,77.5101355636589,19240.7464644158,14945.9619513761,4288.92409236727,8879.61842617869,2661.42186128836,4205.49549440675,1798.48809238994,4781.82494636158,739.260187023526,574.247764489778,166.69923285982,345.821439440769,104.095519619301,164.707848783538,70.4698137852658,187.54938430033,0,0,9.58977190569803,20.375734575894,6.31909702588248,10.0312053690275,4.46689375877929,11.906547887907,0,0,0,0,0,0,0,0,347.490035684354,284.472785566182,232.997240536027,507.166924694632,235.542783271108,389.28363867773,61.4089128419597,169.241531369903,13.3511228011319,10.9298993474802,8.96090982181263,19.5033009676513,9.05018489958616,14.9554635586802,2.36099709070661,6.50631419582089,251.12704115894,205.043913752851,312.771666851025,700.430257021181,335.361309615604,557.169715111091,119.002029149682,327.194567688446,9.64870245832676,7.87811507151789,12.02820408405,26.9334921996526,12.8852836865578,21.4046922782015,4.57360678923748,12.5736471912703,0,0,48.93950740207,119.93591882061,46.7492273008128,79.2110417649307,35.6373986044606,99.1674092727573,0,0,0,0,0,0,0,0,751.396075434095,372.855920120767,1162.44958689904,1238.91757753528
"233",2009,490,19.3333333333333,2237.32774526714,1812.18325098497,593.728446751148,1114.19755603003,152.299305280484,203.081691073165,59.543778102101,127.576357713365,0,0,0,0,0,0,0,0,0,0,0.995286031812943,1.90902378418974,0.310916375448857,0.415660626975861,0.12654450428276,0.271403890956722,0,0,0,0,0,0,0,0,7567.59023463055,5889.44601993759,1641.7563185837,3443.22864971168,982.784355379211,1565.98588190781,764.16519810978,2046.26056630019,290.758918672202,226.281934307052,63.3079756630693,132.799162707559,37.8965397764656,60.3861773500399,29.4976621036304,78.9903156345113,19222.6453518316,14913.0939784144,4284.04764339033,8869.71366644737,2644.79036286779,4158.31281678543,1835.81091131269,4873.63393849421,738.564714563901,572.984924294736,166.510612224038,345.436599711523,103.442174146407,162.853786300253,71.932470807624,191.149345822827,0,0,9.58410219495788,20.3630263235225,6.28145856080814,9.92146948648863,4.56074626142003,12.1380354945308,0,0,0,0,0,0,0,0,347.749133496712,284.311004451167,233.095328312155,507.352926774214,234.376389653466,385.308241206098,62.5400393290978,171.944944594126,13.3610777546932,10.9236834582015,8.96472581332224,19.5105631420705,9.00544905410532,14.8028949618795,2.40452661125836,6.61037404365691,251.221172493847,204.859323536549,312.888100870617,700.611267450245,333.488372690529,551.041897596832,120.777440301418,331.197173958698,9.65231913592068,7.87102282010211,12.0327553278035,26.9406429492545,12.8134596339813,21.1695509478243,4.64193233561147,12.7277466348098,0,0,48.9273641083138,119.872771176647,46.4076663697279,78.2080948794428,36.4041788280307,101.109430369225,0,0,0,0,0,0,0,0,755.286710375339,374.576377170709,1170.01039617652,1246.51329800795
"234",2009,490,19.4166666666667,2228.6339913855,1804.5887191127,591.617178197754,1110.51712236799,151.103835715387,200.995592115333,60.0030908378139,128.367317071796,0,0,0,0,0,0,0,0,0,0,0.99176399234453,1.90264601493056,0.308449962780521,0.411307600954139,0.127539890753465,0.273123176814054,0,0,0,0,0,0,0,0,7567.30347445648,5882.31984262436,1641.55565594868,3443.01717558918,977.731048559755,1550.24327141961,779.574794523644,2084.02534565234,290.747900887736,226.008135178714,63.3004661712877,132.791474259445,37.7017689434848,59.7792866107115,30.092968522349,80.4494978361598,19204.7310296004,14880.5102231282,4279.23137945185,8859.85383242195,2628.5244565282,4112.42117738977,1872.84026728301,4964.29784580075,737.876418863909,571.733004199708,166.324286388691,345.053483295385,102.803187640304,161.050440018752,73.3836811742197,194.704481699279,0,0,9.57802237260095,20.3496868106111,6.24458374134187,9.8146204296645,4.65386527338383,12.3666153832693,0,0,0,0,0,0,0,0,347.980695364299,284.132206756478,233.170446179791,507.498882633874,233.21695798131,381.41473265554,63.6338719804523,174.541322743549,13.3699747332002,10.9168137647216,8.96765687058789,19.516281829641,8.96097809563892,14.6534664657189,2.4466234119093,6.71032201197377,251.315099067825,204.674079928713,312.993014090424,700.770990582146,331.655804608629,545.071972685538,122.508536660387,335.050264748706,9.65592794624583,7.86390546434139,12.03686155491,26.9469702960148,12.7431824174451,20.9404654916222,4.70855622394652,12.8761044657509,0,0,48.9143861349712,119.808631110885,46.0734340342042,77.2319247661431,37.1670034974036,103.031277222538,0,0,0,0,0,0,0,0,759.180090076788,376.295803788098,1177.5497954396,1254.06898496434
"235",2009,490,19.5,2220.12584614908,1797.17104270394,589.549177424789,1106.90052086958,149.943647745203,198.991002694334,60.4312710559968,129.088714739542,0,0,0,0,0,0,0,0,0,0,0.988256620267272,1.89630825333414,0.306053146275593,0.40712016704162,0.128469366468171,0.274694511828921,0,0,0,0,0,0,0,0,7566.64998084374,5874.9352037412,1641.28579916369,3442.63033166651,972.749724846754,1534.8596215825,794.843820389154,2121.23911327409,290.722792618087,225.724405543535,63.2902792182784,132.777010759234,37.5097724333301,59.1862345333721,30.682862590217,81.8874467280564,19187.0120597303,14848.2153759139,4274.47726584937,8850.04450093804,2612.61745603563,4067.7859747497,1909.58326913467,5053.84889769991,737.195628889984,570.492184417176,166.140333879914,344.67230980984,102.178298130328,159.296453435632,74.8237235060165,198.216058689409,0,0,9.57160073308442,20.3357875496988,6.2084521587072,9.71057454295297,4.74625823736939,12.5923403363683,0,0,0,0,0,0,0,0,348.1859085862,283.936967684091,233.225052919024,507.607561003965,232.066150940826,377.602911659906,64.6952352645573,177.043717383,13.3778593545825,10.9093123672204,8.9697975365197,19.520563501406,8.91683595572165,14.507170508498,2.48747280674717,6.80665931000466,251.409021485674,204.488828612846,313.087209832866,700.912190714102,329.862825652458,539.25753285319,124.196109111257,338.760056821304,9.65953659685994,7.85678781242846,12.0405536380085,26.9525805171939,12.674422170065,20.7173437436604,4.7735087072392,13.0189590744004,0,0,48.900604418658,119.743590209393,45.7464134048167,76.2818891119714,37.9259744649177,104.933554516566,0,0,0,0,0,0,0,0,763.075912942722,378.014098743718,1185.06765433556,1261.58522426723
"236",2009,490,19.5833333333333,2211.80353253104,1789.9293414567,587.524692526846,1103.34908041985,148.817799881112,197.064499688022,60.8298633707518,129.744614954125,0,0,0,0,0,0,0,0,0,0,0.984773382866668,1.8900217178655,0.303723615769738,0.403091124958398,0.12933576421634,0.276125664677217,0,0,0,0,0,0,0,0,7565.62683325467,5867.29149587054,1640.94365768102,3442.06271551165,967.836458816397,1519.8220148643,809.968261873343,2157.89792277489,290.683481651529,225.430722063562,63.2772967619748,132.755565434329,37.3203991381857,58.6065234606155,31.2671892150483,83.3040088206239,19169.4931835999,14816.2111949812,4269.78629296457,8840.28922182828,2597.06223928217,4024.37266734195,1946.04643073465,5142.31725021771,736.522526813889,569.262532500322,165.958795386712,344.293220117096,101.567226666382,157.590472427885,76.252853294407,201.685262651677,0,0,9.56489305583936,20.3213871239313,6.17304451237013,9.60925058443985,4.83793181861285,12.8152603387014,0,0,0,0,0,0,0,0,348.365824957886,283.725798388841,233.261076691816,507.681082305755,230.925154039153,373.872041300964,65.7281163397164,179.462996802524,13.3847720305043,10.9011989050841,8.97122196261266,19.5234897123092,8.87306822718561,14.3639789388734,2.52722793672098,6.89980327214696,251.502910442065,204.303937995074,313.171385030058,701.036888903329,328.108553943468,533.595634813746,125.841464253502,342.333681445826,9.66314396180609,7.84968401911572,12.0438583610164,26.9575513183276,12.6071450988469,20.5000729472259,4.83683986168797,13.1565840102281,0,0,48.886050764983,119.677727384875,45.4264801406083,75.3573447836429,38.6811875916574,106.816839582203,0,0,0,0,0,0,0,0,766.973890091166,379.731164154645,1192.5639003276,1269.0626153712
"237",2009,490,19.6666666666667,2203.66666138531,1782.86227113352,585.543803505032,1099.86377905096,147.725354830393,195.212792105137,61.2003412496343,130.338861958616,0,0,0,0,0,0,0,0,0,0,0.981322204409302,1.88379610036555,0.30145928902613,0.39921371053566,0.130141861707651,0.277424140674727,0,0,0,0,0,0,0,0,7564.23475694831,5859.3909333,1640.52750077657,3441.31176095844,962.988269268932,1505.11935089485,824.944792539334,2193.99976042683,290.629995853673,225.127169815265,63.2614529273614,132.72704038602,37.1335342269809,58.0397255694544,31.8458197177049,84.6991049182483,19152.1762950373,14784.497276959,4265.15872611687,8830.59003724767,2581.85141284022,3982.14703379221,1982.2357502296,5229.73123337753,735.857185399937,568.044032950942,165.779683427466,343.916296443614,100.969683716457,155.931155379044,77.671305974226,205.113208147731,0,0,9.55794511894971,20.3065340035014,6.13834251702203,9.51056988518085,4.92889208868142,13.0354231040582,0,0,0,0,0,0,0,0,348.521393056706,283.499166770435,233.280056711962,507.721124735661,229.794815709466,370.22104943315,66.7358148597012,181.808231551589,13.3907492068243,10.8924913557677,8.97198935178407,19.5251250190033,8.82970754774859,14.2238507140245,2.56601552591268,6.99010216980304,251.596585282191,204.119578661527,313.246136064721,701.146521792392,326.39203374413,528.08294764806,127.446256035757,345.778791903292,9.66674310003837,7.84260063859509,12.0467986454879,26.9619379410325,12.5413145709341,20.2885254428241,4.89861311644266,13.2892729001015,0,0,48.8707575713751,119.611111513256,45.1135048388054,74.4576516298462,39.4327334918549,108.68168493676,0,0,0,0,0,0,0,0,770.873743838951,381.446905097096,1200.03850294481,1276.50176143697
"238",2009,490,19.75,2195.71436976326,1775.96813577592,583.606458948673,1096.44531375718,146.665386576918,193.432723417204,61.5441116951754,130.875095238913,0,0,0,0,0,0,0,0,0,0,0.977909702952401,1.87763974102874,0.299258253908666,0.395481538115706,0.130890373036048,0.278597171153949,0,0,0,0,0,0,0,0,7562.47713338037,5851.23775544523,1640.03660671038,3440.3769707844,958.202851580864,1490.74183602793,839.770719521324,2229.54434379554,290.562465145455,224.813911683773,63.2427205481499,132.691417146712,36.9490888716315,57.485463276745,32.4186497720626,86.0727224032502,19135.0612034877,14753.0716600409,4260.59430174294,8820.94788745532,2566.97743857865,3941.07536606451,2018.15677915318,5316.11756752628,735.199597327117,566.836610393249,165.602989941277,343.541578104771,100.385374091922,154.317180704742,79.0792996006065,208.500946833371,0,0,9.55079476227781,20.2912687874042,6.10432879326571,9.41445637470048,5.01914469558809,13.2528745569549,0,0,0,0,0,0,0,0,348.65348300308,283.257512649748,233.283250119472,507.72907238509,228.675748824826,366.648665126939,67.7210723405354,184.08702830788,13.3958243149606,10.8832066178923,8.97214806483076,19.5255226716001,8.78677750129842,14.0867371441215,2.60394085251468,7.07784803851515,251.689773097875,203.935784963212,313.311970042856,701.242080652837,324.712263725259,522.715883912381,129.012349471224,349.103250788253,9.67032352598879,7.83553899068706,12.0493939847378,26.9657785089178,12.4768921988325,20.0825637032576,4.95890001611389,13.4173274323665,0,0,48.8547575363081,119.543803495498,44.8073549480389,73.5821755305208,40.1806981172086,110.528620329804,0,0,0,0,0,0,0,0,774.775206544474,383.16122935229,1207.49146232845,1283.90326289139
"239",2009,490,19.8333333333333,2187.94539790237,1769.2449498699,581.712496495998,1093.09413984432,145.636983716893,191.721270170337,61.8625184478842,131.356760438871,0,0,0,0,0,0,0,0,0,0,0.974541356320096,1.87155977147729,0.297118739430292,0.39188856883229,0.131583943790532,0.279651710820788,0,0,0,0,0,0,0,0,7560.35947404949,5842.83780453782,1639.47107155317,3439.25950672611,953.478438666075,1476.68072202488,854.44393740436,2264.53295977191,290.481101287467,224.491172136967,63.2211038324309,132.648740945309,36.7669949079865,56.9433992036224,32.9855976387541,87.4249090270294,19118.1460409292,14721.9311439126,4256.0923322126,8811.36282541181,2552.43269775946,3901.12455594762,2053.81466791648,5401.50150762703,734.549690823454,565.640141866004,165.428690346121,343.169069826556,99.8139994440173,152.747250229955,80.4770366084938,211.849473050639,0,0,9.54347310271093,20.2756254449109,6.07098676722445,9.32083647465607,5.10869498115609,13.467659162896,0,0,0,0,0,0,0,0,348.762899079696,283.001254509766,233.271684094336,507.706078359473,227.568375536597,363.153468478981,68.68615541896,186.305745794441,13.4000282567406,10.8733607702436,8.97173762333846,19.5247270403111,8.74429434178097,13.9525838083819,2.6410909481418,7.16328497363058,251.782136915732,203.75248678274,313.369318642104,701.324201959949,323.068218929725,517.490686511779,130.541744074586,352.31496124979,9.67387229260169,7.82849638136939,12.0516609758331,26.9690975087346,12.4138386838946,19.8820436705422,5.0177772782832,13.5410508715349,0,0,48.8380834246889,119.475857362811,44.5078958240388,72.7302900317101,40.925163081238,112.358153974818,0,0,0,0,0,0,0,0,778.678019991255,384.874047317253,1214.92280412975,1291.26771555126
"240",2009,490,19.9166666666667,2180.35817180978,1762.69050494916,579.861664819337,1089.81051322518,144.63925301263,190.075540593169,62.1568454938903,131.787121049267,0,0,0,0,0,0,0,0,0,0,0.971221665337089,1.86556224905041,0.295039083717437,0.388429075438649,0.13222514637527,0.280594435325037,0,0,0,0,0,0,0,0,7557.88884549404,5834.19806588319,1638.83160344722,3437.96174586308,948.813652403645,1462.92803022865,868.962875701196,2298.96828631077,290.386175787414,224.159219561452,63.1966304698455,132.599103683004,36.5871991315243,56.4132255845568,33.5466021527352,88.7557660745268,19101.4277065768,14691.0716382462,4251.65181992778,8801.83425146083,2538.20956066602,3862.26218896131,2089.21421602157,5485.90700017132,733.907346752238,564.454470212232,165.256747956167,342.798750844849,99.2552609744443,151.220092852211,81.8647057571159,215.159729915097,0,0,9.53600581016443,20.2596326580751,6.0383005862334,9.22963904515634,5.19754808984862,13.6798202315737,0,0,0,0,0,0,0,0,348.850393816441,282.730797324617,233.246215688018,507.653142534076,226.472982168127,359.733959080059,69.6329394598795,188.46971104969,13.403389945566,10.8629693725751,8.97079100883062,19.5227766038179,8.70226910298235,13.8213331871229,2.67753781059775,7.24661743960422,251.873307590089,203.569544343033,313.418548123607,701.393253880236,321.458866617518,512.403502407368,132.036498509376,355.421702391063,9.67737521671065,7.82146744018315,12.0536137046825,26.9719091155143,12.3521144250259,19.6868175875027,5.07532389759151,13.6607417329755,0,0,48.820767861662,119.407321493404,44.2149918323216,71.9013779962576,41.6662060794433,114.170774060242,0,0,0,0,0,0,0,0,782.581934692575,386.585271883837,1222.3325731971,1298.59570755346
"241",2010,490,20,2172.56772657253,1755.90990120684,577.937514289984,1086.44098319577,143.55997246415,188.036739146503,62.5545695250986,132.634252447298,0,0,0,0,0,0,0,0,0,0,0.967996967127951,1.8596871256001,0.292791139173933,0.384165755126165,0.133074468951472,0.282383150747142,0,0,0,0,0,0,0,0,7555.34323613165,5825.55498149441,1638.00283610535,3436.35791325923,943.478467907885,1445.96339450716,884.171303805449,2336.47470744647,290.288369404851,223.82713843748,63.1648796750479,132.537684722042,36.3815504883584,55.7591894492202,34.1341995133154,90.2050545988335,19085.175997705,14660.6663592012,4246.89886121379,8791.91898840387,2522.34072178491,3815.17057222272,2126.59896468512,5578.8467229626,733.282931154776,563.286250673904,165.072892173439,342.413697016506,98.6322290846854,149.370897002331,83.3300417227369,218.804168808961,0,0,9.52886215141414,20.2437414993571,6.00159757648331,9.11860652386326,5.29104671705887,13.9121096729857,0,0,0,0,0,0,0,0,348.979875859377,282.47102187896,233.242397056201,507.603751938342,225.259173941807,355.55439345992,70.7724391831281,191.468089061844,13.4083648538083,10.8529883844227,8.97067605000087,19.5209596625175,8.65569134585457,13.660875076823,2.72139012617958,7.36200864298932,251.971573761434,203.394343282334,313.468339473962,701.455349486643,319.634434321223,506.215753824217,133.780880171173,359.68828219777,9.68115076113706,7.81473593516059,12.0555862909721,26.9744486856969,12.282121875833,19.4492984365336,5.14246290095637,13.8249947581349,0,0,48.8052798845544,119.340892513452,43.8943867562097,70.9220944378819,42.4429726294394,116.143596733254,0,0,0,0,0,0,0,0,786.421789344545,388.271013530038,1229.59764984429,1305.78512552926
"242",2010,490,20.0833333333333,2164.0104121204,1748.33815540731,575.772202310176,1082.75375396199,142.253040885189,185.033647953994,63.2168927070131,134.476292481589,0,0,0,0,0,0,0,0,0,0,0.964841016065477,1.85387727260513,0.290084357490758,0.377929574187489,0.134467030982718,0.286218086393888,0,0,0,0,0,0,0,0,7553.27514478059,5817.35540160434,1636.89304056651,3434.40763976001,936.54858359114,1421.31304306229,901.279740928536,2382.05499399799,290.208910027915,223.512097465588,63.1223387900477,132.462944962489,36.1144010908293,54.8087640930067,34.7950651795336,91.9656810673559,19069.593622271,14630.8242332801,4241.29004478318,8780.93560420632,2502.20425768933,3747.82498208748,2168.94883491759,5692.60096621248,732.684232393398,562.139668381585,164.856344425397,341.987812377897,97.8423738113078,146.72885103595,84.9895838116936,223.263612782598,0,0,9.52221514430718,20.228062171112,5.95471660652586,8.95907167897687,5.396397161791,14.1942710841194,0,0,0,0,0,0,0,0,349.228966709343,282.253203796209,233.290115527243,507.585979124221,223.737533719444,349.516075079758,72.3334421496195,196.233811499787,13.4179353236467,10.8446194652533,8.97254310012192,19.5203566830737,8.59728270603286,13.4289959027604,2.78143969728674,7.54530420005631,252.082096841452,203.227302856227,313.520602631368,701.485550313901,317.256783570166,497.294683345136,136.15089921006,366.734095791742,9.68539723557165,7.80831797477166,12.0576526791793,26.9757577226514,12.190867814912,19.1067532331268,5.23364281186105,14.0960293657131,0,0,48.794566505148,119.279207888603,43.5003170892556,69.5681205407817,43.307883138637,118.506502307777,0,0,0,0,0,0,0,0,790.108654081169,389.898511290596,1236.54348905329,1312.67751324563
"243",2010,490,20.1666666666667,2155.59582044645,1740.91074892072,573.642581328709,1079.11187247023,140.988657999458,182.183532194331,63.8363015907502,136.173258860832,0,0,0,0,0,0,0,0,0,0,0.96162217355003,1.84800951219222,0.287468803861991,0.372001531325247,0.135775763388512,0.289770609104203,0,0,0,0,0,0,0,0,7551.05690856195,5809.06165499104,1635.79047373049,3432.4352365028,929.79009980542,1397.52991090531,918.277306603567,2427.01498255488,290.123681845059,223.1934384576,63.0800552152937,132.387318041146,35.8538549076491,53.8917696951527,35.4516570685916,93.7023835323921,19053.9948067033,14601.0942873206,4235.71607987743,8769.93480457403,2482.53504097023,3682.82494056027,2210.86258895452,5804.10428347218,732.084901955765,560.997396224732,164.641093233771,341.561209162424,97.070843905348,144.178770045254,86.6321202466725,227.634992259931,0,0,9.5148630678483,20.2114391505302,5.90892401765889,8.80504685737811,5.50076203902186,14.4712527619063,0,0,0,0,0,0,0,0,349.443368129055,282.018354631463,233.301877431188,507.519564965235,222.220743016453,343.646593419517,73.7952328070218,200.554095338368,13.426172970084,10.8355961846802,8.97302603758207,19.517880052073,8.53905819511916,13.2035983670874,2.83767683996159,7.71148522233821,252.185189201275,203.049849610302,313.554582892911,701.46705048401,314.927291027252,488.638329067682,138.459018352344,373.466933501223,9.68935820983365,7.80149993719545,12.0590141418656,26.9751894355238,12.1014604351874,18.7743690729269,5.32244464577501,14.3550402393622,0,0,48.7826624648712,119.21567244076,43.1151485981129,68.2595458197064,44.1668525235406,120.830572306607,0,0,0,0,0,0,0,0,793.797963638916,391.524703854103,1243.46190657134,1319.51022204294
"244",2010,490,20.25,2147.33579858419,1733.63618615658,571.551844008366,1075.52236422703,139.765977408223,179.47862885115,64.4152019625705,137.734791170643,0,0,0,0,0,0,0,0,0,0,0.958361202553885,1.84210686320245,0.284939533246723,0.366365180763459,0.13700368364122,0.293054553900031,0,0,0,0,0,0,0,0,7548.60996857127,5800.61393737234,1634.66711328099,3430.38227433206,923.180170290011,1374.55284650878,935.147080186403,2471.31227486976,290.029666497546,222.868863637359,63.0369537676376,132.308561117841,35.599033859424,53.0058530474585,36.1033247565536,95.4135339062358,19038.4443333507,14571.5247107086,4230.1917407963,8758.94875919425,2463.33020095078,3620.09863357725,2252.35903313594,5913.46144761144,731.487428883518,559.861285716582,164.427714225447,341.135140243949,96.3175258508824,141.717841471047,88.2583849518067,231.922403654425,0,0,9.50693486069558,20.1940143354552,5.86418787939024,8.65633757273985,5.60416307730059,14.7432382613096,0,0,0,0,0,0,0,0,349.625581516933,281.767550014093,233.283670853138,507.411301168964,220.713973446169,337.947173107844,75.1730044506053,204.49811912514,13.4331739008476,10.8259598701037,8.97235507959735,19.513790902506,8.48121662631061,12.9847298743895,2.89068539534989,7.86320971595679,252.285353436664,202.866944322246,313.57514061436,701.4159156964,312.648940266954,480.249569837891,140.701590421942,379.872306884944,9.69320668085223,7.79447242344379,12.0598576053376,26.9733616468379,12.0140145012713,18.452257036634,5.40872816783713,14.6014704018811,0,0,48.7696808409988,119.150635124284,42.7388245991215,66.995090972517,45.0201376578142,123.117466113833,0,0,0,0,0,0,0,0,797.489365639286,393.149496404517,1250.35264381456,1326.28464687111
"245",2010,490,20.3333333333333,2139.23918728822,1726.52055631529,569.502381566299,1071.99071634655,138.584037668632,176.911434852792,64.9558493950295,139.169888317281,0,0,0,0,0,0,0,0,0,0,0.955076171261034,1.83619027064914,0.282492392124711,0.36100517016014,0.138153904707305,0.296083712352655,0,0,0,0,0,0,0,0,7545.87737001063,5791.9695146657,1633.50257157875,3428.20676637628,916.701734278479,1352.3320444538,951.874363487365,2514.91002214508,289.924675690959,222.536731093075,62.9922522348596,132.22506241215,35.3492819881645,52.1490967142065,36.7495030453925,97.0977167204378,19022.9902490941,14542.1506884791,4224.72767677938,8748.00105850179,2444.5845019029,3559.57286180781,2293.45486838234,6020.76879421456,730.893659214903,558.732688722422,164.216623222901,340.710525714951,95.5822141423291,139.343199107886,89.8690300754318,236.129615294207,0,0,9.49853481504053,20.1759004463416,5.82047668854672,8.51275250422548,5.70661863372475,15.0103937124546,0,0,0,0,0,0,0,0,349.777624818015,281.501578954487,233.239943401291,507.265788033389,219.220784392506,332.416782263911,76.4793714375196,208.123658906415,13.4390156486128,10.8157408365647,8.97070124071289,19.5082661476723,8.42389484682776,12.7723510670878,2.94095009426442,8.00269754696944,252.38565618525,202.682155350867,313.585964293439,701.344112379404,310.423472399327,472.128224195294,142.877075399203,385.94588689441,9.69706047374914,7.78737253556856,12.0603249227418,26.970734546991,11.9285970410482,18.1404106256769,5.49243412518871,14.8351532637268,0,0,48.755717632918,119.084376287007,42.3712547099445,65.7734579628981,45.8679719464376,125.368745468156,0,0,0,0,0,0,0,0,801.182531073038,394.772799332223,1257.21558066237,1333.00221755579
"246",2010,490,20.4166666666667,2131.31239278209,1719.56800042964,567.495936049601,1068.52116174514,137.441797764503,174.474738367854,65.4603618693201,140.486951265891,0,0,0,0,0,0,0,0,0,0,0.951782689459799,1.83027857555151,0.280123845508123,0.35590711612381,0.139229594603332,0.298871705117102,0,0,0,0,0,0,0,0,7542.81934369424,5783.09918566764,1632.28249283563,3425.87966634287,910.342207286901,1330.82648202603,968.44654310204,2557.77703750511,289.807181429581,222.195918867812,62.9453998856268,132.135706853559,35.1041152180795,51.3199206525966,37.3897067021329,98.7537335338883,19007.6672582199,14512.9970773666,4219.33127797573,8737.10852138976,2426.29093981263,3501.17405503483,2334.16494575006,6126.11497397624,730.304926344369,557.612560277709,164.008109737647,340.288022892447,94.8646344646958,137.051962542387,91.4646359129791,240.260096626113,0,0,9.48974717944169,20.1571871850103,5.77775983707297,8.37410501136828,5.80814425187099,15.2728698856059,0,0,0,0,0,0,0,0,349.901140909906,281.221020621676,233.173981941276,507.08606070701,217.743550480574,327.052837816454,77.7247639112292,211.478788671379,13.4437613353646,10.8049613366635,8.96819092202226,19.5014225407627,8.36718416362993,12.5663629335074,2.98887172556036,8.13179577657916,252.488051160736,202.497954580273,313.589770190765,701.260266695728,308.251635450964,464.271723389873,144.985544478873,391.691076565091,9.70099465332932,7.78029524731012,12.0605205552535,26.9676398833595,11.84523692293,17.8387316065739,5.57356518705901,15.0562193516025,0,0,48.7408549306212,119.017120346073,42.0123224065552,64.5933431626945,46.710568198784,127.585882162965,0,0,0,0,0,0,0,0,804.877150271724,396.394526969518,1264.0506984122,1339.66437126923
"247",2010,490,20.5,2123.55989092068,1712.78112241322,565.533734647388,1065.11693059396,136.338166884674,172.161637864655,65.9307325263728,141.693828899203,0,0,0,0,0,0,0,0,0,0,0.948494160871017,1.82438855154213,0.277830828189974,0.351057492139009,0.140233940717086,0.3014318767326,0,0,0,0,0,0,0,0,7539.40942395999,5773.98418167882,1630.99714880929,3423.38180521211,904.092358053499,1310.0017512909,984.852918881326,2599.88769632655,289.676166860353,221.845705838127,62.896023592876,132.039758545062,34.8631782565487,50.5169990035502,38.0235238966085,100.380599193071,18992.4997073014,14484.080752933,4214.0074328687,8726.28277484203,2408.44125108801,3444.82908528287,2374.50251963837,6229.58174163451,729.722165706499,556.501548768491,163.802366270971,339.868087503517,94.1644634572974,134.841268770329,93.0457207368425,244.317048834622,0,0,9.48064024167015,20.1379465667005,5.73600792886239,8.24021419512771,5.90875319704659,15.5308042887412,0,0,0,0,0,0,0,0,349.997491173961,280.926309301518,233.088233650431,506.874107103776,216.283817051204,321.8517789035,78.917795040961,214.603469015957,13.4474632675516,10.7936380563574,8.96491824674735,19.4933365736417,8.31114400355617,12.3666288476103,3.03478124859256,8.25203970253261,252.593660803275,202.315977325293,313.588489249815,701.170357726495,306.133407731939,456.675697160721,147.028248672628,397.116896575959,9.70505234553871,7.77330339007938,12.0605187636466,26.9643076172228,11.7639334348963,17.5470525075786,5.6521693653276,15.2650150588011,0,0,48.725163713483,118.949047086949,41.6618915981632,63.4534481042045,47.5481214429283,129.770266082034,0,0,0,0,0,0,0,0,808.572929433149,398.014596567011,1270.85804915102,1346.2725312341
"248",2010,490,20.5833333333333,2115.98465036697,1706.16133374807,563.616602429799,1061.78046177066,135.272028578382,169.965552906515,66.3688411771357,142.797861327715,0,0,0,0,0,0,0,0,0,0,0.945222034147486,1.81853499211538,0.275610623859808,0.346443536195615,0.141170118926564,0.303777209789916,0,0,0,0,0,0,0,0,7535.63120682045,5764.61358106231,1629.64026857975,3420.70134291581,897.945389640689,1289.8283076177,1001.08452634125,2641.22170857724,289.531001715843,221.485672377264,62.8438829354368,131.936762980243,34.6262093269889,49.7391928592218,38.6506094050071,101.977533173932,18977.5040801565,14455.4125675637,4208.7591578835,8715.53156524613,2391.02632728364,3390.46589928395,2414.47947812922,6331.24470159883,729.146010636239,555.40007116073,163.599512674154,339.451024487363,93.48134483092,132.708296799097,94.6127497342353,248.303433764428,0,0,9.47126976300286,20.1182372808068,5.69519295383105,8.11090555064557,6.00845695149086,15.784323195118,0,0,0,0,0,0,0,0,350.067831974454,280.617786401675,232.984561167913,506.631268154657,214.842576201912,316.80949870314,80.0655867018457,217.530961002166,13.4501658745384,10.7817841130745,8.96095486455081,19.4840598567271,8.25581252212482,12.1729911696155,3.07895230881614,8.36470718481644,252.703009484136,202.137239350973,313.583435709475,701.078324876288,304.068194362371,449.334476902096,149.007256362677,402.236209724993,9.70925369756041,7.76643599119369,12.0603700944124,26.9608892805904,11.6846638332009,17.2651559444445,5.72832608485929,15.462034418069,0,0,48.7087061861653,118.880301228269,41.3198121387419,62.3524881999479,48.3808113973891,131.923212452716,0,0,0,0,0,0,0,0,812.269587838562,399.632927537663,1277.63773226581,1352.82809171502
"249",2010,490,20.6666666666667,2108.58841999426,1699.70908726273,561.74503889104,1058.51354687859,134.242256162229,167.880224753429,66.7764630382626,143.80591547653,0,0,0,0,0,0,0,0,0,0,0.941976029021303,1.81273085130333,0.273460788691401,0.342053189497756,0.142041271788255,0.305920271683748,0,0,0,0,0,0,0,0,7531.47618509175,5754.982584777,1628.20825986742,3417.83207969101,891.896343520305,1270.2803479734,1017.13398130374,2681.76380020401,289.371359136443,221.115634098389,62.7888403186278,131.826482238705,34.3930172930087,48.9855071934458,39.2706786627876,103.543947418114,18962.690666587,14426.9986571796,4203.58801394723,8704.85962328033,2374.03648095812,3338.01388585424,2454.10651653846,6431.17390964525,728.576856484554,554.308363206285,163.3996122714,339.037021516064,92.8148997071232,130.650281954783,96.1661417348293,252.221997237189,0,0,9.46168130691554,20.0981074677415,5.6552882736444,7.98601106474559,6.10726561187676,16.033543391698,0,0,0,0,0,0,0,0,350.11316333478,280.295731989488,232.864393761241,506.358457573549,213.420420914476,311.921565408932,81.1740145902349,220.288897341515,13.4519075788233,10.76941026745,8.95635576164812,19.4736275665833,8.201212528845,11.9852797449742,3.12161065757568,8.47085980540269,252.816175715415,201.962281456397,313.57543841607,700.986515663486,302.054978342892,442.241470985107,150.925203366267,407.064504440179,9.71360172595516,7.75971382901865,12.0601064292953,26.9574751927979,11.6073891455391,16.9927890379482,5.80213657762933,15.6478723550874,0,0,48.6915373356768,118.8109989962,40.9859235915626,61.2891983793008,49.2088041808713,134.045967145048,0,0,0,0,0,0,0,0,815.966856156546,401.249441090607,1284.38988192398,1359.33241224142
"250",2010,490,20.75,2101.37196447873,1693.42406843811,559.919280719183,1055.3174486813,133.24772468097,165.899713026313,67.1552765866996,144.724417874875,0,0,0,0,0,0,0,0,0,0,0.93876433666028,1.8069873811073,0.271379090490517,0.337875044154808,0.142850490960282,0.30787317546155,0,0,0,0,0,0,0,0,7526.94197944398,5745.09111139394,1626.69957754709,3414.77208962659,885.941628444557,1251.33493912512,1032.99532582746,2721.50334589255,289.197147704494,220.735587872872,62.7308367419425,131.708842543303,34.1634635715876,48.255057384923,39.8835018643707,105.079432291795,18948.0649279593,14398.8415068603,4198.49444506165,8694.26936608546,2357.46165613349,3287.40414322545,2493.39329288548,6529.43442275957,728.0149130862,553.226520385858,163.20268496684,338.626176214739,92.1647348050038,128.664526296195,97.7062752379227,256.075290362375,0,0,9.45191215797735,20.0775969671704,5.61626858667912,7.8653692248126,6.20518822012726,16.2785736650561,0,0,0,0,0,0,0,0,350.134367928692,279.960389390323,232.728847306824,506.056331664842,212.017666447234,307.183393412339,82.2479143349069,222.900186181954,13.4527222941434,10.7565258684335,8.95116387245899,19.4620649735821,8.14735615409201,11.8033184882766,3.16294207316469,8.5713775965929,252.932915148261,201.791287038353,313.564948522221,700.896051987863,300.092438465059,435.389452088173,152.785096989544,411.618936440758,9.71808704244983,7.75314394995213,12.0597451269906,26.9541085433819,11.5320587010524,16.7296744527867,5.87371635185427,15.8231878620207,0,0,48.6737062092484,118.741233548139,40.6600582583998,60.2623373176327,50.0322538710583,136.139711667196,0,0,0,0,0,0,0,0,819.664475097044,402.864059976099,1291.11465713267,1365.7868134274
"251",2010,490,20.8333333333333,2094.33528971229,1687.30537829029,558.139361865635,1052.19301460845,132.287322025076,164.018390573536,67.5068714162592,145.559387865776,0,0,0,0,0,0,0,0,0,0,0.935593815974313,1.80131427046194,0.2693634512962,0.333898291141868,0.143600800881648,0.309647545789392,0,0,0,0,0,0,0,0,7522.0306513031,5734.94245911812,1625.11412462092,3411.52242620747,880.078578406149,1232.97120404146,1048.66386841788,2760.43396795679,289.008446623276,220.345660423022,62.6698688118673,131.583884579349,33.9374451625775,47.5470379742648,40.4888978424567,106.583741241216,18933.6288005253,14370.9409661907,4193.47810037038,8683.76156487786,2341.29162620774,3238.56971877842,2532.34858204177,6626.08684960431,727.460254835402,552.154536920224,163.008719713868,338.218522044902,91.5304501407207,126.748407954698,99.2334943888247,259.865690875549,0,0,9.44199316057873,20.0567394636096,5.57810989279386,7.74882501167462,6.30223307386312,16.5195162097764,0,0,0,0,0,0,0,0,350.132247912608,279.611988088224,232.578838222441,505.725449375114,210.634466183651,302.590407161521,83.2912792920739,225.383880050133,13.4526408406311,10.743139733169,8.94541445873958,19.4493935944226,8.09424930264424,11.6269316849542,3.2030999623993,8.66699243084733,253.052776983406,201.624193654948,313.552140217082,700.807174319043,298.179056572949,428.770817364667,154.590135284731,415.91744217787,9.72269232661619,7.74672395487669,12.0592928971186,26.9507986266611,11.4586142515746,16.4755203936269,5.94318824548822,15.9886699295627,0,0,48.6552571370428,118.671080161707,40.342044041391,59.2706912669817,50.8513040695298,138.205568283291,0,0,0,0,0,0,0,0,823.362194137599,404.47670825953,1297.8122321223,1372.19257294703
"252",2010,490,20.9166666666667,2087.47778444567,1681.35164797074,556.405151266956,1049.14074851226,131.359954895284,162.230933216489,67.8327541200242,146.316464929079,0,0,0,0,0,0,0,0,0,0,0.932470167252169,1.79571980748997,0.267411916888701,0.330112686499909,0.144295148529503,0.311254505744857,0,0,0,0,0,0,0,0,7516.74768598228,5724.54250132508,1623.45289634363,3408.0863613895,874.30520352266,1215.16987109273,1064.13605050509,2798.55312373739,288.805466647294,219.946077413321,62.6059750820734,131.451734281838,33.7148850801571,46.8607053415054,41.0867289526864,108.056774996048,18919.3814836481,14343.2948606977,4188.53802427537,8673.33573629759,2325.51610292644,3191.44569845782,2570.98038712958,6721.18778476534,726.912850970736,551.092329262613,162.817681881993,337.814043491907,90.9116432746761,124.899384635771,100.748113292316,263.595419955315,0,0,9.43194986515804,20.0355636639749,5.54078935948614,7.63622959231154,6.39840796346806,16.7564677999275,0,0,0,0,0,0,0,0,350.107544697226,279.25075424596,232.415134933859,505.366325775362,209.270855668248,298.138083365965,84.3074045681647,227.755815133058,13.4516917044713,10.7292605511917,8.93913708914295,19.4356332511354,8.04189334828761,11.4559456184732,3.24221089586093,8.75831258657705,253.175169923696,201.460759302387,313.536985791813,700.719480620852,296.313196825539,422.377775003566,156.343594981507,419.97819695214,9.72739485987248,7.74044454561944,12.0587486859606,26.9475300270434,11.3869930174584,16.2300277747033,6.01067811888809,16.1450167231307,0,0,48.6362304696625,118.600599537451,40.0317062432244,58.3130761154109,51.6660889069333,140.244603649923,0,0,0,0,0,0,0,0,827.059770903702,406.087311320564,1304.48279319311,1378.55092679652
"253",2011,490,21,2080.15659833123,1674.93464012804,553.852492342885,1043.57805923624,131.000685644669,161.515866507349,68.2457059467184,148.306335256422,0,0,0,0,0,0,0,0,0,0,0.928402339468856,1.7863708509883,0.2666165940853,0.328513745794466,0.144943542911133,0.314648017085115,0,0,0,0,0,0,0,0,7511.53999622425,5714.23440044708,1619.62999073821,3396.86769772228,872.210514162241,1205.30521237073,1077.79831833282,2836.02502615243,288.605378878813,219.55002369319,62.4587683792443,131.019449942721,33.6341828055734,46.4804347372458,41.6147774939051,109.504923968053,18905.8619151426,14316.1985579417,4178.18073812497,8643.48120614303,2319.68118817661,3165.39440590766,2604.89855367223,6814.66147668171,726.393408342607,550.051245907228,162.416512806206,336.653363131001,90.6815028592756,123.875203766413,102.077471491644,267.258021313483,0,0,9.41178216221441,19.9712996118062,5.5270627298959,7.57392771385495,6.48263633529557,16.9877090827046,0,0,0,0,0,0,0,0,350.163493586273,278.928779980522,232.026143671375,503.954535080544,208.85367974285,295.697875004388,84.7782382455449,229.415375367443,13.4538413511094,10.7168897849414,8.9241943204374,19.3813867531666,8.0259053510627,11.3622712587511,3.26037654744763,8.82229676525703,253.317906107923,201.315197867385,313.178279016766,699.129352180554,295.716558292964,418.780751947821,157.235785781902,422.824512445863,9.73287901307353,7.73485184243858,12.0449900436458,26.8864784029608,11.3641438640183,16.0919672232257,6.0450815124463,16.2547463999477,0,0,48.5653675250403,118.276870841341,39.893486676177,57.7431943501002,52.3746833267105,142.169468949273,0,0,0,0,0,0,0,0,830.652976686959,407.643729815596,1310.941947346,1384.66088594285
"254",2011,490,21.0833333333333,2071.9562562416,1667.64184633215,549.887005955042,1033.70908229004,131.569695055884,162.508103652768,68.8340662604547,152.500840873556,0,0,0,0,0,0,0,0,0,0,0.922488571395686,1.77015845063417,0.267738133171037,0.330437506505914,0.14562532447555,0.321507340411018,0,0,0,0,0,0,0,0,7506.62886636164,5704.17724861439,1612.03711180183,3372.01607109928,876.439118097731,1208.6141432475,1088.30974174218,2873.07612403366,288.416685415764,219.16361183669,62.1662563390938,130.061398865762,33.7973232713866,46.6081812366652,42.0213441656326,110.936988121518,18893.6139090819,14289.978669579,4158.28114911297,8579.45750517217,2330.87277816204,3174.2538493206,2630.84623101848,6907.2499635284,725.922821155643,549.043835796343,161.645141726199,334.162536262326,91.1171186858131,124.217522493713,103.09346522708,270.87999784268,0,0,9.37293818565137,19.8300518015499,5.55389633558717,7.59512219994593,6.54676007393206,17.2143028526039,0,0,0,0,0,0,0,0,350.367959930608,278.681463003213,231.220255708271,500.667124763669,210.068314771255,296.626091726864,84.4433378606847,230.158929996704,13.461697275845,10.7073874710938,8.89321736667724,19.2550047323386,8.07262296768502,11.3980249186372,3.24759414271429,8.85114275428903,253.512490036314,201.208213118529,312.226727196832,694.897950693497,297.347846473724,419.896034561131,156.672750866501,423.844615119109,9.74035523949495,7.73074131723239,12.0084294465511,26.7238469913939,11.42690919199,16.1349743055714,6.02358220042836,16.2943887858573,0,0,48.4024887918986,117.503089981624,40.0516677161773,57.8168895528832,52.9005594743465,143.930647694512,0,0,0,0,0,0,0,0,834.060978736486,409.10523736716,1317.06956262946,1390.38604968539
"255",2011,490,21.1666666666667,2064.05868176347,1660.62508997153,546.093376454195,1024.26693756288,132.078340334635,163.383391064991,69.3983683631222,156.532348458087,0,0,0,0,0,0,0,0,0,0,0.916513710752397,1.75403255429085,0.268763166630637,0.332170435925639,0.146349051834942,0.328367176929482,0,0,0,0,0,0,0,0,7501.23191110435,5693.7702237819,1604.45971677819,3347.2882930119,880.475064211843,1211.57966752408,1098.54850587856,2909.49270991816,288.209325764134,218.763757300031,61.8743181611629,129.108088873447,33.9530367541314,46.7226837422909,42.4174078155932,112.344620314002,18881.672271161,14264.1035043143,4138.78011639394,8516.55453823812,2341.72671695642,3182.47642460093,2656.80269228536,6999.54378481729,725.464005106296,548.049670499693,160.889085226754,331.714999467352,91.5396994441617,124.535214317238,104.109910529141,274.490849158262,0,0,9.33332269377843,19.6888725246978,5.57991769797721,7.61475793416025,6.61087848095029,17.4404654875288,0,0,0,0,0,0,0,0,350.532011162393,278.41339486855,230.373749464965,497.34514614931,211.230110364514,297.494509592025,84.2793264565621,231.171789047555,13.4680003873138,10.6970878645975,8.86067700263044,19.1272897184656,8.1173077273592,11.4314761443704,3.24137568529946,8.89032612720699,253.72670645477,201.113415952229,311.292738962323,690.725866187251,298.996739442781,421.028311190164,156.15461797014,424.930841634066,9.74858577756205,7.72709905843976,11.9725426464137,26.5634916114155,11.4903483855952,16.1786289717288,6.00380813914158,16.3365699177706,0,0,48.2396137232224,116.734323928515,40.208040085331,57.8859485874008,53.4286585721426,145.695766699676,0,0,0,0,0,0,0,0,837.470771962296,410.565393860997,1323.20790204816,1396.0993737304
"256",2011,490,21.25,2056.44877701022,1653.87075043204,542.46293841839,1015.23083473497,132.530534082691,164.149953783511,69.939335666769,160.406417270045,0,0,0,0,0,0,0,0,0,0,0.910533809228042,1.73809237033255,0.269691334370372,0.333715059881438,0.147100986174578,0.335181642096811,0,0,0,0,0,0,0,0,7495.41905056921,5683.06932196135,1596.91715667838,3322.7278335086,884.336692693802,1214.23311644713,1108.53799864914,2945.31589429859,287.985986366626,218.352611539533,61.5836993571642,128.16119323549,34.1020279808937,46.8251471546796,42.8038653591799,113.729395265681,18869.9865173093,14238.5324439044,4119.65963341501,8454.72929185986,2352.24687410597,3190.07552381395,2682.7532289912,7091.51408559083,725.015020516237,547.06718939938,160.147652318392,329.309097491932,91.949388896737,124.828788885747,105.126236525287,278.089450952998,0,0,9.29318166066298,19.5480903118389,5.60511703447827,7.63284751058619,6.6749140398048,17.6659915363488,0,0,0,0,0,0,0,0,350.657626254557,278.125199059699,229.494446442847,493.998362631927,212.340713414436,298.3004476949,84.2550333678374,232.403606886975,13.4728267208202,10.6860149206727,8.82687386776582,18.9986170525958,8.16002274335973,11.4625216123553,3.24052351076331,8.93791338113431,253.953067398871,201.02601683451,310.365532355856,686.594363233218,300.650776467084,422.162733260489,155.699500187766,426.111147278948,9.75728292770873,7.72374104450599,11.9369149696956,26.4046918067421,11.5539825269233,16.2223605584627,5.98645492817194,16.3823625245549,0,0,48.0765681443193,115.97026337411,40.3624769916472,57.9502502243369,53.9588633815219,147.464486280269,0,0,0,0,0,0,0,0,840.881972725328,412.024092068915,1329.3556780188,1401.8001224397
"257",2011,490,21.3333333333333,2049.11333522958,1647.36679790936,538.98777942257,1006.58160880353,132.930027968729,164.81558886705,70.4577102701015,164.128501100243,0,0,0,0,0,0,0,0,0,0,0.904593299244818,1.72241518212628,0.270523858720716,0.335076283633978,0.147869857599126,0.341913962867081,0,0,0,0,0,0,0,0,7489.24572396655,5672.11919830712,1589.42308325314,3298.36599293173,888.03815854448,1216.59975810377,1118.30043768078,2980.58371586639,287.748797286358,217.931890277636,61.2949264803275,127.221917800313,34.2448410647105,46.9165436388942,43.1815690973615,115.092770398405,18858.5170001837,14213.2333382175,4100.90451571528,8393.94501317057,2362.43833635558,3197.06607384025,2708.68525619163,7183.13649584706,724.574344071506,546.095157235883,159.420261052713,326.943417236452,92.34637837061,125.098816038738,106.141954520638,281.674852904713,0,0,9.2527190175833,19.4079770924426,5.62949392130732,7.64941489334944,6.73880445935448,17.8907129754469,0,0,0,0,0,0,0,0,350.74683669563,277.817632267597,228.589157600351,490.635667349753,213.40214935847,299.042799620194,84.3446472009345,233.812475088494,13.4762543294021,10.6741977125954,8.79206977972107,18.8693286513683,8.20084571979421,11.491118600756,3.24404586313904,8.99229501805062,254.185710091547,200.94233313283,309.437563085226,682.490268711027,302.299884652279,423.286914133252,155.319539426962,427.404260841339,9.76622143266559,7.72052578279954,11.9012562395334,26.2469410053234,11.6174244393009,16.2656929691666,5.97198877907158,16.4324851102479,0,0,47.9132393287635,115.210705648423,40.5148683278239,58.0097005862787,54.491065236243,149.236490157549,0,0,0,0,0,0,0,0,844.294216922537,413.481228427468,1335.51171619116,1407.48760049295
"258",2011,490,21.4166666666667,2042.04069329386,1641.10250874609,535.660630005767,998.301498936705,133.280408290684,165.387673522171,70.9542454419471,167.703943299642,0,0,0,0,0,0,0,0,0,0,0.898726980873921,1.70706013239447,0.271263164140398,0.336260773961628,0.148646493111541,0.3485350629656,0,0,0,0,0,0,0,0,7482.75578600513,5660.95542797341,1581.98679088756,3274.22468706105,891.590300194825,1218.6999720251,1127.85667071138,3015.33107872269,287.499443491371,217.502960368656,61.0083586308472,126.291107883595,34.3818928249255,46.9976576809194,43.5513190181337,116.436083359903,18847.2327283728,14188.1808077327,4082.50179912209,8334.16990218374,2372.30708813595,3203.46408422712,2734.58806575521,7274.39055360354,724.140785032868,545.132598887397,158.706415249931,324.616737127722,92.7308943662421,125.345908252458,107.156648412124,285.246256217847,0,0,9.21210273348932,19.2687559066662,5.65305480393833,7.66449219001279,6.80250056612212,18.1144938739539,0,0,0,0,0,0,0,0,350.801676568563,277.491537737016,227.663749620508,487.265010304564,214.416627450246,299.721589718376,84.5268837327232,235.363650054588,13.4783613657792,10.6616686391782,8.75649028060246,18.7397302073821,8.23986146495768,11.5172679259364,3.25112492741145,9.05213668849322,254.420099839656,200.859574782553,308.503844104839,678.404807557562,303.936034428508,424.390656129179,155.022143845944,428.821560716242,9.77522706227134,7.71734607457529,11.8653746162288,26.0899017566513,11.6803654578656,16.3082342046079,5.96069405532132,16.4873739877781,0,0,47.7495641173542,114.455533174887,40.6651189804359,58.0642299489763,55.0251627706315,151.011481963397,0,0,0,0,0,0,0,0,847.707160259035,414.936703571798,1341.67494912522,1413.16115859865
"259",2011,490,21.5,2035.22042106309,1635.0682106658,532.474763663057,990.373946695825,133.585094377499,165.873177726174,71.4296988173756,171.137972066273,0,0,0,0,0,0,0,0,0,0,0.89296185790222,1.69207171854797,0.271912538457654,0.33727641231092,0.14942346475243,0.355022230711531,0,0,0,0,0,0,0,0,7475.98409958525,5649.60652679349,1574.61438779283,3250.31888070591,895.001423575699,1220.55031865297,1137.2260449889,3049.58978126362,287.239264470046,217.06691743651,60.7242324143661,125.369341673595,34.5135028664143,47.0691271150797,43.9138577456362,117.760553064478,18836.1094148734,14163.3547263514,4064.44021200828,8275.37596427175,2381.85972902396,3209.28624854606,2760.45257939499,7365.25913660161,723.713410255152,544.178741076987,158.00568408842,322.327982691149,93.1031875938909,125.570705153558,108.16996510392,288.802991521903,0,0,9.17147063820703,19.1306084049375,5.67581084943406,7.67811687471429,6.86596423046167,18.3372252251697,0,0,0,0,0,0,0,0,350.824141988431,277.147805551947,226.723227531934,483.893375087331,215.386385514792,300.337595266041,84.7842025145378,237.028348021439,13.4792245238849,10.6484618988713,8.72032781097663,18.6100902941752,8.27715592120457,11.540999410164,3.26108673280293,9.11633292174622,254.652758965112,200.77565084569,307.561332570738,674.332554542412,305.552903818862,425.465666694548,154.811109681741,430.36878267054,9.78416619857337,7.71412158265182,11.8291530275629,25.9333654295595,11.7425625361393,16.3496654728803,5.95271637077051,16.5472488489528,0,0,47.5855180550791,113.704693954576,40.8131471203932,58.1137895952816,55.5610607771837,152.789182028173,0,0,0,0,0,0,0,0,851.120478075735,416.390422695324,1347.84440795216,1418.82019650677
"260",2011,490,21.5833333333333,2028.64307622646,1629.25508151624,529.423916733297,982.783433869154,133.847339006415,166.278678091817,71.8848269271337,174.435696351654,0,0,0,0,0,0,0,0,0,0,0.88731864958237,1.67748267068675,0.272475864043563,0.338131863820931,0.150194791899648,0.361357996708198,0,0,0,0,0,0,0,0,7468.95858429239,5638.09554601272,1567.3096974838,3226.65846720815,898.277929524294,1222.16440466334,1146.4263404971,3083.38859744026,286.969332937506,216.624647146906,60.4426965520616,124.457002378463,34.6399176507564,47.131476323366,44.2698679416797,119.067282748579,18825.1279368374,14138.7390244644,4046.70976873616,8217.53812329959,2391.1032534032,3214.54963252353,2786.27113147813,7455.72797384769,723.29148500827,543.232966384546,157.317686377526,320.076192208513,93.4635244189752,125.773861396556,109.181606089244,292.344499895499,0,0,9.13093543233869,18.9936814174272,5.69777632736752,7.69032969490758,6.92916651860127,18.5588204349267,0,0,0,0,0,0,0,0,350.81616274341,276.787343082556,225.771826274795,480.526807459404,216.313587811674,300.892068068706,85.1021471289023,238.782723532316,13.4789179492669,10.6346123542877,8.68374522671834,18.4806414619025,8.31281223518475,11.5623611712035,3.27337580634626,9.1839679002838,254.881047247148,200.689014797729,306.608433929319,670.270584452811,307.1455824413,426.505290965945,154.687531775652,432.04741652035,9.79293740006828,7.71079288708415,11.7925301025094,25.777219538834,11.8038268776826,16.389730925152,5.94809757043344,16.6121663907538,0,0,47.4211064934808,112.958185717942,40.9588826958464,58.1583490850937,56.0986693956198,154.569325026804,0,0,0,0,0,0,0,0,854.533864856588,417.842295735538,1354.01921280464,1424.46416310405
"261",2011,490,21.6666666666667,2022.30003973459,1623.65501378992,526.50223273604,975.515368728651,134.070231135237,166.610372689612,72.320381542906,177.602103453493,0,0,0,0,0,0,0,0,0,0,0.881812877108347,1.66331602014838,0.272957437321286,0.338836291871683,0.15095571753821,0.36752929597114,0,0,0,0,0,0,0,0,7461.70158538793,5626.44113740684,1560.07483335555,3203.24947857386,901.424739783845,1223.55348356096,1155.47377071441,3116.75339767376,286.690507434428,216.176866130896,60.1638339468674,123.554324690486,34.761326842679,47.1851392822563,44.6199723043866,120.357264557307,18814.2733089928,14114.3208905273,4029.30150960646,8160.63364881921,2400.04490861396,3219.27147185905,2812.03729770826,7545.78527611936,722.874433534412,542.294782570019,156.642080493465,317.860494529836,93.8121813484166,125.956038794914,110.191320822655,295.87031853654,0,0,9.09058854680853,18.8580921487475,5.71896762953263,7.70117340468462,6.99208619682156,18.7792117741881,0,0,0,0,0,0,0,0,350.779588149894,276.411057607708,224.813104835906,477.170493141942,217.20028310007,301.386574436329,85.4688533824568,240.607100102125,13.4775126956183,10.620154864532,8.64687941384514,18.351583222189,8.34690914139623,11.5814134621022,3.28753627804694,9.254285917341,255.103008542975,200.598558756151,305.644655881177,666.217875170313,308.710336019903,427.504279263401,154.650440728203,433.85569757528,9.80146550862245,7.70731742125423,11.7554868671781,25.6214247953996,11.8640148908215,16.4282287284912,5.94680020914372,16.6820583833419,0,0,47.2563582537671,112.216044774021,41.1022662347674,58.1978941267104,56.6379037118834,156.351658730886,0,0,0,0,0,0,0,0,857.947033433495,419.292237368521,1360.19856265563,1430.09255357575
"262",2011,490,21.75,2016.18336493279,1618.26049041844,523.70421112219,968.555981349995,134.256698906203,166.874095848534,72.7371062056985,180.642056200192,0,0,0,0,0,0,0,0,0,0,0.87645586293568,1.64958700135935,0.27336180533691,0.339399100267955,0.151702502285408,0.373526696876404,0,0,0,0,0,0,0,0,7454.2311349959,5614.6585328907,1552.91071775213,3180.09517638774,904.445685104575,1224.72700285994,1164.38300252952,3149.70730085611,286.403480783851,215.724159623007,59.8876816184093,122.661436673511,34.8778782025882,47.2304805606437,44.9647343042871,121.631385327889,18803.5337369507,14090.0900362231,4012.20726344916,8104.64163514188,2408.69206502324,3223.46898836908,2837.74573009308,7635.42137761163,722.461802674586,541.363794339777,155.978555191915,315.680088896369,94.1494399783318,126.117899162015,111.198900335257,299.380066864009,0,0,9.05050367225453,18.7239329213677,5.73940237815756,7.71069161842357,7.05470837020958,18.9983471367017,0,0,0,0,0,0,0,0,350.716174665692,276.019840612148,223.850029619597,473.828824117466,218.048365491205,301.822848567492,85.8745981508578,242.48526416043,13.4750762488573,10.605123681874,8.60984449032283,18.2230845926202,8.37951945347352,11.5982230274229,3.30319454766071,9.3266642640292,255.317229079215,200.503516021691,304.670300487565,662.17477912204,310.244393523305,428.458576302107,154.697376186992,435.789494905244,9.80969620480235,7.70366572735011,11.7180349064624,25.4659947838603,11.9230200118588,16.4650029715345,5.94872957633865,16.7567657756948,0,0,47.0913198624629,111.478335915283,41.2432476962339,58.2324245554755,57.1786832833991,158.135942584369,0,0,0,0,0,0,0,0,861.3597141882,420.74016698536,1366.38172636606,1435.70490705038
"263",2011,490,21.8333333333333,2010.28565402256,1613.06448280565,521.024664091583,961.892234717372,134.409513695191,167.075333808165,73.1357334103732,183.560290954966,0,0,0,0,0,0,0,0,0,0,0.871255578770596,1.63630466529755,0.273693634147326,0.339829727912893,0.152432245205053,0.379343732885897,0,0,0,0,0,0,0,0,7446.56197953467,5602.76034237577,1545.81748778618,3157.19691136277,907.343820404947,1225.69305494828,1173.16720372478,3182.27084718305,286.108819566753,215.267012116203,59.6142462921789,121.778392772938,34.9896896814516,47.2678126239215,45.3046599805786,122.890433176237,18792.8998471578,14066.0380984241,3995.4194598991,8049.54258692493,2417.0521139934,3227.15924558985,2863.39200746391,7724.62841830251,722.053232282174,540.439680369056,155.326822341668,313.534228886619,94.4755830221366,126.260098681343,112.204171456756,302.873434209741,0,0,9.01073985536007,18.5912753871722,5.75909875287659,7.71892794994482,7.1170232651057,19.2161871707007,0,0,0,0,0,0,0,0,350.627578491768,275.614556323197,222.885055808436,470.505476935022,218.859554435837,302.202685601552,86.3114095550603,244.403851584298,13.4716722428732,10.5895520113092,8.57273493059287,18.0952871022982,8.41070929094986,11.6128589846038,3.32004430757329,9.40058967145358,255.522718820998,200.403380592603,303.686212312519,658.142589683863,311.745759292962,429.365127055467,154.824858573759,437.843047084358,9.8175914498854,7.69981836397555,11.6802066798535,25.3109792904293,11.9807654876155,16.4999362079288,5.9537518190689,16.8360669450936,0,0,46.9260507160214,110.745144014293,41.381785427023,58.2619525153961,57.7209317763851,159.921946606281,0,0,0,0,0,0,0,0,864.771654141173,422.186008599652,1372.56803388114,1441.30080347812
"264",2011,490,21.9166666666667,2004.59997591798,1608.06038258405,518.458685858775,955.511760285628,134.531295376078,167.219240811882,73.5169828181925,186.361417008407,0,0,0,0,0,0,0,0,0,0,0.86621726221143,1.62347305260513,0.273957623928449,0.340137520167693,0.153142746100516,0.384976392847573,0,0,0,0,0,0,0,0,7438.70625219419,5590.75707629202,1538.79473581723,3134.55464579618,910.121631547164,1226.45868440415,1181.83812041674,3214.46217937801,285.806989959694,214.805827438011,59.3435136435986,120.905193890786,35.0968573582632,47.2974076322983,45.6402008907609,124.135104411776,18782.3641852513,14042.1582484808,3978.93101555494,7995.31816246865,2425.13240740099,3230.35906256552,2888.97251417219,7813.40009826817,721.648435948913,539.522178290198,154.686612515012,311.422212466976,94.7908919488811,126.383284533482,113.206992134867,306.350170315473,0,0,8.97134393155091,18.4601739206421,5.77807513925138,7.72592556805817,7.17902523179234,19.432702987656,0,0,0,0,0,0,0,0,350.515355205426,275.196036408417,221.920206037146,467.203509324194,219.635403029765,302.527893368359,86.7727711559267,246.35187679185,13.467360445434,10.5734718068354,8.53562858663655,17.9683085003707,8.44053839440064,11.6253909620496,3.33783517760344,9.47564022670052,255.71882835576,200.29785255557,302.693606301472,654.123241592234,313.213062324461,430.221708250622,155.028713058761,440.009477715599,9.82512629240275,7.69576380798123,11.6420489029508,25.1564527835108,12.0371985845864,16.5329429822412,5.96170638869526,16.9196974915476,0,0,46.7606196335519,110.01656812824,41.5178453066982,58.2865009908045,58.2645768140624,161.709450891606,0,0,0,0,0,0,0,0,868.182615921531,423.629690665222,1378.75686758325,1446.87985932844
"265",2012,490,22,1998.93089629062,1602.94599962419,515.665787656068,949.166574487086,134.610344884856,167.192543411144,73.9247959020479,189.162951854379,0,0,0,0,0,0,0,0,0,0,0.861328951378224,1.61113811424816,0.274131913842607,0.340092512984119,0.153915523777919,0.390659109921946,0,0,0,0,0,0,0,0,7431.56091088793,5579.32722577294,1531.05221800266,3111.65965899134,912.694288804697,1226.16749231625,1190.65163947378,3247.2230621754,285.532454520097,214.366674302802,59.0451232353345,120.022314095259,35.1961100222523,47.2862392676893,45.9812242016699,125.401714363349,18773.776955859,14019.7099099362,3960.62005494361,7940.56978781108,2432.69636047478,3230.79545426526,2915.11624608294,7904.12110773091,721.318501491878,538.659677170035,153.976422091467,309.290476541492,95.0861180527429,126.398520895886,114.231924529932,309.903595941482,0,0,8.9322440682452,18.3312527168137,5.79578822360039,7.72626552956142,7.24221681127171,19.6536319673172,0,0,0,0,0,0,0,0,350.471254928168,274.8145940341,220.946264890067,463.944932266297,220.396436449009,302.617694848876,87.3195030466484,248.565461372266,13.4656660429221,10.5588161807613,8.49817290812677,17.8429968590875,8.4697956130067,11.6288723319281,3.35890539195729,9.56089054670462,255.935626347501,200.210579564606,301.669141151476,650.120580580049,314.615026165757,430.720787990066,155.377156037734,442.602339302303,9.83345601850684,7.69241064005122,11.6026649995724,25.0025641302668,12.0911172706277,16.5522051612007,5.9752152023367,17.0197065945655,0,0,46.595783129367,109.297270146287,41.6473343268115,58.2648289609138,58.8198231004078,163.542101663655,0,0,0,0,0,0,0,0,871.52995036667,425.043216990486,1384.8339220286,1452.33328963329
"266",2012,490,22.0833333333333,1993.30831393419,1597.78556924457,512.738625939909,942.907038646726,134.647596869897,167.032061712681,74.3456691762064,191.932544264074,0,0,0,0,0,0,0,0,0,0,0.856472368433515,1.59918382491416,0.274226845727333,0.339773320549571,0.154727030053001,0.396322044887453,0,0,0,0,0,0,0,0,7424.97431702792,5568.34694432002,1522.83629374741,3088.70242289069,915.090450900717,1225.07200924242,1199.57503631165,3280.39386060738,285.279387050917,213.944794330053,58.7285296320437,119.137059762783,35.2885525670034,47.244045146849,46.3264659293011,126.684100640988,18766.6220708436,13998.3333564753,3941.03404778303,7885.62473979718,2439.77536525046,3229.0706965938,2941.64837043931,7996.12932196247,721.043599981021,537.83835574815,153.217243637634,307.151513371508,95.3625007999329,126.329365042405,115.272147361368,313.507806760137,0,0,8.89242383976365,18.2035398962945,5.8123871453119,7.72144549437115,7.30624208932039,19.8774990052089,0,0,0,0,0,0,0,0,350.468586600216,274.456688241988,219.94404817072,460.705872557277,221.129750591705,302.514328924694,87.9203606806885,250.935135487269,13.4655635221408,10.5450648678162,8.45963019567549,17.7184342589283,8.49798516055473,11.6249265302668,3.38205392017498,9.65213384584076,256.164989836742,200.133028325752,300.613683750276,646.124534124326,315.959181972293,430.935826052818,155.847247361384,445.524924944249,9.84226853110595,7.68943099738532,11.5620882815207,24.8489260299346,12.1428109685662,16.560545780863,5.99339652645357,17.1323779018954,0,0,46.4311659680366,108.585720555885,41.7711148933533,58.2076413049223,59.3840272055469,165.408070481757,0,0,0,0,0,0,0,0,874.829600065827,426.433626444564,1390.82598523831,1457.68516027677
"267",2012,490,22.1666666666667,1987.87110233175,1592.80100891667,509.933017150282,936.905157287742,134.655236110013,166.832973037238,74.7465581322809,194.586182434028,0,0,0,0,0,0,0,0,0,0,0.851652809063852,1.58756292478788,0.274264274680979,0.339371697993836,0.155511489872175,0.401781280466866,0,0,0,0,0,0,0,0,7418.26971111391,5557.3037310603,1514.7519055917,3066.06789758174,917.37481938278,1223.83611984753,1208.42952202583,3313.2813417523,285.021785369901,213.520496416647,58.416974487252,118.264208883209,35.3766808518676,47.1964290277264,46.6690308507249,127.955528854742,18759.4853743335,13977.0629191839,3921.79237332637,7831.53146291902,2446.55554519818,3226.95379493771,2968.08393745114,8087.59043922859,720.769397289439,537.021111480333,152.471276026216,305.045472720725,95.627310394302,126.245016506911,116.308722803072,317.091014459083,0,0,8.8519236545729,18.0765598805897,5.8282955945617,7.71568463358682,7.36995407840488,20.0998915500688,0,0,0,0,0,0,0,0,350.43895359304,274.085009023843,218.922282622295,457.472866300252,221.820918324883,302.359286040799,88.5205204442689,253.264331828999,13.4644249752519,10.5307843578181,8.42033464308118,17.5941018969609,8.52455269296013,11.6189909231674,3.40517326297298,9.74181606762355,256.384579488569,200.047685593498,299.544923945808,642.135439383333,317.268651893954,431.100910464541,156.37790317836,448.51889976677,9.85070551723119,7.68615199308415,11.5209983569976,24.6955509471909,12.1931682992129,16.5669606858395,6.0139025045733,17.2477840498837,0,0,46.2661283128695,107.878407544783,41.8922623127581,58.1466073552817,59.9493350030035,167.273655778476,0,0,0,0,0,0,0,0,878.129096012473,427.822188607588,1396.81864965393,1463.01698884081
"268",2012,490,22.25,1982.61674274344,1587.98915078777,507.244649772401,931.151717712788,134.63597796487,166.599378027686,75.1283911069833,197.128639331148,0,0,0,0,0,0,0,0,0,0,0.846896735796036,1.5762886470502,0.274246475996689,0.338894241759245,0.156267519897876,0.407037949386102,0,0,0,0,0,0,0,0,7411.43100486353,5546.18683337458,1506.78774884956,3043.73590372889,919.544936987051,1222.45751234134,1217.21739888489,3345.88148337485,284.759031339512,213.09336742976,58.1100261002265,117.402989267927,35.4604008262082,47.1433032541927,47.0090080510503,129.215844743232,18752.3814854751,13955.9082368382,3902.8924194773,7778.28257730833,2453.04762778027,3224.46319580696,2994.4247398699,8178.51231894323,720.496455108329,536.208314703755,151.73842469012,302.972078570797,95.8809593085399,126.146187073149,117.34171857462,320.65351917593,0,0,8.81098893641119,17.9505047150462,5.84351462920448,7.70901114479643,7.43335084007791,20.3208038116608,0,0,0,0,0,0,0,0,350.384319372961,273.700515206553,217.887354253696,454.252344793279,222.472559801104,302.155965473694,89.1191147696783,255.555902686812,13.4623258417713,10.5160114904293,8.38053169124341,17.4702471079236,8.54959898762331,11.6111963613817,3.42823015952687,9.83004702765037,256.595359609918,199.955848589975,298.464006298943,638.158233440406,318.54346565872,431.217593172728,156.963545974552,451.573722894722,9.85880402709727,7.68262346849642,11.4794392733206,24.5426288712516,12.2421904262352,16.5715096318416,6.03651874344303,17.365520026353,0,0,46.1006418646128,107.175429236591,42.010790681811,58.081816894455,60.5157319612618,169.138809011979,0,0,0,0,0,0,0,0,881.428193655179,429.208836199443,1402.8110735081,1468.32839242772
"269",2012,490,22.3333333333333,1977.54229152472,1583.3465272283,504.669276273131,925.637663425568,134.59234321564,166.335064396878,75.4920544057905,199.564509209371,0,0,0,0,0,0,0,0,0,0,0.842224817123219,1.56536937032125,0.274176319104529,0.338347589391897,0.156994303860515,0.412094489469922,0,0,0,0,0,0,0,0,7404.44669674307,5534.98896641478,1498.9345178433,3021.69033469159,921.599383267126,1220.93546645725,1225.94078291164,3378.1908774916,284.490683052434,212.66312747388,57.8073292429244,116.552784747292,35.5396582460188,47.0846412088081,47.3464794607764,130.46491762285,18745.3213687646,13934.8762453547,3884.33063794675,7725.86893473876,2459.26154870552,3221.6160481176,3020.6723323264,8268.9018158018,720.225194711382,535.400231907399,151.018558676994,300.930986043563,96.1238295503539,126.033538522531,118.371193063879,324.195581938428,0,0,8.76981800927805,17.8255252619923,5.85804973723093,7.70145401773087,7.49643255148941,20.5402333706998,0,0,0,0,0,0,0,0,350.306408730202,273.304042677215,216.844261312716,451.049182013879,223.086816728145,301.907153259971,89.7154756992898,257.812265988187,13.4593323908977,10.5007783817688,8.34041347827369,17.3470573922279,8.57320643296894,11.6016501214053,3.45119901390363,9.91691982466155,256.798079667744,199.858536335065,297.372528956497,634.197441506779,319.783747111651,431.287326936012,157.598941529586,454.680082323845,9.86659285642322,7.67888457599557,11.4374724974418,24.3903339405921,12.2898821411833,16.574248585059,6.06104405808412,17.4852280650307,0,0,45.934709280131,106.476891209573,42.1267080989436,58.0133529517749,61.0831965901748,171.003464773186,0,0,0,0,0,0,0,0,884.726666204407,430.593506590075,1408.80251841465,1473.61904996502
"270",2012,490,22.4166666666667,1972.64452128791,1578.8694823652,502.202736955415,920.354137573001,134.526680983041,166.043543162569,75.8383976094968,201.898222829199,0,0,0,0,0,0,0,0,0,0,0.837653219641203,1.55480972850859,0.274057018685166,0.337738276847504,0.157691449828197,0.416954295045954,0,0,0,0,0,0,0,0,7397.30862470772,5523.70534290173,1491.18447264948,2999.91811574949,923.537505221887,1219.27041966227,1234.60154827488,3410.20653082725,284.21642690985,212.229592614085,57.5085885751146,115.713095282259,35.6144283365166,47.0204606755525,47.6815177157588,131.702632726028,18738.3133146763,13913.9719220416,3866.10281907565,7674.28017569565,2465.20660859308,3218.42844797776,3046.82810685182,8358.76503205519,719.955934632102,534.597054327379,150.311521272162,298.921802973802,96.3562787184635,125.907692094986,119.397198294748,327.717434527033,0,0,8.72857292480579,17.7017410390804,5.87190942211772,7.69304260608784,7.5592008236866,20.7581801360354,0,0,0,0,0,0,0,0,350.206757497172,272.896334057951,215.796978411107,447.867140835925,223.665487956493,301.615213630125,90.3090825276722,260.035484779163,13.4555036317683,10.485113564566,8.30013282185286,17.2246775536042,8.59544423794674,11.5904432594395,3.47405988442184,10.0025138999526,256.993343051746,199.75656642354,296.272310351097,630.257143760761,320.989690086272,431.311471137131,158.279218224231,457.829729996116,9.87409518840643,7.67496672888018,11.3951679590558,24.2388231787862,12.3362509338776,16.5752299400066,6.08729121096217,17.6065913015933,0,0,45.7683557023782,105.782902924361,42.240019384495,57.9412943393018,61.6517028175836,172.867546466059,0,0,0,0,0,0,0,0,888.024301783793,431.976141020556,1414.79232297548,1478.88868562513
"271",2012,490,22.5,1967.91998452152,1574.55422308501,499.84097278686,915.292507231323,134.441177569884,165.728063013858,76.1682352384841,204.134050766122,0,0,0,0,0,0,0,0,0,0,0.833194223593,1.54461115704063,0.273892024596172,0.337072675107807,0.158358922783203,0.421621547632524,0,0,0,0,0,0,0,0,7390.01143073077,5512.33325338682,1483.53123093375,2978.40872601888,925.359303045452,1217.46377415499,1243.20132240184,3441.92581673873,283.936057047807,211.792658749026,57.2135606747683,114.883518639613,35.6847114072174,46.9508164365694,48.0141859657283,132.928889355034,18731.3633607525,13893.1986066507,3848.20422030728,7623.50498372334,2470.89153617212,3214.91553766533,3072.89331662896,8448.10741141414,719.68890684273,533.798910282285,149.617134958245,296.944099751771,96.5786424466406,125.76923231444,120.419780868259,331.219283153017,0,0,8.6873844644493,17.5792446962683,5.88510458430603,7.68380641628152,7.62165837014909,20.9746458761069,0,0,0,0,0,0,0,0,350.086734095641,272.478051219487,214.748617533932,444.70906077933,224.210086303693,301.282165571942,90.8995374770576,262.227307118194,13.450892141336,10.4690424689527,8.25980940199228,17.1032169105164,8.61637061576181,11.5776535532809,3.49679754943284,10.0868965726148,257.181634044706,199.65058757934,295.165297660612,626.340984516628,322.161547102564,431.291301437703,158.999868576653,461.015388348514,9.88132962996595,7.67089485216149,11.3526005351844,24.0882368491611,12.38130655661,16.5745028868446,6.11508696964373,17.7293301791955,0,0,45.601624678808,105.093575859695,42.3507272527011,57.8657167153167,62.2212209949884,174.730968669274,0,0,0,0,0,0,0,0,891.320902236468,433.356684301642,1420.77989171797,1484.1370623905
"272",2012,490,22.5833333333333,1963.36508284058,1570.39687375079,497.580036538026,910.444383767924,134.337868531717,165.391629824748,76.4823491832764,206.276110178076,0,0,0,0,0,0,0,0,0,0,0.828856918417396,1.53477250350856,0.27368490357798,0.336356927009265,0.158996969383708,0.426101029033881,0,0,0,0,0,0,0,0,7382.55195405378,5500.8715946736,1475.96953438766,2957.15367067766,927.065297052122,1215.51767940023,1251.74147968222,3473.34640222906,283.649452024911,211.352283492132,56.9220450974083,114.063730164759,35.750527744278,46.8757919307034,48.3445376291006,134.143598079697,18724.4757697947,13872.5583631683,3830.62970622511,7573.53136083584,2476.3245650835,3211.09162535786,3098.86910664551,8536.9338582225,719.424275127131,533.005879073747,148.935206825653,294.997419987773,96.7912373712826,125.618711613695,121.438983172914,334.701313120119,0,0,8.64635780816833,17.4581070861057,5.89764783813307,7.67377488747369,7.68380865438545,21.1896337101897,0,0,0,0,0,0,0,0,349.947564841737,272.049789740318,213.701609356767,441.577070348493,224.721903255408,300.909769867238,91.4865388397337,264.389212045309,13.4455450366276,10.4525879780071,8.2195367238336,16.9827574521762,8.63603527023,11.5633488466495,3.51940047584362,10.1701248086508,257.363348666745,199.541116582942,294.053467313763,622.452181470984,323.299617597685,431.228019497952,159.756745786871,464.230643048912,9.88831139682836,7.66668880137178,11.3098462294476,23.938698813195,12.4250605703797,16.5721137812383,6.14427197245012,17.8531983231275,0,0,45.434573663766,104.409021536994,42.4588335802436,57.7866937440729,62.7917190439107,176.593639894188,0,0,0,0,0,0,0,0,894.616281651513,434.735084437238,1426.76468243911,1489.36397455783
"273",2012,490,22.6666666666667,1958.97612397254,1566.3935209358,495.416100713468,905.80163703231,134.218649817817,165.037024774591,76.7814908700636,208.328371284059,0,0,0,0,0,0,0,0,0,0,0.824647799312401,1.52529055218122,0.27343924441674,0.335596900154462,0.159606054209984,0.430397962766547,0,0,0,0,0,0,0,0,7374.92872522873,5489.32047816472,1468.4950482764,2936.14604062235,928.656414704551,1213.43484978956,1260.22314230727,3504.46618719317,283.35655538262,210.90847112367,56.6338767033825,113.253465906154,35.8119132741472,46.795492259158,48.6726164224259,135.346678405191,18717.653429229,13852.0522806495,3813.37386502347,7524.34685365373,2481.51349999779,3206.97028783281,3124.75653872844,8625.24884017496,719.162150425046,532.218002544978,148.265533073698,293.081289271624,96.9943636847709,125.456654299671,122.454844373689,338.163692840672,0,0,8.60557735997186,17.3383815578937,5.9095529537648,7.66297721314576,7.74565560319636,21.4031476986313,0,0,0,0,0,0,0,0,349.790355730281,271.612091069477,212.657854591559,438.472762074908,225.202062859494,300.499600088831,92.0698586678891,266.522450367016,13.4395048117328,10.4357708950668,8.17938792968319,16.8633605623016,8.6544814668998,11.5475897774117,3.54185996226694,10.2522467905142,257.538819717843,199.428568924235,292.938748363028,618.593540236413,324.4042382296,431.122761995588,160.54605482219,467.469845591819,9.89505327570119,7.66236454029701,11.2669792292305,23.7903170913001,12.4675259710515,16.5681064878982,6.17470038451392,17.9779787949274,0,0,45.2672702270521,103.72934987771,42.564340417496,57.7042980165807,63.3631634012911,178.45546489093,0,0,0,0,0,0,0,0,897.910265063519,436.111292298431,1432.74619568898,1494.56924157843
"274",2012,490,22.75,1954.74936095159,1562.54024384344,493.345461304517,901.356401683759,134.085287244896,164.666820010286,77.0663828867073,210.294662631905,0,0,0,0,0,0,0,0,0,0,0.82057123075868,1.51616043659453,0.273158597336569,0.334798163263003,0.160186811757795,0.434517893922019,0,0,0,0,0,0,0,0,7367.14161430102,5477.68095846881,1461.10420414639,2915.38018937778,930.133911048794,1211.21843458099,1268.64719757037,3535.28327985882,283.057362127869,210.461262163391,56.3489196376433,112.452510233955,35.8689165088587,46.7100391959903,48.9984570223942,136.53805782959,18710.8981298352,13831.6806820837,3796.43109272445,7475.9387115198,2486.46576484518,3202.56444619248,3150.55660449589,8713.05645648718,718.902601541314,531.435293105735,147.607902265942,291.195221300977,97.1883069957602,125.283559474092,123.467400927737,341.606576500842,0,0,8.56511040580821,17.2201071569409,5.9208344802677,7.65144221853026,7.80720340105077,21.6151925623836,0,0,0,0,0,0,0,0,349.61610882658,271.165451141939,211.618831988501,435.397310688092,225.651557998521,300.053087337668,92.6493264222686,268.62807854278,13.4328099676033,10.4186102747468,8.13941994681346,16.7450715590623,8.67174742730973,11.5304314973941,3.5641695109811,10.3333032210053,257.708332211065,199.313279791771,291.822981838761,614.767485348586,325.475775848687,430.97661140454,161.364334360545,470.72802320248,9.90156621724246,7.65793494741739,11.2240703439666,23.6431850547586,12.5087169181817,16.562522792089,6.2062392027236,18.1034806279254,0,0,45.0997892123293,103.054668004102,42.667250610186,57.6186016137517,63.9355196405713,180.316346171958,0,0,0,0,0,0,0,0,901.202687421322,437.485261379915,1438.72396752814,1499.75270410099
"275",2012,490,22.8333333333333,1950.68102417997,1558.83313896021,491.36453986938,897.101080314977,133.939425235672,164.283393150315,77.3377204388274,212.178676106475,0,0,0,0,0,0,0,0,0,0,0.816629841805005,1.50737599118165,0.272846426758894,0.333965970996685,0.160740006023596,0.438466588036377,0,0,0,0,0,0,0,0,7359.19153809476,5465.95480876251,1453.79406534354,2894.85146449318,931.499301205142,1208.87190930567,1277.01431651636,3565.79597631221,282.751907486507,210.010724739577,56.0670621829278,111.660685547293,35.9215959539631,46.6195670219817,49.3220857801824,137.71767105853,18704.2107980296,13811.4432975433,3779.79566281385,7428.29401550763,2491.18844441967,3197.88643098685,3176.27023580102,8800.36049673953,718.645664070536,530.657740384936,146.962098022997,289.33872288401,97.3733399328541,125.099903543897,124.476687000472,345.030106359747,0,0,8.52501021361932,17.1033113243379,5.93150744100803,7.63919826308922,7.86845632701547,21.825773461851,0,0,0,0,0,0,0,0,349.425736414487,270.710327630241,210.585688007861,432.351570098382,226.07128039043,299.571556362723,93.2248155342827,270.706988389071,13.4254955556437,10.4011237015576,8.09967693143408,16.6279234212181,8.68786748219667,11.5119250610758,3.58632431178034,10.4133284662206,257.872135761033,199.195521427522,290.707891559927,610.976090592154,326.514621716936,430.790605222251,162.20843738577,474.000798643336,9.90785981204527,7.65341048270475,11.1811858833848,23.4973825912978,12.5486485119888,16.5554027520252,6.23876750898921,18.2295357436812,0,0,44.9322103633211,102.385079265191,42.7675682771913,57.5296765353728,64.5087529753348,182.176185272732,0,0,0,0,0,0,0,0,904.493392676777,438.856947588146,1444.69756354774,1504.91422073045
"276",2012,490,22.9166666666667,1946.76734634144,1555.26833894746,489.469883979402,893.028343468644,133.782594803696,163.888940611842,77.59617261778,213.983971584456,0,0,0,0,0,0,0,0,0,0,0.81282485466893,1.49893004379908,0.272506077585442,0.333105257426196,0.161266497565575,0.442249948653828,0,0,0,0,0,0,0,0,7351.08022791321,5454.14434361011,1446.56221445576,2874.55599171693,932.754305692374,1206.39898895147,1285.32497502266,3596.00274730453,282.440257977974,209.556947781489,55.7882124523616,110.877844004608,35.9700180089225,46.5242191937565,49.6435215296612,138.885459499626,18697.5916806519,13791.3394010408,3763.46178158718,7381.3997788603,2495.68831901766,3192.9480364954,3201.89831198147,8887.16448846471,718.391347496895,529.885316488969,146.327901163919,287.511297837253,97.5497234785012,124.906142312133,125.482734755388,348.434414607375,0,0,8.48531858361948,16.9880121009862,5.94158710198669,7.62627316782013,7.9294186322671,22.0348958333463,0,0,0,0,0,0,0,0,349.220072864006,270.247145800147,209.559308132415,429.336148648433,226.462044050573,299.056252595126,93.796232791975,272.759932730723,13.4175936336841,10.3833275148901,8.06019300770675,16.5119396796323,8.70287297343267,11.4921184652051,3.60832083427377,10.4923515425364,258.030453729137,199.075516755575,289.59506698776,607.22111025711,327.521186812617,430.565744040341,163.075510154172,477.28431865948,9.9139426420116,7.64879971125905,11.1383869981937,23.3529773061237,12.5873366122047,16.5467850072413,6.27217566103274,18.3559962007248,0,0,44.7646164096666,101.720682488177,42.8652991398107,57.4375949924847,65.0828286380206,184.034883721916,0,0,0,0,0,0,0,0,907.782232994569,440.226309062047,1450.66657417467,1510.05366554349
"277",2013,490,23,1943.09916110939,1551.74289899379,487.194604238921,888.742398433742,133.589599273713,163.264305415876,77.9126124890643,216.056652329129,0,0,0,0,0,0,0,0,0,0,0.809079834079395,1.49060524732165,0.272090253174464,0.331772156571316,0.161899272904289,0.446534317181232,0,0,0,0,0,0,0,0,7343.942594754,5443.15494773172,1438.30061541903,2853.27843246007,933.727939700033,1202.17245849877,1293.94828038822,3627.99920411301,282.166018697713,209.134717617937,55.4697870326104,110.057235890521,36.0075889194607,46.3612426639056,49.9769994162464,140.12224224001,18693.7023412882,13773.3324684846,3744.44275754574,7332.08826021221,2499.49448468162,3183.42228994034,3228.39604847564,8978.89934411656,718.241913346046,529.193461302468,145.590487179476,285.590759199335,97.6990545126033,124.533002889644,126.522828922474,352.031795326348,0,0,8.44535110091629,16.871853321109,5.94998271464884,7.60235374777628,7.99235548741867,22.2555033948019,0,0,0,0,0,0,0,0,349.093529293578,269.827405927661,208.495274172798,426.267534969451,226.814795563764,298.118092034021,94.4500941284936,275.255154453483,13.4127316278666,10.3672004377065,8.01926226065229,16.3939105512299,8.71641604742929,11.4560602005268,3.63348499561857,10.588368511278,258.222559848112,198.98555750037,288.436125379068,603.394707032505,328.434608797583,429.715392038163,164.071795282953,481.253797736295,9.92132366675497,7.64534333277347,11.09381440253,23.205823310088,12.6224422149783,16.5141251651688,6.31054749723404,18.5088131203497,0,0,44.5954696335067,101.049319256824,42.9524329261154,57.2643996033917,65.6728507925046,185.98622018874,0,0,0,0,0,0,0,0,911.019974515274,441.579027739187,1456.5407152108,1515.11567740963
"278",2013,490,23.0833333333333,1939.5906535207,1548.30946301372,484.863848445131,884.507178524408,133.374552881569,162.566745241048,78.2362317108736,218.152221643882,0,0,0,0,0,0,0,0,0,0,0.805313357136994,1.48245051716557,0.271634671997937,0.33028833096838,0.16254845947719,0.450863294064103,0,0,0,0,0,0,0,0,7337.07014424925,5432.40951129985,1429.79668895628,2831.89477304708,934.537407248165,1197.32863197346,1302.65272013822,3660.42827106182,281.901968159109,208.721860766453,55.1420356447174,109.232545823453,36.0388286599001,46.1744586663336,50.3135911267762,141.375681009521,18690.7221773569,13756.0740413163,3724.77199452294,7282.50063316034,2502.89522701263,3172.28158645098,3255.10670969145,9071.81478070143,718.127411158329,528.530364890954,144.827994253582,283.659662937633,97.8326136682545,124.096759152976,127.571341922448,355.675666547356,0,0,8.40445568160688,16.7555123455633,5.95743660887697,7.57457837609359,8.0557686796204,22.4788157793933,0,0,0,0,0,0,0,0,348.980089549236,269.416466606285,207.402804623472,423.185598273893,227.129945015933,297.021713899842,95.1168225191724,277.813275426264,13.4083730919909,10.3514114917712,7.97723825383386,16.2753686642158,8.72851255308584,11.4139201032007,3.65914215238893,10.6867988737496,258.422365952824,198.902024851213,287.258090112118,599.560313774462,329.296005997257,428.635496171272,165.121489512024,485.434118278257,9.92900053725439,7.64213387477048,11.0485067184817,23.0583596526375,12.6555456679327,16.4726399134403,6.35096932707091,18.6697259435327,0,0,44.4256752364071,100.379022785666,43.0342475884274,57.0634488922199,66.268653070343,187.966041385409,0,0,0,0,0,0,0,0,914.24007598714,442.924864195587,1462.37844486134,1520.13258233554
"279",2013,490,23.1666666666667,1936.20733493476,1544.99926676084,482.633440065093,880.449812141872,133.147570636694,161.873638380107,78.5435675944243,220.156603884354,0,0,0,0,0,0,0,0,0,0,0.801560075727986,1.47453430996417,0.271156672824561,0.328809996973629,0.163168871492212,0.455014803410375,0,0,0,0,0,0,0,0,7330.06656587903,5421.59250877643,1421.42009108259,2810.80465947858,935.238678772258,1192.42037149027,1311.31082151357,3692.57007959155,281.632879478218,208.306254231285,54.8191655429061,108.419148364722,36.0658961106651,45.9851890862776,50.648381786373,142.618016209326,18687.7647297493,13738.9083685239,3705.45992843081,7233.70322413753,2506.05584001157,3161.01120155625,3281.70958729771,9164.07648469869,718.013781758652,527.870832251751,144.079270055244,281.759142952577,97.9568572685081,123.655508656375,128.615754141103,359.294319800281,0,0,8.36296669030378,16.6398564059479,5.96431516525608,7.54647597745128,8.1188931133883,22.7004477048732,0,0,0,0,0,0,0,0,348.848738167841,268.997441532366,206.299548875568,420.12098881755,227.411398895468,295.901276044065,95.7675450200257,280.279049342905,13.4033263623667,10.3353118782936,7.93479885528892,16.1574921095548,8.73931267210158,11.3708537271436,3.684182422003,10.7816761836765,258.618050018863,198.815255080635,286.077375584175,595.756855680671,330.127198183623,427.528089207226,166.184930416612,489.585659955712,9.93651903242788,7.63880004138655,11.0030948518563,22.9120831166503,12.6874856259168,16.4300936426896,6.39191666178312,18.8295253955792,0,0,44.2556956970795,99.7139390956723,43.113475428405,56.8613369579202,66.8651469804597,189.942559567946,0,0,0,0,0,0,0,0,917.459047330434,444.268629039244,1468.20924303394,1525.1222072713
"280",2013,490,23.25,1932.94885736209,1541.81109556697,480.499913344739,876.564414982864,132.91042858201,161.186447276905,78.8355073317185,222.074116208562,0,0,0,0,0,0,0,0,0,0,0.797844778085879,1.46686437736396,0.270657210095561,0.327339441307018,0.163760556044921,0.458993395954351,0,0,0,0,0,0,0,0,7322.91505242543,5410.69260813875,1413.16115142026,2789.99115276981,935.830560286512,1187.44554904989,1319.91780904663,3724.407111074,281.35810689485,207.887462618,54.5008074122834,107.616394719499,36.0887455097261,45.7933525495713,50.9811883307172,143.8485748843,18684.8446549807,13721.8451913691,3686.50306126307,7185.68864567951,2508.98574071952,3149.62275861619,3308.20859065525,9255.69967530015,717.901588273942,527.215237659699,143.34418598516,279.888921486109,98.0721483401724,123.20970104693,129.656215896237,362.888342834539,0,0,8.32111746038302,16.5250611386101,5.97061778545469,7.51805857195474,8.18172616562322,22.9204021310782,0,0,0,0,0,0,0,0,348.700554448911,268.570747054967,205.19030738143,417.07757823006,227.660593760839,294.758560085496,96.4041363257046,282.663836870579,13.3976329074077,10.3189175940707,7.89212852476637,16.0404297055095,8.74887165973139,11.3269296565999,3.70867792858116,10.8734371876154,258.810718632048,198.726491601179,284.894950013023,591.987502366796,330.929166708238,426.396187346217,167.259607990894,493.70219684025,9.94392166907235,7.63538960652009,10.9576160782104,22.7671157366113,12.7182998803778,16.386602463794,6.43329309312909,18.9879724383345,0,0,44.0855045390306,99.0541105889678,43.1901531001414,56.6581561298543,67.462346932869,191.915846017349,0,0,0,0,0,0,0,0,920.676728366039,445.610282977446,1474.03249505342,1530.08446376367
"281",2013,490,23.3333333333333,1929.81432598452,1538.74332948002,478.459823979217,872.845107782901,132.664749831865,160.506463598163,79.1128892798363,223.908873212207,0,0,0,0,0,0,0,0,0,0,0.794186979161556,1.45944547645984,0.270137780950312,0.325878982459475,0.164323875370471,0.462804165766895,0,0,0,0,0,0,0,0,7315.60395700366,5399.70233269787,1405.01212653414,2769.44109505896,936.312987946824,1182.40377046801,1328.46964358407,3755.92432728592,281.077202917067,207.46519866025,54.1866656932994,106.823781034549,36.1073745215269,45.5989342595211,51.3118559203433,145.066779204915,18681.9725427431,13704.8912717013,3667.8970076799,7138.44782381755,2511.69355983674,3138.12673875006,3334.60694283348,9346.69744431759,717.791237577265,526.563840915844,142.62257888312,278.048655039993,98.1788195508539,122.759741756791,130.692850860792,366.458240862069,0,0,8.27909656112925,16.4112647460439,5.97634847198262,7.48933992841525,8.2442660740586,23.1386820803364,0,0,0,0,0,0,0,0,348.53646067047,268.136724803026,204.07881441531,414.058202298578,227.87873518284,293.59501069137,97.0281308153093,284.977008542288,13.3913281625105,10.3022417650323,7.84937077847718,15.9242904824604,8.75723588718633,11.2822035103208,3.73268770905639,10.9624421283249,259.001139611652,198.636636633097,283.711994701552,588.254821929721,331.702624700997,425.242184289965,168.343398001564,497.779414150763,9.95123794803218,7.63193723491591,10.9121158407459,22.6235563869919,12.74801591185,16.3422585581925,6.47501703996517,19.1449014689731,0,0,43.9151036008929,98.3995857657817,43.2643089658631,56.4539871999535,68.0602573847018,193.885946642635,0,0,0,0,0,0,0,0,923.892968375388,446.949788658113,1479.8476545339,1535.01929754184
"282",2013,490,23.4166666666667,1926.80246427217,1535.79407399685,476.509778299128,869.286073965869,132.412026632703,159.83483534692,79.3765101758991,225.664810190248,0,0,0,0,0,0,0,0,0,0,0.7906021233188,1.45228004922404,0.269600202167657,0.324430888269079,0.16485941224297,0.466452556633474,0,0,0,0,0,0,0,0,7308.12532356623,5388.61693769547,1396.96670923042,2749.14401804018,936.686664471188,1177.29580963164,1336.96284547487,3787.10874575523,280.7898618608,207.039280056835,53.8764997847492,106.040906542792,36.1218102769667,45.4019642827315,51.6402511612637,146.27213019463,18679.1560627926,13688.0512505477,3649.63678334882,7091.9705677415,2514.18732520305,3126.53275295968,3360.90734766263,9437.08123431509,717.683024353087,525.916820335865,141.914262187258,276.237956458554,98.2771803145218,122.306002548493,131.725762563729,370.004455150167,0,0,8.23705841484893,16.2985772078068,5.98151439879695,7.4603350236753,8.30651165577904,23.3552905306243,0,0,0,0,0,0,0,0,348.357264425941,267.695667190127,202.968034627131,411.064990959293,228.066886183082,292.411876899198,97.6408008489403,287.226390693266,13.3844431567061,10.2852956261761,7.80663957542869,15.8091563552681,8.7644462418767,11.2367233750686,3.75626072353253,11.0489918853886,259.189848240701,198.546350797621,282.529771392599,584.560882976466,332.44810686024,424.068013554195,169.434484247071,501.814381781416,9.95848843573739,7.62846830869822,10.8666426637636,22.4814847187744,12.7766543398544,16.2971364136528,6.51701875981904,19.3002000875744,0,0,43.744515135691,97.7504166395583,43.3359663042799,56.248902918699,68.6588757081793,195.85288909663,0,0,0,0,0,0,0,0,927.107624266379,448.287110219622,1485.65422554247,1539.92667823804
"283",2013,490,23.5,1923.9116752009,1532.96120945066,474.646447193066,865.881586366957,132.153626959295,159.172575768123,79.6271269007664,227.345687390151,0,0,0,0,0,0,0,0,0,0,0.787102063241099,1.44536851285573,0.269046526569386,0.322997345584586,0.165367932008083,0.469944278964203,0,0,0,0,0,0,0,0,7300.4743616656,5377.43400483277,1389.01983946042,2729.09173469291,936.952932717188,1172.12340058083,1345.39444161932,3817.94931627319,280.495899669395,206.609613892848,53.5701167986846,105.267457905748,36.1321045179383,45.2025095666759,51.9662600755581,147.464203004979,18676.4003744032,13671.3279568875,3631.71691766002,7046.24578708823,2516.47452003972,3114.84963141865,3387.11204489844,9526.86100110366,717.577146829135,525.274284613643,141.219030288555,274.456403344233,98.3675190500484,121.84882497777,132.7550365371,373.52736933455,0,0,8.19512735365993,16.1870837317494,5.98612535423367,7.43105977983591,8.36846220235022,23.5702304486118,0,0,0,0,0,0,0,0,348.163673275519,267.247826092204,201.860269269783,408.099476547351,228.225990831579,291.210248738601,98.2431872960543,289.418442559041,13.3770050755886,10.2680888549782,7.76402339595031,15.6950862806722,8.77053903553449,11.190531215036,3.77943702902712,11.1333347823714,259.377184635317,198.456089299782,281.349581336204,580.907311380072,333.166006003645,422.875221318621,170.531324901615,505.805334130566,9.96568619999345,7.62500031757226,10.8212465827528,22.3409633449685,12.8042303272932,16.2512956228531,6.55923905484972,19.4538006348279,0,0,43.5737785539586,97.1066575122822,43.4051445013702,56.0429692690674,69.2581931726323,197.816685111972,0,0,0,0,0,0,0,0,930.320560038055,449.622213186143,1491.45175717811,1544.80659676577
"284",2013,490,23.5833333333333,1921.14012766802,1530.24245943665,472.866580928528,862.626036777975,131.890806640831,158.520578437972,79.8654601599498,228.955101925981,0,0,0,0,0,0,0,0,0,0,0.78369574058027,1.43870965862945,0.268478929876677,0.321580422622656,0.165850330895224,0.473285201811623,0,0,0,0,0,0,0,0,7292.64868134906,5366.15285827602,1381.16743865725,2709.2777707841,937.113590815633,1166.88894746378,1353.76187426871,3848.4366813109,280.195224517046,206.176174201675,53.2673613842723,104.503187414449,36.1383264975016,45.0006628050739,52.2897846051581,148.642637737177,18673.7087243611,13654.7228540596,3614.13160621535,7001.26178683863,2518.56217649163,3103.0855617568,3413.2228988579,9616.04547656403,717.473729752296,524.636289972987,140.536664431239,272.703549490712,98.4501068041083,121.388525752894,133.78074376464,377.027319632668,0,0,8.15340346863726,16.0768497566329,5.99019297921814,7.40153074034366,8.43011733606471,23.7835047925894,0,0,0,0,0,0,0,0,347.95631660654,266.793425449448,200.757310854854,405.162756470834,228.356913788424,289.991118523617,98.8361433709817,291.558508777375,13.3690381012261,10.2506300555789,7.72159117983155,15.582122504677,8.77554752501685,11.1436652293961,3.8022494649225,11.2156762925903,259.563347980479,198.36615388542,280.172705518072,577.295357716632,333.856621229902,421.665058925422,171.632606861605,509.751379991996,9.97283889380588,7.62154485509568,10.7759768521243,22.2020404393234,12.8307554311925,16.2047844373966,6.60162751680501,19.6056690427978,0,0,43.4029459899903,96.4683634212728,43.4718606878173,55.836247256581,69.8581964539356,199.777334248341,0,0,0,0,0,0,0,0,933.531645858572,450.955064271089,1497.23983482483,1549.65906067629
"285",2013,490,23.6666666666667,1918.48582025494,1527.63544116192,471.167019268877,859.513956444886,131.624719002288,157.879629252734,80.0921972797541,230.496497083337,0,0,0,0,0,0,0,0,0,0,0.780389713423183,1.43230096598855,0.267899630405872,0.320182045145606,0.166307597200406,0.476481271285542,0,0,0,0,0,0,0,0,7284.64772893458,5354.77413511368,1373.40620939826,2689.69694862993,937.170758552147,1161.59531527463,1362.06293272446,3878.56298206994,279.887815130404,205.738985461273,52.9681080544522,103.747897028864,36.1405578473617,44.7965344033337,52.6107399938113,149.807132012246,18671.08288854,13638.236368337,3596.87482326423,6957.00648172916,2520.45694454593,3091.24819024444,3439.2414654003,9704.64237216996,717.372841354645,524.002852791965,139.866937064129,270.978933198443,98.5251999199338,120.925400656049,134.802943287092,380.504602748581,0,0,8.11196707581605,15.9679247404919,5.99373020603217,7.37176481809878,8.49147690798716,23.9951165408064,0,0,0,0,0,0,0,0,347.735761715488,266.332670169598,199.66055705809,402.255608890634,228.460467039109,288.755420840237,99.4203684612881,293.651015235785,13.3605640300569,10.2329271008611,7.6793966998819,15.4702950053193,8.77950294071933,11.0961613907905,3.82472495368841,11.2961865673753,259.748435856024,198.276731077535,279.000365824649,573.725952435156,334.520192704898,420.438552560097,172.737209866685,513.652285336902,9.97995026634823,7.61810908778044,10.7308804557831,22.0647518613702,12.8562389396788,16.1576424454728,6.64414114773375,19.7557964869598,0,0,43.2320789157808,95.8355889329187,43.5361309077834,55.6287942009606,70.4588687557577,201.734826691667,0,0,0,0,0,0,0,0,936.740757386329,452.285631248004,1503.01807386439,1554.48409098058
"286",2013,490,23.75,1915.9466263558,1525.13770080011,469.5446970425,856.540028030683,131.356423012667,157.250416490601,80.307994385859,231.973170046361,0,0,0,0,0,0,0,0,0,0,0.777188575994559,1.42613886021339,0.2673108372205,0.318803986132637,0.166740782568915,0.479538450251821,0,0,0,0,0,0,0,0,7276.4723888451,5343.29948322839,1365.73348375248,2670.34508961041,937.12678815439,1156.24568693709,1370.29570578565,3908.321704017,279.573705490414,205.29811098593,52.6722553782105,103.001426970998,36.1388891494652,44.5902469894727,52.9290529648953,150.957435054415,18668.523484404,13621.8681204186,3579.94040189277,6913.46754500076,2522.16514082324,3079.34469369883,3465.16904040197,9792.6585328913,717.274505360302,523.373958497208,139.209614945872,269.282083049047,98.5930419256579,120.459727329798,135.821684086409,383.959481844066,0,0,8.07088216539615,15.8603450308682,5.99675085496003,7.34177909293986,8.55254092842456,24.2050687482386,0,0,0,0,0,0,0,0,347.502525126877,265.865751793714,198.571091677136,399.378567302312,228.537423391857,287.504051020906,99.9964346909895,295.699625163101,13.3516027077789,10.2149873501387,7.63748167054114,15.3596243574301,8.78243500626837,11.0480541571638,3.84688552231687,11.375006436359,259.932470801203,198.187919116361,277.833706869844,570.199758361461,335.156926521741,419.196558794085,173.844176181293,517.508307264381,9.98702118361478,7.61469679017342,10.6860014100235,21.9291231768039,12.8806888276322,16.1099027064923,6.68674319442626,19.9041930046101,0,0,43.0612455447409,95.2083872182975,43.5979708816975,55.4206646227064,71.0601905917689,203.689145199413,0,0,0,0,0,0,0,0,939.947775276964,453.613882879908,1508.78611553273,1559.28172038699
"287",2013,490,23.8333333333333,1913.52033227863,1522.74674317226,467.996648068876,853.699094437601,131.086890731457,156.633539929307,80.5134783744362,233.388279136302,0,0,0,0,0,0,0,0,0,0,0.774095319705258,1.42021893383378,0.266714708583162,0.317447859347073,0.16715097793446,0.482462668105289,0,0,0,0,0,0,0,0,7268.12464569385,5331.73130604459,1358.1470945482,2651.21876672321,936.984189512904,1150.84344560265,1378.45853930225,3937.70753162088,279.252971849089,204.853643119055,52.3797210510688,102.263646237164,36.1334170619758,44.3819308930954,53.244660094909,152.093342126033,18666.0302365791,13605.6171212692,3563.32210081156,6870.63253141343,2523.69279076097,3067.38184083537,3491.00670241481,9880.10007425829,717.178711189125,522.74956908839,138.564461732549,267.612522683196,98.6538651662372,119.991767654014,136.837006743491,387.392191855426,0,0,8.03019935922694,15.7541363228567,5.99926930119058,7.31159064467135,8.61330951160371,24.4133645969168,0,0,0,0,0,0,0,0,347.257082224033,265.392853137733,197.48975303691,396.531983196944,228.588528070198,286.237880492663,100.564809781279,297.707373335891,13.3421723993799,10.1968178274924,7.59587837455599,15.2501241394994,8.78437238475247,10.9993770630517,3.86874918141205,11.4522525666249,260.115422557848,198.099750657351,276.673782410605,566.717214412897,335.767014255015,417.939809295489,174.952684803977,521.320057680618,9.99405048303841,7.61130921694933,10.6413802424218,21.7951713397103,12.9041125085408,16.0615934697223,6.7294021569561,20.0508822559718,0,0,42.8905186356103,94.5868092816014,43.6573966215604,55.2119109682196,71.6621404596484,205.640266804522,0,0,0,0,0,0,0,0,943.152584755538,454.939788862701,1514.54362335878,1564.0519917581
"288",2013,490,23.9166666666667,1911.20466679599,1520.46005455277,466.52000711003,850.986163873633,130.817013947229,156.029518906019,80.7092486039302,234.74485032505,0,0,0,0,0,0,0,0,0,0,0.771111631790053,1.41453613151608,0.266113323090319,0.31611511816359,0.167539294688403,0.485259781782188,0,0,0,0,0,0,0,0,7259.60732156457,5320.07256514316,1350.64527188934,2632.31511405582,936.745574433942,1145.39208715525,1386.55000204954,3966.71622031854,278.925722635399,204.405695649322,52.0904379330129,101.534445293028,36.1242421759636,44.171720783756,53.5575065060279,153.214689622129,18663.6021838451,13589.481923877,3547.01365568,6828.48897003473,2525.04566205675,3055.36604055294,3516.75534715368,9966.97249615318,717.085421909658,522.129628968984,137.931239967842,265.969774408292,98.707892096371,119.521769616122,137.848944777639,390.802943904795,0,0,7.98995832316723,15.6493156467575,6.00130022097023,7.28121641998253,8.67378283618172,24.6200074469068,0,0,0,0,0,0,0,0,346.999874748144,264.914151584274,196.417187126549,393.716072206402,228.614506208489,284.957765548001,101.12587586804,299.676777099876,13.3322900772627,10.1784253482459,7.55461170345036,15.1418027062977,8.78534296734389,10.9501630578734,3.89033064883846,11.528021730741,260.297224750829,198.012210274411,275.521549087425,563.278573369315,336.350646977949,416.668945728111,176.062029778863,525.088396719875,10.0010356143807,7.60794577541293,10.5970537516532,21.6629061456507,12.9265173736378,16.0127395160588,6.77209095493264,20.1958974283971,0,0,42.7199737327742,93.9709033576531,43.7144248633361,55.0025841454693,72.2646953655819,207.588164156519,0,0,0,0,0,0,0,0,946.355075271523,456.263319789706,1520.29028044573,1568.79495701592
"289",2014,490,24,1909.55746534468,1518.52266809777,464.554955640114,847.831021162075,130.49596672241,155.025293061664,81.0107979247136,236.824504274911,0,0,0,0,0,0,0,0,0,0,0.768066040222343,1.40841769343802,0.265408293825554,0.313968750547779,0.168119457643965,0.489392793656915,0,0,0,0,0,0,0,0,7252.19559798071,5309.43432626471,1341.82064117427,2611.36523668583,936.05679604273,1136.83891782052,1395.13274539004,3999.58224256259,278.640952362706,203.996957499267,51.7502996342371,100.72646455738,36.0977075528142,43.841890344244,53.8892910447366,154.484786681382,18664.6318138991,13576.2056984544,3527.21269734334,6781.23288188062,2525.25563248858,3035.13014894757,3543.8949536822,10064.3475374557,717.12498232115,521.61953512565,137.163612371309,264.129187097098,98.7172841615105,118.730240297616,138.91525485995,394.624358207964,0,0,7.9484862792633,15.5382945489091,6.00058375962193,7.23122210281886,8.73744359643629,24.8512037779329,0,0,0,0,0,0,0,0,346.800023685473,264.473446120037,195.25778030035,390.679261124209,228.53276180267,282.889703336926,101.791953799927,302.475104215438,13.324611480252,10.1614927395105,7.51000707103128,15.0249871860454,8.78217274965725,10.8706695002699,3.91594725465637,11.635645326519,260.521487008803,197.964907361909,274.291699837333,559.581329357433,336.778816532101,414.264498854764,177.340868455919,530.164353928578,10.0096521293107,7.60612832183826,10.5497427707671,21.5206953260777,12.9429454891396,15.9203195273961,6.82129256722843,20.391165889113,0,0,42.5437110178209,93.317987053567,43.7524681016658,54.6455209042261,72.8909780932902,209.719912263668,0,0,0,0,0,0,0,0,949.549859299318,457.595797322439,1526.01470976029,1573.54697221722
"290",2014,490,24.0833333333333,1908.02630131291,1516.68258582013,462.635621406908,844.770627827135,130.16820906493,154.020853823623,81.3064862716722,238.873698578763,0,0,0,0,0,0,0,0,0,0,0.764992200349753,1.40243416097312,0.264693916275644,0.311818342674775,0.168692010617859,0.493479819807067,0,0,0,0,0,0,0,0,7244.74210104043,5298.80292143544,1333.01967796418,2590.54272154403,935.244443716348,1128.09019578796,1403.69197068134,4032.3956368952,278.354577090857,203.588481924311,51.4110586942845,99.9233796019481,36.0664083256211,43.5045191839505,54.2201613362555,155.752841040864,18665.948322468,13563.2204843595,3507.4908121276,6734.31886326803,2525.19752922216,3014.41327684242,3571.03277327842,10161.7360286634,717.175565056219,521.120622403592,136.398998062649,262.301850331359,98.716248446093,117.919916890891,139.981595552633,398.446616730008,0,0,7.90622684937243,15.4272257549028,5.99923109185443,7.18007216152628,8.80106458954975,25.0823204078696,0,0,0,0,0,0,0,0,346.59334385964,264.031194702379,194.083806839667,387.644499991006,228.419803347847,280.768580856472,102.44617165256,305.189256935858,13.3166705112321,10.1445007327733,7.46484223612703,14.9082503604582,8.77780190888909,10.7891364009037,3.94110680768664,11.7400307809027,260.747239086426,197.919320072568,273.056646072017,555.898084548108,337.169533012035,411.777275867292,178.629479807922,535.260587023301,10.0183258854873,7.60437678524968,10.5022309295014,21.3790215776879,12.9579322575772,15.8247167531196,6.87086756246089,20.5872079160922,0,0,42.3671405962319,92.6678712910679,43.786908339219,54.2798873671918,73.5195584358122,211.859555510996,0,0,0,0,0,0,0,0,952.742363976421,458.926933213695,1531.7243445586,1578.26593696304
"291",2014,490,24.1666666666667,1906.56861918346,1514.92074664849,460.803164695612,841.845551055982,129.838891768662,153.048695949706,81.5880739864416,240.835387429289,0,0,0,0,0,0,0,0,0,0,0.761925610704071,1.39664202103158,0.263977618880031,0.309729633291133,0.169240062804494,0.497408774250394,0,0,0,0,0,0,0,0,7237.12870497124,5288.07877384034,1324.34346508409,2570.00853756094,934.3344558396,1119.38150834244,1412.17733598572,4064.80389299958,278.06205823877,203.17644302398,51.0766031755495,99.1313910966839,36.0313450258217,43.1686931828747,54.5481769258016,157.005260554646,18667.3041611826,13550.323757302,3488.14153899527,6688.19355711383,2524.95439323146,2993.86050309706,3598.0576159345,10258.2928798957,717.227658911042,520.625109495679,135.64869881823,260.505058088594,98.708027024917,117.116031625397,141.04362672533,402.236693746755,0,0,7.8635208407844,15.3168717179657,5.99741312681793,7.12928661069541,8.86436773788882,25.3113113297507,0,0,0,0,0,0,0,0,346.374971883581,263.58413592827,192.906434394248,384.634372224048,228.282441913299,278.655669525912,103.08178776631,307.768215203406,13.3082803110952,10.1273240197142,7.41954629910604,14.7924604095011,8.77249221038874,10.7079183082008,3.96555021101854,11.8392173637897,260.972618506184,197.873738103976,271.823759743015,552.254981906503,337.534976083733,409.298381178026,179.913621606905,540.263465942838,10.0269853235461,7.60262545309343,10.4548016809755,21.2388903013573,12.9719458081139,15.7294324752919,6.92026857576062,20.7796563851521,0,0,42.1906697285317,92.0238679139129,43.8190861718195,53.9172510214775,74.1486828799669,213.992692398533,0,0,0,0,0,0,0,0,955.932911260714,460.25582917906,1537.41948822126,1582.94887536748
"292",2014,490,24.25,1905.18579716895,1513.23749164765,459.054606461357,839.05155486021,129.509198386629,152.108478563303,81.8564238314616,242.714164491073,0,0,0,0,0,0,0,0,0,0,0.75888843184105,1.39104544773137,0.263259654511583,0.307702070823264,0.169763711180706,0.501183085423622,0,0,0,0,0,0,0,0,7229.34074593741,5277.25219368946,1315.78401454869,2549.74830751558,933.326782090469,1110.7104277935,1420.58309896263,4096.78609527285,277.762832398426,202.760468501049,50.746628123981,98.3499482761829,35.9925157651985,42.8343189271709,54.87311710449,158.241240857031,18668.7116750912,13537.5235851443,3469.16021126942,6642.84772658722,2524.53436318764,2973.47535521191,3624.97323465108,10354.0391424846,717.281738202247,520.133306382062,134.912540715269,258.738459883105,98.6929341535297,116.31872042627,142.101493547369,405.995406280213,0,0,7.8205794116966,15.2074008097748,5.99512994570575,7.07886173410673,8.92734673064677,25.5381803758422,0,0,0,0,0,0,0,0,346.145314559259,263.132317679362,191.729150651676,381.651411075609,228.121040581334,276.551294479645,103.700874951257,310.229478091678,13.2994565098234,10.1099644400229,7.37425323858894,14.6777146281607,8.76625762595599,10.6270277523931,3.98935716692124,11.9338776906,261.198721370676,197.829204480394,270.594125822037,548.654280298078,337.876787367562,406.83060152622,181.192519656343,545.168563182553,10.0356725575022,7.60091440002956,10.4074967696477,21.1003884302487,12.9850492744854,15.6345738902629,6.96946592738795,20.9683413932823,0,0,42.0142763561232,91.3859679831597,43.8490462413508,53.5576349494045,74.7783791915487,216.119512007472,0,0,0,0,0,0,0,0,959.121395440609,461.582461149077,1543.09973797834,1587.59601159994
"293",2014,490,24.3333333333333,1903.87861686358,1511.63271080026,457.386975884838,836.384352960486,129.180189972226,151.199795729505,82.1123463170639,244.514379998647,0,0,0,0,0,0,0,0,0,0,0.755898153971912,1.38564669774678,0.262540747447918,0.30573512134427,0.170263341682692,0.504806908435723,0,0,0,0,0,0,0,0,7221.36863020441,5266.31721947731,1307.33506421256,2529.7509623169,932.222472497853,1102.0760910032,1428.90458692358,4128.32466270822,277.456530963201,202.340329304943,50.4208946555025,97.5786272028119,35.9499609540186,42.5013631240856,55.1948022129406,159.460105531865,18670.1792501363,13524.8251755134,3450.54141542873,6598.27071459326,2523.94484433203,2953.26050360288,3651.78258531742,10448.9931233139,717.338125131289,519.645413148093,134.19032067027,257.001649793703,98.6712557133976,115.528085942429,143.155310194817,409.723464804941,0,0,7.77757312924245,15.0989454901133,5.99238585146608,7.02879604006069,8.98999638824352,25.7629317832114,0,0,0,0,0,0,0,0,345.904693612773,262.675753345757,190.554652396313,378.697406179734,227.935955963409,274.455679162771,104.305116588855,312.58749968999,13.2902114686479,10.0924225081684,7.3290666699315,14.5640817636618,8.75911187305874,10.5464733431495,4.01259240375632,12.0245673267856,261.426251393496,197.786416940089,269.368851076986,545.097612108173,338.196083330079,404.375906659998,182.465607681435,549.973963299183,10.044414625157,7.5992704342781,10.3603587542485,20.9635787789476,12.9972856041684,15.5402167888487,7.01843791998344,21.1531895511056,0,0,41.8379633262676,90.7541706646514,43.8768243501421,53.201050635983,75.4086629618462,218.240169707939,0,0,0,0,0,0,0,0,962.307714222712,462.906805208367,1548.76473039315,1592.20758503654
"294",2014,490,24.4166666666667,1902.6474242006,1510.10597050569,455.797338238283,833.839665997521,128.852824126195,150.322193232102,82.3566073969307,246.240169229356,0,0,0,0,0,0,0,0,0,0,0.752968636369293,1.3804465230023,0.261821907397336,0.303828231537597,0.170739542326125,0.508284892107779,0,0,0,0,0,0,0,0,7213.20640960932,5255.27054669642,1298.99161545638,2510.0077672698,931.023293543084,1093.47864914675,1437.13795781227,4159.40485248198,277.142925395166,201.915898471202,50.0992122411087,96.8170934240165,35.903748557563,42.1698314742687,55.5130844737718,160.661287092459,18671.7124198791,13512.2316927274,3432.27924765334,6554.45094220409,2523.19268720751,2933.21800347917,3678.48802099839,10543.1709619214,717.397032306575,519.161551371918,133.481816375821,255.294185795677,98.643256140683,114.744206936665,144.205167408649,413.4214956744,0,0,7.73464138469573,14.9916109068907,5.98918810786234,6.97908966016622,9.0523124030111,25.9855701033211,0,0,0,0,0,0,0,0,345.653376707174,262.214440693204,189.385066384296,375.773647081748,227.727573624706,272.369022751513,104.89589945959,314.854362686149,13.2805554716115,10.0746981383073,7.28406832386938,14.4516113643902,8.75106977822565,10.4662627484352,4.03530924480236,12.1117506788771,261.655637561995,197.745828275753,268.149009602812,541.586125281224,338.49362249605,401.935683395369,183.732470160861,554.679496135895,10.0532280088908,7.59771095285838,10.3134289256578,20.8285055182827,13.0086839842068,15.4464145505189,7.06716864266576,21.3341945174036,0,0,41.6617515633269,90.1284805591536,43.902450590668,52.8475015351753,76.0395407987532,220.354795353421,0,0,0,0,0,0,0,0,965.491767849748,464.228837430041,1554.41413161278,1596.78384467637
"295",2014,490,24.5,1901.49219239117,1508.65656418596,454.282808821082,831.413248439835,128.527961516758,149.475175712868,82.5899306580028,247.895459275626,0,0,0,0,0,0,0,0,0,0,0.750110550578824,1.37544436462037,0.261104354643136,0.301980817175578,0.171193065637415,0.511622073067345,0,0,0,0,0,0,0,0,7204.8512260889,5244.11110704055,1290.74974434096,2490.51193286195,929.731581869009,1084.91905168741,1445.28011295329,4190.01458685696,276.821905882959,201.48713495379,49.7814314690277,96.0650870433261,35.8539684760353,41.8397603743632,55.8278446465224,161.844320359396,18673.3142968766,13499.7445781193,3414.36742186986,6511.37611452953,2522.28424972243,2913.3493846209,3705.09136533144,10636.5868508596,717.458579317654,518.681776431843,132.786790478264,253.615597739216,98.609180835735,113.967141774962,145.251135348442,417.090049671413,0,0,7.6918962493026,14.8854783626703,5.98554639052152,6.92974404476583,9.11429123765363,26.2061002711424,0,0,0,0,0,0,0,0,345.391589062466,261.748368848531,188.222033093489,372.881007300603,227.496310444456,270.291513615758,105.474352191273,317.040063250575,13.2704971720268,10.0567909126749,7.23932126119263,14.3403370070454,8.74214736930008,10.3864032143591,4.05755108651157,12.1958119449893,261.887080648702,197.707686525467,266.93562787114,538.120555880898,338.769878479455,399.510842492127,184.992816275873,559.286399017488,10.0621204227053,7.59624548579002,10.2667467361897,20.6951969694368,13.0192626479776,15.3532022505695,7.11564697008923,21.5114040169302,0,0,41.4856770444447,89.508906411982,43.9259506124558,52.4969845280448,76.671011529577,222.463496192315,0,0,0,0,0,0,0,0,968.673458890936,465.548533869773,1560.04763484808,1601.32504793578
"296",2014,490,24.5833333333333,1900.41260457831,1507.28357775521,452.840566929888,829.100917531636,128.206376012174,148.658215608441,82.8130012265253,249.483983717983,0,0,0,0,0,0,0,0,0,0,0.747331948362123,1.37063858965394,0.260389427666376,0.300192248342521,0.171624782635222,0.514823749669627,0,0,0,0,0,0,0,0,7196.30258249931,5232.83952139433,1282.606362955,2471.25812539403,928.350055130794,1076.39877779377,1453.3285700384,4220.14416119526,276.493453325519,201.05406260809,49.4674349004351,95.3224039526694,35.8007252785671,41.5112066018503,56.1389871563775,163.008831274124,18674.9861397657,13487.3639672958,3396.79940085622,6469.03347167972,2521.22548562553,2893.65577000087,3731.59401522206,10729.2533515139,717.522814523509,518.206093538082,132.104995655461,251.965397085033,98.5692595940717,113.196933033656,146.293267586746,420.729614273095,0,0,7.64942749846079,14.7806098577815,5.98147212194298,6.88076162126609,9.17592999063513,26.4245276145407,0,0,0,0,0,0,0,0,345.119528538741,261.277527082903,187.066818190634,370.020060972731,227.242625336168,268.223357806128,106.041394797413,319.152877481901,13.2600441719951,10.0387004190521,7.19487415151039,14.2302807744637,8.7323622886749,10.3069026621177,4.07935330315298,12.2770692005818,262.120613286957,197.672086517758,265.729662302889,534.701307103975,339.025126380975,397.101940836878,186.246450232889,563.796918086391,10.0710931204257,7.59487767653677,10.220348942752,20.5636686481024,13.0290321957571,15.2606013558014,7.1638654225159,21.6849045206351,0,0,41.3097870864873,88.8954595776406,43.9473471998558,52.1494917198201,77.3030678759452,224.566361171289,0,0,0,0,0,0,0,0,971.852691879865,466.865870529939,1565.66495595811,1605.83145828947
"297",2014,490,24.6666666666667,1899.4081289818,1505.98594906105,451.467867804997,826.898578566842,127.888764449472,147.870761584577,83.0264693929582,251.009296614606,0,0,0,0,0,0,0,0,0,0,0.744638805125186,1.36602672507798,0.259678502841502,0.298461839693856,0.172035640328985,0.517895363999296,0,0,0,0,0,0,0,0,7187.56168364954,5221.45760640466,1274.559000863,2452.24202933299,926.881647951643,1067.91960374115,1461.28134501424,4249.78594895311,276.157614013534,200.616751232578,49.1571286958376,94.5888790481003,35.7441319000659,41.1842383799058,56.4464355644077,164.154525596951,18676.7278661963,13475.0890666911,3379.56851431405,6427.41001230158,2520.0220228458,2874.13798002155,3757.99703567692,10821.1816945958,717.589734760242,517.734472200555,131.436179190906,250.343085579619,98.5237096447198,112.433611549568,147.331604796792,424.340625313894,0,0,7.60730733250027,14.677052322687,5.97697785969561,6.83214546222875,9.23722627221245,26.6408578998573,0,0,0,0,0,0,0,0,344.83737855494,260.801911937906,185.920412149137,367.191182027253,226.967023260333,266.164796211326,106.597785154914,321.199711072192,13.2492035187656,10.0204265245612,7.15076509713027,14.1214570628045,8.72173394875606,10.2277703495418,4.1007450338605,12.3557878395059,262.356153952812,197.639016524837,264.531984065628,531.328526550404,339.259520604334,394.709293733425,187.493243871281,568.213944198102,10.0801429697718,7.59360707449817,10.1742690266251,20.4339262403686,13.0379985857852,15.16862404046,7.21181911368445,21.8548072540179,0,0,41.1341368438935,88.2881525468719,43.9666616632538,51.8050120475202,77.9356979826022,226.663464862708,0,0,0,0,0,0,0,0,975.029373049881,468.180823364731,1571.26582982212,1610.30334350204
"298",2014,490,24.75,1898.47805499284,1504.76249617107,450.162046442573,824.802234314353,127.575752553474,147.112243086173,83.2309526387253,252.474781185997,0,0,0,0,0,0,0,0,0,0,0.742035328173674,1.36160560135983,0.25897296263472,0.296788851886831,0.17242664051627,0.520842441429613,0,0,0,0,0,0,0,0,7178.63112796841,5209.96814503805,1266.60569620332,2433.4601454724,925.329446769904,1059.48350846113,1469.13689190844,4278.93421468968,275.814487782794,200.175307753279,48.8504384437505,93.8643784889381,35.6843071350897,40.8589317457712,56.7501302598173,165.281181742119,18678.5382935678,13462.9183289987,3362.66801303676,6386.49259262017,2518.67919859865,2854.79657798262,3784.30120699582,10912.3819441696,717.65929459058,517.266852969256,130.780085075601,248.748159106906,98.4727370118481,111.677198189059,148.366176586281,427.923473342033,0,0,7.56559292336742,14.5748398403371,5.97207699123472,6.78389909302735,9.29817813944995,26.8550974032366,0,0,0,0,0,0,0,0,344.54531288882,260.321529126694,184.783575527624,364.394580535014,226.670046977766,264.116098066986,107.144143839403,323.186296362064,13.2379818891578,10.0019694487107,7.10702337107868,14.0138739769396,8.71028321590099,10.149016623123,4.12175013766379,12.4321881491696,262.593531580733,197.60838018904,263.343381221098,528.002154476684,339.473131855127,392.333033163114,188.733122148648,572.540832837835,10.0892633981323,7.59242997745863,10.1285372769684,20.3059674591733,13.0461645567673,15.0772754260471,7.25950519332303,22.0212412771744,0,0,40.9587874402086,87.6869981513344,43.9839144260974,51.4635320150229,78.5688861476737,228.754869339406,0,0,0,0,0,0,0,0,978.203410297653,469.493368339886,1576.8500092004,1614.74097543163
"299",2014,490,24.8333333333333,1897.62153337227,1503.61194885328,448.920521984921,822.807995685486,127.267901322088,146.38207522208,83.4270379008102,253.883659458162,0,0,0,0,0,0,0,0,0,0,0.7395242791816,1.35737149773738,0.258274159282131,0.295172491434526,0.172798817098219,0.523670526600232,0,0,0,0,0,0,0,0,7169.51456130083,5198.37462953701,1258.74487842295,2414.90957000035,923.696613560828,1051.09256686259,1476.89403423977,4307.58490473477,275.464214712493,199.729866347736,48.5473046690786,93.1487912252516,35.6213727049411,40.5353664502513,57.0500258292026,166.388642755073,18680.4154093072,13450.8496497738,3346.09112838297,6346.26803638028,2517.2021000095,2835.6319217751,3810.50707825269,11002.8631798475,717.73141668838,516.803154988047,130.136456315717,247.180111962404,98.4165380898513,110.927705857993,149.397003576306,431.478510684826,0,0,7.52432912846569,14.4739960413285,5.96678341248978,6.73602630367246,9.35878402686184,27.0672529568726,0,0,0,0,0,0,0,0,344.243501418476,259.836396055559,183.65689030794,361.630348428527,226.352273458814,262.077561617463,107.680980514706,325.117398534761,13.2263858101598,9.98332986027813,7.06367138773896,13.907535085502,8.69803227303932,10.0706529446014,4.14238820825876,12.5064532370378,262.832513201653,197.580020821735,262.164557060568,524.721968950066,339.66598519082,389.973165274336,189.966048840466,576.781218049199,10.0984454544631,7.59134036519036,10.0831807282356,20.1797837823201,13.0535310908256,14.9865557915886,7.3069222980022,22.1843463350506,0,0,40.7838039984411,87.0920087287839,43.999125682542,51.1250364898488,79.2026136603156,230.840626376451,0,0,0,0,0,0,0,0,981.374713113127,470.803481481675,1582.41726304186,1619.14462937343
"300",2014,490,24.9166666666667,1896.83761208705,1502.5329765311,447.740800977262,820.912090299951,126.965713087162,145.679663219689,83.6152837059589,255.239001598434,0,0,0,0,0,0,0,0,0,0,0.737107267645643,1.35332027516747,0.257583384400812,0.293611911837861,0.173153216095098,0.526385126924493,0,0,0,0,0,0,0,0,7160.21637019105,5186.68103445965,1250.97526429305,2396.58780183846,921.986320630908,1042.74885942818,1484.55190219039,4335.73544546691,275.106963340674,199.280579724825,48.2476788506404,92.4420216098045,35.5554507499901,40.2136224821787,57.3460886466905,167.476808580239,18682.3566105627,13438.8805411905,3329.83112394956,6306.72322989424,2515.59560029597,2816.64420914489,3836.61501579751,11092.6336649578,717.806001048045,516.343282670659,129.505036938968,245.63844055079,98.3553010458642,110.185141261781,150.424099286586,435.00605796916,0,0,7.48355094651793,14.3745362657361,5.9611112467412,6.68853098302295,9.41904268388302,27.2773319878948,0,0,0,0,0,0,0,0,343.932114925143,259.346543721797,182.540805222661,358.89849893826,226.014309870608,260.049513487804,108.20871769825,326.997002905102,13.2144218434599,9.96450895022915,7.0207264427863,13.802440934697,8.68500446594088,9.9926918677802,4.162675487897,12.5787362304982,263.072828155643,197.553742778248,260.996129973983,521.487626039222,339.838092397136,387.629619938731,191.192014118429,580.938851630413,10.1076787395772,7.59033072071211,10.0382231561994,20.0553619992919,13.0600986584017,14.8964624790444,7.35407007419419,22.3442666788675,0,0,40.6092538811712,86.5031953828683,44.0123159546433,50.7895093908807,79.8368595539749,232.920779453851,0,0,0,0,0,0,0,0,984.543192533683,472.111138931692,1587.96737497337,1623.51458348402
"301",2015,490,25,1896.1497690475,1501.51843814853,446.529024913271,818.935627118498,126.662901801669,144.921727206039,83.8167500795522,256.753760471992,0,0,0,0,0,0,0,0,0,0,0.73476487725123,1.34924452185413,0.25688831943279,0.291939677616708,0.173527685808111,0.529369257406535,0,0,0,0,0,0,0,0,7150.8909139192,5175.02560383851,1243.11856577835,2378.00578221933,920.153204463923,1033.86418047862,1492.20250482489,4364.35653462748,274.748664397726,198.832759441355,47.944706856345,91.7252258461241,35.4847916814203,39.871015425306,57.6418670407594,168.583116159244,18684.7350296055,13427.3189831847,3313.38309134527,6266.55441585147,2513.73125048694,2796.23633088189,3862.87473035555,11184.2981944975,717.897384007915,515.899069098763,128.866390230448,244.072557717316,98.2840016253095,109.387025407259,151.457207130994,438.607847794529,0,0,7.44308609022834,14.2743229485918,5.95476012848287,6.63762622870119,9.47953343211684,27.4914199848738,0,0,0,0,0,0,0,0,343.622348782672,258.861713411256,181.425090002619,356.143270415779,225.648034790645,257.889385750687,108.748015266173,329.037517740128,13.2025201332243,9.94588099434402,6.9777954213522,13.6964473517504,8.67088773236987,9.90965508642261,4.18340611965086,12.657201087937,263.319631327833,197.534459662894,259.826646211308,518.215979941899,339.97144352084,385.082219475625,192.439045308691,585.321187880011,10.1171613124045,7.58958983255935,9.99322424570197,19.9295046974662,13.0651751481564,14.7985341952367,7.40202587317927,22.5128199654222,0,0,40.4341772663916,85.9077010776393,44.0211796664716,50.4281272870214,80.4754770124965,235.038090843979,0,0,0,0,0,0,0,0,987.704253168978,473.412192113102,1593.49223251128,1627.83731814919
"302",2015,490,25.0833333333333,1895.71158158301,1500.51032917228,444.635467770885,815.635631875201,126.306994317365,143.525025926841,84.1753275178641,259.902698902382,0,0,0,0,0,0,0,0,0,0,0.732240290857942,1.34360254591975,0.256092281545196,0.288982211226832,0.174187788796522,0.535322919803734,0,0,0,0,0,0,0,0,7142.68364982592,5164.41738820745,1233.92838953068,2355.72710467126,917.857444306359,1020.27315283502,1500.53425899316,4400.51002677009,274.433328186458,198.425174832477,47.5904588603153,90.8659795237026,35.3962896424353,39.3469058435619,57.9639092819364,169.97992357895,18690.2141255339,13418.3680389648,3293.16756926966,6216.52252891201,2510.62718188018,2763.06215842621,3891.06610037113,11296.3127710109,718.107899923715,515.5551594841,128.08267382339,242.123902415044,98.1642618105064,108.089493266883,152.565788627443,443.004752037578,0,0,7.40074012312369,14.1572857370874,5.94547612253258,6.55643812828408,9.54445731711376,27.7529932839035,0,0,0,0,0,0,0,0,343.392285229702,258.450564036299,180.221230235528,352.952122189825,225.188175708615,254.578661411621,109.43374846104,332.613357969558,13.1936807239243,9.93008397783338,6.93147665143153,13.5736911632104,8.65317393432922,9.78240549848861,4.20976456503073,12.7946742106004,263.608944470214,197.556743695654,258.562912948188,514.303453934716,339.931933912312,380.759492859874,193.907050563072,592.089212669065,10.1282771862594,7.59044602071079,9.94460138716762,19.7790010738161,13.0636069431304,14.6323805140396,7.45847381650881,22.7730676407435,0,0,40.2510698468231,85.2128882382383,44.0088347865955,49.8359928703006,81.1463305943739,237.49752159756,0,0,0,0,0,0,0,0,990.825674638509,474.677011846123,1598.9332766481,1632.00625149651
"303",2015,490,25.1666666666667,1895.30738115737,1499.54803455307,442.826492624424,812.48187104165,125.951370473865,142.184863883971,84.5179489321279,262.916243871822,0,0,0,0,0,0,0,0,0,0,0.72963723789044,1.33803729551096,0.255305742164141,0.286139490589486,0.174826900042239,0.541090691357009,0,0,0,0,0,0,0,0,7134.37338320125,5153.75481001163,1224.88865555098,2333.82708906897,915.500148419862,1006.92737458086,1508.78606988621,4436.14837944228,274.114034453215,198.015501526926,47.2419839078827,90.0213064161814,35.3054134483594,38.8322527726999,58.2828630734826,171.356855281974,18695.6676775485,13409.4450960306,3273.33091568172,6167.39103958499,2507.37156325288,2730.49227565123,3919.11172082587,11406.9624015817,718.317434395877,515.212325724111,127.313511706173,240.210120014394,98.0386332780753,106.81558552406,153.668787130789,447.348690451625,0,0,7.35773471197368,14.0409140685459,5.93585625120887,6.47672520035958,9.60900952583432,28.0113997137883,0,0,0,0,0,0,0,0,343.149801301125,258.031984554876,179.010503769149,349.782507886094,224.705886144773,251.312622784197,110.09070526931,335.911282226485,13.1843641039254,9.91400148475089,6.88489373166557,13.4517630069467,8.63459732265865,9.65687334492826,4.23501586816665,12.9214629813042,263.895651134812,197.578078542846,257.300204267083,510.43372986094,339.868325731785,376.500069108627,195.361955700416,598.688491422075,10.1392929150649,7.59126573963526,9.89601735935187,19.6301427774081,13.0611110537598,14.4686594731543,7.51441639183926,23.0268246531587,0,0,40.0683090666498,84.5255341487013,43.9944985388853,49.2540492143158,81.8173641191943,239.942960206646,0,0,0,0,0,0,0,0,993.944948504663,475.939802706878,1604.35424643577,1636.12940602229
"304",2015,490,25.25,1894.94302442815,1498.63552217699,441.099877613185,809.470679884349,125.597297970902,140.899677418073,84.8456949460439,265.801867077814,0,0,0,0,0,0,0,0,0,0,0.726991911432659,1.33257529733924,0.25452679343558,0.283406862696583,0.175443898784009,0.546668483982532,0,0,0,0,0,0,0,0,7125.92034688466,5143.00996526044,1215.9848539716,2312.27767856308,913.075019160407,993.812000544949,1516.94613308501,4471.22918853377,273.789255280096,197.60266740876,46.8987266547862,89.1901305308484,35.2119212792705,38.326485027519,58.5982747061403,172.712281452264,18701.1276243154,13400.5723625824,3253.87161176871,6119.15372976601,2503.97494756656,2698.52010112198,3947.01972844658,11516.2981482485,718.527214559115,514.871421093349,126.558852233034,238.330978276569,97.9075246308219,105.56504415274,154.766519384782,451.641649587618,0,0,7.31432622273953,13.9254376984807,5.92589519691933,6.39844989775405,9.67318122681948,28.2666584237112,0,0,0,0,0,0,0,0,342.895543047209,257.606370705195,177.797524953839,346.639423401689,224.202441392706,248.092763243735,110.722520116829,338.971165284896,13.1745950955119,9.89764871999131,6.8382239180578,13.3308548280983,8.61520693557291,9.53311603588727,4.2592997534513,13.0391001241538,264.182626194178,197.60059044336,256.040611626551,506.610937153317,339.78433032138,372.306870164367,196.803734341777,605.107350208132,10.1503189560215,7.59213068283112,9.84755263582375,19.4830886561521,13.0578301349523,14.3074833910561,7.56985266792789,23.2736426456666,0,0,39.8858634896605,83.8456308701587,43.9782660659493,48.6821826333479,82.4886892749025,242.375030377832,0,0,0,0,0,0,0,0,997.061964977964,477.200529379298,1609.75475248693,1640.20730263492
"305",2015,490,25.3333333333333,1894.62303753292,1497.77571957614,439.453238337529,806.598071935379,125.245885651389,139.667862589917,85.1595640499839,268.56660366222,0,0,0,0,0,0,0,0,0,0,0.724333683299677,1.32723747420334,0.253754506592996,0.280780255840893,0.176038233614233,0.552054949799351,0,0,0,0,0,0,0,0,7117.29590153518,5132.16310289154,1207.2059200189,2291.05748599938,910.578553851862,980.915900863523,1525.00510559112,4505.71693683858,273.457890297821,197.185913610578,46.5602638103265,88.3716317013747,35.1156786547779,37.8291741283487,58.9097849400077,174.044836464608,18706.6172327811,13391.7657813659,3234.78646651993,6071.8012589225,2500.44641271785,2667.13765491597,3974.7964758915,11624.3647098706,718.738134366812,514.533058137592,125.818578753796,236.486123479824,97.7712872706839,104.337556790754,155.859232661322,455.885368710027,0,0,7.27072223235229,13.81103729224,5.91559222635619,6.32157758670657,9.73696484086673,28.5187887317715,0,0,0,0,0,0,0,0,342.629963952338,257.173989927359,176.585796114971,343.526417805084,223.678750268495,244.919826475047,111.332140652753,341.826114901926,13.1643911222793,9.88103595903108,6.79160176640777,13.2111030004968,8.59503772160428,9.411162157255,4.28272954068514,13.1488582342194,264.471852579865,197.625725159888,254.785959452266,502.838047315074,339.682586934887,368.181623351402,198.232483984916,611.339869838465,10.1614314965307,7.59309639881308,9.79927738558089,19.3379529957829,13.0538656403349,14.1489186759613,7.62478645747624,23.5132943929679,0,0,39.7037258541172,83.1731714775362,43.9602127318735,48.120259008983,83.1603891397615,244.794270423951,0,0,0,0,0,0,0,0,1000.17661931271,478.459158187286,1615.13446583518,1644.24049659062
"306",2015,490,25.4166666666667,1894.35088747631,1496.9707312987,437.88409247178,803.859859159423,124.898104822624,138.487797921049,85.460482745736,271.217083582103,0,0,0,0,0,0,0,0,0,0,0.721686215410041,1.32204001295078,0.252988656155754,0.278256023864124,0.17660979477896,0.55725090330012,0,0,0,0,0,0,0,0,7108.48006797343,5121.20078729069,1198.54345190599,2270.15019379904,908.009314427005,968.230684709517,1532.95564900621,4539.5822842012,273.119171874369,196.764723914595,46.2262741460582,87.5651842106841,35.0166304031235,37.3399968315476,59.2171114831512,175.353391703723,18712.1530134333,13383.0364348163,3216.07105540764,6025.32201883972,2496.79387651329,2636.33598384172,4002.44688616472,11731.2014010111,718.950828178407,514.197662661716,125.092526581613,234.675113528128,97.6302276144275,103.132773248117,156.947118555291,460.081377874616,0,0,7.2270904295533,13.6978538979296,5.90495026768173,6.24607627672128,9.8003539033265,28.7678099692977,0,0,0,0,0,0,0,0,342.353383024401,256.735022498963,175.377980449957,340.445993252135,223.135511952937,241.794072085932,111.921958432148,344.503590655516,13.1537644410209,9.86417012842368,6.74512961021254,13.0926036847062,8.57411656669535,9.29102167953552,4.30539716855637,13.2517927830596,264.764631113485,197.654410237795,253.537810819768,499.117088474613,339.5649013851,364.125126412724,199.648387512142,617.384483175006,10.172680516239,7.59419852535728,9.75125170622996,19.194813785648,13.0492869925701,13.9929960089033,7.67922484061212,23.7457198948238,0,0,39.5219079341371,82.5081495601639,43.9403988774975,47.5681296172956,83.8325238838082,247.201148332363,0,0,0,0,0,0,0,0,1003.28881024711,479.715656535953,1620.49310230177,1648.22956409812
"307",2015,490,25.5,1894.12923164546,1496.22203749378,436.389911067207,801.251748424513,124.554811869781,137.357861754272,85.7493164848443,273.759575062004,0,0,0,0,0,0,0,0,0,0,0.719068603923151,1.31699528839865,0.252229487476827,0.2758308186434,0.177158796787115,0.562258774230506,0,0,0,0,0,0,0,0,7099.45931110171,5110.11425563845,1189.99100973829,2249.54314990728,905.367303297563,955.74987161873,1540.79199497878,4572.80120313969,272.77257996964,196.338761639276,45.8965116132576,86.7703029327068,34.9147767013702,36.8587033155103,59.5200323217464,176.637022446348,18717.7464425867,13374.3918031428,3197.72009763263,5979.70285816223,2493.02437861536,2606.1055100509,4029.97478290681,11836.8431578843,719.165736932357,513.86552206731,124.380497601769,232.897446047543,97.4846180303799,101.950319048048,158.030325840055,464.231037027785,0,0,7.18356725583163,13.5859979036508,5.89397499854014,6.17191620932253,9.8633429006489,29.0137415066597,0,0,0,0,0,0,0,0,342.066032247842,256.28959455853,174.176134355958,337.399928098679,222.57332290248,238.71546783215,112.493934664278,347.026547357833,13.14272396495,9.84705607461289,6.69888648118987,12.9754252375623,8.55246640389401,9.17269334799591,4.32737802886641,13.3487860703657,265.061766617901,197.687198361399,252.297495596592,495.449366568237,339.432472482983,360.137502327914,201.051679553372,623.242705824782,10.184096937728,7.59545829747909,9.7035267167781,19.0537212344316,13.0441402847743,13.8397201349669,7.73317687476903,23.9709775962106,0,0,39.3404356509914,81.8505586889042,43.9188740394997,47.0256361082683,84.5051360507617,249.596076140364,0,0,0,0,0,0,0,0,1006.39843882548,480.969992509473,1625.83041048545,1652.17509284971
"308",2015,490,25.5833333333333,1893.96003389481,1495.53058686125,434.968144954362,798.769390816635,124.216758287072,136.276441888797,86.0268740851733,276.199999828653,0,0,0,0,0,0,0,0,0,0,0.716495954431818,1.31211234287451,0.251477606265287,0.273501536582238,0.177685719549505,0.567082326573977,0,0,0,0,0,0,0,0,7090.22549960223,5098.89864472958,1181.54377996481,2229.22670234016,902.653671364801,943.468504038569,1548.50974490828,4605.35458682202,272.417802165402,195.907839932497,45.5707924750533,85.986617803098,34.8101618641528,36.3851023031468,59.8183780382208,177.894992854323,18723.4047708754,13365.8363564263,3179.72763896242,5934.92943266328,2489.14420660583,2576.4361985123,4057.38304403762,11941.3210056229,719.38313920972,513.536808102021,123.682267347146,231.152571965102,97.3347017314957,100.789801937745,159.108966444649,468.335554147171,0,0,7.1402620805659,13.4755533033778,5.88267434961611,6.09906960220983,9.92592719195559,29.2566029076955,0,0,0,0,0,0,0,0,341.768078280531,255.837793116943,172.981810211972,334.389412899355,221.992711929004,235.683759547645,113.049661562993,349.414005894442,13.1312760973287,9.82969714069595,6.65293205576535,12.8596134359456,8.53010756307258,9.0561673728832,4.34873332522482,13.4405691667437,265.36365644755,197.724335672013,251.066133491433,491.835590369758,339.28601213349,356.218340316026,202.442627579269,628.918483691424,10.1956960279905,7.59688517232135,9.65614544816241,18.9147025814843,13.0384528954184,13.6890752813792,7.78665286907331,24.1892193121433,0,0,39.1593465231808,81.2003920131059,43.8956789820509,46.4926130411621,85.1782529863298,251.979416228302,0,0,0,0,0,0,0,0,1009.50540799275,482.222134746074,1631.14616780578,1656.07767851115
"309",2015,490,25.6666666666667,1893.844713117,1494.89691474394,433.616254385901,796.408437527869,123.884604478276,135.241945611188,86.2939143393654,278.543960411899,0,0,0,0,0,0,0,0,0,0,0.713980099059947,1.30739747552621,0.25073384453815,0.271265248882378,0.178191237230999,0.571726320539967,0,0,0,0,0,0,0,0,7080.77459028955,5087.55201896019,1173.19816573347,2209.19339215798,899.870358315077,931.382684698556,1556.10560110345,4637.22764765835,272.054683116005,195.471884425261,45.2489795992749,85.2138428616235,34.7028605328757,35.9190432982558,60.1120214981612,179.126732930583,18729.1320466828,13357.3722996505,3162.08727103751,5890.9866223164,2485.15905942385,2547.31775341545,4084.67380430662,12044.6626991334,719.603190555958,513.211605484838,122.997593492339,229.439911686387,97.1806991169948,99.6508195203427,160.18312333722,472.396010139479,0,0,7.09726247205013,13.366583105483,5.87105793285647,6.02751036523697,9.98810290497326,29.496414016476,0,0,0,0,0,0,0,0,341.459649293844,255.379684535032,171.796189568207,331.415230489678,221.394193314871,232.698571506927,113.590438797313,351.681765487635,13.1194257627062,9.81209587636212,6.60731176903647,12.7451983932307,8.50705981314188,8.94142928842777,4.36951301227338,13.5277492931398,265.670400722359,197.765846353651,249.844655265623,488.276004939644,339.125881532047,352.366844098018,203.821514317526,634.417445429561,10.2074816337945,7.59848007907256,9.60914366450525,18.7777672338363,13.0322387223148,13.5410308549883,7.83966371016067,24.400661499293,0,0,38.9786866054221,80.5576417778342,43.8708481854379,45.968890766371,85.8518900777264,254.351490211509,0,0,0,0,0,0,0,0,1012.60962202579,483.47205225534,1636.4401741795,1659.93791961352
"310",2015,490,25.75,1893.78426285566,1494.32123810815,432.331731807914,794.16458297139,123.558931509873,134.25280751192,86.5511514751815,280.796763928418,0,0,0,0,0,0,0,0,0,0,0.711530216804265,1.30285476305414,0.249999158247157,0.269119151926166,0.178676159888857,0.576196228708356,0,0,0,0,0,0,0,0,7071.10557982478,5076.07459724699,1164.95146015814,2189.4373205085,897.019816612695,919.489224084353,1563.57714674957,4668.40937184813,271.683184271565,195.030903528701,44.9309699304569,84.4517519704525,34.5929670760063,35.4604030460721,60.4008694094774,180.331817618975,18734.929932355,13349.0001658454,3144.79230380445,5847.85885630295,2481.07417463723,2518.73976782819,4111.84861961083,12146.8932666889,719.825954841164,512.88993469562,122.326222535264,227.758867709632,97.0228127122832,98.5329650746,161.252856919425,476.413379945049,0,0,7.05463859585511,13.2591337765782,5.85913654784962,5.95721382056284,10.0498668417099,29.7331951007364,0,0,0,0,0,0,0,0,341.140854759264,254.915327917378,170.620184030442,328.477885772921,220.77829624369,229.759469484561,114.11733696041,353.843015718842,13.1071771671522,9.79425455250384,6.56206068839913,12.632199544411,8.48334349441842,8.828462378524,4.38975823599104,13.6108333476041,265.981889698584,197.811599548341,248.63382787518,484.770509335549,338.952204349399,348.581957395071,205.18862372608,639.746295357988,10.2194495386097,7.60023798996015,9.56255083349162,18.6429112957582,13.025502532466,13.3955462653518,7.89222032436807,24.605561925407,0,0,38.7985078999474,79.9222988759267,43.8444118152923,45.4542977206765,86.5260533649358,256.712586113422,0,0,0,0,0,0,0,0,1015.71098621072,484.719714328859,1641.71224794935,1663.75641426876
"311",2015,490,25.8333333333333,1893.77931816687,1493.80350843698,431.112112774597,792.03358575271,123.240248617756,133.307493291728,86.7992584922317,282.963438491547,0,0,0,0,0,0,0,0,0,0,0.709153230526757,1.29848640416663,0.249274577635203,0.267060546988405,0.179141400112125,0.580498066396591,0,0,0,0,0,0,0,0,7061.21993508184,5064.4683348123,1156.80166800908,2169.95381547995,894.10487478658,907.785466320976,1570.92271915758,4698.8921394463,271.303361991722,194.584972365581,44.6166876532175,83.7001660324623,34.4805903357225,35.0090788417153,60.6848574595692,181.509952244066,18740.7981487062,13340.7191377444,3127.83585583288,5805.53027980622,2476.89439484192,2490.69179651371,4138.90855975245,12248.0353468593,720.051421338678,512.571764333666,121.667893301575,226.108831110008,96.8612297478017,97.4358303911807,162.31820863531,480.388545604556,0,0,7.0124458563169,13.1532378324573,5.84692187279353,5.88815649127871,10.1112164109057,29.9669669990362,0,0,0,0,0,0,0,0,340.811794143118,254.444780695924,169.454484240659,325.577660798458,220.145565772979,226.865976133737,114.631235089558,355.908723355964,13.094534132322,9.77617537574821,6.51720539432185,12.5206277621439,8.45897955732828,8.71724826967765,4.40950277648386,13.6902427760039,266.297850454145,197.861344958916,247.434278051403,481.318733934567,338.764933055701,344.862440541435,206.544233350366,644.912473450769,10.2315892563337,7.60214928816671,9.51639103399904,18.510120542432,13.01824251118,13.2525738694705,7.94433338472788,24.8042066027742,0,0,38.6188667907525,79.2943525541547,43.8163967678769,44.9486616517753,87.2007410002608,259.062962422439,0,0,0,0,0,0,0,0,1018.80940681815,485.96509055636,1646.96222472103,1667.53375929904
"312",2015,490,25.9166666666667,1893.83022757186,1493.34346857277,429.95498766287,790.011291166413,122.929001108,132.404503693981,87.0388707928362,285.048751013135,0,0,0,0,0,0,0,0,0,0,0.706854208712106,1.29429306265549,0.248561153003488,0.265086815852194,0.179587938436414,0.584638218111484,0,0,0,0,0,0,0,0,7051.12097629749,5052.73647119572,1148.74731833423,2150.73908017772,891.128587888476,896.269104578164,1578.14127061205,4728.67130951473,270.915343845283,194.134215404197,44.3060770082823,82.9589394903817,34.3658478828431,34.5649814376142,60.9639449764509,182.660956609446,18746.7349563918,13332.5273953646,3111.21095055038,5763.98493219123,2472.62424080227,2463.16343441546,4165.8543101381,12348.1095515429,720.279523220191,512.257024472317,121.0223406783,224.489188464327,96.6961249987011,96.3590088274003,163.37920492919,484.322310346772,0,0,6.97072764146327,13.0489165683343,5.83442616353608,5.82031591299235,10.1721495609463,30.1977512207808,0,0,0,0,0,0,0,0,340.472566886803,253.968105133641,168.29961596527,322.714682839023,219.496572670625,224.017599057784,115.132859494241,357.888024555422,13.0815004789132,9.75786073833811,6.47276613394927,12.4104879716931,8.43398994122902,8.60776801106946,4.42877454103171,13.7663286494204,266.617897253382,197.914751162252,246.246510973754,477.920109965905,338.563912698255,341.20693904783,207.888608379516,649.923817869978,10.2438859663856,7.60420123988575,9.47068367560197,18.3793730950606,13.0104527135345,13.1120616074011,7.99601308341717,24.9968968199027,0,0,38.4398224440943,78.6737901061525,43.7868277811553,44.4518108717608,87.8759448635244,261.402852678648,0,0,0,0,0,0,0,0,1021.90479102792,487.208150821845,1652.189955318,1671.27054862969
"313",2016,490,26,1893.88630392501,1492.82940293714,428.686523726692,788.138853478655,122.818183510517,132.246035565509,87.0020793874694,286.093811054972,0,0,0,0,0,0,0,0,0,0,0.704788161727554,1.2907246229018,0.248250253955367,0.264605363375372,0.17950497207459,0.586788090467131,0,0,0,0,0,0,0,0,7041.22159208189,5041.23122573841,1140.66590539276,2132.1956842172,889.493610670961,889.689869060614,1583.66876831199,4752.29373585216,270.534993672928,193.692165474892,43.9944700822953,82.2436540129239,34.3028323760407,34.3112862126787,61.1778156061188,183.574523297925,18753.7229153718,13325.1920157027,3094.47325860369,5724.21592742707,2472.16250537019,2449.2313232743,4188.3776025459,12432.252951875,720.548012009971,511.975187436527,120.372835847577,222.939167753763,96.6799709854691,95.8140663695217,164.267489769069,487.633567840961,0,0,6.93105498142104,12.9507438758698,5.83085076294971,5.78458345335329,10.2225676174395,30.3905838673947,0,0,0,0,0,0,0,0,340.178904700634,253.515010382665,167.188690985983,319.99937201821,219.206160120218,222.419187824277,115.282019185788,358.54985333892,13.0702175083583,9.74045211340879,6.43001725574715,12.3060272925687,8.42277761996122,8.54631709941284,4.4345015669491,13.7917857501344,266.95862680658,197.986306202506,245.113956091081,474.730841703539,338.884697591085,339.43072135199,208.664208094916,652.828996452636,10.2569773409148,7.60695049894273,9.42709960451302,18.2566765746808,13.0227134923027,13.0437671811124,8.02583271312961,25.1086417842612,0,0,38.2702951173184,78.0884787428029,43.824834663003,44.1999172542767,88.4786110689998,263.472385051505,0,0,0,0,0,0,0,0,1024.95504704825,488.431855263508,1657.3254260472,1674.91827598082
"314",2016,490,26.0833333333333,1893.92303521016,1492.1425434959,427.080224673441,786.495753512659,123.172468891912,133.801016785963,86.312966333572,284.768276565627,0,0,0,0,0,0,0,0,0,0,0.703016581951632,1.28829557742791,0.248892244151489,0.267583286049759,0.178161809136811,0.584358215957792,0,0,0,0,0,0,0,0,7032.03466651589,5030.39282229093,1132.36816441037,2114.86574069255,891.195227874992,894.749205449465,1585.12711036008,4761.6240020024,270.182017301234,193.275736681998,43.6746412737078,81.5752931607769,34.3684945054335,34.5064399392792,61.2347604924448,183.936905963781,18763.3031400875,13319.911287462,3077.00612845254,5687.66501104582,2481.1387578345,2467.50941742207,4200.21799469499,12479.2472723302,720.916099788334,511.772293394635,119.696158670354,221.515688923739,97.0329806901665,96.5292956596608,164.738384082922,489.492637750622,0,0,6.89474517267917,12.864441789611,5.84950773274543,5.82492567053128,10.2476653857137,30.4951261275777,0,0,0,0,0,0,0,0,340.005612129332,253.126820189673,166.149894012235,317.5708841754,219.807384396686,223.78880698733,114.671087442045,356.444877336017,13.0635593308875,9.72553722539138,6.39004439897381,12.2125985481408,8.44582414561826,8.59890918716515,4.41102075647439,13.7109219534301,267.356981020999,198.104075435426,244.10492106839,471.987662385036,340.52909240316,342.164407556875,208.068627351832,650.855955922355,10.2722827470729,7.61147538118688,9.3882669206439,18.1511358245517,13.0858359301926,13.1487787254418,8.00295628191076,25.0329126704403,0,0,38.1232568624631,77.5787125514798,44.0316123811642,44.5317373345927,88.9013975355687,264.897351225855,0,0,0,0,0,0,0,0,1027.89945827802,489.611532298627,1662.27950117757,1678.42934489177
"315",2016,490,26.1666666666667,1894.08242939025,1491.57332995295,425.569570093284,784.971265675447,123.506359809214,135.296673093354,85.6446014945467,283.496944822684,0,0,0,0,0,0,0,0,0,0,0.701118019791194,1.28584433510681,0.249506778894976,0.270475909658612,0.176837165070729,0.581951335582103,0,0,0,0,0,0,0,0,7022.57907178232,5019.37746913538,1124.16533387476,2097.74829385903,892.759597196596,899.570492836477,1586.3628642887,4770.14949277576,269.818718230474,192.852509198348,43.3584499548495,80.9151104958165,34.4288656126804,34.6924133372221,61.2831167438114,184.268246925498,18773.03323271,13314.7778915293,3059.89221662587,5651.79324649829,2489.87104985695,2485.31375106688,4212.04710576565,12526.1751527946,721.289945726927,511.575060096006,119.033048144836,220.1185190967,97.3765370997922,97.2261347217329,165.208887431306,491.349314801965,0,0,6.85769157533678,12.778372515015,5.86756312534305,5.86413062802256,10.2724059251555,30.5983938740714,0,0,0,0,0,0,0,0,339.811890881825,252.729078487599,165.095622995155,315.147238325868,220.366762661129,225.11567327017,114.174935427057,354.769695708685,13.0561162510038,9.71025535312096,6.34947635038097,12.1193559755959,8.46726103363649,8.64985584927287,4.39194925449095,13.6465700443247,267.770057486428,198.229857246914,243.107303173628,469.292115712564,342.170046857829,344.887158321239,207.499762200072,648.946186687595,10.2881538056537,7.61630811951344,9.34987288597247,18.0474263293331,13.1488235506962,13.2533667437108,7.98110621293673,24.9596143820682,0,0,37.9765401356232,77.074840120553,44.2360217141116,44.8583499894822,89.3245785144765,266.324166206659,0,0,0,0,0,0,0,0,1030.84228017856,490.789379308664,1667.23180914628,1681.93824350394
"316",2016,490,26.25,1894.351760171,1491.11090347148,424.148364102052,783.556643754894,123.820965493817,136.735564929739,84.9961280980754,282.277166003928,0,0,0,0,0,0,0,0,0,0,0.699139083586313,1.28340573018234,0.250091845424005,0.273281203041462,0.17553337945353,0.579577832095987,0,0,0,0,0,0,0,0,7012.93785279026,5008.24654612195,1116.07372655057,2080.87324240786,894.207712997658,904.178924238842,1587.40699342285,4777.96846586267,269.448287178857,192.424841335942,43.0465247852007,80.2642562256307,34.4847524442767,34.8701750825144,61.324073596082,184.572319308786,18782.8497225801,13309.7456592661,3043.11480575352,5616.57006831115,2498.35755854591,2502.64721067976,4223.84601367027,12572.976361673,721.667111181661,511.381713667702,118.382861208751,218.746475480746,97.7105643652531,97.9046903500582,165.678261824021,493.201251997939,0,0,6.82014408595214,12.6927395425375,5.88500971483812,5.90220145504742,10.296779158976,30.7003470437616,0,0,0,0,0,0,0,0,339.598720220013,252.322073781419,164.031079244364,312.733142369512,220.886287022316,226.398076523068,113.77257103881,353.447894718442,13.0479258935154,9.69461758142003,6.30851294605461,12.0264804395808,8.48716479659443,8.69909124947115,4.37648026889126,13.595793126305,268.189929952648,198.358394476393,242.112746966036,466.629804261357,343.79586773186,347.588357407252,206.967116422119,647.141835402307,10.3042859774488,7.62124672540596,9.31159616128329,17.9449944265749,13.2112269904105,13.3571232003401,7.96064736305888,24.890365483387,0,0,37.8299182324414,76.5764693079266,44.437919796791,45.1796600252858,89.7478623064383,267.751949157254,0,0,0,0,0,0,0,0,1033.78333988085,491.965352357983,1672.18160888847,1685.44465754712
"317",2016,490,26.3333333333333,1894.72037778508,1490.7460881188,422.811075855912,782.244219105513,124.117404098606,138.120193807338,84.3667920080905,281.106618120152,0,0,0,0,0,0,0,0,0,0,0.697117062475026,1.28100661700648,0.250646456267242,0.275998368884278,0.174252327222854,0.577246012574805,0,0,0,0,0,0,0,0,7003.17597117296,4997.04811968105,1108.10435582481,2064.26067198713,895.555455204162,908.594527222894,1588.28632733965,4785.16766797779,269.07322007622,191.994579883903,42.7392908058646,79.6235036668998,34.5367654455884,35.040495573382,61.3586618064494,184.852455115537,18792.7030524708,13304.7785420399,3026.65993328948,5581.97002948474,2506.59830845091,2519.51442874544,4235.59938660281,12619.6015584687,722.045692084731,511.190869063608,117.745061389755,217.39857368982,98.0350585939959,98.5651373526522,166.145908855048,495.046525542982,0,0,6.78230970894824,12.6077108545887,5.90184827082402,5.93914911030696,10.3207803919208,30.800963284428,0,0,0,0,0,0,0,0,339.367265552749,251.906272511024,162.960848306662,310.333015748181,221.368321963357,227.635444101286,113.446701282615,352.416063776957,13.0390330352943,9.6786418316552,6.26733039050884,11.9341417555484,8.50562627882661,8.74659331390392,4.36394917605487,13.5561540597135,268.610485080015,198.485693265415,241.115495515823,463.990470436133,345.397495440951,350.259346450284,206.47707468016,645.472550239447,10.3204443781731,7.62613774843602,9.27321531816551,17.8434456331766,13.2726980876534,13.4597152878548,7.9418247714201,24.826304351453,0,0,37.6832297559006,76.0832957451056,44.6371867551532,45.4955942213515,90.171004372133,269.17995710653,0,0,0,0,0,0,0,0,1036.72247397081,493.13940935587,1677.12824167437,1688.94828934438
"318",2016,490,26.4166666666667,1895.17934021239,1490.4710952223,421.552739140747,781.027227704028,124.396788176862,139.452993571778,83.7559232812236,279.983249709878,0,0,0,0,0,0,0,0,0,0,0.695081496414064,1.27866732634626,0.251170423289658,0.278627596660947,0.172995487349343,0.574962437287684,0,0,0,0,0,0,0,0,6993.34373262985,4985.81947010381,1100.26413789731,2047.92305848843,896.814645732824,912.833129221259,1589.0240918233,4791.82360091276,268.69544974798,191.563157210634,42.4370155838102,78.9933338040617,34.5853592892789,35.2039839586976,61.387773959785,185.111593704316,18802.5549426766,13299.8486903583,3010.51582703802,5547.9717456096,2514.59475992837,2535.92139561189,4247.29490393235,12666.0106204569,722.424217668754,511.00145626168,117.119196965864,216.073986847644,98.3500718899549,99.2077035038329,166.61134717384,496.883569741936,0,0,6.74435870644475,12.5234234972122,5.9180852986684,5.97499020989929,10.3444093068613,30.9002350310082,0,0,0,0,0,0,0,0,339.118807295023,251.482263674021,161.888909195099,307.950870330719,221.815393830026,228.828012308559,113.183147323891,351.621816162419,13.0294868719318,9.66235073405641,6.22608160735123,11.8424941089151,8.52274256722876,8.79237110104953,4.35381104183107,13.5256393990943,269.027090505436,198.608784193485,240.111856748287,461.367161614955,346.968088872986,352.89318882442,206.033532610062,643.957889981367,10.336451025029,7.63086709871949,9.23458832455248,17.7425125486449,13.3329739323508,13.5608763612031,7.92478786686362,24.7681817403641,0,0,37.5363667765891,75.5950867475182,44.8337227651712,45.8060985634197,90.5937995218248,270.607562254829,0,0,0,0,0,0,0,0,1039.65952966009,494.311510682006,1682.07112836841,1692.44886263476
"319",2016,490,26.5,1895.72108442477,1490.27925980183,420.368861959616,779.899655016293,124.66021271335,140.736323660385,83.162919976315,278.905229162031,0,0,0,0,0,0,0,0,0,0,0.693055603677014,1.27640297018059,0.251664159213514,0.281169841960804,0.171764006543837,0.57273222175896,0,0,0,0,0,0,0,0,6983.4798293376,4974.58933199894,1092.55692672041,2031.86716748662,897.993981308099,916.907228308176,1589.64040961459,4798.00375100906,268.31646280944,191.131677345754,42.1398489418049,78.3740081944155,34.6308686644333,35.3611215434646,61.4121836561368,185.352328871578,18812.3760507765,13294.9347506144,2994.67241603529,5514.55698023325,2522.34944896595,2551.87511539209,4258.92272707594,12712.171100508,722.801560551085,510.812654822183,116.504882037905,214.772010155444,98.6556983816512,99.8326561982407,167.074191904952,498.71111702011,0,0,6.70643040105764,12.4399880335074,5.93373115715152,6.00974519997181,10.3676690408871,30.9981667374472,0,0,0,0,0,0,0,0,338.854681924553,251.050712210126,160.818663271579,305.590238547797,222.230029550924,229.976553752358,112.970305743328,351.021952047274,13.0193387530394,9.64576983667084,6.18489734481188,11.7516732890001,8.53861079262453,8.8364543192319,4.34561991762336,13.5025887981251,269.436297737853,198.725509732834,239.099729105111,458.755487075539,348.502633368381,355.484430042722,205.638459469027,642.609492100495,10.3521734214754,7.63535188058925,9.19563431017552,17.642026286904,13.3918618049355,13.6603967374778,7.90961208421303,24.716444085622,0,0,37.3892641230769,75.1116668726122,45.0274452340753,46.1111355594162,91.0160748502006,272.034231446302,0,0,0,0,0,0,0,0,1042.59436546935,495.48161962489,1687.00976444268,1695.94612531308
"320",2016,490,26.5833333333333,1896.33913044082,1490.16480339279,419.255344929262,778.856096103817,124.908744769276,141.972463325058,82.5872337732491,277.870899450107,0,0,0,0,0,0,0,0,0,0,0.691057586263307,1.27422462261106,0.252128500418973,0.283626626840928,0.170558758298684,0.570559314910382,0,0,0,0,0,0,0,0,6973.61407440454,4963.37990556786,1084.9844203594,2016.0957197848,899.099868121822,920.826786067606,1590.15277069403,4803.76776409787,267.9374047279,190.700993256501,41.8478577560702,77.7656329011976,34.6735403016492,35.5122922078391,61.4325635304588,185.576953843657,18822.1438681245,13290.0203357955,2979.12090051925,5481.70984073606,2529.86566654865,2567.38329557798,4270.47501346445,12758.0568016396,723.176855913643,510.623835129871,115.901779885044,213.492029734611,98.9520617798915,100.440290408823,167.534135747286,500.528142498485,0,0,6.66863862172523,12.3574928161946,5.94879845385335,6.04343678389129,10.3905653278232,31.094772252268,0,0,0,0,0,0,0,0,338.576231644882,250.612318710678,159.75297434605,303.254132246607,222.614629387045,231.082145464713,112.798651457563,350.580754238225,13.0086402482235,9.62892605733814,6.14388771217164,11.6617951030116,8.55332323800153,8.8788844101113,4.33900973737771,13.4856295137587,269.835573181247,198.834332698331,238.078175577185,456.152950289744,349.99757216327,358.028861064643,205.292406280407,641.433042750531,10.367514222702,7.63953303293437,9.15631719114213,17.541890805392,13.4492250163985,13.7581146062172,7.89631838674169,24.6713091978556,0,0,37.24188960515,74.6329048227847,45.2182861326168,46.410681673096,91.437683308393,273.459507500797,0,0,0,0,0,0,0,0,1045.52685161671,496.649702701864,1691.94371377594,1699.4398508436
"321",2016,490,26.6666666666667,1897.02789481035,1490.12268436038,418.208428516961,777.891666059645,125.14341800392,143.163609441134,82.0283609436951,276.878749601675,0,0,0,0,0,0,0,0,0,0,0.689101493874171,1.27214007649074,0.252564596954281,0.285999910806537,0.169380383412273,0.56844668681791,0,0,0,0,0,0,0,0,6963.76911158861,4952.20811362016,1077.54670069005,2000.60838899344,900.136938871247,924.599735580885,1590.57635559086,4809.16827398306,267.55914551275,190.271755144284,41.5610466838676,77.1681967969842,34.7135528147498,35.6578019000475,61.4494976395806,185.787492997305,18831.841405705,13285.0930699347,2963.85349421041,5449.4162952855,2537.1472656549,2582.45415596089,4281.94559703,12803.6468287248,723.549451011377,510.434521680303,115.309592983822,212.233503898354,99.239307881425,101.030921268464,167.990936556845,502.333827152589,0,0,6.63107559168685,12.2760072222495,5.96330120315855,6.07608906224785,10.4131059021284,31.1900728999916,0,0,0,0,0,0,0,0,338.284777760473,250.167797133279,158.694224012053,300.945066330914,222.971423328013,232.146049505937,112.660399834879,350.268813104395,12.9974421241147,9.61184682745109,6.10314430185428,11.5729562790081,8.56696565975149,8.91970995460566,4.33368133205581,13.4736312460164,270.223125576025,198.934214704993,237.047144525035,453.558507048798,351.450539053438,360.523330713218,204.994835813091,640.429578766307,10.3824046056507,7.6433706593432,9.11663493746844,17.4420659171241,13.5049726372896,13.8539088245575,7.88488594401761,24.6328162914295,0,0,37.0942375141128,74.1587048210068,45.4061901231767,46.7047255249742,91.8584996481654,274.882997500678,0,0,0,0,0,0,0,0,1048.45686984757,497.815729723821,1696.87260098653,1702.92983690071
"322",2016,490,26.75,1897.78253378374,1490.14847203469,417.224648256982,777.001924250533,125.365228530423,144.311875155917,81.4858348730248,275.927390896088,0,0,0,0,0,0,0,0,0,0,0.687197962170057,1.27015448218129,0.252973821870571,0.288291982208446,0.168229325367474,0.566396490775477,0,0,0,0,0,0,0,0,6953.96184681728,4941.0866528214,1070.2426683681,1985.40260763754,901.108479405991,928.232409404856,1590.92432285362,4814.25165543636,267.18233471676,189.844450835298,41.2793748719024,76.581602519534,34.7510330751227,35.7978950608883,61.4634924762564,185.985730691032,18841.4560938118,13280.1437888815,2948.86321447135,5417.66377958081,2544.19850292979,2597.09626969041,4293.32971280126,12848.9247645361,723.918862896155,510.24436237215,114.728054879233,210.995947900394,99.5175984156592,101.604877895908,168.444406645839,504.127525811441,0,0,6.59381533030112,12.195584528886,5.97725418270927,6.10772686638238,10.4352999877849,31.2840958012762,0,0,0,0,0,0,0,0,337.981600549658,249.717857447055,157.644366357636,298.665092435047,223.302446274603,233.169622631119,112.549215523926,350.062007748254,12.9857935710539,9.59455942515886,6.06274228798781,11.4852357549652,8.5796163308647,8.9589831959794,4.32939123915175,13.4656669817402,270.597760075419,199.024513980982,236.007238745127,450.972199406799,352.860126477099,362.96557611909,204.744397871919,639.596582725935,10.3967986623981,7.64684010191542,9.07661069484768,17.3425532170385,13.5590505871113,13.947692403959,7.87526270856414,24.6008680616575,0,0,36.9463230996438,73.6889993318816,45.5911128975007,46.9932662776897,92.278416958164,276.304362785674,0,0,0,0,0,0,0,0,1051.38431310982,498.979673789433,1701.7961040014,1706.4159035926
"323",2016,490,26.8333333333333,1898.59878413255,1490.23821905725,416.300789484375,776.182797611373,125.575130705065,145.419288353665,80.9592185762896,275.015532904853,0,0,0,0,0,0,0,0,0,0,0.685354951403408,1.26827099088304,0.253357680587815,0.290505350096106,0.167105865784346,0.564410225298919,0,0,0,0,0,0,0,0,6944.20490054079,4930.02505903692,1063.07047948347,1970.47437513845,902.01685703296,931.729969971076,1591.20810427724,4819.05880696242,266.807457237808,189.419446712737,41.0027727287679,76.0056974983943,34.7860726493417,35.9327711412181,61.4749882813144,186.173241240349,18850.9786650635,13275.1657301004,2934.14366996493,5386.44079979176,2551.02387754322,2611.31840150162,4304.62371705112,12893.8778305642,724.284735500442,510.053097377979,114.156921959893,209.778918538031,99.7871047815064,102.162497110584,168.894401907157,505.908734559825,0,0,6.55691699696867,12.1162647020896,5.99067225648569,6.13837507087809,10.457157802664,31.3768722509845,0,0,0,0,0,0,0,0,337.667918685715,249.263187949488,156.60497583494,296.415820912564,223.609505223678,234.154220494856,112.459923015139,349.94049466001,12.9737414124175,9.57709029595143,6.02274226264063,11.3986955197338,8.59134477740962,8.99675635360523,4.32594057876986,13.4609741257677,270.958731097035,199.104882298774,234.959492324221,448.394803731409,354.225662665389,365.354059460682,204.539199751688,638.929056700559,10.4106677464762,7.64992798119271,9.03628420527589,17.2433825497689,13.6114330715967,14.0394062382522,7.86737580643827,24.5752719422649,0,0,36.7981770991959,73.2237418649155,45.7730194965133,47.276311983141,92.6973430867095,277.723308576429,0,0,0,0,0,0,0,0,1054.30908524142,500.141511284566,1706.71394756373,1709.8978922337
"324",2016,490,26.9166666666667,1899.47286707645,1490.38838403599,415.433858315696,775.430532571006,125.774035854609,146.487792568286,80.4481001756089,274.141968928841,0,0,0,0,0,0,0,0,0,0,0.683578229567967,1.26649115252756,0.253717759065319,0.292642676737256,0.166010149241401,0.562488843953795,0,0,0,0,0,0,0,0,6934.5074665679,4919.03033743466,1056.0277754432,1955.81869001882,902.863763266792,935.09666992489,1591.43761330054,4823.62572558169,266.434866316731,188.997011926358,40.7311507629211,75.4402905631678,34.8187371191126,36.0625945967934,61.4843670280936,186.351410925827,18860.4024949722,13270.1540537299,2919.68894539757,5355.7367160183,2557.6280449311,2625.1294174551,4315.82490520636,12938.4963295326,724.646814300903,509.860540742565,113.595968987951,208.582005743096,100.048004686526,102.704119919275,169.340814745677,507.677069112682,0,0,6.52042732891606,12.0380765771948,6.00357013629787,6.16805831710269,10.4786902159381,31.468436513574,0,0,0,0,0,0,0,0,337.344882389708,248.804447992536,155.577303533708,294.198479466622,223.894194570991,235.101166935087,112.388309546803,349.888003683243,12.961329841538,9.55946477318543,5.98319239509645,11.313382861712,8.60221236331847,9.03308043760014,4.32316747829955,13.4589274414992,271.305650923433,199.175202252899,233.905230464256,445.827605243557,355.547048287785,367.687835557808,204.37697384808,638.420210466484,10.4239969611612,7.6526297862691,8.99570641736029,17.1446033408732,13.6621163058279,14.1290140159989,7.86113797683221,24.5557665499232,0,0,36.6498421525231,72.7629023178272,45.9518831123887,47.5538784098261,93.1151984724122,279.139577739135,0,0,0,0,0,0,0,0,1057.23110033548,501.301221734179,1711.6258959182,1713.37566253315
"325",2017,490,27,1900.40331217398,1490.59649690852,414.621535157514,774.754541776824,125.963870948567,147.522074987827,79.9475501554935,273.288152977515,0,0,0,0,0,0,0,0,0,0,0.681877519184287,1.26483934343439,0.254057817914715,0.294712367484291,0.164934342697867,0.560603394805697,0,0,0,0,0,0,0,0,6924.87927074783,4908.11118619388,1049.11746280092,1941.46329762396,903.658023803245,938.354063452893,1591.6050198212,4827.92973860774,266.06493563621,188.577480674116,40.4646229694303,74.8864541545459,34.8493672361592,36.1881971808459,61.4913266053077,186.519364006775,18869.7325589621,13265.1150437392,2905.50745804173,5325.63266067273,2564.03731925189,2638.58878886645,4326.8853923475,12982.6230301273,725.005290461358,509.666933906045,113.045533322537,207.408378842674,100.301323306027,103.23206745202,169.781775155944,509.426390348599,0,0,6.48443726955942,11.9612674767599,6.01601281152613,6.19691958220647,10.4998034000801,31.5584825032228,0,0,0,0,0,0,0,0,337.013751700651,248.342557419667,154.563435001456,292.019448636178,224.159804005821,236.016382825009,112.327783124274,349.881478055433,12.9486072711296,9.54171819871789,5.94417296217824,11.2295432364984,8.61234559010212,9.06818309322909,4.32081862081125,13.4586408213248,271.638532981623,199.23568204088,232.847788690601,443.280508527975,356.827620519095,369.973530942238,204.250266590603,638.046704405071,10.4367868223404,7.65495351642642,8.95500560973321,17.0465964962382,13.7112285663883,14.2167704006553,7.85626263892038,24.5414543763455,0,0,36.5016767416248,72.3078398681456,46.1280722980756,47.8269050063714,93.5312198421011,280.550683321286,0,0,0,0,0,0,0,0,1060.15027076023,502.458661278826,1716.53172815945,1716.84871230497
