"","year","sim_id","time","N_1_1_1_1","N_1_1_1_2","N_1_1_2_1","N_1_1_2_2","N_1_1_3_1","N_1_1_3_2","N_1_1_4_1","N_1_1_4_2","N_1_2_1_1","N_1_2_1_2","N_1_2_2_1","N_1_2_2_2","N_1_2_3_1","N_1_2_3_2","N_1_2_4_1","N_1_2_4_2","N_2_1_1_1","N_2_1_1_2","N_2_1_2_1","N_2_1_2_2","N_2_1_3_1","N_2_1_3_2","N_2_1_4_1","N_2_1_4_2","N_2_2_1_1","N_2_2_1_2","N_2_2_2_1","N_2_2_2_2","N_2_2_3_1","N_2_2_3_2","N_2_2_4_1","N_2_2_4_2","N_3_1_1_1","N_3_1_1_2","N_3_1_2_1","N_3_1_2_2","N_3_1_3_1","N_3_1_3_2","N_3_1_4_1","N_3_1_4_2","N_3_2_1_1","N_3_2_1_2","N_3_2_2_1","N_3_2_2_2","N_3_2_3_1","N_3_2_3_2","N_3_2_4_1","N_3_2_4_2","N_4_1_1_1","N_4_1_1_2","N_4_1_2_1","N_4_1_2_2","N_4_1_3_1","N_4_1_3_2","N_4_1_4_1","N_4_1_4_2","N_4_2_1_1","N_4_2_1_2","N_4_2_2_1","N_4_2_2_2","N_4_2_3_1","N_4_2_3_2","N_4_2_4_1","N_4_2_4_2","N_5_1_1_1","N_5_1_1_2","N_5_1_2_1","N_5_1_2_2","N_5_1_3_1","N_5_1_3_2","N_5_1_4_1","N_5_1_4_2","N_5_2_1_1","N_5_2_1_2","N_5_2_2_1","N_5_2_2_2","N_5_2_3_1","N_5_2_3_2","N_5_2_4_1","N_5_2_4_2","N_6_1_1_1","N_6_1_1_2","N_6_1_2_1","N_6_1_2_2","N_6_1_3_1","N_6_1_3_2","N_6_1_4_1","N_6_1_4_2","N_6_2_1_1","N_6_2_1_2","N_6_2_2_1","N_6_2_2_2","N_6_2_3_1","N_6_2_3_2","N_6_2_4_1","N_6_2_4_2","N_7_1_1_1","N_7_1_1_2","N_7_1_2_1","N_7_1_2_2","N_7_1_3_1","N_7_1_3_2","N_7_1_4_1","N_7_1_4_2","N_7_2_1_1","N_7_2_1_2","N_7_2_2_1","N_7_2_2_2","N_7_2_3_1","N_7_2_3_2","N_7_2_4_1","N_7_2_4_2","N_8_1_1_1","N_8_1_1_2","N_8_1_2_1","N_8_1_2_2","N_8_1_3_1","N_8_1_3_2","N_8_1_4_1","N_8_1_4_2","N_8_2_1_1","N_8_2_1_2","N_8_2_2_1","N_8_2_2_2","N_8_2_3_1","N_8_2_3_2","N_8_2_4_1","N_8_2_4_2","HIV_neg_male","HIV_neg_female","HIV_pos_male","HIV_pos_female"
"1",1990,2155,0,9259.82131168599,9324.57721238495,417.54175450092,790.622190386784,172.635250019621,245.457413569442,0,0,0,0,0,0,0,0,0,0,0,0,0.638672489501863,1.22701980736837,0.309339720690245,0.440520931191269,0,0,0,0,0,0,0,0,0,0,1974.16713441901,2000.87114989023,59.6497738361761,112.368322979434,18.676997798948,26.5408125679357,0,0,75.8506583317792,76.8766693104243,2.29810154211644,4.32946353347669,0.719738543601938,1.02279393149468,0,0,32613.8924526872,33123.5729837897,1171.24771470558,2204.54455841864,418.03357625256,591.867135555694,0,0,1253.00266459957,1272.66268524483,45.3387270529752,85.3819941640545,16.2934568078394,23.0770054063937,0,0,0,0,1.78826009795354,3.41213490667767,0.733344471629976,1.04012191769828,0,0,0,0,0,0,0,0,0,0,209.467310139612,212.313043697006,26.3548888859788,50.4584170216492,17.8055947091539,25.3154396721197,0,0,8.04794397511749,8.15741008513908,1.00777359998919,1.92893992199268,0.677430238148292,0.963005496405544,0,0,811.938410972146,825.018114740013,63.2371465344256,123.701779630223,46.7908973376554,67.0391866505823,0,0,31.195300461011,31.6985354637432,2.42249167288474,4.73779276872592,1.78564558097948,2.55815762953467,0,0,0,0,6.93835867364198,13.9939354429069,4.86610953464157,7.04982120425648,0,0,0,0,0,0,0,0,0,0,0,0,0,0
"2",1990,2155,0.0833333333333333,9247.67405936407,9302.67384882049,430.023182535567,813.849606593418,175.375128888769,249.94798902219,0,0,0,0,0,0,0,0,0,0,0,0,0.648649263451703,1.24724609814383,0.314228582168987,0.448565823480294,0,0,0,0,0,0,0,0,0,0,1975.400809966,1999.99004428639,62.1711482895013,117.028531466644,19.1335049848186,27.2542086111795,0,0,75.8980581191506,76.8428158240879,2.39511813945862,4.50880160233551,0.737328818249991,1.05028347099292,0,0,32548.2011240887,33021.9294808645,1214.63900663171,2285.15331572917,427.184671785608,606.242584390115,0,0,1250.4791563094,1268.75736479821,47.013674169658,88.4958581441819,16.6512621149145,23.6392155492586,0,0,0,0,1.8264650274137,3.48808267289666,0.749349802209871,1.06535727789243,0,0,0,0,0,0,0,0,0,0,207.962281898485,211.238704805101,26.7156271846071,51.4569933201474,17.9487708011807,25.7525401767532,0,0,7.99012006507083,8.11613222782803,1.02158210794477,1.9671325475149,0.682853421090008,0.97959673822277,0,0,809.175374934877,821.346923105509,65.0713356998508,127.35043919017,47.9859288188604,68.9304972647084,0,0,31.0891451520486,31.5574822231698,2.49276909109389,4.87754206620576,1.83117819484901,2.63021885641339,0,0,0,0,7.10108236450842,14.3437548169257,4.99697095681016,7.25789404334129,0,0,0,0,0,0,0,0,0,0,1.75644664528772,1.02159863743054,0.88001953139872,0.851286982646272
"3",1990,2155,0.166666666666667,9235.76517857264,9281.10444211926,442.259502705541,836.682002083476,178.219940749781,254.589734730569,0,0,0,0,0,0,0,0,0,0,0,0,0.660353781927538,1.27049662402192,0.319213955166826,0.456764192416019,0,0,0,0,0,0,0,0,0,0,1976.22729358132,1998.70113192215,64.6014685679832,121.535210302851,19.6025836966401,27.9861306381214,0,0,75.9298129413382,76.7932937498648,2.48865150957325,4.68226807027071,0.755403426638549,1.07848688793781,0,0,32483.1406802464,32921.1544175195,1257.2432363263,2364.51181919774,436.720701588641,621.178066672253,0,0,1247.97988460342,1264.88541129865,48.6587426271463,91.5623822879781,17.023988697819,24.2231750864104,0,0,0,0,1.87058962727103,3.57449000113776,0.765771397545077,1.09124276789057,0,0,0,0,0,0,0,0,0,0,206.554295546645,210.219077632847,27.1424594969026,52.554510226704,18.1214625958514,26.2199527766283,0,0,7.93602458983459,8.07695648345675,1.03792250178337,2.00911609957487,0.689399797136351,0.997341088572017,0,0,806.398678844201,817.704574382172,66.8822307865071,130.986921061014,49.1899074236753,70.8554015124909,0,0,30.982464990876,31.4175371751711,2.56215235627054,5.01681918856918,1.87705321733376,2.70356071760006,0,0,0,0,7.26746557614492,14.7015648837752,5.13048938555557,7.47069490682143,0,0,0,0,0,0,0,0,0,0,3.50064155031537,2.03814872806339,1.77061822332685,1.71912523520405
"4",1990,2155,0.25,9224.07540030037,9259.84849880705,454.255277549935,859.125402451722,181.165644402723,259.377772661874,0,0,0,0,0,0,0,0,0,0,0,0,0.673431672259045,1.29616965351228,0.32432403802103,0.465153065263618,0,0,0,0,0,0,0,0,0,0,1976.72733075841,1997.087743109,66.9479311258738,125.900932363977,20.0841073754869,28.7367758737941,0,0,75.9490251693263,76.7313047715816,2.57897590566179,4.85034218109966,0.77395765239315,1.10741195041671,0,0,32418.6564978148,32821.1902021522,1299.07094045992,2442.6322511422,446.629276433541,636.65903444969,0,0,1245.50275086868,1261.04461198161,50.27432217228,94.5820110878326,17.4111671506413,24.8283348487696,0,0,0,0,1.91938553510891,3.66922335911664,0.78269868350458,1.11789700651928,0,0,0,0,0,0,0,0,0,0,205.235603296925,209.249336923238,27.6252905439287,53.7360715713503,18.3225074616708,26.7173784810005,0,0,7.88535987134076,8.03969745787017,1.05640704154611,2.05431798867284,0.697025337924821,1.01622737887997,0,0,803.607229172012,814.086828652504,68.6750249586412,134.618246482633,50.4044768639115,72.815227107891,0,0,30.8752179642781,31.2785374152027,2.63084041052096,5.15589323806932,1.92333305457433,2.77823355807743,0,0,0,0,7.43830101922101,15.068774189047,5.26674358290838,7.68835098976438,0,0,0,0,0,0,0,0,0,0,5.23336819425431,3.04990231463264,2.67353532098951,2.60483278507399
"5",1990,2155,0.333333333333333,9212.58751402295,9238.88767716899,466.014914771052,881.185626868158,184.2083153831,264.307346257668,0,0,0,0,0,0,0,0,0,0,0,0,0.687589131499167,1.32376388691339,0.329578160172516,0.473758107171122,0,0,0,0,0,0,0,0,0,0,1976.97097589103,1995.22201132873,69.2172861077369,130.13748470549,20.5779652079645,29.5063228517573,0,0,75.9583864049514,76.6596203729626,2.66634869881596,5.01347342895602,0.792987345774748,1.13706566296989,0,0,32354.7013821441,32721.9870079188,1340.13267156104,2519.52697861292,456.898265896632,652.671191117382,0,0,1243.04594190372,1257.23305241727,51.8608034738645,97.5551964765049,17.8123376575853,25.4541549111505,0,0,0,0,1.97182346054156,3.77051523503837,0.800191278092314,1.14540030364301,0,0,0,0,0,0,0,0,0,0,203.999261849209,208.325268767999,28.1553163357705,54.9886197903237,18.5507441139642,27.2444335062542,0,0,7.83785914092856,8.0041932459129,1.07669765344699,2.1022364055103,0.705685976959666,1.03624111374945,0,0,800.800284059398,810.490042775247,70.4539968506091,138.250123228105,51.6312165888959,74.8113185295849,0,0,30.7673755702634,31.1403429678379,2.69899708633977,5.29498284876341,1.97007769991226,2.85428839491731,0,0,0,0,7.61417742387817,15.4464456979681,5.40583130666697,7.91101493817564,0,0,0,0,0,0,0,0,0,0,6.9553482091478,4.05708961423998,3.59031740699482,3.50958274028192
"6",1990,2155,0.416666666666667,9201.28612738988,9218.20553490267,477.542682886144,902.868312855712,187.344140292755,269.373814050391,0,0,0,0,0,0,0,0,0,0,0,0,0.702582658932508,1.35286178740925,0.334988830403523,0.482596197170048,0,0,0,0,0,0,0,0,0,0,1977.0189084694,1993.16626599935,71.4158377231338,134.25587258511,21.0840640372897,30.2949391454895,0,0,75.9602280512646,76.5806353499234,2.75101036596671,5.17208166997158,0.812489003921468,1.16745457140121,0,0,32291.2346388417,32623.5017925094,1380.4389934549,2595.20854536685,467.515797959955,669.200491505683,0,0,1240.60789424783,1253.44907884873,53.418577956051,100.482397538312,18.2270499820321,26.1001045968952,0,0,0,0,2.02705511622928,3.87690180537727,0.81828622405829,1.1738037946009,0,0,0,0,0,0,0,0,0,0,202.839041586467,207.443190892892,28.7248748239698,56.3007351503997,18.8050269412752,27.800670538747,0,0,7.79328305052613,7.97030236866293,1.09850017434577,2.15243257403709,0.715338173538716,1.05736530047462,0,0,797.977401714412,806.911099130365,72.2226378624513,141.88712287966,52.8716322293666,76.8450173138366,0,0,30.6589208354982,31.0028340490326,2.76675600084945,5.43426300882653,2.01734435928326,2.93177615489027,0,0,0,0,7.79551719400563,15.8353586160062,5.54786244895104,8.13885605470527,0,0,0,0,0,0,0,0,0,0,8.66724757051259,5.05992173257145,4.52233959207178,4.43441951483903
"7",1990,2155,0.5,9190.15742316179,9197.7872741621,488.842727729209,924.178941266216,190.569408788646,274.572640733769,0,0,0,0,0,0,0,0,0,0,0,0,0.718209833476535,1.38311450941327,0.340563426591866,0.491677565800114,0,0,0,0,0,0,0,0,0,0,1976.92374157701,1990.97441289005,73.5494605788,138.266350202687,21.6023287231169,31.1027869880032,0,0,75.9565715870709,76.4964208483196,2.83318508902245,5.32655825697388,0.832459790943673,1.19858498592142,0,0,32228.2211542832,32525.697329675,1420.00047830972,2669.68966177985,478.470249976309,686.233132798863,0,0,1238.18725885407,1249.6912609817,54.9480376812914,103.364080123968,18.6548631320288,26.7656621409148,0,0,0,0,2.08437928303143,3.9871670148197,0.837003859041271,1.20313689637912,0,0,0,0,0,0,0,0,0,0,201.749334460121,206.599874776645,29.3272939516773,57.6624276376454,19.0842364637975,28.3855973123037,0,0,7.75141613347852,7.9379007811162,1.12155850043334,2.20452272890449,0.725939326869679,1.07958117365038,0,0,795.138390946571,803.347334110902,73.983775095285,145.532853696346,54.1271505999566,78.9176467959286,0,0,30.5498464148331,30.8659083186656,2.83422528037738,5.57387171014416,2.06518725213114,3.01074708364059,0,0,0,0,7.98260955195137,16.2360632444711,5.69295372954717,8.37205343724874,0,0,0,0,0,0,0,0,0,0,10.3696831090846,6.05859335532511,5.47082741511065,5.38027556457823
"8",1990,2155,0.583333333333333,9179.18900085039,9177.61957543784,499.919082086531,945.122851399116,193.880509661327,279.899392657348,0,0,0,0,0,0,0,0,0,0,0,0,0.734303375715829,1.41423217656851,0.346305258090834,0.501007143679101,0,0,0,0,0,0,0,0,0,0,1976.73088023661,1988.69284053547,75.6236078791737,142.178436118689,22.1327018810415,31.9300263190891,0,0,75.9491615459549,76.4087591898363,2.91308105129811,5.4772666014997,0.852897532197491,1.23046310319165,0,0,32165.6307913178,32428.5415720711,1458.82770214218,2742.98319648156,489.750247251951,703.755553205516,0,0,1235.78287787216,1245.95836750389,56.449575181826,106.200716539644,19.0953453091422,27.4503146398027,0,0,0,0,2.1432200125922,4.10030658282362,0.856351466328749,1.23341196199644,0,0,0,0,0,0,0,0,0,0,200.725094815415,205.792494689385,29.9567917802177,59.0650003620237,19.3872871599197,28.9986898571142,0,0,7.71206453097495,7.90687991416149,1.14565074194157,2.2581728508448,0.737448084498873,1.10286871100441,0,0,792.283277456992,799.79649100814,75.7396534081236,149.190076408862,55.3991153514053,81.0305007045142,0,0,30.440153296164,30.7294790703096,2.90149071407225,5.71391440263116,2.11365743998708,3.09125030468551,0,0,0,0,8.17563199725201,16.648916527854,5.84122528793001,8.61079154233155,0,0,0,0,0,0,0,0,0,0,12.0632265986256,7.05328448221926,6.43687119025029,6.34798241765895
"9",1990,2155,0.666666666666667,9168.36969910232,9157.69041174025,510.77567621193,965.705256783055,197.273925426445,285.349731811771,0,0,0,0,0,0,0,0,0,0,0,0,0.750724887337541,1.44597359821523,0.352214634214146,0.510585920765725,0,0,0,0,0,0,0,0,0,0,1976.47947543892,1986.36142445795,77.6433304458834,146.000947435788,22.6751433731788,32.7768178958097,0,0,75.9395021715887,76.3191824558093,2.99089114653684,5.62454345145592,0.873800699148441,1.26309513100414,0,0,32103.437719401,32332.0069471607,1496.93123810258,2815.10216161947,501.344657676972,721.75442684678,0,0,1233.39375891202,1242.24933903242,57.9235832005796,108.992784985201,19.5480737110243,28.1535578631479,0,0,0,0,2.20310372921029,4.21549007769085,0.876326924688606,1.26462894207959,0,0,0,0,0,0,0,0,0,0,199.761772400732,205.018571627723,30.6083636612192,60.5008933547888,19.7131339843761,29.6394055089054,0,0,7.67505341817472,7.87714452047658,1.1705848804781,2.31309264869877,0.74982460119422,1.12720714044012,0,0,789.412267697412,796.256667680795,77.4920245080528,152.860830635786,56.6887844877683,83.1848327899396,0,0,30.3298494118873,30.5934732205959,2.96861917706681,5.8544688560167,2.16280272630247,3.17333341812026,0,0,0,0,8.37467264352544,17.0741192326245,5.9927974330707,8.85525592855688,0,0,0,0,0,0,0,0,0,0,13.7484094967111,8.04416234871294,7.42144234792355,7.33828319345858
"10",1990,2155,0.75,9157.68944288416,9137.98888882135,521.41634629674,985.931257820536,200.746227837144,290.919410889455,0,0,0,0,0,0,0,0,0,0,0,0,0.767359841342367,1.47813799790599,0.358289655641763,0.520411959753133,0,0,0,0,0,0,0,0,0,0,1976.20324231367,1984.01438773312,79.6132966095411,149.742034894796,23.2296291294777,33.6433249443573,0,0,75.9288888531731,76.2290055515323,3.06679372389028,5.76870020783488,0.895168367765379,1.29648735608361,0,0,32041.6198407763,32236.0697545745,1534.32164879671,2886.05969694941,513.242587426183,740.216659930267,0,0,1231.01905299759,1238.56326495947,59.3704543953335,111.74076894735,20.0126343743965,28.8748961134653,0,0,0,0,2.26364102145011,4.33203060158885,0.896921358238536,1.29677879249759,0,0,0,0,0,0,0,0,0,0,198.855254975773,204.275925836066,31.2776844565463,61.9635470232375,20.0607770362978,30.3071935844388,0,0,7.64022479913519,7.84861085032099,1.19619500707301,2.36903030125332,0.763030725131855,1.15257535584153,0,0,786.525717808223,792.726271185232,79.2422228345909,156.546543443007,57.9973294007272,85.3818488721625,0,0,30.2189484454916,30.4578295660329,3.03566154561762,5.99558933399911,2.21266761549159,3.25704219303933,0,0,0,0,8.57974793566456,17.5117456160855,6.14778834751309,9.10563020171169,0,0,0,0,0,0,0,0,0,0,15.4257270223907,9.03138304375374,8.42540768997743,8.35184353504418
"11",1990,2155,0.833333333333333,9147.13912717984,9118.50512373235,531.844840426155,1005.80585050468,204.294074435427,296.604269553854,0,0,0,0,0,0,0,0,0,0,0,0,0.784114099440865,1.51055922684518,0.36452670924601,0.530481034996706,0,0,0,0,0,0,0,0,0,0,1975.93107940771,1981.68095132546,81.5378116533508,153.409216731906,23.7961496885711,34.5297136332176,0,0,75.9184319190918,76.1393511931901,3.14095331971444,5.91002420036823,0.917000165080463,1.3306461653943,0,0,31980.158356942,32140.709711564,1571.00947862517,2955.869054245,525.433377366924,759.129387747889,0,0,1228.65803791042,1234.89936598782,60.790581042987,114.445156603454,20.4886220444703,29.6138421173186,0,0,0,0,2.32451408174446,4.44936374604075,0.918120750329295,1.32984556792862,0,0,0,0,0,0,0,0,0,0,198.001824706141,203.562641433694,31.961033479199,63.4472961253466,20.4292639667751,31.0015027346365,0,0,7.60743583143328,7.82120529245143,1.22233843563261,2.42576837638977,0.777030095324723,1.17895220348964,0,0,783.624110285811,789.203983049073,80.9912222385766,160.248111232261,59.3258354537956,87.6227019654685,0,0,30.1074689351107,30.3224974487619,3.10265487391876,6.13730974213043,2.26329333263812,3.34242037897167,0,0,0,0,8.79081480267637,17.9617639405455,6.3063127717161,9.3620942183976,0,0,0,0,0,0,0,0,0,0,17.0956412853559,10.015092709467,9.44954043200728,9.38926008013805
"12",1990,2155,0.916666666666667,9136.71049332717,9099.23011588112,542.064824735792,1025.33393530859,207.914204785665,302.400230358102,0,0,0,0,0,0,0,0,0,0,0,0,0.800910143666187,1.54309951373375,0.370921019851602,0.540787342015557,0,0,0,0,0,0,0,0,0,0,1975.68772710111,1979.3860247755,83.4208398513188,157.009417198447,24.3747089348864,35.4361539925397,0,0,75.9090819343104,76.0511764451648,3.21352148806682,6.04878014066587,0.93929622341719,1.36557808473533,0,0,31919.0373076928,32045.9094701759,1607.00524500866,3024.5435794336,537.90659897519,778.47997120566,0,0,1226.3101004795,1231.25697557991,62.1843547005905,117.106440137746,20.9756400262424,30.3699168991539,0,0,0,0,2.38546308360449,4.56702481223965,0.939907766279106,1.36380877486933,0,0,0,0,0,0,0,0,0,0,197.198111583812,202.877028729261,32.655214557366,64.9472568104691,20.8176923460018,31.721788516309,0,0,7.57655703651788,7.79486292618459,1.24889262851112,2.48311948285507,0.791788238013804,1.20631677735886,0,0,780.708029451843,785.68872259654,82.7396960379908,163.965986407682,60.6753026380796,89.9084871289814,0,0,29.9954333310462,30.1874353474564,3.16962470074795,6.27964695961441,2.31471784575448,3.4295095067016,0,0,0,0,9.00778383556469,18.4240586741178,6.46848050804598,9.62482205898823,0,0,0,0,0,0,0,0,0,0,18.7585846376018,10.9954288216821,10.4945319643774,10.4510694782868
"13",1991,2155,1,9123.32448114537,9075.15373250738,554.957468943764,1049.55935221391,211.600627409863,308.352672445313,0,0,0,0,0,0,0,0,0,0,0,0,0.818000023126781,1.57632467644326,0.377440743731878,0.55138473893585,0,0,0,0,0,0,0,0,0,0,1974.97559302169,1976.31321897099,85.7546720571219,161.398785418107,24.9656735125789,36.3695116779924,0,0,75.8817206041562,75.9331143322187,3.30341417944519,6.21786636346336,0.962070408512584,1.40154734727673,0,0,31849.74724195,31937.9080679902,1650.38534402285,3106.19692896869,550.647530401186,798.387466714565,0,0,1223.64831098055,1227.10737482368,63.8620770544642,120.266985526852,21.4731028101627,31.1477513533219,0,0,0,0,2.44721308647925,4.68664608510088,0.962197038405255,1.39880033466041,0,0,0,0,0,0,0,0,0,0,196.356952535774,202.140244958596,33.4175485617914,66.5978327046323,21.2193561753047,32.4812323730093,0,0,7.5442395096812,7.76655448566325,1.27806142347002,2.54624403306619,0.807050066080289,1.23517030597809,0,0,777.588613874978,781.87542169338,84.6675384544215,168.022914333625,62.0426397038891,92.2513887723684,0,0,29.8755854236071,30.0409220495222,3.24348280245256,6.4349997063796,2.36682329196955,3.518774332077,0,0,0,0,9.2302325542159,18.8995377135642,6.63389826134248,9.89502801630044,0,0,0,0,0,0,0,0,0,0,20.4375355391757,11.9396025639133,11.5761573661753,11.5018757850762
"14",1991,2155,1.08333333333333,9109.46968546943,9050.33586070372,568.156399412724,1074.34939960014,215.385676585048,314.46261922308,0,0,0,0,0,0,0,0,0,0,0,0,0.835882641183393,1.61099023929777,0.384115782660058,0.562239017759333,0,0,0,0,0,0,0,0,0,0,1974.2338398258,1973.15778724127,88.1312388662073,165.870012409585,25.5743208672662,37.3320237056021,0,0,75.8532212601814,75.8118775990935,3.39495618587967,6.39011180224128,0.985525721583561,1.43863967401429,0,0,31779.1338273687,31827.8150949107,1694.53268414354,3189.28994282268,563.742799133873,818.859814949862,0,0,1220.93567716171,1222.87741252252,65.5695920463818,123.483501580962,21.9843613936817,31.9476209611735,0,0,0,0,2.51122240487467,4.81042168813157,0.985064137937894,1.43473619215019,0,0,0,0,0,0,0,0,0,0,195.546193620519,201.413447076861,34.2124326722138,68.3088176303903,21.6396197094784,33.2694386623326,0,0,7.51308997567908,7.73862971944924,1.30847587784749,2.61167939338335,0.823019797791359,1.26511773184518,0,0,774.417089708843,778.009343821455,86.6303424145108,172.162454946644,63.433406989655,94.6475022534653,0,0,29.7537354424286,29.8923809758787,3.31868046944572,6.59351535638108,2.4198220684398,3.61006612293464,0,0,0,0,9.45859352872159,19.3877803784331,6.80303903247539,10.1720873695554,0,0,0,0,0,0,0,0,0,0,22.1139450602095,12.8738107637685,12.6843137175742,12.5716468830881
"15",1991,2155,1.16666666666667,9095.75420703253,9025.77159194332,581.08556046618,1098.69453614834,219.268866972201,320.719290446323,0,0,0,0,0,0,0,0,0,0,0,0,0.854369429584275,1.64674688936459,0.390960730844145,0.573350855429571,0,0,0,0,0,0,0,0,0,0,1973.58860419515,1970.10950520035,90.4560986623298,170.258993385293,26.2008035463611,38.3228950905941,0,0,75.8284302754108,75.6947577283626,3.48451784494879,6.55920920843988,1.00966815257062,1.47682456423821,0,0,31708.8850697062,31718.3709109014,1737.83308359422,3270.99792231455,577.189674987944,839.867851335473,0,0,1218.23705154258,1218.67237783357,67.2448732493288,126.647427495483,22.5093210989707,32.768404400781,0,0,0,0,2.57691062293527,4.93727700187048,1.0085471018634,1.47162047286997,0,0,0,0,0,0,0,0,0,0,194.780254744274,200.710998371113,35.0249219998754,70.0481296055658,22.0794860998103,34.0839959182094,0,0,7.48366246487084,7.71164048811643,1.33956156952455,2.67819357811431,0.839735609141115,1.29606737700612,0,0,771.231426721564,774.15017678616,88.5933038804246,176.321584801844,64.8493703444832,97.0959195834038,0,0,29.6313422168716,29.744105428831,3.39388015990545,6.7527722468286,2.47378137587649,3.70335002165117,0,0,0,0,9.69314512339274,19.8889907359826,6.9761118346723,10.4559784840537,0,0,0,0,0,0,0,0,0,0,23.7836118865524,13.8047107296586,13.816939558584,13.6682790411482
"16",1991,2155,1.25,9082.17008351845,9001.45203446393,593.749705996456,1122.60114142937,223.246034411837,327.117545643501,0,0,0,0,0,0,0,0,0,0,0,0,0.873286386485414,1.68329503941663,0.397979937199131,0.584726332066935,0,0,0,0,0,0,0,0,0,0,1973.05861835253,1967.18687735978,92.7339922271146,174.573892368727,26.844846790456,39.3419827801136,0,0,75.8080673718002,75.5824656929513,3.57228022946291,6.72547042729337,1.03448720589127,1.51609661869267,0,0,31638.9894856266,31609.5622746661,1780.29932977051,3351.33724776697,590.975687226437,861.396604288945,0,0,1215.55199295819,1214.49176200361,68.888396816202,129.759367952907,23.0475077947444,33.6095345998838,0,0,0,0,2.64374759423543,5.06629738739905,1.03265592605649,1.50946816270792,0,0,0,0,0,0,0,0,0,0,194.056647670202,200.031887339179,35.851163977848,71.8098019782257,22.5386142776166,34.9250444579835,0,0,7.45586137726987,7.68554792810425,1.37117056694213,2.74555731250978,0.85718450107943,1.32802454174043,0,0,768.031994211578,770.296857071022,90.5572430614217,180.501043772476,66.2912989762958,99.5975289459409,0,0,29.5084199358823,29.59605454634,3.46911312916135,6.91279841108733,2.52873039144801,3.79865967943078,0,0,0,0,9.93399118956063,20.4033821594343,7.15322702067941,10.7468804441945,0,0,0,0,0,0,0,0,0,0,25.4469087515618,14.7324128191739,14.974773127468,14.7923541084142
"17",1991,2155,1.33333333333333,9068.71007374821,8977.36905311566,606.153472506445,1146.07545105404,227.313116858531,333.652345245217,0,0,0,0,0,0,0,0,0,0,0,0,0.892490440409425,1.72038684871046,0.405174276054815,0.596367022181581,0,0,0,0,0,0,0,0,0,0,1972.65934909084,1964.40504173651,94.9692685288893,178.82220408199,27.5062227093768,40.3891902926931,0,0,75.7927268082668,75.4755831196791,3.6584095013933,6.88918182651813,1.05997416688969,1.5564522024545,0,0,31569.4377558391,31501.378172139,1821.94416920924,3430.32439329522,605.088630552259,883.431355292331,0,0,1212.88014338592,1210.33514185326,70.5006377097723,132.819931704394,23.5984571882209,34.4704537681371,0,0,0,0,2.71130049755788,5.19673148163918,1.05739050770675,1.54828117628932,0,0,0,0,0,0,0,0,0,0,193.373119735873,199.375234817662,36.6878732436826,73.5887179958327,23.0166321950241,35.7926435748581,0,0,7.42960016390077,7.66031826052135,1.40317676300703,2.81357404952159,0.875352261911446,1.36099140160281,0,0,764.819280551694,766.448552629388,92.5226647767494,184.701093279674,67.7599253635569,102.153213134698,0,0,29.3849873633231,29.4481963598134,3.5443985308546,7.07360351062695,2.5846968943168,3.8960285396622,0,0,0,0,10.1811523014904,20.9310238083274,7.33449490180777,11.0449728093629,0,0,0,0,0,0,0,0,0,0,27.1041876921137,15.6570229216232,16.1584792867533,15.9444008199731
"18",1991,2155,1.41666666666667,9055.36753631206,8953.51514260512,618.301391592866,1169.12357381616,231.466146340055,340.318742314969,0,0,0,0,0,0,0,0,0,0,0,0,0.911862698433052,1.75781513816132,0.412542225159666,0.608271360781181,0,0,0,0,0,0,0,0,0,0,1972.40359866515,1961.77639580704,97.1659273069109,183.010826133424,28.1847437218854,41.4644621967861,0,0,75.7829004679239,75.3745863394191,3.7430585256792,7.05060703344801,1.08612185472338,1.59788923880218,0,0,31500.2223140931,31393.8093890745,1862.78029713957,3507.97589995268,619.516552247573,905.957627874689,0,0,1210.22121215468,1206.20216335523,72.0820692845397,135.829730522812,24.1617143536313,35.35061299797,0,0,0,0,2.77921210733477,5.32795540354648,1.08274394882753,1.58805253996753,0,0,0,0,0,0,0,0,0,0,192.727615935594,198.74026698003,37.5322340387891,75.380470244428,23.5131503138367,36.6867922117873,0,0,7.40479986995593,7.63592175368878,1.43547211503836,2.88207455024087,0.894223991051117,1.39496780635104,0,0,761.59386614545,762.60462252568,94.489825265197,188.921614920933,69.2559401359676,104.763837323446,0,0,29.2610667989413,29.3005062434566,3.61974598559231,7.23518263027293,2.64170706693207,3.99548936783648,0,0,0,0,10.4345864551086,21.471875063472,7.52002321920656,11.3504322958478,0,0,0,0,0,0,0,0,0,0,28.7557828320413,16.5786432303852,17.3686616115549,17.1249039171658
"19",1991,2155,1.5,9042.13637773895,8929.88337339634,630.197892999801,1191.75149666603,235.7012482269,347.11188171478,0,0,0,0,0,0,0,0,0,0,0,0,0.931305571185071,1.79540865936805,0.420080310870588,0.620435211341592,0,0,0,0,0,0,0,0,0,0,1972.30177278564,1959.31087753175,99.3276326482463,187.146081421405,28.8802591931076,42.567781047771,0,0,75.7789881547962,75.2798571845012,3.8263673823187,7.20998778037292,1.11292449554435,1.64040709443767,0,0,31431.3371614761,31286.8483168557,1902.82034725187,3584.30835949018,634.247755739933,928.96119227733,0,0,1207.5749688102,1202.09253417311,73.6331628994405,138.789378590227,24.7368338693846,36.2494724409773,0,0,0,0,2.84719157339945,5.45945752237314,1.10870388984424,1.6287680939574,0,0,0,0,0,0,0,0,0,0,192.118263552859,198.126303324117,38.3818576912577,77.1812998658134,24.0277686513914,37.6074391923283,0,0,7.38138854435378,7.61233226160052,1.46796500710386,2.95091454082553,0.913784372079845,1.4299516751439,0,0,758.356409815271,758.764598690296,96.458763750737,193.162157455054,70.7799881501468,107.430241427124,0,0,29.1366835553938,29.1529662132664,3.69515679498639,7.39751808700944,2.69978534376989,4.09707395833524,0,0,0,0,10.6941982039229,22.0258006868219,7.70991590627458,11.6634311129499,0,0,0,0,0,0,0,0,0,0,30.4020113681951,17.497372541201,18.605867659172,18.3343082295579
"20",1991,2155,1.58333333333333,9029.01098369157,8906.46732009147,641.847310455154,1213.96509276688,240.014637552661,354.026996329561,0,0,0,0,0,0,0,0,0,0,0,0,0.950739118370995,1.8330260694265,0.427783654616869,0.63285256207621,0,0,0,0,0,0,0,0,0,0,1972.36222330433,1957.01632193728,101.457738713233,191.233761639133,29.5926513880054,43.6991638760953,0,0,75.781310760395,75.1916966891791,3.90846434172074,7.36754555473713,1.14037756979871,1.68400644795785,0,0,31362.7776316581,31180.4887087617,1942.07688223226,3659.33839451181,649.270796188155,952.428062357006,0,0,1204.9412340957,1198.00601429677,75.154387548621,141.69949173273,25.3233796589296,37.166501198822,0,0,0,0,2.91500272124001,5.59081910216138,1.13525415721314,1.67040859011513,0,0,0,0,0,0,0,0,0,0,191.543350978934,197.532741623613,39.2347264256829,78.9880151015257,24.5600841916347,38.5544949510547,0,0,7.35930042592251,7.58952664573562,1.50057808603703,3.01997157303297,0.934017960497947,1.4659394497527,0,0,755.107632992743,754.928162636905,98.4293408375466,197.421994039174,72.3326657200671,110.153232920335,0,0,29.0118653508283,29.0055640324716,3.77062541770698,7.5605816323985,2.75895430409164,4.20081285882587,0,0,0,0,10.9598498739409,22.5925895586599,7.90427182346609,11.9841352622189,0,0,0,0,0,0,0,0,0,0,32.0431750933693,18.4133066618636,19.8705959962101,19.5730240119207
"21",1991,2155,1.66666666666667,9015.98615108352,8883.2609908178,653.253887015267,1235.77012886235,244.402615652945,361.059403657604,0,0,0,0,0,0,0,0,0,0,0,0,0.970097594505007,1.87055021571371,0.435646459804976,0.645516149143427,0,0,0,0,0,0,0,0,0,0,1972.59158590614,1954.89881234427,103.55931637182,195.279172240878,30.3218311915907,44.8586583310495,0,0,75.7901232383458,75.1103385843594,3.98946687496023,7.52348330528933,1.16847765045061,1.7286891449778,0,0,31294.5401597358,31074.7254401767,1980.5623830222,3733.08263682402,664.574476930608,976.344493534043,0,0,1202.31987107083,1193.94240682924,76.6462094442448,144.560686587585,25.9209248643858,38.1011772534113,0,0,0,0,2.98245304126002,5.72169602136049,1.1623762118912,1.71295154470566,0,0,0,0,0,0,0,0,0,0,191.001306974833,196.959043410948,40.0891375712391,80.7979099210145,25.1096977669846,39.5278428530589,0,0,7.33847514662001,7.56748421728714,1.53324611333474,3.08914188887229,0.954909451002064,1.50292653183215,0,0,751.848304003331,751.095122213826,100.401276259154,201.700178934056,73.9145183615841,112.933580077912,0,0,28.8866417050925,28.8582923182832,3.84614092050368,7.72433663429426,2.81923458464708,4.30673511114158,0,0,0,0,11.2313721161477,23.1719723854087,8.10318368270399,12.3127030595102,0,0,0,0,0,0,0,0,0,0,33.6795618859891,19.3265387977722,21.163303235852,20.841432298328
"22",1991,2155,1.75,9003.05704348973,8860.25878085695,664.421778487387,1257.17226984367,248.861567808677,368.204503496799,0,0,0,0,0,0,0,0,0,0,0,0,0.989327429120524,1.90788476009748,0.443662246292814,0.658417761877689,0,0,0,0,0,0,0,0,0,0,1972.99499907346,1952.96290773751,105.635173043259,199.287165880345,31.0677348760128,46.0463395339004,0,0,75.8056230173605,75.0359580335284,4.06948240704409,7.67798671201995,1.19722228035884,1.77445807922372,0,0,31226.6221330975,30969.5543542427,2018.28924114893,3805.55771162121,680.147846502961,1000.69698104937,0,0,1199.71077938188,1189.9015520564,78.1090917175505,147.373579993753,26.5290517402302,39.0529874074891,0,0,0,0,3.04938733254259,5.85180811074687,1.1900498129144,1.7563721031594,0,0,0,0,0,0,0,0,0,0,190.490687123188,196.404725025763,40.9436666934663,82.6087094549788,25.6762177247739,40.5273460541099,0,0,7.31885721099872,7.54618639323023,1.56591454650195,3.15833831940619,0.97644382001544,1.54090754775685,0,0,748.579227960763,747.265396076956,102.374172850089,205.995584120177,75.5260404048667,115.772008546044,0,0,28.7610435514693,28.711147945319,3.92168789918576,7.88873948500731,2.88064486457337,4.41486812026895,0,0,0,0,11.5085699187605,23.7636319375766,8.30673767053962,12.6492845599747,0,0,0,0,0,0,0,0,0,0,35.3114467099032,20.2371597834814,22.4844087859804,22.139888505419
"23",1991,2155,1.83333333333333,8990.21914691598,8837.45542674398,675.355056768326,1278.17708310332,253.387960796645,375.457775542826,0,0,0,0,0,0,0,0,0,0,0,0,1.00838520946227,1.94495081103107,0.451824089634114,0.671548552727163,0,0,0,0,0,0,0,0,0,0,1973.57632065725,1951.21186720711,107.68787345699,203.262177532916,31.8303210062426,47.2623071296777,0,0,75.8279583222412,74.9686802561404,4.14860910556565,7.83122552076102,1.22660985492459,1.82131708119169,0,0,31159.0217440584,30864.9721096658,2055.26975074477,3876.78022091125,695.980195346854,1025.47225793837,0,0,1197.11388960006,1185.88332159945,79.5434941074807,150.138788352662,27.1473515355773,40.021427214824,0,0,0,0,3.11568134410396,5.98092850166813,1.21825370429366,1.80064392961168,0,0,0,0,0,0,0,0,0,0,190.010160314411,195.869348811759,41.7971308749554,84.4185155165762,26.259263360093,41.5528541010148,0,0,7.30039547698849,7.52561635809072,1.5985381260373,3.22748818681682,0.998606459312782,1.57987660355616,0,0,745.301236917132,743.438998353798,104.347540118088,210.306935337312,77.1676747839517,118.669198103684,0,0,28.6351028582373,28.5641314563708,3.99724738426319,8.0537409873333,2.94320185712601,4.52523753071262,0,0,0,0,11.7912286081358,24.3672132607555,8.51501306101128,12.9940209721511,0,0,0,0,0,0,0,0,0,0,36.9390926209139,21.1452583108999,23.8342995872248,23.4687260253779
"24",1991,2155,1.91666666666667,8977.46822751115,8814.84596241048,686.057713052504,1298.79004264408,257.97834043611,382.8147770056,0,0,0,0,0,0,0,0,0,0,0,0,1.02723578817157,1.98168375962552,0.460124838307305,0.68489931906641,0,0,0,0,0,0,0,0,0,0,1974.33833395925,1949.64786327113,109.719760448037,207.208259729393,32.6095674618234,48.5066824372131,0,0,75.8572360918922,74.908588723813,4.22693667097956,7.98335488252529,1.25663950907468,1.86927081043262,0,0,31091.737849886,30760.9760363674,2091.5161007152,3946.76672703104,712.061052274908,1050.65729278987,0,0,1194.52915784362,1181.8876128688,80.9498726545624,152.856926991851,27.7754243674701,41.0060009025587,0,0,0,0,3.18123582109162,6.10887363859622,1.24696623607032,1.84574001217764,0,0,0,0,0,0,0,0,0,0,189.558495779793,195.35251485802,42.6485535283483,86.2257541773422,26.8584679080031,42.6042089969927,0,0,7.28304265769322,7.50575874663364,1.63107952147474,3.29653128573736,1.021383292639,1.61982751922658,0,0,742.015180603654,739.616023957993,106.320816466963,214.632846194406,78.8398131660045,121.625779886986,0,0,28.508852272924,28.4172464981648,4.0727976946507,8.21928766625305,3.00692031453361,4.6378671207416,0,0,0,0,12.079119439114,24.9823332168588,8.7280819017106,13.3470441649611,0,0,0,0,0,0,0,0,0,0,38.5627517449131,22.0509211429446,25.213334675683,24.8282596813029
"25",1992,2155,2,8964.52731959505,8791.89551334843,696.894973068011,1319.61999186137,262.623866690935,390.259302104856,0,0,0,0,0,0,0,0,0,0,0,0,1.04584600626893,2.01801042062751,0.468547065956722,0.698438937309622,0,0,0,0,0,0,0,0,0,0,1975.22318844204,1948.17019423398,111.792196442307,211.22688558243,33.4047818414164,49.7781073488538,0,0,75.8912336161533,74.8518143163627,4.30682239771207,8.13827280836079,1.28728454091532,1.91826690606678,0,0,31023.8336733938,30655.9472509867,2127.98813852994,4017.09934298394,728.365061656686,1076.206711558,0,0,1191.92059360224,1177.85222569045,82.3650867042202,155.58874470797,28.4122890245903,42.0049494915905,0,0,0,0,3.24595484832962,6.23542880189494,1.27613811545139,1.89157447311292,0,0,0,0,0,0,0,0,0,0,189.123027049573,194.833847879833,43.5019732738077,88.034312641753,27.4710977029828,43.6758198945431,0,0,7.26631209409479,7.48583070756651,1.66369459468255,3.36561881341372,1.04467024021161,1.66054756292058,0,0,738.699692938807,735.759746148192,108.312798587445,219.002987486605,80.5410656052912,124.638482062813,0,0,28.3814708926037,28.2690819697628,4.14906106323875,8.38651977492958,3.07174703762448,4.75263183498341,0,0,0,0,12.3718723086973,25.6081958036982,8.94581731908118,13.7080545663038,0,0,0,0,0,0,0,0,0,0,40.1890345165774,22.9636147229193,26.6274855484371,26.2334382663238
"26",1992,2155,2.08333333333333,8949.36375696818,8764.64732338252,710.559038220214,1345.16637304171,267.299471459368,397.721663210623,0,0,0,0,0,0,0,0,0,0,0,0,1.06468575476889,2.054628462461,0.477009082065597,0.711995139266579,0,0,0,0,0,0,0,0,0,0,1975.7580605932,1945.98741945702,114.340703897924,216.037098366802,34.2130136690269,51.0678416720113,0,0,75.911784259552,74.7679486188054,4.40500229772104,8.32360922094621,1.31843094473385,1.967968187802,0,0,30948.2983051497,30537.7796791077,2171.75502978264,4099.45830815803,744.81769071528,1101.92140429346,0,0,1189.0188410705,1173.31202468662,84.0607307097245,158.782947903733,29.0550110008103,43.0104670947427,0,0,0,0,3.31112303802322,6.36244293116173,1.30554382157678,1.93767637152128,0,0,0,0,0,0,0,0,0,0,188.618066719486,194.166090852563,44.4029758823442,89.8996206906047,28.079765503571,44.727965246229,0,0,7.24691158322194,7.46017438864229,1.69813858521878,3.43689209377066,1.06780618868753,1.70052663349663,0,0,735.189823799191,731.593656747127,110.468128290018,223.64784008811,82.2587058904697,127.677495796138,0,0,28.2466211921236,28.1090139788922,4.2315959053567,8.56429656241402,3.1371969430785,4.8683954598691,0,0,0,0,12.6682818012619,26.2414082128984,9.16674674542645,14.0738064776031,0,0,0,0,0,0,0,0,0,0,41.8656420461924,23.9535541108092,28.1201310321641,27.7963814370657
"27",1992,2155,2.16666666666667,8934.32977210075,8737.66509396983,723.933755881422,1370.22654162641,272.065082540414,405.319546559468,0,0,0,0,0,0,0,0,0,0,0,0,1.08409335085193,2.09221592348836,0.485607109625827,0.72576448513588,0,0,0,0,0,0,0,0,0,0,1976.44537189115,1943.96257533887,116.851625286783,220.791082460465,35.0422170231751,52.3913260274007,0,0,75.9381918587464,74.6901508697176,4.5017436837703,8.50679566840493,1.35038511317844,2.01896952660776,0,0,30873.1703253459,30420.36069165,2214.64590797349,4180.34714417741,761.581953951874,1128.12149788325,0,0,1186.13273861748,1168.80058559326,85.7229667191228,161.921191061891,29.7099358792901,44.0350319485631,0,0,0,0,3.37770733866762,6.49186123234152,1.33544336888851,1.98457498917049,0,0,0,0,0,0,0,0,0,0,188.143163021971,193.523038086071,45.3159686366518,91.7880458073203,28.7057764477404,45.8087258880591,0,0,7.2286658768852,7.43546724736894,1.73303953368399,3.50904510289724,1.09160148431591,1.74159295230549,0,0,731.677110271332,727.433984769552,112.620250293075,228.299228640939,84.0083767445716,130.776260825291,0,0,28.1116621886463,27.9491925568886,4.3140019095643,8.74231078784955,3.20386674453114,4.98643327316409,0,0,0,0,12.9696070833942,26.8855254140635,9.39257838913951,14.4480139961765,0,0,0,0,0,0,0,0,0,0,43.5379014714891,24.9401580903534,29.6446695017394,29.3941890192547
"28",1992,2155,2.25,8919.41885670317,8710.94131377707,737.024155230215,1394.80745694689,276.916308930967,413.047391324605,0,0,0,0,0,0,0,0,0,0,0,0,1.10389539076689,2.13048158888439,0.494348287423113,0.739756007270454,0,0,0,0,0,0,0,0,0,0,1977.29575183042,1942.10560194111,119.328902086348,225.495533882867,35.8922915921192,53.7486632435369,0,0,75.9708648159145,74.6188029821611,4.59719713199204,8.68808800148168,1.3831432664238,2.07127498116313,0,0,30798.4432084228,30303.6814853952,2256.67471346077,4259.78494425166,778.645394048168,1154.79155362762,0,0,1183.26203555429,1164.3175701754,87.3523156733026,165.004183076141,30.3765884112463,45.0780567978717,0,0,0,0,3.44521807829623,6.62286553403408,1.36585475230145,2.03229330883246,0,0,0,0,0,0,0,0,0,0,187.696996524185,192.903826330945,46.2380785638226,93.6948540680585,29.3491053223971,46.9182432188184,0,0,7.21152428143944,7.41167611630373,1.76828709855388,3.58189603224851,1.11605520256148,1.7837519375985,0,0,728.161664813948,723.280463492415,114.769568044865,232.95756730299,85.7903537452784,133.935339967635,0,0,27.9765982031728,27.7896074558035,4.39629450435001,8.9205781791647,3.27176675605665,5.10676641670385,0,0,0,0,13.2759335565269,27.5406813516854,9.62337200568499,14.8307889957783,0,0,0,0,0,0,0,0,0,0,45.2060736488961,25.9235501537436,31.2017208590926,31.0274839674502
"29",1992,2155,2.33333333333333,8904.62500739099,8684.4690021728,749.835150552178,1418.91593839669,281.84886336449,420.899741694405,0,0,0,0,0,0,0,0,0,0,0,0,1.12394896391274,2.16918408419938,0.503235804805128,0.753973747548549,0,0,0,0,0,0,0,0,0,0,1978.31768659715,1940.4242725104,121.776132043071,230.156566307775,36.7631593650274,55.1399730191889,0,0,76.010129183899,74.5542036167029,4.69150012551709,8.86771988073253,1.41670246439247,2.12488923812632,0,0,30724.1118116064,30187.7346621641,2297.85531422149,4337.79082905317,795.995830096403,1181.9164132607,0,0,1180.40653431836,1159.86269418201,88.9492961147131,168.032634393867,31.0545036331436,46.1389647343743,0,0,0,0,3.51325476351882,6.75478286022012,1.39678502084919,2.08084062593675,0,0,0,0,0,0,0,0,0,0,187.278372985166,192.307682478366,47.1668654952342,95.615987425684,30.0096825745487,48.0566003204962,0,0,7.19544091324347,7.38877129135072,1.80378760512545,3.65528910659526,1.14116470400029,1.82700675619973,0,0,724.643707451448,719.132967899282,116.916260866735,237.622904461077,87.6049038032135,137.155288598814,0,0,27.841437689456,27.6302538722874,4.47848051449043,9.09910042616534,3.34090696850332,5.229415756643,0,0,0,0,13.5872707851412,28.2068833587563,9.85918909673527,15.2222452216307,0,0,0,0,0,0,0,0,0,0,46.8704082940791,26.9038496398284,32.7918547423645,32.6968442527298
"30",1992,2155,2.41666666666667,8889.9426659805,8658.24164763952,762.371545647824,1442.55867167904,286.858560485672,428.871245081577,0,0,0,0,0,0,0,0,0,0,0,0,1.14413657667846,2.20812377484241,0.512269865864531,0.768417947294516,0,0,0,0,0,0,0,0,0,0,1979.5178226697,1938.92450689582,124.196593108935,234.779751359553,37.6547632914362,56.565391950383,0,0,76.0562403310268,74.4965802234114,4.78477796195505,9.04590430540778,1.45106055831231,2.17981761668256,0,0,30650.1721670327,30072.5140152857,2338.20148926188,4414.38391814495,813.621359446271,1209.4812024124,0,0,1177.56608248687,1155.43571914179,90.5144235537501,171.007255928807,31.74322694243,47.217189331958,0,0,0,0,3.58149079371835,6.88706110827632,1.42823309278381,2.13021599539557,0,0,0,0,0,0,0,0,0,0,186.886208076588,191.733910316964,48.1002679277572,97.5479842422696,30.6874046645874,49.2238335427522,0,0,7.18037411161029,7.36672602293822,1.83946195620712,3.72909151619747,1.16692603560565,1.8713587727125,0,0,721.123548407067,714.991494542957,119.060322275587,242.294981290345,89.4522778227084,140.436644761469,0,0,27.706192566754,27.4711316738782,4.56055963655452,9.27786743597557,3.41129676715357,5.35440150349062,0,0,0,0,13.9035675572553,28.8840362474702,10.100090349512,15.6224950643126,0,0,0,0,0,0,0,0,0,0,48.5311448909096,27.881172106718,34.415596654377,34.4028084881185
"31",1992,2155,2.5,8875.36664923253,8632.25313476255,774.638042804844,1465.74222050977,291.941310363284,436.956645428184,0,0,0,0,0,0,0,0,0,0,0,0,1.16436099977252,2.24713446173815,0.521448541920426,0.783086108755428,0,0,0,0,0,0,0,0,0,0,1980.90130093716,1937.61071410072,126.593279212558,239.370178890999,38.5670648874133,58.0250723922624,0,0,76.1093957784786,74.4461022032468,4.8771451127542,9.22283590535698,1.48621610187738,2.23606602846019,0,0,30576.6212569503,29958.0142991729,2377.72692002313,4489.58330796338,831.510345577053,1237.4713192115,0,0,1174.74056413993,1151.03644350985,92.0482101230307,173.928758198664,32.4423136502676,48.3121742295097,0,0,0,0,3.64965813127773,7.01924442314426,1.46019219155205,2.18041123912452,0,0,0,0,0,0,0,0,0,0,186.519509853083,191.181876303985,49.0365405777753,99.4878852697761,31.3821438930136,50.4199441060523,0,0,7.16628576529507,7.34551596932387,1.87524322470239,3.80318979121431,1.19333431127177,1.91680799872676,0,0,717.601569590803,710.856139214106,121.201599949036,246.973294259263,91.3327056930851,143.77992198328,0,0,27.5708775085843,27.3122445409941,4.6425259761812,9.4568597377754,3.48294473879939,5.481742936076,0,0,0,0,14.2247263992902,29.5719658513802,10.3461338105914,16.0316472469666,0,0,0,0,0,0,0,0,0,0,50.1885139231846,28.8556298124713,36.073435193327,36.145882540796
"32",1992,2155,2.58333333333333,8860.89211474643,8606.49770901212,786.639244923236,1488.47302970271,297.093117692905,445.150782386162,0,0,0,0,0,0,0,0,0,0,0,0,1.18454274815545,2.28607931293824,0.530768180024496,0.797973506235922,0,0,0,0,0,0,0,0,0,0,1982.47192783368,1936.48596879213,128.968915619805,243.932482582544,39.5000427822257,59.5191815649727,0,0,76.1697417755412,74.4028876898328,4.96870580598151,9.39869191278856,1.52216829708429,2.29364094513845,0,0,30503.4568967247,29844.2311091452,2416.44518004502,4563.40805438529,849.651419807102,1265.87243699953,0,0,1171.92989536567,1146.66469805033,93.5511641832127,176.797850662583,33.1513290492591,49.4233732348852,0,0,0,0,3.71753982415273,7.15096115983954,1.49265099433358,2.23141237245224,0,0,0,0,0,0,0,0,0,0,186.177370422093,190.651002539676,49.9742231258518,101.433186932956,32.0937538345494,51.6449045516962,0,0,7.15314099243942,7.32511892665945,1.91107544880287,3.87748800036035,1.2203839221102,1.96335334246178,0,0,714.078214500636,706.7270851162,123.33981726401,251.657128817228,93.2463927289863,147.185604006882,0,0,27.4355095547215,27.1535995125949,4.7243688768172,9.63604977955008,3.55585853524496,5.61145819976123,0,0,0,0,14.5506109405043,30.2704309577393,10.5973738665664,16.4498054863367,0,0,0,0,0,0,0,0,0,0,51.8427373716804,29.8273319044356,37.7658257181597,37.9265429323514
"33",1992,2155,2.66666666666667,8846.51451619705,8580.96993047598,798.379660238805,1510.75743123258,302.310078319273,453.44858776393,0,0,0,0,0,0,0,0,0,0,0,0,1.2046168964521,2.32484571361987,0.540223903643618,0.813073811900877,0,0,0,0,0,0,0,0,0,0,1984.23238976735,1935.55223060832,131.325983394271,248.47088119529,40.4536911080912,61.0479007956001,0,0,76.2373815383094,74.3670119756053,5.05955495623096,9.57363373138293,1.55891693434743,2.35254937164216,0,0,30430.677590338,29731.1607338902,2454.36972645338,4635.87715439738,868.033475643795,1294.670499481,0,0,1169.13401870845,1142.32034016774,95.0237899887298,179.615241010721,33.8698482069768,50.5502501492625,0,0,0,0,3.78496057212884,7.28190867715882,1.52559504725282,2.28320135784353,0,0,0,0,0,0,0,0,0,0,185.858954910165,190.140757889745,50.9120996448819,103.381779870681,32.8220754587215,52.8986661211764,0,0,7.14090771664305,7.30551448790142,1.94691206832883,3.95190538165577,1.24806877342866,2.01099289440798,0,0,710.553976192667,702.604588365223,125.474599110141,256.345600111789,95.1935165223967,150.654139958892,0,0,27.3001076490009,26.995206429058,4.80607391250416,9.81540349450406,3.6300447523773,5.74356412127954,0,0,0,0,14.8810548934223,30.979137932251,10.8538601903283,16.8770671265347,0,0,0,0,0,0,0,0,0,0,53.4940294701377,30.7963847040412,39.4931950881647,39.7452411964609
"34",1992,2155,2.75,8832.22956308625,8555.66463227284,809.863706296804,1532.60164928672,307.588376288139,461.84508257376,0,0,0,0,0,0,0,0,0,0,0,0,1.22453035649723,2.36334084241863,0.549810009040744,0.828379594351949,0,0,0,0,0,0,0,0,0,0,1986.18444548198,1934.81054077139,133.66674242009,252.989217308551,41.4280177636866,62.6114244427033,0,0,76.312382640533,74.3385150659827,5.14977904005031,9.74780840993853,1.5964623275186,2.41279880687097,0,0,30358.282400993,29618.8000235556,2491.51389129198,4707.00952799051,886.645664168497,1323.85171706405,0,0,1166.35289819749,1138.00324883881,96.4665873486565,182.381634464061,34.5974557984762,51.6922786360545,0,0,0,0,3.85177871130867,7.41184035523169,1.55900786649062,2.3357574782399,0,0,0,0,0,0,0,0,0,0,185.56349168472,189.650650246049,51.8491618237668,105.331892807407,33.5669423701824,54.1811652515309,0,0,7.12955629127195,7.28668374545414,1.98271450786888,4.02637417945322,1.27638248754197,2.05972417861775,0,0,707.029386354883,698.488964747794,127.605494947179,261.037689771198,97.174224493971,154.185940290289,0,0,27.164692219525,26.8370774234034,4.88762377441394,9.99488171575227,3.70550883631291,5.87807605348187,0,0,0,0,15.2158696663949,31.6977531964082,11.1156369746774,17.3135221156083,0,0,0,0,0,0,0,0,0,0,55.1425973748207,31.7628919498475,41.2559459976504,41.6024078755326
"35",1992,2155,2.83333333333333,8818.03319308104,8530.5768919609,821.095712721234,1554.01180367471,312.924281632868,470.335374877408,0,0,0,0,0,0,0,0,0,0,0,0,1.24424017520298,2.40148888020564,0.559520174466112,0.843882585677181,0,0,0,0,0,0,0,0,0,0,1988.32905630769,1934.26115487701,135.993248783814,257.490986511653,42.4230429179238,64.2099587293232,0,0,76.3947820180526,74.3174067813596,5.23945675722824,9.92134975338425,1.63480525751988,2.47439720020274,0,0,30286.2708640745,29507.1463013217,2527.89087538372,4776.82400489695,905.477390146672,1353.40256381052,0,0,1163.58651600283,1133.71332121497,97.8800513853362,185.097733260332,35.3337459651424,52.8489421118853,0,0,0,0,3.91788126222939,7.54055750010419,1.59287149594854,2.38905804375284,0,0,0,0,0,0,0,0,0,0,185.290265760555,189.18022150449,52.7845835051515,107.282053146462,34.3281840085621,55.4923277699445,0,0,7.11905924612853,7.26860909821265,2.01845119639783,4.10083812676004,1.30531852751413,2.10954431481849,0,0,703.505007863332,694.380580550096,129.731994111396,265.73227082528,99.1886328503551,157.781374615747,0,0,27.0292848926654,26.6792265689265,4.96899885900657,10.1744411342516,3.78225504366754,6.01500779308602,0,0,0,0,15.5548489961873,32.4259109261542,11.3827426452186,17.7592525838562,0,0,0,0,0,0,0,0,0,0,56.7886416302999,32.7269549566987,43.0544600167165,43.498455329875
"36",1992,2155,2.91666666666667,8803.92154420619,8505.70200286166,832.079924009153,1574.99391320047,318.31414803626,478.914657509096,0,0,0,0,0,0,0,0,0,0,0,0,1.26371179048396,2.43922815626881,0.569347683449992,0.859573964639237,0,0,0,0,0,0,0,0,0,0,1990.66651673304,1933.90367567761,138.307372913104,261.979367973848,43.438797650593,65.8437207930154,0,0,76.4845909855893,74.3036718588491,5.32865972108522,10.0943794866082,1.67394692121895,2.5373529163126,0,0,30214.6428999848,29396.1972750851,2563.51374200316,4845.3393107813,924.518307789101,1383.30977404818,0,0,1160.83486908644,1129.4504692291,99.2646722852543,187.76423611835,36.0783221606284,54.0197336251085,0,0,0,0,3.98317884038185,7.66790104382013,1.62716711390914,2.44307915430937,0,0,0,0,0,0,0,0,0,0,185.038612136257,188.72904252359,53.7176949820137,109.231047130711,35.1056287718274,56.8320729818909,0,0,7.109391031429,7.2512740578628,2.05409657747838,4.17525091072104,1.33487031804784,2.16045017653434,0,0,699.981427398668,690.27984342438,131.853541088735,270.428132582881,101.236825594936,161.440769604497,0,0,26.8939082093852,26.5216695282744,5.05017785493915,10.3540352551006,3.86028640388218,6.15437150044325,0,0,0,0,15.8977737020359,33.1632209347669,11.6552095386728,18.2143323822126,0,0,0,0,0,0,0,0,0,0,58.432356645403,33.6886727776884,44.8891006590405,45.4337805730417
"37",1993,2155,3,8788.56003320311,8479.15743750742,843.73331488863,1597.12256721249,323.778420799,487.64701563973,0,0,0,0,0,0,0,0,0,0,0,0,1.2830001152015,2.47674155208401,0.579326245157403,0.875565269708553,0,0,0,0,0,0,0,0,0,0,1993.03717071755,1933.49328593734,140.767649651575,266.723141104684,44.4788063378432,67.5227316104316,0,0,76.5756753027511,74.2879040287451,5.42347966121343,10.277226622544,1.7140230887639,2.60205206258851,0,0,30140.7947176123,29282.0231945267,2600.83946624234,4916.75631741639,943.828045675248,1413.75951439123,0,0,1157.9979194238,1125.06370542878,100.714866927999,190.542646295032,36.8335161648032,55.2119316677256,0,0,0,0,4.04784964352499,7.79445564126439,1.66199218689762,2.49814077847987,0,0,0,0,0,0,0,0,0,0,184.799350746417,188.294080336864,54.678078198848,111.255399629597,35.9090712494268,58.2320800936411,0,0,7.10019893200309,7.2345620931827,2.09078533183752,4.25254407833271,1.36541025730938,2.21364599308956,0,0,696.414923034723,686.116111163156,134.023266516563,275.22379592214,103.326236159059,165.187525970642,0,0,26.7568823343917,26.361692113424,5.13320155281766,10.5374468165775,3.93988619325238,6.29705892255838,0,0,0,0,16.2449884178566,33.9116208629718,11.9339024292374,18.6814060687466,0,0,0,0,0,0,0,0,0,0,60.0540842698832,34.6083356640935,46.7375864572676,47.3263690738227
"38",1993,2155,3.08333333333333,8769.94710986465,8448.13352753713,857.392367877803,1622.70100137693,329.371318628547,496.660462018825,0,0,0,0,0,0,0,0,0,0,0,0,1.3027477305162,2.51524061684085,0.5895179816853,0.892043331816506,0,0,0,0,0,0,0,0,0,0,1995.23512974754,1932.69426583598,143.604889622093,272.116369780974,45.5539136679094,69.269847764193,0,0,76.6601244035919,74.2572043986827,5.53278946368582,10.4850413783305,1.75545104368502,2.66937459807496,0,0,30060.801165689,29158.7368692365,2643.46676188817,4997.2496928925,963.560873078475,1445.11992862701,0,0,1154.92486208865,1120.32683430564,102.368995550004,193.670471267441,37.6053190046156,56.4398797574625,0,0,0,0,4.11374532084632,7.92372423500961,1.69752737640088,2.55478256669866,0,0,0,0,0,0,0,0,0,0,184.558207379061,187.868187202816,55.7186225431513,113.481236028174,36.7530965123057,59.7387352382149,0,0,7.09093450713148,7.21819857675621,2.13054682069634,4.33755134628559,1.39749320517875,2.27089550976978,0,0,692.736319399127,681.782243804239,136.322479753111,280.274815776446,105.470372802748,169.063380878929,0,0,26.6155494868681,26.1951778335601,5.22119287085977,10.7306472485163,4.02156950718696,6.44466067231475,0,0,0,0,16.5972904643924,34.6746349226802,12.2201558840497,19.1646322712451,0,0,0,0,0,0,0,0,0,0,61.6239085512707,35.4260588767247,48.5666937746639,49.0506508472056
"39",1993,2155,3.16666666666667,8751.42884226605,8417.3609773623,870.741953763984,1647.7533894538,335.040571863361,505.793226344111,0,0,0,0,0,0,0,0,0,0,0,0,1.32290984784628,2.55441341100078,0.599830089770847,0.908718620187886,0,0,0,0,0,0,0,0,0,0,1997.68033904676,1932.13709497865,146.423403575189,277.489722532985,46.6583295706473,71.0650137803771,0,0,76.7540732551716,74.2357970033336,5.64138567723938,10.6921034366696,1.7980075828494,2.73854754043734,0,0,29981.2102485497,29036.2325067029,2685.20772561708,5076.23771175608,983.564366505242,1476.92328855358,0,0,1151.86727237475,1115.62000753791,103.989262344582,196.740883013172,38.3877783855946,57.6853095258736,0,0,0,0,4.18070867960006,8.05469663040687,1.73350877849799,2.61218407008054,0,0,0,0,0,0,0,0,0,0,184.336042817055,187.456507249419,56.7664148773996,115.717158987567,37.6130392021895,61.2724468923174,0,0,7.08239926998285,7.20238115363284,2.17058494560841,4.42294199140329,1.4301815473551,2.32917347744252,0,0,689.055849598779,677.456877703671,138.61662910943,285.333173962665,107.65207033903,173.014231870894,0,0,26.4741449205858,26.0289901867862,5.30898362241849,10.9241133717256,4.10468175121526,6.59511403260881,0,0,0,0,16.9533864053341,35.4466619881501,12.5119433020654,19.6577653952333,0,0,0,0,0,0,0,0,0,0,63.1917638950938,36.2419612775044,50.4342795134621,50.8133676728168
"40",1993,2155,3.25,8733.00128291449,8386.83481780345,883.787295036857,1672.28702795995,340.781640436241,515.039447776645,0,0,0,0,0,0,0,0,0,0,0,0,1.34333315983923,2.59400624577237,0.610267040000813,0.925596193038331,0,0,0,0,0,0,0,0,0,0,2000.37056627161,1931.81875885009,149.225898344728,282.847667952292,47.7917176706413,72.9081059368089,0,0,76.8574360872788,74.2235660202006,5.7493716162816,10.8985834116487,1.84167989872902,2.8095663116175,0,0,29902.0237428961,28914.5090786009,2726.07711467835,5153.74129755796,1003.82658893388,1509.15465553619,0,0,1148.82521856598,1110.94318561483,105.576220414749,199.754661493404,39.1804375681721,58.9476510229166,0,0,0,0,4.24831193226101,8.18667255826532,1.7699504555063,2.67036229895639,0,0,0,0,0,0,0,0,0,0,184.13262591708,187.059168818433,57.8196381905124,117.960778582163,38.4894369278173,62.8342716681747,0,0,7.07458434001952,7.18711475490555,2.21082987239435,4.50862409125548,1.46349588315142,2.38852028189868,0,0,685.374016006316,673.140180625868,140.905720904393,290.398021837629,109.871184862679,177.039913443095,0,0,26.3326879373787,25.8631356188696,5.39657417238471,11.1178128877752,4.18921732335167,6.74841251353708,0,0,0,0,17.3133280342523,36.2277534727548,12.8092923722859,20.1608755927388,0,0,0,0,0,0,0,0,0,0,64.7578106115509,37.056104929342,52.3408361990542,52.6149315843248
"41",1993,2155,3.33333333333333,8714.66066847612,8356.55028043014,896.533497250094,1696.30906999006,346.590084186741,524.393362648796,0,0,0,0,0,0,0,0,0,0,0,0,1.36389170552461,2.6338094427987,0.62082990279522,0.942676897832388,0,0,0,0,0,0,0,0,0,0,2003.30313709211,1931.73582330149,152.014840070081,288.194273570229,48.9538005261029,74.7990623092683,0,0,76.9701101478799,74.2203795037956,5.85684143351598,11.1046366412829,1.88645742571696,2.88242868086176,0,0,29823.2436271666,28793.5657558362,2766.08955802815,5229.78129621492,1024.33586216297,1541.79935116948,0,0,1145.79877669631,1106.29633668041,107.130418313329,202.712584191342,39.9828494416189,60.2263438804137,0,0,0,0,4.3162062142129,8.31907767222229,1.80685676688446,2.72932238584191,0,0,0,0,0,0,0,0,0,0,183.947731160624,186.676278663406,58.8767606832178,120.210085921902,39.3827220073949,64.4251274899966,0,0,7.06748105279551,7.1724034822138,2.25122276823423,4.59452044398669,1.49745277239497,2.4489709973606,0,0,681.6913653194,668.83239009669,143.189621741481,295.468340928239,112.127600895091,181.140308097098,0,0,26.1911995420864,25.6976232559253,5.48395951608852,11.3117069665235,4.27517171794128,6.90455146980461,0,0,0,0,17.6771007274581,37.0178523094591,13.1122319183549,20.6740336004067,0,0,0,0,0,0,0,0,0,0,66.3222070917237,37.8685524283762,54.2868381003218,54.4557466153341
"42",1993,2155,3.41666666666667,8696.40339440768,8326.50277165259,908.985554696761,1719.8265327641,352.461560073186,533.8493020654,0,0,0,0,0,0,0,0,0,0,0,0,1.38448176190928,2.67364929816641,0.631517270695925,0.959958487495911,0,0,0,0,0,0,0,0,0,0,2006.47504363891,1931.88454362162,154.792477250842,293.533244771659,50.1443532062624,76.737877011254,0,0,77.0919798698232,74.226093576324,5.96388099523923,11.3104046666281,1.93233159750189,2.95713454818358,0,0,29744.8720124805,28673.4018403714,2805.25954430012,5304.37845280625,1045.08076575487,1574.84295814207,0,0,1142.78802789673,1101.67943391413,108.652399576708,205.615425220216,40.7945764938355,61.5208373549438,0,0,0,0,4.38410644882708,8.45143992453846,1.84422510577935,2.78906086707173,0,0,0,0,0,0,0,0,0,0,183.781136580339,186.307921907577,59.9364942849151,122.463399122292,40.2932402368926,66.0458147766512,0,0,7.0610808802854,7.15825060612612,2.29171419727457,4.68056647504559,1.53206545778323,2.51055620120263,0,0,678.00847897602,664.533801557905,145.468086651945,300.542979229071,114.421219476137,185.315330654991,0,0,26.0497020743014,25.5324644492915,5.57113036424214,11.5057516477186,4.36254106888298,7.06352750015225,0,0,0,0,18.0446381745612,37.8168161062238,13.4207895703218,21.1973078813692,0,0,0,0,0,0,0,0,0,0,67.8851098252195,38.6793667884876,56.2727437950382,56.3362105245754
"43",1993,2155,3.5,8678.22599335226,8296.68785030928,921.148356686642,1742.84630588007,358.391818294971,543.40168818445,0,0,0,0,0,0,0,0,0,0,0,0,1.4050179254528,2.71338186857672,0.642325891040431,0.977436392502631,0,0,0,0,0,0,0,0,0,0,2009.88302840898,1932.26094845963,157.560862153499,298.867960615349,51.3631972201983,78.724594482174,0,0,77.2229200946338,74.2405556521355,6.07056869451795,11.5160165938261,1.97929561713848,3.03368572881467,0,0,29666.9110906312,28554.0167135642,2843.60141620041,5377.55339767698,1066.05013145224,1608.27131579635,0,0,1139.79305639713,1097.09245354595,110.142702499704,208.463954779515,41.6151906090999,62.8305901701028,0,0,0,0,4.45177984873555,8.58337147486759,1.88204774277017,2.84956791276613,0,0,0,0,0,0,0,0,0,0,183.632622405154,185.954162697985,60.9977596595616,124.71931731801,41.2212660388232,67.6970342508339,0,0,7.05537537882913,7.14465859127199,2.33226276864261,4.76670845762325,1.56734444740063,2.57330265815888,0,0,674.325965426208,660.24475847562,147.740781657707,305.62068029074,116.751949363223,189.564916082105,0,0,25.9082189114405,25.3676723954793,5.65807401210084,11.6998989633301,4.45132181228365,7.22533798146998,0,0,0,0,18.4158333593808,38.6244345762283,13.7349903474854,21.7307628644944,0,0,0,0,0,0,0,0,0,0,69.4466734439482,39.488611342214,58.2989984855092,58.2567163019788
"44",1993,2155,3.58333333333333,8660.12512126454,8267.10121348934,933.026690215725,1765.37515496567,364.37670114209,553.045033199269,0,0,0,0,0,0,0,0,0,0,0,0,1.42543055871577,2.75288891588585,0.653251069753243,0.995104215156076,0,0,0,0,0,0,0,0,0,0,2013.52364275448,1932.86089855455,160.321864459369,304.201496639854,52.6101964663096,80.7593057348551,0,0,77.3627983197465,74.2636066942037,6.1769759694248,11.7215899609642,2.02734430367914,3.11208581168277,0,0,29589.3630967726,28435.4097993307,2881.12936277883,5449.32663242569,1087.23304378629,1642.07052189001,0,0,1136.81394809271,1092.53537344103,111.601859837931,211.258938618709,42.4442730958632,64.1550705868667,0,0,0,0,4.51903844016075,8.7145569073464,1.92031299207493,2.91082874269812,0,0,0,0,0,0,0,0,0,0,183.501970247998,185.615044588035,62.0596628800263,126.97668995217,42.1670126731559,69.3793988997549,0,0,7.05035615792359,7.13162911104054,2.37283423542287,4.85290232446849,1.60329790737586,2.63723377995694,0,0,670.644454641947,655.965645501785,150.007299415817,310.700103708816,119.119700662942,193.889010531472,0,0,25.7667742578106,25.2032618734267,5.74477494210407,11.8940977281523,4.54151044268073,7.38998072662955,0,0,0,0,18.7905458498257,39.4404411213466,14.0548556895764,22.2744577032334,0,0,0,0,0,0,0,0,0,0,71.00705070847,40.2963496587466,60.3660355939303,60.2176532704723
"45",1993,2155,3.66666666666667,8642.09754119182,8237.73867979291,944.625244473608,1787.41972751018,370.412140141922,562.773936669358,0,0,0,0,0,0,0,0,0,0,0,0,1.44566289187365,2.79207329470996,0.664287115170304,1.01295427281095,0,0,0,0,0,0,0,0,0,0,2017.39330911521,1933.68014854489,163.077188935532,309.536654438252,53.8852524351958,82.8421438379107,0,0,77.5114770895774,74.295083588952,6.28316797460117,11.9272318630623,2.07647391036818,3.19233998879959,0,0,29512.2302712273,28317.5805266602,2917.85741401908,5519.71851735665,1108.61883608076,1676.22692971886,0,0,1133.85078907668,1088.00817165948,113.030398592553,214.001137548274,43.281414543161,65.4937563029706,0,0,0,0,4.58573059257639,8.84473985872987,1.95900649634622,2.97282518466103,0,0,0,0,0,0,0,0,0,0,183.38896229603,185.290591371996,63.1214682457136,129.234580823747,43.1306436623979,71.093447685113,0,0,7.04601484911141,7.11916307964344,2.41340044492292,4.939112277284,1.63993210111552,2.70237015190541,0,0,666.96459219119,651.696880804747,152.267176412652,315.779847405423,121.524378367539,198.287562009011,0,0,25.6253929169264,25.0392489498264,5.83121548599579,12.0882943992187,4.63310326552788,7.55745362774437,0,0,0,0,19.1686098695901,40.2645257083734,14.3804025164538,22.8284450855591,0,0,0,0,0,0,0,0,0,0,72.5663925265217,41.1026454537178,62.4742786135123,62.2194082820989
"46",1993,2155,3.75,8624.14011005352,8208.59617566594,955.948614459221,1808.98655749921,376.494153758253,572.583083443736,0,0,0,0,0,0,0,0,0,0,0,0,1.46566876337771,2.83085533423816,0.675427650036812,1.03097798308902,0,0,0,0,0,0,0,0,0,0,2021.48837077142,1934.71439626197,165.828390855228,314.875987339914,55.1882998986732,84.9732797345874,0,0,77.6688159071056,74.3348210401795,6.38920416738083,12.1330399290497,2.12668196104122,3.27445489704468,0,0,29435.5148293966,28200.5283002957,2953.79943584525,5588.74926013057,1130.19708720011,1710.72714602327,0,0,1130.90366448422,1083.51082532981,114.428839812088,216.691306998088,44.1262147046573,66.8461343811654,0,0,0,0,4.65173446766509,8.97371260977079,1.99811211191447,3.03553675835014,0,0,0,0,0,0,0,0,0,0,183.293380857142,184.980808093631,64.1825755221815,131.492237784514,44.1122820828921,72.8396569923211,0,0,7.04234308855801,7.10726069086804,2.45393846027681,5.02530961545327,1.67725174631051,2.76872997240492,0,0,663.287034274255,647.438909561919,154.519907064378,320.858466054849,123.965877374746,202.76051279188,0,0,25.484100100804,24.8756507291032,5.91737636750322,12.2824337860713,4.72609620672865,7.72775436680215,0,0,0,0,19.5498405071673,41.0963448619511,14.7116426494649,23.3927704721058,0,0,0,0,0,0,0,0,0,0,74.1248479559589,41.9075625017809,64.6241427071925,64.2623667378634
"47",1993,2155,3.83333333333333,8606.24976891026,8179.66972530698,967.001303808406,1830.08206896817,382.618845489122,582.467241990625,0,0,0,0,0,0,0,0,0,0,0,0,1.4854110348551,2.86917028170858,0.686665803247495,1.04916610319185,0,0,0,0,0,0,0,0,0,0,2025.80512682248,1935.95931715855,168.576888449424,320.221821073197,56.5193034184839,87.1529187610418,0,0,77.8346725778109,74.3826528918654,6.49513878122188,12.3391031079941,2.17796711745633,3.35843848617461,0,0,29359.2189412164,28084.252480953,2988.96912647534,5656.43890700285,1151.95761846502,1745.5580289328,0,0,1127.97265770319,1079.04330988899,115.797698446375,219.330196675395,44.978282388194,68.2117011781597,0,0,0,0,4.71695346326832,9.10130879424525,2.03761243946193,3.09894133285256,0,0,0,0,0,0,0,0,0,0,183.21500820582,184.685682105958,65.2425026903633,133.749069600459,45.1120173272698,74.6184492497303,0,0,7.03933251113023,7.09592145879492,2.49442989510512,5.1114718422924,1.7152602746274,2.83632938362199,0,0,659.61244403853,643.192199012072,156.76495401769,325.934484619902,126.444079184316,207.307794021066,0,0,25.3429212883678,24.712485163315,6.00323709851603,12.4764595721961,4.82048468648906,7.90088020958047,0,0,0,0,19.9340379789212,41.9355286012108,15.0485825456828,23.9674717188878,0,0,0,0,0,0,0,0,0,0,75.6825642028072,42.7111645619996,66.8160359557158,66.346913362676
"48",1993,2155,3.91666666666667,8588.42353338165,8150.95544073336,977.78772768437,1850.7125796057,388.782401880031,592.421262657633,0,0,0,0,0,0,0,0,0,0,0,0,1.50485999629508,2.90696573487449,0.697994409356615,1.06750897747196,0,0,0,0,0,0,0,0,0,0,2030.33986619633,1937.41059763594,171.32397555998,325.576274802818,57.8782539275368,89.3812972566047,0,0,78.00890451637,74.43841340865,6.60102130689554,12.5455024697349,2.23032904938045,3.44429989032876,0,0,29283.3447113525,27968.7523663781,3023.38001286266,5722.80733404403,1173.89049028516,1780.70668565364,0,0,1125.0578496132,1074.60559835457,117.137483203499,221.91855022156,45.8372353349015,69.5899622641341,0,0,0,0,4.78131161795524,9.22739606029648,2.07748938419533,3.16301581581337,0,0,0,0,0,0,0,0,0,0,183.153626449764,184.405184176323,66.3008687953915,136.004622926228,46.1299117511407,76.4302014293688,0,0,7.03697474527262,7.08514426025688,2.53486025192085,5.19758177553818,1.7539600870094,2.9051827976692,0,0,655.941487974376,638.957233575574,159.001758277936,331.006411631679,128.95884869665,211.929320397238,0,0,25.2018820869775,24.5497708646649,6.08877636864269,12.6703148265936,4.91626349708375,8.07682780354785,0,0,0,0,20.3209919199267,42.7816874099848,15.3912230139778,24.5525786814446,0,0,0,0,0,0,0,0,0,0,77.2396866218143,43.5135153032338,69.0503606009972,68.4734329734923
"49",1994,2155,4,8569.42437621196,8120.30792054763,989.747021121025,1873.2218903185,394.963151986979,602.412790443821,0,0,0,0,0,0,0,0,0,0,0,0,1.52404990574432,2.94428430330428,0.709367555021302,1.08593963638305,0,0,0,0,0,0,0,0,0,0,2034.84836545336,1938.68289605469,174.303330416225,331.31066072927,59.2623790008499,91.6543416830362,0,0,78.1821282676784,74.4872971485188,6.71582996386302,12.7665041514556,2.2836608859447,3.53188210244796,0,0,29204.4154221961,27848.4362782843,3060.51960454782,5793.41486554707,1195.92949348662,1816.07538862948,0,0,1122.02566520217,1069.98284925558,118.582155755478,224.669945290164,46.7004880517509,70.9771001858205,0,0,0,0,4.84487526033867,9.35203566850677,2.11760931809873,3.22756704363903,0,0,0,0,0,0,0,0,0,0,183.069406271581,184.079694901833,67.3782736663846,138.290523750659,47.1559197629971,78.2590521721612,0,0,7.03373949999542,7.07263842190482,2.57602319669206,5.28485921826025,1.79296928840162,2.97468743417648,0,0,652.202930926601,634.621159808153,161.293656050319,336.173862607699,131.5029046398,216.613608968217,0,0,25.0582455755222,24.3831718212137,6.1764283795716,12.8678286609329,5.0131550741042,8.25515952362173,0,0,0,0,20.7099240889283,43.6332765358125,15.7386991738198,25.1467889697032,0,0,0,0,0,0,0,0,0,0,78.8117677188594,44.3296486545172,71.3503625958287,70.6833076427459
"50",1994,2155,4.08333333333333,8549.0960599565,8087.45365486006,1003.05244585029,1897.896479889,401.178667966656,612.461951372899,0,0,0,0,0,0,0,0,0,0,0,0,1.54357824445282,2.98209958806337,0.72077924844001,1.10444773418249,0,0,0,0,0,0,0,0,0,0,2039.27301346375,1939.6965319154,177.538209452215,337.462034036578,60.6740562399735,93.9745879306763,0,0,78.3521303199987,74.5262426592626,6.84046212478892,13.0035379430605,2.33805395658534,3.62128252935948,0,0,29121.959708043,27722.5567054453,3100.81766966413,5868.95189603373,1218.1137572878,1851.70669655305,0,0,1118.85799461999,1065.14634198425,120.148276767568,227.610981468223,47.5695349405809,72.3747371468921,0,0,0,0,4.90918922584391,9.4776910332807,2.15795304014014,3.2925633106868,0,0,0,0,0,0,0,0,0,0,182.958340885714,183.703104460214,68.4887180454415,140.629438426087,48.1898893451943,80.1045220442432,0,0,7.02947282971698,7.058169194541,2.61845680087915,5.37417542544534,1.83228239069795,3.04482548778238,0,0,648.387661802054,630.168894790938,163.649060903237,341.449652878536,134.075065525089,221.358353943969,0,0,24.9116616961095,24.2121085228705,6.26651687045352,13.0694945294584,5.11111482189444,8.43578808917942,0,0,0,0,21.1006718035673,44.4899225088893,16.0908139854594,25.749818145432,0,0,0,0,0,0,0,0,0,0,80.4007467022439,45.1614469109757,73.7207876200506,72.9845364183111
"51",1994,2155,4.16666666666667,8528.86732741437,8054.87343835877,1016.03843878837,1922.02347141033,407.453994784993,622.605146557384,0,0,0,0,0,0,0,0,0,0,0,0,1.5634579970267,3.02044648765098,0.732281704188653,1.12310762531723,0,0,0,0,0,0,0,0,0,0,2043.88806457345,1940.8867038484,180.758868434744,343.602088273377,62.1176956159567,96.3487654613068,0,0,78.5294479638814,74.5719709682147,6.96455445982345,13.2401489140664,2.39367822013809,3.71276050300174,0,0,29040.0014777561,27597.584503534,3140.24574956642,5942.99384791623,1240.5186118647,1887.71007538719,0,0,1115.70943590384,1060.34469745164,121.68110377245,230.49487612598,48.4473179070559,73.787153372549,0,0,0,0,4.97431160054954,9.6044996557165,2.19867321574182,3.35822236492448,0,0,0,0,0,0,0,0,0,0,182.866457310851,183.344799799564,69.6102321925034,142.988321451203,49.2442162161022,81.9865123773501,0,0,7.0259431488502,7.04440253631004,2.66131452211991,5.46425551663379,1.87237091962208,3.11635373860577,0,0,644.57911196287,625.731699924134,165.994351795726,346.716784952654,136.683499139814,226.17655070758,0,0,24.7653359593918,24.0416242450282,6.35621280784488,13.2708161924792,5.21045416636264,8.61920881193869,0,0,0,0,21.4939759796181,45.3530352892878,16.4485444127124,26.3631981627538,0,0,0,0,0,0,0,0,0,0,81.9888450207222,45.9915832356123,76.1364292203665,75.3311638206201
"52",1994,2155,4.25,8508.73320580175,8022.56119883088,1028.71024074719,1945.61028746904,413.78447032588,632.836237754748,0,0,0,0,0,0,0,0,0,0,0,0,1.58354363547536,3.05908860431125,0.74387894615272,1.14192349002641,0,0,0,0,0,0,0,0,0,0,2048.69708502646,1942.25620301284,183.968205043041,349.735628300689,63.5934078891318,98.7774203816733,0,0,78.7142182201236,74.6245893161737,7.08821761318843,13.4765206055806,2.45053801845495,3.80633713890527,0,0,28958.5376896895,27473.5132200778,3178.81854275752,6015.56214129984,1263.13256607419,1924.07087450179,0,0,1112.57987221147,1055.57766774245,123.181188623315,233.322429563679,49.3333957766167,75.2137874582842,0,0,0,0,5.03986462898779,9.73185876992574,2.2397803600732,3.4245557225735,0,0,0,0,0,0,0,0,0,0,182.793298442705,183.004401008044,70.7407410114193,145.364107155198,50.3191250299772,83.9055532501885,0,0,7.02313289494957,7.03132385038805,2.70451668330773,5.55498181718835,1.9132435711633,3.18929258074567,0,0,640.77746842624,621.309690567629,168.329794710191,351.975137251192,139.328048335367,231.068057482424,0,0,24.6192755509812,23.8717234199856,6.44552657753331,13.4717893694281,5.3111670937969,8.80541624426513,0,0,0,0,21.8898679677442,46.2226096531027,16.8118845146834,26.9869441102046,0,0,0,0,0,0,0,0,0,0,83.5762272067324,46.8201394703833,78.5979599793302,77.7238233686461
"53",1994,2155,4.33333333333333,8488.68902340231,7990.51117990873,1041.07298306127,1968.66422232137,420.165540250621,643.149195731967,0,0,0,0,0,0,0,0,0,0,0,0,1.60371581543791,3.09783095769097,0.755571694915967,1.16089546550998,0,0,0,0,0,0,0,0,0,0,2053.70255737856,1943.80676637995,187.168836289515,355.866983447283,65.101306429835,101.261080922996,0,0,78.906536472489,74.6841644403513,7.21155153416546,13.7128184247382,2.50863777901045,3.90203285004047,0,0,28877.5659678359,27350.3370732919,3216.55063131388,6086.67813344463,1285.94441047638,1960.7747448928,0,0,1109.46921227419,1050.84503071036,124.649079072322,236.094440181478,50.2273379113421,76.6540891973474,0,0,0,0,5.10554123261615,9.85927580984683,2.28127655852175,3.49156484311143,0,0,0,0,0,0,0,0,0,0,182.738450011324,182.681561638618,71.8784900236142,147.754189054625,51.4147900879513,85.8621176123127,0,0,7.02102615131938,7.01891982572258,2.74799595495518,5.6462543443924,1.95490710435692,3.2636602159379,0,0,636.982989157203,616.903057849371,170.655493674704,357.224360776635,142.008564035232,236.032743559145,0,0,24.4734903823537,23.7024133911738,6.53446234453105,13.6724010476539,5.4132479132647,8.99440538316501,0,0,0,0,22.2883206122216,47.0985475869993,17.180829252958,27.6210710026202,0,0,0,0,0,0,0,0,0,0,85.1630539611357,47.6471957943849,81.1060222640727,80.1631278877364
"54",1994,2155,4.41666666666667,8468.73036267248,7958.71789346353,1053.13169459255,1991.19245011054,426.59275225675,653.538094463624,0,0,0,0,0,0,0,0,0,0,0,0,1.62387599498931,3.13651165177114,0.767358330106545,1.18002079703091,0,0,0,0,0,0,0,0,0,0,2058.90609294419,1945.53928827836,190.363132968633,362.000067175382,66.6415089120513,103.80026356001,0,0,79.1064646302545,74.7507307022839,7.33464678792588,13.9491919175768,2.56798208285932,3.99986758481169,0,0,28797.0844609312,27228.0508118376,3253.45646981341,6156.36309376296,1308.94320643091,1997.80762777276,0,0,1106.3773849836,1046.14658458964,126.085318332775,238.811703505123,51.1287238058203,78.1075191588276,0,0,0,0,5.17109010355623,9.98634563143503,2.32315804438427,3.55924414684147,0,0,0,0,0,0,0,0,0,0,182.701532348502,182.375961531546,73.0219926727643,150.156346930277,52.5313457563818,87.8566309313901,0,0,7.01960833070576,7.00717816126126,2.79169532196254,5.73798799225972,1.99736674378458,3.33947302647495,0,0,633.195989020355,612.512053734892,172.971424734639,362.463925808832,144.724897218706,241.070479332516,0,0,24.3279925511042,23.5337038395029,6.62301936078447,13.8726312807316,5.51669094840004,9.18617128786921,0,0,0,0,22.6892625004498,47.9806801957174,17.5553724002991,28.2655913090365,0,0,0,0,0,0,0,0,0,0,86.7494825952977,48.4728309041811,83.6612334417233,82.6496735386468
"55",1994,2155,4.5,8448.85303240269,7927.17609132816,1064.89130494921,2013.20202871174,433.06175379597,663.997108868882,0,0,0,0,0,0,0,0,0,0,0,0,1.64394338549762,3.17499712499324,0.779235394530656,1.19929444608352,0,0,0,0,0,0,0,0,0,0,2064.30856060627,1947.45394919856,193.55323990682,368.138411840798,68.2141376747858,106.395475824271,0,0,79.3140360772919,74.8242950367048,7.45758532574981,14.1857760925966,2.62857568030718,4.09986093697967,0,0,28717.0917565568,27106.6496293057,3289.55037599484,6224.63818569099,1332.11828280552,2035.15575143464,0,0,1103.30433609144,1041.48214470951,127.490444716926,241.475011487581,52.0371429671698,79.5735485727897,0,0,0,0,5.23630732258337,10.1127376259642,2.36541651978666,3.62758257557457,0,0,0,0,0,0,0,0,0,0,182.682195642906,182.087302696612,74.1699984497143,152.568702577589,53.6688929066818,89.889477415046,0,0,7.01886599299148,6.99608740774037,2.83556685439894,5.83011082419278,2.04062642807277,3.41674581538127,0,0,629.416830936213,608.136981585612,175.277456837431,367.693150988702,147.476893908935,246.181129697378,0,0,24.1827960011665,23.3656064205969,6.7111927687989,14.0724543081457,5.62149034515383,9.38070882707711,0,0,0,0,23.0925860571289,48.8687802340751,17.9355054592124,28.9205136260677,0,0,0,0,0,0,0,0,0,0,88.3356672634333,49.297122102419,86.2641891192023,85.1840423656091
"56",1994,2155,4.58333333333333,8429.05304200051,7895.88073925998,1076.35664751254,2034.69990322656,439.568289701578,674.520512466124,0,0,0,0,0,0,0,0,0,0,0,0,1.66385216309554,3.21317779946731,0.791198044470033,1.21870963422126,0,0,0,0,0,0,0,0,0,0,2069.91020480825,1949.55033322421,196.741095892792,374.285202926154,69.819320172758,109.047219135222,0,0,79.5292602055093,74.9048414634433,7.5804412433876,14.4226927247109,2.69042350986315,4.20203225612138,0,0,28637.5868026944,26986.1290864688,3324.84652210493,6291.52444948932,1355.45923214171,2072.8056275491,0,0,1100.25002519568,1036.85154050693,128.864991299317,244.08515184503,52.9521947746617,81.0516591943304,0,0,0,0,5.3010287078963,10.2381839395088,2.40804033242393,3.69656498412181,0,0,0,0,0,0,0,0,0,0,182.680115617268,181.815305601463,75.3214630937515,154.989678274284,54.8275047898583,91.9610057738851,0,0,7.01878667910749,6.98563682507703,2.87957055853198,5.92256247075388,2.08468903654601,3.49549202880729,0,0,625.645917790721,603.778187530453,177.573371010542,372.91123006842,150.264390679098,251.364547980893,0,0,24.0379162119705,23.1981344332767,6.79897433948754,14.2718395849759,5.72763989945233,9.57801244678952,0,0,0,0,23.4981548961883,49.7625735152027,18.3212167313399,29.5858415324514,0,0,0,0,0,0,0,0,0,0,89.9217591786221,50.1201453792745,88.9154661709647,87.7668046688446
"57",1994,2155,4.66666666666667,8409.32657501893,7864.82699010963,1087.53246304496,2055.69291008168,446.108199101605,685.102674335587,0,0,0,0,0,0,0,0,0,0,0,0,1.6835486683072,3.25096370204803,0.80324048651882,1.23825837130603,0,0,0,0,0,0,0,0,0,0,2075.71076443602,1951.8275458191,199.928455475816,380.443316415,71.4571894181076,111.755991713742,0,0,79.7521269824849,74.9923356129871,7.70328161078977,14.6600517792446,2.75353071684716,4.30640076127105,0,0,28558.5688292558,26866.4850337177,3359.35892717849,6357.04278561093,1378.95590473679,2110.74404529646,0,0,1097.21442272567,1032.25461254645,130.209485613071,246.64290741073,53.8734882615814,82.5413430874326,0,0,0,0,5.36512215101914,10.3624676489824,2.45101561405861,3.76617348744495,0,0,0,0,0,0,0,0,0,0,182.694989200781,181.559705517745,76.4755177670344,157.417953569195,56.0072328705965,94.0715350764994,0,0,7.01935874476015,6.97581624198166,2.92367318851644,6.01529246306129,2.12955661427332,3.5757239818565,0,0,621.883684264498,599.436051751945,179.858879637445,378.117258897799,153.087210457434,256.620570116295,0,0,23.8933698845156,23.0313024847586,6.8863532136253,14.4707528203715,5.83513289627975,9.77807594734368,0,0,0,0,23.9058110986419,50.6617502405811,18.712490483075,30.2615725642052,0,0,0,0,0,0,0,0,0,0,91.5079068421343,50.9419754988435,91.6156258626256,90.3985214286498
"58",1994,2155,4.75,8389.66996916215,7834.01016350111,1098.42340245327,2076.18778012251,452.677413022378,695.738056849261,0,0,0,0,0,0,0,0,0,0,0,0,1.70298942656056,3.28828134398554,0.815356248568,1.25793178720276,0,0,0,0,0,0,0,0,0,0,2081.70956163662,1954.28430169871,203.116906401518,386.61534844029,73.1278838841849,114.522290211981,0,0,79.9826103640238,75.0867281026502,7.82616713584123,14.8979525415849,2.81790265092874,4.41298560485601,0,0,28480.0372898514,26747.7135536767,3393.10145101194,6421.21394153754,1402.59840381727,2148.95806679426,0,0,1094.19750770489,1027.69121031548,131.524449412162,249.149055623177,54.8006419379626,84.0421024574609,0,0,0,0,5.42848225476798,10.4854144224338,2.49432696522124,3.83638828128413,0,0,0,0,0,0,0,0,0,0,182.726531434294,181.3202499771,77.6314453613473,159.852431795022,57.2081112015614,96.2213594026036,0,0,7.02057124152449,6.96661595821359,2.967847333586,6.10825894200786,2.17523054058937,3.65745303776272,0,0,618.130590547696,595.110981761553,182.133640912657,383.310255946242,155.9451596966,261.94901039297,0,0,23.7491746998903,22.8651262322812,6.97331645753231,14.6691567667594,5.94396200124716,9.98089232101668,0,0,0,0,24.3153802531624,51.5659729355964,19.1093065233328,30.9476976715032,0,0,0,0,0,0,0,0,0,0,93.0942562080991,51.7626860576824,94.3652162677122,93.0797461734622
"59",1994,2155,4.83333333333333,8370.07969973241,7803.42572900358,1109.03402918074,2096.19114123898,459.271952232315,706.421213668374,0,0,0,0,0,0,0,0,0,0,0,0,1.72213956066474,3.32507120799485,0.827538381041886,1.27772037951498,0,0,0,0,0,0,0,0,0,0,2087.90557448839,1956.91899646269,206.30788491678,392.803641228494,74.8315473000631,117.346610915519,0,0,80.2206710862622,75.1879572888055,7.94915274710411,15.1364846058525,2.88354485923945,4.52180591997376,0,0,28401.9918144388,26629.8109147421,3426.08778919819,6484.05850058053,1426.37708095392,2187.43502281502,0,0,1091.19926593174,1023.16119043905,132.810398474545,251.604368089696,55.7332836222449,85.5534494945226,0,0,0,0,5.49102605542203,10.6068858384896,2.53795795625178,3.90718824609686,0,0,0,0,0,0,0,0,0,0,182.774472999265,181.09669678788,78.7886605987649,162.292211767826,58.4301599703724,98.4107517556443,0,0,7.02241382190333,6.95802666837976,3.0120706516291,6.20142756772436,2.22171166568253,3.74068975845647,0,0,614.387117124407,590.803406812728,184.397270684968,388.489179255439,158.838026261246,267.349658067293,0,0,23.6053491188854,22.6996221684456,7.05984951819402,14.867011871532,6.05411917974059,10.1864536226363,0,0,0,0,24.7266754369488,52.4748827581105,19.51163994791,31.6442008762556,0,0,0,0,0,0,0,0,0,0,94.6809508183512,52.5823495310636,97.1647743054953,95.8110265486091
"60",1994,2155,4.91666666666667,8350.55236351291,7773.06928975916,1119.36882161976,2115.70952098594,465.887925023567,717.146787695398,0,0,0,0,0,0,0,0,0,0,0,0,1.74097122789558,3.36128527679944,0.839779658530476,1.29761426082413,0,0,0,0,0,0,0,0,0,0,2094.29750743992,1959.72977583101,209.502691125192,399.01030915492,76.5683285238241,120.229451037502,0,0,80.4662593720426,75.295951927048,8.07228817858327,15.375728867961,2.95046308246843,4.63288087115491,0,0,28324.4321635385,26512.7735263004,3458.3314683193,6545.5968708093,1450.2825312155,2226.16250825395,0,0,1088.21968822042,1018.66441495931,134.067842410959,254.009610154407,56.6710502632393,87.0749062076166,0,0,0,0,5.55268880489214,10.7267728076312,2.58189163478695,3.97855155572643,0,0,0,0,0,0,0,0,0,0,182.838557821414,180.888812128979,79.9466905241907,164.736559987922,59.6733888869327,100.639967812579,0,0,7.02487664725617,6.95003938869687,3.0563251178095,6.29477044830781,2.26900044107967,3.82544404890588,0,0,610.653759719195,586.513772489492,186.649353929866,393.652942875384,161.765577446965,272.822274112774,0,0,23.461912187835,22.5348074133006,7.14593666412142,15.0642769088362,6.1655956210975,10.3947508455345,0,0,0,0,25.1395011276772,53.3881056940149,19.9194608858885,32.3510589353074,0,0,0,0,0,0,0,0,0,0,96.2681319362365,53.4010373187736,100.01482773994,98.5929058536118
"61",1995,2155,5,8329.12159541796,7740.39810421126,1130.75321867599,2137.27813888255,472.45353636783,728.089388748902,0,0,0,0,0,0,0,0,0,0,0,0,1.75945789726692,3.39750526306561,0.851941935504629,1.317919223168,0,0,0,0,0,0,0,0,0,0,2100.62363996856,1962.41365057936,212.896772618273,405.614594644207,78.3274236619594,123.202222340965,0,0,80.7093195003496,75.3990706868498,8.20308163128409,15.6302628585956,3.01824089271261,4.74742071402774,0,0,28243.4998066346,26392.0621456129,3492.60549282896,6611.39093237137,1474.0888674262,2265.68234464658,0,0,1085.11052870772,1014.02647876601,135.403227851327,256.578784482861,57.6051116026465,88.6276663319792,0,0,0,0,5.61328863339823,10.8467657618229,2.62570751858285,4.05142674112843,0,0,0,0,0,0,0,0,0,0,182.840070523393,180.703695309867,81.099764332492,167.353011918347,60.9012837261204,103.005658243736,0,0,7.02493536976669,6.94292688639959,3.10039614009029,6.39470026247772,2.31570857081539,3.91539002733183,0,0,606.868309201256,582.175124785139,188.926014768917,398.932630058879,164.701466495034,278.435282067952,0,0,23.3164737708026,22.3681094856591,7.23296820820149,15.2659809155579,6.27738734658011,10.6083909169732,0,0,0,0,25.5516876665804,54.3117873395997,20.3295971774999,33.0761658455086,0,0,0,0,0,0,0,0,0,0,97.8991419363612,54.1523026061357,102.99521436217,101.19550817308
"62",1995,2155,5.08333333333333,8306.68439785552,7706.57963728651,1142.55619802823,2159.7018458221,479.012792898569,739.189548276414,0,0,0,0,0,0,0,0,0,0,0,0,1.77804516496118,3.43418382102752,0.864081294014914,1.33850055997736,0,0,0,0,0,0,0,0,0,0,2107.01161987239,1965.11335179339,216.400058576203,412.445638101514,80.1175304871922,126.258418002032,0,0,80.9547559037158,75.5027975247718,8.33807554584644,15.893523361686,3.08721309710536,4.86517422745889,0,0,28160.9481686333,26269.7514331505,3527.60370305616,6678.85170881528,1497.91899615124,2305.79697234695,0,0,1081.93915446071,1009.32709369915,136.766439083644,259.212334518148,58.5402483031365,90.2039849906811,0,0,0,0,5.67390222855074,10.9677125722977,2.66957595579382,4.12540732081727,0,0,0,0,0,0,0,0,0,0,182.818875625741,180.535046116796,82.2598971289416,170.067012262826,62.1329580343891,105.461352816426,0,0,7.02412163636874,6.93644709695728,3.14474165579332,6.49836561140755,2.36256307561487,4.00876195205551,0,0,603.054502802302,577.819577399106,191.207233659899,404.278963654337,167.653573312027,284.167711384503,0,0,23.1699458736699,22.2007622457891,7.32017497558118,15.4702324760602,6.38979525223519,10.8265744973611,0,0,0,0,25.963963250865,55.2430819289218,20.7432666484079,33.8162748383774,0,0,0,0,0,0,0,0,0,0,99.5538549223985,54.8662093588182,106.071360309129,103.720509776119
"63",1995,2155,5.16666666666667,8284.32257729395,7673.01474191659,1154.04545869115,2181.57958204357,485.602534282387,750.34801976359,0,0,0,0,0,0,0,0,0,0,0,0,1.7967271752651,3.47096724875602,0.876272133373629,1.35918839918889,0,0,0,0,0,0,0,0,0,0,2113.6070219286,1967.99583289493,219.906287654241,419.29773383719,81.9455135100926,129.383201850622,0,0,81.2081617978799,75.6135470582684,8.47318794419296,16.1576035363044,3.15764427428515,4.98556976985801,0,0,28078.9073957818,26148.3462206067,3561.80145727412,6744.91907394724,1521.8900448891,2346.20240908513,0,0,1078.78740632754,1004.66249947766,138.098942547214,261.792503992361,59.4810404331807,91.7919783331485,0,0,0,0,5.73458493394442,11.0886126255753,2.71372408991715,4.19997278370152,0,0,0,0,0,0,0,0,0,0,182.818762629718,180.378279463586,83.4306939967686,172.785600088194,63.389202189042,107.954425408787,0,0,7.024117897079,6.93042385378877,3.18949632145258,6.60220867717878,2.41035473389784,4.10355983118025,0,0,599.246596112657,573.48473439052,193.472529604832,409.619953885479,170.635492750595,289.98320093143,0,0,23.02364462966,22.0342105024323,7.40676918882581,15.6742702820281,6.50333759857468,11.0479164137894,0,0,0,0,26.3773856577853,56.1783730205933,21.1621340344672,34.5670837727864,0,0,0,0,0,0,0,0,0,0,101.208471908145,55.5794729764175,109.200576910956,106.294875697268
"64",1995,2155,5.25,8262.03247013226,7639.69869071386,1165.22609785796,2202.91854186577,492.218359994117,761.558763164786,0,0,0,0,0,0,0,0,0,0,0,0,1.81540270708996,3.50768922919491,0.888514389723834,1.37998133765138,0,0,0,0,0,0,0,0,0,0,2120.40880043662,1971.05963511887,223.416992648925,426.173562620699,83.8113495161007,132.577160932882,0,0,81.4694970053529,75.7312632392504,8.60847730416273,16.4226057590066,3.22953361348565,5.10863004752882,0,0,27997.3768842234,26027.8422867784,3595.21310850483,6809.61421658293,1545.99207953712,2386.88567609298,0,0,1075.65526112337,1000.03253391539,139.401278924468,264.320087048515,60.4271046957266,93.3911465695999,0,0,0,0,5.79510875269856,11.2091004729729,2.75815205506873,4.27512167876599,0,0,0,0,0,0,0,0,0,0,182.839196221754,180.23345055321,84.6106760503746,175.508228645293,64.6700326905844,110.486056995806,0,0,7.02490358452646,6.92485927788278,3.23460347349744,6.7062084129258,2.45908439043903,4.19982890020445,0,0,595.445390554173,569.170727716889,195.722254663456,414.953937938716,173.647175519419,295.880841851573,0,0,22.8776008303881,21.8684593256001,7.49276453162148,15.8780312510869,6.61801259098814,11.272382320601,0,0,0,0,26.7919004737059,57.1175060966142,21.5861588937765,35.3285596530962,0,0,0,0,0,0,0,0,0,0,102.863181285262,56.2921405364335,112.383666427527,108.919056743766
"65",1995,2155,5.33333333333333,8239.81054522902,7606.62690106661,1176.10310598914,2223.72579477141,498.855971431994,772.81583672514,0,0,0,0,0,0,0,0,0,0,0,0,1.83398927365814,3.54421328262424,0.90080583906055,1.40087533343332,0,0,0,0,0,0,0,0,0,0,2127.41561810764,1974.30301753091,226.933566614872,433.075535081399,85.7150425529386,135.840880840231,0,0,81.7387101453612,75.8558791782385,8.74399678564089,16.6886221051338,3.30288133846987,5.23437769701393,0,0,27916.3561710324,25908.235571912,3627.85282878701,6872.95815484029,1570.21541945862,2427.83406548324,0,0,1072.54270107754,995.437041029365,140.673982286107,266.795871753013,61.378067297154,95.0009999680736,0,0,0,0,5.85529008504606,11.3288800395741,2.80285509678167,4.35084679915287,0,0,0,0,0,0,0,0,0,0,182.879673040877,180.100603940882,85.7985810111988,178.234498494921,65.9754371289879,113.057334108287,0,0,7.02645935899529,6.91975508112389,3.280014779219,6.81034948357748,2.50875176920889,4.29761079397197,0,0,591.651684141712,564.877729696539,197.956636304564,420.279248328016,176.688552741973,301.859768376784,0,0,22.7318451365533,21.7035153360323,7.57816991084545,16.0814521043731,6.73381770776275,11.4999395336778,0,0,0,0,27.2074192470247,58.060272268191,22.0152997139316,36.1006665952352,0,0,0,0,0,0,0,0,0,0,104.518166642185,57.0042593185555,115.621404800042,111.593512410417
"66",1995,2155,5.41666666666667,8217.65338336731,7573.79491398361,1186.68137526857,2244.00829565422,505.511165267864,784.113390765654,0,0,0,0,0,0,0,0,0,0,0,0,1.85241894380131,3.58042625440239,0.913142791850208,1.42186453314378,0,0,0,0,0,0,0,0,0,0,2134.62592349752,1977.72403367638,230.457281961207,440.005831176963,87.6566207070891,139.174948536512,0,0,82.015741608939,75.9873200893313,8.87979495642421,16.9557358529809,3.37768858644532,5.36283539632062,0,0,27835.844885949,25789.5221293398,3659.73461129426,6934.97172978299,1594.55062379768,2469.03512551556,0,0,1069.44971197921,990.87586918156,141.91758015331,269.220639827509,62.3335634382701,96.6210583090622,0,0,0,0,5.91497958330355,11.4477090907643,2.84782522653798,4.42713709221978,0,0,0,0,0,0,0,0,0,0,182.939717059508,179.979773542864,86.9933254765079,180.964127826049,67.305382735948,115.669262886872,0,0,7.02876693094908,6.91511256663107,3.32568878249461,6.91462111302445,2.55935580441711,4.396944084627,0,0,587.866268114375,560.605944784149,200.175803551064,425.594224715422,179.759532318789,307.919145477841,0,0,22.5864079485092,21.5393863891995,7.66299046110735,16.2844698261142,6.85074955827579,11.7305565582696,0,0,0,0,27.6238289203868,59.0064228427366,22.4495127624023,36.883364523627,0,0,0,0,0,0,0,0,0,0,106.173607235451,57.71587675342,118.914546032323,114.3187107345
"67",1995,2155,5.5,8195.5576694981,7541.19838632516,1196.96570073603,2263.77288636453,512.179833363496,795.445667887373,0,0,0,0,0,0,0,0,0,0,0,0,1.87063658387407,3.61623556447773,0.92552037268391,1.44294160788562,0,0,0,0,0,0,0,0,0,0,2142.03798822949,1981.32056888,233.989297708519,446.966415441421,89.6361343820882,142.579953287077,0,0,82.3005249890875,76.1255047233229,9.01591606770063,17.2240220644143,3.45395734320128,5.49402590183082,0,0,27755.8427269042,25671.6981017752,3690.8722641183,6995.67559381175,1618.98849284617,2510.4766623098,0,0,1066.37628223707,986.348870168141,143.132593259833,271.595166206829,63.2932373693636,98.2508509514622,0,0,0,0,5.97405790434387,11.565392699578,2.89305187346664,4.50397841999969,0,0,0,0,0,0,0,0,0,0,183.018877922815,179.87098251589,88.1939885685693,183.696939012198,68.6598205960194,118.3227751247,0,0,7.03180899722662,6.91093262412472,3.37159027366256,7.0190165623798,2.61089480329131,4.49786451313391,0,0,584.08992460726,556.355605585297,202.379799149294,430.897221159517,182.859996333231,314.05816228506,0,0,22.4413193168107,21.3760814221756,7.74722801223628,16.4870219444036,6.96880378308376,11.964202838337,0,0,0,0,28.0409960135029,59.9556758218822,22.8887515531559,37.6766084831275,0,0,0,0,0,0,0,0,0,0,107.829678108289,58.4270403852157,122.263824142191,117.095128498875
"68",1995,2155,5.58333333333333,8173.52018202924,7508.83307984743,1206.96078391247,2283.02630011369,518.857960216872,806.807000790788,0,0,0,0,0,0,0,0,0,0,0,0,1.8885976431261,3.65156573573529,0.93793286076759,1.46409816192301,0,0,0,0,0,0,0,0,0,0,2149.64995029938,1985.09038319329,237.530670277089,453.959059167721,91.6536541542726,146.056487935044,0,0,82.5929887446284,76.2703470178106,9.15240046402678,17.4935484301176,3.53169036228918,5.62797209884662,0,0,27676.3494327432,25554.7596944767,3721.27940824724,7055.09020285102,1643.52006324054,2552.14673496552,0,0,1063.32240183132,981.85589818836,144.319535466988,273.920218731057,64.2567422138833,99.8899166535724,0,0,0,0,6.03243036894154,11.6817750210575,2.93852268050694,4.58135448590768,0,0,0,0,0,0,0,0,0,0,183.116728535723,179.774243403292,89.3997905602206,186.432841752116,70.038690436593,121.018736428936,0,0,7.03556914833189,6.90721573554121,3.4176894660967,7.12353247568461,2.66336663138605,4.60040530160674,0,0,580.323424517067,552.126968022244,204.56859456022,436.186613250628,185.989798943764,320.276024477971,0,0,22.2966088602092,21.2136102678998,7.83088166498761,16.6890468080672,7.08797497208172,12.2008484661327,0,0,0,0,28.4587716508621,60.9077237336511,23.3329663132216,38.4803479928391,0,0,0,0,0,0,0,0,0,0,109.486550324384,59.1377978297133,125.669955725935,119.9232512274
"69",1995,2155,5.66666666666667,8151.53778300279,7476.6948511313,1216.67123616757,2301.77516553715,525.541620606215,818.191810346499,0,0,0,0,0,0,0,0,0,0,0,0,1.90626613669782,3.68635522288449,0.950373986916686,1.48532509014239,0,0,0,0,0,0,0,0,0,0,2157.45985371116,1989.0311506669,241.082363935297,460.985361733032,93.7092686085928,149.605149950505,0,0,82.8930577230666,76.421757606101,9.28928498042391,17.7643760821915,3.61089108331878,5.76469704332095,0,0,27597.3647584193,25438.7031509599,3750.96947544232,7113.23580853923,1668.13660339407,2594.03365106888,0,0,1060.28806136064,977.396808911394,145.47891367495,276.196557838207,65.2237398012301,101.53780340884,0,0,0,0,6.0900221132784,11.7967318038069,2.98422419408903,4.65924763961023,0,0,0,0,0,0,0,0,0,0,183.232862819545,179.68955840707,90.6100726486139,189.171817244614,71.4419249509744,123.757954059155,0,0,7.04003178224106,6.9039619854863,3.46396121722766,7.22816826593958,2.71676887985355,4.70459745318358,0,0,576.567525553642,547.920306735496,206.742104032817,441.460804585461,189.148764661336,326.571947026126,0,0,22.1523056907923,21.0519834784964,7.91394833134083,16.8904838377886,7.2082565975141,12.4404639052913,0,0,0,0,28.8769961073665,61.8622407466328,23.7821035556194,39.2945265183038,0,0,0,0,0,0,0,0,0,0,111.144391190997,59.8481967298899,129.133642429655,122.803573161384
"70",1995,2155,5.75,8129.60741140888,7444.779644641,1226.10158124668,2320.02600970662,532.226977791463,829.594604211517,0,0,0,0,0,0,0,0,0,0,0,0,1.92361335147665,3.7205543563781,0.962837093866087,1.50661277424871,0,0,0,0,0,0,0,0,0,0,2165.46567463089,1993.14048529994,244.64525858901,468.046766179522,95.8030824357844,153.22654170149,0,0,83.2006541654651,76.579644814224,9.42660323841808,18.0365601878016,3.69156355984568,5.90422397329212,0,0,27518.8884589902,25323.5247373659,3779.95570706547,7170.13245291587,1692.82960966899,2636.12596311078,0,0,1057.27325142735,972.971458875737,146.611227771605,278.42493635382,66.1939005267851,103.194068315457,0,0,0,0,6.14677501550493,11.9101655933053,3.03014222171369,4.73763930182337,0,0,0,0,0,0,0,0,0,0,183.366894143649,179.616919803493,91.8242824682253,191.91390715446,72.8694526000528,126.541182853742,0,0,7.04518204414522,6.90117107720305,3.51038447105167,7.33292568741097,2.77109897381014,4.81046997853483,0,0,572.822970996134,543.735911751069,208.90019445589,446.718230839546,192.336687644759,332.945149021836,0,0,22.0084383661942,20.8912121972263,7.99642311241471,17.0912736838631,7.32964098631153,12.6830197938515,0,0,0,0,29.2955016343196,62.8188871641549,24.2361059394635,40.1190812788269,0,0,0,0,0,0,0,0,0,0,112.803364427901,60.5582847177018,132.655572784493,125.736597185243
"71",1995,2155,5.83333333333333,8107.72607706262,7413.08348634319,1235.25625773247,2337.78526103873,538.910281730313,841.00997548042,0,0,0,0,0,0,0,0,0,0,0,0,1.94061665674759,3.75412345083943,0.975315280579661,1.52795125927398,0,0,0,0,0,0,0,0,0,0,2173.66534498785,1997.41596440106,248.220157281731,475.144574145398,97.9352146190229,156.921270667436,0,0,83.5156986132406,76.7439155585039,9.56438593113593,18.3101505181305,3.77371239060732,6.04657631802947,0,0,27440.9202753278,25209.2207285644,3808.25115316093,7225.79996354599,1717.59080241985,2678.41246482156,0,0,1054.27796208838,968.579704955256,147.716970590983,280.606099297105,67.1669032071114,104.858277442926,0,0,0,0,6.20264487395941,12.0220013243442,3.07626215418611,4.81651034664459,0,0,0,0,0,0,0,0,0,0,183.518453852111,179.556310407423,93.0419605109669,194.659203368042,74.3212000888126,129.36913082935,0,0,7.05100576984271,6.89884235041207,3.5569417356017,7.43780843856461,2.82635426817844,4.91805010984706,0,0,569.090488615647,539.574085366448,211.04269448872,451.957363315862,195.55333124,339.394848864514,0,0,21.8650348482036,20.7313080388405,8.07829964864628,17.2913583636467,7.45211930179618,12.9284867606946,0,0,0,0,29.7141150333998,63.7773135292074,24.69491216625,40.9539430998884,0,0,0,0,0,0,0,0,0,0,114.463630331708,61.2681093765335,136.236423949501,128.722834736491
"72",1995,2155,5.91666666666667,8085.89085480016,7381.60247762963,1244.13962152576,2355.05925221263,545.587867266192,852.432601336869,0,0,0,0,0,0,0,0,0,0,0,0,1.95725836629008,3.78703099505809,0.987801539791143,1.54933042152517,0,0,0,0,0,0,0,0,0,0,2182.05677458036,2001.85515043629,251.807793571204,482.279960495032,100.105796664954,160.689949614038,0,0,83.838110757501,76.9144761849872,9.70266110373935,18.5851920059018,3.85734265241045,6.19177770564629,0,0,27363.4599208591,25095.7873952991,3835.86867176188,7280.25794895594,1742.41212183433,2720.88218734386,0,0,1051.30218234581,964.221403865306,148.796627880058,282.740783698676,68.1424349276354,106.530005692726,0,0,0,0,6.25759870736083,12.1321821041666,3.12256927395411,4.89584146656775,0,0,0,0,0,0,0,0,0,0,183.687189830179,179.50770407315,94.262727020848,197.407838186774,75.7970946421324,132.242464604387,0,0,7.05748943066112,6.89697480055438,3.6036185786954,7.54282178194327,2.8825321358083,5.02736350806379,0,0,565.370789704505,535.435139150666,213.169403288524,457.176712157978,198.798427689257,345.920259650788,0,0,21.7221224654677,20.5722829743178,8.15957045445615,17.4906813860005,7.57568153189104,13.1768352498273,0,0,0,0,30.1326601028662,64.7371645316532,25.1584568954527,41.7990362904687,0,0,0,0,0,0,0,0,0,0,116.125345940281,61.9777182039738,139.876863408276,131.762805702532
"73",1996,2155,6,8062.89390558654,7348.70487416728,1253.49276953695,2373.31833878571,552.2370132923,863.982230272461,0,0,0,0,0,0,0,0,0,0,0,0,1.97357465310999,3.81967391919918,1.00024876517161,1.57096058066559,0,0,0,0,0,0,0,0,0,0,2190.59730468812,2006.4358630517,255.423021316916,489.523016049803,102.311510868322,164.557321394831,0,0,84.1662515819944,77.0904744890059,9.84199886268643,18.8643815854292,3.94232644291665,6.34078143862713,0,0,27285.5452770185,24982.3441702772,3863.22369058824,7334.87556977716,1767.21600703806,2763.91362659955,0,0,1048.30894580422,959.862722837082,149.866126302125,284.881797740153,69.117462800001,108.224076271658,0,0,0,0,6.31154247132494,12.2416274878607,3.16892087277032,4.97631061444097,0,0,0,0,0,0,0,0,0,0,183.840043739437,179.475920673469,95.4893245399122,200.265385159841,77.2850155011958,135.235447434269,0,0,7.06336287574664,6.89575361523933,3.65052267444024,7.65200498077049,2.93917179019284,5.14123382157623,0,0,561.666690601043,531.335863597797,215.269998195601,462.4005032135,202.062955952392,352.571602408303,0,0,21.5798094242666,20.414782121564,8.23983988674032,17.6901685404508,7.69998413376326,13.4299785217943,0,0,0,0,30.5503348791109,65.7026942121444,25.6256302124033,42.6602614627057,0,0,0,0,0,0,0,0,0,0,117.800033444995,62.6484765125232,143.60310885915,134.688730748828
"74",1996,2155,6.08333333333333,8039.68554709159,7315.67867873581,1262.72066476064,2391.38509345723,558.877546094942,875.568205261442,0,0,0,0,0,0,0,0,0,0,0,0,1.98972897959917,3.85207077118905,1.01268497709671,1.59266731950842,0,0,0,0,0,0,0,0,0,0,2199.32611142913,2011.17663245312,259.060790880507,496.831021036159,104.55670854318,168.508564002012,0,0,84.5016262958234,77.2726224307013,9.98220571690232,19.1460751165024,4.02883132489369,6.49301621283926,0,0,27207.9258871764,24869.5676745546,3890.00209166911,7388.59363481412,1792.05342683752,2807.20468162267,0,0,1045.3270513701,955.529658703802,150.913414969819,286.98827364378,70.0939782613462,109.928663087463,0,0,0,0,6.36465507623995,12.3498137613664,3.21540342876824,5.05737013117149,0,0,0,0,0,0,0,0,0,0,184.004538166691,179.456483936093,96.7193600366231,203.142726829308,78.7952264910485,138.288176304275,0,0,7.06968356417693,6.89500680859417,3.69756034396421,7.76194893487638,2.99666374920508,5.25738427642085,0,0,557.973729139712,527.261880090515,217.35232243009,467.614952783539,205.351827149316,359.313429488385,0,0,21.4379242831009,20.2582530308782,8.31940921001046,17.8892943024665,7.82521451194527,13.6865664357839,0,0,0,0,30.9674461424722,66.6700733868681,26.0971287602561,43.5330174139773,0,0,0,0,0,0,0,0,0,0,119.478580756948,63.31092319414,147.395814430408,137.632022374734
"75",1996,2155,6.16666666666667,8016.5197357008,7282.86746969255,1271.66912754374,2408.95145921744,565.510591366519,887.159778731365,0,0,0,0,0,0,0,0,0,0,0,0,2.00568165664076,3.8840818910616,1.02511580839452,1.6143993293354,0,0,0,0,0,0,0,0,0,0,2208.2495032653,2016.07883458099,262.718641732543,504.190425296022,106.842363979846,172.539570499148,0,0,84.8444772801829,77.460972875905,10.1231872136951,19.4297511187566,4.11689487076869,6.64832382103511,0,0,27130.8064918856,24757.641343145,3916.12923035007,7441.14182705213,1816.93210795722,2850.66398159912,0,0,1042.36436557149,951.229259323918,151.935624356952,289.049764917795,71.0722851374361,111.640192421118,0,0,0,0,6.41692825946921,12.4564942201089,3.26203288461111,5.13885930663044,0,0,0,0,0,0,0,0,0,0,184.187427828207,179.448331469129,97.9521561816753,206.018031048931,80.3303375989606,141.385853451879,0,0,7.07671102236832,6.89469356174083,3.74470524286029,7.87181864943805,3.05510745186784,5.37525270271166,0,0,554.292069027417,523.209958749077,219.418288362265,472.813237802935,208.666537544389,366.134447105662,0,0,21.2964733318309,20.1025716050574,8.3983519942648,18.0877985064002,7.95142990789371,13.9461693153412,0,0,0,0,31.383971067513,67.6380194143431,26.5730986978869,44.4159754969678,0,0,0,0,0,0,0,0,0,0,121.158713590508,63.9733189527562,151.250324894144,140.628779814935
"76",1996,2155,6.25,7993.39403745724,7250.26784573121,1280.34261738375,2426.02389253914,572.132480654199,898.751542922545,0,0,0,0,0,0,0,0,0,0,0,0,2.02139024878032,3.9156334527569,1.03753730968038,1.63615022682921,0,0,0,0,0,0,0,0,0,0,2217.36419651063,2021.13909185931,266.396559971115,511.601215340954,109.168541833156,176.650933473894,0,0,85.1946783706059,77.655396052746,10.2649427786778,19.7154090239782,4.20651959891355,6.80672713794124,0,0,27054.18744239,24646.5620789809,3941.61760945198,7492.53935499279,1841.844731475,2894.28135045848,0,0,1039.42090191437,946.961405702562,152.933227464954,291.066994430754,72.0520984524765,113.358268843053,0,0,0,0,6.46833444748011,12.5616165111778,3.30879750867854,5.22076256145204,0,0,0,0,0,0,0,0,0,0,184.388300640806,179.451464698139,99.1876759273621,208.892422027916,81.8902851791305,144.529470430571,0,0,7.08442941755736,6.89481392945406,3.79195609895088,7.98165738784061,3.11450065064459,5.49487717264787,0,0,550.622616929394,519.180498874306,221.467671376439,477.99333227734,212.00682361223,373.033549713116,0,0,21.15549140556,19.9477531858774,8.47665983803929,18.2856041901984,8.07862051214182,14.2087456016257,0,0,0,0,31.7997542431367,68.6062089653886,27.0534606539295,45.3090395957914,0,0,0,0,0,0,0,0,0,0,122.840597961539,64.6357054488181,155.167320608351,143.679456214069
"77",1996,2155,6.33333333333333,7970.30601740136,7217.87641708233,1288.74550023313,2442.60873648266,578.739629705302,910.33817143579,0,0,0,0,0,0,0,0,0,0,0,0,2.03682081061404,3.94666576287588,1.04994476700635,1.65791262634404,0,0,0,0,0,0,0,0,0,0,2226.66716644097,2026.35426829348,270.09455563985,519.063399507551,111.535331873606,180.843267980189,0,0,85.5521133523531,77.8557714712969,10.4074727600603,20.0030491050172,4.29770898943187,6.96824989668204,0,0,26978.0688816884,24536.3266176046,3966.47949944745,7542.8051357461,1866.78417878105,2938.04682825807,0,0,1036.49666590352,942.725972413475,153.906688637554,293.040674258997,73.0331407733841,115.082504954375,0,0,0,0,6.51885436931054,12.6651426072169,3.35568534351366,5.3030639402957,0,0,0,0,0,0,0,0,0,0,184.606760233442,179.465871433769,100.425892399004,211.766923931032,83.4750072133298,147.71995881059,0,0,7.09282352065738,6.89536744340142,3.83931202755012,8.0915045913581,3.17484115718234,5.61629348122688,0,0,546.966234806728,515.173887294531,223.500246361596,483.153334317011,215.37238540441,380.009637941361,0,0,21.0150116218012,19.7938126359009,8.55432432732116,18.4826391479156,8.20677513761949,14.4742539870398,0,0,0,0,32.2146391788243,69.5743154026759,27.5381320078363,46.2121078394108,0,0,0,0,0,0,0,0,0,0,124.524396116865,65.2981243236023,159.147479692469,146.784523184892
"78",1996,2155,6.41666666666667,7947.25324581931,7185.68981051224,1296.88205633484,2458.71223108737,585.328533688439,921.914415323786,0,0,0,0,0,0,0,0,0,0,0,0,2.05194596288567,3.97713013239831,1.06233298209153,1.67967849000773,0,0,0,0,0,0,0,0,0,0,2236.15560484427,2031.72143006141,273.812656927422,526.577001640485,113.9428436745,185.117206882508,0,0,85.9166743294268,78.0619864094208,10.5507782058984,20.2926722333001,4.39046728081725,7.13291651085975,0,0,26902.4507758047,24426.9315553613,3990.72695369887,7591.95781328404,1891.74352051125,2981.95066032921,0,0,1033.59165624396,938.522828682226,154.856464128626,294.971506364548,74.0151417980917,116.812520988792,0,0,0,0,6.56847509924633,12.7670455185529,3.40268441210756,5.38574738104349,0,0,0,0,0,0,0,0,0,0,184.84242523547,179.491528325971,101.666788027528,214.64247572437,85.0844449300696,150.958199203304,0,0,7.10187867891378,6.89635320643878,3.88677249744785,8.20139644437212,3.23612690528567,5.73953548995788,0,0,543.323744830266,511.190499673514,225.515789206224,488.291450984328,218.762889352811,387.06161433532,0,0,20.8750655692756,19.6407643887302,8.63133709195431,18.6788353495164,8.33588132544742,14.7426532523407,0,0,0,0,32.628469776809,70.5420114037776,28.0270270326634,47.1250728174191,0,0,0,0,0,0,0,0,0,0,126.210266833966,65.9606171490695,163.191478366321,149.944468665617
"79",1996,2155,6.5,7924.23330243362,7153.70467323717,1304.7564807977,2474.34051461899,591.895768210741,933.47510468279,0,0,0,0,0,0,0,0,0,0,0,0,2.06674415368871,4.00698767326917,1.07469637899019,1.70143926180087,0,0,0,0,0,0,0,0,0,0,2245.82690485989,2037.23783158641,277.55090765682,534.142058146703,116.391204317391,189.473398913477,0,0,86.2882611420727,78.2739353776711,10.6948607677101,20.5842797657662,4.48479938211792,7.30075200030586,0,0,26827.3329241297,24318.3733597565,4014.37180711672,7640.01575599493,1916.71601875931,3025.98330056507,0,0,1030.70586523829,934.351838784163,155.783002051737,296.86018250516,74.9978384427825,118.547944938728,0,0,0,0,6.61718929991514,12.8673080211044,3.44978279952511,5.4687968217983,0,0,0,0,0,0,0,0,0,0,185.094929420665,179.528401828705,102.91035422865,217.519936261154,86.7185436426436,154.245024392338,0,0,7.11158082143752,6.89776992967538,3.93433731818505,8.31136606762788,3.2983559834295,5.86463524634566,0,0,539.695930509422,507.230700674942,227.514077879106,493.405994089803,222.177968646868,394.188380673538,0,0,20.7356833512823,19.488622455327,8.7076898465855,18.8741287797548,8.46592535918112,15.0139021650309,0,0,0,0,33.0410911058398,71.508970320278,28.5200568964152,48.0478215149431,0,0,0,0,0,0,0,0,0,0,127.898365454742,66.6232253931435,167.299991164555,153.159796380854
"80",1996,2155,6.58333333333333,7901.24378086481,7121.91767664879,1312.37288739326,2489.49962877197,598.437987574682,945.01514763426,0,0,0,0,0,0,0,0,0,0,0,0,2.08119856686358,4.03620751519738,1.08702915282988,1.72318605473537,0,0,0,0,0,0,0,0,0,0,2255.67863628154,2042.90089281211,281.309363713211,541.758614020892,118.880555064022,193.912505717971,0,0,86.6667804178785,78.4915192461558,10.8397225632499,20.8778733922266,4.58071074551893,7.47178187807354,0,0,26752.7149773328,24210.6483859815,4037.42568256253,7686.99706390207,1941.69512271903,3070.13540771714,0,0,1027.83927947489,930.212862679342,156.686742618264,298.707384502422,75.9809746820637,120.288412422081,0,0,0,0,6.66499411407052,12.9659207867968,3.49696875823516,5.55219634017703,0,0,0,0,0,0,0,0,0,0,185.363921339182,179.576449678527,104.156590756916,220.400093012559,88.3772536044778,157.581224661775,0,0,7.1219164450651,6.89961598928369,3.98200661487912,8.42144385062669,3.36152666807719,5.99162318684513,0,0,536.083539379368,503.294844535713,229.494893578059,498.495371572677,225.617224882102,401.388835003442,0,0,20.5968936889438,19.3374004460394,8.78337443398684,19.0684591078524,8.59689232712132,15.2879593663971,0,0,0,0,33.4523502853241,72.4748677715542,29.0171297631228,48.9802354262003,0,0,0,0,0,0,0,0,0,0,129.588844046757,67.2859903835107,171.473691227312,156.431024654416
"81",1996,2155,6.66666666666667,7878.28229238468,7090.32551944416,1319.73531143531,2504.19552264286,604.951923622425,956.529529856826,0,0,0,0,0,0,0,0,0,0,0,0,2.09529629430535,4.06476544777595,1.09932537504069,1.74490978418476,0,0,0,0,0,0,0,0,0,0,2265.70852607332,2048.70818137427,285.088090202019,549.426719653977,121.411048651768,198.435199424394,0,0,87.0521448231702,78.7146445595513,10.9853660672914,21.1734550127377,4.67820726276969,7.6460320575577,0,0,26678.596451446,24103.7528899907,4059.89999544483,7732.91957363691,1966.67446551247,3114.39784292593,0,0,1024.99188036899,926.105756514996,157.568118307991,300.513784426257,76.9643014334679,122.033566594467,0,0,0,0,6.71189032710302,13.0628809647686,3.5442307786536,5.63593024802579,0,0,0,0,0,0,0,0,0,0,185.649063976073,179.635622078528,105.405505092436,223.283669056869,90.0605305540222,160.967552058711,0,0,7.13287260123859,6.90188947198839,4.02978080444558,8.53165771777864,3.4256374449724,6.12052829918499,0,0,532.487285116508,499.383275440844,231.458021725165,503.558080622715,229.080229496261,408.661869169656,0,0,20.4587240024842,19.1871115850061,8.85838286253198,19.2617694237146,8.72876617665231,15.5647832773741,0,0,0,0,33.8620971497275,73.4393828613748,29.5181508967329,49.9221906648634,0,0,0,0,0,0,0,0,0,0,131.281851536072,67.9489532773714,175.71325057988,159.758685471945
"82",1996,2155,6.75,7855.3464691304,7058.92493024211,1326.84771240024,2518.43405629341,611.434384624344,968.013314155457,0,0,0,0,0,0,0,0,0,0,0,0,2.10902767907097,4.09264283435637,1.11157906562801,1.76660126101729,0,0,0,0,0,0,0,0,0,0,2275.91444166484,2054.65739738499,288.887159080345,557.146428181264,123.982846964949,203.042160536722,0,0,87.4442724211827,78.9432229524865,11.1317940205374,21.4710266356287,4.77729517598032,7.82352877186188,0,0,26604.9767399967,23997.6830397368,4081.80595803837,7777.80086306533,1991.64786093564,3158.76166713658,0,0,1022.16364462889,922.030373057188,158.427554029179,302.280044766167,77.9475764386245,123.78305805693,0,0,0,0,6.75788170757754,13.1581910551328,3.591557630456,5.71998314948074,0,0,0,0,0,0,0,0,0,0,185.950034346491,179.705862720932,106.657111786985,226.171329205728,91.7683359936859,164.404724115602,0,0,7.1444368804532,6.90458821435598,4.07766057039802,8.64203336183587,3.49068702014739,6.25137826403363,0,0,528.907849437292,495.496327805778,233.403252845722,508.592701525446,232.566525234649,416.006366695357,0,0,20.3212004841851,19.0377687210032,8.93270733920187,19.4540060017041,8.86152976973757,15.8443320178165,0,0,0,0,34.2701847380081,74.4021991040478,30.0230227877796,50.8735581054867,0,0,0,0,0,0,0,0,0,0,132.977533837384,68.6121550358777,180.019340418912,163.143323646495
"83",1996,2155,6.83333333333333,7832.43396697232,7027.71266986679,1333.71397639514,2532.22100407626,617.882254200918,979.461640059623,0,0,0,0,0,0,0,0,0,0,0,0,2.12238574899383,4.11982567342641,1.12378425256216,1.78825126840963,0,0,0,0,0,0,0,0,0,0,2286.29437605348,2060.74635992325,292.706647063322,564.917793128823,126.596118937057,207.734075988884,0,0,87.8430860996666,79.1771706304883,11.2790093490732,21.7705902869607,4.87798099724498,8.00429849935122,0,0,26531.8551248649,23892.4349251943,4103.15458362134,7821.65825569745,2016.60930018114,3203.21813847028,0,0,1019.35454467302,917.986562075946,159.265467271778,304.006818594247,78.9305641434054,125.536544761855,0,0,0,0,6.80297443992125,13.2518579378384,3.63893839438764,5.80433998645409,0,0,0,0,0,0,0,0,0,0,186.266523065867,179.787109701325,107.911431824241,229.063685534701,93.5006373322922,167.89342720165,0,0,7.15659739574311,6.90770983792107,4.1256468382393,8.7525944546808,3.55667432565117,6.38419958250431,0,0,525.345883838952,491.634326499953,235.330383348986,513.597892031461,236.075627604785,423.421200931785,0,0,20.184348165266,18.8893843360342,9.00634029884302,19.6451180844184,8.99516493801883,16.1265633359281,0,0,0,0,34.6764696944747,75.363005198684,30.5316452841519,51.8342035329282,0,0,0,0,0,0,0,0,0,0,134.676033980081,69.2756364017368,184.392631387144,166.585496056609
"84",1996,2155,6.91666666666667,7809.54246802808,6996.68553329501,1340.33791845901,2545.56205769954,624.292490279553,990.869723450446,0,0,0,0,0,0,0,0,0,0,0,0,2.13536574935354,4.14630382009456,1.13593501534649,1.80985061897875,0,0,0,0,0,0,0,0,0,0,2296.8464347577,2066.97299525859,296.546633834591,572.740866395978,129.251038703188,212.511637394129,0,0,88.2485130696107,79.4164079175159,11.4270150954814,22.0721479328657,4.98027143783189,8.18836789664496,0,0,26459.2307858303,23788.004567151,4123.95669041526,7864.50882485897,2041.55294853238,3247.75870953919,0,0,1016.56454899685,913.974170683037,160.082268253166,305.69474971914,79.9130355768226,127.293691916601,0,0,0,0,6.84717665881782,13.3438920712639,3.68636248135732,5.88898606774219,0,0,0,0,0,0,0,0,0,0,186.598233892809,179.879296321547,109.168491985549,231.961302301359,95.2574078809281,171.43431948855,0,0,7.16934276511928,6.91125178003478,4.17374075112574,8.86336283484507,3.62359851960396,6.51901768893191,0,0,521.802011180752,487.797587013644,237.239216209915,518.572382259959,239.607026319033,430.90523347418,0,0,20.0481909766387,18.7419705517398,9.07927442964376,19.8350576868514,9.12965253747091,16.4114345477874,0,0,0,0,35.0808125714373,76.3214956367081,31.043915728909,52.8039878032436,0,0,0,0,0,0,0,0,0,0,136.377492230285,69.9394378800719,188.833793838541,170.085770958484
"85",1997,2155,7,7786.67907365666,6965.84691104443,1346.72684667269,2558.47002269891,630.660203280716,1002.23056334019,0,0,0,0,0,0,0,0,0,0,0,0,2.14796148822929,4.17206556781472,1.1480220183776,1.83138600502488,0,0,0,0,0,0,0,0,0,0,2307.56915893802,2073.33596297794,300.406511637585,580.614767706229,131.947384240376,217.375046949841,0,0,88.6604972800694,79.6608833127558,11.5757878409967,22.3756656495353,5.08415794360109,8.37574476113776,0,0,26387.1102854713,23684.3972072293,4144.21671104102,7906.36207904864,2066.46685278853,3292.36750534156,0,0,1013.79390975655,909.993400269645,160.878119550829,307.344187545227,80.89452204214,129.053877170695,0,0,0,0,6.890487507624,13.4342913449845,3.73380828325675,5.97389345131632,0,0,0,0,0,0,0,0,0,0,186.944268089625,179.981912264464,110.427417117932,234.863268748482,97.037449440805,175.026439572509,0,0,7.18263845797154,6.9151944334931,4.22190898396334,8.97430401056666,3.69141419673927,6.65579643593018,0,0,518.276802664867,483.986510987666,239.129064658019,523.514165164825,243.159447591558,438.456314930358,0,0,19.9127508644861,18.5955427998044,9.1514836591582,20.0237485971184,9.26494434027913,16.6988644814649,0,0,0,0,35.4830238878386,77.2772826133908,31.5596333542219,53.7826447984057,0,0,0,0,0,0,0,0,0,0,138.082918810987,70.6042307452411,193.345827089972,173.648141021283
"86",1997,2155,7.08333333333333,7765.79456171898,6936.55794609207,1353.62341584898,2572.44269081767,636.593684287086,1013.07624550635,0,0,0,0,0,0,0,0,0,0,0,0,2.15966155263414,4.19642013812472,1.15931720664132,1.85198147586294,0,0,0,0,0,0,0,0,0,0,2318.46158270514,2079.90192328745,304.135159491923,588.32805523257,134.59285805711,222.206785726277,0,0,89.0790016200315,79.9131580079291,11.7195102125366,22.6730028938799,5.18608503083072,8.56190241163242,0,0,26317.0676627601,23583.5411900468,4162.6957986289,7945.76959871785,2090.0449350767,3335.47903475214,0,0,1011.10310441589,906.11834095937,161.604899753977,308.898627665764,81.823888136882,130.755727117954,0,0,0,0,6.93074268527509,13.5199318527617,3.778906232295,6.05620628482492,0,0,0,0,0,0,0,0,0,0,187.181592211613,180.00727506835,111.507363274005,237.483212133699,98.6038570122994,178.347218160068,0,0,7.19175738329866,6.91616889697974,4.26324097869866,9.07448274281425,3.75110907633719,6.78226934340682,0,0,514.768261831806,480.223555632497,240.89470148043,528.253478668681,246.573405704172,445.858713103181,0,0,19.7779511222674,18.4509639225003,9.21893763592666,20.2046919441135,9.39496439321921,16.9806382409251,0,0,0,0,35.8717798238389,78.2117766167656,32.0586932486697,54.7443959400548,0,0,0,0,0,0,0,0,0,0,139.971848113051,71.3999897485137,198.406836530498,177.978434600347
"87",1997,2155,7.16666666666667,7744.95764272707,6907.47316111269,1360.29023007513,2585.9900991824,642.494009330649,1023.88532715066,0,0,0,0,0,0,0,0,0,0,0,0,2.17126667222285,4.22057975443167,1.17054130083027,1.87249830031854,0,0,0,0,0,0,0,0,0,0,2329.39700653773,2086.48558691017,307.867936931497,596.057112625794,137.262545492003,227.096990837392,0,0,89.4991580912732,80.1661128927063,11.8633929971505,22.97095169638,5.28894647163028,8.75031495754634,0,0,26247.5976268482,23483.5493460643,4180.6981157179,7984.27565808153,2113.5793579151,3378.63717237614,0,0,1008.4342968031,902.276484642033,162.313228163846,310.418236585776,82.7517095241381,132.459748196435,0,0,0,0,6.97012045454905,13.6040375664238,3.82398072079008,6.13871017637458,0,0,0,0,0,0,0,0,0,0,187.441432630283,180.049311202465,112.601611333684,240.125258943706,100.205893534476,181.733025016498,0,0,7.20174141346268,6.91778397664434,4.3051221085659,9.1755117340846,3.81216503215601,6.91122723478887,0,0,511.284908022475,476.492312814468,242.636190552528,532.952812204344,249.99599764995,453.311613297516,0,0,19.6441190719268,18.307603492853,9.28547056960209,20.3841113914166,9.52531814126628,17.2643431627002,0,0,0,0,36.2580717811263,79.1429045842217,32.5606606150626,55.7142366031497,0,0,0,0,0,0,0,0,0,0,141.8632865655,72.1958980023891,203.534874549881,182.373865631545
"88",1997,2155,7.25,7724.16321223495,6878.58695095908,1366.73042670966,2599.11675660878,648.358172848765,1034.65304006167,0,0,0,0,0,0,0,0,0,0,0,0,2.18273003170712,4.2444597862973,1.18169492345742,1.89293623771311,0,0,0,0,0,0,0,0,0,0,2340.38861154746,2093.09909174087,311.607057684831,603.806487922333,139.958451910592,232.049284099773,0,0,89.9214731331838,80.4202143244156,12.0075211682942,23.2696865582279,5.39281919026015,8.94112139843488,0,0,26178.6892953585,23384.408760087,4198.23175550636,8021.89275010646,2137.06462819133,3421.83335462902,0,0,1005.78706881702,898.467335094502,163.003411380407,311.90348362564,83.677770041754,134.165604324344,0,0,0,0,7.00864233341766,13.6866235749443,3.86902132405909,6.22139047477958,0,0,0,0,0,0,0,0,0,0,187.722541660816,180.107143179951,113.708513640909,242.78732638176,101.841424490658,185.18180003709,0,0,7.21254261072525,6.92000595803488,4.34748946966496,9.27731152174884,3.87450077890644,7.04259169049439,0,0,507.826803986164,472.792504235093,244.35426502832,537.612148811752,253.427685058143,460.814886357366,0,0,19.5112571244338,18.165450818179,9.35111060788005,20.5620066587781,9.65602333789698,17.5499748579468,0,0,0,0,36.6417736523812,80.0703909091966,33.065422948533,56.6920082365786,0,0,0,0,0,0,0,0,0,0,143.75745731248,72.9920273439628,208.731249779949,186.835469409172
"89",1997,2155,7.33333333333333,7703.40654828661,6849.89392773931,1372.9473354172,2611.82757629357,654.183294147308,1045.37476010401,0,0,0,0,0,0,0,0,0,0,0,0,2.19401360981335,4.26799088601679,1.19277741792417,1.91329326933573,0,0,0,0,0,0,0,0,0,0,2351.44762287287,2099.75275474005,315.354403780176,611.580035859924,142.682292932926,237.066802089096,0,0,90.3463780335371,80.6758586971772,12.1519669814767,23.569355401386,5.49776900775459,9.13444213391725,0,0,26110.3325645459,23286.106975317,4215.30525734703,8058.63432857069,2160.49555289346,3465.05932185949,0,0,1003.16103227307,894.690413705971,163.675773471264,313.354875547079,84.6018648873079,135.872970605061,0,0,0,0,7.04632974171473,13.7677084654332,3.91401864962336,6.30423353180603,0,0,0,0,0,0,0,0,0,0,188.023783347539,180.179978440126,114.826656347877,245.467650505075,103.508596766344,188.69179107976,0,0,7.22411733014775,6.92280438969888,4.39028910048284,9.37981484783254,3.93804578814533,7.1762960891733,0,0,504.394036762726,469.123891697202,246.049567771897,542.231422844962,256.868761614904,468.368193112337,0,0,19.3793686240172,18.0244967465519,9.41588244870245,20.7383756039999,9.78709133384588,17.837520924938,0,0,0,0,37.0227682953465,80.9939713194341,33.5728638761148,57.6775418772859,0,0,0,0,0,0,0,0,0,0,145.65456931502,73.7884458299434,213.997122324983,191.364181137154
"90",1997,2155,7.41666666666667,7682.68331108291,6821.3890674279,1378.94425916412,2624.12747134044,659.966587752564,1056.04597569672,0,0,0,0,0,0,0,0,0,0,0,0,2.20508677560595,4.29111660519946,1.20378709685759,1.93356594166959,0,0,0,0,0,0,0,0,0,0,2362.58358290833,2106.45531060473,319.11156966793,619.381013938319,145.435546580986,242.152297412395,0,0,90.7742394263844,80.9333816120199,12.2967916659131,23.870083253686,5.60385264369459,9.33038285394909,0,0,26042.5184766357,23188.6326397607,4231.92713656495,8094.51391972968,2183.8671908823,3508.30714963828,0,0,1000.55584301536,890.945284314012,164.330637785927,314.772922251437,85.5237988954893,137.58153488765,0,0,0,0,7.08320322668234,13.8473124154554,3.958964158188,6.38722670545996,0,0,0,0,0,0,0,0,0,0,188.344141462494,180.26711397692,115.954841145016,248.164760468827,105.205832292418,192.261565222354,0,0,7.23642652690275,6.92615226101545,4.43347528356851,9.48296567442959,4.00274004296091,7.31228603318146,0,0,500.986730292346,465.486294973641,247.722644735365,546.810501013351,260.319381259014,475.971052605187,0,0,19.2484583326314,17.8847343533477,9.4798070888894,20.9132135026407,9.91852815824373,18.126963559621,0,0,0,0,37.4009451692246,81.9133902719673,34.0828661107004,58.6706658639731,0,0,0,0,0,0,0,0,0,0,147.554820471941,74.5852181517451,219.333575604904,195.960901073098
"91",1997,2155,7.5,7661.98947802771,6793.06764831549,1384.72447159533,2636.02134661005,665.705355791054,1066.66227868084,0,0,0,0,0,0,0,0,0,0,0,0,2.21592470299106,4.31379069496872,1.21472155671026,1.95374978809131,0,0,0,0,0,0,0,0,0,0,2373.8046638828,2113.21420757835,322.879916096413,627.212192525886,148.219495209918,247.308206249004,0,0,91.2053713018313,81.1930692423663,12.4420474886804,24.1719764666728,5.71111932083449,9.52903712382203,0,0,25975.2390060321,23091.9753030341,4248.10586504011,8129.54507657243,2207.17482584829,3551.56921106393,0,0,997.971192702672,887.231545397515,164.968326195287,316.158134999213,86.4433855041068,139.290996327574,0,0,0,0,7.11928256382144,13.9254567025889,4.00384997648676,6.47035814648373,0,0,0,0,0,0,0,0,0,0,188.682700252768,180.367921002074,117.092044009396,250.877419768111,106.931776017096,195.889946105391,0,0,7.24943501655775,6.93002541293084,4.47700896657285,9.58671693253411,4.06853204825344,7.45051694884014,0,0,497.605034387272,461.879578530978,249.373964667622,551.349201363367,263.779584299702,483.622868973838,0,0,19.1185320062445,17.746158431148,9.5429025772505,21.0865137739132,10.0503355157832,18.4182805842981,0,0,0,0,37.7761997371611,82.8284005841876,34.5953116423732,59.671206087602,0,0,0,0,0,0,0,0,0,0,149.458399207204,75.3824061449949,224.741631052848,200.626502229226
"92",1997,2155,7.58333333333333,7641.32131744794,6764.92522605247,1390.29121426549,2647.51409349937,671.396987145025,1077.2193634262,0,0,0,0,0,0,0,0,0,0,0,0,2.22650768992824,4.33597594541604,1.22557781269812,1.97383951088543,0,0,0,0,0,0,0,0,0,0,2385.11780214669,2120.03573526943,326.660592889711,635.075901129218,151.035242759475,252.536675953288,0,0,91.6400401655528,81.4551632450353,12.5877786271894,24.4751244875735,5.81961142500434,9.73048744014429,0,0,25908.4869671667,22996.1253293539,4263.84985765982,8163.74135201878,2230.41395909399,3594.83816630174,0,0,995.40680526798,883.548826733654,165.58915856989,317.511025380096,87.36044647917,141.001064985814,0,0,0,0,7.1545867916522,14.0021634834152,4.04866882467567,6.55361671447445,0,0,0,0,0,0,0,0,0,0,189.038636599317,180.481838544962,118.237397432837,253.60460058753,108.685273379325,199.575986473993,0,0,7.26311117380504,6.93440229205332,4.52085708179504,9.69102953891888,4.13537796898593,7.59095303459924,0,0,494.249119196486,458.303645267826,251.003927859611,555.847302566475,267.249308761259,491.322943101879,0,0,18.9895961821668,17.6087652491557,9.60518434865756,21.2582683357054,10.182511220171,18.7114458941477,0,0,0,0,38.1484333388819,83.7387635241712,35.1100818319314,60.6789860536012,0,0,0,0,0,0,0,0,0,0,151.365485077595,76.180068987593,230.222254474093,205.36183387266
"93",1997,2155,7.66666666666667,7620.6753497096,6736.95759688457,1395.64769439081,2658.61058414523,677.038953552553,1087.71302228505,0,0,0,0,0,0,0,0,0,0,0,0,2.23682020687258,4.35764255860444,1.23635247963561,1.99382922526779,0,0,0,0,0,0,0,0,0,0,2396.52888900325,2126.92520502958,330.45457226406,642.974096636363,153.883740823813,257.839607119722,0,0,92.0784723708414,81.7198676906483,12.734022445708,24.7796024735842,5.92936550281321,9.93480684089387,0,0,25842.2558836601,22901.0737737687,4279.16745850368,8197.11626787889,2253.58029396231,3638.10694083035,0,0,992.862431891548,879.896784642487,166.193452241426,318.832104108946,88.2748113201879,142.711460997983,0,0,0,0,7.18913427308294,14.0774555038464,4.09341391028904,6.63699185576294,0,0,0,0,0,0,0,0,0,0,189.411208164838,180.608364032394,119.390165118491,256.345447769091,110.465338188277,203.318929421312,0,0,7.27742647708519,6.93926358871432,4.56499157761567,9.79587101551933,4.20324040171564,7.73356577652325,0,0,490.919168513701,454.758428442973,252.61287818464,560.304555419981,270.728406356991,499.070488736861,0,0,18.8616579219406,17.4725522430612,9.66666568396437,21.4284680440941,10.3150498039249,19.0064300740889,0,0,0,0,38.517552852357,84.6442486378919,35.6270575370421,61.6938270256537,0,0,0,0,0,0,0,0,0,0,153.276249745652,76.9782635097535,235.776365053989,210.167726265253
"94",1997,2155,7.75,7600.04831743072,6709.16076945556,1400.7970830599,2669.31566687421,682.628806743696,1098.13914238328,0,0,0,0,0,0,0,0,0,0,0,0,2.24685018328114,4.37876692171466,1.24704189882609,2.01371263220799,0,0,0,0,0,0,0,0,0,0,2408.04291818663,2133.88708937636,334.262674520069,650.908416061215,156.765808880066,263.218686209581,0,0,92.5208597849484,81.9873544204833,12.8808104798441,25.085473312555,6.04041303588174,10.14206015432,0,0,25776.5398870837,22806.8122865065,4294.06692997194,8229.68329040528,2276.66972377237,3681.36870871692,0,0,990.337847111312,876.275098311855,166.781521578948,320.121880077832,89.1863167999393,144.421913935926,0,0,0,0,7.22294274503454,14.1513558903918,4.13807885316823,6.72047351592303,0,0,0,0,0,0,0,0,0,0,189.799744074604,180.747045936655,120.549722477165,259.099251162983,112.271127715238,207.118178394229,0,0,7.29235515053078,6.94459195449409,4.60938867195143,9.9012144300039,4.27208742197699,7.87833279932481,0,0,487.61537472302,451.243885479459,254.201112351232,564.720691521131,274.216654874615,506.864644842347,0,0,18.73472461715,17.3375177769849,9.72735806332059,21.5971030245747,10.4479429910059,19.3032008713265,0,0,0,0,38.8834704268811,85.5446336041187,36.1461192168622,62.7155481441059,0,0,0,0,0,0,0,0,0,0,155.190857750366,77.7770444367463,241.404842299478,215.044994290085
"95",1997,2155,7.83333333333333,7579.43716056568,6681.53094118206,1405.74251388594,2679.63416253948,688.164175908883,1108.49370288969,0,0,0,0,0,0,0,0,0,0,0,0,2.25658843127388,4.3993306087906,1.25764223125482,2.03348314709441,0,0,0,0,0,0,0,0,0,0,2419.66410965,2140.92513901691,338.085589500273,658.880220736006,159.682151337667,268.675413025895,0,0,92.9673645452234,82.2577675427057,13.0281692588692,25.3927893162258,6.15278109349416,10.3523050507932,0,0,25711.3336318887,22713.3330326066,4308.55644411784,8261.45581024312,2299.67832118963,3724.61687807265,0,0,987.832845554395,872.683466709471,167.353677650037,321.380859577506,90.094806559329,146.132162253175,0,0,0,0,7.25602936346394,14.2238879920372,4.18265762875453,6.80405207273265,0,0,0,0,0,0,0,0,0,0,190.203636883445,180.897477506333,121.715540343678,261.86542272528,114.101921784852,210.973272146897,0,0,7.30787385532588,6.95037176135014,4.65402822900979,10.0070375182678,4.34189178466772,8.02523690688709,0,0,484.337934761375,447.759992863771,255.76888758558,569.095430211839,277.713768596924,514.704485855685,0,0,18.6088038342947,17.2036609474956,9.78727145940214,21.7641629369996,10.5811800942572,19.6017235874987,0,0,0,0,39.2461032385672,86.4397040719797,36.6671470258884,63.7439665385195,0,0,0,0,0,0,0,0,0,0,157.109467181214,78.5764645981401,247.108531832692,219.994440431137
"96",1997,2155,7.91666666666667,7558.83899475334,6654.06447772561,1410.48708192303,2689.57086139126,693.642765370313,1118.7727725679,0,0,0,0,0,0,0,0,0,0,0,0,2.26602815048343,4.41931952078762,1.26814953461349,2.05313400652607,0,0,0,0,0,0,0,0,0,0,2431.39601745726,2148.04248471016,341.923895398029,666.890635161153,162.633372618704,274.211125050968,0,0,93.4181232044847,82.531227346081,13.1761210266054,25.7015937088892,6.26649290995194,10.5655929746558,0,0,25646.6322211746,22620.6286218857,4322.64407534188,8292.44712512174,2322.60232850834,3767.84507785667,0,0,985.347239085103,869.121605892139,167.910227934496,322.609545624479,91.0001307372185,147.841952782181,0,0,0,0,7.28841074399866,14.2950752482669,4.22714452046652,6.8877182798334,0,0,0,0,0,0,0,0,0,0,190.622335430945,181.059291235583,122.88717077581,264.643476641475,115.957104483657,214.883862880039,0,0,7.32396141519224,6.95658888911773,4.69889321578498,10.1133219228902,4.41263022455537,8.17426524480218,0,0,481.087046760754,444.306741797076,257.316428278497,573.428484390684,281.219407389779,522.589030512949,0,0,18.4839031857837,17.0709814165242,9.84641459104032,21.9296371971206,10.7147483618601,19.9019614158376,0,0,0,0,39.60537326212,87.329253493575,37.1900209018621,64.7788974364827,0,0,0,0,0,0,0,0,0,0,159.032230283719,79.3765751139478,252.88825042909,225.016857334726
"97",1998,2155,8,7538.3852216044,6626.84809813297,1415.07184130316,2699.27788158116,699.018907538079,1128.95068885957,0,0,0,0,0,0,0,0,0,0,0,0,2.27509572918046,4.43868447800301,1.27848014892096,2.07261796508147,0,0,0,0,0,0,0,0,0,0,2443.26702911476,2155.28986903917,345.737954106239,674.893519103026,165.609540878167,279.821381416328,0,0,93.8742264561226,82.8096834417958,13.3231415979811,26.0101129213569,6.38116577590809,10.7817527786242,0,0,25582.7334954402,22529.1767785758,4335.97854042091,8322.31054211496,2345.29190665586,3810.97296615209,0,0,982.89247086274,865.607870809543,168.437615798023,323.79457033102,91.8964156461273,149.548129833158,0,0,0,0,7.31986697761995,14.3647909192301,4.2712680947788,6.97132785738258,0,0,0,0,0,0,0,0,0,0,191.041820280631,181.230301077198,124.042026064991,267.419346889037,117.807065180159,218.83286804702,0,0,7.3400791852196,6.9631593463611,4.74312015571338,10.2195306869093,4.48317609045434,8.32476837577415,0,0,477.867539088911,440.894925178189,258.828202333397,577.70239501343,284.715329507053,530.50696962607,0,0,18.3602081828492,16.9398938646415,9.90419208430546,22.0928564729674,10.8479529942156,20.2034842568625,0,0,0,0,39.9599597419073,88.2122217840042,37.712274877801,65.8188831542696,0,0,0,0,0,0,0,0,0,0,160.977538912234,80.1828295173216,258.800463562185,230.147652114191
"98",1998,2155,8.08333333333333,7518.53589516834,6600.18795099014,1419.63278607412,2709.26569992653,704.145874143787,1138.95531675318,0,0,0,0,0,0,0,0,0,0,0,0,2.28362578919443,4.45744119238389,1.2883581741487,2.0917912109887,0,0,0,0,0,0,0,0,0,0,2455.33317829366,2162.80256381375,349.390731580651,682.725146143402,168.568937567934,285.478319061267,0,0,94.3378272033909,83.0983331891057,13.4639604995712,26.3120520101897,6.49519281839766,10.9997118214375,0,0,25520.6752626182,22440.620801167,4347.37118844428,8349.8697337086,2367.2353803484,3853.73448579946,0,0,980.508413910256,862.205399688539,168.889965338545,324.890586975352,92.7636107073404,151.24025259321,0,0,0,0,7.34938775662944,14.4322727599586,4.31410447340412,7.054400685986,0,0,0,0,0,0,0,0,0,0,191.418650964128,181.404903181013,125.106263986301,270.144186807618,119.557093844336,222.764502263209,0,0,7.35455812615742,6.96986782418665,4.78388528556072,10.3237974382302,4.54992505735626,8.47462430021365,0,0,474.695262258917,437.562197177397,260.248652028138,581.860539571411,288.134989918963,538.420763361746,0,0,18.2383278196423,16.8118450257731,9.95847448814127,22.2516492018566,10.9782589941963,20.5048630936322,0,0,0,0,40.3055049470306,89.0855099487723,38.2256473962087,66.8593152889225,0,0,0,0,0,0,0,0,0,0,163.007438070108,81.0136972610408,265.033572433206,235.505813427539
"99",1998,2155,8.16666666666667,7498.69990982983,6573.68507103473,1424.00574414682,2718.88753223908,709.215182819623,1148.88263159897,0,0,0,0,0,0,0,0,0,0,0,0,2.29195409072292,4.47582840939366,1.29813218668308,2.11082760517785,0,0,0,0,0,0,0,0,0,0,2467.46619034359,2170.35264241583,353.059451890863,690.592128783164,171.554476976181,291.202900987156,0,0,94.8039969290891,83.388419282851,13.6053918694875,26.615352056135,6.61022772144114,11.2202780341269,0,0,25459.1291372585,22352.8181319861,4358.43060475669,8376.74399863649,2389.06732200576,3896.44575724099,0,0,978.144031114014,858.831871942636,169.329323873389,325.959972662343,93.6265777527443,152.930724062104,0,0,0,0,7.3779249680308,14.4980712343504,4.35680762694054,7.13751334859507,0,0,0,0,0,0,0,0,0,0,191.813942609159,181.591580372264,126.178897791124,272.876888761312,121.337656402646,226.753725320428,0,0,7.36974636037257,6.977040246324,4.824973746544,10.4283706769551,4.61784191088003,8.62668465652033,0,0,471.550151876403,434.261699574404,261.645973036088,585.979226244507,291.553743949077,546.374279022154,0,0,18.1174911993928,16.6850345315419,10.0118767968481,22.408943302276,11.1085377652677,20.8077691546686,0,0,0,0,40.64734964099,89.9526459012503,38.7402811721965,67.905606257593,0,0,0,0,0,0,0,0,0,0,165.041436191453,81.8453930031822,271.342114985757,240.940182335234
"100",1998,2155,8.25,7478.87412432968,6547.3356688161,1428.19352807586,2728.14780811826,714.224790551012,1158.7289309923,0,0,0,0,0,0,0,0,0,0,0,0,2.30006316511622,4.49380642265899,1.30780067670089,2.1297239532702,0,0,0,0,0,0,0,0,0,0,2479.67268967796,2177.94624608228,356.744563398176,698.495891306653,174.567336434584,296.997483012692,0,0,95.2729901537742,83.6801776791738,13.7474531245839,26.9200679818339,6.72631565246047,11.4435418711168,0,0,25398.0879612315,22265.759530419,4369.1635096935,8402.9447738274,2410.7849081921,3939.10116382366,0,0,975.799047459046,855.486932532132,169.755948212424,327.00316074292,94.4852025457253,154.619319428105,0,0,0,0,7.40556129346107,14.5622918839318,4.39936713689008,7.22065144801566,0,0,0,0,0,0,0,0,0,0,192.22677111321,181.789792503885,127.259322262725,275.617404558916,123.147026934903,230.799355633936,0,0,7.38560838263445,6.98465585945618,4.86636260585432,10.5332488934787,4.68686101989379,8.78090464306087,0,0,468.432433598931,430.993267526024,263.020696759405,590.057770864841,294.971902541965,554.366623223693,0,0,17.9977069921424,16.5594560484022,10.0644193651578,22.5647128468754,11.2388013010075,21.1121689703023,0,0,0,0,40.9853880663246,90.8133920362232,39.2560533815494,68.9575607188928,0,0,0,0,0,0,0,0,0,0,167.079724260734,82.6779708168618,277.727141032762,246.451556247813
"101",1998,2155,8.33333333333333,7459.05561822685,6521.13616119202,1432.19892421162,2737.05094518858,719.172729226027,1168.49060698466,0,0,0,0,0,0,0,0,0,0,0,0,2.30793927282051,4.51134330795824,1.31736166269749,2.14847627577662,0,0,0,0,0,0,0,0,0,0,2491.9583613357,2185.5886366294,360.446400013149,706.437549967908,177.608523310676,302.864126071103,0,0,95.7450253057331,83.9738105454702,13.8901572712481,27.2262428708003,6.84349526962707,11.669582488782,0,0,25337.545222899,22179.436384454,4379.57655249388,8428.48345642272,2432.38548812835,3981.69533820075,0,0,973.473212768878,852.170250569249,170.170092569591,328.020583310712,95.3393775052339,156.305823397444,0,0,0,0,7.43236705803168,14.6250259148648,4.44177467592678,7.30380282977332,0,0,0,0,0,0,0,0,0,0,192.656299942035,181.999056536927,128.347014144139,278.36573604186,124.983720830317,234.900446426121,0,0,7.40211205220798,6.99269610445158,4.90803204416404,10.6384324728612,4.75692596912185,8.93724845294472,0,0,465.342326838483,427.756756929241,264.373313690654,594.095555602551,298.389641662748,562.396805957812,0,0,17.8789836279594,16.4351040396795,10.1161209971229,22.7189344592832,11.3690564558125,21.4180253865545,0,0,0,0,41.3195299577012,91.6675319647853,39.7728404842202,70.0149811010609,0,0,0,0,0,0,0,0,0,0,169.122483895125,83.5114824256559,284.189640487457,252.040718880259
"102",1998,2155,8.41666666666667,7439.24166659182,6495.08314795607,1436.02468986826,2745.60134327182,724.057103515678,1178.16414398027,0,0,0,0,0,0,0,0,0,0,0,0,2.31557174260364,4.52841359172223,1.32681283174693,2.16708002660275,0,0,0,0,0,0,0,0,0,0,2504.32808231275,2193.28431965959,364.165202311781,714.417963240922,180.678897329514,308.804634777047,0,0,96.220289766949,84.2694909941901,14.0335137166914,27.533909895249,6.96179957517292,11.8984692205562,0,0,25277.4949671385,22093.8406270818,4389.6763005701,8453.37137790248,2453.86657176505,4024.223144859,0,0,971.166298248631,848.881516106094,170.572008144867,329.012670200597,96.1890012512927,157.990029528736,0,0,0,0,7.4584023914558,14.6863526017709,4.48402351348513,7.38695707209408,0,0,0,0,0,0,0,0,0,0,193.101770700991,182.218939559874,129.441519526724,281.121920519778,126.846459536081,239.056246650032,0,0,7.41922823059049,7.00114434815473,4.94996487550147,10.7439231385546,4.82798821097208,9.09568777626246,0,0,462.280041736388,424.552039723549,265.704278344697,598.092025500657,301.807022629857,570.463758469773,0,0,17.7613291807147,16.3119735850785,10.1669991322864,22.8715871791109,11.4993057210599,21.725298249829,0,0,0,0,41.6496982178531,92.5148678364583,40.2905187288362,71.0776681371197,0,0,0,0,0,0,0,0,0,0,171.16988819242,84.3459774422542,290.73055169171,257.708443388282
"103",1998,2155,8.5,7419.4297141925,6469.1733876847,1439.67355249102,2753.80338121574,728.876086874869,1187.74611405699,0,0,0,0,0,0,0,0,0,0,0,0,2.3229523766547,4.54499703758439,1.33615164879695,2.18553026602357,0,0,0,0,0,0,0,0,0,0,2516.78604937733,2201.03716459296,367.901136365325,722.437778341749,183.779192692174,314.820595679384,0,0,96.698944783968,84.5673676946414,14.1775289930156,27.8430941018361,7.08125676138152,12.13026304075,0,0,25217.931706986,22008.9646528704,4399.46923485916,8477.61978788096,2475.22581514003,4066.67965862222,0,0,968.87809309026,845.620436929321,170.961942936969,329.979848351622,97.0339780440514,159.671739411967,0,0,0,0,7.48371917230386,14.7463414851833,4.52610812011518,7.47010507100332,0,0,0,0,0,0,0,0,0,0,193.562493049176,182.449051631818,130.542442013321,283.886019091047,128.734136289806,243.2661643179,0,0,7.43693039399785,7.00998560840988,4.99214609685965,10.8497235068837,4.90000575550409,9.25620039465896,0,0,459.245777278242,421.378999767243,267.014014277024,602.046683245048,305.224011654459,578.566349336667,0,0,17.6447512956568,16.1900602222438,10.2170700352401,23.0226522594301,11.6295479703682,22.033945022051,0,0,0,0,41.9758267534341,93.3552177151441,40.808964503465,72.145421273685,0,0,0,0,0,0,0,0,0,0,173.222102709948,85.1815036326708,297.350769661727,263.455495198953
"104",1998,2155,8.58333333333333,7399.61736270953,6443.4037857244,1443.14820824926,2761.66141412192,733.627920825501,1197.23317648672,0,0,0,0,0,0,0,0,0,0,0,0,2.33007512179997,4.56107797588452,1.34537541775517,2.20382175750392,0,0,0,0,0,0,0,0,0,0,2529.33584838741,2208.85046997136,371.654304212972,730.497456944543,186.910029962091,320.913397735493,0,0,97.1811281311881,84.8675673820771,14.3222071598318,28.1538133985558,7.20189066504562,12.3650173477474,0,0,25158.8503754654,21924.8012730503,4408.96174429363,8501.23984059731,2496.46101421875,4109.06015563639,0,0,966.608402621824,842.386736834447,171.340141528078,330.922541284918,97.8742175495275,161.350762324677,0,0,0,0,7.50836208904471,14.8050535724197,4.56802396044969,7.55323882183972,0,0,0,0,0,0,0,0,0,0,194.037839399529,182.68904192211,131.649436294322,286.658109938642,130.645797011934,247.529745587964,0,0,7.45519442973472,7.01920640574006,5.03456264365258,10.9558368309846,4.97294243974077,9.41876937963932,0,0,456.239719871995,418.237530398995,268.302916698307,605.959086636092,308.640490841032,586.703393710776,0,0,17.5292571347824,16.0693598530714,10.2663488941275,23.1721130683337,11.7597788792047,22.3439211344024,0,0,0,0,42.2978593357574,94.1884142578548,41.3280545613066,73.2180389021693,0,0,0,0,0,0,0,0,0,0,175.279285957789,86.018107051977,304.051150578095,269.282633657366
"105",1998,2155,8.66666666666667,7379.80235365546,6417.7713782111,1446.45132125551,2769.17977089325,738.310912554848,1206.62207513186,0,0,0,0,0,0,0,0,0,0,0,0,2.33693566891671,4.57664448351108,1.35448135184525,2.22194907978691,0,0,0,0,0,0,0,0,0,0,2541.98054155553,2216.72704535397,375.424756608102,738.597307211389,190.071931574734,327.084259186508,0,0,97.6669574637119,85.1701980042545,14.4675502945282,28.4660797843782,7.32372136075873,12.6027789925545,0,0,25100.2462649701,21841.3436585634,4418.16012205328,8524.24258267688,2517.57009492721,4151.36009883296,0,0,964.35704597849,839.180153437682,171.706844933924,331.841168624241,98.7096344584986,163.026914677258,0,0,0,0,7.53236994162785,14.8625428163633,4.60976724254482,7.63635115501849,0,0,0,0,0,0,0,0,0,0,194.527237827304,182.938593709583,132.762200097877,289.438280755353,132.580616493135,251.846649339184,0,0,7.47399836372786,7.02879457120928,5.07720308343615,11.0622667118722,5.04676701731599,9.58338211802734,0,0,453.262042243248,415.127531727563,269.571355902744,609.828844502686,312.056271724518,594.873664144659,0,0,17.4148533343934,15.9498686395749,10.31484994999,23.3199549306327,11.8899914409791,22.6551804012265,0,0,0,0,42.6157481499125,95.0143029597491,41.8476662588354,74.2953186349425,0,0,0,0,0,0,0,0,0,0,177.341590087305,86.8558322280809,310.832517439045,275.190613902171
"106",1998,2155,8.75,7359.98255538154,6392.27331985915,1449.58552299574,2776.36275237637,742.923433135018,1215.90963667409,0,0,0,0,0,0,0,0,0,0,0,0,2.34353115272954,4.59168776517054,1.36346662178947,2.23990670472778,0,0,0,0,0,0,0,0,0,0,2554.72273520194,2224.66927503183,379.212502490151,746.737508133703,193.265333950125,333.334248496859,0,0,98.1565329205314,85.4753511694473,14.6135588567635,28.7799002839499,7.44676562432504,12.8435890802817,0,0,25042.1149800246,21758.5852956859,4427.07056281698,8546.63894372262,2538.55110525666,4193.57512654904,0,0,962.123854287591,836.000436470889,172.062290493374,332.736145727203,99.5401481850536,164.700019579259,0,0,0,0,7.55577661027931,14.9188572263069,4.65133474842214,7.71943555523646,0,0,0,0,0,0,0,0,0,0,195.030166355751,183.197420399282,133.880468055335,292.226623464929,134.537879751515,256.216627474553,0,0,7.4933221409734,7.03873909337888,5.12005738253901,11.1690168971706,5.12145244581782,9.75002955693348,0,0,450.312902750755,412.048908592969,270.819679957933,613.655613098196,315.47110589468,603.075898871778,0,0,17.3015459787998,15.8315829255509,10.3625865981732,23.4661649882013,12.0201763718538,22.9676753363377,0,0,0,0,42.9294527057647,95.8327408274652,42.3676777263383,75.3770575111441,0,0,0,0,0,0,0,0,0,0,179.409161450347,87.694722308531,317.695664441968,281.180188231407
"107",1998,2155,8.83333333333333,7340.15595212224,6366.90687363031,1452.55341197939,2783.21462992798,747.463915910525,1225.09276908553,0,0,0,0,0,0,0,0,0,0,0,0,2.34985990488403,4.60620164134363,1.37232839193518,2.25768905652662,0,0,0,0,0,0,0,0,0,0,2567.56463741539,2232.67917231449,383.017516691973,754.9181298186,196.490597895673,339.664302314012,0,0,98.6499393399474,85.7831042322286,14.7602319852129,29.0952777267927,7.57103733083952,13.0874836576929,0,0,24984.4523969494,21676.5199480975,4435.69916087829,8568.43972887687,2559.40220819421,4235.70104244151,0,0,959.908669118941,832.847346324246,172.4067117915,333.607883392614,100.365682596824,166.369906455423,0,0,0,0,7.57861184887546,14.9740397851501,4.69272370720478,7.8024860246823,0,0,0,0,0,0,0,0,0,0,195.546147898115,183.465262044818,135.004006558094,295.023230239692,136.516966104575,260.639508318245,0,0,7.51314743120153,7.0490299846908,5.16311671045614,11.2760911293958,5.19697527797607,9.91870556728728,0,0,447.392445001812,409.001568915969,272.048217035553,617.439092643208,318.884694078227,611.308808667452,0,0,17.1893405855428,15.7144991731628,10.4095714761558,23.6107320660477,12.1503224565827,23.2813574148083,0,0,0,0,43.2389389334495,96.6435952636922,42.8879680001292,76.4630521666277,0,0,0,0,0,0,0,0,0,0,181.482141099675,88.5348191896271,324.641360702057,287.252107176517
"108",1998,2155,8.91666666666667,7320.32063454033,6341.66940179587,1455.35755354079,2789.7396442761,751.930855007339,1234.16846026964,0,0,0,0,0,0,0,0,0,0,0,0,2.35592124360885,4.62018211062787,1.38106384936877,2.27529055988825,0,0,0,0,0,0,0,0,0,0,2580.50810822298,2240.75842677772,386.839746437373,763.139150920954,199.748017759747,346.075241270874,0,0,99.1472481871757,86.0935221088012,14.9075677478337,29.4122114170104,7.69654780502556,13.3344943182608,0,0,24927.254628661,21595.1416237747,4444.05190883969,8589.65561275233,2580.12167527063,4277.73380634894,0,0,957.711341132418,829.720652774198,172.740338605104,334.456787620772,101.18616576887,168.036410698096,0,0,0,0,7.60090195975338,15.0281292328421,4.73393169212435,7.88549697172773,0,0,0,0,0,0,0,0,0,0,196.074745715586,183.741882261024,136.132609306742,297.828190344558,138.517335277148,265.115182283055,0,0,7.53345745436417,7.05965816284695,5.20637327060874,11.3834930258244,5.27331513071304,10.0894063943785,0,0,444.500797668042,405.985422328723,273.257277480875,621.179024056118,322.296694051975,619.571082657523,0,0,17.0782420983186,15.5986139103289,10.4558165415192,23.7536465456726,12.2804168496741,23.5961772943503,0,0,0,0,43.544178404194,97.4467430983746,43.408417133348,77.5530989833665,0,0,0,0,0,0,0,0,0,0,183.560665241798,89.3761636316104,331.670353477137,293.407120372118
"109",1999,2155,9,7300.582376242,6316.54560670318,1457.97915467386,2795.86215571596,756.372061403095,1243.08280795501,0,0,0,0,0,0,0,0,0,0,0,0,2.36178867240558,4.63353035593621,1.3897610062069,2.2926117401678,0,0,0,0,0,0,0,0,0,0,2593.6687769495,2249.03481866338,390.595317765365,771.249824508891,203.050959881434,352.5532586927,0,0,99.6529021257854,86.4115143203998,15.0523449323651,29.7249073585923,7.82381207974014,13.5840890903426,0,0,24871.5020878775,21515.4651164915,4451.45319472838,8609.00623362278,2600.8762475858,4319.49111757031,0,0,955.569537743315,826.659345870098,173.037277608912,335.233566781521,102.008134750469,169.692366143922,0,0,0,0,7.6228694263389,15.0807829782023,4.77526867387316,7.96813709621846,0,0,0,0,0,0,0,0,0,0,196.638194046449,184.020528974511,137.288298919825,300.599674446706,140.574767605294,269.600120052444,0,0,7.55510647899962,7.07036420239833,5.25066866471543,11.4896228563359,5.35183439061102,10.2604758332196,0,0,441.659625168338,403.026457543724,274.438032057659,624.834087687723,325.728432830412,627.835179633522,0,0,16.9690828895851,15.4849256652423,10.5009811340379,23.893323632525,12.4112723584736,23.9110866810564,0,0,0,0,43.8465790601918,98.2400488251338,43.9317824222111,78.6437801530467,0,0,0,0,0,0,0,0,0,0,185.625157860466,90.23034800437,338.716114067648,299.731775679406
"110",1999,2155,9.08333333333333,7281.01393391251,6291.51869751972,1460.40926091865,2801.53492384564,760.821633533813,1251.7947164441,0,0,0,0,0,0,0,0,0,0,0,0,2.36748448339895,4.64616415365145,1.39848489913233,2.30957675538598,0,0,0,0,0,0,0,0,0,0,2607.13086171844,2257.5990402859,394.230605340006,779.150454046229,206.407986361191,359.085145614808,0,0,100.17013695076,86.7405654107772,15.192502310953,30.0295307512403,7.953160250918,13.8357592448358,0,0,24817.9059953615,21438.2182685808,4457.43441789064,8625.59304088531,2621.77528661638,4360.81694588037,0,0,953.510584057555,823.691390512978,173.279556935609,335.903598592621,102.835891301503,171.331648244743,0,0,0,0,7.64422711297036,15.13113012122,4.81696379709529,8.05014606432852,0,0,0,0,0,0,0,0,0,0,197.251137555343,184.298030271952,138.47757559791,303.303264372485,142.711610565502,274.065411120983,0,0,7.57865717249827,7.08102623337427,5.2962500527105,11.5931627328078,5.43338412822712,10.430813730682,0,0,438.885732399898,400.141302798232,275.588233231455,628.370547138193,329.19990128508,636.073975814987,0,0,16.8625086237999,15.3740733215601,10.544977242857,24.0284701215338,12.5436506242072,24.2250531056385,0,0,0,0,44.147185442629,99.0218081793089,44.4601767345965,79.7323636935995,0,0,0,0,0,0,0,0,0,0,187.661449269925,91.10594996322,345.730463845167,306.290516381605
"111",1999,2155,9.16666666666667,7261.42444184607,6266.60728796119,1462.68885911747,2806.90355536089,765.191798680143,1260.38968748563,0,0,0,0,0,0,0,0,0,0,0,0,2.37287348688707,4.65824990262868,1.4070737432403,2.32634260723789,0,0,0,0,0,0,0,0,0,0,2620.6947056242,2266.22886986447,397.894375270806,787.10687920749,209.79593283224,365.695234490209,0,0,100.691281524502,87.072137263744,15.3337529809435,30.3362985624124,8.08369976890421,14.0904423847724,0,0,24764.7455541476,21361.6115345519,4463.20117872326,8641.69433832722,2642.51772659556,4402.00923917704,0,0,951.468367144127,820.748029414904,173.513376733036,336.554567491569,103.657627428756,172.965957761385,0,0,0,0,7.66453417182783,15.179701145237,4.85846136739425,8.13207045246953,0,0,0,0,0,0,0,0,0,0,197.87317179777,184.586334890201,139.658600118985,306.011267168576,144.86282508349,278.587875444448,0,0,7.60255714337176,7.09210334533615,5.34151839734907,11.6968780284419,5.51548839948594,10.6033439685178,0,0,436.142139976193,397.283682419468,276.724985349158,631.858257975766,332.674491342026,644.329619892265,0,0,16.7570985095313,15.264278893391,10.5884644660691,24.1617663507541,12.6761569572179,24.5396823702884,0,0,0,0,44.4433964800252,99.7952604587127,44.988520586893,80.824189586667,0,0,0,0,0,0,0,0,0,0,189.704125337098,91.9828971793579,352.831628307758,312.935124026958
"112",1999,2155,9.25,7241.81304567429,6241.80973539489,1464.82034585563,2811.97220727402,769.481416197007,1268.8652642831,0,0,0,0,0,0,0,0,0,0,0,0,2.37796598947671,4.66979407413369,1.41552424635543,2.34290404151124,0,0,0,0,0,0,0,0,0,0,2634.35932924302,2274.92354744104,401.58518687362,795.116426016437,213.214990928424,372.383602733927,0,0,101.216298215983,87.4062006804967,15.4760419831504,30.6451085972019,8.215437971443,14.3481414906076,0,0,24712.0187335446,21285.6407040483,4468.75882075658,8657.32017267438,2663.10299344141,4443.06544257123,0,0,949.442808985018,817.829100806927,173.738943146583,337.186857669471,104.473315269774,174.595186746647,0,0,0,0,7.68392019781931,15.2266767832242,4.89975050821806,8.21389620866874,0,0,0,0,0,0,0,0,0,0,198.504132878215,184.885070218266,140.833015412039,308.724656187692,147.028458688447,283.16675746899,0,0,7.6268000945499,7.10358122197127,5.38653680905321,11.8008064384527,5.59814910488327,10.7780381431261,0,0,433.428897516593,394.453879693187,277.847468666762,635.297242158534,336.151249438564,652.601601648625,0,0,16.6528544531825,15.1555532650249,10.6314114491022,24.2932132650687,12.8087552746528,24.8549555966936,0,0,0,0,44.735120226388,100.560208387887,45.5166944725285,81.9190532566504,0,0,0,0,0,0,0,0,0,0,191.753279194059,92.861240125249,360.019860279006,319.666394686158
"113",1999,2155,9.33333333333333,7222.17887032038,6217.12438037515,1466.80607266953,2816.74497465604,773.689389328687,1277.21904989454,0,0,0,0,0,0,0,0,0,0,0,0,2.38277120908463,4.68080322027916,1.42383344002982,2.35925601469771,0,0,0,0,0,0,0,0,0,0,2648.12396538768,2283.68249943674,405.301741436625,803.176700739132,216.66532172798,379.150362623639,0,0,101.745157548644,87.7427336232185,15.6193197633285,30.955869354007,8.34838103070182,14.6088608865103,0,0,24659.7233667618,21210.301477063,4474.11251043216,8672.48029771008,2683.53057395252,4483.98307744384,0,0,947.433826333125,814.934439475579,173.956455579073,337.800842221385,105.282929356201,176.219230172135,0,0,0,0,7.70249327567239,15.2722090127345,4.94082331330429,8.29561224328672,0,0,0,0,0,0,0,0,0,0,199.14386449017,185.193885077021,142.002240556354,311.444231973758,149.208578510224,287.801380950861,0,0,7.65138002054071,7.11544637041373,5.43135979717324,11.9049789905231,5.68136890632408,10.9548708712506,0,0,430.746022855184,391.65213061571,278.955019587329,638.687590027987,339.629223978811,660.889299797919,0,0,16.5497771399351,15.0479055038155,10.6737928271153,24.4228144492927,12.9414095605338,25.1708496768136,0,0,0,0,45.0222867207398,101.316485939395,46.0445778917937,83.0167478802392,0,0,0,0,0,0,0,0,0,0,193.809002314206,93.7410275395685,367.295447686822,326.485123943545
"114",1999,2155,9.41666666666667,7202.52103323951,6192.54955834483,1468.64834915784,2821.22589600145,777.814665265725,1285.44870833657,0,0,0,0,0,0,0,0,0,0,0,0,2.38729747392338,4.6912839389289,1.43199862051399,2.3753936745046,0,0,0,0,0,0,0,0,0,0,2661.98800400046,2292.5052896055,409.042862584954,811.285546991296,220.147055170702,385.995646754859,0,0,102.277836083091,88.081719330637,15.7635414245604,31.2684983871468,8.48253392891127,14.8726056807686,0,0,24607.8571868257,21135.5894954496,4479.26725160979,8687.1841998971,2703.80001337331,4524.7597430128,0,0,945.441332092204,812.063877973583,174.166107243588,338.396884124248,106.08644652383,177.837985996752,0,0,0,0,7.72034428305546,15.3164266910551,4.98167404082908,8.3772096581411,0,0,0,0,0,0,0,0,0,0,199.792218111445,185.512448733454,143.167504544612,314.170651597676,151.403264563493,292.491140872775,0,0,7.67629121493476,7.12768608337004,5.47603456762268,12.0094211752812,5.76515096770453,11.1338194817074,0,0,428.093506948597,388.878629916532,280.047105572522,642.029446375456,343.107471296345,669.191998173967,0,0,16.4478662223136,14.9413430915786,10.7155882610961,24.5505755887914,13.0740840946226,25.4873378888928,0,0,0,0,45.3048436760699,102.063952697677,46.5720501797257,84.1170653092439,0,0,0,0,0,0,0,0,0,0,195.871384599709,94.6223065468012,374.658708724664,333.39210610193
"115",1999,2155,9.5,7182.83865367037,6168.08360764924,1470.34944540152,2825.41895739986,781.856235202859,1293.55196541873,0,0,0,0,0,0,0,0,0,0,0,0,2.39155235625863,4.7012428526331,1.44001731173632,2.39131234691941,0,0,0,0,0,0,0,0,0,0,2675.95095492475,2301.39158600473,412.807482122583,819.441015267175,223.660290407566,392.919598662919,0,0,102.814314986725,88.4231450489876,15.9086661882397,31.5829211437317,8.61790047038217,15.1393814047903,0,0,24556.4178501865,21061.5003633656,4484.22789631376,8701.44111716805,2723.9109133026,4565.3931167849,0,0,943.465236223847,809.217247405323,174.368085573088,338.975336954138,106.883845834585,179.45135518932,0,0,0,0,7.73754972895117,15.359439298066,5.02229863145053,8.45868127991253,0,0,0,0,0,0,0,0,0,0,200.449052927647,185.840449938763,144.329870496154,316.904449226163,153.61260496412,297.23549652446,0,0,7.70152826746556,7.14028840216145,5.52060195325814,12.1141537388499,5.84949877013334,11.3148637514083,0,0,425.471317320223,386.133535374171,281.123307246169,645.323000863409,346.585059416026,677.508897613204,0,0,16.3471204525151,14.8358720904138,10.7567817503257,24.6765040984597,13.2067435967342,25.8043903494492,0,0,0,0,45.5827536386156,102.802490117164,47.0989909980434,85.2197966314594,0,0,0,0,0,0,0,0,0,0,197.940514467612,95.5051227567414,382.109988336238,340.388133803284
"116",1999,2155,9.58333333333333,7163.1308603577,6143.72487618846,1471.91159363028,2829.3280955384,785.813134846988,1301.52661017315,0,0,0,0,0,0,0,0,0,0,0,0,2.39554277473205,4.71068659227559,1.44788723816097,2.40700752762869,0,0,0,0,0,0,0,0,0,0,2690.01241878612,2310.3411352639,416.594629046348,827.641339160488,227.205096070703,399.922365241352,0,0,103.354578914939,88.767001043369,16.0546569758392,31.8990700559538,8.7544832907403,15.4091937212072,0,0,24505.4029550261,20988.0296633341,4488.99915237132,8715.2600522979,2743.86293031384,4605.88095550657,0,0,941.50544645088,806.394378043951,174.562572511548,339.536545397501,107.675108526305,181.059241770009,0,0,0,0,7.75417392403742,15.4013398027774,5.06269434970651,8.54002131209955,0,0,0,0,0,0,0,0,0,0,201.114235744399,186.177596185325,145.49025453525,319.646052132304,155.836692043184,302.03396581783,0,0,7.72708606063687,7.15324208817534,5.56509713920465,12.2191932996657,5.93441596182506,11.4979856883663,0,0,422.879400705598,383.416971111365,282.183304349159,648.568480564135,350.06107114353,685.839125513019,0,0,16.2475377840493,14.7314972693116,10.7973610927262,24.8006088334945,13.3393533451045,26.1219743766855,0,0,0,0,45.8559918175324,103.531998678426,47.6252807258115,86.3247326163214,0,0,0,0,0,0,0,0,0,0,200.016478913918,96.3895203386234,389.649655431521,347.473997722993
"117",1999,2155,9.66666666666667,7143.39679882777,6119.47172762798,1473.33699034015,2832.95720125764,789.684444348748,1309.37049549547,0,0,0,0,0,0,0,0,0,0,0,0,2.39927510070573,4.71962178144587,1.45560629638109,2.42247487180693,0,0,0,0,0,0,0,0,0,0,2704.17205830015,2319.35373735084,420.403417625517,835.884909932444,230.781510966248,407.004089332181,0,0,103.898614908729,89.1132796282255,16.2014799551006,32.2168835703201,8.89228388241665,15.6820481385726,0,0,24454.8100592355,20915.1729715774,4493.5855927025,8728.64978887267,2763.65577385043,4646.22109498745,0,0,939.561868948065,803.595099920538,174.749744867899,340.080845860304,108.460217933887,182.661552808502,0,0,0,0,7.77027121278403,15.4422076166197,5.10285942467991,8.62122498540633,0,0,0,0,0,0,0,0,0,0,201.787640759385,186.523612688037,146.64944590485,322.395797445145,158.07561864655,306.886118903623,0,0,7.75295976096465,7.16653658372673,5.60955043565232,12.3245529939242,6.01990621504867,11.6831692880867,0,0,420.317685846252,380.729031209566,283.22686090432,651.766142398972,353.534606750701,694.181746180687,0,0,16.1491154790805,14.6282222430278,10.8373173149729,24.9228997963371,13.4718792793182,26.4400548839466,0,0,0,0,46.1245438449298,104.252394922144,48.1508008258519,87.4316641512342,0,0,0,0,0,0,0,0,0,0,202.099363595758,97.2755421135185,397.278099845074,354.650486303963
"118",1999,2155,9.75,7123.63563712666,6095.32254624862,1474.62779801346,2836.31012239401,793.469288254779,1317.08153877843,0,0,0,0,0,0,0,0,0,0,0,0,2.40275523929931,4.72805502565319,1.46317253499159,2.43771018665373,0,0,0,0,0,0,0,0,0,0,2718.42957661976,2328.42922663501,424.233037656165,844.170256018558,234.389545113072,414.164904336434,0,0,104.446411562753,89.4619744397667,16.3491041690473,32.5363053654516,9.03130263365558,15.9579498037217,0,0,24404.6366937474,20842.9258693154,4497.99166290543,8741.61890409306,2783.28920423788,4686.41144955723,0,0,937.634408854349,800.819243258173,174.929774604858,340.60856695623,109.239159414775,184.258198407637,0,0,0,0,7.78588764609988,15.4821108209107,5.14279280908942,8.70228831999086,0,0,0,0,0,0,0,0,0,0,202.469149239443,186.878241389313,147.808123274587,325.153945431053,160.329475243695,311.791572319716,0,0,7.77914480657056,7.18016197382869,5.65398790432953,12.4302429873666,6.10597311430933,11.8704003101646,0,0,417.786085718652,378.069782662838,284.253813233196,654.916267286765,357.00478582162,702.535769540612,0,0,16.0518501940667,14.5260495855771,10.8766442121912,25.0433879096967,13.6042880709565,26.7585947105822,0,0,0,0,46.388404093734,104.963609206661,48.6754340949184,88.5403825587602,0,0,0,0,0,0,0,0,0,0,204.189252906325,98.1632296361567,404.995729775189,361.918385587248
"119",1999,2155,9.83333333333333,7103.84657065508,6071.2757409893,1475.7861466827,2839.39066630946,797.166835394385,1324.65772243482,0,0,0,0,0,0,0,0,0,0,0,0,2.40598869776438,4.73599290394517,1.47058413826578,2.45270942515411,0,0,0,0,0,0,0,0,0,0,2732.78469951675,2337.5674563985,428.082745821629,852.496025065201,238.029180922536,421.404929847792,0,0,104.997958340726,89.8130798408562,16.4975012071062,32.8572836664596,9.17153887307907,16.2369033334864,0,0,24354.8803733537,20771.2839518194,4502.22168810512,8754.17578017038,2802.7630307069,4726.45001121684,0,0,935.722970688464,798.066638819813,175.102829099613,341.120029940938,110.011920274672,185.849091675072,0,0,0,0,7.8010623767176,15.5211080317722,5.18249399161197,8.78320793862857,0,0,0,0,0,0,0,0,0,0,203.158649146138,187.241239963419,148.966869029995,327.920690933084,162.598347549358,316.749983489872,0,0,7.80563689279603,7.19410894793726,5.69843190739088,12.536270916123,6.19262006429484,12.0596660682202,0,0,415.284499462644,375.439267995854,285.264059499285,658.019155232356,360.470748601538,710.90015896481,0,0,15.9557380538528,14.4249809308208,10.9153379463137,25.1620848259242,13.7365471751362,27.0775549193654,0,0,0,0,46.6475742707516,105.665583821943,49.1990648584643,89.650679857551,0,0,0,0,0,0,0,0,0,0,206.286230046192,99.0526232721084,412.80296946823,369.278479087519
"120",1999,2155,9.91666666666667,7084.02882624704,6047.32974881634,1476.81413535919,2842.20260215352,800.77629871272,1332.09709432712,0,0,0,0,0,0,0,0,0,0,0,0,2.40898064347835,4.74344196237912,1.47783941276973,2.46746868083856,0,0,0,0,0,0,0,0,0,0,2747.23716072932,2346.76828618751,431.951858014096,860.860968145725,241.700374444058,428.724268109166,0,0,105.553245012445,90.1665904350343,16.6466449128164,33.1797706425228,9.31299091690161,16.5189126780759,0,0,24305.5386054566,20700.2428356284,4506.27987915682,8766.32861450585,2822.07710945174,4766.33484855814,0,0,933.827458685179,795.337118185576,175.269071379844,341.615549099711,110.778489694437,187.434148685849,0,0,0,0,7.81582883058895,15.5592499702436,5.22196284853531,8.86398091792762,0,0,0,0,0,0,0,0,0,0,203.856034729735,187.612380835409,150.126181800807,330.696173233146,164.882314595344,321.761045602839,0,0,7.83243195660237,7.20836876225755,5.74290158864601,12.6426422668202,6.2798502151703,12.2509552343222,0,0,412.812814052169,372.837507589042,286.257550582433,661.075121212234,363.931656939554,719.273838304302,0,0,15.8607747158608,14.3250170618023,10.9533966955861,25.2790027672194,13.8686248664329,27.3968950634292,0,0,0,0,46.9020622320621,106.358271393334,49.7215791242234,90.762348980546,0,0,0,0,0,0,0,0,0,0,208.390377090374,99.9437622702267,420.700257121064,376.731547699048
"121",2000,2155,10,7065.10223335766,6024.06688762103,1478.02443827576,2845.2261162373,804.200928740748,1339.12286188193,0,0,0,0,0,0,0,0,0,0,0,0,2.41162068532637,4.74997636419781,1.48475627407318,2.48146975098686,0,0,0,0,0,0,0,0,0,0,2761.82729765843,2356.05994885504,435.785964800211,869.145392832089,245.370165917999,436.027193613554,0,0,106.11382140536,90.5235909736621,16.7944417090414,33.4991566215434,9.4543891273353,16.8002900885971,0,0,24257.5426656425,20630.4397452328,4509.93982542717,8777.44425465814,2840.88714939051,4805.07039673494,0,0,931.983653763456,792.655164544434,175.419674646407,342.070298342968,111.525346316695,188.974206743931,0,0,0,0,7.82973955829692,15.59497937698,5.26055952525734,8.94275010204841,0,0,0,0,0,0,0,0,0,0,204.544804709603,187.949367611367,151.238797366423,333.290178578072,167.101932127207,326.558932759168,0,0,7.85889599932235,7.22131632140028,5.78558995596529,12.7420874608892,6.3646378136987,12.4341465437881,0,0,410.374271094271,370.26775955855,287.209594146724,664.003758720341,367.341761580868,727.502473446295,0,0,15.7670847266382,14.2262831605848,10.9898745891298,25.3910654440794,13.9987779689655,27.7107371659142,0,0,0,0,47.1490245052928,107.030555047171,50.2367719450993,91.8561668544863,0,0,0,0,0,0,0,0,0,0,210.539939188211,100.896499696121,428.831992451929,384.784066845118
"122",2000,2155,10.0833333333333,7046.92855823352,6001.40274371283,1479.36901584879,2848.39206194392,807.465431729563,1345.79213735097,0,0,0,0,0,0,0,0,0,0,0,0,2.41408250744961,4.75596330765253,1.49136609464439,2.49479609813804,0,0,0,0,0,0,0,0,0,0,2776.47325404534,2365.37136541785,439.580412792835,877.338119476889,249.028197435897,443.299686977617,0,0,106.676542471109,90.8813504885362,16.9407128144467,33.8150129980396,9.59533583034296,17.0804979344898,0,0,24210.779826428,20561.8004809463,4513.26270860236,8787.67094457627,2859.25437591324,4842.8195068105,0,0,930.187224728645,790.017927025829,175.557016334641,342.490063081681,112.254883951447,190.475646724252,0,0,0,0,7.84290320087963,15.6286813526385,5.29838252969604,9.01978871908447,0,0,0,0,0,0,0,0,0,0,205.229222380886,188.262785174375,152.316972139145,335.751746784206,169.276395631255,331.204023802214,0,0,7.88519282169594,7.23335831357957,5.82696526832282,12.8364801392618,6.44771361462885,12.6115379668721,0,0,407.973154836433,367.731861090616,288.1249872645,666.812029155823,370.705872114783,735.595311322548,0,0,15.6748326924329,14.1288498148213,11.0249556349995,25.4985400142868,14.1271900047075,28.0194340105542,0,0,0,0,47.3890201784867,107.684297376317,50.7455172187078,92.9347467969747,0,0,0,0,0,0,0,0,0,0,212.728653536998,101.900895487269,437.172416376741,393.354093501051
"123",2000,2155,10.1666666666667,7028.73998111872,5978.85035348192,1480.59004575634,2851.30638505006,810.651729923957,1352.33629775758,0,0,0,0,0,0,0,0,0,0,0,0,2.41648348951817,4.76180483651096,1.49782273401632,2.50788017536679,0,0,0,0,0,0,0,0,0,0,2791.12903033275,2374.66821209431,443.378055553947,885.533013060611,252.699560860715,450.616810322459,0,0,107.239640833138,91.2385502050774,17.0871072191464,34.1309549981237,9.73679761616532,17.3624280224457,0,0,24164.474229959,20493.7904376429,4516.44897936864,8797.55887065389,2877.46662097774,4880.40940758393,0,0,928.408362022564,787.404865241513,175.688907892254,342.896400053043,112.978396612045,191.970991617884,0,0,0,0,7.85574081431345,15.6617373756595,5.33596271368106,9.09663273332448,0,0,0,0,0,0,0,0,0,0,205.922984683729,188.588224359295,153.401178831174,338.242330535128,171.472395730459,335.919583798755,0,0,7.91184867615578,7.24586219583866,5.86857480059249,12.9319905477607,6.53161747336407,12.7916300411441,0,0,405.607502182425,365.227529449212,289.024682583751,669.566957460496,374.060579264756,743.676405020006,0,0,15.5839431887531,14.032629318114,11.0594425588727,25.6039911716759,14.2552555336888,28.3277111629513,0,0,0,0,47.6244622766343,108.328734236112,51.2527850734997,94.0136791401362,0,0,0,0,0,0,0,0,0,0,214.924729669186,102.906997248961,445.601461296025,402.020772036355
"124",2000,2155,10.25,7010.53376009782,5956.40641837691,1481.68919744594,2853.97205802667,813.758902588121,1358.75333780339,0,0,0,0,0,0,0,0,0,0,0,0,2.41880012118114,4.76745592425457,1.50412847261655,2.52072423233136,0,0,0,0,0,0,0,0,0,0,2805.80491072276,2383.95971212385,447.180670888262,893.73375477215,256.386484595635,457.982322088338,0,0,107.803511626939,91.5955444948937,17.2336932332753,34.4471239201498,9.87885996546064,17.6462245136913,0,0,24118.6161122549,20426.3988732739,4519.50100477541,8807.11279539747,2895.5231818393,4917.83715625835,0,0,926.646690507577,784.815566464354,175.815441571011,343.289491936644,113.695852256206,193.460118774199,0,0,0,0,7.8682723336463,15.6941646254588,5.37329936717616,9.1732783677443,0,0,0,0,0,0,0,0,0,0,206.625567917444,188.924928836788,154.490795207252,340.758972838384,173.688345067641,340.701745890159,0,0,7.9388434413712,7.25879890879098,5.91039474526786,13.0285055931832,6.61628879901153,12.9742753726759,0,0,403.276573333683,362.754404283626,289.908850752185,672.270278009294,377.405481874989,751.746237644785,0,0,15.4943877917136,13.9376078252013,11.0933418717141,25.7074852415173,14.3829593809456,28.635587323393,0,0,0,0,47.8553703994422,108.9638533559,51.7584654783769,95.092756777029,0,0,0,0,0,0,0,0,0,0,217.128264578749,103.914867139267,454.119867192244,410.785420580031
"125",2000,2155,10.3333333333333,6992.30751441358,5934.06795683194,1482.66816752953,2856.39212576687,816.786105133208,1365.04137080086,0,0,0,0,0,0,0,0,0,0,0,0,2.42101339143283,4.77287993078356,1.51028474772323,2.53332928902732,0,0,0,0,0,0,0,0,0,0,2820.50958849103,2393.25368278614,450.989680591773,901.943325429876,260.090800878322,465.399361864209,0,0,108.368488862064,91.952633710371,17.3805255048939,34.7636341999075,10.0215931752039,17.9320078552572,0,0,24073.1967946841,20359.6160330971,4522.42126023009,8816.33772501848,2913.42354475178,4955.10012556259,0,0,924.901876745934,782.249655901133,175.936713848619,343.669530962555,114.407226219003,194.942917780717,0,0,0,0,7.8805153254966,15.7259796451382,5.41039249561109,9.24972280693217,0,0,0,0,0,0,0,0,0,0,207.336522268158,189.272226133725,155.585321458755,343.299123713402,175.922945645376,345.547200568184,0,0,7.96615983485609,7.27214261493996,5.95240598312063,13.1259277617687,6.70167808199036,13.1593478854608,0,0,400.979693453575,360.3121612546,290.77765959379,674.923552712701,380.740121821118,759.805066785317,0,0,15.4061405733418,13.8437728744394,11.1266599728019,25.8090819417488,14.5102841811831,28.9430725679414,0,0,0,0,48.0817681960767,109.589648369019,52.2624513985942,96.1717760944689,0,0,0,0,0,0,0,0,0,0,219.339349942694,104.92456342051,462.728317564333,419.649271799057
"126",2000,2155,10.4166666666667,6974.05916106882,5911.83224816622,1483.5286708217,2858.56968710435,819.732561011924,1371.19861641014,0,0,0,0,0,0,0,0,0,0,0,0,2.42310782941781,4.77804685805194,1.51629240008483,2.54569549090163,0,0,0,0,0,0,0,0,0,0,2835.25046751915,2402.55680315349,454.806225412063,910.16414898365,263.814020938319,472.87056650215,0,0,108.934857007485,92.3100744721485,17.5276478942012,35.0805789110057,10.1650552364983,18.2198792255798,0,0,24028.2084780832,20293.4329658917,4525.21229511221,8825.23884060198,2931.16735160675,4992.19595140404,0,0,923.173621089671,779.706789631237,176.052824098822,344.036716246746,115.112499923945,196.419288443594,0,0,0,0,7.89248543428525,15.7571983409469,5.44724257676059,9.32596389526633,0,0,0,0,0,0,0,0,0,0,208.055457808571,189.629513643276,156.684350374618,345.860561990444,178.175123485155,350.453087201189,0,0,7.99378287505753,7.28587016116405,5.99459294007613,13.2241721237803,6.7877443903083,13.3467386689293,0,0,398.716239727619,357.900502283937,291.631277280691,677.528200127873,384.064004371686,767.85296902428,0,0,15.3191776044173,13.7511130131773,11.1594032716669,25.9088354982126,14.6372111604117,29.2501700528484,0,0,0,0,48.3036825893541,110.206118067246,52.7646386788682,97.2505367863664,0,0,0,0,0,0,0,0,0,0,221.558073079133,105.936141030559,471.427452486231,428.613488363712
"127",2000,2155,10.5,6955.78688471884,5889.69680570367,1484.27243551092,2860.50788526849,822.597558832573,1377.22339652792,0,0,0,0,0,0,0,0,0,0,0,0,2.42507103704199,4.78293249590786,1.522151789357,2.55782227708855,0,0,0,0,0,0,0,0,0,0,2850.0338101419,2411.87474598366,458.631201873157,918.398162518198,267.557371558748,480.398125550443,0,0,109.502856672119,92.6680847366514,17.6750948855035,35.3980324479506,10.3092932344009,18.5099226564582,0,0,23983.6441415365,20227.8414338538,4527.87671449553,8833.82146190611,2948.75438399196,5029.12250858386,0,0,921.461653791656,777.186651144681,176.163873885086,344.391252392637,115.811660269615,197.889139853582,0,0,0,0,7.90419660163541,15.7878359898427,5.48385045303718,9.40200000117453,0,0,0,0,0,0,0,0,0,0,208.782037524833,189.996251797699,157.787552915605,348.44135698702,180.443996119797,355.416940140152,0,0,8.02169961343765,7.29996081640449,6.03694303428547,13.3231648653635,6.8744541236425,13.5363539143567,0,0,396.485634943211,355.519150517997,292.469873548436,680.085509773068,387.376608748301,775.889862941081,0,0,15.2334767078,13.6596176042455,11.1915782347316,26.0067951927243,14.7637205410063,29.5568768949069,0,0,0,0,48.5211433944891,110.813266070659,53.2649260352685,98.3288418276006,0,0,0,0,0,0,0,0,0,0,223.784517415818,106.949651853256,480.217874826968,437.679170441328
"128",2000,2155,10.5833333333333,6937.4891041121,5867.65934700213,1484.90119810128,2862.20989761028,825.380448493118,1383.1141296444,0,0,0,0,0,0,0,0,0,0,0,0,2.42689317836639,4.78751748684966,1.52786291676668,2.56970855910231,0,0,0,0,0,0,0,0,0,0,2864.86490013715,2421.21232246645,462.465302648749,926.646893470048,271.321836268267,487.983844264625,0,0,110.07269086716,93.0268493574856,17.8228931354394,35.7160534860368,10.4543449253477,18.8022074456199,0,0,23939.4974306592,20162.8338131889,4530.41716005815,8842.0910090412,2966.18454501767,5065.8778826292,0,0,919.765730713355,774.688947522726,176.269966222228,344.733348008606,116.504698928879,199.352389301052,0,0,0,0,7.91566130935013,15.8179072549065,5.52021721800852,9.47782987337955,0,0,0,0,0,0,0,0,0,0,209.515969595729,190.371956337889,158.894662725502,351.039826047277,182.728837448071,360.436629109964,0,0,8.04989883782751,7.31439597464906,6.07944608251753,13.4228416621098,6.9617796664365,13.7281126327518,0,0,394.287340599626,353.167845211198,293.293620797797,682.596658161659,390.677398717351,783.91553385852,0,0,15.1490171937085,13.5692766293724,11.2231914276383,26.1030059770141,14.8897919480471,29.8631851184185,0,0,0,0,48.7341828937735,111.411100422212,53.7632150035083,99.4064973956354,0,0,0,0,0,0,0,0,0,0,226.018763012665,107.965145033063,489.100156940151,446.847364052865
"129",2000,2155,10.6666666666667,6919.16444237934,5845.71776753383,1485.4166990158,2863.67892657244,828.080637597897,1388.86932564471,0,0,0,0,0,0,0,0,0,0,0,0,2.42856653239842,4.7917865043135,1.5334255288626,2.58135287244226,0,0,0,0,0,0,0,0,0,0,2879.74818705958,2430.57361019956,466.309052057253,934.91152772515,275.108192211675,495.629200070317,0,0,110.644530551614,93.3865250024753,17.9710628342858,36.0346875918826,10.6002401492795,19.0967903188106,0,0,23895.7625585276,20098.4030060076,4532.83629358729,8850.05296905919,2983.45784296028,5102.46034432604,0,0,918.08562951848,772.213406052751,176.371204938046,345.063214414697,117.191611717906,200.808961294962,0,0,0,0,7.92689079500937,15.8474262058338,5.55634412278359,9.55345252113952,0,0,0,0,0,0,0,0,0,0,210.257000508807,190.756191330949,160.005462809329,353.654496838913,185.029047058927,365.510306119258,0,0,8.0783708079383,7.32915888665576,6.12209378962998,13.523146234945,7.04969821229403,13.921944622391,0,0,392.120850894386,350.846337413092,294.102694810827,685.062723229131,393.965831383274,791.929655750795,0,0,15.0657796286711,13.4800805234743,11.2542495427658,26.197509025058,15.0154047465962,30.1690824932447,0,0,0,0,48.9428354570591,111.999633210866,54.2594098783833,100.48331278856,0,0,0,0,0,0,0,0,0,0,228.2608870271,108.982667262813,498.074846387833,456.11906850107
"130",2000,2155,10.75,6900.81170351474,5823.87011982017,1485.8206791832,2864.91819260216,830.697588573525,1394.4875817179,0,0,0,0,0,0,0,0,0,0,0,0,2.43008514664609,4.7957276108604,1.53883919064158,2.59275348478848,0,0,0,0,0,0,0,0,0,0,2894.68740111846,2439.9620550794,470.162833755763,943.19296288616,278.917039584461,503.335387332528,0,0,111.218519046088,93.7472440684713,18.1196187682835,36.3539692657048,10.7470019571818,19.3937171443434,0,0,23852.4342266411,20034.5423699818,4535.13678430854,8857.7128699592,3000.5743781176,5138.86832927358,0,0,916.421146636303,769.759771525547,176.467694182589,345.381064635826,117.872398089148,202.25878677572,0,0,0,0,7.93789522423421,15.876406348563,5.59223251559648,9.62886713454354,0,0,0,0,0,0,0,0,0,0,211.004909506933,191.148563430947,161.119775593075,356.284077355296,187.344126536011,370.636363026028,0,0,8.10710704198909,7.34423443944215,6.16487936764873,13.6240292012435,7.13819085584733,14.117788844364,0,0,389.985688002337,348.554386743859,294.897274905094,687.484696173581,397.241363507896,799.931808978779,0,0,14.9837456541428,13.3920200507651,11.2847594051587,26.2903421862283,15.1405382839327,30.4745532127644,0,0,0,0,49.1471372374299,112.57888025336,54.7534176514931,101.559100352715,0,0,0,0,0,0,0,0,0,0,230.510964087418,110.002263023505,507.142470170541,465.495242289605
"131",2000,2155,10.8333333333333,6882.42985209851,5802.11459545836,1486.11487713897,2865.93092806198,833.230816094899,1399.96757875009,0,0,0,0,0,0,0,0,0,0,0,0,2.43144454100125,4.79933170780672,1.54410334551677,2.60390848511627,0,0,0,0,0,0,0,0,0,0,2909.68565251601,2449.38055929326,474.026914459142,951.49185405308,282.748827301543,511.103356416171,0,0,111.794775849525,94.1091180621502,18.2685712295993,36.673923696705,10.894647594502,19.6930244291834,0,0,23809.5075564497,19971.2456574437,4537.32129820098,8865.07625853028,3017.5343312779,5175.10041988453,0,0,914.772094630887,767.32780389539,176.559538014056,345.68711254311,118.547060686485,203.701802422318,0,0,0,0,7.94868383980337,15.9048606553488,5.62788379431962,9.70407302094058,0,0,0,0,0,0,0,0,0,0,211.759503747324,191.548716810193,162.237454616193,358.927429906962,189.673659342881,375.813394680675,0,0,8.13610013070946,7.35960896153672,6.20779721744154,13.7254470788001,7.22724182186262,14.3155920116933,0,0,387.881398053031,346.291758763637,295.677543885768,689.863491880473,400.503456544973,807.9214956414,0,0,14.9028978319523,13.305086203681,11.3147279706914,26.3815403841925,15.2651720824442,30.7795784804278,0,0,0,0,49.3471259057976,113.14886080746,55.2451479493778,102.633675415359,0,0,0,0,0,0,0,0,0,0,232.769066616464,111.023974797992,516.303538221307,474.976808244903
"132",2000,2155,10.9166666666667,6864.0179961036,5780.44950988321,1486.30102662665,2866.72037211445,835.679884818985,1405.30807820031,0,0,0,0,0,0,0,0,0,0,0,0,2.43264146011846,4.80259207287079,1.54921736247577,2.61481585427515,0,0,0,0,0,0,0,0,0,0,2924.74551595868,2458.83155611653,477.901463812101,959.808652337298,286.603874949872,518.933847059864,0,0,112.373399886263,94.4722404738439,18.4179267788219,36.9945682399923,11.0431893423302,19.9947405973881,0,0,23766.9780309802,19908.5069634646,4539.39248922863,8872.14868190947,3034.33795378019,5211.1553298148,0,0,913.138299958329,764.917276285158,176.646840058684,345.981572138649,119.215604961695,205.137950053186,0,0,0,0,7.95926508856162,15.9328015955263,5.66329937165289,9.7790695571574,0,0,0,0,0,0,0,0,0,0,212.520614145066,191.956328735277,163.358377794139,361.58354896044,192.01729415802,381.040167474226,0,0,8.1653435776409,7.3752700530033,6.25084267057977,13.8273614372149,7.31683782656638,14.5153073854384,0,0,385.807547757959,344.058222886749,296.443687813543,692.199958001166,403.751580478318,815.898152696547,0,0,14.8232195147165,13.2192701227426,11.3441623171559,26.4711359642267,15.389285986564,31.0841370107818,0,0,0,0,49.5428404233043,113.709597316291,55.7345129724826,103.706856223203,0,0,0,0,0,0,0,0,0,0,235.035265107466,112.047843259414,525.558546195334,484.564657870648
"133",2001,2155,11,6844.85327386204,5757.83202865848,1486.79775126296,2867.94442809494,838.114251344236,1410.54978348005,0,0,0,0,0,0,0,0,0,0,0,0,2.43381107866409,4.80563747313282,1.55430824708049,2.62554917704136,0,0,0,0,0,0,0,0,0,0,2939.79549968661,2468.17712279974,481.890883969959,968.290418657548,290.507943276003,526.845509072496,0,0,112.951644328561,94.8313120909558,18.5716994390443,37.3215554977151,11.193619599346,20.2995838859763,0,0,23723.8864452893,19844.7490529891,4542.30503319737,8880.2878668936,3051.23850172339,5247.18570466262,0,0,911.482908901732,762.467588775664,176.766376526737,346.316688283544,119.88797504134,206.573228319567,0,0,0,0,7.9700637028651,15.9606133734352,5.69894914591794,9.85414079176672,0,0,0,0,0,0,0,0,0,0,213.296962882641,192.355381095883,164.531437064268,364.299050953716,194.436848900942,386.359126342028,0,0,8.19517249940964,7.39060227242239,6.29588812698712,13.931558046335,7.40933466860671,14.718552230019,0,0,383.75686533441,341.838208572245,297.21863440661,694.5207573775,407.019593737473,823.884887318197,0,0,14.744431311302,13.1339735627287,11.3739413196237,26.560151385424,15.5141706093627,31.3891093591121,0,0,0,0,49.73635987717,114.262742319719,56.2260386927309,104.781467132336,0,0,0,0,0,0,0,0,0,0,237.282749074502,113.065354779618,534.798354400548,494.179537556613
"134",2001,2155,11.0833333333333,6825.38853111032,5734.91988594974,1487.3332066221,2869.1775333642,840.493592314173,1415.67007603645,0,0,0,0,0,0,0,0,0,0,0,0,2.43497450194095,4.80856885612971,1.55929774182335,2.63606202333694,0,0,0,0,0,0,0,0,0,0,2954.89806786511,2477.51528561032,485.93422778848,976.855311762552,294.450968268219,534.836587262789,0,0,113.531909149542,95.1900992394411,18.7275470499318,37.6517414264656,11.3455501850025,20.6074859732696,0,0,23680.8162958812,19780.9467611961,4545.44647019781,8888.62598180012,3068.08848608922,5283.1053185352,0,0,909.828340053218,760.016196109336,176.894568807353,346.659085008588,120.558367089551,208.00422744892,0,0,0,0,7.98108689865118,15.9884919252088,5.73455210691269,9.92911947216044,0,0,0,0,0,0,0,0,0,0,214.081879470062,192.755762386047,165.724802012933,367.045033284879,196.889466010436,391.740281603033,0,0,8.22533060780479,7.4059855515455,6.34171507028969,14.0369304868531,7.50309959361755,14.9241846334317,0,0,381.732448461005,339.639326476723,297.990648913681,696.810931818749,410.288865597535,831.866527319672,0,0,14.6666522385881,13.0494889373024,11.4036149739381,26.6480128579523,15.6391158836049,31.6939176540963,0,0,0,0,49.9264927840203,114.807338482824,56.7168212525795,105.855466915657,0,0,0,0,0,0,0,0,0,0,239.528238093817,114.081729484793,544.093319976484,503.872137140924
"135",2001,2155,11.1666666666667,6805.89847272102,5712.10946019013,1487.74860483388,2870.17087671782,842.791269362324,1420.65230006813,0,0,0,0,0,0,0,0,0,0,0,0,2.43607263958466,4.81132459438957,1.56413839032968,2.64632577743144,0,0,0,0,0,0,0,0,0,0,2970.08346404614,2486.90085882127,489.992047032079,985.448024660276,298.423784476746,542.901153979307,0,0,114.115356354836,95.550707971326,18.8839530876009,37.9830004492497,11.4986280429135,20.9182186216722,0,0,23638.127419444,19717.6941908947,4548.45445174089,8896.65010197404,3084.79331107602,5318.85615416994,0,0,908.188418739477,757.585924675793,177.017461646144,346.989027731095,121.223060301024,209.428655919798,0,0,0,0,7.9921715781694,16.0162922590107,5.7699378027182,10.0039049154523,0,0,0,0,0,0,0,0,0,0,214.871856044139,193.163283743046,166.91983897417,369.803111318323,199.351500917414,397.166766067919,0,0,8.2556831265649,7.42164316355887,6.38760992717524,14.1427746466792,7.59723183161272,15.1315625337191,0,0,379.736469606617,337.467097865832,298.751417585151,699.061475612201,413.545911636303,839.833235178526,0,0,14.5899657657054,12.9660283823609,11.4328645512741,26.7343748913145,15.7636079271981,31.9981873141555,0,0,0,0,50.1125452565712,115.342853850802,57.2050330124359,106.927541562285,0,0,0,0,0,0,0,0,0,0,241.782001739818,115.100236493559,553.485836817583,513.673873419029
"136",2001,2155,11.25,6786.38284990601,5689.39953863284,1488.04603835886,2870.92824318108,845.00677896297,1425.49524689073,0,0,0,0,0,0,0,0,0,0,0,0,2.43708375206103,4.81386800419064,1.56883083168418,2.65634010748543,0,0,0,0,0,0,0,0,0,0,2985.35124571185,2496.33375749816,494.063863013322,994.067450968652,302.425925441001,551.038515970263,0,0,114.7019689422,95.9131350232938,19.0408991223924,38.3152900107435,11.6528353133708,21.2317552999734,0,0,23595.8173624117,19654.9871154921,4551.33222596187,8904.36671016857,3101.35320987659,5354.43726072301,0,0,906.563050694382,755.176612082289,177.135181097708,347.306766200449,121.882059973274,210.846469063107,0,0,0,0,8.00327502858661,16.0439497417382,5.80511163361596,10.0785019585927,0,0,0,0,0,0,0,0,0,0,215.666920802204,193.577725570525,168.116723173205,372.572739812169,201.823523164783,402.638530960755,0,0,8.28623113909148,7.43756667121762,6.43357935798239,14.2490696457104,7.69175326678453,15.3406844966554,0,0,377.768579437524,335.321441683286,299.500929863052,701.273170261199,416.789840923994,847.784166454584,0,0,14.5143584709375,12.8835887835835,11.461689624247,26.8192673246089,15.8876128590608,32.3018863526532,0,0,0,0,50.2945945955507,115.869380026301,57.6905980449497,107.997524182465,0,0,0,0,0,0,0,0,0,0,244.044093334043,116.120912915415,562.976226063131,523.58553841186
"137",2001,2155,11.3333333333333,6766.84145306943,5666.78894165427,1488.22756786561,2871.45337676089,847.139662006987,1430.19777618813,0,0,0,0,0,0,0,0,0,0,0,0,2.43799041033379,4.81616961226674,1.57337526325872,2.6661041481038,0,0,0,0,0,0,0,0,0,0,3000.70094638626,2505.81387230903,498.149226882116,1002.71256263173,306.456926757311,559.248006512139,0,0,115.29172898888,96.2773761946357,19.198367868257,38.6485705552955,11.8081542031727,21.5480704768993,0,0,23553.8836813323,19592.8213501963,4554.08295949176,8911.78214591196,3117.76843427637,5389.84772152702,0,0,904.952142040352,752.788097542139,177.247850108242,347.612544753752,122.535372190891,212.257623594104,0,0,0,0,8.01436281040491,16.0714123540406,5.84007760971375,10.152913713013,0,0,0,0,0,0,0,0,0,0,216.467097744773,193.998882097049,169.315597290022,375.353397438003,204.306013204658,408.155484145772,0,0,8.31697556753701,7.45374816845239,6.47962878055565,14.3557955171614,7.78668237019919,15.5515474044091,0,0,375.828433162518,333.202259981165,300.239194109833,703.446739803235,420.019839811656,855.718489901247,0,0,14.4398171071046,12.8021663776457,11.4900904818984,26.9027177863259,16.0110997438359,32.604983288892,0,0,0,0,50.472710107988,116.38699765822,58.1734434023917,109.065251349834,0,0,0,0,0,0,0,0,0,0,246.314566479124,117.143794712369,572.564828068288,533.607917141483
"138",2001,2155,11.4166666666667,6747.2741128231,5644.27652346776,1488.2952255018,2871.7499851318,849.189501624122,1434.75881333747,0,0,0,0,0,0,0,0,0,0,0,0,2.43877852088461,4.81820555999237,1.57777159629599,2.67561669338368,0,0,0,0,0,0,0,0,0,0,3016.13206742657,2515.3410629098,502.247713244582,1011.38239263682,310.516325283666,567.528976997511,0,0,115.884617336223,96.6434260931075,19.3563429384483,38.982804865296,11.9645669569644,21.8671393009985,0,0,23512.3239475087,19531.1927539101,4556.70974467265,8918.90261904221,3134.03925391344,5425.08665425585,0,0,903.355599466657,750.420221947478,177.35558879099,347.906602830589,123.183003794669,213.662077618408,0,0,0,0,8.02540684792731,16.0986378380753,5.87483876026211,10.2271420690122,0,0,0,0,0,0,0,0,0,0,217.272407030291,194.426559758819,170.516577555722,378.14458589118,206.799375938625,413.717498063478,0,0,8.34791718643511,7.47018021823087,6.52576260232918,14.4629331725504,7.88203471784133,15.764146761744,0,0,373.915690784002,331.109440548513,300.966233949112,705.582858713728,423.235160237612,863.63538520144,0,0,14.3663286112103,12.7217568532144,11.5180679905603,26.9847519974943,16.1340401444652,32.9074470583052,0,0,0,0,50.64695500901,116.895779235707,58.6534986578027,110.130562596789,0,0,0,0,0,0,0,0,0,0,248.593475001932,118.168916818413,582.251998285563,543.741787527816
"139",2001,2155,11.5,6727.68070227272,5621.86117392549,1488.25101548089,2871.82174061924,851.155923821347,1439.17735093863,0,0,0,0,0,0,0,0,0,0,0,0,2.43943694385276,4.81995697636349,1.58201951606226,2.68487627365601,0,0,0,0,0,0,0,0,0,0,3031.64407311396,2524.91515393884,506.358917595811,1020.07602791281,314.603658667772,575.880792805915,0,0,116.480613401056,97.0112779810353,19.5148087472411,39.3179577892699,12.1220558398237,22.1889374431254,0,0,23471.1357493269,19470.0972313394,4559.21560041897,8925.73421159475,3150.16595654772,5460.15321235868,0,0,901.773330318887,748.07282795028,177.458514459106,348.189175046165,123.824962393947,215.059790690803,0,0,0,0,8.03638468353477,16.1255925768122,5.90939728522702,10.3011878851662,0,0,0,0,0,0,0,0,0,0,218.082864966262,194.86057664166,171.719756105053,380.945829740003,209.303945793381,419.324412602834,0,0,8.3790566223594,7.486855831118,6.571984309883,14.5704643954686,7.97782318457694,15.97847680646,0,0,372.030017363501,329.04285786127,301.682086798657,707.682154884857,426.435115438537,871.534042380567,0,0,14.2938801146435,12.6423553874456,11.5456235378842,27.0653938854828,16.2564079574725,33.2092469876786,0,0,0,0,50.8173871692466,117.395790237912,59.1306957982226,111.193300316082,0,0,0,0,0,0,0,0,0,0,250.880872923161,119.196313169622,592.038105355049,553.987920032804
"140",2001,2155,11.5833333333333,6708.06113822239,5599.54181939579,1488.09691569426,2871.67228251762,853.038596779592,1443.45244831625,0,0,0,0,0,0,0,0,0,0,0,0,2.43995695150412,4.8214090868575,1.58611856265612,2.69388125711903,0,0,0,0,0,0,0,0,0,0,3047.23638615186,2534.53593148832,510.482452661086,1028.79259932331,318.718464858541,584.302828179801,0,0,117.07969500272,97.3809236397382,19.6737503698278,39.6539958587245,12.2806031196159,22.5134409013363,0,0,23430.3166944711,19409.5307339892,4561.60347564856,8932.28288422729,3166.14884776418,5495.04658551361,0,0,900.205242684038,745.745760000606,177.55674175652,348.460491435999,124.461256355096,216.450723834454,0,0,0,0,8.04727842211126,16.1522500067021,5.94375476730011,10.3750512515005,0,0,0,0,0,0,0,0,0,0,218.898484138114,195.300761482889,172.92520445809,383.756675606308,211.81999471751,424.976039434385,0,0,8.41039435887509,7.50376842692608,6.61829660156534,14.6783718097582,8.07405825002441,16.1945306765232,0,0,370.171083153753,327.002374603493,302.386801738288,709.745214510765,429.61907307776,879.413660789764,0,0,14.2224589482523,12.5639567044317,11.5727589516897,27.1446657711407,16.3781791497464,33.510352753789,0,0,0,0,50.984060164458,117.887090702211,59.6049690111171,112.253309540966,0,0,0,0,0,0,0,0,0,0,253.176814415344,120.22601677012,601.923528514292,564.347077485556
"141",2001,2155,11.6666666666667,6688.41538217406,5577.31742347043,1487.83487896087,2871.30521885998,854.837230357965,1447.58323130749,0,0,0,0,0,0,0,0,0,0,0,0,2.44033180676679,4.82255051729023,1.59006819059626,2.70262992528023,0,0,0,0,0,0,0,0,0,0,3062.90838456242,2544.20314076554,514.617945489568,1037.5312736984,322.86028169748,592.794462071537,0,0,117.681838243831,97.7523532796728,19.8331534310104,39.9908869830129,12.4401910522227,22.8406258427509,0,0,23389.8644112793,19349.4892606106,4563.87625194751,8938.5544811394,3181.98825070522,5529.76599994697,0,0,898.651245442602,743.438864363805,177.650382759495,348.720777643244,125.091894791448,217.834839555209,0,0,0,0,8.05807391216523,16.1785893809807,5.97791232915604,10.4487316852941,0,0,0,0,0,0,0,0,0,0,219.719273493679,195.746952809876,174.132976299389,386.576691262787,214.347738767918,430.672165364545,0,0,8.44193073978475,7.52091180161705,6.66470149340399,14.786638844672,8.17074825047996,16.4123005394855,0,0,368.338563660933,324.987842906674,303.080437793785,711.772586242629,432.786449610946,887.273448448897,0,0,14.1520526447355,12.4865551228191,11.5994764346361,27.2225885279251,16.4993315426521,33.8107343560761,0,0,0,0,51.147024087374,118.369736444306,60.0762545312954,113.310437795856,0,0,0,0,0,0,0,0,0,0,255.481353763968,121.258059746376,611.908655433807,574.820014924791
"142",2001,2155,11.75,6668.74344097893,5555.18698738161,1487.46683409288,2870.72412787572,856.55157558737,1451.56889200826,0,0,0,0,0,0,0,0,0,0,0,0,2.44055643195606,4.82337274228363,1.59386780983784,2.71112052563897,0,0,0,0,0,0,0,0,0,0,3078.65939996591,2553.91648494463,518.765035086531,1046.29124734542,327.028646574728,601.355074760498,0,0,118.287017444173,98.1255554963151,19.9930040144895,40.3286002007909,12.6008018691434,23.1704684747887,0,0,23349.7765492547,19289.9688569528,4566.03674591011,8944.55473426905,3197.68450574224,5564.31071846927,0,0,897.111248288223,741.151989110954,177.739547065708,348.970255078233,125.71688755085,219.212101844952,0,0,0,0,8.06876010681865,16.2045947958235,6.01187074398601,10.5222282700497,0,0,0,0,0,0,0,0,0,0,220.545238403722,196.198998129817,175.343109777166,389.405464506389,216.887343887485,436.412555016794,0,0,8.47366597145374,7.53828009617221,6.71120040680386,14.8952496916359,8.26789959992416,16.6317776960299,0,0,366.532139623989,322.999105421348,303.76306250442,713.764784982496,435.936705368198,895.11262163709,0,0,14.0826489378477,12.4101445969801,11.6257785096896,27.2991817271811,16.6198446235885,34.1103620990091,0,0,0,0,51.3063261769333,118.843780009563,60.5444905328703,114.364534999475,0,0,0,0,0,0,0,0,0,0,257.794545329739,122.29247339656,621.993880330613,585.407479487183
"143",2001,2155,11.8333333333333,6649.04536729467,5533.14955025951,1486.99468686345,2869.93255928153,858.181424151474,1455.40868848282,0,0,0,0,0,0,0,0,0,0,0,0,2.44062712336002,4.82386960898559,1.59751681959223,2.71935131523809,0,0,0,0,0,0,0,0,0,0,3094.48871651978,2563.6756245812,522.923370341575,1055.07174038725,331.223096120199,609.984044903368,0,0,118.895205099929,98.500517247668,20.1532885834792,40.6671054631423,12.762417766365,23.5029449329134,0,0,23310.0507792089,19230.9656152147,4568.08771130039,8950.2892670979,3213.23797011702,5598.68004035951,0,0,895.585161733184,738.88498409782,177.824341876481,349.20914106299,126.336245202044,220.582476179084,0,0,0,0,8.07932851428053,16.2302543508397,6.04563052781021,10.5955397714478,0,0,0,0,0,0,0,0,0,0,221.376380717858,196.656753170154,176.55562952452,392.2426019945,219.438931118989,442.196953126894,0,0,8.50560012495897,7.55586776740783,6.75779424566793,15.0041892596492,8.36551698948943,16.8529526686774,0,0,364.751496951902,321.035996283361,304.434750659375,715.722295386916,439.069340131863,902.930404629487,0,0,14.0142357599887,12.3347187541392,11.6516679720372,27.3744637723352,16.7396993765432,34.4092065802104,0,0,0,0,51.4620113570638,119.309271487397,61.0096170382198,115.415453388193,0,0,0,0,0,0,0,0,0,0,260.116443511257,123.329288235954,632.179602266873,596.110210311965
"144",2001,2155,11.9166666666667,6629.32125984079,5511.20418922498,1486.42032086976,2868.93403539392,859.726607855239,1459.10194443521,0,0,0,0,0,0,0,0,0,0,0,0,2.44054131535521,4.8240369414904,1.60101463362632,2.72732059355639,0,0,0,0,0,0,0,0,0,0,3110.39557055881,2573.48017762314,527.092608271111,1063.87199198184,335.443165926303,618.68074704179,0,0,119.506371869861,98.8772238546794,20.3139939133467,41.0063734504352,12.9250208943658,23.8380311858132,0,0,23270.684793005,19172.4756731767,4570.03184102437,8955.76359804111,3228.6490175516,5632.87330108883,0,0,894.072897098553,736.637700931473,177.904872071748,349.437648959779,126.949979019799,221.945929507776,0,0,0,0,8.08977274563988,16.255559454433,6.07919201022995,10.6686647265041,0,0,0,0,0,0,0,0,0,0,222.212698813676,197.120081168367,177.7705483899,395.087728023661,222.002581252951,448.025086440788,0,0,8.53773313797629,7.57366956068792,6.80448346246206,15.1134431285587,8.46360356529468,17.0758152752192,0,0,362.996326618592,319.098341972139,305.095583210559,717.64557507675,442.183889217865,910.726029579019,0,0,13.9468012381659,12.2602709273487,11.6771478477305,27.4484520218553,16.8588781319464,34.7072386842988,0,0,0,0,51.6141226769088,119.766259177724,61.4715758472213,116.463047463099,0,0,0,0,0,0,0,0,0,0,262.447102708269,124.368534038439,642.466223636853,606.928938464213
"145",2002,2155,12,6610.1050047411,5489.35071913664,1486.39984345829,2868.69018913536,861.137169919669,1462.37104881226,0,0,0,0,0,0,0,0,0,0,0,0,2.44031050623483,4.8235627181003,1.60425998533754,2.73449736178076,0,0,0,0,0,0,0,0,0,0,3126.29539035253,2583.15912673219,531.347738538472,1072.73577524448,339.661604046206,627.312610295184,0,0,120.117268372839,99.249104557727,20.4779996553893,41.3480738340259,13.0875618041564,24.1706203639525,0,0,23231.6535051294,19113.5978503534,4572.76050203631,8961.85733277039,3243.72052005767,5665.80158026645,0,0,892.573491248111,734.375514783497,178.015319678001,349.689067625203,127.550329387057,223.259539032102,0,0,0,0,8.09997668446068,16.2791656055592,6.11216983616409,10.7395191171897,0,0,0,0,0,0,0,0,0,0,223.04203300138,197.530594356792,178.972071332019,397.747211958645,224.523639615323,453.556162237795,0,0,8.56959781970277,7.58944212434094,6.85066582801853,15.2156090159148,8.56007566146924,17.2873764565649,0,0,361.257434256821,317.166271804952,305.74544106777,719.476914930966,445.252634244914,918.315798586594,0,0,13.8799921127516,12.1860376530534,11.7022148079166,27.5189415968563,16.9763241351936,34.997457772377,0,0,0,0,51.7611049204389,120.203196918391,61.9264387089431,117.484453891021,0,0,0,0,0,0,0,0,0,0,264.808169091349,125.468974281024,652.949473072993,618.479414985952
"146",2002,2155,12.0833333333333,6590.93365557336,5467.60633472491,1486.33955032145,2868.33658108429,862.468367724113,1465.47922784672,0,0,0,0,0,0,0,0,0,0,0,0,2.44010775314738,4.82305260286302,1.60734766999388,2.74136146760862,0,0,0,0,0,0,0,0,0,0,3142.20960646415,2592.81817746742,535.608465074399,1081.59624108595,343.890519752176,635.972627929373,0,0,120.728718005372,99.6202207334314,20.6422229152074,41.6896501055066,13.2505076844896,24.504296728564,0,0,23193.0117071174,19055.1698902109,4575.47160773956,8967.78857111886,3258.64585705643,5698.45539313756,0,0,891.08904869749,732.130613128201,178.124944696274,349.933838266086,128.144890127891,224.562313108629,0,0,0,0,8.11033176994122,16.3027628129902,6.14491207094996,10.8099530010071,0,0,0,0,0,0,0,0,0,0,223.87558174908,197.943249518343,180.178813366172,400.413490757821,227.05411532914,459.111871150244,0,0,8.60162442943999,7.60529698610587,6.89705185102589,15.3180440335648,8.65691587412691,17.4998963374062,0,0,359.546405156142,315.258596128372,306.386957243821,721.263867725408,448.30131595944,925.850404050413,0,0,13.814253506248,12.1127416549831,11.7269685017361,27.5877489911655,17.0930187850736,35.2856064367044,0,0,0,0,51.9045561164483,120.630707634307,62.3776817131422,118.499744239255,0,0,0,0,0,0,0,0,0,0,267.180319599367,126.577892386102,663.543376720882,630.211209215574
"147",2002,2155,12.1666666666667,6571.75034569106,5445.96974006563,1486.17174504687,2867.77476927299,863.725386712444,1468.45525238907,0,0,0,0,0,0,0,0,0,0,0,0,2.43990635382722,4.82249771159827,1.6102917324396,2.74797273166128,0,0,0,0,0,0,0,0,0,0,3158.15116308902,2602.4790255482,539.868016549967,1090.4506851215,348.133763075057,644.676219977351,0,0,121.341218104147,99.9914059660262,20.8064034916851,42.0309992463319,13.4140065981037,24.8396539128058,0,0,23154.7566471682,18997.2804531229,4578.0728356231,8973.46824785745,3273.44580290282,5730.94771360931,0,0,889.619463648767,729.906402442144,178.230208438818,350.168593848707,128.734475813113,225.858698058638,0,0,0,0,8.12080520754197,16.326422046972,6.17746291039282,10.8801865027418,0,0,0,0,0,0,0,0,0,0,224.714418580365,198.363845833838,181.391780567472,403.104816785801,229.599021237428,464.725728345303,0,0,8.63385421327731,7.62145695981038,6.94367965972803,15.4214456481147,8.75431518988895,17.7146521734203,0,0,357.863634847207,313.377095283771,307.020348683122,723.013901913061,451.332382211519,933.348986836916,0,0,13.7496006156794,12.0404513367042,11.7514170319974,27.6551594506359,17.2090554245435,35.5724141731443,0,0,0,0,52.0447224585835,121.050118265474,62.8256546312555,119.511154052296,0,0,0,0,0,0,0,0,0,0,269.561347021195,127.689147187259,674.238545498306,642.060925402064
"148",2002,2155,12.25,6552.55388318433,5424.43884281122,1485.89821876593,2867.00794384162,864.907774029475,1471.29820238208,0,0,0,0,0,0,0,0,0,0,0,0,2.43967683459793,4.82184857038516,1.61309466535242,2.75433406116829,0,0,0,0,0,0,0,0,0,0,3174.12585781888,2612.14694051542,544.127911392096,1099.3019185819,352.392644968808,653.425655711419,0,0,121.954991421909,100.3628627197,20.9705995119928,42.3722288749886,13.5781088298178,25.1767789379614,0,0,23116.8815134432,18939.9217827648,4580.56606022646,8978.89999928316,3288.11980576539,5763.27654384838,0,0,888.164474387036,727.702584714582,178.331183754513,350.393474781015,129.319062518828,227.148610082701,0,0,0,0,8.13134681810026,16.3500631851696,6.20982524379908,10.9502207294216,0,0,0,0,0,0,0,0,0,0,225.558347145277,198.791936441851,182.610205479891,405.818394990999,232.157587908951,470.394819043444,0,0,8.6662796271591,7.63790487632171,6.99051975293435,15.5257067096998,8.85224417964441,17.9315327839517,0,0,356.20840002528,311.521402492154,307.64567717557,724.728510442083,454.345354066828,940.811999237579,0,0,13.6860056509505,11.9691526059688,11.7755626750462,27.7212298855803,17.3244157729908,35.8578981960046,0,0,0,0,52.1816714894473,121.461524184347,63.2703036819783,120.518543500196,0,0,0,0,0,0,0,0,0,0,271.951306424667,128.802781953986,685.03552070851,654.029718873528
"149",2002,2155,12.3333333333333,6533.34333433825,5403.0117695996,1485.52077678142,2866.03934156293,866.0151462855,1474.00726840693,0,0,0,0,0,0,0,0,0,0,0,0,2.43939526612415,4.82106488637805,1.61575816285993,2.76044730623313,0,0,0,0,0,0,0,0,0,0,3190.13841642096,2621.82627466507,548.389367895275,1108.15219510319,356.668170867332,662.222710479995,0,0,122.570219530193,100.734758216622,21.1348576044355,42.713425245284,13.7428529456224,25.5157398849341,0,0,23079.3802140434,18883.0867670978,4582.95324818422,8984.08765694876,3302.6674562672,5795.44012748978,0,0,886.723846858079,725.518886689268,178.427947081533,350.608629115174,129.898631892079,228.43197480887,0,0,0,0,8.14191613489669,16.3736216073006,6.24200119445258,11.0200560902512,0,0,0,0,0,0,0,0,0,0,226.40720513129,199.227123014229,183.833451798806,408.551796371042,234.729191506546,476.116611203516,0,0,8.69889443480153,7.65462543123324,7.03754766669687,15.6307341017625,8.95067899418391,18.1504416234225,0,0,354.580034740463,309.691177556546,308.26298497764,726.409012122567,457.339772682205,948.239769285296,0,0,13.623443025614,11.8988323918528,11.7994069487157,27.786010522181,17.439082296917,36.1420709502479,0,0,0,0,52.3154627382311,121.865009512174,63.7115783781329,121.52177763516,0,0,0,0,0,0,0,0,0,0,274.350250931051,129.918837533829,695.934806901136,666.11867064443
"150",2002,2155,12.4166666666667,6514.1179767604,5381.68682590269,1485.04123221355,2864.87223184329,867.047181661018,1476.58173939794,0,0,0,0,0,0,0,0,0,0,0,0,2.43904204154759,4.82011356917486,1.61828336949484,2.76631358729122,0,0,0,0,0,0,0,0,0,0,3206.19270870996,2631.52064859554,552.653366962071,1117.00332732711,360.961104980537,671.06876804961,0,0,123.187051113467,101.107231565976,21.299215301645,43.0546577130166,13.9082682569274,25.8565898157696,0,0,23042.2472303576,18826.7688109557,4585.23642971475,8989.03519206986,3317.0884599564,5827.43690473808,0,0,885.297369033862,723.355054969037,178.520577344965,350.814210394362,130.473170084514,229.708725554052,0,0,0,0,8.15248014963281,16.3970446526753,6.27399234398577,11.0896924981057,0,0,0,0,0,0,0,0,0,0,227.260856243924,199.66904687253,185.060984233852,411.302887195484,237.31331443646,481.888874751751,0,0,8.73169339957477,7.67160484354361,7.08474281670627,15.7364460263174,9.04959985537246,18.3712936893651,0,0,352.977919877044,307.88610007454,308.872301615376,728.056582312915,460.315202321003,955.632525805982,0,0,13.5618889526549,11.8294783839716,11.8229508752823,27.8495460811918,17.5530383287683,36.42494107268,0,0,0,0,52.4461496843953,122.260650022226,64.1494309915123,122.520725679717,0,0,0,0,0,0,0,0,0,0,276.758232149105,131.037352720191,706.936880388753,678.328800513839
"151",2002,2155,12.5,6494.87728229617,5360.4624812316,1484.46140276802,2863.5099102414,868.003618233636,1479.02100027138,0,0,0,0,0,0,0,0,0,0,0,0,2.43860139428091,4.81896794795562,1.62067097755796,2.77193342546515,0,0,0,0,0,0,0,0,0,0,3222.29183274394,2641.23302395674,556.920676827896,1125.85673244772,365.271995466599,679.964859667956,0,0,123.805605204077,101.480396559086,21.4637019875539,43.3959804805726,14.0743757851931,26.199368270123,0,0,23005.477559428,18770.9617866666,4587.41768548821,8993.74669053223,3331.38262701348,5859.26549610293,0,0,883.884848698194,721.210854118624,178.60915545015,351.01037668826,131.042667356357,230.978802698445,0,0,0,0,8.16301242883634,16.4202902263012,6.30579981515504,11.1591294451827,0,0,0,0,0,0,0,0,0,0,228.119186854916,200.117385589499,186.292356412983,414.069801425816,239.909529284928,487.709649701289,0,0,8.76467215572058,7.6888307250803,7.13208803366643,15.8427709459534,9.14899043994308,18.5940143013607,0,0,351.401479211587,306.105866606814,309.473646768041,729.672264910471,463.271232054428,962.990408653426,0,0,13.5013212930379,11.7610789236895,11.8461950928864,27.9118762385304,17.6662681330489,36.7065137840485,0,0,0,0,52.5737805360234,122.648514330499,64.5838164020957,123.515260848122,0,0,0,0,0,0,0,0,0,0,279.175300338935,132.158364375836,718.042192322603,690.661071758435
"152",2002,2155,12.5833333333333,6475.6208903719,5339.33734630843,1483.7831067741,2861.95568991857,868.884249828904,1481.32452561522,0,0,0,0,0,0,0,0,0,0,0,0,2.438060692412,4.81760662340079,1.62292136376882,2.777306924045,0,0,0,0,0,0,0,0,0,0,3238.43824004932,2650.96581092926,561.191889665328,1134.71349990617,369.601212138146,688.911723659093,0,0,124.425975993588,101.854345798944,21.6283402994948,43.7374351901287,14.2411897072215,26.5441035489438,0,0,22969.0666285942,18715.659960304,4589.49912940435,8998.22631941843,3345.5498562652,5890.92467646125,0,0,882.486110167268,719.08606383109,178.693763616976,351.197289297491,131.607117458175,232.242152682891,0,0,0,0,8.17349182653452,16.4433247673885,6.33742439280968,11.2283661124089,0,0,0,0,0,0,0,0,0,0,228.98210128353,200.571847763065,187.527193469801,416.850899096816,242.517476422552,493.577199004112,0,0,8.7978270270527,7.70629187970797,7.17956889445316,15.9496459875494,9.24883702061858,18.8185372960146,0,0,349.850173370554,304.350186857065,310.067034050277,731.256990773621,466.207476919563,970.313483353629,0,0,13.4417193235512,11.6936228573466,11.8691400017897,27.9730363327984,17.7787569524613,36.9867914504763,0,0,0,0,52.698399347252,123.028665564768,65.0146918153056,124.505259977193,0,0,0,0,0,0,0,0,0,0,281.601504652483,133.281907644201,729.251173287101,703.11639861335
"153",2002,2155,12.6666666666667,6456.34858776662,5318.3101557424,1483.0081601246,2860.21289502774,869.688922910003,1483.49187503994,0,0,0,0,0,0,0,0,0,0,0,0,2.43740990641877,4.81601259715924,1.62503468612324,2.78243389820221,0,0,0,0,0,0,0,0,0,0,3254.63383119643,2660.72095021698,565.467449497654,1143.57444283312,373.948975231905,697.909850677852,0,0,125.048236504951,102.229153850497,21.7931471974341,44.0790528942902,14.408718458048,26.8908144487765,0,0,22933.0102302624,18660.8579353863,4591.4828954209,9002.4783013514,3359.59012298735,5922.41335529097,0,0,881.100991783443,716.980476764677,178.774484870645,351.375111760612,132.166517159421,233.498727245424,0,0,0,0,8.18390152460401,16.4661217286484,6.36886660876445,11.2974014466651,0,0,0,0,0,0,0,0,0,0,229.849518203191,201.032168957955,188.765178949425,419.644734170274,245.13684754833,499.489972573069,0,0,8.83115488889375,7.72397814739884,7.22717321915532,16.0570157093742,9.34912783494899,19.0448036495952,0,0,348.3234952046,302.618780857377,310.652473703729,732.811592284618,469.123578262212,977.601752439903,0,0,13.3830635590818,11.6270994281167,11.8917858685277,28.0330579245005,17.890491022341,37.2657740177475,0,0,0,0,52.8200468457902,123.401162606989,65.4420165592211,125.490603264043,0,0,0,0,0,0,0,0,0,0,284.036893307803,134.408016113275,740.564236553815,715.695651963435
"154",2002,2155,12.75,6437.06029202988,5297.37975383111,1482.13837383794,2858.28485535917,870.417533927082,1485.52268927142,0,0,0,0,0,0,0,0,0,0,0,0,2.43664118254865,4.81417256866483,1.62701095362415,2.78731396963683,0,0,0,0,0,0,0,0,0,0,3270.88003401631,2670.49998013787,569.747674916536,1152.44013974041,378.315378770332,706.959520247016,0,0,125.672441597719,102.604879818381,21.9581348342142,44.4208556532426,14.576965626694,27.2395116622069,0,0,22897.3044684942,18606.5506066983,4593.37112703309,9006.50689386699,3373.50346893682,5953.73056050517,0,0,879.729343863137,714.893896768561,178.851402634707,351.544009055309,132.720865863111,234.748482797057,0,0,0,0,8.19422827777294,16.4886603721874,6.40012680208149,11.3662342164574,0,0,0,0,0,0,0,0,0,0,230.721367738164,201.498108294873,190.006044381178,422.450027826886,247.76737312237,505.446578054351,0,0,8.86465305652538,7.74188027318361,7.27489067055784,16.16483107686,9.44985260323941,19.272760359224,0,0,346.820965956724,300.911376788281,311.229974546122,734.336815845204,472.019203343873,984.855164890296,0,0,13.3253356053907,11.5614981922497,11.914132901415,28.0919692757818,18.0014575566467,37.5434593726411,0,0,0,0,52.938761076244,123.766061062747,65.8657519282354,126.471174063513,0,0,0,0,0,0,0,0,0,0,286.4815137218,135.536721955133,751.981780477228,728.399664023486
"155",2002,2155,12.8333333333333,6417.75603705877,5276.54508223531,1481.17555197403,2856.17490170201,871.070026921758,1487.41668664902,0,0,0,0,0,0,0,0,0,0,0,0,2.43574847500035,4.81207632736671,1.62885008413871,2.79194664531942,0,0,0,0,0,0,0,0,0,0,3287.17787155868,2680.30409482025,574.032778800949,1161.31097068372,382.700410888239,716.060832585572,0,0,126.298630579098,102.981569582917,22.1233113109489,44.7628579201226,14.7459307356344,27.5901989979312,0,0,22861.9457125824,18552.7331201629,4595.16596827049,9010.3163716519,3387.28999363085,5984.87542425542,0,0,878.37102691318,712.826137341037,178.924600382622,351.704146910264,133.27016526866,235.991379873677,0,0,0,0,8.20446176636025,16.5109247353684,6.43120516958936,11.4348630584868,0,0,0,0,0,0,0,0,0,0,231.597588966099,201.969445440745,191.249560345695,425.265645041981,250.408811828807,511.445755415349,0,0,8.89831918923182,7.75998979151167,7.32271241102536,16.2730485643508,9.55100212435683,19.5023594701992,0,0,345.342131913364,299.227709169728,311.799545541671,735.833332993099,474.894044670586,992.073624366177,0,0,13.2685180304441,11.4968089495664,11.9361813114336,28.1497957771855,18.1116447231526,37.8198436582493,0,0,0,0,53.054577947812,124.123414085763,66.2858610479601,127.446858714202,0,0,0,0,0,0,0,0,0,0,288.935412619204,136.668056049937,763.504190455473,741.22923241687
"156",2002,2155,12.9166666666667,6398.43596093564,5255.80516959737,1480.12148993174,2853.88636197824,871.646391412373,1489.1736600721,0,0,0,0,0,0,0,0,0,0,0,0,2.4347272416896,4.80971624726115,1.63055194819329,2.79633137769681,0,0,0,0,0,0,0,0,0,0,3303.52801924388,2690.13419310857,578.322884818224,1170.18714746097,387.103970821604,725.213735160415,0,0,126.926829399817,103.359257679145,22.2886813091745,45.1050676979368,14.915609892382,27.9428743987033,0,0,22826.9305580016,18499.4008390407,4596.86955632413,9013.91101186941,3400.94984699781,6015.84717093051,0,0,877.025910130485,710.777020330881,178.994161352217,351.855691236268,133.814419087705,237.227382672835,0,0,0,0,8.21459406789812,16.5329027828345,6.4621018042383,11.5032865132569,0,0,0,0,0,0,0,0,0,0,232.478127849867,202.445978018723,192.495529149497,428.090574635053,253.06094227651,517.486355670688,0,0,8.93215121083787,7.77829892673945,7.37063082113189,16.3816293901258,9.65256795736258,19.7335572618173,0,0,343.886561554222,297.567517430736,312.361196959062,737.301750098331,477.747819013433,999.25699624654,0,0,13.2125942549054,11.4330216885019,11.957931357202,28.2065603198431,18.2210416066781,38.094921543052,0,0,0,0,53.167531676079,124.47327304347,66.7023087654234,128.417546398133,0,0,0,0,0,0,0,0,0,0,291.398636116289,137.802048093708,775.131840411012,754.185123615164
"157",2003,2155,13,6379.17854222334,5235.19086953511,1479.0343927647,2851.50919097728,872.137602427851,1490.7641097642,0,0,0,0,0,0,0,0,0,0,0,0,2.43356247709919,4.8070411721453,1.63209935226277,2.80041230456774,0,0,0,0,0,0,0,0,0,0,3319.92656082047,2699.97949895451,582.622367297398,1179.07004224091,391.521750334172,734.403474916961,0,0,127.556887591233,103.737530074057,22.4544124812897,45.4475361603279,15.0858371031936,28.296969422897,0,0,22792.2836710953,18446.5078530496,4598.54289500549,9017.35279478036,3414.4477958043,6046.52616872198,0,0,875.694941290586,708.7447817891,179.06241814298,352.000970411452,134.35223868487,238.451768028148,0,0,0,0,8.22457792898977,16.5544251766355,6.49274924690916,11.5712753013002,0,0,0,0,0,0,0,0,0,0,233.360788837001,202.922039183288,193.739194530929,430.901166279959,255.713010664883,523.526342425755,0,0,8.96606476522938,7.79658994957582,7.41846391860686,16.4896688233362,9.75413991124376,19.9647507826631,0,0,342.45302887995,295.929061714983,312.913824768476,738.736235378548,480.575266833866,1006.38522947421,0,0,13.1575171744378,11.3700695609745,11.9793407115275,28.2620396500061,18.3294474973306,38.3679284063626,0,0,0,0,53.277376779509,124.814454628956,67.1143628577274,129.380580756484,0,0,0,0,0,0,0,0,0,0,293.874949076479,138.944849956489,786.882830758991,767.338861833965
"158",2003,2155,13.0833333333333,6360.75861556597,5215.02059057891,1478.46550953951,2849.89337437669,872.462698524378,1491.91238404305,0,0,0,0,0,0,0,0,0,0,0,0,2.43225066311114,4.80380432277346,1.63332872109147,2.80365353071518,0,0,0,0,0,0,0,0,0,0,3336.2909057986,2709.69420114164,586.963703858787,1187.95145503851,395.902465929324,743.465484522895,0,0,128.18563189465,104.11078446754,22.6217495519535,45.7899347884865,15.2546374839412,28.6461453743174,0,0,22758.2976507464,18393.6633694079,4600.76486391006,9021.21686294722,3427.44836046067,6075.76130790723,0,0,874.389362998796,706.714406810035,179.151502125735,352.161568954023,134.870414644135,239.619122342804,0,0,0,0,8.23416154960573,16.5741919295874,6.52248846701656,11.6365924264666,0,0,0,0,0,0,0,0,0,0,234.225141112,203.345549928623,194.939448857903,433.487281151714,258.265600093257,529.176960678919,0,0,8.99927487257303,7.81286190112017,7.46463944208461,16.5891290314186,9.85192551191317,20.1811141202591,0,0,341.035540355083,294.298603454111,313.447544364425,740.072340376273,483.327714572821,1013.25644496191,0,0,13.1030565094703,11.3074247091293,12.000031547133,28.3137693028946,18.4350057333838,38.6311669847681,0,0,0,0,53.3815247378378,125.135157299771,67.5152471598199,130.310963884695,0,0,0,0,0,0,0,0,0,0,296.400650140764,140.156306411185,798.928393729,781.381229440211
"159",2003,2155,13.1666666666667,6342.33761809784,5194.959095692,1477.80298087796,2848.10157839817,872.724253842141,1492.94240810989,0,0,0,0,0,0,0,0,0,0,0,0,2.43098812679395,4.80062667430877,1.63442735438052,2.80665624954423,0,0,0,0,0,0,0,0,0,0,3352.63994089797,2719.3782760795,591.293649327469,1196.8030014761,400.283751540104,752.542550451941,0,0,128.813787968043,104.482862113127,22.7886507200844,46.1311885176549,15.4234615687822,28.9959047960128,0,0,22724.6911975161,18341.3341808338,4602.8994843767,9024.88314084547,3440.34017278414,6104.84248943607,0,0,873.098366688997,704.703830341804,179.237118867111,352.314263744562,135.384232553351,240.780300773686,0,0,0,0,8.24388509627386,16.5941041422753,6.5520469677378,11.7016860689591,0,0,0,0,0,0,0,0,0,0,235.094712310373,203.776832547566,196.148212579072,436.10312889499,260.834866000813,534.889211531918,0,0,9.0326854965987,7.82943246058078,7.51114341020235,16.689733586953,9.95035512357661,20.3998453467902,0,0,339.644691096384,292.69309568133,313.975248709703,741.377576951114,486.058955413888,1020.07920313296,0,0,13.0496193392537,11.2457384957077,12.0204966030485,28.3643301402496,18.5397678313493,38.8925879389689,0,0,0,0,53.4830642985493,125.448815407299,67.9124688194524,131.236020934191,0,0,0,0,0,0,0,0,0,0,298.935717508266,141.370312107669,811.077593370624,795.54964107887
"160",2003,2155,13.25,6323.91400816555,5175.00395271574,1477.04837468288,2846.13655612121,872.921906852252,1493.85358751091,0,0,0,0,0,0,0,0,0,0,0,0,2.42974114124944,4.79745051975578,1.63539908520719,2.80942578376926,0,0,0,0,0,0,0,0,0,0,3368.98296704067,2729.03991257799,595.614791120403,1205.62981016754,404.66816129405,761.639176554886,0,0,129.44171316771,104.854077637991,22.9552151417836,46.4714938923356,15.5924073350101,29.3464204209788,0,0,22691.4549950427,18289.5106784332,4604.94768652183,9028.35331018492,3453.1221705165,6133.7669732685,0,0,871.82159442013,702.712683194936,179.319304634661,352.459120127645,135.893649764185,241.935192364373,0,0,0,0,8.25369805124796,16.6140759100368,6.5814269660351,11.7665562762114,0,0,0,0,0,0,0,0,0,0,235.969144689315,204.215322049965,197.364176199603,438.744754719764,263.419051873347,540.658194282509,0,0,9.06628289229413,7.84627992013025,7.55792554532542,16.7913308658459,10.0493615192082,20.6207572111379,0,0,338.279576689572,291.11199775433,314.497049664139,742.653615667069,488.768866681063,1026.85478267436,0,0,12.9971709152449,11.1849901483539,12.0407400262317,28.4137857623442,18.6437289406856,39.1522396850471,0,0,0,0,53.5820528770408,125.755523776949,68.3059920245652,132.155640337352,0,0,0,0,0,0,0,0,0,0,301.480205582206,142.586911683165,823.331077730644,809.845416737386
"161",2003,2155,13.3333333333333,6305.48661040035,5155.15303656904,1476.2033005074,2844.00115834111,873.055378322156,1494.64546060387,0,0,0,0,0,0,0,0,0,0,0,0,2.42848209609906,4.79422843352924,1.63624672766989,2.81196606192576,0,0,0,0,0,0,0,0,0,0,3385.32764816558,2738.68591997931,599.929233523229,1214.43607397227,409.057732011114,770.758986413882,0,0,130.069701954441,105.224692667948,23.1215234567803,46.8110115939257,15.7615529234038,29.6978312339962,0,0,22658.5808340998,18238.1842095588,4606.9105931075,9031.62945288848,3465.79351853102,6162.53241346367,0,0,870.558730788307,700.740632920527,179.398103168448,352.596219003202,136.398632471209,243.083701511153,0,0,0,0,8.2635595458009,16.6340376537949,6.61063021906912,11.83120292613,0,0,0,0,0,0,0,0,0,0,236.848137559119,204.660519451524,198.586249652988,441.408747301047,266.016713566839,546.479691597813,0,0,9.10005550671651,7.86338510799185,7.60494399292162,16.8937900837486,10.1488894406373,20.8436886159489,0,0,336.939375160356,289.554818346332,315.013020667725,743.901914353906,491.457303146842,1033.5842572331,0,0,12.9456796563532,11.1251607894939,12.0607644839382,28.4621916088172,18.7468833280273,39.4101627768639,0,0,0,0,53.6785407474573,126.055366710445,68.6957846171642,133.069716679682,0,0,0,0,0,0,0,0,0,0,304.034165201216,143.80614659955,835.689419726301,824.269755211038
"162",2003,2155,13.4166666666667,6287.0545639746,5135.40448586438,1475.26939930569,2841.69831304159,873.124464224747,1495.31768711439,0,0,0,0,0,0,0,0,0,0,0,0,2.42718850646828,4.79092165400436,1.63697232192641,2.8142799492147,0,0,0,0,0,0,0,0,0,0,3401.68025792859,2748.3219369917,604.238673425227,1223.2251960958,413.454064330329,779.904859919368,0,0,130.697995372127,105.594923851187,23.2876406898072,47.1498720379677,15.9309597462391,30.050247703308,0,0,22626.0614456816,18187.3469372638,4608.78948077498,9034.71397529548,3478.35357513313,6191.13680169531,0,0,869.309496513789,698.787378410197,179.473564184123,352.725653896963,136.899154409825,244.225745780232,0,0,0,0,8.27343665315218,16.6539332834856,6.63965811587373,11.895625742325,0,0,0,0,0,0,0,0,0,0,237.731437754685,205.1119829371,199.813525063269,444.092160919322,268.626660546453,552.350063247156,0,0,9.13399361289295,7.8807310489191,7.6521638920086,16.9969983091978,10.2488933459079,21.0685005465577,0,0,335.623335906465,288.021106803861,315.523206065889,745.12374497757,494.124108752885,1040.26852582082,0,0,12.8951167236955,11.0662331042876,12.080571523241,28.5095959920899,18.8492248296948,39.6663910752794,0,0,0,0,53.7725724182616,126.348420113458,69.0818176707056,133.97815011513,0,0,0,0,0,0,0,0,0,0,306.597644179011,145.028055478013,848.153129825545,838.823749819011
"163",2003,2155,13.5,6268.61726597261,5115.75665521845,1474.24833391029,2839.23100559601,873.129026539206,1495.87003334353,0,0,0,0,0,0,0,0,0,0,0,0,2.4258419711798,4.78749836196418,1.63757735811393,2.81636955238192,0,0,0,0,0,0,0,0,0,0,3418.04594559169,2757.95265645078,608.544481018926,1231.99994565987,417.858409260435,789.079078995881,0,0,131.326791263648,105.964951493955,23.453619342618,47.488181334916,16.10067580421,30.4037573644342,0,0,22593.890320418,18136.9916868918,4610.58574163216,9037.60953191596,3490.80185561946,6219.57840543059,0,0,868.073641502767,696.85264400183,179.545741888103,352.847528009633,137.395195445089,245.361253512674,0,0,0,0,8.28330265786244,16.673717300303,6.66851176451911,11.959824314234,0,0,0,0,0,0,0,0,0,0,238.618829635474,205.569317867217,201.045238169382,446.792429579402,271.247897052374,558.266132371453,0,0,9.16808892560264,7.89830258023029,7.69955589425524,17.1008571694978,10.3493351540062,21.2950717152303,0,0,334.330767280057,286.51044429788,316.02762975511,746.320225020232,496.769125750535,1046.90834588923,0,0,12.8454555434969,11.0081910006413,12.1001619042939,28.5560413029797,18.9507472053129,39.920953018583,0,0,0,0,53.8641879931874,126.634753585254,69.4640650017903,134.880845626971,0,0,0,0,0,0,0,0,0,0,309.17068788443,146.252674513632,860.722668982185,853.508406251733
"164",2003,2155,13.5833333333333,6250.17434548821,5096.20809338958,1473.14178388669,2836.60226846238,873.068989913614,1496.30236689078,0,0,0,0,0,0,0,0,0,0,0,0,2.42442767984691,4.7839328643064,1.63806288111982,2.81823636406104,0,0,0,0,0,0,0,0,0,0,3434.42886083492,2767.58193105327,612.847738024714,1240.76253093904,422.271709158035,798.283395669856,0,0,131.956249066347,106.334923623023,23.6195008584832,47.8260240960294,16.2707372567395,30.7584274280355,0,0,22562.0616236161,18087.1118744424,4612.30086369019,9040.31898715053,3503.13801541197,6247.85573973691,0,0,866.850941583168,694.936176727279,179.614694222129,352.961952737698,137.886740920513,246.490162735901,0,0,0,0,8.29313624356377,16.6933534329067,6.69719203093505,12.0237981063398,0,0,0,0,0,0,0,0,0,0,239.510130228918,206.032172146303,202.28074996185,449.507326707612,273.879593899752,564.225131799727,0,0,9.20233441477889,7.91608617384865,7.74709545898378,17.2052813046903,10.4501831635788,21.52329650449,0,0,333.061030972639,285.022439624478,316.526299429956,747.492332316119,499.3921992598,1053.50434910644,0,0,12.7966715913519,10.9510194478626,12.1195357641465,28.6015645809978,19.0514443140785,40.1738722285455,0,0,0,0,53.9534238158355,126.914431431732,69.8425029769296,135.777712756731,0,0,0,0,0,0,0,0,0,0,311.753339503368,147.480037652054,873.398454436244,868.324650511399
"165",2003,2155,13.6666666666667,6231.72562832589,5076.7575136424,1471.95143930728,2833.81516832253,872.944336086716,1496.61464775656,0,0,0,0,0,0,0,0,0,0,0,0,2.42293375805621,4.78020450718705,1.63842962461009,2.81988144652999,0,0,0,0,0,0,0,0,0,0,3450.83232101869,2777.21291438623,617.149288722026,1249.51469744639,426.694652826717,807.519124556705,0,0,132.586496238517,106.704961404248,23.7853175775253,48.1634671916446,16.4411705337874,31.1143083240368,0,0,22530.5700814627,18037.7014103117,4613.93640623909,9042.84536644044,3515.36182699345,6275.96752819367,0,0,865.641194132466,693.037742613905,179.680481911429,353.069045783186,138.373780765412,247.612419650511,0,0,0,0,8.30292041990864,16.7128128348603,6.72569959149072,12.0875464717999,0,0,0,0,0,0,0,0,0,0,240.40518288812,206.500229857422,203.519522530948,452.234910525426,276.521051971605,570.224632149272,0,0,9.236724061828,7.93406969173844,7.79476192597318,17.3101962722759,10.5514106534014,21.7530822133124,0,0,331.813534292135,283.556723828507,317.019211820367,748.640925439779,501.993182237879,1060.05706208272,0,0,12.7487420954997,10.894704270093,12.1386928186776,28.6461982975935,19.1513103072024,40.4251683062487,0,0,0,0,54.0403133075982,127.187513959498,70.2171102157311,136.668665158608,0,0,0,0,0,0,0,0,0,0,314.345640393102,148.710176850308,886.180867506426,883.273340049577
"166",2003,2155,13.75,6213.27111031609,5057.40377136251,1470.67899601035,2830.87279626329,872.755099661456,1496.80692165954,0,0,0,0,0,0,0,0,0,0,0,0,2.42135077612253,4.77629685545423,1.63867810387847,2.82130556020437,0,0,0,0,0,0,0,0,0,0,3467.25893780787,2786.84816764989,621.449778494533,1258.25780184997,431.127717167609,816.787212477421,0,0,133.217633124498,107.075163243038,23.9510942137173,48.5005625834785,16.6119939324391,31.4714363696455,0,0,22499.4108948337,17988.7546263996,4615.49398128123,9045.19181932299,3527.47316249522,6303.91267340181,0,0,864.444214766139,691.157123883927,179.743167746878,353.168929723929,138.856308821113,248.727977489093,0,0,0,0,8.31264173347914,16.7320727528777,6.75403497010539,12.1510686638872,0,0,0,0,0,0,0,0,0,0,241.303852496983,206.973206360937,204.761101070489,454.973482277067,279.171675465358,576.262487526353,0,0,9.27125267540269,7.952242197588,7.84253782456811,17.415536945021,10.6529948567111,21.9843469774861,0,0,330.587724308486,282.11294626025,317.506356395909,749.766759740814,504.571938511725,1066.56692222829,0,0,12.7016458118906,10.8392319947976,12.1576325054563,28.6899709720249,19.2503397455966,40.6748574406756,0,0,0,0,54.1248875762112,127.454058419682,70.5878673730405,137.553620272026,0,0,0,0,0,0,0,0,0,0,316.947630341672,149.94312227825,899.07025917536,898.355272186999
"167",2003,2155,13.8333333333333,6194.81093524822,5038.14584556801,1469.32615173795,2827.77825970841,872.501364500119,1496.87931438013,0,0,0,0,0,0,0,0,0,0,0,0,2.41967134809718,4.77219701827683,1.63880868472068,2.82250925994879,0,0,0,0,0,0,0,0,0,0,3483.71072170862,2796.48974771157,625.749685515749,1266.99287263588,435.571201426871,826.088295525484,0,0,133.849736971152,107.445608167526,24.1168490691153,48.8373496492121,16.783218929937,31.829835956718,0,0,22468.57966812,17940.2662158621,4616.97523845228,9047.36158925257,3539.47197935481,6331.69023266442,0,0,863.259834603133,689.294116639605,179.80281600176,353.261730845226,139.334322285856,249.836795575124,0,0,0,0,8.32228963751932,16.7511154577184,6.78219856673277,12.2143638466492,0,0,0,0,0,0,0,0,0,0,242.206021535667,207.450844163162,206.005099316881,457.721551368771,281.830950708049,582.336790909422,0,0,9.30591574023068,7.97059379807647,7.89040831466718,17.5212461739294,10.7549161490175,22.2170180609439,0,0,329.383082986556,280.690771442154,317.987718164121,750.870501118962,507.128344585625,1073.03429097048,0,0,12.6553628371859,10.7845897323808,12.1763540916874,28.732907700291,19.348527670297,40.922952915644,0,0,0,0,54.2071758939028,127.714119750694,70.9547569614558,138.432499052227,0,0,0,0,0,0,0,0,0,0,319.55934777455,151.178902490455,912.066954439124,913.571191094813
"168",2003,2155,13.9166666666667,6176.34537582402,5018.98282298844,1467.89460283546,2824.534675472,872.183260513841,1496.83202674984,0,0,0,0,0,0,0,0,0,0,0,0,2.41788978794265,4.76789506921916,1.63882163983523,2.82349297418243,0,0,0,0,0,0,0,0,0,0,3500.18917220509,2806.13928291068,630.049348024459,1275.72066232927,440.025256739687,835.422748345837,0,0,134.482865391058,107.816358741116,24.2825950791428,49.173857183658,16.9548513165094,32.1895214408011,0,0,22438.0723478469,17892.2311811677,4618.38185217044,9049.35798774267,3551.35830791448,6359.29939689429,0,0,862.087897907514,687.448528867488,179.859491934518,353.347578138453,139.807821234722,250.93883850671,0,0,0,0,8.3318559563663,16.7699273339568,6.81019068165769,12.277431104792,0,0,0,0,0,0,0,0,0,0,243.1115867076,207.932909303709,207.251187149548,460.477805079616,284.498428359064,588.445835692261,0,0,9.34070928751913,7.98911550407005,7.93836071068843,17.6272736265874,10.8571573658124,22.4510303831114,0,0,328.199122969989,279.289876456351,318.463279939073,751.952738183061,509.662290805829,1079.45946517471,0,0,12.6098744467679,10.7307650758104,12.1948567617288,28.7750306219174,19.4458696480452,41.1694655476624,0,0,0,0,54.2872060993471,127.967751201555,71.3177631974513,139.305225736155,0,0,0,0,0,0,0,0,0,0,322.180829927346,152.417544577742,925.171255919954,928.921793834383
"169",2004,2155,14,6157.82707577306,4999.76856753283,1466.47482408085,2821.2625451807,871.071414136103,1494.80301072733,0.752990777521535,1.83645812512632,0,0,0,0,0,0,0,0,0,0,2.41603636878364,4.76334690541329,1.63734564291551,2.82074241761111,0.00141580499423956,0.0034661872213748,0,0,0,0,0,0,0,0,3516.70446550313,2815.77936719653,634.363471403224,1284.45031908149,444.118973318316,843.741368458912,0.386374166394841,1.04325654834789,135.117409370318,108.186746195505,24.448898203336,49.5104351884779,17.1125992276303,32.510065914347,0.014887596340077,0.0401975341781674,22407.8766460257,17844.43340936,4619.84689414344,9051.28734150396,3560.14890248567,6378.78859137253,3.07961984557108,7.84165783846132,860.927932522925,685.612057159526,179.918340940513,353.430508000979,140.159354803365,251.720311882149,0.121243840854769,0.309453126149093,0,0,8.34144729287394,16.788357180027,6.83228626832583,12.3249072933322,0.00591537644185072,0.0151642235473992,0,0,0,0,0,0,0,0,244.028747978424,208.410626972364,208.51675815158,463.220015538101,286.955430434937,593.816287601124,0.246116015626138,0.723864042852689,9.37594837206595,8.00747017330805,7.98706138730805,17.7327687754986,10.9513728987684,22.6568777386677,0.00939273059316209,0.0276186794910947,327.035841550231,277.907986696367,318.937262804081,753.00760296507,511.74426351875,1084.48864985252,0.443026776381136,1.33402405920313,12.5651805368769,10.6776706310473,12.2133020250808,28.8161149787826,19.5259770757013,41.3627607565045,0.0169039562994148,0.0508799964336226,0,0,54.3657139773733,128.213851502741,71.6168093349649,139.997129084388,0.0620189611348002,0.172254415852796,0,0,0,0,0,0,0,0,324.802270286257,153.664737241958,938.333085391416,944.476872546964
"170",2004,2155,14.0833333333333,6139.11123170445,4980.19766536554,1465.2046944101,2818.13720282904,867.907619787267,1487.57104551338,3.56773273807406,8.69756559088626,0,0,0,0,0,0,0,0,0,0,2.41421226431986,4.75857143672299,1.63200876658175,2.80816491070314,0.00671767480764538,0.0164345910253231,0,0,0,0,0,0,0,0,3533.3424250012,2825.43081863206,638.73790151294,1293.23738765416,447.209661572384,849.200108227866,1.89372916727154,5.11525561811616,135.756666381147,108.557570393963,24.6175219880365,49.8492159885453,17.2316969193306,32.7204132330237,0.0729684516955849,0.197095267558603,22377.8937078237,17796.4308972075,4621.5812569296,9053.29496355121,3560.61561220585,6376.16752414706,14.6848987891265,37.3948372460559,859.776140268218,683.767719039551,179.987519901661,353.516008045259,140.183024906142,251.628951253761,0.578205417200292,1.47585991293041,0,0,8.35130956681542,16.806279131656,6.83843324281342,12.3297100139349,0.0283206017122302,0.0725965198110959,0,0,0,0,0,0,0,0,244.970331212947,208.869130727115,209.829896402348,465.915348538859,288.805073266252,597.067000837887,1.14457172904994,3.36599175522426,9.41212578250633,8.0250866132833,8.03758642445062,17.8364755225525,11.022415285666,22.7818591193082,0.0436823306532131,0.128431143791586,325.889752964861,276.536326894627,319.415253658638,754.009796206695,512.608310164722,1085.69055982482,2.12073659267503,6.38188346664525,12.5211471799432,10.6249692382295,12.231903786123,28.8551925466887,19.5596226158416,41.4101015089275,0.0809197909054603,0.243412970959133,0,0,54.4438802903188,128.450155490037,71.7452675934144,140.197625971994,0.297449364093158,0.825645872949466,0,0,0,0,0,0,0,0,327.406335202206,154.930473500624,951.447717844865,960.32972052514
"171",2004,2155,14.1666666666667,6120.3021642347,4960.65113333195,1463.82856173248,2814.81780267893,864.739346111347,1480.35732219748,6.3370049799622,15.4420004930796,0,0,0,0,0,0,0,0,0,0,2.41232883340118,4.75368949243015,1.62665695686734,2.79560690832329,0.0119475784133998,0.02920948898501,0,0,0,0,0,0,0,0,3550.09665321057,2835.15943254219,643.137637965565,1302.0677951643,450.330048769171,854.710734680486,3.47533562695221,9.39072811188014,136.400390621798,108.931359298092,24.7871192039437,50.1896634438772,17.3519371891214,32.9327567380871,0.133911013804635,0.36183473854985,22348.1117763485,17748.7818445438,4623.21115419656,9055.08097765894,3561.08417786136,6373.59098844877,26.2533289412413,66.8588102679809,858.632069546216,681.936961443937,180.052579657317,353.592697184463,140.206577167341,251.538951019175,1.03381520032697,2.6389865280913,0,0,8.36114309186391,16.8241280430219,6.84460054499078,12.3346188381072,0.0508262658054178,0.13028475346525,0,0,0,0,0,0,0,0,245.912615092849,209.332495735611,211.140566979256,468.625253615882,290.650140649338,600.336653788109,1.99826212624552,5.87548068090445,9.44833011081041,8.04288983048827,8.08801891021976,17.9407451487905,11.0932888939184,22.9075732627538,0.076265408831075,0.224188663718702,324.75810918198,275.178399941117,319.885204593058,754.972909993953,513.446480336673,1086.81560614441,3.80198677236404,11.4343659128176,12.4776687929701,10.5727954840016,12.2502005013578,28.8927825834201,19.5922883772523,41.4545248558208,0.145073566258976,0.436132361062049,0,0,54.5197368760435,128.679848388945,71.8700024612093,140.391360260967,0.534790420713412,1.48355240763659,0,0,0,0,0,0,0,0,330.020431875115,156.19900606417,964.645846357437,976.271390275343
"172",2004,2155,14.25,6101.40812265665,4941.13467739784,1462.3501191718,2811.31110857832,861.566655316895,1473.16202713693,9.06098944447269,22.0703570671665,0,0,0,0,0,0,0,0,0,0,2.41036745909187,4.74866616207354,1.62129076413648,2.78306937637746,0.0171041602792342,0.0417889342129453,0,0,0,0,0,0,0,0,3566.94238912536,2844.94548093532,647.555312998756,1310.92626398719,453.472677833087,860.25830571769,5.12840311845589,13.8619551171228,137.047630734828,109.307354926903,24.9574068940449,50.5311907997723,17.4730336417011,33.146522520046,0.197608365784797,0.534120207251225,22318.5443952082,17701.4954991412,4624.74211712763,9056.65610899721,3561.55600796653,6371.06117437861,37.7873939118779,96.2406039364006,857.496240717104,680.120139686847,180.113734770455,353.66099220594,140.230069214212,251.450401697412,1.48816658677151,3.79909784250312,0,0,8.3709308646443,16.8418666326114,6.85079207854215,12.3396395807123,0.0734268464869662,0.188220470991866,0,0,0,0,0,0,0,0,246.855988440605,209.800704850238,212.449643471932,471.349237659816,292.492607353277,603.626050699445,2.81232378464698,8.26698340764858,9.48457629616668,8.06087916608251,8.13839235006974,18.0455589036572,11.1640693566566,23.0340514773717,0.107338210761371,0.315450901226854,323.641887440365,273.83538025831,320.348126749941,755.901876326281,514.260794573357,1087.87148078705,5.48222317249333,16.4780649722114,12.4347829231203,10.5211944915498,12.2682307432592,28.9290734767249,19.6240512116427,41.4963235705237,0.209191553164775,0.628526832208784,0,0,54.5933498693283,128.903082699225,71.9910963353895,140.578480471057,0.774010461947631,2.14589433856753,0,0,0,0,0,0,0,0,332.644569943758,157.470364408687,977.927322542407,992.302389047041
"173",2004,2155,14.3333333333333,6082.43655080909,4921.65332926622,1460.77284424708,2807.62348496441,858.389544237248,1465.9852115294,11.7398798479823,28.5832581971404,0,0,0,0,0,0,0,0,0,0,2.40831361764049,4.74347404922834,1.6159104923589,2.77055292290687,0.0221863295128392,0.0541714546070286,0,0,0,0,0,0,0,0,3583.85855011848,2854.77228818354,651.984773072443,1319.8000879302,456.631426419722,865.83064520947,6.85009594639821,18.521060314115,137.697576691988,109.684916576108,25.1281486691441,50.873309927559,17.594751079627,33.3612427777064,0.26395180250606,0.713649749621828,22289.2025721561,17654.5790497965,4626.17903907931,9058.02981818489,3562.03203758211,6368.57934878732,49.2894582494189,125.546909683469,856.36907671109,678.317529973265,180.171175178146,353.721261033399,140.253540270469,251.363357918388,1.94134847047094,4.95644602959129,0,0,8.38065837474194,16.8594628160385,6.85700939161925,12.3447735833181,0.0961175934622785,0.246396304328857,0,0,0,0,0,0,0,0,247.800723664886,210.27367072269,213.757696112295,474.086425086135,294.333842614738,606.935116104105,3.59139300679006,10.553763288556,9.5208748049581,8.07905126400284,8.18872860121181,18.1508833215749,11.2348090604851,23.1612912176432,0.137077865472594,0.402724445660928,322.541874400244,272.508240866541,320.80490514011,756.801027634762,515.053114974934,1088.86514554069,7.15750033379086,21.5013472985102,12.3925197952728,10.4702036458667,12.2860282656631,28.9642306944106,19.6549819540071,41.5357626476485,0.27312326233205,0.820152727923729,0,0,54.664778166521,129.119995116001,72.1086269571146,140.759125988556,1.01507756171787,2.8125922450568,0,0,0,0,0,0,0,0,335.278762551503,158.744577686171,991.292062868489,1008.42322118371
"174",2004,2155,14.4166666666667,6063.39421219583,4902.21155105654,1459.10002774361,2803.76095213106,855.207961074818,1458.82682188195,14.373880187829,34.9813515981192,0,0,0,0,0,0,0,0,0,0,2.40615614233138,4.7380919451033,1.61051626038781,2.75805787421399,0.0271932210937109,0.0663559851256495,0,0,0,0,0,0,0,0,3600.82714646161,2864.62574108609,656.420879694311,1328.67871109015,459.801277593659,871.41786743583,8.63756335683501,23.3600984473329,138.349537299148,110.063501993963,25.2991470747102,51.2156151836369,17.716896713861,33.5765375899969,0.332831993666862,0.900118662902469,22260.0951810764,17608.0379595631,4627.52627463724,9059.21050248443,3562.51281830745,6366.14603337075,60.7617631475735,154.7840706813,855.250918473073,676.529342202341,180.225070014792,353.773830499481,140.277014642385,251.277845321956,2.3934450713534,6.11127006081325,0,0,8.39031332068189,16.8768891594598,6.86325231539474,12.3500189654216,0.118894359661921,0.304805660380114,0,0,0,0,0,0,0,0,248.746997760413,210.751251244381,215.065059110697,476.835668490971,296.17474433461,610.263127319468,4.33964866903341,12.7478097419783,9.55723243761031,8.0974006642087,8.23904045679653,18.2566744710881,11.3055422964816,23.2892650166267,0.165644021528798,0.486467214960878,321.45869418204,271.197781032802,321.256305338055,757.67414964005,515.82514316643,1089.80287292122,8.82441810041963,26.4941718463725,12.3509033893078,10.4198536560625,12.303622256916,28.9983987994077,19.6851453325606,41.5730808366721,0.336739023208286,1.01062716605632,0,0,54.7340745273932,129.330708924611,72.2226678224263,140.933427913109,1.25795959839152,3.48356696433588,0,0,0,0,0,0,0,0,337.923025225481,160.021674348707,1004.74002702815,1024.63437139368
"175",2004,2155,14.5,6044.28729593099,4882.8133239021,1457.33479830805,2799.72923320774,852.021819344063,1451.68672545494,16.9632035469766,41.2653067440112,0,0,0,0,0,0,0,0,0,0,2.40388660776139,4.7325037159582,1.60510805187238,2.74558433833482,0.032124162558671,0.0783418093169477,0,0,0,0,0,0,0,0,3617.83278515244,2874.49387414245,660.859340269421,1337.55336961162,462.978125910405,877.011974368413,10.4879646774938,28.3711293643131,139.002921132545,110.442651446803,25.4702371078763,51.5577696782538,17.8393127305128,33.7920994780282,0.40413995229194,1.09322231716001,22231.2293032497,17561.8762481757,4628.78772367203,9060.20566642055,3562.99859387166,6363.76115421372,72.2064240504818,183.958074523718,854.142038074411,674.755730818578,180.275570856572,353.818992937562,140.30050464776,251.19386635242,2.84453583748299,7.26379540810502,0,0,8.39988534988148,16.8941223712907,6.86951946928456,12.3553716114566,0.141753464654266,0.363442477294505,0,0,0,0,0,0,0,0,249.694910039156,211.233262423079,216.371885929958,479.595638010269,298.015848903465,613.608902469062,5.06085212508116,14.8599460003558,9.59365300985295,8.11592029742293,8.28933376741406,18.3628813869153,11.3762894760921,23.4179277110704,0.193180370922789,0.567092569257218,320.3928323195,269.904650056662,321.702981091457,758.524531680456,516.578422106299,1090.69029010844,10.4800637638914,31.4479245100547,12.3099523604168,10.3701694692585,12.3210376286672,29.031703369594,19.7146000281893,41.6084922967129,0.399927773761302,1.19962172354771,0,0,54.8012865265234,129.53533607377,72.3332885696909,141.101509853613,1.50262430336575,4.158739577509,0,0,0,0,0,0,0,0,340.577374946075,161.30168185165,1018.27120080707,1040.93629235793
"176",2004,2155,14.5833333333333,6025.12150410629,4863.46222102716,1455.4801428466,2795.53379301704,848.831009116802,1444.56473088508,19.5080711504165,47.4358124243912,0,0,0,0,0,0,0,0,0,0,2.40149883207087,4.72669739976802,1.59968575386925,2.73313225593738,0.0369786460592664,0.0901285099846904,0,0,0,0,0,0,0,0,3634.86226065749,2884.36652772117,665.296568406639,1346.41679522978,466.158618108483,882.606524159808,12.3984897004982,33.5462784648256,139.657220814463,110.821974585342,25.6412808628827,51.8994939113032,17.9618701833898,34.0076806948871,0.477767820606667,1.29265848523371,22202.6105094398,17516.0967251768,4629.96690068495,9061.02206242434,3563.48936166171,6361.42416349159,83.6254299554552,213.074550711996,853.042649550943,672.996803768946,180.32281439827,353.857011615891,140.324013000731,251.111404975814,3.29469541299978,8.41423393248271,0,0,8.40936582109979,16.9111428295652,6.8758086345674,12.3608258971635,0.164691589449207,0.422301045979934,0,0,0,0,0,0,0,0,250.644496675406,211.719488771071,217.678192811321,482.364889993515,299.857417309824,616.970945337002,5.75838410778589,16.899929121437,9.63013791156482,8.13460188426167,8.33960911195842,18.4694487083498,11.4470604370287,23.5472220095783,0.219816058544867,0.644973129683397,319.344655742931,268.629367309874,322.145482736139,759.35501424414,517.314341515826,1091.53242540107,12.1219597209725,36.3552681716112,12.2696808068846,10.321171040541,12.3382953361075,29.0642528121099,19.7433988747371,41.6421883531184,0.462595060831677,1.38685670945633,0,0,54.8664573577093,129.733978933645,72.4405553442391,141.263488674729,1.74903929557091,4.83803138032007,0,0,0,0,0,0,0,0,343.241829401618,162.584626433172,1031.88558332384,1057.32939652131
"177",2004,2155,14.6666666666667,6005.90212456515,4844.1614686147,1453.53892363691,2791.179870575,845.635406160076,1437.46060503303,22.0087116263886,53.4935748136743,0,0,0,0,0,0,0,0,0,0,2.39898846886843,4.72066446309983,1.59424918739404,2.72070144182648,0.0417563047454605,0.101715927305529,0,0,0,0,0,0,0,0,3651.90421362634,2894.23506332527,669.729567350136,1355.26296745787,469.340020949141,888.19635572148,14.366375069132,38.8777856965438,140.311999900493,111.20113950471,25.812163062474,52.2405562718807,18.0844639266455,34.2230826643657,0.553609502454419,1.49812923288789,22174.243095646,17470.7011843875,4631.06699264593,9061.66580798506,3563.98492330987,6359.13413944916,95.0206440621383,242.138771969399,851.952917960856,671.252629974746,180.366924686042,353.888125264435,140.347534773201,251.030430556587,3.74399365832025,9.56278392122125,0,0,8.41874759136028,16.9279341522976,6.8821170370838,12.3663752361201,0.187705694177605,0.481375877596867,0,0,0,0,0,0,0,0,251.595742755173,212.209691759212,218.983893431904,485.141920169685,301.699503435617,620.347557920041,6.43527871178255,18.8765424182074,9.6666865697308,8.1534362600525,8.38986312824655,18.5763187225188,11.5178570655739,23.6770828204657,0.245666980319474,0.720444308199942,318.314429645433,267.372339304516,322.584265863621,760.168033393993,518.034145411229,1092.33375492715,13.7480162135643,41.2100069812891,12.2300989181119,10.2728739887462,12.3554127083646,29.0961400599379,19.7715891415104,41.6743392680707,0.524661234599571,1.57209598142235,0,0,54.9296265169151,129.926731792939,72.5445311335968,141.419475181213,1.99717210766098,5.52136385008478,0,0,0,0,0,0,0,0,345.916406387354,163.870532951846,1045.5831774358,1073.81405082409
"178",2004,2155,14.75,5986.6340924965,4824.91399733601,1451.51389290676,2786.67250669702,842.434879469705,1430.37408696032,24.4653604132483,59.4393159054317,0,0,0,0,0,0,0,0,0,0,2.39635266724139,4.71439917994703,1.58879813199357,2.70829161932345,0.0464568925282653,0.113104122801041,0,0,0,0,0,0,0,0,3668.94884171055,2904.09212255173,674.155831253358,1364.08690338639,472.520109944951,893.777356544626,16.3889175635344,44.3580456280368,140.966881768734,111.579863483297,25.9827872729015,52.5807649789628,18.2070083478085,34.4381470766243,0.631561176586435,1.70934246624659,22146.130283285,17425.690568757,4632.09090797221,9062.14248470459,3564.48492690404,6356.88986974016,106.393805401604,271.155658361244,850.872967075855,669.523245665425,180.408015008299,353.912551902739,140.37105903203,250.950901090314,4.19249570841532,10.709630234011,0,0,8.42802482385513,16.9444828058028,6.88844156396908,12.3720124959698,0.210792952726495,0.540661604508701,0,0,0,0,0,0,0,0,252.548592408887,212.703616795476,220.288826889236,487.925205217731,303.542008990162,623.736928857583,7.09425486026455,20.7976813194927,9.70329683775683,8.17241364296151,8.4400895876035,18.6834329625803,11.5886754060738,23.807440653256,0.270836985366133,0.793807586929378,317.302331957222,266.13387447143,323.019700001293,760.965662315634,518.738940917478,1093.09824871375,15.3564883201772,46.0069625663971,12.1912135307375,10.2252901642724,12.3724037797464,29.1274441592723,19.7992128661456,41.7050959899113,0.586059805466752,1.75514221766404,0,0,54.9908303895456,130.113682149817,72.6452760759113,141.569574746057,2.2469902062927,6.20865861120135,0,0,0,0,0,0,0,0,348.601123314738,165.159424767827,1059.36398246938,1090.39057354142
"179",2004,2155,14.8333333333333,5967.32204219568,4805.72248567725,1449.40770517449,2782.01656728397,839.229297401713,1423.30489939852,26.8782592865413,65.2737722489302,0,0,0,0,0,0,0,0,0,0,2.39358979111031,4.70789811711309,1.58333234519056,2.69590244841834,0.0510802668654376,0.124293348572866,0,0,0,0,0,0,0,0,3685.98765623099,2913.93142445593,678.573262228837,1372.88448080365,475.697076505195,899.346268719847,18.4634846203911,49.9796395337793,141.621540270558,111.957905197165,26.1530727233877,52.9199612988887,18.3294338065336,34.6527484476614,0.711521703660672,1.92601317231414,22118.2743880238,17381.0651091432,4633.04131768991,9062.45722137529,3564.98890184879,6354.68992016293,117.746531282729,300.129783770805,849.80288586789,667.808659710716,180.446189484918,353.930492050696,140.394570191733,250.872765871101,4.6402620628886,11.8549445407374,0,0,8.43719281599317,16.9607777502994,6.89477892533702,12.3777303061209,0.233950701781178,0.600152909104139,0,0,0,0,0,0,0,0,253.502957254779,213.200998911586,221.592779937186,490.713234421634,305.384726976439,627.137201273195,7.73774530106705,22.6704327475199,9.73996531987811,8.19152385248258,8.49028024885523,18.7907334252853,11.6595073302588,23.93822422938,0.295418983886469,0.865333550228364,316.308465710871,264.914195909637,323.452077142231,761.749649893712,519.429707911475,1093.82941543295,16.9459370138687,50.7418616713457,12.1530286037276,10.178428138932,12.3892796155433,29.1582317439293,19.8263072203421,41.7345918546137,0.64673595629776,1.93583262556436,0,0,55.050102751694,130.294911816953,72.742847741488,141.713887882458,2.49846100765063,6.89983740085489,0,0,0,0,0,0,0,0,351.295996817403,166.451323661481,1073.22798889969,1107.05923283947
"180",2004,2155,14.9166666666667,5947.97034985526,4786.58939579472,1447.22292753663,2777.21676265024,836.01853253068,1416.25275794425,29.2476559872732,70.9976939409132,0,0,0,0,0,0,0,0,0,0,2.39069919255,4.70115971663449,1.57785157732617,2.68353354826369,0.0556263743345778,0.135284021403498,0,0,0,0,0,0,0,0,3703.01328073763,2923.74759794859,682.980101874418,1381.65229192862,478.869451943054,904.900529957432,20.5875223365856,55.7353601917379,142.275691990958,112.335058280476,26.3229516802828,53.2580139358903,18.4516837195225,34.8667880201078,0.793392936532884,2.1478643794364,22090.6769599324,17336.8244392868,4633.92068943178,9062.61476241543,3565.49628701686,6352.532690068,129.080320440237,329.065384410687,848.742733893979,666.108858038144,180.481544379973,353.942131373694,140.418049107407,250.795967643014,5.08734870338576,12.9988856385024,0,0,8.44624784680177,16.9768101217278,6.90112576718974,12.3835212693959,0.257176402772616,0.659844477279832,0,0,0,0,0,0,0,0,254.458723296965,213.70156727352,222.895504031061,493.504532421022,307.227374818552,630.546522130839,8.36792320061508,24.5011481721984,9.7766876361945,8.21075648273843,8.54042551312256,18.898163446685,11.7303418097065,24.0693623827983,0.319495963381301,0.935264675554184,315.332869477618,263.71345227614,323.881620046701,762.521456312073,520.107309265218,1094.53034552351,18.5151941109481,55.4112347489936,12.1155456193522,10.1322936243563,12.4060486293685,29.1885583965425,19.852904899563,41.7629442276403,0.706645203315839,2.11403506854592,0,0,55.1074751916065,130.470497853848,72.8373013878457,141.852510760693,2.75155188866519,7.5948220351215,0,0,0,0,0,0,0,0,354.001042445232,167.746249785719,1087.17517476338,1123.82024682835
"181",2005,2155,15,5928.03701506357,4766.86887150742,1444.92708246517,2772.32785214686,830.94514974706,1404.64735713327,33.4943932504327,81.2715702881744,0,0,0,0,0,0,0,0,0,0,2.38776013343261,4.69432596728509,1.56885022245989,2.66252311997562,0.0637244486906845,0.15491482663716,0,0,0,0,0,0,0,0,3720.12079297553,2933.59568186174,687.351604354927,1390.4159722143,480.97227344032,907.505709884259,23.8902411205022,64.6831536281246,142.932989968946,112.713437413173,26.4914760449646,53.595912828263,18.532722010461,34.9671967850048,0.920685535730934,2.49272254465947,22063.2365531892,17292.6417463087,4634.53867955178,9062.67289728882,3558.04384093265,6329.79634031571,148.637358614869,379.005681960937,847.688613073493,664.411283980549,180.506853258179,353.949862738603,140.127862654693,249.906306226858,5.85837600276357,14.9722886116087,0,0,8.45545601330786,16.9930735906748,6.89206250471873,12.3491611773026,0.296469072863641,0.760872310055021,0,0,0,0,0,0,0,0,255.434831833907,214.213638359212,224.240008204632,496.384302247339,308.444095315095,632.014947862049,9.68567862672463,28.3507519729792,9.8141915387839,8.2304310661643,8.5921727847783,19.0089853445805,11.7772818664709,24.1264185276119,0.369829583277246,1.08227333776869,314.380407637735,262.534756289819,324.31321750408,763.297024031188,519.604438834674,1091.6344405993,21.2690362555295,63.6457783841875,12.0789514744607,10.0870062161858,12.4228973627233,29.2190335722392,19.8344474002838,41.6540609507253,0.811776236096782,2.42828722301192,0,0,55.1649349180672,130.644379309854,72.7655243126026,141.523823234161,3.17527242950922,8.76506504224419,0,0,0,0,0,0,0,0,356.687502243132,169.023920381959,1101.05022655986,1140.39870873139
"182",2005,2155,15.0833333333333,5907.77525362648,4746.89317577675,1442.51952088207,2767.27493582878,825.200145515092,1391.43052022062,38.3940966121202,93.1053457474373,0,0,0,0,0,0,0,0,0,0,2.38469431308597,4.68729335097256,1.55857605958485,2.63844127830248,0.0730729151692454,0.177538249857307,0,0,0,0,0,0,0,0,3737.36405150582,2943.52796174689,691.738210430093,1399.22965587896,482.691400374656,909.025199172107,27.7405272836848,75.1056824725756,143.595503536568,113.095051489756,26.6605816312754,53.9357347383487,18.5989737576645,35.0257689372852,1.06908201001886,2.89441793115484,22035.8888281212,17248.6138849143,4634.98890442985,9062.5454870205,3547.62981308393,6299.44070662604,171.300314967018,436.821995143624,846.638051676835,662.719658844873,180.525647580432,353.950250554694,139.720800641426,248.715297031697,6.75186733591141,17.2569678435494,0,0,8.46452641809842,17.009186194768,6.87726004019602,12.2998860359331,0.342040220102741,0.877933173678984,0,0,0,0,0,0,0,0,256.417843442912,214.730696012489,225.593558306944,499.290429823054,309.409228230852,632.720018703419,11.2184326429127,32.8230424873634,9.85196066555006,8.2502972415808,8.64426797021104,19.1208207026108,11.8146193999149,24.1543384178251,0.428377290847252,1.25306686227914,313.440001162008,261.369171049151,324.73856998445,764.053857124923,518.635889717186,1087.33923246852,24.4655671717839,73.1914744363141,12.0428204969835,10.0422225443287,12.4395081952881,29.2487962562154,19.7982167949637,41.4917837493116,0.933812339670081,2.79259175415978,0,0,55.221083070765,130.813746833909,72.6285266643166,141.014558570279,3.66667675020718,10.1211734924154,0,0,0,0,0,0,0,0,359.373033827078,170.296731801869,1114.92596632791,1156.92364066622
"183",2005,2155,15.1666666666667,5887.39756376654,4726.9142115809,1440.01457057451,2762.03920032826,819.51731088531,1378.40869809306,43.1896038459175,104.65979783857,0,0,0,0,0,0,0,0,0,0,2.38146582915229,4.67999526101632,1.54841205072219,2.61470859965221,0.0822409321064109,0.199665809666279,0,0,0,0,0,0,0,0,3754.68685978519,2953.50769317567,696.14418990691,1408.07237026267,484.437386546771,910.595169964082,31.7013145430809,85.8170314735839,144.261073532765,113.47848873053,26.8304315520205,54.2766721732156,18.6662595642858,35.0862847771685,1.22174225987279,3.30725827241805,22008.6744258241,17204.8671814919,4635.34920919317,9062.21586052567,3537.38515891573,6269.57348584304,193.84293414932,494.269295253703,845.592611345871,661.038836290247,180.540885540839,353.942590834592,139.320171069124,247.543037891494,7.64075940636157,19.5273944179568,0,0,8.47335744924589,17.0249528729973,6.86277555814945,12.2514991401093,0.387635731449559,0.994932391221419,0,0,0,0,0,0,0,0,257.400449828343,215.24936403088,226.93976464397,502.189470356517,310.368418267514,633.424531397868,12.6925711954572,37.1122024509927,9.88971422125262,8.2702252898671,8.69608331694754,19.2323890544633,11.8517337399308,24.1822403807585,0.484692296587322,1.41688579817198,312.510172350329,260.215943087329,325.156348175843,764.78836805926,517.660977127649,1083.04862572132,27.6282907355498,82.610131154056,12.0070959118055,9.99791365937416,12.4558303069436,29.277708990488,19.761745320656,41.3296796918304,1.05456527319921,3.15207272111133,0,0,55.2751667373282,130.977158245865,72.4903475435381,140.50595681835,4.15977092148147,11.4787321250528,0,0,0,0,0,0,0,0,362.068878024849,171.572616471507,1128.85908182922,1173.49593802886
"184",2005,2155,15.25,5866.91664709432,4706.94128050796,1437.41681094167,2756.62922035694,813.895910938546,1365.57914094107,47.882075798061,115.93882130241,0,0,0,0,0,0,0,0,0,0,2.37807584086797,4.67242620357465,1.53835524736772,2.59131822209598,0.0912286732035531,0.221301017765891,0,0,0,0,0,0,0,0,3772.05538765015,2963.50843294601,700.559533424204,1416.9241004525,486.200611319955,912.197318926779,35.7667784786716,96.8004287463384,144.928400148552,113.862733145382,27.0006413594143,54.6179562663399,18.7342097789251,35.1480410252683,1.37844263935426,3.73059949822725,21981.613006042,17161.4157235743,4635.62603791071,9061.69668287064,3527.30944014259,6240.19084449467,216.270242669939,551.362800905865,844.553047429348,659.369357582243,180.552817698756,353.927376903871,138.925962755295,246.389392178188,8.52524240368199,21.7841468583098,0,0,8.48197020162005,17.0403830363259,6.84860357576152,12.203987418132,0.433250830418013,1.11186488961152,0,0,0,0,0,0,0,0,258.382950432552,215.769707527081,228.279809531417,505.082564004233,311.323730977768,634.131483223633,14.1149391440877,41.2382310525308,9.92746371093734,8.2902177127564,8.74766416530542,19.3437341230498,11.8887038199532,24.2102390440748,0.539036121225276,1.57449400998299,311.592532502427,259.076534802071,325.56791513362,765.504819501632,516.682794776443,1078.7702118078,30.7526038810604,91.8886323298269,11.971839627679,9.95413574897826,12.4719157806829,29.3059346355059,19.7251508597115,41.1680380164013,1.17385939562563,3.50622960913756,0,0,55.327234622234,131.13476079901,72.3511110814539,139.998241570891,4.65449879785387,12.8376248549327,0,0,0,0,0,0,0,0,364.775032361154,172.851584219943,1142.84928784991,1190.11554034426
"185",2005,2155,15.3333333333333,5846.34402957992,4686.9827104448,1434.73051877712,2751.05300286027,808.335110941,1352.93892570517,52.4726842519381,126.946315921007,0,0,0,0,0,0,0,0,0,0,2.37452650383154,4.66458379976595,1.52840298470295,2.56826360550561,0.100036587579388,0.242447854026628,0,0,0,0,0,0,0,0,3789.44095776276,2973.50793159817,704.975939706766,1425.76831647843,487.973364617594,913.817144952481,39.9311246567629,108.03919842023,145.596381554748,114.246929874489,27.1708921256662,54.9589518437427,18.8025280690734,35.2104803241148,1.53896058128767,4.16380102019298,21954.7206897622,17118.2707663161,4635.82496573544,9060.99891588853,3517.40158307282,6211.28778554575,238.587017621054,608.116977668158,843.519979313397,657.711655161884,180.561661025767,353.905036178403,138.538139684081,245.25417766926,9.40549708198536,24.0277751693168,0,0,8.49038138732493,17.0554828476848,6.83473723203491,12.1573345702285,0.478881193263749,1.22872572385488,0,0,0,0,0,0,0,0,259.365504237301,216.29169367321,229.614471564346,507.970185715113,312.276518471602,634.842627646743,15.4916935007809,45.2191762824166,9.96521524292925,8.31027324894836,8.79904034932365,19.4548740709608,11.925581192397,24.2384012714567,0.591643988945779,1.72658078510158,310.688406945321,257.952144950743,325.974440807163,766.206852765747,515.704067699969,1074.51061023333,33.8347093986348,101.016234072528,11.9371025658813,9.91093487131207,12.4878093156714,29.3336122926291,19.6885372418147,41.0071109292954,1.29154983479627,3.85465246004201,0,0,55.3773326413623,131.28668916549,72.2109310239778,139.491615632905,5.15080524727927,14.1977394105799,0,0,0,0,0,0,0,0,367.491496646616,174.133644927309,1156.89636722131,1206.78243324176
"186",2005,2155,15.4166666666667,5825.69021543475,4667.04598304604,1431.95970387868,2745.31805530345,802.83399924073,1340.48499827976,56.9626088241799,137.686178670577,0,0,0,0,0,0,0,0,0,0,2.37082075100255,4.65646819721345,1.51855282625661,2.54553846680948,0.108665364662127,0.263110702715442,0,0,0,0,0,0,0,0,3806.81931694803,2983.48753315777,709.386561170055,1434.59145117679,489.749533750279,915.443313582072,44.1886350989669,119.516894471634,146.264085905584,114.630362125481,27.3409206925276,55.2991374095631,18.8709794133541,35.2731668671674,1.70307638665128,4.60623088519344,21928.010561822,17075.4411426755,4635.95082442654,9060.1320682212,3507.65999935042,6182.85838408882,260.797780608422,664.545523051794,842.493909732204,656.066068405505,180.56760375184,353.875939829107,138.156645688908,244.137175694726,10.2816945143677,26.2588002239537,0,0,8.49860419495305,17.0702561067622,6.82116875176112,12.1115221378383,0.524522831491749,1.3455098970981,0,0,0,0,0,0,0,0,260.348155102539,216.815211140116,230.944209202053,510.852294782626,313.227579412254,635.5587689743,16.8283552389092,49.0712773859958,10.0029705023895,8.33038762099834,8.8502294058676,19.5658072429295,11.9623961707625,24.2667574775738,0.642726806598437,1.87376627436045,309.798871008466,256.843741720517,326.376913521744,766.897539940458,514.727171661129,1070.27553939239,36.8715317780924,109.984320202244,11.9029260424286,9.86834822567007,12.5035486630441,29.360859290624,19.6519949728571,40.8471162827019,1.40751927175457,4.19701252841202,0,0,55.4255041108078,131.433066911404,72.0699117507347,138.986262991781,5.6486360609264,15.5589668981123,0,0,0,0,0,0,0,0,370.218271754119,175.418808043665,1171.00014754265,1223.49662605449
"187",2005,2155,15.5,5804.96483238538,4647.13785396007,1429.10814311352,2739.4314507959,797.391607831016,1328.21421122274,61.3530344021582,148.162297453821,0,0,0,0,0,0,0,0,0,0,2.36696209683246,4.6480815351855,1.50880251501711,2.5231367240907,0.117115900160749,0.283294290684188,0,0,0,0,0,0,0,0,3824.16995054508,2993.43161175821,713.785765038009,1443.38241001011,491.524313770991,917.067071290043,48.5337062967103,131.217410387117,146.930724994983,115.012429527575,27.5105105144456,55.6380863545598,18.939378994521,35.33576393702,1.87057468998803,5.05727000260023,21901.4931443657,17032.9336485209,4636.00782031383,9059.10442990744,3498.08269613833,6154.89600100916,282.906797008657,720.661366769362,841.475242958733,654.43285842115,180.570809920368,353.84041185078,137.781408728414,243.038139435552,11.1539960521569,28.4777137375888,0,0,8.50664906244661,17.0847050172744,6.80788984107867,12.0665304161741,0.570171991369067,1.46221222198927,0,0,0,0,0,0,0,0,261.330855119497,217.340087851281,232.269236008101,513.72846857691,314.177301066341,636.280022450071,18.1298643714087,52.8091172028102,10.0407276485783,8.35055421745083,8.90123946357937,19.6765173014219,11.9991632829376,24.2953116165632,0.69247326822909,2.01660731149225,308.924784509237,255.752094414377,326.776153674668,767.579439437887,513.75415693989,1066.06989426049,39.8606328802119,118.786156672241,11.8693430930555,9.82640536989726,12.5191651471097,29.3877733044429,19.6156021336824,40.6882405189031,1.52167471862905,4.53305290113284,0,0,55.4717899585882,131.574007944977,71.9281492862705,138.482350781081,6.14793787071327,16.921201398587,0,0,0,0,0,0,0,0,372.955358556676,176.707082185636,1185.1604813263,1240.25813313668
"188",2005,2155,15.5833333333333,5784.17676932924,4627.26446679414,1426.17941276451,2733.39988983795,792.006931538418,1316.12335898296,65.6451488014915,158.378545374751,0,0,0,0,0,0,0,0,0,0,2.36295446033964,4.63942745334856,1.49914993059337,2.50105244955881,0.125389262712163,0.303003626343416,0,0,0,0,0,0,0,0,3841.47543224659,3003.3270378511,718.168906966325,1452.13210650181,493.293935667906,918.681696986839,52.960883389681,143.125077983017,147.595629276349,115.392627622525,27.6794829803928,55.9754491451692,19.0075817752159,35.3980128682219,2.04124577812652,5.51631595688135,21875.1768464876,16990.7534079615,4635.99964588218,9057.92329410663,3488.66737876154,6127.39348137896,304.918077669411,776.476677951322,840.464302080449,652.812222085189,180.571423697215,353.798737634369,137.412344871183,241.956801632312,12.0225533780444,30.6849785094721,0,0,8.51452437463841,17.0988308498924,6.79489202230361,12.0223392266654,0.615825069404403,1.57882722215491,0,0,0,0,0,0,0,0,262.313486554925,217.866107570718,233.589589381715,516.598024209199,315.125786792042,637.006046476964,19.4006370363641,56.4457804210318,10.0784821579884,8.3707647301728,8.95207188221458,19.7869778994801,12.0358861658695,24.3240501011903,0.741052036641802,2.15560345951101,308.066824928787,254.677803971881,327.172829316654,768.254654276915,512.786776179597,1061.89783080577,42.8001269034907,127.416643630476,11.8363797478763,9.78512939304591,12.5346842591862,29.4144345797097,19.5794254355522,40.5306418748015,1.63394426950552,4.86257902645718,0,0,55.5162289575156,131.709617947539,71.7857322977507,137.980031231439,6.64865806626976,18.2843395685409,0,0,0,0,0,0,0,0,375.702756962994,177.998474779809,1199.37722898458,1257.0669582581
"189",2005,2155,15.6666666666667,5763.33426440588,4607.43142615349,1423.17690933276,2727.22973988651,786.678939792658,1304.20919959622,69.8401413252748,168.338777268236,0,0,0,0,0,0,0,0,0,0,2.35880206606305,4.63051080337859,1.48959306689564,2.47927984784357,0.13348667117737,0.322243957702081,0,0,0,0,0,0,0,0,3858.72100897885,3013.16283770599,722.532187171787,1460.8331670126,495.055497152152,920.282161850294,57.4648792729817,155.224722883173,148.258231912998,115.770534782058,27.8476918975218,56.3109420027872,19.0754760064809,35.4597199963324,2.21488632920095,5.98278515313695,21849.0682521521,16948.9041068911,4635.92955046329,9056.59509726126,3479.41151333153,6100.3432746035,326.835383585847,832.002880266645,839.461340061532,651.204301015427,180.569572101158,353.751169387098,137.049360729315,240.892879259152,12.8875086768615,32.8810289775414,0,0,8.52223685357994,17.1126342654652,6.78216678575864,11.9789282671546,0.661478574164566,1.69534911766978,0,0,0,0,0,0,0,0,263.295875503112,218.39302007837,234.905170358139,519.460088151122,316.072926526304,637.736169237485,20.6446092734304,59.9929754890424,10.1162273488767,8.39100954530904,9.00272278145103,19.8971553556661,12.0725602724133,24.3529466677808,0.788613416773008,2.2912016698119,307.225509305031,253.621323188831,327.567469868913,768.924877389513,511.826510084164,1057.76283607305,45.688618519778,135.872134558184,11.8040558725438,9.74453769224787,12.550126181452,29.4409076636837,19.54352119833,40.3744530498323,1.74427473652739,5.18545180514577,0,0,55.5588579225337,131.839995371903,71.6427427948954,137.479443062008,7.15074473005748,19.6482803464238,0,0,0,0,0,0,0,0,378.460465374276,179.292991877829,1213.65025071459,1273.92308782612
"190",2005,2155,15.75,5742.44499251951,4587.6438701502,1420.10387031984,2720.92707483779,781.406588107919,1292.46847578002,73.9392014841296,178.0468266456,0,0,0,0,0,0,0,0,0,0,2.35450934534525,4.62133736185172,1.48013000997757,2.45781323447516,0.141409472031988,0.341020730593998,0,0,0,0,0,0,0,0,3875.89418723642,3022.92985473786,726.872507102347,1469.47963663241,496.80679535541,921.864793727106,62.0405917609642,167.501714536167,148.918052884473,116.145799195536,28.0150179953772,56.6443356254512,19.1429768094221,35.5207437821144,2.39130007721631,6.45611475343821,21823.1724073528,16907.3882254059,4635.80041067814,9055.12555866052,3470.31238849782,6073.737552517,348.662231879538,887.250670741012,838.466550775826,649.609190500972,180.565367724866,353.697931529807,136.692355858534,239.846078118985,13.7489948565823,35.0662719158008,0,0,8.52979194860622,17.1261156387144,6.76970574256294,11.936277465441,0.707129088287964,1.81177181053532,0,0,0,0,0,0,0,0,264.277805390347,218.920551200392,236.215782797401,522.313664517491,317.01846611791,638.469512858212,21.8652815580312,63.4611588427059,10.1539549001283,8.41127812866145,9.05318454620348,20.0070112776921,12.109175533707,24.3819671465387,0.83529105810593,2.42380102999067,306.401216218261,252.58297698725,327.960480199352,769.591437864223,510.874593306368,1053.66779844592,48.525140807975,144.150254638193,11.7723860129672,9.70464275151936,12.5655063246842,29.4672431724041,19.5079363362633,40.2197838812844,1.85262927836022,5.50158065240909,0,0,55.5997119067404,131.96523243749,71.4992568270145,136.980712861083,7.65414658170768,21.0129246854956,0,0,0,0,0,0,0,0,381.228480160832,180.590637982051,1227.97939857425,1290.82648434716
"191",2005,2155,15.8333333333333,5721.51614424313,4567.90653581696,1416.96339303224,2714.49771068267,776.188828173672,1280.89793350022,77.9435178886494,187.506503085602,0,0,0,0,0,0,0,0,0,0,2.35008085151669,4.61191357933697,1.47075891954424,2.43664701887833,0.149159118646819,0.359339550318268,0,0,0,0,0,0,0,0,3892.98436022485,3032.6204445349,731.187340755705,1478.06671517986,498.546178303331,923.426979863604,66.6831171260647,179.942005827653,149.574684660768,116.518127152432,28.1813639913496,56.9754450631649,19.2100204765246,35.5809834049319,2.57029833738618,6.93576421354387,21797.4930792503,16866.2072472422,4635.61479365288,9053.51980551133,3461.36716978538,6047.56831284608,370.401903063557,942.230042202142,837.480078963177,648.026947549186,180.558911176986,353.63922553438,136.341224871216,238.81609687192,14.6071358192353,37.2410872724766,0,0,8.53719417231092,17.139275321779,6.75750074543364,11.8943672596779,0.752773238767346,1.92808888523835,0,0,0,0,0,0,0,0,265.259028943846,219.448411628473,237.521167121431,525.157693356319,317.962065968432,639.205097556798,23.0657616967208,66.8596548522783,10.191655311121,8.43155936454158,9.10344712266401,20.116504802445,12.1457186110445,24.41107346315,0.881203594590054,2.55375734852216,305.594205946598,251.562981012393,328.352154601949,770.255345532195,509.932040184895,1049.61507586686,51.3090968330577,152.249729495853,11.7413801697119,9.66545285628814,12.5808358626105,29.4934794951305,19.4727093389899,40.0667239437846,1.9589851680159,5.81091695627514,0,0,55.6388243907416,132.085416048478,71.3553451296241,136.483956371687,8.15881292773649,22.3781753113769,0,0,0,0,0,0,0,0,384.006795226989,181.891415909225,1242.36451024876,1307.77708160387
"192",2005,2155,15.9166666666667,5700.55448394074,4548.22380744435,1413.75844851497,2707.94723179486,771.024614836214,1269.49433492694,81.854277440579,196.721590382447,0,0,0,0,0,0,0,0,0,0,2.34552120874126,4.60224641670726,1.46147801921084,2.4157756980909,0.156737155157748,0.377206151567484,0,0,0,0,0,0,0,0,3909.9825342125,3042.2282511909,735.474641251338,1486.59056561702,500.27244003803,924.966957982992,71.3877572990242,192.532154393559,150.227781688331,116.887274448664,28.346651007064,57.3041223685018,19.2765604460728,35.6403707426936,2.75170028771972,7.42121611594474,21772.0329469731,16825.3618137121,4635.37500278618,9051.782463167,3452.5729368474,6021.82744934824,392.057449675335,996.950309477696,836.502027560217,646.457596800128,180.550292850696,353.575233414638,135.995858887385,237.802629771691,15.4620467855425,39.4058291557944,0,0,8.54444730382951,17.1521137594444,6.74554392966036,11.8531786947406,0.798407687203949,2.0442936459964,0,0,0,0,0,0,0,0,266.239276602919,219.976302981372,238.821021529037,527.991086328281,318.903335041248,639.941900147146,24.2488024487197,70.1967614584773,10.2293182248964,8.45184178866457,9.15349883367854,20.2255939680539,12.1821742023035,24.4402258881075,0.926456083220939,2.68138719326524,304.804635921119,250.561455962279,328.742690070776,770.917330232288,508.99966984566,1045.60655866511,54.0402106508688,160.170241115969,11.711044391808,9.62697264395707,12.5961222398596,29.5196442965004,19.4378712303413,39.9153449473816,2.06333192086742,6.11344857413205,0,0,55.6762274579027,132.200628528702,71.2110736487886,135.989279551146,8.6646936154834,23.7439365144426,0,0,0,0,0,0,0,0,386.795401762416,183.195326731241,1256.80540670029,1324.77478370481
"193",2006,2155,16,5679.54739750299,4528.52989188759,1410.46101481231,2701.28894279019,765.186216364263,1256.46309579261,86.4082308113826,207.491350527958,0,0,0,0,0,0,0,0,0,0,2.34084644073608,4.59235003071423,1.45090774961512,2.39178368096529,0.165540470220464,0.398045265521901,0,0,0,0,0,0,0,0,3926.93986699034,3051.79616747656,739.687359767446,1495.0082454229,501.5097289266,925.166610864446,76.6357401637591,206.591337823072,150.879309531301,117.254889093077,28.5090715393935,57.6287173247337,19.3242608569139,35.6481161579798,2.95404881903981,7.96330076172227,21747.0193322733,16784.9979196834,4634.84804107547,9049.7277822258,3440.65691713108,5987.96354510097,416.942527627646,1059.98550255757,835.541130426497,644.9067476146,180.530575374279,353.498829624844,135.527346883986,236.467984402364,16.4442507672066,41.8990841476995,0,0,8.55158960903463,17.1646471316897,6.72743554358891,11.7958651992115,0.85050899226564,2.17726782490944,0,0,0,0,0,0,0,0,267.224390392582,220.505738622728,240.119847890311,530.815208175108,319.548506983407,639.771183515864,25.7219773449851,74.3874060620266,10.2671681007784,8.47218354689024,9.20351183261753,20.3343305239148,12.207319596325,24.434716567214,0.982798216847477,2.84163377037399,304.036688567744,249.582252201729,329.129555289622,771.574047250866,507.594841194602,1040.15735210245,57.2072366437635,169.400862766156,11.681539374526,9.58935005170435,12.6112679288732,29.5456086926943,19.3849897854851,39.7089593253007,2.18433500350838,6.46602209838478,0,0,55.7122504287133,132.311117808995,70.9989791316928,135.303619664353,9.24014248424265,25.3038441985936,0,0,0,0,0,0,0,0,389.589742459942,184.501360915,1271.27716577822,1341.80427604497
"194",2006,2155,16.0833333333333,5658.39557167799,4508.64645736372,1407.0026049034,2694.50765942959,757.434496209766,1238.77021413968,92.8651572458566,222.864502273691,0,0,0,0,0,0,0,0,0,0,2.33605482515459,4.58224367090584,1.43669782649736,2.35888814255138,0.177968679231495,0.427682013759452,0,0,0,0,0,0,0,0,3944.044804249,3061.4736396181,743.774040615969,1503.30444056322,501.446054914937,921.764915001845,83.3353535590942,224.59308251906,151.536508574468,117.626713048671,28.6666480224482,57.9486407284037,19.3218314326387,35.5170942112853,3.21234218261427,8.65732670387915,21722.7540425988,16745.2928929859,4633.60408622068,9046.98546610095,3419.9467104762,5931.23462780224,450.839145582017,1146.18256384299,834.608983177,643.381213218342,180.483255232716,353.39578202132,134.712208825792,234.229878985558,17.7815530971716,45.3072825151716,0,0,8.55848775371975,17.1767482297296,6.6920822828702,11.6933511270577,0.920511237522515,2.35658010200809,0,0,0,0,0,0,0,0,268.224032565895,221.039311394524,241.421125409933,533.62987947598,319.376353118229,637.094856665629,27.9839598451576,80.9026094963167,10.3055761769645,8.49268426036895,9.2536185761454,20.442706578423,12.2012414028525,24.3335046202067,1.06928131693996,3.09068305277397,303.291736229379,248.626749965704,329.502648122027,772.204299340597,504.864083301199,1030.66450773847,61.6696810926448,182.533852557994,11.6529178456571,9.55263811036007,12.6258849822298,29.5705597781123,19.28146842032,39.3481883091744,2.35482122038887,6.96760746119903,0,0,55.7472860027943,132.416887881381,70.6010809007398,134.091594091321,10.0060158547603,27.3969790737705,0,0,0,0,0,0,0,0,392.38176476829,185.807723807557,1285.71514592006,1358.80288428282
"195",2006,2155,16.1666666666667,5637.12454154566,4488.74550279538,1403.46418592821,2687.56961938231,749.824641587584,1221.4920634678,99.148214172786,237.75798317707,0,0,0,0,0,0,0,0,0,0,2.33110314841105,4.57190358837297,1.42274297319215,2.32674770745031,0.190086083831346,0.456445006945172,0,0,0,0,0,0,0,0,3961.1511867393,3071.13920338414,747.868331144872,1511.60290024318,501.414873439281,918.461141825817,90.1542247815397,242.872234821388,152.193763145747,117.998079465435,28.8245138170226,58.2686464080314,19.3206533000175,35.3898440164468,3.47524193869012,9.36207195674471,21698.5716272372,16705.8085593672,4632.29628261036,9044.07551044664,3399.63671998021,5875.70421814833,484.464736600551,1231.46590943082,833.680018721997,641.86415824227,180.433386151567,353.286043680957,133.912599789301,232.038563930301,19.1083269616999,48.6796917244598,0,0,8.56497508959099,17.1883189214583,6.65745147915217,11.5930124714566,0.990304134870807,2.53490348068805,0,0,0,0,0,0,0,0,269.220732207628,221.571778323168,242.709863518647,536.427445804833,319.206585551528,634.455292878582,30.164939708329,87.1486485145007,10.3438711946972,8.51314248564448,9.30324516213781,20.5504294724782,12.1952532801359,24.23368791332,1.15267806992251,3.32947611298997,302.556595838693,247.682697227081,329.867586211783,772.814489252161,502.160547814614,1021.29976945537,66.0556820439595,195.377251651718,11.6246732925121,9.5163660774026,12.6401897071278,29.5947438385211,19.1789820089842,38.9922863547289,2.52240083552799,7.45817754458549,0,0,55.7804280848706,132.517358101494,70.2068423610283,132.896277411159,10.7712287134279,29.4803463807003,0,0,0,0,0,0,0,0,395.184196472031,187.11724065684,1300.17624596587,1375.79244692193
"196",2006,2155,16.25,5615.75091528457,4468.83948440018,1399.85105569838,2680.48492799956,742.353992076917,1204.61897842169,105.260578304248,252.1827300454,0,0,0,0,0,0,0,0,0,0,2.32599698765853,4.56132642504604,1.40903694480675,2.29534391854154,0.201895922843931,0.484349348349431,0,0,0,0,0,0,0,0,3978.22026110196,3080.76308908746,751.958366492234,1519.88014660594,501.405639017543,915.234920630082,97.0831001540375,261.402000309075,152.849584279099,118.367844544378,28.9822133034293,58.5878325254412,19.3203212063961,35.2655827067994,3.74239240491243,10.0765065025749,21674.4957447864,16666.562104394,4630.93159699021,9041.01184464372,3379.7218491803,5821.3512908096,517.828608490217,1315.86709967859,832.755146052026,640.356242983391,180.381239650739,353.170158225819,133.128328441137,229.893233567322,20.424928409855,52.0175276797864,0,0,8.57110589180626,17.1994015003751,6.62352721946793,11.4948047581087,1.05988556731559,2.71224812027307,0,0,0,0,0,0,0,0,270.214656910831,222.10315232196,243.987437979567,539.209179020858,319.04090691417,631.855096990406,32.2738576617785,93.1529054879952,10.3820595931634,8.53355871886595,9.35244436180641,20.6575479469996,12.1894203109284,24.1353662169498,1.23333008610368,3.55905879922442,301.833180963904,246.751718968539,330.226095132547,773.409677582013,499.487716809379,1012.07002865634,70.3610988922161,207.920496885631,11.5968792374723,9.48059638726283,12.6542480785584,29.6183543219267,19.0776633412862,38.6415164535742,2.68691560323359,7.93732832382548,0,0,55.8117145902563,132.612681391717,69.8163540198038,131.717687290045,11.5357428472254,31.553995211386,0,0,0,0,0,0,0,0,397.997007881607,188.429905009338,1314.66030493163,1392.77338726639
"197",2006,2155,16.3333333333333,5594.28974909532,4448.93958564927,1396.16811244833,2673.262937266,735.019795529094,1188.14124755732,111.205400249184,266.14950938812,0,0,0,0,0,0,0,0,0,0,2.32074239732886,4.5505120981139,1.39557387334205,2.26465880381898,0.213401753044801,0.511410553901337,0,0,0,0,0,0,0,0,3995.21972520088,3090.32069189548,756.034476724481,1528.11715132438,501.410196070925,912.070648460739,104.112901832689,280.156168326097,153.5027308748,118.735062928487,29.1393750550439,58.9054679481952,19.3205216321549,35.1437104273837,4.01344455818321,10.7996224808497,21650.5456250646,16627.567219021,4629.51589747042,9037.80625105714,3360.19630778268,5768.15377144439,550.939612557515,1399.4161834438,831.835103999236,638.85799347008,180.32704475284,353.048586124475,132.359176181792,227.793040675629,21.731696161871,55.3219487280912,0,0,8.57692378728544,17.2100286967469,6.59029282211093,11.3986808542135,1.12925358245973,2.88862314812793,0,0,0,0,0,0,0,0,271.205820547959,222.633336455674,245.254731914173,541.975548822787,318.880266283508,629.29548588395,34.3187177315096,98.9399978605834,10.4201419053588,8.55392923562658,9.40125002342835,20.7640799224506,12.1837786517836,24.0385860071618,1.3115431532791,3.78037124958405,301.123035861664,245.835116358633,330.579631221403,773.994095929259,496.848481561903,1002.98078031139,74.5828184329166,220.156098139035,11.5695950134323,9.44537903291381,12.6681157732977,29.6415529657964,18.9776226747998,38.2960883574441,2.84824652148827,8.40477313612349,0,0,55.8411843770203,132.702998944533,69.4296915608075,130.555813434994,12.2995219736642,33.6179795389521,0,0,0,0,0,0,0,0,400.820170317111,189.74571018602,1329.16722641521,1409.74617250386
"198",2006,2155,16.4166666666667,5572.75478074534,4429.055908804,1392.41991086916,2665.91235271741,727.819243006819,1172.04917577534,116.985799597851,279.668907036655,0,0,0,0,0,0,0,0,0,0,2.31534570400389,4.53946298983304,1.38234817859572,2.23467480574051,0.224607388709894,0.537644431890323,0,0,0,0,0,0,0,0,4012.12261366263,3099.79166925424,760.088784350162,1536.2985129956,501.422275638279,908.956458327037,111.234799804155,299.10932049057,154.15216688008,119.098953024306,29.2956964116432,59.2209607160666,19.3210134899409,35.0237707643678,4.28805880885064,11.5304422228974,21626.7368413456,16588.8347186237,4628.05415187434,9034.46875765371,3341.05380156128,5716.08890674835,583.806141726559,1482.14170236362,830.920490907489,637.369825246322,180.270995641716,352.921719870815,131.604904521066,225.737110874293,23.0289515129846,58.5940557494683,0,0,8.58246407870583,17.2202261076798,6.55773136884906,11.3045925002513,1.19840627869581,3.06403654018001,0,0,0,0,0,0,0,0,272.194120262852,223.162152280551,246.512264467734,544.7264516251,318.725091478076,626.776731551466,36.3066736060688,104.532026295846,10.4581141793789,8.57424717983131,9.44968201257482,20.8700212872206,12.1783444518892,23.9433574794425,1.38759053752376,3.99425737390843,300.427392603356,244.933917279574,330.929403599433,774.571237554044,494.245199266138,994.03628022215,78.7186125095197,232.079210009801,11.5428679586717,9.41075350722948,12.6818390078683,29.664473256057,18.8789498846839,37.9561645467019,3.00630839153239,8.86032631592706,0,0,55.8688765758072,132.788441539539,69.0469178402034,129.410621421224,13.0625314814245,35.6723571715588,0,0,0,0,0,0,0,0,403.65365454349,191.064648651503,1343.69694691632,1426.71128189793
"199",2006,2155,16.5,5551.15862312479,4409.19763377256,1388.61070912145,2658.44132286856,720.749494505934,1156.3331277487,122.604862088031,292.751324718436,0,0,0,0,0,0,0,0,0,0,2.30981337312898,4.52818335549816,1.36935450751398,2.20537473416309,0.235516851512416,0.563066988406351,0,0,0,0,0,0,0,0,4028.9063982484,3109.15921299853,764.114882685305,1544.41180058568,501.437105095017,905.883423137711,118.440257264894,318.236960067836,154.797026723978,119.45886903525,29.4509311492348,59.5338328676965,19.3216131530832,34.9054202053663,4.56590675352285,12.2680232497299,21603.0819335035,16550.3730416278,4626.55058614801,9031.00795082174,3322.28767318405,5665.13353074116,616.436141844186,1564.07073559889,830.011788574272,635.892062529849,180.213257781123,352.789896082319,130.865260557527,223.72455300286,24.3169987446837,61.8348938081841,0,0,8.58775547657642,17.2300139219251,6.52582600703726,11.2124912055267,1.2673417494301,3.23849514692102,0,0,0,0,0,0,0,0,273.179364773731,223.689361288924,247.760284664744,547.461375380127,318.575448140279,624.298461749233,38.2441168341015,109.948830009025,10.4959690658658,8.59450338763378,9.49774981651324,20.9753522281215,12.1731199620233,23.8496660964728,1.46171635521049,4.20147461344944,299.7472187914,244.048918568423,331.276399693756,775.14394675241,491.679756201816,985.239706962966,82.7670081492736,243.687241331057,11.5167352501843,9.37675042595868,12.6954555123268,29.6872238407893,18.7817168667384,37.6218663920226,3.16104485473383,9.30388827560087,0,0,55.8948301915714,132.86913082465,68.6680846378034,128.282056100994,13.824738168146,37.7171888042544,0,0,0,0,0,0,0,0,406.497429726885,192.386711615725,1358.24941648351,1443.66918837402
"200",2006,2155,16.5833333333333,5529.51288180564,4389.37311470771,1384.7444969504,2650.85749273395,713.80769659806,1140.98355980327,128.065636978307,305.406974253721,0,0,0,0,0,0,0,0,0,0,2.30415192638516,4.51667895296735,1.35658770061625,2.17674174803072,0.246134336727004,0.587694359618283,0,0,0,0,0,0,0,0,4045.55242462003,3118.40959291896,768.107632488305,1552.44713767131,501.451161055156,902.845052070011,125.721066006547,337.515613949683,155.43659367699,119.814283424716,29.6048816840142,59.8437045001193,19.322184975991,34.7884088168321,4.84667254123825,13.0114622098098,21579.5907998719,16512.1885637193,4625.0087837831,9027.43117191841,3303.89099384203,5615.26424189534,648.83711470082,1645.22891461912,829.109377306344,634.424950284616,180.153971754207,352.653403100131,130.139980540654,221.754466019299,25.5961252263295,65.0454526756233,0,0,8.59282116621189,17.2394079672173,6.49456012072688,11.1223287635407,1.33605805904286,3.41200474381518,0,0,0,0,0,0,0,0,274.161292813678,224.214678947074,248.998830412721,550.179503816633,318.431136485777,621.859842261183,40.1367324317558,115.208146886463,10.5336965265204,8.61468692679315,9.54545481048731,21.0800412346371,12.1680972506954,23.7574795903616,1.53413769927388,4.40270006206994,299.083247609868,243.180712679244,331.621402918895,775.714478339507,489.153611617425,976.593272601201,86.727201596215,254.979596061716,11.4912250582641,9.34339255212829,12.7089952052005,29.7098908026792,18.6859792084157,37.2932783703655,3.31242510652319,9.7354356040597,0,0,55.9190838644807,132.945180146079,68.2932337477548,127.170043782167,14.5861100717145,39.7525373568097,0,0,0,0,0,0,0,0,409.351462712107,193.711888754882,1372.82458753774,1460.6203479876
"201",2006,2155,16.6666666666667,5507.82829471161,4369.58999454703,1380.82502975697,2643.16806852249,706.991000289035,1125.99104956796,133.371135558223,317.645876567865,0,0,0,0,0,0,0,0,0,0,2.29836785350443,4.50495662885917,1.34404275337264,2.14875932981994,0.256464174936298,0.611542738974037,0,0,0,0,0,0,0,0,4062.0452581224,3127.53162907421,772.062927887406,1560.3967244905,501.461894113682,899.836734640892,133.069372041413,356.922905129516,156.070274714983,120.164766641481,29.7573900980558,60.1502754414854,19.3226307334364,34.672558913595,5.1300538664381,13.7598976882407,21556.2711517878,16474.2859602709,4623.43180067762,9023.74474381085,3285.85666165233,5566.45758662935,681.016132046359,1725.64047289366,828.213553383814,632.968668145782,180.093257700648,352.512489751891,129.42879370201,219.825946159432,26.8666019370343,68.2266686898711,0,0,8.59768002354818,17.2484208901649,6.46391751236172,11.034057805962,1.40455321700319,3.58457009673795,0,0,0,0,0,0,0,0,275.139593387914,224.73778994992,250.227793316644,552.879829431132,318.291796426402,619.459773740479,41.9895698943993,120.325819417558,10.5712846124204,8.63478568278358,9.59279274717965,21.1840494395087,12.1632622413089,23.6667555238332,1.605047354715,4.59853833933737,298.436013438735,242.32971910706,331.965014975983,776.284570924768,486.667849459122,968.098350558973,90.5989583324611,265.957372300177,11.4663579148561,9.31069600340158,12.7224810453327,29.7325404596623,18.5917781594568,36.9704529351971,3.46044007533066,10.1550095666054,0,0,55.9416756227153,133.016695553716,67.922398272164,126.07449475891,15.3466163044442,41.7784673415883,0,0,0,0,0,0,0,0,412.21571733578,195.040167959792,1387.42240306319,1477.56518912249
"202",2006,2155,16.75,5486.11484383736,4349.85529685084,1376.85585584116,2635.37986924814,700.296574964131,1111.34631900004,138.524329879326,329.477860934564,0,0,0,0,0,0,0,0,0,0,2.29246755442664,4.49302401260037,1.3317147914449,2.12141127331632,0.26651080007298,0.634628316812597,0,0,0,0,0,0,0,0,4078.37216187903,3136.51627080577,775.977510765987,1568.25445911154,501.467515632028,896.855311905992,140.477692664194,376.43759998511,156.697580466796,120.50997094477,29.9083310218445,60.4533107223599,19.3228814381156,34.5577486016665,5.41576263280855,14.5125120477455,21533.1288768951,16436.6684959364,4621.82225588179,9019.95414950112,3268.17747657356,5518.69019725901,712.979850873989,1805.32829851091,827.32454301866,631.523341546422,180.031218822856,352.367372262457,128.731425175372,217.938092328651,28.1286840379704,71.3794267326995,0,0,8.6023475216829,17.2570629929605,6.43388249503021,10.9476321062528,1.47282517419881,3.7561950699253,0,0,0,0,0,0,0,0,276.113921474625,225.258359954427,251.446966104361,555.561235195843,318.156978915608,617.097023718319,43.8071075848471,125.315981781168,10.6087200672708,8.65478680961063,9.63975557871738,21.2873337585762,12.1585974527814,23.5774463625201,1.67461626128324,4.78952874450766,297.805881127032,241.49621024967,332.307677421545,776.855513368362,484.22322772394,959.75559407982,94.3825256453354,276.623098643195,11.4421478382728,9.27867124573096,12.7359298565685,29.7552219063229,18.4991425146327,36.6534150340779,3.60509908096899,10.5627060315456,0,0,55.962642741563,133.083776689077,67.5556037068602,124.99530548454,16.1062269027303,43.7950442964495,0,0,0,0,0,0,0,0,415.090153965119,196.371535179976,1402.04279000357,1494.5041070865
"203",2006,2155,16.8333333333333,5464.3818345647,4330.17549114534,1372.84033583765,2627.49936342649,693.721617542984,1097.04024892375,143.528152046798,340.912565375066,0,0,0,0,0,0,0,0,0,0,2.28645730935411,4.48088932224573,1.31959905785867,2.0946816803224,0.276278726131696,0.656967237327178,0,0,0,0,0,0,0,0,4094.52272926199,3145.356300666,779.848841419652,1576.01567370632,501.466854675991,893.898790988107,147.938923081945,396.039625177189,157.31811109314,120.849619028704,30.0576066735597,60.7526304592653,19.3228918485933,34.4439008181308,5.70352521524916,15.2685320990779,21510.1682954601,16399.3382285631,4620.18239463565,9016.06415581544,3250.84618904743,5471.93887901287,744.734529215848,1884.31398702373,826.44251220266,630.089049552153,179.967943822339,352.218239040871,128.047597896578,216.090009513176,29.3826114675202,74.5045622249222,0,0,8.60683631636346,17.2653427359982,6.40443991521776,10.8630066832749,1.54087183325502,3.92688274430613,0,0,0,0,0,0,0,0,277.08390851327,225.776043315557,252.65607198834,558.22254398875,318.026185327071,614.770297898425,45.5933051686097,130.191212700343,10.6459887303814,8.67467702703887,9.68633258507408,21.3898487911571,12.1540835126591,23.4895022154716,1.74299551934111,4.97615110256457,297.193067435979,240.680330345954,332.649690106389,777.428198569809,481.820219476009,951.565031987517,98.0785651074813,286.980530272302,11.4186031570698,9.24732382099797,12.7493530333547,29.7779690720361,18.4080901802702,36.3421657640377,3.74642725418667,10.958667679212,0,0,55.9820216921593,133.146517482277,67.1928687507627,123.93236021894,16.8649127139153,45.8023343632055,0,0,0,0,0,0,0,0,417.974729269744,197.705974362681,1416.68565697949,1511.43746301599
"204",2006,2155,16.9166666666667,5442.63797539303,4310.55655852607,1368.78166233598,2619.53270610582,687.263361371629,1083.06389280654,148.385493772147,351.959437832412,0,0,0,0,0,0,0,0,0,0,2.28034324632028,4.46856116502532,1.30769089906095,2.0685549557986,0.285772523986263,0.678575555850563,0,0,0,0,0,0,0,0,4110.48851346112,3154.04603668149,783.67496837145,1583.6768691229,501.459215540589,890.966062032223,155.44634022485,415.710076407507,157.931542054062,121.183492582778,30.2051418660482,61.0480996729236,19.3226350000845,34.330972464922,5.99308261357165,16.0272294587624,21487.3924187701,16362.2962142317,4618.5141519045,9012.07893800915,3233.8555484148,5426.18069590782,776.286043498851,1962.61789884157,825.567576635341,628.665832739099,179.903509355437,352.065255503029,127.377034494752,214.280812147259,30.6286095968818,77.602863297979,0,0,8.61115684815678,17.2732672648536,6.37557518795815,10.7801379393601,1.60869105540501,4.09663552423225,0,0,0,0,0,0,0,0,278.049172868279,226.290490784326,253.854794397168,560.862568482143,317.898908436025,612.478314392754,47.351656077256,134.962688580845,10.6830759386992,8.69444291636347,9.73251151657911,21.4915487378557,12.149700731405,23.4028736878429,1.81031839682338,5.15883162115512,296.597662747706,239.882114588853,332.991229447027,778.003177254402,479.459052212015,943.526160519149,101.688086120793,297.034448119892,11.3957273441267,9.21665508136458,12.7627572400015,29.8008027792105,18.31862967759,36.0366858767241,3.88446299705836,11.3430763291607,0,0,55.9998480791271,133.205006837616,66.8342061067621,122.885532641018,17.6226453010627,47.8004039203279,0,0,0,0,0,0,0,0,420.869396005076,199.043467397703,1431.3508915641,1528.36558229708
"205",2007,2155,17,5420.09534851923,4290.25360185377,1364.402696452,2611.17799998238,680.216944077331,1067.53646810133,153.886095517529,364.647219083973,0,0,0,0,0,0,0,0,0,0,2.27424710083596,4.45631494275854,1.29465199492747,2.03944225798617,0.296495843964573,0.703330169024513,0,0,0,0,0,0,0,0,4126.42581670663,3162.7323868926,787.365665826464,1591.20689078359,500.93398319415,886.513138682273,163.582199776341,437.134412692549,158.5438787312,121.517236048833,30.3474753047615,61.338534012537,19.3024346063489,34.1594685745141,6.30687069620795,16.8535484155404,21464.8317661469,16325.5689336873,4616.2242270552,9007.62660651727,3213.87995944842,5371.96455036554,811.365901640342,2050.4437967969,824.700908371204,627.25470855326,179.815268765004,351.894519018753,126.588750468785,212.137287465338,32.0136563273942,81.0772736638691,0,0,8.61578031599915,17.2819262165123,6.34073535058916,10.68024863458,1.68364560559699,4.2857398916361,0,0,0,0,0,0,0,0,279.049486655315,226.837225532911,255.121118672657,563.685642686267,317.560890717586,609.388919946802,49.4544149992826,140.798615838867,10.7215097966896,8.71544933475833,9.78128107090625,21.6002616143172,12.1372599110057,23.2857626020312,1.89081229514378,5.38220853246534,296.031721797916,239.113981042432,333.342363547695,778.621123579861,476.646660141474,933.996116938439,105.765108485135,308.561240635924,11.3739835607466,9.18714214873594,12.7765273662762,29.8252796078523,18.2119216783755,35.6742261070982,4.04037425300857,11.783780517123,0,0,56.0195482916975,133.268133861139,66.4109891731672,121.640990558899,18.4565701839707,50.0203691678173,0,0,0,0,0,0,0,0,423.721653092046,200.337479558428,1445.77185331511,1544.69907344643
"206",2007,2155,17.0833333333333,5396.50508050122,4269.04188368262,1359.62610449366,2602.33309400774,672.439509149947,1050.11156596074,160.184266355655,379.344675952883,0,0,0,0,0,0,0,0,0,0,2.26804354514678,4.44401065821127,1.28022630931308,2.00669751104069,0.308751987584913,0.731956380918141,0,0,0,0,0,0,0,0,4142.52463024297,3171.56426476164,790.950688167072,1598.69944374688,499.818173632323,880.286725670696,172.528784395154,460.815635314184,159.162420891994,121.856570920229,30.485749439039,61.627535152093,19.2594741452798,33.9196214320212,6.65191239303645,17.7668681301109,21442.3639750445,16289.0607522888,4613.15180927049,9002.56923280032,3190.2020951318,5307.38411900105,850.791298754702,2149.89173502526,823.837806003175,625.852002559972,179.697052463083,351.700780031129,125.654479930024,209.584110018919,33.5699682150237,85.0107855393015,0,0,8.62039660819086,17.2911230137945,6.29854632083336,10.5595825065076,1.76744278674869,4.49862027300985,0,0,0,0,0,0,0,0,280.091358296902,227.422125755779,256.4565745369,566.710221427827,316.945080767833,605.284515498863,51.9574125204769,147.858899638092,10.7615403678181,8.73792213186779,9.83269926026511,21.7166938901896,12.1141978356195,23.1298515862427,1.9866118874475,5.65239473296456,295.488851935124,238.371403342652,333.701252319008,779.283808104565,473.270636978759,922.628330042965,110.433536059829,321.930871356234,11.3531261919606,9.15861111294727,12.7905926330457,29.8514671501498,18.0836696006875,35.2415430844605,4.21889693032212,12.2949172629266,0,0,56.0416547541922,133.337414227145,65.9081365604066,120.154616094039,19.3845024946525,52.5119831104731,0,0,0,0,0,0,0,0,426.5186185304,201.576461692391,1459.87361180529,1560.27385685582
"207",2007,2155,17.1666666666667,5372.85784492855,4247.85670170702,1354.80341620506,2593.3808971241,664.820517531621,1033.16994667596,166.281790686141,393.482733044895,0,0,0,0,0,0,0,0,0,0,2.26155843487822,4.43127067916059,1.26610341189776,1.97486483596156,0.320640807254022,0.75954548530528,0,0,0,0,0,0,0,0,4158.59879387077,3180.36487427453,794.548080969427,1606.20342592458,498.759195421286,874.245692397275,181.556269238913,484.632280870316,159.780015963882,122.194704411379,30.6244926462725,61.9169655253586,19.2187008994471,33.6869123688455,7.00008587174706,18.6854446899922,21419.9293654517,16252.7192290396,4610.04323576873,8997.37320134143,3167.01439235075,5244.39041258831,889.864244414646,2248.07735110315,822.975977237626,624.455699874603,179.57734512597,351.501470311337,124.739359357035,207.093232367264,35.1124959979992,88.8945836847361,0,0,8.6243605006608,17.2994284718056,6.25727485685265,10.4418936230278,1.85081897334405,4.70967257164565,0,0,0,0,0,0,0,0,281.123795420877,227.999569643552,257.759818202811,569.672569370918,316.31843480514,601.209989792544,54.3903441401038,154.66304674954,10.8012084485071,8.76010844470029,9.88288199812272,21.8307415707666,12.0907176941017,22.9750672286333,2.07974233735745,5.91281900129358,294.952279288117,237.637406107973,334.054239156458,779.939354748893,469.953242196567,911.502113740602,114.994747474216,334.896859172719,11.3325107606544,9.13040975264362,12.8044306049814,29.8773794938046,17.9576481076905,34.8180541772465,4.3933384073274,12.7906833978369,0,0,56.061797257947,133.401641737737,65.4123547259846,118.697193394289,20.3093323020788,54.9833172308776,0,0,0,0,0,0,0,0,429.325959610841,202.818613872358,1473.98557074111,1575.82078865073
"208",2007,2155,17.25,5349.1712714678,4226.71115968738,1349.93982481222,2584.33175480223,657.356767642635,1016.69793270469,172.183148648295,407.077344847719,0,0,0,0,0,0,0,0,0,0,2.25482692340366,4.41813830916092,1.25227176309219,1.94391261616825,0.332168268910097,0.78612221799041,0,0,0,0,0,0,0,0,4174.60552711006,3189.10189750573,798.144041096526,1613.69170017713,497.744777695024,868.366120899054,190.654499529934,508.555378853767,160.395020252412,122.5303948159,30.763175137868,62.20578318557,19.179643451409,33.4604223588119,7.35100045565776,19.608163424436,21397.5550762755,16216.564072973,4606.9059673612,8992.05400917138,3144.30990024188,5182.9494167954,928.595731644533,2345.04282709489,822.116464784579,623.066557749786,179.456438149617,351.297195080045,123.843122695842,204.663333574831,36.641663430855,92.7303078788165,0,0,8.62777622918154,17.30695548592,6.21689711420811,10.3271087519819,1.93377649061749,4.91892720401601,0,0,0,0,0,0,0,0,282.147288114858,228.569897945048,259.034484351757,572.578631737729,315.685521950717,597.173903019875,56.760354549475,161.234847824008,10.8405328686753,8.78202136537078,9.93196873414938,21.9426326080182,12.0669943170443,22.8217373231746,2.17047659457074,6.16438988270717,294.42397484838,236.913541673699,334.401921981753,780.58974159626,466.695457712351,900.616504324417,119.448103478691,347.460219620527,11.3122129955019,9.10259771102768,12.8180640541293,29.9030920552647,17.8338946627428,34.4037230043463,4.56367391518451,13.2711161939403,0,0,56.0799927866701,133.460941996069,64.9236600179024,117.268393985815,21.2310678554799,57.4347035033677,0,0,0,0,0,0,0,0,432.143584553237,204.063896417644,1488.10686524274,1591.33971680509
"209",2007,2155,17.3333333333333,5325.46119728618,4205.61691060764,1345.04006643947,2575.19514034017,650.044970577041,1000.68196417175,177.892746349639,420.144069833442,0,0,0,0,0,0,0,0,0,0,2.24787957586097,4.40465242127745,1.23872126303097,1.9138113540113,0.343340512547571,0.811711290527792,0,0,0,0,0,0,0,0,4190.5094975077,3197.74888030799,801.727327246277,1621.14225960117,496.765322438281,862.629257865962,199.813742978462,532.557311354093,161.00607622823,122.862625723152,30.9013653706928,62.4931429697586,19.1419329580327,33.2394305873007,7.70428161861523,20.5339614019243,21375.263138803,16180.6110282117,4603.74616845441,8986.62461866144,3122.08090335525,5123.02631319754,966.996178364391,2440.8282467784,821.260115113631,621.685181099897,179.334572768005,351.08846136966,122.965473897722,202.293060755293,38.1578723078863,96.5195173922896,0,0,8.63072825072872,17.3137947498767,6.17738945250282,10.2151534757347,2.01631722259996,5.12641201447278,0,0,0,0,0,0,0,0,283.162136169746,229.133310811214,260.28340779666,575.432974410117,315.049735835375,593.18255261156,59.0738375518444,167.595725792418,10.8795251467386,8.80366858399898,9.98006820626809,22.0525419977826,12.0431574614317,22.6701029047076,2.25905888131433,6.40792537089403,293.905509890715,236.201027303802,334.744811036827,781.2365083693,463.497937581322,889.969873094295,123.793646683592,359.624051451891,11.2922932674694,9.07522175732474,12.83151241873,29.9286635145551,17.7124342434273,33.9984878666119,4.72990474343329,13.7363325409892,0,0,56.096266038565,133.515436820348,64.4420527519447,115.86786488675,22.1497184588095,59.8664718702849,0,0,0,0,0,0,0,0,434.971405637024,205.312271165162,1502.23681186633,1606.83066501702
"210",2007,2155,17.4166666666667,5301.74196745478,4184.58440018256,1340.10849356663,2565.9797948882,642.881789207931,985.108656783519,183.41491506023,432.698078389205,0,0,0,0,0,0,0,0,0,0,2.24074315747078,4.39084807279239,1.22544288135656,1.88453323215168,0.354163813708729,0.836337310789183,0,0,0,0,0,0,0,0,4206.28139469323,3206.28409684259,805.28874747327,1628.53719093219,495.813295624653,857.020301619558,209.024723690045,556.611910122097,161.612057740031,123.190562391668,31.0387104057161,62.7783567633409,19.1052798026365,33.0233679332716,8.05957229819323,21.4618311907142,21353.0714642135,16144.87265103,4600.5689650642,8981.09596390929,3100.31915037087,5064.58589362914,1005.07544978601,2535.47168699328,820.407616395265,620.31205235704,179.211950017459,350.875697607087,122.106095809006,199.981045208268,39.6615033003826,100.263694430515,0,0,8.63328570021491,17.3200200158233,6.13872874680924,10.105953569928,2.09844265690009,5.33215252892708,0,0,0,0,0,0,0,0,284.168495988501,229.689903495526,261.508814543036,578.239121045497,314.413617984807,589.240589612435,61.3365131753364,173.76497482192,10.9181912919204,8.82505376037608,10.0272657755295,22.1606047207171,12.0193042175607,22.5203418965855,2.34570764116378,6.64416204336919,293.398127320542,235.50080622187,335.083325335247,781.880808163114,460.361035785099,879.560010677218,128.031983598369,371.393165158212,11.2727993310824,9.04831813168964,12.844791659412,29.9541377799316,17.5932803837827,33.6022649256901,4.8920537302437,14.1865147475713,0,0,56.1106471362211,133.565243879842,63.9675200754626,114.495233691649,23.0652941483651,62.278949240393,0,0,0,0,0,0,0,0,437.809337236609,206.563700681286,1516.37485623284,1622.29377973597
"211",2007,2155,17.5,5278.02661456748,4163.6230128873,1335.14911872053,2556.69381053463,635.863862720537,969.964840073392,188.753909517759,444.754153870996,0,0,0,0,0,0,0,0,0,0,2.23344111829971,4.37675690542072,1.21242846029541,1.85605188580143,0.364644553997651,0.860024721676014,0,0,0,0,0,0,0,0,4221.89707568955,3214.68986739724,808.820852368406,1635.86205483195,494.882865272579,851.527681628393,218.278646778334,580.694525445395,162.212037176026,123.513525538627,31.1749241477922,63.0608697430006,19.0694597123098,32.8117893321419,8.41653384975491,22.3908235305052,21330.9944361694,16109.358777276,4597.37859868856,8975.47725217159,3079.01598990755,5007.59280792634,1042.84287184411,2629.00927347952,819.559521268888,618.94754943016,179.088736679081,350.659265270897,121.264655452852,197.725912077616,41.1529164548216,103.964246224494,0,0,8.6355049351806,17.3256910532733,6.10089250647777,9.99943561585453,2.1801539346395,5.53617219466322,0,0,0,0,0,0,0,0,285.166408613598,230.23968764924,262.712432333291,580.999748046803,313.77903486064,585.351355132129,63.5534820783819,179.759927749308,10.9565328811115,8.84617734216224,10.073627670543,22.2669232279263,11.9955058023497,22.3725820204782,2.4306176202762,6.87376146496532,292.902785243323,234.813585028747,335.41779475878,782.523446354641,457.284836535087,869.384206160631,132.164202089526,382.773822993992,11.2537679984258,9.02191398285225,12.8579143349493,29.9795454683943,17.4764363227149,33.2149512062329,5.05016210628193,14.6219006029647,0,0,56.1231703654087,133.610476637941,63.5000377664989,113.150111955303,23.9778054306029,64.6724586211527,0,0,0,0,0,0,0,0,440.657294688336,207.818147813927,1530.52054525967,1637.72930208151
"212",2007,2155,17.5833333333333,5254.3270158117,4142.74119951758,1330.16565279671,2547.34470316774,628.987827332494,955.237588677845,193.913907112068,456.326695576419,0,0,0,0,0,0,0,0,0,0,2.22599402287153,4.36240750535057,1.19967054677269,1.82834220920259,0.374789193938017,0.882797745329166,0,0,0,0,0,0,0,0,4237.33681364644,3222.95196019116,812.317665299105,1643.10534108664,493.969589733181,846.142443745161,227.567212812097,604.782065265948,162.805256599084,123.830968356255,31.3097770055152,63.3402394903852,19.0343018013468,32.6043501931095,8.77484660966047,23.3200488598691,21309.0434325557,16074.0769328089,4594.17856150083,8969.77622861901,3058.16248705839,4952.01177358755,1080.3072473714,2721.47524320394,818.716266888666,617.591961474698,178.965070500209,350.439469130956,120.440808562524,195.526288528232,42.6324517997783,107.622507380921,0,0,8.63743174836787,17.3308562113152,6.06385896597247,9.895527499104,2.26145189900053,5.73849260755221,0,0,0,0,0,0,0,0,286.155824177463,230.782609859341,263.895586490682,583.716853421561,313.14732892041,581.517167112059,65.7292763109579,185.596112259886,10.9945479982948,8.86703727714427,10.1192046676,22.3715739243528,11.9718133556035,22.2269117993988,2.51396180945823,7.09731616161231,292.420195747449,234.139866880138,335.74846335093,783.164917715889,454.269182089518,859.439316138752,136.191798280331,393.773508630659,11.2352266292385,8.99602864285456,12.8708897246703,30.0049053191562,17.3618960594623,32.8364272171653,5.20428669958246,15.0427745715578,0,0,56.1338730931112,133.651244346586,63.0395718084089,111.832098141279,24.8872630899439,67.0473184631596,0,0,0,0,0,0,0,0,443.515193330794,209.075575315646,1544.67350356097,1653.13754393315
"213",2007,2155,17.6666666666667,5230.6540552746,4121.94660888735,1325.16154491915,2537.93948826612,622.250335791892,940.914248663469,198.89900825901,467.42972661458,0,0,0,0,0,0,0,0,0,0,2.21841999503857,4.34782578520229,1.18716222654543,1.8013801610308,0.384604245118585,0.904680329704074,0,0,0,0,0,0,0,0,4252.5845289723,3231.05898091253,815.774407559138,1650.25791398174,493.070108547243,840.857646422021,236.882621116773,628.853000402596,163.391098205582,124.142453056868,31.4430853551146,63.6161147274026,18.9996767122729,32.4007832359005,9.13421003117472,24.2486775439275,21287.2273594832,16039.0327522027,4590.97173415067,8963.99944606933,3037.74953653857,4897.80777151079,1117.47688034828,2812.90203363104,817.878195440511,616.245504979871,178.841065517778,350.216567682806,119.63420398636,193.380811388867,44.1004302634726,111.239743271266,0,0,8.63910359545018,17.3355549844779,6.02760715785396,9.79415885919383,2.34233714856624,5.93913375993997,0,0,0,0,0,0,0,0,287.136626238682,231.318570023274,265.059295385406,586.391924506106,312.519466162197,577.739600131625,67.8679161323161,191.287426272601,11.0322321695816,8.88762971922214,10.1640357563726,22.4746136087536,11.9482636008696,22.0833912924476,2.59589361817099,7.31535632931475,291.950865190081,233.479985784716,336.075494383016,783.805447454157,451.313702432802,849.721834457952,140.116601679499,404.400691588654,11.2171946787546,8.97067494483857,12.8837240190274,30.0302257581101,17.2496454811054,32.4665596015466,5.35449707288273,15.4494587879533,0,0,56.1427947055433,133.687652104678,62.5860800002386,110.540780577084,25.7936780288665,69.4038421488792,0,0,0,0,0,0,0,0,446.382947609522,210.335945495425,1558.83341043315,1668.51886465224
"214",2007,2155,17.75,5207.01774315739,4101.24618479832,1320.14001175827,2528.48473651269,615.64807100608,926.982454648661,203.713236730618,478.076900828432,0,0,0,0,0,0,0,0,0,0,2.21073505170682,4.33303528898615,1.17489702149917,1.77514264360891,0.394096246768045,0.925696106209272,0,0,0,0,0,0,0,0,4267.62722977063,3239.00192860061,819.187299821046,1657.31261266013,492.181925710531,835.667940669562,246.21756659174,652.887349836418,163.969062826078,124.447633809162,31.5747039281309,63.8882199911229,18.9654882991806,32.2008823712749,9.49434257040628,25.1759393334815,21265.553040193,16004.2302834737,4587.76048502206,8958.15245877948,3017.7679401964,4844.94617555775,1154.35959891231,2903.32036631933,817.045569084267,614.908335476795,178.716815893669,349.990780646209,118.844486709998,191.288132224319,45.5571545456126,114.817153208722,0,0,8.64055111514823,17.3398197261522,5.99211691624247,9.69526126031856,2.42281008891902,6.13811427307719,0,0,0,0,0,0,0,0,288.108648861491,231.847434171348,266.20433553716,589.026051857599,311.896129458148,574.019662439826,69.9729593595809,196.846290147685,11.0695790194327,8.90794952106622,10.2081506401177,22.5760838475465,11.9248824264938,21.9420588865404,2.67654876319119,7.52835565787787,291.495124395485,232.834132287584,336.398977603161,784.445027568538,448.417845274093,840.22795826982,143.940714065537,414.664635093671,11.199684857967,8.94586020984638,12.8964205950959,30.0555062856842,17.139663505977,32.1052036532441,5.50087318690358,15.842305711984,0,0,56.1499759328154,133.719801037034,62.1395131796282,109.275739768052,26.6970611360413,71.7423375742154,0,0,0,0,0,0,0,0,449.260470527569,211.599220011898,1572.99998591792,1683.87365696455
"215",2007,2155,17.8333333333333,5183.42731152126,4080.64624397459,1315.1040611675,2518.98661857392,609.177756182593,913.43014101984,208.36054030721,488.281510177291,0,0,0,0,0,0,0,0,0,0,2.20295337380305,4.31805744829082,1.16286881557795,1.7496074146612,0.403271746070287,0.945868355964335,0,0,0,0,0,0,0,0,4282.45456502839,3246.7738417278,822.553404628846,1664.26393461114,491.303243262798,830.569250968189,255.565230884968,676.866649352496,164.5387527581,124.746243140113,31.7045197718385,64.1563434949346,18.931667240863,32.0044904531956,9.85498135467598,26.101122182283,21244.0255258581,15969.6722310157,4584.54674888709,8952.23997575463,2998.20846525336,4793.39284571802,1190.96277837132,2992.75932914887,816.218581895047,613.580556872441,178.59239895461,349.762294898685,118.071300130183,189.246920991512,47.0029099915123,118.355873579265,0,0,8.64179929677137,17.343676946302,5.95736885793037,9.59876826158495,2.50287097868203,6.33545160233836,0,0,0,0,0,0,0,0,289.071689792899,232.369044304568,267.331291087955,591.620015414308,311.277785892964,570.357923787963,72.047545210477,202.283782080828,11.1065807769446,8.92799061210266,10.2515716358174,22.6760142840378,11.9016874690747,21.8029362000159,2.75604694676816,7.73673651194495,291.053153346991,232.202374397258,336.718936911324,785.083449361108,445.580903060079,830.953645069613,147.666458446655,424.575235578025,11.1827040823294,8.92158705086816,12.9089803091174,30.0807387189774,17.0319231146226,31.7522054927374,5.64350344898479,16.2216919936989,0,0,56.1554583563483,133.747788502525,61.6998162145074,108.036550280651,27.5974231927152,74.0631068587621,0,0,0,0,0,0,0,0,452.147673276634,212.865359739681,1587.17298101637,1699.20233702224
"216",2007,2155,17.9166666666667,5159.8913086329,4060.15255280002,1310.05651553612,2509.4509493464,602.836164415232,900.245551709357,212.844791746934,498.056493143212,0,0,0,0,0,0,0,0,0,0,2.19508757253749,4.3029118326837,1.1510717796787,1.72475299701741,0.412137279454168,0.965219978386588,0,0,0,0,0,0,0,0,4297.05838371573,3254.36944964154,825.870471299327,1671.10772396352,490.432799496061,825.558466720387,264.919270074658,700.773910035661,165.099854826046,125.038078542821,31.8324463019324,64.4203251737301,18.8981648314425,31.8114874361556,10.2158817165997,27.023570674167,21222.6484024051,15935.3601948895,4581.3321044459,8946.26601189122,2979.06190076505,4743.1142168504,1227.29336583289,3081.24646334095,815.397371651687,612.262230643524,178.467878189249,349.531270325617,117.314288259505,187.255869523444,48.437965529175,121.856981159648,0,0,8.64286864227103,17.3471486072325,5.9233443701226,9.50461550840332,2.58251997254137,6.53116222975008,0,0,0,0,0,0,0,0,290.025523321245,232.883227975719,268.440602461213,594.174369109852,310.664753790124,566.754642776636,74.0944376394868,207.609772180458,11.1432287698957,8.94774636663382,10.2943155430012,22.7744258881422,11.8786906846032,21.666032966934,2.83449351541482,7.94087506167619,290.625005691904,231.584678288053,337.035337845871,785.720335427759,442.80203784711,821.894664376649,151.29633020218,434.142868808357,11.166254413271,8.89785416826122,12.9214017819486,30.1059084142563,16.9263922989708,31.4074040382167,5.78248284530685,16.5880125921357,0,0,56.1592839146204,133.771708287521,61.2669289690757,106.822782549853,28.4947748022486,76.36644613222,0,0,0,0,0,0,0,0,455.044464891185,214.13432464522,1601.35216779193,1714.50533432643
"217",2008,2155,18,5135.94917429669,4039.24997241857,1304.721084924,2499.60976749839,596.497178602554,886.722374527742,217.364649836267,508.186503302318,0,0,0,0,0,0,0,0,0,0,2.18724621236461,4.28776086325417,1.13926876189203,1.699229781485,0.421072444418668,0.985255350113725,0,0,0,0,0,0,0,0,4311.69047080133,3262.01414715708,828.965334243518,1677.69401740678,489.474399190428,819.998815359726,274.439876600027,725.327631576814,165.662043011058,125.331800046534,31.9518353453548,64.6744109926343,18.8612737399511,31.5973352887193,10.5832161033019,27.970969739512,21202.0572643202,15901.7796499375,4577.20333100566,8939.40895579401,2959.71079624745,4690.39684331407,1264.33079043848,3172.90979247224,814.606358240391,610.97200952562,178.308308349736,349.266378000493,116.549145230913,185.168389141602,49.9008890860949,125.483443624918,0,0,8.64416080249743,17.3508479583827,5.88882641969544,9.40537151902313,2.6637009525267,6.73351223589813,0,0,0,0,0,0,0,0,291.020747349639,233.418899582091,269.606776056908,596.814696406806,310.100402205209,562.904335885057,76.2251688231207,213.33383354507,11.1814670471082,8.96832772210526,10.3392381614381,22.8761301956831,11.8575502108403,21.5196706012791,2.9161530328484,8.16025124091254,290.228359703749,230.99803189348,337.353084498154,786.370844672247,439.990985740264,812.408076844085,154.976968276101,444.08746417865,11.1510150771592,8.87531426562729,12.9338717332463,30.1315943726517,16.8196205856729,31.0462300642125,5.92341652684225,16.9687779653596,0,0,56.1647794488596,133.797129560269,60.828331359623,105.551102162632,29.409226686624,78.7452462778938,0,0,0,0,0,0,0,0,457.898027096474,215.376269491594,1615.28018256956,1729.42370923961
"218",2008,2155,18.0833333333333,5111.77471600275,4018.13867400459,1299.21378435639,2489.56980823231,590.206759525013,873.165359309235,221.836940011339,518.327496842774,0,0,0,0,0,0,0,0,0,0,2.1792786338366,4.27243220871927,1.12755775461409,1.67363036847295,0.429920748699598,1.00532204007252,0,0,0,0,0,0,0,0,4326.31345063487,3269.6623593197,831.937157617122,1684.13576117414,488.483996920664,814.193787607851,284.069822702732,750.259078134169,166.223881280883,125.625656588608,32.0664919395974,64.9229343493552,18.8231486100948,31.3737258440491,10.9547783066561,28.9329613101633,21181.9428720292,15868.6919510581,4572.53477211946,8931.99353075593,2940.39075652375,4636.82856892648,1301.66923361754,3265.97113975003,813.833660505581,609.700724384548,178.127995171844,348.979973048501,115.785163779088,183.047176428318,51.3757001789057,129.165065814002,0,0,8.64506527430289,17.3540797401212,5.85431845031029,9.30424996068134,2.74561826792269,6.9389906226541,0,0,0,0,0,0,0,0,292.034199047372,233.963267621553,270.783228630517,599.470304880542,309.553972491784,558.922706896956,78.3906918616879,219.215661273935,11.2204056572607,8.98924320851969,10.3845531108764,22.9784176081515,11.8370900160079,21.3682718211468,2.99914988608078,8.38567818940003,289.852628850503,230.431685820815,337.670463280367,787.024379310263,437.186927671531,802.767051025299,158.649578103698,454.105789121901,11.1365793236175,8.85355433407909,12.9463249491681,30.1573911321737,16.7131056207071,30.6791214082919,6.06405695130631,17.3524008114627,0,0,56.1704679461893,133.821541538344,60.3891760021454,104.257436625433,30.3324636928759,81.1597554910283,0,0,0,0,0,0,0,0,460.729652760668,216.603128888786,1629.06220751854,1744.09766821451
"219",2008,2155,18.1666666666667,5087.65597888685,3997.13668399952,1293.70612681585,2479.50055107734,584.036552113849,859.990437992088,226.145845471408,528.016717702189,0,0,0,0,0,0,0,0,0,0,2.171129601689,4.25684443198498,1.116072708435,1.64874969900181,0.438460038890267,1.02453087657872,0,0,0,0,0,0,0,0,4340.76876778544,3277.1734141737,834.889733143697,1690.52127280358,487.518544475996,808.527096786719,293.70588867414,775.116622087699,166.779277682307,125.914243327546,32.1804005814362,65.1692834473149,18.7859843691373,31.1554455872466,11.3265907055659,29.8921421990137,21161.9221884129,15835.8026759039,4567.88230252259,8924.52245755039,2921.46207305516,4584.62855231415,1338.724041466,3357.952513882,813.064561961827,608.437063032948,177.948210442566,348.691229596968,115.03653723558,180.979855389491,52.839370809974,132.804007882919,0,0,8.64535069785637,17.3564876266718,5.82052971175502,9.20569750394918,2.82709777431945,7.14259890956291,0,0,0,0,0,0,0,0,293.034851970108,234.498639413785,271.924461791459,602.065009662137,308.999001913076,554.995940651615,80.5261496343289,224.954248847405,11.2588525168936,9.00981304476734,10.4285163202594,23.0783689183725,11.8162982315896,21.2189544952309,3.08100375339436,8.60564765291486,289.486924241875,229.874994491566,337.983763153408,787.670308750959,434.443456879835,793.357347289276,162.228963592778,463.772883779506,11.1225287851142,8.83216535343965,12.9586197921413,30.1828921157721,16.6088960676119,30.3208199681133,6.20114699282386,17.7226401783478,0,0,56.1743103480299,133.841604879972,59.956978985606,102.992017122116,31.2523290277809,83.5538564566858,0,0,0,0,0,0,0,0,463.571059744544,217.83282250881,1642.85280060129,1758.7427809181
"220",2008,2155,18.25,5063.60321106517,3976.25104569521,1288.20105865692,2469.40845000535,577.983996238691,847.185609839866,230.295263229658,537.268172252851,0,0,0,0,0,0,0,0,0,0,2.16282976454255,4.2410328183613,1.10480575909443,1.62456282677544,0.446696623699758,1.04290575197994,0,0,0,0,0,0,0,0,4355.0387213883,3284.53481602564,837.816683136617,1696.83836479923,486.573713376694,802.989029650568,303.34171474456,799.882458883717,167.3275521198,126.197080158825,32.2933166803947,65.4129904158451,18.7496146037507,30.9421209662001,11.698408098647,30.8478259261865,21142.0056222837,15803.1185431425,4563.24902227138,8917.0031083552,2902.91763008352,4533.76234744561,1375.50205679355,3448.8853810039,812.299462531495,607.181283612659,177.76907716016,348.400438164909,114.302989849195,178.965080142909,54.292166438505,136.401502031102,0,0,8.64512167621468,17.3581783868549,5.78743748868569,9.10964238258035,2.90814076157703,7.34436286702399,0,0,0,0,0,0,0,0,294.022896565719,235.025066019819,273.033571261435,604.602749400839,308.438008894755,551.127157620279,82.634009415912,230.561026834336,11.2968149432874,9.03003919269491,10.4712465334704,23.1761350544054,11.7952710934261,21.0718381543487,3.1618086778429,8.82059560658533,289.131712160258,229.328397972715,338.292225684717,788.308301587459,431.759155510684,784.174447995669,165.717811448593,473.098955432313,11.1088813771193,8.81116423178196,12.9707270798896,30.2080843770051,16.5069377593376,29.9711537598013,6.33478888957265,18.0798843664355,0,0,56.1763026965142,133.857385776969,59.5316807367343,101.75433913841,32.1688438001814,85.9279365720618,0,0,0,0,0,0,0,0,466.422124719936,219.065303280475,1656.65108808299,1773.35922615617
"221",2008,2155,18.3333333333333,5039.62570904897,3955.48804279882,1282.70128086592,2459.29947615201,572.046531660373,834.73916400322,234.289009751328,546.095452094896,0,0,0,0,0,0,0,0,0,0,2.15440531776087,4.22502848961341,1.09374999644271,1.60104621394824,0.454636803577817,1.06047019314395,0,0,0,0,0,0,0,0,4369.10914580253,3291.73679175069,840.712844969424,1703.0772941881,485.646168524126,797.571825908473,312.971449446758,824.540356743331,167.868160326785,126.47379158336,32.4050422286367,65.6536811541342,18.7139110427055,30.733453414144,12.0700047943732,31.7993863830842,21122.2011901659,15770.6444656619,4558.63739508291,8909.44161316239,2884.75010962948,4484.19581650859,1412.00970666018,3538.79951777729,811.538670222573,605.933574884549,177.590693660965,348.107841091594,113.584237845917,177.001516456879,55.7343365431564,139.958715178571,0,0,8.64446360650155,17.359239228961,5.75502111319451,9.01601500123056,2.98874818689009,7.54430659156931,0,0,0,0,0,0,0,0,294.998445136204,235.542549547593,274.113123575146,607.086713279239,307.872998550873,547.318569364715,84.7164488167009,236.046220472352,11.3342972512351,9.04992173329309,10.5128421817415,23.2718381791003,11.7740851846209,20.9270075112926,3.24164762010009,9.03091193326722,288.787282233624,228.792180966117,338.595217628284,788.937964775811,429.132589645945,775.213708905608,169.118870314792,482.094608693943,11.0956482277708,8.79056190780199,12.9826224460398,30.2329526365606,16.407175923047,29.6299459687154,6.46508724616587,18.4245368869958,0,0,56.1764533584393,133.868956265623,59.1132141738756,100.543893171832,33.0820283532734,88.2823740201802,0,0,0,0,0,0,0,0,469.282725885052,220.300524284372,1670.45631734793,1787.94726264358
"222",2008,2155,18.4166666666667,5015.73198152591,3934.85333122648,1277.20928980084,2449.17919638249,566.221612439653,822.639683943048,238.130825904528,554.511761930209,0,0,0,0,0,0,0,0,0,0,2.14587891249723,4.20885916071162,1.08289920114372,1.57817746204097,0.462286860353724,1.07724733935175,0,0,0,0,0,0,0,0,4382.9686623785,3298.77170485908,843.574008888551,1709.23022196065,484.733312450064,792.269166993877,322.58970419665,849.07553270806,168.400665117346,126.744084195001,32.5154157538946,65.89105460851,18.6787737448153,30.5291997366561,12.4411728736779,32.7462530931838,21102.5150343959,15738.3839498774,4554.04938600625,8901.84312971229,2866.9520821854,4435.89525774557,1448.25304535332,3627.72317214368,810.782421034699,604.694071570552,177.413138938904,347.813642980865,112.879992965564,175.087846756391,57.166116269258,143.476755142596,0,0,8.64344718588914,17.3597424930862,5.72326151176751,8.92474793429427,3.06892080116814,7.74245286958682,0,0,0,0,0,0,0,0,295.961554530301,236.051059271888,275.165276905098,609.519527403849,307.305601445077,543.571736561036,86.7753953971995,241.419010926667,11.3713016249291,9.06945948605003,10.5533860219088,23.3655788450546,11.7528027546729,20.7845223551719,3.32059397506154,9.23694659329459,288.45378534842,228.266505834303,338.892201664356,789.558852792702,426.562314749748,766.470393397634,172.434922461031,490.770706761615,11.082835134544,8.77036461972325,12.9942852140735,30.2574796249673,16.3095553837314,29.2970162456801,6.59214795108617,18.7570111561028,0,0,56.1747796944918,133.876392174676,58.7015065851081,99.360167275665,33.9919022577325,90.6175380528254,0,0,0,0,0,0,0,0,472.152742148309,221.538438490812,1684.26782782128,1802.5072045533
"223",2008,2155,18.5,4991.92981580176,3914.35199311886,1271.72739340688,2439.05280403707,560.506715642361,810.876059737775,241.82437670761,562.529921671299,0,0,0,0,0,0,0,0,0,0,2.13727004783461,4.19254946759975,1.07224774275404,1.5559352209276,0.469653046861356,1.09325991306262,0,0,0,0,0,0,0,0,4396.60835212132,3305.6337970686,846.396803213806,1715.29097591672,483.833171552005,787.075946445991,332.191541596378,873.474623736039,168.924723809438,127.007736751338,32.6243079204129,66.1248736811872,18.644126733394,30.3291633004435,12.8117217454404,33.6879101168714,21082.9516515223,15706.3392733048,4549.48652171501,8894.21196086837,2849.51605161355,4388.82748646811,1484.23776815955,3715.68311200504,810.030887734546,603.462861176283,177.236474972869,347.518015239556,112.189964211385,173.22277329241,58.5877269532205,146.956672488586,0,0,8.64213032081544,17.3597476266853,5.6921410207905,8.83577592302463,3.14865920596535,7.93882335150984,0,0,0,0,0,0,0,0,296.912236569834,236.550539137158,276.191833430323,611.903335486032,306.737129869091,539.887673577672,88.8125448788474,246.687607156283,11.4078285185579,9.08865029722222,10.5929471469832,23.4574390923813,11.7314738773049,20.6444215624437,3.39871226951777,9.43901237595031,288.131250924072,227.751427707503,339.182724560089,790.170474866548,424.046883630062,757.939701676895,175.668764892865,499.138285741339,11.0704432279641,8.7505744857325,13.0056979415444,30.2816463561118,16.2140208672105,28.9721818190848,6.71607745448114,19.0777272193031,0,0,56.1713066154913,133.879772243062,58.2964804881636,98.2026485544846,34.8984842691431,92.9337887666158,0,0,0,0,0,0,0,0,475.032052770733,222.778998648281,1698.08503926984,1817.0394114594
"224",2008,2155,18.5833333333333,4968.22636547896,3893.98860767211,1266.25773294975,2428.92516058974,554.89934968917,799.437492720208,245.373253305755,570.162379098407,0,0,0,0,0,0,0,0,0,0,2.12859556831602,4.17612139096092,1.06179045204066,1.53429906222685,0.476741577129988,1.10853019904029,0,0,0,0,0,0,0,0,4410.02134559294,3312.31886706342,849.178550941133,1721.25475553368,482.9442610181,781.988001701326,341.772448199564,897.725610469836,169.440072468264,127.264587831097,32.7316160335713,66.3549539151539,18.6099128127632,30.133183741116,13.1814771054934,34.6238931392718,21063.5141773639,15674.5117042081,4544.94996587916,8886.55170154699,2832.43450439338,4342.95990736305,1519.96923647581,3802.7047176683,809.284190808115,602.23999243029,177.0607496385,347.221101762223,111.513859771961,171.405020979016,59.9993770841533,150.399464074692,0,0,8.6405605108386,17.3593036475675,5.66164315057825,8.74903583540855,3.22796392016608,8.13343876379259,0,0,0,0,0,0,0,0,297.850470341059,237.040916424755,277.194304375691,614.239897665255,306.168647246875,536.266976279772,90.8293858936088,251.859345118769,11.4438771285589,9.10749137284307,10.6315834830604,23.5474862427312,11.7101391107537,20.5067279974468,3.47605911001845,9.63738869641169,287.819608401211,227.246913225845,339.466402253866,790.772303561084,421.584852922907,749.616797667261,178.82319071151,507.208464907183,11.0584697972155,8.73119022408522,13.0168458460402,30.3054324521022,16.1205172465146,28.6552585183541,6.83698205563162,19.3871083205673,0,0,56.1660648257815,133.879177077319,57.8980546584929,97.070824726401,35.8017923340146,95.2314771822399,0,0,0,0,0,0,0,0,477.920536972321,224.022157168321,1711.90743699207,1831.54427607198
"225",2008,2155,18.6666666666667,4944.62822358539,3873.76731026754,1260.80230117876,2418.80083044146,549.397060929399,788.313497814712,248.780974771298,577.421221497521,0,0,0,0,0,0,0,0,0,0,2.11987007783713,4.15959461404927,1.05152252111589,1.51324937913487,0.483558617476221,1.12308002739131,0,0,0,0,0,0,0,0,4423.20248238818,3318.82400421327,851.917150990351,1727.11788814003,482.065476491618,777.001900613941,351.328308162127,921.817741437402,169.946512822807,127.51452560321,32.8372594886939,66.5811541453078,18.5760894103251,29.9411287699698,13.5502799290549,35.5537865729185,21044.20462379,15642.9016836154,4540.44058163059,8878.86536015134,2815.69994871772,4298.2605686606,1555.45250109124,3888.81206779165,808.542407558082,601.025482277382,176.885999121703,346.923023630139,110.851388548446,169.633339524285,61.4012631957794,153.806076348395,0,0,8.63877679335827,17.3584511448453,5.63175239224046,8.66446661007325,3.30683543369692,8.32631908806563,0,0,0,0,0,0,0,0,298.776212126803,237.522108678945,278.173963330815,616.530670557559,305.601022841253,532.709921806627,92.8272222102825,256.940776711447,11.4794457752273,9.12597954483151,10.6693438363095,23.6357759726274,11.6888315943642,20.3714523376684,3.55268403416306,9.83232500012355,287.518705344692,226.752856332494,339.742907901193,791.3637831416,419.174788966698,741.496832366391,181.900973514352,514.992370681395,11.0469089856868,8.7122077599033,13.0277163451577,30.3288164607822,16.0289897656258,28.3460616639116,6.95496730680528,19.685577996176,0,0,56.159089402237,133.87468832911,57.50614497444,95.9641854228017,36.701843608407,97.5109453534483,0,0,0,0,0,0,0,0,480.818073643459,225.267866049058,1725.73455991688,1846.02221456591
"226",2008,2155,18.75,4921.1414816142,3853.69184032294,1255.3629570373,2408.68410905854,543.997438432766,777.493903358452,252.050989677403,584.318186393553,0,0,0,0,0,0,0,0,0,0,2.11110626900726,4.14298681695179,1.0414394354733,1.49276731544251,0.490110278120565,1.1369307611822,0,0,0,0,0,0,0,0,4436.14804070063,3325.14737737706,854.610984377148,1732.87763736844,481.196012417713,772.114781129888,360.855378548475,945.741459459005,170.44390187531,127.757479712307,32.9411761746532,66.8033691529317,18.5426254417091,29.7528880187345,13.9179855261442,36.4772207433785,21025.0240666248,15611.5089694469,4535.95898093194,8871.15545398813,2799.30494312205,4254.6981972949,1590.69232344441,3974.02801905126,807.805579323325,599.819321416253,176.712249826656,346.623882804619,110.202261275307,167.906504822182,62.7935706806671,157.177408402487,0,0,8.63681122040158,17.3572237832557,5.6024540728469,8.5820091720362,3.38527424498873,8.51748370600366,0,0,0,0,0,0,0,0,299.689402882928,237.994028812405,279.131887476343,618.776867598982,305.034970561015,529.216538369488,94.8071929152241,261.937750333331,11.5145321899736,9.14411146715351,10.706269475769,23.7223546304664,11.6675785354545,20.2385957490222,3.62863028359467,10.0240438466793,287.228322138909,226.269091131228,340.011963097694,791.944338111895,416.815274152072,733.574966416234,184.904854091315,522.501071844519,11.0357523555873,8.69362071918372,13.0382987187435,30.3517761807393,15.9393842821451,28.0444069290245,7.07013750500114,19.9735575982429,0,0,56.1504187385321,133.866388124362,57.1206650758587,94.8822232423096,37.5986544819681,99.772526486115,0,0,0,0,0,0,0,0,483.724541171732,226.516076842264,1739.56599187609,1860.47365981479
"227",2008,2155,18.8333333333333,4897.77178101063,3833.76558304574,1249.94143853197,2398.57904759341,538.698117751273,766.968849323351,255.18667767172,590.864672118033,0,0,0,0,0,0,0,0,0,0,2.10231520820602,4.12631393438346,1.0315369182107,1.472834705433,0.49640260591407,1.15010328741757,0,0,0,0,0,0,0,0,4448.85550363768,3331.28805284215,857.258833414827,1738.53203873255,480.335294215881,767.324219302157,370.350264828652,969.488327386719,170.932142922735,127.993414283655,33.043319376691,67.0215233597606,18.5094987063856,29.568367971714,14.2844626038694,37.3938690477773,21005.9728079885,15580.3327606382,4531.50556713532,8863.42409129727,2783.24211978753,4212.24222411612,1625.69319598397,4058.37428270452,807.073717716266,598.621479068514,176.539520020975,346.323765302833,109.566191433824,166.223319956488,64.1764745705635,160.514314913786,0,0,8.63469011590342,17.3556495792102,5.57373423180003,8.50160634853407,3.46328089167159,8.70695152321587,0,0,0,0,0,0,0,0,300.58997445946,238.45658928678,280.068992726072,620.979509785755,304.471080997711,525.786662317188,96.7702908780813,266.855484740967,11.5491337543494,9.16188377644557,10.7423954825593,23.8072611848086,11.6464024364677,20.1081520725373,3.70393551131356,10.2127437370338,286.948184836173,225.795403125417,340.273330527647,792.513381181043,414.504912193965,725.846389032042,187.837529353629,529.745524390977,11.0249893816003,8.67542086061806,13.0485838260393,30.3742889649793,15.8516474689802,27.750111063086,7.18259526914682,20.2514641872775,0,0,56.1400936559298,133.85435859539,56.7415269265328,93.8244346452052,38.4922406110482,102.016545091556,0,0,0,0,0,0,0,0,486.639817322806,227.766740639838,1753.40135423344,1874.89905579575
"228",2008,2155,18.9166666666667,4874.52435715726,3813.99160515267,1244.53937376764,2388.48947399196,533.496783700784,756.728784087976,258.191350987997,597.071748045122,0,0,0,0,0,0,0,0,0,0,2.093506575707,4.10959037709052,1.02181088745273,1.45343402551739,0.502441578051895,1.16261801134248,0,0,0,0,0,0,0,0,4461.32336267571,3337.2458415514,859.859814100332,1744.07976272897,479.48292406662,762.628124634988,379.80989719333,993.05095496161,171.411178005193,128.222322053377,33.1436551843678,67.235565577,18.4766938055613,29.3874879463544,14.6495923596599,38.30344515479,20987.0505127228,15549.3718011057,4527.08057063412,8855.67303967454,2767.50420255669,4170.86279944598,1660.45936133576,4141.87149722916,806.346809864471,597.431906973201,176.367821214284,346.022743847581,108.942895959915,164.582615828348,65.5501402711964,163.817608932449,0,0,8.63243510534746,17.3537519391676,5.5455795197488,8.4232027820375,3.54085597381526,8.89474107200283,0,0,0,0,0,0,0,0,301.477854550064,238.909705358517,280.986062671729,623.139466592583,303.909846391141,522.419981992114,98.7173795447125,271.698636342316,11.5832476902138,9.17929321672484,10.7777518611716,23.8905287955836,11.625322050909,19.9801095042352,3.778632424921,10.3986016895541,286.677976127168,225.331538823285,340.526808086749,793.070320703032,412.242332703521,718.30633430092,190.70164319327,536.736525091542,11.0146078723854,8.657598444642,13.0585638795852,30.3963320048862,15.7657269894908,27.4629925149836,7.29244119120036,20.5197087578702,0,0,56.1281566878914,133.838681522876,56.3686412803569,92.7903206976015,39.3826169564193,104.243317159451,0,0,0,0,0,0,0,0,489.563779176409,229.019808080099,1767.24029994745,1889.29885324788
"229",2009,2155,19,4850.70085261559,3793.58077283431,1238.78673089225,2378.01685236298,527.843876724289,745.477995371635,261.725885328555,604.322425757278,0,0,0,0,0,0,0,0,0,0,2.08484260511368,4.0929916942422,1.01121404133507,1.43208121874309,0.509495973416694,1.17713704423586,0,0,0,0,0,0,0,0,4473.93503988045,3343.32827946826,862.205492280421,1749.34216878467,478.15355835838,756.733611130165,389.849391438503,1017.8667389995,171.895738811606,128.45601904499,33.2341847469243,67.4386431643406,18.4255071814127,29.160425492745,15.0370773191974,39.2613358560984,20969.0717596915,15519.1020116055,4521.56334259173,8846.83195418826,2749.23160780501,4123.39928919546,1698.44161796265,4232.17407316759,805.656152402288,596.268890783672,176.154334197652,345.679997879544,108.219811635637,162.70184025593,67.0504165227454,167.389343345558,0,0,8.63072124555381,17.3522873407036,5.51227713092842,8.33235349032882,3.62494045195231,9.09635915033531,0,0,0,0,0,0,0,0,302.441798896415,239.390767389401,282.021426130641,625.427482028567,303.213413391752,518.381617862666,101.040273001433,277.438092959313,11.6202841301712,9.19777638555358,10.8176427440561,23.9787012267053,11.5990640261229,19.8263618207673,3.86770950548007,10.6187504043252,286.440919865925,224.897437503731,340.787668610934,793.634405403514,409.602522202585,709.717900537041,194.01219623867,544.795743522432,11.0055001242527,8.64091957026642,13.0688231337018,30.4186411062925,15.6653683513758,27.1357599904014,7.41937093103446,20.8288226025333,0,0,56.1202347811184,133.82653408124,55.9438343753431,91.6206714053099,40.3403315284254,106.623483768075,0,0,0,0,0,0,0,0,492.402828694523,230.235180669809,1780.6394611053,1903.2107752344
"230",2009,2155,19.0833333333333,4826.80426933258,3773.11392947737,1232.96533437226,2367.45489141782,522.170729835675,734.248909753024,265.266575850532,611.509078908203,0,0,0,0,0,0,0,0,0,0,2.07606964453758,4.07624949115366,1.00057995969522,1.41076528554411,0.516567493915182,1.19154253644848,0,0,0,0,0,0,0,0,4486.49980492592,3349.37255562645,864.495270533048,1754.52988812093,476.748678409648,750.698580842728,400.030982730367,1042.89719037545,172.378497177839,128.688249800809,33.3225591613839,67.6388377908772,18.3714083627294,28.9279440602276,15.4300468573163,40.2275194934322,20951.3308527108,15489.0943990031,4515.8052630545,8837.69448463294,2730.64730391781,4075.50071881206,1736.95011343138,4323.22904799553,804.974632019745,595.115947883257,175.931564781219,345.325755818859,107.484448528186,160.803902263474,68.5714233911318,170.990678184174,0,0,8.62853566222873,17.3501977996405,5.47830974701654,8.24049460374527,3.71018594392949,9.29967268732288,0,0,0,0,0,0,0,0,303.410049193734,239.870174119884,283.048031805124,627.691776881402,302.471206042723,514.232930677788,103.415364210709,283.260102451775,11.657486009466,9.21619595514585,10.8571956927127,24.0659605838155,11.5710491593833,19.6683781699387,3.95878761753818,10.8420670500333,286.214509009198,224.47205913076,341.045069082857,794.18115726561,406.918492746614,701.046798773382,197.371313044642,552.884858627893,10.996801382267,8.62457584562197,13.078946866386,30.4402794491141,15.5633068422552,26.8053343843497,7.54816841128055,21.1391078875494,0,0,56.1118448063742,133.812022179456,55.5124326267207,90.4410854126704,41.3108217639997,109.022818339633,0,0,0,0,0,0,0,0,495.228168068126,231.443236070228,1793.93225476379,1916.97676047339
"231",2009,2155,19.1666666666667,4803.01204666369,3752.78834695184,1227.16809075465,2356.90586546046,516.610397187547,723.351205173581,268.654175762774,618.302478083981,0,0,0,0,0,0,0,0,0,0,2.0671660519177,4.05934088805752,0.990159707871749,1.39007806208689,0.523349400519649,1.20519835210807,0,0,0,0,0,0,0,0,4498.91276714396,3355.2954632585,866.77586154153,1759.67776437239,475.383676018848,744.832479107491,410.20153312183,1067.78215031764,172.855423036684,128.915817383764,33.4105712744104,67.8374860733628,18.318844671968,28.701969318398,15.8225999354212,41.1881175306755,20933.6343162715,15459.235552812,4510.08312531846,8828.52817587762,2712.4471046997,4028.90037020224,1775.14425785747,4413.1783026986,804.294815275858,593.968720855348,175.71009144813,344.970227323226,106.764199376586,158.957204031838,70.0800670217094,174.548285669516,0,0,8.62577865660544,17.3473661375344,5.44506271665675,8.15112406437806,3.79489731399536,9.50090160574005,0,0,0,0,0,0,0,0,304.361087202072,240.338924716393,284.034165166027,629.893540606841,301.719146083231,510.156890857672,105.747786876072,288.93188565846,11.6940265641094,9.23420609906494,10.8951946847087,24.1508195129722,11.5426517085962,19.5131569642169,4.04823754240898,11.059647913126,285.993212982392,224.050675874741,341.29454375853,794.705768064058,404.29314808582,692.593314651378,200.654325298341,560.687069790962,10.9882991533993,8.60838561992192,13.0887640790211,30.4610629923573,15.4634780269523,26.4831973287247,7.67406524945639,21.4384503434632,0,0,56.1015921407368,133.793429254136,55.0886493274051,89.290258937404,42.2768404214876,111.399730620401,0,0,0,0,0,0,0,0,498.062457344698,232.653681333367,1807.22524401902,1930.7087294762
"232",2009,2155,19.25,4779.33338248435,3732.61017260369,1221.39737296048,2346.37536819822,511.16047116112,712.773795821858,271.89281267889,624.716298173928,0,0,0,0,0,0,0,0,0,0,2.0581606137282,4.04229748400402,0.979945745346241,1.36999610117431,0.529848001552262,1.21812729959299,0,0,0,0,0,0,0,0,4511.15449631664,3361.08327606685,869.039750268984,1764.77111920876,474.052945935461,739.123053293791,420.354985286537,1092.50731091339,173.325769848095,129.138194407553,33.4979329797096,68.0340247567439,18.2676007025188,28.4820301611659,16.2145032265385,42.1425785623718,20915.9947124692,15429.53382895,4504.40009989176,8819.34083358948,2694.62418463242,3983.563697603,1813.03166125289,4502.05420037954,803.617184826682,592.827530747535,175.490040184061,344.613719889155,106.058797766091,157.160389850554,71.5766438632592,178.063437907737,0,0,8.62255461197618,17.3438968718669,5.41251471100129,8.06416955591638,3.87907902405303,9.70008288924831,0,0,0,0,0,0,0,0,305.295443166662,240.797226354768,284.983763514902,632.037327919941,300.960690699356,506.156119973413,108.040819581081,294.464866248464,11.7299261669397,9.2518147773381,10.9317908121457,24.2334527123763,11.5140040213282,19.3607989839567,4.13618449621764,11.2719291397268,285.777576270399,223.633958046907,341.535423301496,795.20921838818,401.724782323344,684.353385022695,203.862799778983,568.211380056128,10.9800143577387,8.59237464759314,13.0982490316455,30.4810291531942,15.3658168146197,26.1691943205261,7.79712079271654,21.7271922189755,0,0,56.0894861458941,133.770841766111,54.6723886745938,88.1675703939942,43.2384394808783,113.754717714052,0,0,0,0,0,0,0,0,500.905538536888,233.866463289471,1820.51747530829,1944.40708547836
"233",2009,2155,19.3333333333333,4755.77648474575,3712.58477378234,1215.65530292153,2335.86849015787,505.818540329859,702.505897240632,274.986509459391,630.763743107243,0,0,0,0,0,0,0,0,0,0,2.0490778267684,4.02514709057102,0.969931459165924,1.35049737037806,0.536069652620347,1.23035187179264,0,0,0,0,0,0,0,0,4523.20943644033,3366.72522568125,871.280816517934,1769.79815561953,472.752023186095,733.560258488636,430.485809989014,1117.05994669809,173.788939925537,129.35496713417,33.5844096333784,68.2280010862353,18.2175048149811,28.2677402310918,16.6055436628767,43.0904119219992,20898.4219460878,15399.9955981036,4498.75863693383,8810.13883900729,2677.17145999425,3939.45647811251,1850.61947531703,4589.88734950933,802.942121231189,591.692622331648,175.271509060405,344.256485779236,105.367967167375,155.412116517304,73.0614326809679,181.537338886237,0,0,8.61894849843401,17.3398748408236,5.38064594914666,7.97956046824586,3.96273497511941,9.89725110377452,0,0,0,0,0,0,0,0,306.213540162027,241.245222876567,285.900111866955,634.126812885289,300.198607101368,502.232245055559,110.297398989552,299.869315285122,11.7652010731278,9.26902751658818,10.9671101276629,24.3140010727551,11.4852120068569,19.211366867194,4.22274060745934,11.4793027868375,285.567967443956,223.22240746295,341.767200394754,795.692338265061,399.211762667046,676.322797114745,206.998434372669,575.46707214924,10.9719611564825,8.57656220919394,13.107382215522,30.5002096118913,15.2702609219467,25.8631651422868,7.91739942269437,22.0056865364712,0,0,56.0755475067583,133.74434973058,54.263548837956,87.0723995576822,44.1956688423512,116.0882615539,0,0,0,0,0,0,0,0,503.757258215654,235.081529678246,1833.8081491314,1958.07230642614
"234",2009,2155,19.4166666666667,4732.34874977402,3692.71687990581,1209.9437962683,2325.38990551317,500.58220401336,692.537025582058,277.939192729995,636.457584919121,0,0,0,0,0,0,0,0,0,0,2.0399387835566,4.00791441514756,0.960110904160325,1.33156098048702,0.542020728423324,1.24189420211325,0,0,0,0,0,0,0,0,4535.06507017005,3372.21285398101,873.494033431719,1774.74932032739,471.477299842305,728.135697638774,440.588949156304,1141.42874595268,174.244452332598,129.565810589094,33.6698085023917,68.4190483686495,18.1684182737775,28.0587764449229,16.9955262573185,44.0311812233994,20880.9238475339,15370.6256894854,4493.1606252507,8800.92746485004,2660.08169167545,3896.54494399265,1887.91444602279,4676.70679315783,802.26992534835,590.564181153586,175.054574377122,343.898734242639,104.69142493648,153.711058492599,74.5346965820078,184.971131786475,0,0,8.61503050859532,17.3353700521328,5.34943788091455,7.8972280719168,4.04586867166386,10.0924389022042,0,0,0,0,0,0,0,0,307.11572152722,241.683013495836,286.785990064765,636.165010351798,299.435149905093,498.386188951514,112.520164611031,305.154506521881,11.7998644742822,9.28584812877762,11.0012592914711,24.3925801774962,11.4563619373636,19.0648962491722,4.30800663100381,11.6821227647664,285.36461882384,222.816393415495,341.989489240329,796.155823410904,396.752512726922,668.497218332834,210.063025808397,582.463601107177,10.9641484758944,8.56096249353449,13.1161487953446,30.5186309251251,15.1767502276467,25.564944987596,8.03496931885348,22.2742929775841,0,0,56.0598049860939,133.714044993074,53.862023715583,86.0041295281829,45.1485765007217,118.400829937617,0,0,0,0,0,0,0,0,506.61746632809,236.2988287953,1847.09658330277,1971.70491888121
"235",2009,2155,19.5,4709.05682555714,3673.01063357053,1204.26457809538,2314.94390186443,495.449080664481,682.857009294896,280.754693010525,641.810166633342,0,0,0,0,0,0,0,0,0,0,2.0307615093753,3.99062131942424,0.950478713556366,1.31316710742846,0.547707604664686,1.25277602365175,0,0,0,0,0,0,0,0,4546.71159528645,3377.5397598238,875.675350565101,1779.61705511546,470.225912207349,722.842396513632,450.659804187881,1165.60377208952,174.691930452335,129.770478830198,33.7539742848725,68.6068764414539,18.1202309196204,27.8548703603912,17.3842736590774,44.9645028910598,20863.5064002263,15341.4275657585,4487.60745448571,8791.71099799152,2643.34753216509,3854.79586735098,1924.92292671257,4762.54005395088,801.600827073706,589.442340254232,174.839293062217,343.540636255976,104.028884142843,152.055911205374,75.996683516301,188.365900699832,0,0,8.61085780365356,17.3304394985484,5.31887307779672,7.81710559948173,4.12848328681591,10.2856772275036,0,0,0,0,0,0,0,0,308.002261960823,242.110660594275,287.643729539563,638.154362224187,298.672126872114,494.618278028206,114.711475535015,310.328774391532,11.8339269247367,9.30227901071117,11.0343277503682,24.4692836149658,11.4275229692801,18.9213998953913,4.39207258925454,11.8807070577913,285.167642498605,222.416167063044,342.202010136712,796.60024346138,394.345511290614,660.872222502235,213.058451014893,589.21052781373,10.9565806227298,8.54558515052273,13.1245380158352,30.5363148374335,15.0852267231816,25.2743654588974,8.14990174457161,22.533375339371,0,0,56.0422941471229,133.68002054111,53.4677037016789,84.9621480758405,46.0972085420122,120.692876417137,0,0,0,0,0,0,0,0,509.486015761427,237.518309360178,1860.38219946304,1985.30548796724
"236",2009,2155,19.5833333333333,4685.90671180266,3653.46967052801,1198.61920804188,2304.5344286901,490.416816551559,673.455990449669,283.436748847027,646.833422274776,0,0,0,0,0,0,0,0,0,0,2.02156146982693,3.97328722011348,0.941029964497827,1.29529685436537,0.553136638102093,1.2630186365373,0,0,0,0,0,0,0,0,4558.14144658977,3382.70122842518,877.821521265113,1784.39543177522,468.995583091596,717.674494504245,460.694201311363,1189.57635785809,175.131083617675,129.968790707925,33.8367824961394,68.7912576794063,18.0728551189728,27.6557963140353,17.7716248287085,45.8900421118861,20846.1740752184,15312.4035776078,4482.10010633793,8782.49291984849,2626.96158434866,3814.17663865095,1961.65090952549,4847.41324580979,800.934998195963,588.327189950471,174.625706195312,343.182331500808,103.380055858161,150.445394118227,77.4476274859955,191.722674937908,0,0,8.60647709193345,17.3251298326427,5.28893505867411,7.73912830535716,4.21058175456118,10.4769956086446,0,0,0,0,0,0,0,0,308.873383129726,242.528200295939,288.475296755477,640.096861231127,297.910995132735,490.928396314478,116.873438981363,315.399611994154,11.8673969412651,9.31832155033293,11.0663909409836,24.5441877301182,11.3987508327017,18.780873615405,4.47501886561733,12.0753414748609,284.977053527231,222.021882528523,342.404567108728,797.026055106559,391.989285548538,653.443314760745,215.986645376516,595.717446354976,10.9492581757162,8.53043610180463,13.1325423412557,30.5532787794462,14.9956342505998,24.9912555128983,8.26227021401297,22.7832987517088,0,0,56.0230555529239,133.642369592505,53.0804767022955,83.9458489513546,47.0416092521085,122.964840816398,0,0,0,0,0,0,0,0,512.362761712594,238.739920339133,1873.66450290569,1998.87460341234
"237",2009,2155,19.6666666666667,4662.90383680033,3634.09718122932,1193.00909957568,2294.16513453215,485.48309227912,664.324424997744,285.989009921722,651.53889261253,0,0,0,0,0,0,0,0,0,0,2.01235196186958,3.9559294044501,0.931760082854682,1.27793215313757,0.558314149945884,1.27264288224685,0,0,0,0,0,0,0,0,4569.34892871511,3387.6939469317,879.92997012645,1789.07987233926,467.784503968123,712.627015245657,470.688362366482,1213.33901451296,175.561693003592,130.160618937147,33.9181343899367,68.9720162695297,18.0262212426764,27.4613626198788,18.157433920771,46.807509359387,20828.9300883958,15283.5551591273,4476.63922461295,8773.27604438618,2610.91644542579,3774.65532310896,1998.10405146621,4931.35116668985,800.272562278855,587.218785342292,174.413841713676,342.823933702223,102.744650867246,148.878252933641,78.8877495482648,195.042432607663,0,0,8.60192656289786,17.3194793586323,5.25960815821888,7.66323348004518,4.2921668389525,10.6664223909191,0,0,0,0,0,0,0,0,309.729265470755,242.935650362785,289.282356682713,641.994143520112,297.152931697253,487.316095818173,119.007934490918,320.373753437161,11.9002814565178,9.33397643008571,11.0975127264799,24.6173551796207,11.3700905347997,18.6433004950919,4.55691713111412,12.2662828017811,284.79278797037,221.633613379072,342.597031293559,797.43361447664,389.682407177909,646.205954448681,218.849584518818,601.993924028098,10.9421786783418,8.51551817394395,13.1401568163203,30.5695363388304,14.9079183509177,24.7154423319974,8.37214979435062,23.0244273796493,0,0,56.002133429745,133.601184952564,52.7002289119568,82.9546329307549,47.9818212091129,125.217149644401,0,0,0,0,0,0,0,0,515.24756123598,239.963610827599,1886.94306758674,2012.41286955456
"238",2009,2155,19.75,4640.05312065319,3614.89596153066,1187.43553589075,2283.83939766213,480.645627600172,655.453080645958,288.415039820972,655.93773978963,0,0,0,0,0,0,0,0,0,0,2.00314443168117,3.938563296809,0.922664777021166,1.26105569161907,0.563246411555863,1.28166912546373,0,0,0,0,0,0,0,0,4580.32991942271,3392.51577486058,881.998685901453,1793.66692415987,466.591243253205,707.695689136978,480.638877964514,1236.88534664084,175.983600227041,130.345881277094,33.9979528546047,69.1490195874103,17.980274145966,27.2714047573928,18.5415692571507,47.7166571335335,20811.7766081601,15254.8829852483,4471.22517171559,8764.06262878843,2595.20474013839,3736.20069775933,2034.28769816537,5014.37738425495,799.613602640604,586.117152361425,174.203716595122,342.465534911222,102.122380964191,147.353261049712,80.3172587289095,198.326103914029,0,0,8.59723738315757,17.313519552986,5.23087742506525,7.58936041367422,4.37324118548974,10.85398492356,0,0,0,0,0,0,0,0,310.570057422554,243.333016217742,290.066323258864,643.847560046722,296.398886308024,483.780675954859,121.116636483906,325.257249902104,11.9325861737259,9.34924385832721,11.1277473338516,24.688837673141,11.3415783859894,18.5086539438503,4.63783120853164,12.4537617134601,284.614717591696,221.251366211775,342.77932827776,797.823189911895,387.423490920985,639.155578577744,221.649267846676,608.049448933131,10.9353372037025,8.50083162040779,13.1473785790566,30.5850977469248,14.8220262088154,24.4467522199361,8.47961647518708,23.257122416176,0,0,55.9795746630742,133.556558587081,52.3268454261148,81.9879086514217,48.9178853692533,127.450216487788,0,0,0,0,0,0,0,0,518.140272916134,241.189329978349,1900.21752465468,2025.92089830257
"239",2009,2155,19.8333333333333,4617.35903055797,3595.8684570279,1181.89968382667,2273.56035296961,475.902185219717,646.833033356434,290.718318692718,660.040761412288,0,0,0,0,0,0,0,0,0,0,1.9939487512668,3.92120269372798,0.913739982829831,1.24465085108731,0.567939632268483,1.29011724063588,0,0,0,0,0,0,0,0,4591.08161226318,3397.16554544265,884.026128706609,1798.15406554407,465.414669126701,702.876805433658,490.542681233943,1260.20996874569,176.396697459748,130.524532898627,34.0761788569146,69.3221707445006,17.9349702062083,27.0857796939277,18.9239123224313,48.6172767667333,20794.7149355706,15226.3871078766,4465.85807757647,8754.85446905207,2579.81914825439,3698.78227828898,2070.20690648722,5096.51431734469,798.958169275193,585.022293001965,173.995338748913,342.107209204456,101.512960025237,145.869220617449,81.7363528919272,201.574574301678,0,0,8.59243497843134,17.3072763617278,5.20272853309754,7.51745035189188,4.4538073647053,11.0397097205826,0,0,0,0,0,0,0,0,311.39588326404,243.720295969299,290.828402801777,645.658237018615,295.649626008269,480.321249173546,123.201035061917,330.055539458556,11.9643158678669,9.36412376238253,11.157141020653,24.758678294428,11.3132437083146,18.3769002119112,4.71781786931217,12.6379854468138,284.442662675123,220.875092554491,342.951427398886,798.194974042247,385.211193134224,632.287621800798,224.387704316039,613.893385605321,10.92872684696,8.48637457881559,13.1542064492761,30.5999703394961,14.7379065965877,24.1850113644557,8.58474662357575,23.4817403829123,0,0,55.9554279484747,133.508581277477,51.9602107630377,81.0450933003363,49.8498411564497,129.664442418076,0,0,0,0,0,0,0,0,521.040756603783,242.417026951138,1913.48755264749,2039.39930333414
"240",2009,2155,19.9166666666667,4594.82562780766,3577.01680078852,1176.40260572798,2263.33091489798,471.250573594087,638.455662551732,292.902245709044,663.85840388973,0,0,0,0,0,0,0,0,0,0,1.98477345085924,3.903859966388,0.904981822129362,1.22870165581069,0.572399949207115,1.29800660339788,0,0,0,0,0,0,0,0,4601.60230134188,3401.64289979508,886.011152492025,1802.53954415782,464.253887442016,698.167094351415,500.397023049133,1283.3084259184,176.800919158515,130.696560012895,34.1527684705679,69.4914023911538,17.8902749393069,26.9043613581309,19.3043568157469,49.5091953852606,20777.7456549123,15198.067069332,4460.53788047442,8745.6529793685,2564.75242600149,3662.3703353037,2105.86646551923,5177.78331205625,798.306284637362,583.934189678882,173.788708593934,341.749015757383,100.916104846612,144.424963186907,83.1452195468349,204.788687389792,0,0,8.58754007505505,17.3007712442773,5.17514770844544,7.44744643653093,4.53386790633746,11.2236225936507,0,0,0,0,0,0,0,0,312.206849452462,244.097484360723,291.569629807489,647.42712437367,294.905770398077,476.936790935299,125.262455123386,334.773510841421,11.9954746291828,9.37861594027956,11.1857334494223,24.8269133630497,11.2851101866249,18.2480003071667,4.79692756585871,12.8191402426101,284.276402810652,220.504698969525,343.113333217394,798.549095315111,383.044210967506,625.597534435487,227.066900037922,619.534937545695,10.9223391397498,8.47214345913826,13.1606406005402,30.6141589969212,14.6555098425917,23.9300465264325,8.68761650927137,23.6986316950308,0,0,55.9297431193354,133.457342377131,51.6002092902549,80.1256131624761,50.7777265487826,131.860216392301,0,0,0,0,0,0,0,0,523.948873221011,243.646650886143,1926.75286957863,2052.84869575535
"241",2010,2155,20,4571.35285053627,3557.17802256495,1170.41817997038,2252.4613109485,465.489574629159,625.2764202486,296.332482324918,672.539577422366,0,0,0,0,0,0,0,0,0,0,1.97585851781983,3.88672309091936,0.894092624419028,1.20349994512441,0.579258612420771,1.31527051758371,0,0,0,0,0,0,0,0,4612.49215313005,3406.42027391015,887.721290549408,1806.60447809833,461.944133598684,688.044052426391,511.614692808011,1312.0421585243,177.219324678932,130.880114366226,34.2188066912137,69.6483207428394,17.8013010498214,26.5143326071299,19.7373439567784,50.6182826702968,20761.8560322792,15170.4771039351,4453.88547542834,8734.87241844959,2543.43564218353,3597.84318826174,2148.7737658451,5287.96140058924,797.695880148836,582.874136980395,173.531225913002,341.33043272786,100.073342850697,141.872058323075,84.8392783088232,209.142737723762,0,0,8.58366688267737,17.2949769088813,5.13491104487515,7.32013552189227,4.62865297345777,11.4665426555495,0,0,0,0,0,0,0,0,313.153531303151,244.517983162527,292.534501979207,649.397316454032,293.691795876662,470.019943312944,128.185118099921,343.241122091478,12.0318477952845,9.39477217352109,11.2229023154474,24.9028616429007,11.238980927947,17.9839314047344,4.90899837032513,13.143767314979,284.145104524916,220.164326973526,343.296581415591,798.905016321522,379.939768443952,614.086741461816,230.80600210555,630.061086855323,10.9172947053022,8.45906581708165,13.1678890559443,30.6284076125527,14.5372337171317,23.4906503167613,8.83104595576393,24.1023848360505,0,0,55.9117511221382,133.412536838959,51.1145869020592,78.5917217829623,51.8533758273258,134.690865484831,0,0,0,0,0,0,0,0,526.703268149605,244.82102638339,1939.2735543744,2065.62317331263
"242",2010,2155,20.0833333333333,4547.9481960986,3537.44114268926,1164.45327069145,2241.59972949513,459.843312874696,612.540938121783,299.611034419479,680.726616992139,0,0,0,0,0,0,0,0,0,0,1.96679335675283,3.86940056760917,0.8834282429049,1.17913876990094,0.58583681876362,1.33161564806688,0,0,0,0,0,0,0,0,4623.35360214699,3411.1698717061,889.455255910781,1810.69733863348,459.701926894752,678.226078104568,522.863747648903,1340.74247698869,177.636638919459,131.062601508957,34.2857508428774,69.8062961766515,17.7149264782773,26.1360544308147,20.1715445217113,51.7260879151902,20745.8950366254,15142.9356842958,4447.24163983117,8724.02157325989,2522.50164594662,3535.12232721156,2191.35386419946,5396.49917102672,797.082732358588,581.815949513144,173.273986439707,340.908970638982,99.245654891513,139.390432818349,86.5204747934751,213.432025558573,0,0,8.5791240023712,17.2883207913235,5.09542488445786,7.19636644402055,4.72293466029126,11.7065785052773,0,0,0,0,0,0,0,0,314.080619145959,244.927584237727,293.451578186274,651.302186279619,292.461059978304,463.225242425331,131.039848171567,351.346915078916,12.0674681274058,9.4105096987114,11.2582358928859,24.9763014757178,11.1922047026986,17.7245177088243,5.01847269264902,13.4545592711579,284.010477326388,219.819451564104,343.468162180925,799.218285643783,376.887239277337,602.845769728022,234.476674866466,640.25155355898,10.9121223638562,8.44581514679254,13.1746873050379,30.6410142409122,14.420931749221,23.0615391558081,8.97186460874955,24.4933193639861,0,0,55.8919299078081,133.36366720737,50.6366841031682,77.0974374022926,52.9244735903252,137.489024323297,0,0,0,0,0,0,0,0,529.463331429577,245.996482893706,1951.76985629251,2078.3155566578
"243",2010,2155,20.1666666666667,4524.64483579165,3517.83606247469,1158.52016638966,2230.76563155322,454.328443211995,600.310042537818,302.72119546211,688.360670651862,0,0,0,0,0,0,0,0,0,0,1.95760661485578,3.85192499773384,0.873015421631181,1.15573347119078,0.592098902471672,1.34691832493376,0,0,0,0,0,0,0,0,4634.13026119851,3415.84980741814,891.200291884639,1814.78811919747,457.532966572764,668.770989319214,534.110331128168,1369.28367296821,178.05069539392,131.242412123023,34.3531115045695,69.9641769121843,17.6313724021692,25.7717574492037,20.6056549927685,52.8277706279166,20729.8798032803,15115.4575547583,4440.63614397489,8713.14244788655,2502.04916526645,3474.60781141892,2233.49952823467,5502.99723511425,796.467499642372,580.760193778115,173.018133520991,340.486248127192,98.4369270422524,136.995872063027,88.1845846402816,217.640784859583,0,0,8.5740206184199,17.2809227156818,5.05687559459404,7.07694985583487,4.81648027590694,11.9428627022979,0,0,0,0,0,0,0,0,314.98687413478,245.325989875271,294.322773100818,653.14468823282,291.226939583114,456.614187790858,133.818962307368,359.064860146639,12.1022880271735,9.42581707731462,11.2918078147665,25.0473464888666,11.145293712387,17.4721134589129,5.12505647726843,13.750519958992,283.874233364689,219.471845801117,343.628162644959,799.49452268305,373.901979310933,591.950387706942,238.061557512987,650.02749012071,10.9068878989429,8.4324595720659,13.1810386577177,30.6521942290076,14.3071917334993,22.6456127704056,9.10940766084201,24.8684168467835,0,0,55.8701640070719,133.310738133268,50.1685207869387,75.6517186600452,53.9887168569297,140.245452583872,0,0,0,0,0,0,0,0,532.231461165765,247.173879690146,1964.25245928585,2090.93749301698
"244",2010,2155,20.25,4501.45696428093,3498.37292216782,1152.62232738527,2219.96673331279,448.941924133695,588.562029401566,305.66846715041,695.466826490801,0,0,0,0,0,0,0,0,0,0,1.94832781134608,3.83433011164091,0.862844603337716,1.13324158870873,0.598052443549244,1.36121825560108,0,0,0,0,0,0,0,0,4644.78233768238,3420.43116824908,892.942449266795,1818.84873494063,455.42640617267,659.651355979552,545.343670338593,1397.63567153358,178.459965206904,131.418435332519,34.4203534926339,70.12088485245,17.550221968329,25.4203863894535,21.0392611602793,53.9221749007269,20713.8387302154,15088.0628533151,4434.0752991542,8702.24909659102,2482.06957204188,3416.22381453952,2275.22429980914,5607.53861755566,795.851273092237,579.707643509138,172.763915291415,340.062816053692,97.6468214923982,134.685394807739,89.8321364250809,221.772276371891,0,0,8.56846482640547,17.2728965092066,5.01923530344942,6.96172892053027,4.9093009799598,12.175509403384,0,0,0,0,0,0,0,0,315.87328891553,245.713618714801,295.153094296792,654.930306123916,289.994013111827,450.18757651499,136.528770025044,366.429708050115,12.136345633597,9.44071039413538,11.3238103028652,25.1162071688799,11.098423353121,17.2267500933365,5.228991109509,14.0329786751269,283.738196429833,219.123366078732,343.777180158975,799.739041234581,370.983280232144,581.394297540376,241.561773197273,659.395524037369,10.9016613835003,8.41907041853409,13.186965996517,30.6621512328544,14.1959868745007,22.2426317676385,9.24371754955271,25.2279285885649,0,0,55.8464991635652,133.253914033999,49.709960462817,74.2531081852388,55.046248204961,142.961521932101,0,0,0,0,0,0,0,0,535.007478554535,248.353164070426,1976.72054795995,2103.49083913036
"245",2010,2155,20.3333333333333,4478.39699056063,3479.0604558796,1146.76275893631,2209.20985768672,443.680680033473,577.276005589539,308.458162662872,702.069024270441,0,0,0,0,0,0,0,0,0,0,1.93898234947485,3.81664605045788,0.852907354457081,1.11162294652352,0.603705190068083,1.37455454908564,0,0,0,0,0,0,0,0,4655.27761701574,3424.89079919385,894.670507837653,1822.8568110664,453.373675665508,650.844395174356,556.554033639578,1425.77141140681,178.863210622619,131.589781485122,34.4870462719775,70.2755609335426,17.4711457033845,25.0810644447434,21.4719887208857,55.0082602722927,20697.7948823034,15060.7677423597,4427.56404229312,8691.35283894868,2462.55367215187,3359.89603443108,2316.54081830733,5710.20156979193,795.234938895825,578.65891969115,172.511526647136,339.639119239263,96.8749783515347,132.456079563466,91.4636238096069,225.829575137053,0,0,8.56254397153009,17.2643330779796,4.98247714389252,6.85055053604254,5.00140647796821,12.4046245523438,0,0,0,0,0,0,0,0,316.740644413982,246.090757413773,295.946606048834,656.663178473144,288.765762325224,443.944546398866,139.17492355028,373.472761990434,12.1696709510617,9.45520066301168,11.3543993572961,25.1830423325796,11.0517269629598,16.9883953381219,5.33049279412005,14.3031327283299,283.603802043518,218.775514150957,343.915768377935,799.956320648097,368.130283487699,571.170647053162,244.978740013113,668.36419706164,10.8964979726002,8.40570538598677,13.1924905477225,30.6710569582529,14.0872846365729,21.8523355233435,9.37484803708914,25.5721793083125,0,0,55.8209873557709,133.193351431481,49.2608570785539,72.9001730295477,56.097203842544,145.638553117739,0,0,0,0,0,0,0,0,537.791212737949,249.53428505492,1989.17349118466,2115.97749988785
"246",2010,2155,20.4166666666667,4455.47585859734,3459.90624578486,1140.94409308798,2198.50109161777,438.541628328913,566.431862601884,311.095423607096,708.190153814745,0,0,0,0,0,0,0,0,0,0,1.92959227172663,3.79889987134294,0.843196064693533,1.09083933059359,0.609064987623958,1.38696556995203,0,0,0,0,0,0,0,0,4665.58990227504,3429.21010381943,896.375392745928,1826.79444759288,451.367930070246,642.330827077387,567.732615913416,1453.66662185906,179.259425113372,131.755736076136,34.552841587603,70.4275177701616,17.3938803648823,24.7530493781174,21.9034988893558,56.0850932219468,20681.76709514,15033.5852424786,4421.10623348876,8680.46285583487,2443.49190386062,3305.55188046999,2357.4609254041,5811.06002823366,794.619220746599,577.614522595803,172.261120742794,339.215519521234,96.1210233595535,130.305071864113,93.0795095876394,229.815588241869,0,0,8.55632957465368,17.2553061773805,4.94657528983807,6.74326600015601,5.09280537850412,12.6303071766388,0,0,0,0,0,0,0,0,317.589561574949,246.457596586131,296.706654613966,658.346463134427,287.544871883097,437.883110166503,141.762501040631,380.222312150535,12.2022878372304,9.46929520763613,11.383703405617,25.2479731272627,11.0053073153471,16.7569737173909,5.42975574348948,14.5620640738993,283.472175832633,218.429506062195,344.044427025387,800.150125672741,365.341996161443,561.272142691997,248.314108315365,676.943529474433,10.8914409146776,8.39241119679343,13.1976314824375,30.6790557408512,13.9810473402959,21.4744464809337,9.50286180498629,25.9015504419483,0,0,55.7936844983816,133.129199159521,48.8210576323839,71.5915065014082,57.1417141937852,148.277819338118,0,0,0,0,0,0,0,0,540.582498710183,250.717192714976,2001.61079295006,2128.39939269814
"247",2010,2155,20.5,4432.70317958961,3440.91682769736,1135.16862253445,2187.84585019626,433.521695039713,556.010288687901,313.585222847599,713.852073842465,0,0,0,0,0,0,0,0,0,0,1.92017658398195,3.78111576251426,0.833703829444354,1.07085439853566,0.614139738376464,1.39848882760889,0,0,0,0,0,0,0,0,4675.69833673363,3433.37452028329,898.049918021396,1830.64767423358,449.40380329003,634.094366486175,578.871505011327,1481.29978079107,179.647807330368,131.915739616284,34.6174636345316,70.5762187588264,17.318219498333,24.4357140114101,22.3334871202072,57.1518455954273,20665.7704551922,15006.525597531,4414.7047867434,8669.58645087842,2424.87443489464,3253.12063119407,2397.99569854006,5910.1837389907,794.004698291773,576.574845808426,172.012814038785,338.79230586165,95.3845716610611,128.229590418915,94.6802269712188,233.73305959933,0,0,8.54987941233191,17.2458748296546,4.91150496442062,6.63973131943538,5.18350535834904,12.8526499651061,0,0,0,0,0,0,0,0,318.420524772586,246.814247426582,297.435966163457,659.982498150429,286.333354662616,432.000378746458,144.296041991046,386.703815000683,12.234214902505,9.48299830028729,11.4118270631802,25.3110892081309,10.9592414286854,16.5323751276157,5.52695353445091,14.8107461798427,283.344168017902,218.086302306615,344.163599113306,800.32356284253,362.617307530399,551.691130835181,251.569724050676,685.144781855269,10.8865228766367,8.37922475467454,13.2024058067899,30.686266700729,13.8772327913213,21.1086732526318,9.62782904750679,26.2164710147912,0,0,55.7646494281733,133.061598449739,48.3904034882744,70.3257305114858,58.1799039808946,150.880546228995,0,0,0,0,0,0,0,0,543.38117641709,251.901837873505,2014.03207227129,2140.7584315329
"248",2010,2155,20.5833333333333,4410.08741160003,3422.0978336392,1129.43834652985,2177.24896466789,428.617830225721,545.992754633391,315.932373580599,719.075666228546,0,0,0,0,0,0,0,0,0,0,1.91075169092514,3.76331534895213,0.824424294040511,1.05163351728088,0.61893735706493,1.40916088522552,0,0,0,0,0,0,0,0,4685.58651803952,3437.37284107016,899.688455479809,1834.40574834401,447.477104475933,626.121106066188,589.963610065592,1508.65196092329,180.027727069016,132.069361494908,34.6806963669484,70.721251161626,17.2440017892247,24.1285225579299,22.7616803667012,58.2077887396993,20649.8169278102,14979.5967483952,4408.36183848199,8658.72938745993,2406.69127311553,3202.53353962317,2438.15551406041,6007.63852960046,793.391831261319,575.540194430125,171.766692812515,338.369707385151,94.6652321087108,126.226931209054,96.2661820275797,237.584580457757,0,0,8.54324022231566,17.2360864538626,4.87724243440924,6.53980748706838,5.27351336752705,13.0717400436048,0,0,0,0,0,0,0,0,319.23391103482,247.160761927956,298.136771624297,661.573001489682,285.1327111491,426.292839409488,146.779599443714,392.940161753341,12.2654666328755,9.49631193861293,11.4388559265715,25.3724564086057,10.9135866820925,16.3144655166351,5.62224110884881,15.0500543058168,283.220398834475,217.74664783045,344.273668496765,800.479158254486,359.955003543501,542.419674051116,254.747589283007,692.980185058048,10.8817676889788,8.36617468165392,13.2068282646664,30.6927867165358,13.7757948294972,20.7547135278659,9.74982595698163,26.5174072939219,0,0,55.7339426723548,132.990683170064,47.9687318927774,69.1014969221109,59.2118925801622,153.447913640727,0,0,0,0,0,0,0,0,546.187089631209,253.088171755651,2026.43703711655,2153.05650857333
"249",2010,2155,20.6666666666667,4387.63602678278,3403.45412472615,1123.75501367038,2166.71476433788,423.827022081791,536.361497887382,318.141537697342,723.880888428802,0,0,0,0,0,0,0,0,0,0,1.90133180677628,3.74551799601193,0.815351522011045,1.03314362235116,0.62346572871022,1.41901727837176,0,0,0,0,0,0,0,0,4695.24167673375,3441.19658225637,901.286628645809,1838.06050604559,445.584543644418,618.398965020345,601.002590473775,1535.70666515622,180.398693706281,132.216275746091,34.7423717653037,70.8623012263897,17.1711005354672,23.8310094614212,23.187834365859,59.2522872232099,20633.9159398015,14952.8047721844,4402.07890301808,8647.8961989422,2388.93236601308,3153.72391786437,2477.95010915226,6103.48658042199,792.78098185123,574.510801953149,171.522819166071,337.947905383065,93.9626111346544,124.29447078727,97.8377560679216,241.372599889242,0,0,8.53645012397798,17.2259796280502,4.84376497911128,6.44336062420788,5.36283581846822,13.2876597327796,0,0,0,0,0,0,0,0,320.030016744636,247.497151199838,298.810919164376,663.119248121622,283.944067365491,420.756590096471,149.216793409276,398.951950855869,12.2960544158265,9.50923654946105,11.4648608930004,25.4321235413259,10.8683861078101,16.1030958811799,5.71575682079379,15.2807759381073,283.101301193932,217.411109767257,344.374960469231,800.618937556526,357.353785468338,533.44963425955,257.849821902344,700.462672088334,10.8771919849424,8.35328276790787,13.2109113574496,30.6986934853585,13.6766840389835,20.4122572492918,9.86893317796838,26.804852513365,0,0,55.7016253914625,132.9165801741,47.5558774024456,67.9174888733587,60.2377943562304,155.981057306147,0,0,0,0,0,0,0,0,549.000084970577,254.276145698478,2038.82546190965,2165.29547936175
"250",2010,2155,20.75,4365.35561428837,3384.98987306881,1118.12014826365,2156.2471270669,419.146304438814,527.099504846115,320.217231496362,728.286812338799,0,0,0,0,0,0,0,0,0,0,1.89192921256872,3.72774102310725,0.806479933380357,1.01535313836612,0.627732683089433,1.42809248097144,0,0,0,0,0,0,0,0,4704.6541838316,3444.8396058896,902.84113122309,1841.60597833615,443.723577411867,610.917384578934,611.982805476523,1562.44969104885,180.760337281173,132.356246539891,34.8023628761379,70.9991394634657,17.0994177258759,23.5427677020281,23.6117317105142,60.2847936617202,20618.0747285444,14926.1541448977,4395.85696425473,8637.09037064929,2371.5876540834,3106.62715565199,2517.38862527782,6197.78662741193,792.172428136888,573.486840352372,171.281234571677,337.527040358926,93.2763148316773,122.429667011266,99.395307321081,245.09943262583,0,0,8.52953993870955,17.2155855384008,4.81105083454685,6.35026187923074,5.45147869406221,13.5004870572385,0,0,0,0,0,0,0,0,320.809072867977,247.823395624781,299.459936633008,664.622163385158,282.768243881489,415.387447424505,151.610850405664,404.757688086484,12.3259871254169,9.52177137909799,11.4899005584997,25.4901259854923,10.8236710391652,15.8981064149326,5.80762395213978,15.5036184535608,282.987146874723,217.080100903387,344.467746124487,800.744484708064,354.812287888312,524.772737970371,260.878627074424,707.605697921201,10.8728062067792,8.34056487334599,13.2146655096853,30.7040477721808,13.579848436465,20.0809891094845,9.98523471202861,27.0793199688791,0,0,55.6677588857605,132.839409715971,47.1516727423754,66.7724214235355,61.2577188889238,158.481070112075,0,0,0,0,0,0,0,0,551.820011401081,255.46571102827,2051.19717638954,2177.47715732962
"251",2010,2155,20.8333333333333,4343.25198634691,3366.7086461136,1112.53507750827,2145.84953139152,414.572764138098,518.190490797436,322.16383197477,732.311666141568,0,0,0,0,0,0,0,0,0,0,1.88255452113557,3.70999992013877,0.797804236611863,0.998231891089725,0.631745969346248,1.43641987234445,0,0,0,0,0,0,0,0,4713.8170406057,3448.29772949613,904.349539465665,1845.03799422428,441.892251297756,603.667019721268,622.899258034185,1588.86897790196,181.112388891392,132.489113178979,34.8605766181315,71.1316054249441,17.0288779874604,23.2634369589211,24.0331797025058,61.3048428761741,20602.2987040992,14899.6480132351,4389.69657060281,8626.3145282796,2354.64712543243,3061.18073539364,2556.47965508897,6290.59417897006,791.566377985868,572.468430528851,171.04196354171,337.107219323363,92.6059510815764,120.630059638751,100.93917274278,248.767267444566,0,0,8.52253458708596,17.2049295248613,4.77907914375498,6.2603873658087,5.53944765883336,13.710296253862,0,0,0,0,0,0,0,0,321.571260677818,248.139455320932,300.085096590112,666.082420316021,281.605829349292,410.181063614679,153.964643724181,410.37399094961,12.3552717264241,9.53391489519928,11.5140237154287,25.5464894260311,10.7794639318404,15.6993309982389,5.89795225585533,15.7192169481269,282.878073750212,216.753904023386,344.552246353953,800.857001753387,352.329094264327,516.380634430763,263.836270113765,714.423062870672,10.8686156518978,8.32803186300067,13.2180992208301,30.7088956983272,13.4852340661095,19.7605907760624,10.0988168770809,27.3413362489741,0,0,55.6324040574737,132.759285840646,46.7559496715004,65.6650420736405,62.2717712455601,160.94900357669,0,0,0,0,0,0,0,0,554.646719724336,256.656818935269,2063.55205359894,2189.60330756884
"252",2010,2155,20.9166666666667,4321.33027612089,3348.61348446265,1107.00095657807,2135.52510466061,410.103547283862,509.618877854989,323.985582964947,735.972875961523,0,0,0,0,0,0,0,0,0,0,1.87321692191853,3.69230855343094,0.789319370205676,0.981751025037084,0.635513233452661,1.44403171430187,0,0,0,0,0,0,0,0,4722.72541274464,3451.56836997702,905.810141900367,1848.35382109568,440.089059744483,596.639467522937,633.747539537148,1614.95444989278,181.454662794966,132.614776416562,34.9169472528999,71.2595939105466,16.9594232120432,22.9926931777332,24.4520082373404,62.3120458970458,20586.5917797882,14873.2884423329,4383.59792103154,8615.57060833072,2338.10086326656,3017.32423275964,2595.23128809031,6381.96173078329,790.962981759232,571.455651828242,170.805016956627,336.688522394186,91.9511314076379,118.893270360194,102.469669776605,252.37817547725,0,0,8.51545433348418,17.1940324429647,4.74782990347307,6.17361806326471,5.62674815740863,13.9171582435728,0,0,0,0,0,0,0,0,322.316725774897,248.445279345404,300.687474089506,667.500524299494,280.457244217771,405.133025407508,156.280732334605,415.815786235154,12.3839138130432,9.54566514045763,11.5372715717986,25.6012331061278,10.7357808081312,15.5066009960545,5.98683944728659,15.9281418038366,282.774110855401,216.43269441212,344.628636504692,800.957366181574,349.902751948237,508.264949698709,266.725051379653,720.928749901663,10.8646214359656,8.31569047159445,13.2212192426096,30.7132709380208,13.3927855740361,19.4507429619953,10.209767344426,27.5914350002722,0,0,55.5956209558381,132.676316790992,46.3685397638045,64.5941311224654,63.2800522510159,163.385869366157,0,0,0,0,0,0,0,0,557.480062145475,257.849420379085,2075.88999945171,2201.67564202013
"253",2011,2155,21,4299.34436077743,3330.45017914741,1100.8004258437,2122.97718190714,406.506142194794,502.790016861502,325.522189195446,740.022523284477,0,0,0,0,0,0,0,0,0,0,1.8630165227255,3.67107216076297,0.782504050224171,0.968620364237493,0.638593745935373,1.45196158235385,0,0,0,0,0,0,0,0,4731.49808852873,3454.73788281622,906.671683310632,1849.64124805209,439.145372277898,591.499313148704,644.198692023751,1640.91346696057,181.791723027583,132.736554168432,34.9502390703303,71.309395759613,16.9230913152619,22.7946844115912,24.8555459724853,63.3144233417542,20571.2329901143,14847.2108109785,4374.89955210178,8595.92735949818,2326.35199633868,2983.43792139408,2631.71239871212,6472.30014135222,790.372960211841,570.453705723658,170.466987940783,335.922255481051,91.4850165595101,117.549497408576,103.910034519783,255.945578304683,0,0,8.50417612016628,17.1660538927517,4.72625087063045,6.1071150667633,5.70925036384457,14.1214616159986,0,0,0,0,0,0,0,0,323.081301900693,248.757662449891,301.168057376457,668.28914513392,279.915854066985,401.431083318241,158.224102653715,420.676877927055,12.4132901735611,9.55766739610986,11.5558445130108,25.6318295542244,10.7153359087469,15.3653794911869,6.0614752329148,16.1148971948565,282.683906811844,216.123328554447,344.524194340464,800.256291458206,348.193620376071,501.839153842917,269.093959916245,726.546884465229,10.8611558525807,8.30380413624557,13.2173988794068,30.6869068281252,13.3277796522935,19.2055405627953,10.300838199561,27.8076371878193,0,0,55.5305516781887,132.460651142178,46.0767592012335,63.7389323853981,64.2280960043569,165.749097838867,0,0,0,0,0,0,0,0,560.283166610219,259.025703263356,2088.05272623,2213.51808956402
"254",2011,2155,21.0833333333333,4276.34342276977,3311.23333562297,1091.10565593528,2099.12893102953,406.795408272871,503.186294230975,326.14452634907,747.504908711738,0,0,0,0,0,0,0,0,0,0,1.84812034656589,3.63156801398973,0.783196803040428,0.969456244258709,0.639312017467806,1.46464683771122,0,0,0,0,0,0,0,0,4740.55795807797,3458.10447513012,904.701809257374,1841.13961840858,442.378341105825,594.826591272681,652.853288319876,1667.5989584447,182.13981770393,132.865904028883,34.874449752682,70.9818558872969,17.0477143355459,22.9229858543653,25.1898915412891,64.3449807142486,20557.4311940528,14822.0245349932,4352.93373959661,8531.51153064366,2336.97967716866,2992.69278037765,2658.20678793348,6563.7538761613,789.842758829436,569.486006960595,169.613304648684,333.407601446202,91.8990374738584,117.905871865345,104.953506132004,259.542922691042,0,0,8.47125429487751,17.0520203949385,4.7501497283154,6.12889806802558,5.7705028895436,14.326215880862,0,0,0,0,0,0,0,0,324.005722999231,249.143657121227,301.089827692664,666.02058141775,282.36273054492,403.821325054572,158.522072093381,423.487879964544,12.4488080259565,9.57249792600201,11.5529713183041,25.5451606496074,10.8092791135481,15.457333534831,6.07319616167777,16.2234449425259,282.651339190952,215.857881985108,343.553627837193,795.5754180735,349.890075565457,502.771606867496,269.127290615602,729.028162973901,10.8599047465114,8.29360525032504,13.1803454483176,30.5079199955186,13.3931217932612,19.2419212639817,10.3025918990735,27.9041054701512,0,0,55.3277386026711,131.584892390484,46.2315122823427,63.8119288913634,64.8971452275509,167.879779816579,0,0,0,0,0,0,0,0,562.906492670646,260.113209112175,2099.43479014314,2224.44017268297
"255",2011,2155,21.1666666666667,4253.65083744082,3292.31153610175,1081.64439184059,2075.89714679527,406.96229327807,503.366110992615,326.717606373169,754.700867855423,0,0,0,0,0,0,0,0,0,0,1.83312058930228,3.59226472276592,0.78368924989656,0.969935669542838,0.640043027521745,1.47717145966451,0,0,0,0,0,0,0,0,4749.25260709852,3461.19578787291,902.717287209744,1832.6179504924,445.500740841148,597.950264686142,661.322554728314,1693.9083927825,182.473880023515,132.984677207993,34.7980842563659,70.6535288899084,17.1680773830067,23.043439279704,25.5171070584215,65.3610788822631,20543.8211524902,14797.0788870612,4331.38129276577,8468.19696340052,2347.21895858922,3001.25727587171,2684.71245551285,6654.92680368736,789.319923979906,568.527553535301,168.775473431555,330.935433481557,92.2980002874469,118.235451894194,105.997468690061,263.129493853491,0,0,8.43754985243827,16.9378643856253,4.77330516352957,6.14928576045798,5.8318051612244,14.5308341906288,0,0,0,0,0,0,0,0,324.904419479749,249.515949765429,300.944774677494,663.670712628256,284.749034777257,406.145738077834,158.954735233331,426.535029847892,12.4833374968356,9.58680200212449,11.5475315286413,25.4553658388812,10.900899852266,15.5467583573888,6.09006899344185,16.3410172111127,282.636003956529,215.603791600137,342.60563802417,790.959150518177,351.60967535698,503.727051689799,269.164142555804,731.4967505084,10.8593157319051,8.28384268726651,13.1441547088346,30.331398469602,13.459344840709,19.2791687999232,10.3044799128185,28.0000858875494,0,0,55.1243407958258,130.712521089639,46.3831005779442,63.87802638583,65.5676597101505,170.012473288309,0,0,0,0,0,0,0,0,565.537209499625,261.202371261206,2110.86922407017,2235.36982689431
"256",2011,2155,21.25,4231.25945612547,3273.67774820304,1072.40948655816,2053.26343382309,407.012499917272,503.341216511982,327.24204729856,761.615230372651,0,0,0,0,0,0,0,0,0,0,1.81809778497997,3.55329493739629,0.783981074336336,0.970063369118699,0.64076986111176,1.48947891905352,0,0,0,0,0,0,0,0,4757.61144737952,3464.03514113754,900.726451755582,1824.09639368493,448.523261449361,600.88897086485,669.618777314957,1719.86201650215,182.795040034312,133.093769701027,34.7214638843825,70.3251903711626,17.284591202102,23.1567614285213,25.8376630110624,66.363491829284,20530.3808211874,14772.3562822863,4310.23042556332,8405.95498827394,2357.07800413584,3009.15055570525,2711.21906433434,6745.79926162606,788.803608699467,567.577669807644,167.953046159052,328.504657295005,92.6822159286855,118.538972655277,107.041521513677,266.704525030341,0,0,8.40330701532444,16.8239016777171,4.79570556990254,6.16828702183182,5.89309507339427,14.7351390578185,0,0,0,0,0,0,0,0,325.777667988048,249.874360300854,300.740041918505,661.248230479614,287.073920854338,408.398305261401,159.506884467266,429.790994224737,12.5168892153272,9.60057270545293,11.5397992711707,25.3627785444236,10.9901650633977,15.6334226165567,6.11151127836669,16.4665676572187,282.635009195347,215.359312443881,341.673183681267,786.396427273826,353.345109104276,504.697665849267,269.214309777665,733.970212232955,10.859277697044,8.274449403079,13.1085565110973,30.1569182090009,13.5261688557104,19.3169837179506,10.3068766809855,28.0962491430352,0,0,54.9202614146486,129.843449275888,46.5314617017435,63.9372216691476,66.2395636892972,172.146928701409,0,0,0,0,0,0,0,0,568.17510963311,262.293129449696,2122.35359315346,2246.30552030161
"257",2011,2155,21.3333333333333,4209.16293464596,3255.32559782429,1063.39418379116,2031.21027091601,406.951569778765,503.122925626675,327.718524321154,768.252925227294,0,0,0,0,0,0,0,0,0,0,1.80311677837274,3.51476376543942,0.784074309439439,0.969847365867889,0.641478663129088,1.50152368162274,0,0,0,0,0,0,0,0,4765.65946279678,3466.64246534133,898.735684213686,1815.59089551756,451.454737895619,603.658527059122,677.753610818793,1745.47895097394,183.104257656782,133.193947266489,34.6448348821964,69.9974545740985,17.3975953811956,23.2635608078846,26.1520058590066,67.3529507739862,20517.0913810863,14747.8415950983,4289.47030470406,8344.75909604241,2366.56529265174,3016.39201612077,2737.71712988811,6836.35326878948,788.293089940245,566.635774628738,167.145611308092,326.11426165199,93.0520078400412,118.817179444195,108.085296774449,270.267314443834,0,0,8.36872617714368,16.710390444326,4.81734862160124,6.18592141117181,5.95432159719153,14.9389832699053,0,0,0,0,0,0,0,0,326.625834707523,250.218806093929,300.482218830577,658.76148914846,289.337295504276,410.574761069619,160.164860135926,433.231066228795,12.5494772507417,9.61380686107362,11.5300274213228,25.2677192784858,11.0770706747386,15.7171623195629,6.13699985764567,16.5991504805385,282.645827339627,215.122932427246,340.750507896925,781.878169260307,355.089676436633,505.676012936472,269.285916187277,736.463214588498,10.8596935289228,8.26536730087762,13.0733299844973,29.9841311961706,13.5933372128411,19.3550812698022,10.3100927128459,28.1931550663586,0,0,54.7154482849911,128.977650854784,46.6765370027863,63.989519312191,66.912777469386,174.282885419398,0,0,0,0,0,0,0,0,570.819988140403,263.385422809918,2133.88556694237,2257.2457350645
"258",2011,2155,21.4166666666667,4187.35559931535,3237.24926403868,1054.59207488099,2009.72092383034,406.784878509787,502.722120696477,328.147760803197,774.618962023939,0,0,0,0,0,0,0,0,0,0,1.7882295800992,3.47675381585952,0.783972727479017,0.969298056599211,0.642158133295621,1.51326936595648,0,0,0,0,0,0,0,0,4773.41793560018,3469.03485267587,896.749802629369,1807.11400108884,454.302447076063,606.272350417197,685.73807979937,1770.77720734045,183.402350589,133.285866613714,34.5683834003357,69.6708050409878,17.5073697278302,23.3643537880472,26.4605580599126,68.3301447087593,20503.9367214495,14723.5217701947,4269.09088751627,8284.58459083809,2375.6895112396,3023.00114825046,2764.19796317405,6926.57241576339,787.787748711791,565.701366392718,166.352787701759,323.763304970704,93.4077078356341,119.070821742319,109.128457288888,273.817221059726,0,0,8.33397148780165,16.5975409423145,4.83823871830094,6.20221601400621,6.01544297283775,15.1422449568678,0,0,0,0,0,0,0,0,327.449352456698,250.549282862176,300.177339392015,656.218407718874,291.539621555856,412.672237763085,160.916412187684,436.8329540224,12.5811182326213,9.62650430444714,11.5184475532912,25.1704918961974,11.1616340482568,15.7978672276497,6.16606556735669,16.7379123361506,282.666249272882,214.89334037266,339.83296397956,777.397018312251,356.837288653497,506.655122033635,269.385610137513,738.987837428468,10.8604783499258,8.25654600311981,13.0382968594639,29.8127554122566,13.6606166733524,19.3931944849481,10.314382039641,28.2912645623982,0,0,54.5098848106812,128.115148505166,46.8182727727783,64.0349326501779,67.5872186476782,176.420075357248,0,0,0,0,0,0,0,0,573.471643389032,264.479190294892,2145.46292721316,2268.18898513135
"259",2011,2155,21.5,4165.8323196695,3219.44337816303,1045.99705273349,1988.77934868996,406.517638725138,502.149270268872,328.530519654084,780.718413805683,0,0,0,0,0,0,0,0,0,0,1.77347797448306,3.43932980065464,0.783681341292147,0.968427470934551,0.642799047342314,1.52468700658805,0,0,0,0,0,0,0,0,4780.90513534135,3471.22708122452,894.772413418342,1798.67558289632,457.07239827016,608.741879049814,693.582601800478,1795.77373494197,183.690020776355,133.370095540298,34.4922489922496,69.3456226159873,17.6141454009333,23.4595807449579,26.7637189352094,69.2957222137048,20490.9029468389,14699.3854499546,4249.08277161138,8225.40826205373,2384.45946627231,3028.99741757633,2790.65359478265,7016.44171860185,787.287051138546,564.774008721359,165.574218710034,321.450902657997,93.7496526451056,119.3006485248,110.170693590384,277.353658927321,0,0,8.2991779211578,16.4855246767483,4.85838495463484,6.21720296663772,6.07642497691174,15.3448228729867,0,0,0,0,0,0,0,0,328.248701165955,250.865847360855,299.830912607542,653.626428671355,293.681752720806,414.688945969888,161.750532334108,440.576511486352,12.6118306006245,9.63866721620154,11.5052711070022,25.0713819971714,11.2438876252095,15.8754685777561,6.19828681138466,16.8820820300227,282.694336899121,214.669394009537,338.916832015242,772.947058102849,358.582437130297,507.628519346768,269.518780838532,741.553934710238,10.8615576954622,8.24794162193971,13.0033144299124,29.6425641375325,13.7277961912136,19.4310754064717,10.3199505023142,28.390953415666,0,0,54.3035818168196,127.256001965003,46.95662079538,64.0734839629303,68.2628031650204,178.55822606914,0,0,0,0,0,0,0,0,576.129877448862,265.574370998555,2157.08356699982,2279.13382676356
"260",2011,2155,21.5833333333333,4144.58844031436,3201.90297038217,1037.60329018909,1968.37014849912,406.154897456955,501.414430375639,328.867598587252,786.556406449212,0,0,0,0,0,0,0,0,0,0,1.75889490612926,3.40254098742871,0.783206139615975,0.967248873781091,0.643394001047306,1.53575412480668,0,0,0,0,0,0,0,0,4788.13668518727,3473.23189294563,892.8061042197,1790.28323883252,459.769494050877,611.076803980586,701.296985600446,1820.48442168835,183.967868485907,133.447123612657,34.4165320168438,69.0222007152823,17.7181110779245,23.5496149518892,27.0618645900911,70.2502914467988,20477.9781164792,14675.4227779013,4229.43711773866,8167.20821656154,2392.88402791128,3034.40018254495,2817.07674149204,7105.94755611957,786.790538445819,563.853322912809,164.809569267959,319.17622062125,94.0781817653756,119.507405103912,111.211722642721,280.876094758666,0,0,8.26445504826358,16.3744793168006,4.87780007273638,6.23091816398618,6.13723998358553,15.5466338562918,0,0,0,0,0,0,0,0,329.024396742172,251.168607825609,299.447938633989,650.992494001775,295.764841957471,416.623998082178,162.657368007644,444.443602014338,12.6416341766874,9.65029975492354,11.4906900052382,24.9706560051769,11.3238754009902,15.949932292968,6.23328626694172,17.0309653080642,282.728398772101,214.450103397747,337.99921503386,768.523655681006,360.320178169252,508.590250018045,269.689679057947,744.16933675388,10.8628665776049,8.23951612225157,12.9682715698891,29.4733798760953,13.7946863421493,19.4684959404511,10.3269603749307,28.4925200338959,0,0,54.0965730408736,126.400301446179,47.0915386690487,64.1052045683465,68.9394459694416,180.697062710445,0,0,0,0,0,0,0,0,578.794496422237,266.670904364448,2168.74549039941,2290.07886485123
"261",2011,2155,21.6666666666667,4123.61969857931,3184.62340469264,1029.40521087361,1948.47851276372,405.701537499375,500.527256032019,329.159824175514,792.138105561595,0,0,0,0,0,0,0,0,0,0,1.74450617131943,3.36642418558403,0.782553774903638,0.965776301699123,0.643937095468664,1.54645358820494,0,0,0,0,0,0,0,0,4795.12601249553,3475.06033556885,890.852670424482,1781.942762036,462.397726613606,613.285354826767,708.890446671923,1844.92412829048,184.236409618208,133.51737530223,34.3413023354646,68.7007633572649,17.8194204808821,23.6347735338834,27.355348489796,71.1944214248283,20465.1519212216,14651.6251549871,4210.1455551914,8109.96367155922,2400.97207001901,3039.22861180152,2843.46075281331,7195.07756589725,786.29781454832,562.938978577659,164.058522224678,316.938467269682,94.393635126422,119.691829906366,112.251285780472,284.384043910488,0,0,8.22989165781483,16.2645147195491,4.89649922199507,6.24339974859948,6.19786581505348,15.7476097093949,0,0,0,0,0,0,0,0,329.776978430402,251.457712631887,299.032936667099,648.323030271246,297.790237637973,418.477201208261,163.628104175032,448.417906959623,12.6705496794388,9.66140762143527,11.4748777220347,24.8685605900442,11.4016489299959,16.0212510224312,6.27072635870571,17.1839375260349,282.766958209158,214.234609663977,337.077911493954,764.123267066182,362.046103493526,509.534888459644,269.901570641477,746.84010912953,10.8643482599748,8.23123650476647,12.9330838413372,29.3050669018024,13.8611182034517,19.5052482663419,10.3355362440908,28.5961953566915,0,0,53.8889098020305,125.548159960046,47.2229900455314,64.1301347519367,69.6170617138156,182.836310086714,0,0,0,0,0,0,0,0,581.465310694988,267.76873039763,2180.44680999464,2301.02275856841
"262",2011,2155,21.75,4102.92215548487,3167.60032439361,1021.39746465264,1929.09016672924,405.162278916,499.49701208734,329.408046677517,797.468704528019,0,0,0,0,0,0,0,0,0,0,1.7303318064009,3.33100619869318,0.78173132326841,0.964024208127817,0.644423673058985,1.55677265648432,0,0,0,0,0,0,0,0,4801.88472601789,3476.72204882558,888.91330103185,1773.65852871537,464.960346382632,615.374547535899,716.371622026183,1869.10671892193,184.496090200064,133.581220982914,34.2666064494244,68.381480048399,17.9181988414487,23.7153269696303,27.6445020130835,72.128643168721,20452.4154129579,14627.9850351874,4191.20010543043,8053.65478556302,2408.73242017782,3043.50161494149,2869.799562008,7283.82054947861,785.808535653855,562.030685785328,163.320775394631,314.736886987256,94.6963511477511,119.854651773484,113.289146824022,287.87706672696,0,0,8.19555959301437,16.1557179697397,4.91449903891038,6.25468699418879,6.2582847679155,15.9476945676321,0,0,0,0,0,0,0,0,330.506998584548,251.73334088839,298.589977516878,645.623950455539,299.759402222766,420.248887220771,164.654854605446,452.484747222552,12.6985983311733,9.67199769737961,11.4579905308203,24.7653227340353,11.4772641949991,16.0894376059336,6.31030509473746,17.3404368215385,282.808725673678,214.022166816217,336.151301131122,759.743261964543,363.756306030656,510.457535058889,270.156876723749,749.570792820498,10.8659531966328,8.22307410727593,12.8976891144091,29.1375245368895,13.9269420510745,19.5411447216482,10.3457703786702,28.7021520478385,0,0,53.6806566041347,124.699706959167,47.3509446708952,64.14832347709,70.2955653506128,184.975694400869,0,0,0,0,0,0,0,0,584.142135104564,268.867789835245,2192.18574238682,2311.96422453267
"263",2011,2155,21.8333333333333,4082.49215025207,3150.82961609792,1013.5749108473,1910.19133646827,404.541681133768,498.332583189012,329.613136416047,802.553415681734,0,0,0,0,0,0,0,0,0,0,1.71638697325283,3.29630538900355,0.780746149524472,0.96200726673168,0.644850143390667,1.56670235338001,0,0,0,0,0,0,0,0,4808.42286476106,3478.22545339069,886.988695902397,1765.43374595681,467.459976717718,617.350355793671,723.748584753625,1893.04508851555,184.747295946167,133.638984190504,34.1924720053144,68.0644752987605,18.0145473007031,23.7915056685438,27.9296349974564,73.0534507260647,20439.7608256415,14604.4957899428,4172.59313446117,7998.26255088964,2416.17382848636,3047.23779980226,2896.08764768672,7372.16639825913,785.32240338672,561.128189855737,162.596039718721,312.570755980816,94.9866655216522,119.996588290025,114.325090603724,291.354765685369,0,0,8.16151624498535,16.0481566924664,4.93181716568491,6.26481972962278,6.31848296131294,16.1468431457894,0,0,0,0,0,0,0,0,331.215016438035,251.995696383799,298.122715379667,642.900671424367,301.673865710598,421.939805834393,165.730578600807,456.630944113229,12.72580161851,9.68207781264365,11.4401687219913,24.6611503987295,11.5507798134651,16.1545209607331,6.35175287717664,17.4999587882135,282.852579346605,213.812129226499,335.218262539296,755.381795975477,365.44734630127,511.353799588842,270.457278362802,752.364587115097,10.8676382856072,8.21500412371859,12.8620444050827,28.9706822510932,13.9920260764003,19.5760171719556,10.3577267369401,28.8105114953666,0,0,53.4718883373047,123.855084278921,47.4753782303005,64.1598279354251,70.9748725169849,187.114944383706,0,0,0,0,0,0,0,0,586.824788984728,269.968024245137,2203.96060261593,2322.90203700818
"264",2011,2155,21.9166666666667,4062.32625468444,3134.30737366189,1005.93260131854,1891.7687137422,403.844145242044,497.042484332544,329.775980045158,807.397461016262,0,0,0,0,0,0,0,0,0,0,1.70268286418461,3.26233327556654,0.779605764715885,0.959740163562715,0.645213806478497,1.57623682941403,0,0,0,0,0,0,0,0,4814.7491502255,3479.57794212338,885.079183153643,1757.27069940849,469.898729081564,619.217882836945,731.028861261084,1916.75119660697,184.990361950513,133.690948970472,34.1189123056698,67.7498381326461,18.1085473267529,23.8635065635031,28.2110363877383,73.9693024446092,20427.1813935421,14581.1515707027,4154.31730478551,7943.76868547497,2423.30493647402,3050.45543041584,2922.31999356532,7460.1060149807,784.839157804799,560.23126607798,161.884037409515,310.439378103647,95.2649100003052,120.118344137417,115.35892141279,294.816782371342,0,0,8.12780708970142,15.9418824136674,4.94847173242633,6.2738377195666,6.37844967858452,16.3450189654131,0,0,0,0,0,0,0,0,331.901591833436,252.245001470747,297.634419202943,640.158130749677,303.535179042596,423.551017748666,166.848996724425,460.844678331336,12.7521810514747,9.69165651037115,11.4215378050511,24.556233166461,11.6222552422259,16.216541971125,6.39482927448511,17.6620510776447,282.897545271528,213.603938863949,334.278091332845,751.03768397842,367.116218383478,512.219783873649,270.803821334887,755.223532273116,10.8693661060374,8.20700511365366,12.8261227349396,28.8044948058317,14.0562550865934,19.6097163521028,10.3714449796582,28.921350802513,0,0,53.2626874418629,123.014442049081,47.5962722132512,64.1647131187506,71.6548999071081,189.253792388956,0,0,0,0,0,0,0,0,589.513096205186,271.069376124173,2215.76979867653,2333.83502816375
"265",2012,2155,22,4042.43875857594,3117.94651223403,998.124835032147,1873.57623957958,403.049449694025,495.422031316042,329.966696423022,812.220687807942,0,0,0,0,0,0,0,0,0,0,1.68922562670432,3.22916523067516,0.778271913086689,0.956827164158297,0.645642443245726,1.58579212207953,0,0,0,0,0,0,0,0,4821.21367272906,3481.03269776013,882.870658122509,1748.97113649824,472.251009212798,620.716239713283,738.299074343163,1940.51988298535,185.238739242965,133.746843008437,34.0338599985301,67.4299579638843,18.1992126722409,23.9212756711246,28.4920438342632,74.8875585453931,20415.9059225546,14558.7433547549,4134.9698019584,7889.27391441584,2429.98825036983,3051.86044766689,2948.87988059553,7549.00070466047,784.406011185721,559.370305071815,161.130892508667,308.308338455518,95.5256742495316,120.168951243448,116.405683718808,298.316746053805,0,0,8.09445427644493,15.8372739418535,4.96418886567126,6.27908484833549,6.43896865959103,16.5450260566836,0,0,0,0,0,0,0,0,332.613280515148,252.505929023944,297.14831520451,637.449417430958,305.379754116224,424.943089221652,168.057728551195,465.322940486773,12.7795253748441,9.70168176188511,11.4029879533366,24.4526064590587,11.6930847964505,16.2701623500466,6.44135861138487,17.8342565010817,282.963216477124,213.412735536133,333.314724818788,746.714089639048,368.738866764798,512.831536747754,271.248847380768,758.382038187538,10.8718894528005,8.19965877271095,12.7893068505289,28.6390827182928,14.1187079281583,19.633668356732,10.38892942641,29.0436429149433,0,0,53.0536304525403,122.181059815809,47.7107987773718,64.1354883948142,72.3427456835703,191.421342968242,0,0,0,0,0,0,0,0,592.17692569193,272.158822196075,2227.48001532893,2344.63321878948
"266",2012,2155,22.0833333333333,4022.82074996528,3101.65471396908,989.858228860054,1855.3963252002,402.1328481504,493.297054352597,330.242532159815,817.203203859663,0,0,0,0,0,0,0,0,0,0,1.67583559576623,3.19671271184711,0.776711358516918,0.952938975440152,0.64624776169308,1.59572093110752,0,0,0,0,0,0,0,0,4828.17912116086,3482.84713942599,880.117164706788,1740.40203713671,474.498558154496,621.629771365372,745.651472565442,1964.65959714339,185.506362910645,133.816556758839,33.9278593522835,67.0997248968057,18.2858393399571,23.9565013461115,28.7762111149724,75.8201014014268,20406.9990621191,14537.9503342591,4113.32781589713,7833.98108286284,2436.07131427213,3050.31825482335,2976.09689613235,7640.01667459711,784.063868727837,558.571402492207,160.289606899707,306.147094809497,95.7629836912962,120.10372712151,117.478323912329,301.900615346496,0,0,8.06055848018944,15.7339621733406,4.97872226923329,6.27826760112269,6.50075627039863,16.7493594983971,0,0,0,0,0,0,0,0,333.389562664855,252.799966887679,296.6602762803,634.799466825391,307.230692665091,425.985423600166,169.394667780873,470.217789713949,12.8093514792321,9.71297916454234,11.3843590443405,24.3512251856037,11.7641532541768,16.310382173709,6.49279274868509,18.0223979158879,283.065818759459,213.249919477103,332.314237086445,742.410538389862,370.296463798811,512.990523728391,271.837495595948,762.039518705977,10.8758317464813,8.1934031161215,12.7510615444498,28.4744271054579,14.1786635795846,19.6402719170456,10.4119087147109,29.1850216613066,0,0,52.8450544908061,121.357527595978,47.8163730161797,64.048151402382,73.0447608598133,193.643013434698,0,0,0,0,0,0,0,0,594.789578157407,273.224753020356,2238.97172150657,2355.17671882092
"267",2012,2155,22.1666666666667,4003.42913458238,3085.58386062342,981.787757435643,1837.66658193765,401.141986404342,491.085157118929,330.469625661618,821.9318841499,0,0,0,0,0,0,0,0,0,0,1.66247280503128,3.16480159264272,0.77501434961943,0.948880381172655,0.646777619298612,1.60520889702973,0,0,0,0,0,0,0,0,4835.00851693836,3484.56106487221,877.429713650924,1731.95762700477,476.694583744738,622.472544491268,752.944172076051,1988.65109891238,185.768759217777,133.882408515339,33.8243839424964,66.7742747908525,18.3704780545809,23.9889953507266,29.0580689867091,76.7469189108778,20398.0908992697,14517.2411798924,4092.06861154348,7779.56893953092,2441.82726418058,3048.36078513366,3003.22153969021,7730.5102910278,783.721675399041,557.775722202648,159.46299841235,304.019889251967,95.9875743011031,120.022358000144,118.547429085109,305.464246608838,0,0,8.02592958607775,15.6311376729661,4.9926261296635,6.27659482096817,6.56229675718703,16.9525758503253,0,0,0,0,0,0,0,0,334.142347784196,253.080521393514,296.126000888562,632.112265724993,309.019099665722,426.946677945376,170.752163852884,475.115644510003,12.8382747894423,9.72375851505058,11.3639530888286,24.2484086543266,11.8328227755483,16.3474881429328,6.54500801295028,18.2106401220535,283.165609750945,213.084835975194,331.305365339978,738.118252784959,371.828862280487,513.116393278055,272.47025790701,765.745432529299,10.8796660232178,8.18706034081207,12.7124912836396,28.3101934248387,14.2376478889588,19.6455929985442,10.4365714365331,29.3282384555869,0,0,52.635888087144,120.537808458381,47.9183339288578,63.9556810953134,73.7471835643582,195.862239935414,0,0,0,0,0,0,0,0,597.40822824551,274.291895753995,2250.49461711774,2365.70853545821
"268",2012,2155,22.25,3984.26430447746,3069.73304957702,973.908710738172,1820.37612067463,400.081532497425,488.793540834914,330.649278527774,826.413018181347,0,0,0,0,0,0,0,0,0,0,1.64918576844255,3.13346267984345,0.773184247309271,0.944661785349326,0.647229783903752,1.61425614664772,0,0,0,0,0,0,0,0,4841.69300680736,3486.16900434353,874.801126272752,1723.62683996696,478.837694964141,623.243008376744,760.179662591538,2012.49390574244,186.025588008175,133.944188121195,33.7231597195091,66.4531844820497,18.4530756019838,24.0186987767834,29.3377132791284,77.6679924101114,20389.1873234022,14496.619188408,4071.18725373938,7726.02563916268,2447.26695646301,3046.00622088117,3030.25218365975,7820.48146283229,783.379657483917,556.983390869519,158.650883780491,301.926275464534,96.1998635695734,119.925546443978,119.612934548674,309.007630992743,0,0,7.99081569980934,15.5289882786225,5.00590132154478,6.27409306499496,6.62358144607207,17.1546574044759,0,0,0,0,0,0,0,0,334.872578063268,253.348022056732,295.552642815726,629.395896899141,310.747696312315,427.830394324857,172.126948493242,480.012378459621,12.8663315059016,9.73403631607404,11.3420447995766,24.1444672764333,11.8991976914818,16.3816163609463,6.5978793664418,18.3988254766079,283.26266641191,212.9178369872,330.286946546987,733.837858022029,373.333992915171,513.207517761853,273.146705995775,769.498636845394,10.8833952400004,8.18064396952439,12.6735514275777,28.1464058087527,14.2955816051668,19.6495694617327,10.4629009050243,29.4732488211121,0,0,52.4260874655844,119.721992951703,48.0166924259972,63.8581784675484,74.4499572091766,198.078842234019,0,0,0,0,0,0,0,0,600.032695356108,275.360194434923,2262.04667937659,2376.22745196169
"269",2012,2155,22.3333333333333,3965.32633022036,3054.10115055337,966.216446105244,1803.51420605658,398.955944877469,486.429036106455,330.782767870889,830.652809542657,0,0,0,0,0,0,0,0,0,0,1.63601334691779,3.10271848475058,0.771225569323591,0.940293953011006,0.647602897949521,1.62286484876441,0,0,0,0,0,0,0,0,4848.22546739845,3487.66674157409,872.225117899959,1715.40029299354,480.92678937997,623.940127361732,767.360395185784,2036.18781764996,186.276575590594,134.001733580728,33.6239467525209,66.1360951834916,18.5335898337377,24.0455724269892,29.6152383617953,78.5833141165697,20380.2930305325,14476.0868254654,4050.67846719385,7673.33880959833,2452.40081333992,3043.27195069416,3057.18731321607,7909.9301643695,783.037995415808,556.194503227222,157.85306640276,299.865786315286,96.4002524252527,119.813964592555,120.674779904574,312.530762155871,0,0,7.95541789402917,15.4276626447865,5.01855345679199,6.27078994046902,6.68460401066422,17.3555905282422,0,0,0,0,0,0,0,0,335.581102548783,253.602852259758,294.946354505574,626.657273818448,312.418915628792,428.639737165259,173.51611929155,484.904306352356,12.8935542503211,9.74382729777856,11.3188704501815,24.0396665766116,11.9633712945744,16.4128884355052,6.65129578502865,18.5868132169703,283.357033342377,212.749213322353,329.258350516409,729.570285496237,374.810063812863,513.262549667015,273.866083595761,773.297534248148,10.8870211104857,8.17416517561305,12.6342178022274,27.9831001616334,14.352396116431,19.6521499296523,10.4908679088617,29.6199909724679,0,0,52.2156453322034,118.910190904641,48.1114578114285,63.7557440746048,75.1530228593515,200.292637913853,0,0,0,0,0,0,0,0,602.662805978496,276.429594829604,2273.62605199922,2386.73235785109
"270",2012,2155,22.4166666666667,3946.61501571379,3038.68684818354,958.706396751861,1787.07027522661,397.769484882384,483.998125307566,330.87134878075,834.65737818038,0,0,0,0,0,0,0,0,0,0,1.62298665909465,3.07258488902229,0.769143603305146,0.935787761059277,0.647896290551679,1.63103877475789,0,0,0,0,0,0,0,0,4854.60019542385,3489.0510810915,869.696177863679,1707.27000789896,482.961004192458,624.563285697185,774.488740839728,2059.73281742041,186.5215028356,134.05492211878,33.526534652275,65.822701842535,18.6119877899976,24.0695931734764,29.8907355483594,79.4928832929724,20371.4117451076,14455.6458871865,4030.53671448376,7621.49569835072,2457.23885730163,3040.17463333863,3084.02553201681,7998.85646218312,782.696832299119,555.409128285473,157.06933935006,297.837939529811,96.5891265558546,119.68825660814,121.732909282664,316.033637327107,0,0,7.91989980268681,15.3272784049249,5.03059139262073,6.26671348792617,6.74535994767455,17.5553648061025,0,0,0,0,0,0,0,0,336.268691327869,253.845357740595,294.312442520886,623.902334752951,314.034945016773,429.377561097775,174.917095988217,489.78813170261,12.9199726106604,9.75314474397121,11.2946338414775,23.9342346414803,12.0254274674163,16.4414140791731,6.7051585837774,18.7744774523303,283.448732256894,212.579206149646,328.219363715897,725.316684335118,376.255533091506,513.280388900988,274.627378273995,777.140181708004,10.8905444690341,8.16763322517536,12.5944822384398,27.8203207604343,14.4080323996016,19.653292528613,10.5204334587445,29.7683899792735,0,0,52.0045819257752,118.102525006196,48.2026392684843,63.6484787292087,75.8563201491921,202.503444126183,0,0,0,0,0,0,0,0,605.298392908485,277.500044229206,2285.2310209399,2397.22223319569
"271",2012,2155,22.5,3928.12993729161,3023.48867222873,951.374076923989,1771.03394913954,396.526226885612,481.506961015747,330.91625603215,838.432761987757,0,0,0,0,0,0,0,0,0,0,1.61013039815025,3.0430722975092,0.766944168580972,0.931154052125458,0.648109849953041,1.63878299757644,0,0,0,0,0,0,0,0,4860.81268791069,3490.31968336033,867.20947751922,1699.22920723254,484.939683436737,625.112221494103,781.566966433824,2083.12900788044,186.760196731771,134.103663846659,33.4307390624229,65.5127453337889,18.6882444419582,24.0907514299055,30.1642921710076,80.3967038351343,20362.5463769741,14435.2976140774,4010.75625274384,7570.48327582276,2461.79073756534,3036.73024705795,3110.76556258535,8087.26052842392,782.356279940237,554.627313706318,156.299487552678,295.842241688156,96.7668574224193,119.54904056756,122.787271369423,319.51625784883,0,0,7.88439414816948,15.2279276981595,5.04202633768639,6.26189183739707,6.80584621898811,17.7539724566518,0,0,0,0,0,0,0,0,336.9360458333,254.075852571516,293.655483119563,621.136183694576,315.597757584433,430.046458611522,176.327585650164,494.660905245059,12.9456135370704,9.76200072181097,11.2695107371519,23.8283675277566,12.0854418818048,16.4672929362808,6.75938008290757,18.9617055749865,283.537768207814,212.408015135995,327.170106391782,721.078360742089,377.669085865603,513.26015742174,275.429373929129,781.024368517842,10.8939655098176,8.16105578973227,12.5543493890071,27.6581179232739,14.462440137467,19.6529639112335,10.5515507957872,29.918360743509,0,0,51.7929390344074,117.299126632943,48.2902466998666,63.5364838557851,76.5597878898612,204.711078732227,0,0,0,0,0,0,0,0,607.939294653357,278.571491301217,2296.85999632801,2407.69613726658
"272",2012,2155,22.5833333333333,3909.87047232715,3008.50501993948,944.215086745425,1755.39504331052,395.230064585284,478.961377750509,330.918705114952,841.984916741436,0,0,0,0,0,0,0,0,0,0,1.59746380344597,3.01418649337774,0.76463344320386,0.926403527054458,0.648243929385395,1.64610366766654,0,0,0,0,0,0,0,0,4866.85947970065,3491.47094261408,864.760801906262,1691.27216285753,486.862354304505,625.586977897915,788.597216302792,2106.37656504788,186.992524142185,134.147897068246,33.3363990528243,65.2060066674756,18.7623417840223,24.1090492827957,30.4359908690577,81.2947824700631,20353.6991380664,14415.0427758222,3991.33117776262,7520.28831523012,2466.06574745479,3032.95412215999,3137.40624667307,8175.14265143056,782.01642333085,553.849089062077,155.543289499018,293.878191315415,96.9338029257142,119.396909710634,123.837819433095,322.978629606246,0,0,7.84900753457312,15.1296812263597,5.05287121663691,6.25635296325074,6.86606098605353,17.9514079039363,0,0,0,0,0,0,0,0,337.583806418301,254.294623567853,292.979408813759,618.363195202077,317.109135473052,430.648795157368,177.74555642835,499.519993883488,12.97050163293,9.77040625120161,11.2436521856527,23.7222332858798,12.1434828916505,16.4906159287754,6.81388260241542,19.1483970716589,283.624134191709,212.23580450128,326.110969486711,716.856731498924,379.049616856243,513.201180331408,276.270691453463,784.947676634046,10.8972839638057,8.15443917887305,12.5138343059626,27.496546222203,14.5155770516354,19.6511385281375,10.5841669472626,30.0698103047061,0,0,51.5807755524921,116.500132712206,48.3742913321657,63.4198617190054,77.2633645433658,206.915361228851,0,0,0,0,0,0,0,0,610.585355012961,279.643885988317,2308.51149911134,2418.15320029909
"273",2012,2155,22.6666666666667,3891.83582947106,2993.73417934206,937.225115426363,1740.14357490183,393.884719866397,476.366908298383,330.879893466289,845.319717130709,0,0,0,0,0,0,0,0,0,0,1.58500167876161,2.98592953197316,0.762217791713185,0.921546643508416,0.648299249534299,1.65300778074507,0,0,0,0,0,0,0,0,4872.73797185317,3492.50385877967,862.346474574125,1683.39403546156,488.728701119044,625.987851221925,795.581496934083,2129.47569179039,187.218385211389,134.187583359136,33.2433742519037,64.9023008510722,18.8342678360068,24.124498506481,30.7059089981177,82.1871269733433,20344.8716651068,14394.8817596743,3972.25546887531,7470.89747197654,2470.07284676633,3028.8609824125,3163.94654356028,8262.50324442526,781.677325362252,553.074469231462,154.800518968472,291.945281957724,97.090308262252,119.232434025726,124.884511269464,326.420763382992,0,0,7.81382545764833,15.032592483531,5.06314002806143,6.25012444688155,6.92600333710478,18.1476673329135,0,0,0,0,0,0,0,0,338.212560590889,254.501934926205,292.28760160465,615.587126268916,318.570695599553,431.186746466482,179.169208024953,504.363045732722,12.9946594712221,9.77837148299891,11.2171880985165,23.6159762534196,12.1996125185086,16.5114666872992,6.86859733065573,19.3344621853724,283.707815704517,212.062709372109,325.04255003882,712.653277644558,380.396210079984,513.102964171889,277.149830349896,788.907542035078,10.9004992737804,8.14778858437691,12.472959959471,27.3356627027126,14.5674081233967,19.647797792388,10.6182243184885,30.2226401830247,0,0,51.3681629454538,115.705682616559,48.4547862752968,63.2987156208527,77.9669886877701,209.116113632431,0,0,0,0,0,0,0,0,613.236422596029,280.717179393092,2320.18414650446,2428.59261450738
"274",2012,2155,22.75,3874.02507214907,2979.17434734128,930.399943469528,1725.2697676493,392.493750218792,473.72879763484,330.801001270584,848.442956963968,0,0,0,0,0,0,0,0,0,0,1.57275515953084,2.95830041772,0.759703650577049,0.916593553358937,0.648276826067839,1.65950300302248,0,0,0,0,0,0,0,0,4878.44629908883,3493.41793871401,859.96329547331,1675.59074705358,490.538545925048,626.315351323429,802.521668629496,2152.4265869149,187.437708272364,134.222703771982,33.1515424772193,64.601472012445,18.9040158990134,24.1371190466307,30.9741183069196,83.0737449792696,20336.0651142657,14374.8146383578,3953.52302496844,7422.29734551007,2473.82067979313,3024.46497859249,3190.38552651905,8349.34284898048,781.339030462323,552.303457008472,154.070946421541,290.043004580755,97.236706612986,119.056161533291,125.927309074699,329.842675010843,0,0,7.77891603188277,14.9367008884612,5.07284743110082,6.24323333899689,6.98567308433921,18.3427483598865,0,0,0,0,0,0,0,0,338.822849508313,254.698031768534,291.582967959714,612.811204533058,319.983910328058,431.662327081034,180.596946652853,509.187960634644,13.0181078440603,9.78590583518066,11.1902301280103,23.5097204407167,12.2538872431116,16.5299226456163,6.92346336495124,19.5198207867993,283.788793942901,211.88884066625,323.965601244944,708.469509986335,381.708120955068,512.965178641066,278.065201752106,792.901302553816,10.9036107173381,8.14110826788071,12.4317553197641,27.1755255578115,14.6179049072325,19.6429293756267,10.653661955683,30.3767482051541,0,0,51.155181931491,114.915915959176,48.5317468347443,63.1731499610197,78.6705993591881,211.3131611277,0,0,0,0,0,0,0,0,615.892350434176,281.791323691106,2331.87664035842,2439.01362707985
"275",2012,2155,22.8333333333333,3856.43713852324,2964.82364505377,923.735444082811,1710.76405506096,391.060555689234,471.052016079456,330.683192062531,851.360349140052,0,0,0,0,0,0,0,0,0,0,1.56073235362218,2.93129567063115,0.757097440851218,0.911554058625354,0.648177909791002,1.66559752567228,0,0,0,0,0,0,0,0,4883.9832174841,3494.2131128023,857.608485732201,1667.85887113582,492.291832026308,626.570168056893,809.419441094289,2175.2294221323,187.65044553158,134.253255632072,33.0607976285268,64.3033891989771,18.9715839243442,24.1469377363469,31.2406847652048,83.9546430935811,20327.2802412441,14354.8412272037,3935.12769539534,7374.47453117471,2477.31759168492,3019.77971888794,3216.72237828785,8435.66213589331,781.001567672397,551.536045297647,153.354340194239,288.170849582192,97.3733197675857,118.868619448118,126.966179278884,333.244385416921,0,0,7.74433307945363,14.8420343727761,5.08200843446282,6.235706065273,7.04507059720328,18.5366497610136,0,0,0,0,0,0,0,0,339.41517359464,254.883143122819,290.868004057995,610.038204066533,321.350125657451,432.077414471451,182.027362394035,513.992863572209,13.0408659785258,9.79301810736802,11.1628741713395,23.4035724399819,12.3063587018789,16.5460559659688,6.9784268440755,19.704401356527,283.867048293399,211.714289208854,322.880990650891,704.306941106088,382.984759666128,512.787639952548,279.015156509741,796.926238115341,10.9066175025263,8.13440171903089,12.3902537511311,27.0161930516681,14.6670448925821,19.6365265676046,10.6904166198874,30.5320300397426,0,0,50.9419197775656,114.130970847459,48.6051907076226,63.0432702343908,79.3741363278562,213.506332588717,0,0,0,0,0,0,0,0,618.552995642182,282.86627205738,2343.58775705787,2449.41553417465
"276",2012,2155,22.9166666666667,3839.07085855324,2950.68013087046,917.227583954902,1696.61708222922,389.588385425438,468.341271756786,330.52761317569,854.077525456916,0,0,0,0,0,0,0,0,0,0,1.54893888132143,2.90490980430027,0.754405500468906,0.906437580476875,0.648003936762233,1.6712999426028,0,0,0,0,0,0,0,0,4889.34800877198,3494.88966414674,855.279638444272,1660.19553772651,493.988609770972,626.753142603589,816.276372032633,2197.88432515631,187.85656939207,134.279249816645,32.9710478099936,64.0079427446723,19.0369739686069,24.1539871988885,31.5056685073059,84.8298262419904,20318.5174694023,14334.9611324757,3917.06330654976,7327.41566374505,2480.57164343203,3014.81829665394,3242.95638591525,8521.46190419274,780.664953264842,550.772218970823,152.650467525536,286.328308483252,97.5004586955405,118.670315239711,128.001092354176,336.62592059672,0,0,7.71011871721501,14.7486115421993,5.09063815636047,6.22756836026522,7.10419666449665,18.729371246788,0,0,0,0,0,0,0,0,339.989997430253,255.057484445348,290.144852676402,607.270510737818,322.670577337707,432.433769591901,183.459208766468,518.776080729968,13.0629517245294,9.79971657773608,11.1352025541261,23.2976239343101,12.3570743041776,16.5599343279558,7.03344016532558,19.8881400686369,283.942558262504,211.539129217702,321.789665161577,700.167062687325,384.225675765265,512.570295649293,279.998009031891,800.97960455906,10.9095188420002,8.12767178939208,12.3484916677834,26.8577226477387,14.7148109130282,19.6285876918013,10.7284236985038,30.6883804874808,0,0,50.728468074751,113.350982488891,48.6751380988418,62.9091829871822,80.0775403213913,215.695460997223,0,0,0,0,0,0,0,0,621.218219117319,283.941978603708,2355.31633872296,2459.7976757444
"277",2013,2155,23,3822.18097963258,2936.82032390738,910.339566808389,1682.3163256543,388.028260611916,465.157132355886,330.454860549649,857.211324005955,0,0,0,0,0,0,0,0,0,0,1.5373014866315,2.87886586715088,0.751536132662754,0.90039509710945,0.647978085515272,1.67777130902589,0,0,0,0,0,0,0,0,4895.06548728062,3495.84926260293,852.457421873848,1652.06564778951,495.564833014206,626.269111911307,823.236812838044,2221.17482981867,188.076244059588,134.316119123892,32.8623357879345,63.6945541324273,19.097717933132,24.1353309457561,31.7746333112313,85.7294928728557,20311.8114378633,14316.6065487243,3897.05863730887,7278.83327001134,2483.26041350025,3006.71940492557,3269.76292537832,8610.3767465143,780.407360808551,550.067005242924,151.872009393982,284.427090020036,97.6054500565237,118.348616057023,129.058531582602,340.130152478528,0,0,7.67591246805062,14.6550517061282,5.09808705043915,6.21291478172079,7.16443511418725,18.9284133843387,0,0,0,0,0,0,0,0,340.606584846759,255.253179164108,289.405477622762,604.456388664213,323.954948166452,432.345168190679,184.97658768518,524.020001280487,13.0866420918672,9.80723547977967,11.1069051796187,23.1898883566486,12.4064049425043,16.5567674692038,7.09172596599738,20.0895147794173,284.045479002475,211.387725665389,320.655757387247,695.967466892799,385.380511278618,511.823176336164,281.101124710934,805.624916358187,10.9134733441083,8.12185462019197,12.3050913834749,26.6969519439917,14.7592744431359,19.6003496919282,10.7710303503977,30.8673834956142,0,0,50.5136588469047,112.566563525945,48.7352453837877,62.711056778826,80.7928517147594,217.952765787803,0,0,0,0,0,0,0,0,623.859865461908,285.01049979389,2366.93750946421,2470.0817819848
"278",2013,2155,23.0833333333333,3805.71543615823,2923.21660817811,903.141728033543,1667.91910196101,386.381410777242,461.565372699411,330.447166546799,860.672187467046,0,0,0,0,0,0,0,0,0,0,1.52563652312982,2.85304854023485,0.74850512536282,0.893559049476518,0.648075364928466,1.68486227224053,0,0,0,0,0,0,0,0,4901.12425920172,3497.07690652488,849.226143184572,1643.56471241,497.02832208716,625.198025718805,830.300647674676,2245.07021492441,188.309031765798,134.363287166584,32.7378940376097,63.3668896489105,19.1541171768034,24.0940499126535,32.0475743091497,86.6524571502168,20306.9308958524,14299.6093881157,3875.37759704423,7228.98361251405,2485.39127518032,2995.83524496034,3297.05693999051,8701.94225981777,780.219905362272,549.413945908868,151.029077205274,282.477056198588,97.6886046598436,117.917382419425,130.135172209903,343.738848675245,0,0,7.64076894703954,14.5607338304433,5.10442842947521,6.19250295578128,7.22566005724143,19.132954006823,0,0,0,0,0,0,0,0,341.257807481181,255.467062287691,288.628435849501,601.584644061844,325.195863489664,431.85226722318,186.563993061649,529.629870238418,13.1116631976474,9.81545320946425,11.0771585297115,23.0799356975524,12.454068262931,16.5381124407673,7.15269034213957,20.3048968051611,284.17187936991,211.255878161838,319.482783143623,691.713405725696,386.455182562493,510.598639797113,282.312858787452,810.789026936966,10.9183299682415,8.11678882572178,12.2601879419855,26.5340826542272,14.8006620642647,19.5538173843166,10.8177905358138,31.0662379733464,0,0,50.2975275232139,111.778650835844,48.7861246697444,62.456169036569,81.518825995468,220.26974199509,0,0,0,0,0,0,0,0,626.480975218072,286.072707150944,2378.46123689091,2480.26752767207
"279",2013,2155,23.1666666666667,3789.43542941514,2909.7926094454,896.121502599999,1653.88060511412,384.696517570915,457.978798610857,330.395070869372,863.900028779751,0,0,0,0,0,0,0,0,0,0,1.51399784443791,2.827683836671,0.745403254835548,0.886726754600368,0.648092496022056,1.69151690910566,0,0,0,0,0,0,0,0,4907.04748325344,3498.20749847453,846.060078953448,1635.18045112826,498.436069527666,624.085297238617,837.3401282049,2268.86289655574,188.536611506103,134.406726317298,32.6159479762679,63.0437057982591,19.2083682461091,24.0511638516383,32.3195681089971,87.5714486799015,20302.0249480985,14282.6642603065,3854.08997006557,7179.93991588477,2487.26327555217,2984.80803664375,3324.2191991506,8792.82827488699,780.031473058377,548.762885774624,150.201243435757,280.558232701565,97.7616734904926,117.480610351155,131.206732867834,347.321100122458,0,0,7.60497006749571,14.4668621246896,5.11025957654291,6.17178104026301,7.28661137707014,19.3361402904038,0,0,0,0,0,0,0,0,341.890253466885,255.670307334147,287.820633557521,598.703584094018,326.384702134388,431.310456028234,188.14183978499,535.155137298703,13.1359628738053,9.82326220723581,11.0462291468215,22.9696209098062,12.4997341493824,16.5175791212148,7.21328406043255,20.5170286588481,284.294609880297,211.121546089335,318.303790620405,687.481680579435,387.495437560349,509.344656581055,283.550393595559,815.948626321433,10.9230455886225,8.1116275701848,12.2150507782103,26.3720623246613,14.8407258925908,19.5061459896397,10.8655313421665,31.2649000244872,0,0,50.0811159421153,110.995909187959,48.8335821879914,62.199508592619,82.244432052681,222.580122281447,0,0,0,0,0,0,0,0,629.107018963905,287.135781953361,2389.99816561849,2490.42246482498
"280",2013,2155,23.25,3773.34251122001,2896.54854885922,889.274623272948,1640.19236685413,382.977119203503,454.400801275,330.300084868506,866.902114132483,0,0,0,0,0,0,0,0,0,0,1.50242911067671,2.80279269990911,0.742232804058685,0.879902912691421,0.648029596762817,1.69774252587066,0,0,0,0,0,0,0,0,4912.82344572108,3499.2334451088,842.952106945359,1626.90210365474,499.786602283645,622.928372677806,844.353269424627,2292.54242305904,188.758533220851,134.446144827648,32.4962255135432,62.7245905809105,19.2604145497334,24.0065747575787,32.5905387495831,88.4860661156456,20297.1019383662,14265.7763602239,3833.19055024929,7131.69155717506,2488.88615069889,2973.64931044017,3351.25111704313,8883.0440423009,779.842384481761,548.11402443746,149.388314352498,278.670218223569,97.8250321255174,117.038746724414,132.27326664025,350.877261860731,0,0,7.56875314431774,14.3736090095115,5.11557887537374,6.15075964898586,7.34728402478995,19.5379679184912,0,0,0,0,0,0,0,0,342.504553039539,255.863173677412,286.987541838198,595.818170083588,327.523041509668,430.722191145124,189.710080999918,540.600184365673,13.1595653349919,9.8306724386556,11.0143271581454,22.8591345747486,12.5434630458573,16.4952618163003,7.2735054881048,20.7260785474757,284.414261782866,210.985375527468,317.118773651556,683.274209072534,388.501275848701,508.06267092388,284.812188503956,821.099871730971,10.9276429220152,8.1063956769914,12.1696796715345,26.2109646807082,14.8794660147056,19.4573912060005,10.9141937787025,31.4632225339813,0,0,49.8643856027279,110.218379809447,48.8776559320959,61.9411786153718,82.9696381097666,224.883848848746,0,0,0,0,0,0,0,0,631.737854796892,288.199680501006,2401.54675711421,2500.54598571478
"281",2013,2155,23.3333333333333,3757.43780586387,2883.4843346019,882.59686495897,1626.84598965731,381.22656225351,450.834520021899,330.163675004692,869.685530265765,0,0,0,0,0,0,0,0,0,0,1.49096522824471,2.77839009305613,0.738997039726632,0.873092451927825,0.647887330416,1.70354748106247,0,0,0,0,0,0,0,0,4918.44274132364,3500.1488201988,839.896148493105,1618.72081334758,501.078946485549,621.725573786204,851.338356814139,2316.09937470351,188.974435544106,134.481315002446,32.3784944427968,62.4092049025212,19.310218677084,23.9602182385727,32.8604206277859,89.3959476435103,20292.1685855094,14248.9497433309,3812.67375822121,7084.22730688334,2490.26916915775,2962.36987306491,3378.1539469702,8972.59815202322,779.652897786017,547.467517714606,148.590081571925,276.81258756638,97.8790382094209,116.592210494026,133.334820373527,354.407663459093,0,0,7.53231002502272,14.2811106243679,5.12038949689961,6.12945114619527,7.40767430185999,19.7384340829814,0,0,0,0,0,0,0,0,343.101253041838,256.045877440352,286.13381408681,592.932524292417,328.612277300221,430.089581714254,191.268670391319,545.968920251698,13.1824915917677,9.83769220750972,10.9816312955336,22.7486350531496,12.5853084268264,16.4712414817475,7.3333530033281,20.9321965188768,284.531315785829,210.84790174304,315.928009236223,679.092810295219,389.472700471626,506.754011171362,286.096701164098,826.239310287002,10.9321404380239,8.10111371194758,12.1240852824573,26.0508596823416,14.9168826496286,19.4076042888817,10.963718806765,31.6610733695437,0,0,49.6473321838026,109.446121002399,48.9183803169752,61.6812771755897,83.6944092918046,227.180859050548,0,0,0,0,0,0,0,0,634.373345432978,289.264360104467,2413.10558775887,2510.63754964731
"282",2013,2155,23.4166666666667,3741.72208828039,2870.5996220565,876.084055740985,1613.8331703428,379.448019181152,447.282867450632,329.98726812038,872.257198019721,0,0,0,0,0,0,0,0,0,0,1.47963424711236,2.75448630385539,0.735699852693016,0.866300354444267,0.647666761422993,1.70894088782053,0,0,0,0,0,0,0,0,4923.89781957201,3500.94902886527,836.886984491672,1610.62923962868,502.312513333383,620.475895885722,858.293884874418,2339.52521074309,189.184028374003,134.512060299081,32.2625554085988,62.0972677323331,19.3577580171759,23.9120557681089,33.1291561425714,90.3007651263865,20287.2303105773,14232.187561563,3792.53374009968,7037.53550901124,2491.42119202214,2950.97990862076,3404.92881571868,9061.49863792312,779.463221261293,546.823486708313,147.806325876913,274.984898618942,97.9240337699674,116.141396600611,134.39143601811,357.912613074482,0,0,7.49579729745769,14.1894751689892,5.12469786378282,6.10786899692495,7.46777950472594,19.9375370965988,0,0,0,0,0,0,0,0,343.6808342931,256.218602294205,285.263438353388,590.050107778229,329.653671170848,429.414485896486,192.817562546108,551.264842908808,13.2047601179708,9.84432857074079,10.9482947440388,22.6382553134183,12.6253186276062,16.4455894268554,7.39282500991067,21.1355168488597,284.646164163979,210.709569847149,314.731977629001,674.939191136892,390.409725639715,505.419903398772,287.402404795974,831.363841428318,10.936553208502,8.09579877693281,12.0782860828229,25.891812994481,14.9529764427988,19.3568325685396,11.014047999057,31.8583339328605,0,0,49.4299763685935,108.679202159945,48.9557879227322,61.4198985479548,84.418708597173,229.471087201583,0,0,0,0,0,0,0,0,637.013357434018,290.329778877509,2424.67332854542,2520.69666975205
"283",2013,2155,23.5,3726.19582408154,2857.89384509202,869.732084956132,1601.14571692602,377.644495404051,443.748540494513,329.772253504655,874.623875837314,0,0,0,0,0,0,0,0,0,0,1.46845831832031,2.73108761288296,0.732345588132338,0.859531575070399,0.647369282940583,1.71393245932907,0,0,0,0,0,0,0,0,4929.18275201292,3501.63063415172,833.92015829234,1602.62135367017,503.487042322447,619.178903315712,865.218527606231,2362.81220087523,189.387083929883,134.538248664189,32.1482381952538,61.7885482786406,19.4030225784729,23.8620706734037,33.3966945633635,91.2002214819247,20282.2914051991,14215.4921854943,3772.76442297378,6991.60418102101,2492.35069919163,2939.48902515882,3431.57673995726,9149.75302755903,779.273519803878,546.182022499681,147.036819356415,273.18669622568,97.960346230557,115.686677767264,135.443151269949,361.392399386913,0,0,7.45934136604633,14.0987870341913,5.128512945706,6.08602746326628,7.52759774968221,20.1352762183203,0,0,0,0,0,0,0,0,344.243720555831,256.381505081865,284.379816794991,587.173811038551,330.648373208472,428.698557041064,194.356713004224,556.491072744517,13.2263871952261,9.85058755450357,10.9144481917754,22.5281064117444,12.663537705726,16.4183690885969,7.45191993959938,21.3361593190841,284.759122112304,210.570745501966,313.531319608214,670.814940613631,391.312381702368,504.061481331901,288.727797949321,836.470694279289,10.9408933437751,8.09046492127179,12.0323067141453,25.733885766435,14.9877486560971,19.3051198277292,11.0651239118477,32.0548982870446,0,0,49.2123592070642,107.917700740798,48.9899103077565,61.1571338016509,85.1424974023154,231.754465519732,0,0,0,0,0,0,0,0,639.657760841163,291.395895642851,2436.24873519228,2530.72290687061
"284",2013,2155,23.5833333333333,3710.85921172023,2845.36624874207,863.536910012312,1588.77556308423,375.818838244248,440.23403385014,329.519985336283,876.792165199079,0,0,0,0,0,0,0,0,0,0,1.457454697516,2.70819699297071,0.72893887457032,0.852790962677966,0.646996542451375,1.71853235095915,0,0,0,0,0,0,0,0,4934.29298649876,3502.1911749693,830.991872784264,1594.6922266245,504.602541674284,617.834621443934,872.111107096437,2385.9533451863,189.58342731096,134.559785538799,32.0353977933571,61.4828578788862,19.4460127012407,23.8102639916608,33.6629908259705,92.0940476190537,20277.3552091726,14198.8653323672,3753.35957112448,6946.42111373168,2493.06581966076,2927.90630673441,3458.09864405268,9237.36839921573,779.083921739389,545.543191067745,146.281327576689,271.417516057291,97.9882895769909,115.228406507718,136.490000266925,364.847293814565,0,0,7.42304375779144,14.0091111102531,5.13184553906131,6.06394129607731,7.58712779337375,20.3316514731658,0,0,0,0,0,0,0,0,344.790287940103,256.534721583632,283.485850038357,584.306048695903,331.597445121938,427.943290674534,195.886078330486,561.650390162671,13.2473872742769,9.8564743756942,10.880203068393,22.4182811274963,12.7000063312706,16.3896378372551,7.51063625528732,21.5342306572216,284.870439802598,210.431726358253,312.326793062594,666.721525511365,392.180719770645,502.679796944876,290.071413662292,841.557401880831,10.9451704558748,8.08512358118198,11.9861763197077,25.5771344619132,15.0212013445878,19.252506705711,11.1168904340139,32.2506721637914,0,0,48.9945373524253,107.161699213492,49.0207788113303,60.8930714042893,85.8657359856416,234.030925113762,0,0,0,0,0,0,0,0,642.306428780032,292.462669834442,2447.83063752734,2540.71586307136
"285",2013,2155,23.6666666666667,3695.71222047128,2833.01591854629,857.494561749003,1576.71477969189,373.973745787905,436.741653158966,329.231784928868,878.768516032237,0,0,0,0,0,0,0,0,0,0,1.44663663677818,2.68581473212442,0.725484479994761,0.84608319696532,0.646550377035413,1.72275102246804,0,0,0,0,0,0,0,0,4939.22512637376,3502.62900299606,828.098896656353,1586.83784083288,505.659235696434,616.443441544367,878.970565826664,2408.94229888843,189.772928012284,134.576607591749,31.9239108172356,61.1800427695767,19.4867370357639,23.7566508196151,33.9280044713051,92.9819995578156,20272.4242698693,14182.3081805707,3734.31283580028,6901.97395837308,2493.57435979313,2916.24036140577,3484.49537601022,9324.35143538463,778.894524947338,544.907037687939,145.539611505168,269.676887986984,98.0081654456802,114.766916977474,137.532014211821,368.277552589129,0,0,7.38698581025998,13.9204965818961,5.13470765470733,6.04162547287736,7.64636887782664,20.5266634991398,0,0,0,0,0,0,0,0,345.320873302536,256.678371561661,282.584013543691,581.44884341588,332.50188026541,427.150064452976,197.405616172461,566.745271627457,13.2677732976869,9.86199363576613,10.8456544765722,22.308857185354,12.7347625552719,16.3594485117984,7.56897245369566,21.7298259206343,284.980313249739,210.29275245648,311.119235231003,662.66028840972,393.014815381792,501.275830638467,291.431826870926,846.621775535587,10.9493920760384,8.07978397940137,11.9399270937666,25.4216107807896,15.0533374966854,19.1990310867611,11.1692930691916,32.4455719753755,0,0,48.7765789087283,106.411282441264,49.0484252106298,60.6277977320669,86.5883839870705,236.300396851975,0,0,0,0,0,0,0,0,644.959237107626,293.530061414573,2459.41792993071,2550.67517595161
"286",2013,2155,23.75,3680.7546207494,2820.84180395982,851.601148290792,1564.95558323046,372.111774556843,433.273526517036,328.908942430748,880.55923088334,0,0,0,0,0,0,0,0,0,0,1.4360140696025,2.66393891609873,0.721987216966682,0.839412751824138,0.646032765628221,1.7265991347444,0,0,0,0,0,0,0,0,4943.97675581624,3502.94315390025,825.238487467531,1579.05493988504,506.65752508265,615.006047677087,885.795946294587,2431.77331233452,189.955493214123,134.588677771868,31.8136725647238,60.8799783436247,19.5252110171058,23.7012575066182,34.1916988645081,93.8638561344545,20267.5004680955,14165.8214597418,3715.61779491662,6858.25029414312,2493.88382592692,2904.49935969975,3510.76771943893,9410.70846604207,778.705401696898,544.273590393923,144.811429045845,267.964338713194,98.0202639926744,114.302526456637,138.569221840047,371.68341843341,0,0,7.35123221193066,13.8329797729373,5.13711211339521,6.01909502515641,7.70532061837112,20.7203134439987,0,0,0,0,0,0,0,0,345.835780831258,256.812562592855,281.676419200459,578.60389086853,333.36261762919,426.320165914554,198.915285223809,571.777921415908,13.2875569528451,9.86714946799592,10.8108835566124,22.1998997497911,12.7678423466613,16.3278504868698,7.62692706438963,21.9230297147935,285.088892908798,210.154014616383,309.909534102519,658.632449269309,393.814771082286,499.850501108221,292.807659329197,851.661880048915,10.9535639850229,8.07445344752859,11.8935931825887,25.2673617181429,15.0841611330478,19.1447284774974,11.2222791227626,32.639523861641,0,0,48.558560361414,105.666535827647,49.0728821213863,60.3613974072502,87.3104007521002,238.562812008224,0,0,0,0,0,0,0,0,647.616064141619,294.598030817287,2471.00956388337,2560.60051446052
"287",2013,2155,23.8333333333333,3665.98601032408,2808.84273855493,845.852857939894,1553.49034222951,370.235346643873,429.831615163529,328.552718279058,882.170468667394,0,0,0,0,0,0,0,0,0,0,1.42559419385686,2.64256584024281,0.718451867728101,0.832783869034645,0.645445789353487,1.73008746347158,0,0,0,0,0,0,0,0,4948.54628927402,3503.13323663421,822.408324261012,1571.34090022728,507.597953393587,613.523355039887,892.586374000218,2454.44117730999,190.131061997029,134.595981054481,31.7045944416877,60.582564232827,19.5614555771412,23.6441192877508,34.4540405431168,94.7394169466858,20262.5851264817,14149.4055280663,3697.26798697244,6815.2376848896,2494.00144441324,2892.69106841979,3536.91640374065,9496.44550736723,778.516602811366,543.642862947601,144.096536351955,266.279393962161,98.0248646633003,113.835536652728,139.601649817904,375.065122061148,0,0,7.31583399468243,13.7465865425643,5.13907222182019,5.99636489989286,7.7639829117208,20.9126028826175,0,0,0,0,0,0,0,0,346.335287681796,256.937393271545,280.764868795072,575.772614863592,334.180553274105,425.454814700677,200.415045188396,576.750300677362,13.3067488885055,9.87194566053528,10.7759595390563,22.0914635423427,12.7992800310665,16.2948905272386,7.68449864880446,22.113917308481,285.196291104968,210.015661760129,308.698604744603,654.639108273619,394.580718231068,498.404674249307,294.197583253805,856.676010535105,10.9576904985744,8.06913770739067,11.8472097747802,25.1144296717781,15.1136773756731,19.0896323476689,11.2757978401323,32.8324627974725,0,0,48.3405640219778,104.927543809919,49.0941832951249,60.093953561332,88.031745620843,240.818102806604,0,0,0,0,0,0,0,0,650.276790431404,295.666538904545,2482.60454156746,2570.49157541347
"288",2013,2155,23.9166666666667,3651.40583671264,2797.01745724021,840.245961204478,1542.31158193326,368.346756329437,426.417723381516,328.1643444193,883.608247989685,0,0,0,0,0,0,0,0,0,0,1.41538195799315,2.62169035422821,0.714883128295467,0.826200541741071,0.644791599481624,1.73322682881104,0,0,0,0,0,0,0,0,4952.93284366824,3503.19933974877,819.606449112617,1563.69362278,508.481179435223,611.996459081735,899.341043694838,2476.94117975777,190.299600431698,134.598520841853,31.5966017279638,60.2877201565409,19.595496083007,23.5852783297351,34.7149986903507,95.608500545178,20257.6791013226,14133.0604375015,3679.25693956249,6772.92372570812,2493.93417918514,2880.82288005407,3562.94211254846,9581.56829580815,778.328161196772,543.014857345102,143.394688930549,264.621580300936,98.022236866227,113.366234833462,140.629323072365,378.42288349549,0,0,7.28083100695369,13.6613342567095,5.14060152567613,5.97344985396976,7.82235586303358,21.1035337536713,0,0,0,0,0,0,0,0,346.819648715372,257.052955819572,279.850899788605,572.95621325619,334.956549332466,424.555179598417,201.90485673987,581.664153852277,13.3253588968399,9.8763857566947,10.7409415021587,21.9835946045584,12.8291086361858,16.2606134432726,7.74168579907729,22.3025556477686,285.302588347893,209.877807217516,307.48737028473,650.68124988823,395.31281806925,496.93917116558,295.600323765189,861.662670683112,10.9617747100353,8.0638411132989,11.8008123703631,24.9628525967697,15.1418924889594,19.0337744369501,11.3298004990265,33.0243317566582,0,0,48.1226759600645,104.194388683685,49.1123638181397,59.8255480284217,88.7523781634975,243.066202864956,0,0,0,0,0,0,0,0,652.941298568547,296.73554693431,2494.20191046281,2580.34808065702
"289",2014,2155,24,3637.6719117996,2785.75266754522,834.087776966571,1530.54875947626,366.34065714666,422.172643954881,327.942022296891,886.241059414451,0,0,0,0,0,0,0,0,0,0,1.40517102992138,2.60037087599885,0.71108118202891,0.817998892651828,0.644434803768981,1.73855733973156,0,0,0,0,0,0,0,0,4957.79750004538,3503.6956348786,816.109920281325,1555.03479708511,509.160843339376,609.183114741937,906.302151206718,2501.04826999789,190.486508309116,134.617589294401,31.4619045912188,59.9539420827717,19.6216922890664,23.4768606872488,34.9839082789331,96.5395186715256,20255.5765515286,14118.9583793953,3658.47134487001,6726.83294894698,2492.96130305328,2863.0467063032,3589.97490452652,9674.12463167402,778.247432366463,542.473032663029,142.586048068118,262.81742390302,97.9840571753083,112.664484500719,141.696529965049,382.072767148873,0,0,7.24514806917001,13.5722561682364,5.14023456658875,5.93823177109991,7.88275210754852,21.3097207050479,0,0,0,0,0,0,0,0,347.340913179854,257.192679455456,278.85728219929,569.890018364579,335.6010542395,422.735243807007,203.512708634322,587.536984034379,13.3453867922733,9.88175416052483,10.7028631601381,21.8661356444747,12.8538982346253,16.1910843261936,7.80339316243017,22.5279282972648,285.444483751567,209.772978211789,306.2066959175,646.50013416211,395.896579802281,494.440595445145,297.164354960446,867.839308419186,10.9672266572025,8.05981341320595,11.751746145379,24.8027023064084,15.1644210980202,18.9383395225802,11.3899768132844,33.2617756275449,0,0,47.8999027296304,103.431251441465,49.1133165710646,59.4346643071442,89.4920175002623,245.462229522772,0,0,0,0,0,0,0,0,655.606090042134,297.811978625787,2505.78431984694,2590.22871251457
"290",2014,2155,24.0833333333333,3624.36601629512,2774.79564300158,827.802194922245,1518.72941443141,364.276828918952,417.637927455198,327.762774115883,889.214335172663,0,0,0,0,0,0,0,0,0,0,1.39490213469963,2.57905840875091,0.707171587663296,0.809228826376176,0.64415841693495,1.74452631901522,0,0,0,0,0,0,0,0,4962.78116008228,3504.31360257233,812.371951540173,1546.03992628064,509.720697270853,605.842917606401,913.336891132099,2525.76305260038,190.67798849745,134.641332601429,31.317916627332,59.6072212758396,19.6432720799707,23.3481401678492,35.255650869311,97.4939518822612,20254.6205318985,14105.8065538458,3636.77933685794,6679.65502780295,2491.48448836602,2842.93357816796,3617.33183707451,9769.20368170452,778.210754179855,541.967717454448,141.742488481277,260.971146786892,97.926131380673,111.870807830443,142.776518126745,385.821946257076,0,0,7.20842590192909,13.4814997886214,5.13884319131224,5.8981336860269,7.94382242651906,21.5212197810629,0,0,0,0,0,0,0,0,347.868633019821,257.337567196247,277.811585337505,566.719087817155,336.165957161606,420.530954115849,205.155084260863,593.689329351449,13.3656627123831,9.88732097755135,10.6627831387815,21.7446527612225,12.8756361463191,16.106830051753,7.86642054296734,22.7640041899102,285.599811925413,209.680902565045,304.895134040211,642.244018376895,396.397269837622,491.515127808039,298.799549581233,874.464907975181,10.973194710931,8.05627571760419,11.7014915724239,24.6396676341292,15.1837631379858,18.8265453904782,11.4528732594688,33.516404643258,0,0,47.6751574367707,102.659462406887,49.1053642977782,58.9953450563822,90.2390873946943,247.912792365782,0,0,0,0,0,0,0,0,658.273481052662,298.891929049518,2517.35644468316,2600.08363146162
"291",2014,2155,24.1666666666667,3611.2080372472,2763.98012671945,821.679566526794,1507.21498858176,362.202226676775,413.182370387453,327.54373177288,891.952184045473,0,0,0,0,0,0,0,0,0,0,1.38467272215038,2.55814845938666,0.703241383646628,0.800603930978108,0.643808956525307,1.75006229473283,0,0,0,0,0,0,0,0,4967.59876411739,3504.81532394681,808.69544146813,1537.16065650057,510.221126094062,602.501904234505,920.340984133039,2550.32889130858,190.863088548643,134.660609538974,31.1762815071139,59.2649420618324,19.6625625974128,23.2193894956287,35.5262078216204,98.4426389263712,20253.6401771389,14092.6927025544,3615.49275543707,6633.2735196231,2489.8127457692,2822.97507316416,3644.5360806626,9863.40115403348,778.173140355988,541.463861291662,140.914507011529,259.155761824748,97.860600656467,111.083249811523,143.850599880811,389.536720202054,0,0,7.1711865689735,13.3912098142184,5.13704311182033,5.85830964384628,8.00458672780539,21.7309946840095,0,0,0,0,0,0,0,0,348.381251376399,257.473749353898,276.747753199136,563.556737895644,336.689437537053,418.319432491951,206.777441162254,599.688652483295,13.3853584085625,9.89255331217258,10.6220051297735,21.6234947488077,12.8957846365332,16.0222946426706,7.92867797096944,22.9942119415653,285.753765112402,209.588365267815,303.581969649444,638.023238996153,396.863926601709,488.593850548563,300.441651155924,881.017943152875,10.9791099339061,8.05272028468796,11.6511732272898,24.4779824478984,15.2017970283692,18.7149036930744,11.5160276507543,33.7682377997204,0,0,47.4505014181387,101.894156846506,49.0945062983637,58.559274778218,90.9852675591895,250.35223228378,0,0,0,0,0,0,0,0,660.944863422681,299.972469377955,2528.92331867171,2609.88528189395
"292",2014,2155,24.25,3598.20011488804,2753.30702218169,815.715842693971,1495.99809807015,360.119407966146,408.805908565308,327.286512709595,894.463389195483,0,0,0,0,0,0,0,0,0,0,1.37452020855307,2.53765561326728,0.699291987659367,0.792123557719761,0.643387095698933,1.75517407592133,0,0,0,0,0,0,0,0,4972.24003954572,3505.19425625502,805.074503223025,1528.38819508837,510.661621243595,599.158134628918,927.310780983165,2574.73018420195,191.041413772785,134.675168724232,31.0367744453055,58.9267678468182,19.6795442454703,23.090533976145,35.7954389600583,99.3849799578368,20252.6431101823,14079.6215899973,3594.60558576249,6587.67683036994,2487.95449598438,2803.17446817545,3671.5900805432,9956.73433756554,778.134883784384,540.961647233333,140.101878388455,257.370828287898,97.787790544601,110.301936683502,144.918868859092,393.217759476469,0,0,7.1336457371899,13.3015521012997,5.13483294607402,5.8187558615906,8.06503833590406,21.9390414948053,0,0,0,0,0,0,0,0,348.879047428994,257.601293187506,275.66981705886,560.406110017094,337.171963085538,416.101645755975,208.38060137633,605.545004878481,13.4044846073289,9.89745374859044,10.5806839741941,21.5027823030146,12.9143615798681,15.9375151848238,7.99019703480591,23.2189368229401,285.907019402828,209.49597775067,302.267702617143,633.839537600615,397.297668488944,485.678926777133,302.08965060403,887.49489641003,10.9849983026114,8.04917060659721,11.6008103094298,24.3177136769422,15.2185656800805,18.6034975742228,11.5794014688759,34.0171406773448,0,0,47.2259030238283,101.135323972328,49.0807913388126,58.1264769828103,91.7305461993046,252.78063826796,0,0,0,0,0,0,0,0,663.620122369374,301.053563218441,2540.48381025647,2619.6336742839
"293",2014,2155,24.3333333333333,3585.34395511342,2742.77691136204,809.907019068524,1485.07142288168,358.030764875272,404.508359280154,326.992677807307,896.756453192434,0,0,0,0,0,0,0,0,0,0,1.36447437906108,2.51758986040525,0.695325616677018,0.783787234167992,0.642893974537077,1.75987158403717,0,0,0,0,0,0,0,0,4976.69698366903,3505.44547518669,801.504191379799,1519.71541333355,511.042158541528,595.810475422179,934.243085165199,2598.95290538691,191.21265669341,134.684820957329,30.8992066423283,58.5924257689871,19.6942160566872,22.9615299185658,36.0632214659292,100.320435544147,20251.6353464359,14066.5968646715,3574.11151731187,6542.85289316464,2485.91773123198,2783.53456027353,3698.49600569882,10049.219335378,778.096215591177,540.461215460418,139.304365666837,255.615886742201,97.7080101059334,109.526976110715,145.981407991932,396.865688770737,0,0,7.09597745552776,13.2126575167213,5.13221576379822,5.77947081017308,8.1251719876876,22.1453583544193,0,0,0,0,0,0,0,0,349.362245554765,257.720238945175,274.581184384034,557.269751532741,337.61398322882,413.878385400939,209.965273996223,611.267365250736,13.4230499296102,9.90202383320131,10.5389505617037,21.3826133070934,12.9313841489524,15.8525220231069,8.05100498360693,23.4385229583362,286.060110108894,209.404229374156,300.95296218291,629.694436029853,397.699429749267,482.772185398496,303.742582398962,893.893078769917,10.9908803846144,8.04564548534618,11.5504269935216,24.1589198292687,15.2341049453233,18.4923973618268,11.6429578655699,34.2630106062265,0,0,47.0013613021963,100.382970902008,49.0642640403728,57.696969554211,92.4749074177265,255.198089403456,0,0,0,0,0,0,0,0,666.299145093607,302.135174411965,2552.03685861002,2629.32885505311
"294",2014,2155,24.4166666666667,3572.64090980281,2732.39011634398,804.249145271073,1474.42772711786,355.938542146548,400.289439707197,326.663738061016,898.839622138247,0,0,0,0,0,0,0,0,0,0,1.3545591284471,2.49795765336316,0.691344977273452,0.775594550625799,0.642331064517684,1.76416550708983,0,0,0,0,0,0,0,0,4980.96339307006,3505.56533150351,797.980315280431,1511.13647323276,511.363066572507,592.458381446217,941.135070009745,2622.98440290554,191.376578965308,134.689426028691,30.7634181478059,58.261692403328,19.7065906356106,22.8323562487789,36.3294467024704,101.248518933198,20250.6216346574,14053.6213018409,3554.00403562227,6498.78933153176,2483.71007953918,2764.05776007732,3725.25580098965,10140.8712357563,778.057318236042,539.962672602853,138.521723779695,253.890465385625,97.6215544020884,108.758460796625,147.038291534969,400.48109359364,0,0,7.05832396894336,13.1246303636588,5.12919762268303,5.74045448195751,8.18498347517276,22.3499449556604,0,0,0,0,0,0,0,0,349.831030383912,257.830609234413,273.484766663847,554.149758741686,338.015954726184,411.650339495117,211.532075314165,616.863797495287,13.4410614691931,9.90626443462163,10.4969167380473,21.2630683227152,12.9468697996464,15.7673415256654,8.1111255006741,23.6532793818634,286.213460042637,209.313511421956,299.638458058249,625.589257009507,398.070003317901,479.875180034728,305.399524834731,900.210483445801,10.9967724250486,8.04215995467924,11.5000505505759,24.0016517795722,15.2484452585564,18.3816628239222,11.7066616714033,34.5057710524955,0,0,46.776897311952,99.6371165682309,49.0449666244106,57.2707662913365,93.2183323184348,257.604657206096,0,0,0,0,0,0,0,0,668.981820281443,303.217266911532,2563.58146047133,2638.97089791889
"295",2014,2155,24.5,3560.09200807988,2722.14672387517,798.738332413961,1464.05987405262,353.844841862255,396.148773991176,326.301156094496,900.720888190135,0,0,0,0,0,0,0,0,0,0,1.3447931566113,2.47876233982949,0.687353145671835,0.767545119050378,0.64170011250867,1.76806714829886,0,0,0,0,0,0,0,0,4985.03467363754,3505.55131076247,794.499361469456,1502.64666979233,511.624972918612,589.101803139718,947.984248694109,2646.8133395639,191.533004075378,134.688887329399,30.6292748943697,57.9343877206294,19.7166920928531,22.7030109533552,36.5940190658717,102.168793795244,20249.605595574,14040.6969033956,3534.2764664072,6455.47353750214,2481.3388241742,2744.74612636539,3751.87120663529,10231.7041700545,778.018330838131,539.466095576313,137.753701238477,252.194083069292,97.5287052471675,107.996469824855,148.089585827191,404.064522510452,0,0,7.02079957925939,13.0375516874639,5.12578701926432,5.70170811138486,8.24446950784868,22.5528023705624,0,0,0,0,0,0,0,0,350.285553307175,257.932413220502,272.3830312456,551.047834231922,338.378349718395,409.418118305091,213.081537145789,622.341512833219,13.4585250427514,9.91017590499609,10.4546772948673,21.1442127916592,12.9608365807521,15.6819970699131,8.17057902306553,23.8634824209627,286.367391061291,209.224126942666,298.324958668755,621.525133845017,398.410060858511,476.989217081513,307.059600466802,906.445718935489,11.0026867902047,8.03872565820759,11.4497105118338,23.8459531394737,15.2616124046357,18.2713442431379,11.7704794117453,34.745369051241,0,0,46.5525505427027,98.8977891851242,49.0229395866147,56.8478775004375,93.96079946363,260.000406511185,0,0,0,0,0,0,0,0,671.66803792881,304.299804741605,2575.11666592547,2648.55990110502
"296",2014,2155,24.5833333333333,3547.69800134864,2712.04662011414,793.370759261054,1453.96083929758,351.751633205046,392.085903943447,325.906349463602,902.408000882477,0,0,0,0,0,0,0,0,0,0,1.33519093198776,2.46000475573809,0.683353410967299,0.759638520579659,0.641003067067173,1.77158823237873,0,0,0,0,0,0,0,0,4988.90757432618,3505.40183894443,791.058386509814,1494.2422204405,511.828732427427,585.741066647653,954.788427963819,2670.42957815771,191.681807113259,134.683144383119,30.4966645994421,57.610367021145,19.7245532885904,22.5735064744291,36.8568542121848,103.080869833273,20248.5899150907,14027.8250354052,3514.92202961281,6412.89276583875,2478.81093713159,2725.60141633465,3778.34378774876,10321.7314115782,777.979356599411,538.971536867241,137.000042224516,250.526252953964,97.4297325000353,107.241070605396,149.135350438991,407.616490967938,0,0,6.98349599718705,12.9514838479992,5.12199414510206,5.66323379726737,8.30362752305485,22.7539327985182,0,0,0,0,0,0,0,0,350.725940930348,258.025651836775,271.27807383344,547.965364874416,338.701665975684,407.182288013451,214.614118805101,627.706965422862,13.4754455146822,9.91375828018463,10.412312752906,21.0261000305246,12.9733035282089,15.5965103394675,8.22938320142829,24.0693793636349,286.522140401478,209.136304670395,297.013264179823,617.50302528331,398.72017866602,474.115392863893,308.72197580703,912.597918064965,11.0086325951155,8.03535138426086,11.3994376321227,23.6918608257568,15.2736285115606,18.1614838400718,11.8343792941771,34.9817717180307,0,0,46.3283741703662,98.1650229653818,48.9982225679098,56.4283107924795,94.702285498323,262.385396779171,0,0,0,0,0,0,0,0,674.35768909805,305.382751947823,2586.64157173843,2658.0959831597
"297",2014,2155,24.6666666666667,3535.45939936991,2702.08951848375,788.142677020972,1444.12372109986,349.660760527467,388.100297919425,325.480693222748,903.908476099863,0,0,0,0,0,0,0,0,0,0,1.32576344899137,2.44168369439349,0.679349160016829,0.751874269816486,0.640242021743442,1.77474075453941,0,0,0,0,0,0,0,0,4992.57997449116,3505.11612740768,787.654930652164,1485.92009846106,511.975371953946,582.376781429409,961.545670989694,2693.82408500259,191.822906600387,134.672166888976,30.3654934643636,57.2895145541664,19.7302137086591,22.4438661603734,37.1178776343004,103.984399093564,20247.5764985504,14015.0065377181,3495.93388256185,6371.03420807305,2476.13310537357,2706.62512481147,3804.67495815828,10410.965458013,777.94046873155,538.479028743805,136.260488258731,248.886485384541,97.324895076602,106.49232039314,150.175639098043,411.137484481129,0,0,6.94648651339863,12.8664740707633,5.11783033388482,5.62503421868052,8.36245554114466,22.9533393805907,0,0,0,0,0,0,0,0,351.15230167883,258.11032178403,270.171676347322,544.903482176738,338.986432912474,404.943393892004,216.130216997279,632.965933159125,13.4918270508633,9.91701143342649,10.3698915831954,20.9087735481956,12.9842908965912,15.5109022157573,8.2875532799215,24.2711915577935,286.677873904663,209.050210332269,295.70418597641,613.523729286496,399.000858603271,471.254624695459,310.385860687821,918.666661755146,11.0146162116991,8.03204350033971,11.3492631011551,23.5394055873207,15.2845128530368,18.0521169635043,11.8983311834075,35.2149633252339,0,0,46.1044313904321,97.4388556194576,48.9708549837391,56.0120716817469,95.4427656434913,264.759683128401,0,0,0,0,0,0,0,0,677.050665745097,306.466072568011,2598.15531630299,2667.57927991807
"298",2014,2155,24.75,3523.3764999532,2692.27498257463,783.050412769657,1434.54174786589,347.573950557477,384.191358567591,325.025522024715,905.229603933171,0,0,0,0,0,0,0,0,0,0,1.31651882214531,2.42379627784691,0.675343801309875,0.744251795999055,0.639419172723101,1.77753686544676,0,0,0,0,0,0,0,0,4996.05071140143,3504.69404741641,784.286946268728,1477.67789914407,512.066048750454,579.009769692078,968.25426720407,2716.98884538154,191.956257862776,134.655949900734,30.2356834380548,56.9717383904333,19.7337178645013,22.3141215537834,37.3770235063458,104.879072731857,20246.5665955503,14002.2418123553,3477.30515452846,6329.88505030068,2473.31175194664,2687.81851525973,3830.86599985468,10499.4181028476,777.901715251547,537.988586652145,135.53477954112,247.274290137205,97.2144417637057,105.750267488983,151.210500444788,414.627961392108,0,0,6.90982921292571,12.782557163387,5.11330768566965,5.58711243876487,8.42095205768861,23.1510260699223,0,0,0,0,0,0,0,0,351.564730906442,258.186418512059,269.065354004824,541.863108758823,339.233213146851,402.701973824506,217.630174280514,638.123589742016,13.5076733149418,9.91993518989524,10.3274720144974,20.7922688305466,12.9938202194738,15.4251932988199,8.34510242124322,24.4691171759713,286.834696940278,208.96595605463,294.398531693494,609.587897288659,399.252545501217,468.407678466382,312.050506966819,924.651911693659,11.0206416884418,8.02880631451689,11.2992179680454,23.3886125510346,15.2942825156408,17.943273148065,11.962306551055,35.4449427200817,0,0,45.8807926618153,96.7193265464369,48.9408764245524,55.5991640132768,96.1822140791876,267.123317138578,0,0,0,0,0,0,0,0,679.746860605945,307.549730623014,2609.65707585528,2677.00994244803
"299",2014,2155,24.8333333333333,3511.44941499148,2682.6024461959,778.090372032309,1425.20828400333,345.492819092984,380.358429857394,324.54213198983,906.378456047532,0,0,0,0,0,0,0,0,0,0,1.30746279759237,2.40633827729546,0.671340703437764,0.73677042944677,0.638536783253731,1.77998877410832,0,0,0,0,0,0,0,0,4999.31942989332,3504.13602107977,780.952735327861,1469.51372509997,512.102015531395,575.641007532812,974.91270555736,2739.91678419681,192.081847254468,134.634509636502,30.1071698263952,56.6569660285977,19.7351139495521,22.1843101290636,37.6342336590881,105.764617977942,20245.560908607,13989.5309001975,3459.02897621625,6289.43252170677,2470.35305463352,2669.18264651982,3856.91808025664,10587.1005009776,777.863123156783,537.500212162823,134.822656093847,245.689178308176,97.0986119374877,105.014952275463,152.239978703022,418.088355403271,0,0,6.87356972849875,12.6997578370477,5.10843875585438,5.54947174078566,8.47911595267541,23.3469975235384,0,0,0,0,0,0,0,0,351.96331520132,258.25393866606,267.96039620492,538.844997657588,339.442602870283,400.458568282817,219.114286605648,643.184570270949,13.5229876337737,9.92252942069392,10.2851036028482,20.6766148498141,13.0019143239552,15.3394042915831,8.40204199626636,24.6633337318062,286.992664031938,208.883608667352,293.097093078614,605.696047567897,399.4756419848,465.575192762464,313.715207166535,930.553950568226,11.026711120253,8.02564239450246,11.2493326746285,23.2395017338673,15.3029529673502,17.834977039116,12.0262784230544,35.6717210329327,0,0,45.6575333796907,96.00647533126,48.9083269693915,55.1895903149443,96.9206042753769,269.47634755398,0,0,0,0,0,0,0,0,682.44616711221,308.633690116343,2621.14606124264,2686.38813535702
"300",2014,2155,24.9166666666667,3499.67809276074,2673.07123052081,773.259040548735,1416.11683411808,343.418877168673,376.600803391023,324.031782325812,907.361892476468,0,0,0,0,0,0,0,0,0,0,1.29859917604558,2.38930437922722,0.667343150788587,0.729429394636966,0.637597155448393,1.7821086700235,0,0,0,0,0,0,0,0,5002.38645517966,3503.44292936606,777.650895940007,1461.42609084936,512.084592726634,572.271578098586,981.519651618166,2762.60169322471,192.199687270662,134.60787994449,29.979899248461,56.3451407399612,19.7344527717249,22.0544734913598,37.8894567025785,106.640795352328,20244.5596848739,13976.8735454565,3441.09850409251,6249.66393371364,2467.26296192676,2650.71839511518,3882.83226702824,10674.0232276601,777.824701948948,537.013895447892,134.123858706103,244.130663840006,96.9776361780188,104.286408080711,153.264114255179,421.519077852678,0,0,6.83774349293258,12.6180925964573,5.10323632171272,5.51211550310158,8.53694641831773,23.541259018796,0,0,0,0,0,0,0,0,352.348135849872,258.312881971746,266.857901027881,535.849764109046,339.615230648869,398.213726222339,220.582809910938,648.153030346831,13.5377731305143,9.92479411528377,10.242828556054,20.5618352851531,13.0085972848384,15.2535562271807,8.45838183741376,24.8540003476129,287.151787116056,208.803196858127,291.800636863286,601.848578050097,399.670520786691,462.757699862359,315.379292937948,936.373329412393,11.0328249657741,8.02255284252285,11.1996367043717,23.0920885334274,15.3105385298258,17.7272491981638,12.090221320422,35.8953196584829,0,0,45.4347320179245,95.3003405852673,48.8732473974622,54.7833520666564,97.6579092639591,271.818820867965,0,0,0,0,0,0,0,0,685.148479337522,309.717915043276,2632.62151530565,2695.71403552036
"301",2015,2155,25,3488.49723916963,2663.8458586022,767.471000689493,1404.8750796363,341.20178256313,371.192405459513,323.842329407725,911.692304904078,0,0,0,0,0,0,0,0,0,0,1.28954553632698,2.36969856186782,0.663068536798238,0.718888175868872,0.637236657905715,1.79030631487873,0,0,0,0,0,0,0,0,5006.13771241535,3503.37121380146,773.400310636349,1450.94034161276,511.798880787646,566.273135972849,988.528190206648,2789.65584792678,192.343816572552,134.605124517813,29.8161509672435,55.940941902189,19.7234521256237,21.8233186051981,38.160155762598,107.685384593522,20246.8574979897,13966.8826907392,3419.16366212007,6200.00417907649,2462.96645008673,2620.21082416638,3910.63914864982,10780.4588463547,777.913033809199,536.630029953814,133.270838433991,242.187543032401,96.809270558749,103.084063413432,154.362467360566,425.715574892617,0,0,6.80040233044808,12.5217551043679,5.09551647164607,5.4496635983371,8.59861969910152,23.77571320011,0,0,0,0,0,0,0,0,352.804647523442,258.435933030235,265.665829309155,532.251749967156,339.661806018057,394.207830527842,222.274560260854,655.561131363423,13.5553131088806,9.92952193230642,10.1971112915091,20.4239188911052,13.0104489152481,15.1002469171565,8.52327510794269,25.1381584352669,287.358988630345,208.767848123949,290.399873230936,597.267515566452,399.663218434767,457.816084887808,317.306435598903,945.036122683128,11.0407860591739,8.02119468600196,11.1459334842809,22.9165207872492,15.3103750037479,17.5381444015572,12.1642411233473,36.2278769702436,0,0,45.2029849734109,94.4849609373923,48.8145769535581,54.1279054930884,98.429351536624,274.529064169987,0,0,0,0,0,0,0,0,687.822431864402,310.774438715131,2643.94759421406,2704.73671313676
"302",2015,2155,25.0833333333333,3477.48049800575,2654.74695956355,761.69747996294,1393.63530779852,338.966827318178,365.710181833585,323.657620281885,916.162826314318,0,0,0,0,0,0,0,0,0,0,1.2803964535166,2.34998835552374,0.658769852033361,0.708202522012134,0.636893024186201,1.79882211466544,0,0,0,0,0,0,0,0,5009.87697101183,3503.30925061569,769.103037140967,1440.31004026546,511.442410226269,560.031881573214,995.567347960988,2817.13674303517,192.487484867537,134.602743793126,29.6505969006477,55.531160335611,19.7097239982056,21.5828056969276,38.4320312733789,108.746419463808,20249.5118728711,13957.2249856648,3397.07614894155,6149.87393129604,2458.37395635703,2588.67335476901,3938.52698733048,10888.1739276973,778.015064704661,536.258964615409,132.411904017117,240.226065402703,96.6293169023029,101.841209236499,155.464069767469,429.962483458272,0,0,6.7621213944065,12.4237765769662,5.08720380581396,5.38503860096542,8.66049238971147,24.0131330081523,0,0,0,0,0,0,0,0,353.256895356084,258.558408843636,264.441449178814,528.578414054451,339.655347246439,390.010626659514,223.967762913305,663.010317116763,13.5726892627539,9.93422764751451,10.1501516368136,20.2831073125802,13.0102661336497,14.9396054635347,8.58822197663221,25.4238890774791,287.569388125893,208.737001752121,288.986216679041,592.634953206325,399.602694733292,452.664733261554,319.259800937543,953.911917134318,11.0488700227998,8.02000951747276,11.0917332254255,22.7389712294017,15.3081686973893,17.3409983338852,12.2392608051293,36.5685875589693,0,0,44.97039789797,93.6627439411038,48.7507268569283,53.4507117349076,99.2039623005219,277.26934180049,0,0,0,0,0,0,0,0,690.495733430638,311.82780816914,2655.23742738623,2713.64948417174
"303",2015,2155,25.1666666666667,3466.57333266947,2645.75429230389,756.078773127888,1382.70771430697,336.735662700719,360.381284059512,323.433222421329,920.317878572723,0,0,0,0,0,0,0,0,0,0,1.27123845565982,2.33059490214126,0.654482961062967,0.697809942102681,0.636481708963239,1.80680888031223,0,0,0,0,0,0,0,0,5013.47006924976,3503.14552120933,764.881290139351,1429.84969393799,511.040411429564,553.890143816338,1002.57153593586,2844.41385824294,192.62553744781,134.596453047503,29.4879370985787,55.1279128210257,19.6942411783152,21.3461281952849,38.7025560823732,109.799599812661,20252.103927692,13947.5661440454,3375.40512004165,6100.65975324721,2453.63373936366,2557.7208242188,3966.23201191748,10994.5170567541,778.114700609493,535.887855620926,131.568981345829,238.300152622465,96.4435974873116,100.621376628384,156.558585644718,434.155761506409,0,0,6.72334443152481,12.326407157985,5.0785797991095,5.32158440679184,8.7220079076854,24.2479843253281,0,0,0,0,0,0,0,0,353.694016590039,258.670945994413,263.200338836333,524.916062926109,339.608644668853,385.85701111016,225.631922420745,670.179196103306,13.5894842277985,9.93855150342825,10.1025479891127,20.1427129293633,13.0085388999151,14.7806297402083,8.6520537068645,25.6988756613607,287.778072018087,208.705911218158,287.574438449863,588.054559493559,399.513545314147,447.588027237611,321.204530517926,962.60885305345,11.0568880689933,8.01881496787102,11.0376031075315,22.5634178452617,15.3048618623409,17.1467053054216,12.3139444785557,36.9024342720761,0,0,44.7381426739579,92.8489131333069,48.6845304470999,52.785145044683,99.9771458376518,279.990018912505,0,0,0,0,0,0,0,0,693.172402053878,312.881656373001,2666.50730974096,2722.48410189351
"304",2015,2155,25.25,3455.78037115951,2636.87083596697,750.611278075854,1372.08464033604,334.510431825442,355.202031060212,323.171032981358,924.170931653272,0,0,0,0,0,0,0,0,0,0,1.26211497417763,2.31154879611347,0.650207396454509,0.687701789602933,0.636002705866319,1.81427297006616,0,0,0,0,0,0,0,0,5016.89777637094,3502.86719110831,760.727062575262,1419.54583603958,510.590321240829,547.84133647695,1009.53388157269,2871.4586016782,192.75723543689,134.585759159925,29.3278653705965,54.7306833763836,19.6769052102537,21.1130326513368,38.971466042934,110.843826383255,20254.6482898558,13937.91585346,3354.14531083264,6052.34863791985,2448.75445035443,2527.34406938696,3993.75873799481,11099.5267797421,778.212503534956,535.517075182544,130.741874247789,236.409309169311,96.2524473913645,99.4242046178823,157.646189919113,438.296910933449,0,0,6.68429012020516,12.2298337702758,5.06964296785416,5.25927152373321,8.78315849392349,24.4802709596236,0,0,0,0,0,0,0,0,354.116355094187,258.773735403533,261.946800669388,521.269309295147,339.522886424253,381.748550535884,227.268522395635,677.088615983305,13.6057112160074,9.94250083553641,10.0544656139018,20.0029129548533,13.0053127417644,14.6233798708933,8.71482720838897,25.963917198873,287.986299297853,208.675492198988,286.165289692488,583.527586672011,399.397510154853,442.58664555188,323.140723624313,971.124751121818,11.0648885701948,8.01764621896861,10.9835719680547,22.3899087747406,15.3005212038918,16.9552915518703,12.3882960872495,37.2293338812978,0,0,44.5061927975603,92.0434293966545,48.6160543191685,52.1310229328567,100.748931676184,282.691514101409,0,0,0,0,0,0,0,0,695.852324553115,313.935943238294,2677.75618175731,2731.2411805019
"305",2015,2155,25.3333333333333,3445.10551987882,2628.09902340314,745.291377255858,1361.75842720096,332.293102294529,350.168755664997,322.872861292906,927.734920284885,0,0,0,0,0,0,0,0,0,0,1.25306089218842,2.29287315820801,0.64594374358431,0.677870177026327,0.63545667192483,1.82122347012108,0,0,0,0,0,0,0,0,5020.14479764728,3502.46422230147,756.633759872807,1409.38754348807,510.090560944003,541.880336237948,1016.4484857408,2898.24561257994,192.881991186863,134.57027645395,29.1701295854359,54.3390534816001,19.6576554509302,20.8833218199164,39.2385343472979,111.878123799474,20257.1567368041,13928.2818195674,3333.29093558712,6004.92674970056,2443.744123139,2497.53360376214,4021.11110336516,11203.2389512703,778.308925992653,535.146919363895,129.930366135836,234.553006980226,96.0561778452013,98.249319755329,158.727035073714,442.387329365917,0,0,6.64513469745011,12.1342028631874,5.06039583564379,5.19807312459906,8.84393773358165,24.709999594379,0,0,0,0,0,0,0,0,354.524163236889,258.866910182395,260.684423868946,517.641876180779,339.399057692302,377.68629642652,228.878834990689,683.757259469393,13.6213799237775,9.94608075819165,10.0060423905563,19.8638504366717,13.0006253948762,14.46789620149,8.77659127150583,26.2197296650113,288.195071803917,208.646465804553,284.759564965115,579.055039627251,399.256024887006,437.660915477405,325.06842604637,979.45877006475,11.0729100186516,8.01653097696254,10.9296703216985,22.2184826810115,15.2952017679426,16.7667698359502,12.4623175204885,37.5492544305863,0,0,44.2745507970892,91.2462714968712,48.5453582597804,51.4881588437642,101.51934081555,285.374217582738,0,0,0,0,0,0,0,0,698.535390059581,314.990629352972,2688.98307067783,2739.92138542568
"306",2015,2155,25.4166666666667,3434.55209628213,2619.44084327696,740.115458979803,1351.72145533632,330.085488752832,345.277817641029,322.540440472769,931.02229332163,0,0,0,0,0,0,0,0,0,0,1.24410446289166,2.27458532294736,0.641693267122246,0.668307743825768,0.634844740434701,1.82767142589424,0,0,0,0,0,0,0,0,5023.1989646761,3501.92878846873,752.595900016213,1399.3658544253,509.540283226546,536.003099959454,1023.31024708987,2924.75234602526,192.999337168241,134.549704229847,29.0145201909803,53.9526797694704,19.6364593583033,20.656839969132,39.5035647945158,112.90162467277,20259.6387889655,13918.670185549,3312.83583392871,5958.37968669148,2438.61028502885,2468.27974712197,4048.29257649762,11305.6871042832,778.404333776489,534.777624195724,129.134225678991,232.730695628814,95.8550805228433,97.0963411370051,159.801255362752,446.42832448914,0,0,6.60602195950846,12.0396302239856,5.05084367240376,5.13796440716165,8.90434026628703,24.9371790907623,0,0,0,0,0,0,0,0,354.917627369139,258.950562837302,259.416240509609,514.036811909218,339.238023110944,373.670948961271,230.463960470308,690.201958892505,13.6364975110128,9.94929482563395,9.95739480478955,19.7256425115749,12.9945099678088,14.3142055928713,8.83738808609624,26.4669580623196,288.405185200519,208.619397687221,283.358070359518,574.637705579937,399.090280352809,432.810876862207,326.98764267595,987.611139355416,11.080982985062,8.01549097512105,10.8759291343336,22.0491698849654,15.2889492209792,16.5811418977083,12.5360090950307,37.8622049866486,0,0,44.0432398963533,90.4574297900349,48.4724973721579,50.8563641253679,102.288387565538,288.038496028911,0,0,0,0,0,0,0,0,701.22148924352,316.045675723858,2700.18707178006,2748.52541810588
"307",2015,2155,25.5,3424.12287896856,2610.89787913016,735.079929924875,1341.96616830447,327.889259492926,340.525612552908,322.175430498894,934.045020492879,0,0,0,0,0,0,0,0,0,0,1.23526806225899,2.25669751055739,0.637457767586122,0.659007579772051,0.63416844445695,1.83362951525333,0,0,0,0,0,0,0,0,5026.05091533094,3501.25504175865,748.608990805834,1389.47352701279,508.939268342919,530.206505598878,1030.11479786855,2950.95895100515,193.108913673152,134.523817803811,28.860865515197,53.5712847830286,19.6133085054896,20.4334667732078,39.7663893320693,113.913564948106,20262.1019450122,13909.0857000123,3292.77353716826,5912.69260168635,2433.35999462798,2439.57268583827,4075.30619714806,11406.9025677351,778.499015001564,534.409372127009,128.353209361382,230.941807006552,95.6494290046658,95.9648827474078,160.868968389754,450.421118593845,0,0,6.56706712593692,11.9462047560714,5.04099401678602,5.07892236378995,8.96436168099893,25.1618202614935,0,0,0,0,0,0,0,0,355.296878792018,259.02475275564,258.144787180017,510.456574382774,339.040557042104,369.702917572074,232.024843475244,696.437814184122,13.6510690225125,9.95214531962157,9.90862031473128,19.5883836411791,12.9869961050378,14.1623237479695,8.89725386603915,26.7061809465394,288.617249347446,208.594713826823,281.961610103795,570.276169523333,398.901250770448,428.03631629981,328.898341398625,995.583033886922,11.0891309012237,8.0145425802702,10.8223793075903,21.8819929552534,15.2818009286869,16.3983997627277,12.6093697034385,38.1682308316007,0,0,43.8123006234371,89.6769036723748,48.3975229018676,50.2354489787791,103.056080254704,290.684694123789,0,0,0,0,0,0,0,0,703.910514014973,317.101043679743,2711.3673423972,2757.05401035742
"308",2015,2155,25.5833333333333,3413.82018454093,2602.4713686949,730.181228420851,1332.48509730225,325.705949229898,335.908580210426,321.779424504766,936.814618288095,0,0,0,0,0,0,0,0,0,0,1.22656929191139,2.23921780415222,0.633239381418681,0.649963107879466,0.633429610739413,1.83911160263765,0,0,0,0,0,0,0,0,5028.69361954874,3500.43877040828,744.669354470405,1379.70470302695,508.2877791373,524.488136980571,1036.85840014431,2976.84801965312,193.210450595331,134.492455353174,28.7090250525782,53.1946440859496,19.5882130153645,20.2131090493363,40.026864078634,114.913274309742,20264.5520295582,13899.5319628028,3273.09735529639,5867.85035661439,2427.99990343263,2411.40254725993,4102.15464068108,11506.9146878048,778.593193463223,534.042301469448,127.587064848167,229.185761313837,95.4394811599901,94.8545563440086,161.93027760716,454.366857137467,0,0,6.52836249913782,11.8539939990926,5.03085599243836,5.02092542919128,9.02399835482796,25.3839355101566,0,0,0,0,0,0,0,0,355.662008597836,259.089516183177,256.872194894098,506.903152108707,338.80738536609,365.782406771798,233.562297159455,702.478387403607,13.6650979581902,9.95463363277476,9.85980080294473,19.4521502591245,12.9781115923449,14.0122585084397,8.95621977589129,26.9379178882009,288.8317187571,208.572723890895,280.570969534878,565.970835187534,398.689732221578,423.336809624578,330.800460284111,1003.37640497936,11.0973712302426,8.01369769033156,10.7690510237018,21.7169675098768,15.273787429919,16.2185273692862,12.6823970890422,38.4674069826973,0,0,43.5817860874465,88.9046980803897,48.3204833932717,49.6252235975567,103.822422314936,293.31313733936,0,0,0,0,0,0,0,0,706.602357120602,318.15669474239,2722.52309220238,2765.50791619744
"309",2015,2155,25.6666666666667,3403.64592704358,2594.16224979894,725.415834645998,1323.2708798975,323.536969195943,331.423211222669,321.353953545547,939.342170082855,0,0,0,0,0,0,0,0,0,0,1.21802181226654,2.22215089156001,0.629040441999828,0.641168006546559,0.632630281606848,1.8441324049615,0,0,0,0,0,0,0,0,5031.1220139618,3499.47713521584,740.773992737742,1370.05465259138,507.586453013134,518.846125225237,1043.53786484539,3002.40438234356,193.303753392094,134.455507791263,28.5588842991059,52.822576481073,19.5611974126214,19.9956946683656,40.2848662214712,115.900168342159,20266.9934609507,13890.0116140835,3253.8004435271,5823.83763931873,2422.53630192452,2383.75945435058,4128.8402681985,11605.751006275,778.687038926031,533.676513662212,126.835533560947,227.461971592313,95.2254809299378,93.764973577634,162.985274264019,458.266615643498,0,0,6.48998167704078,11.7630482126369,5.02043982334874,4.96395322302585,9.08324733377867,25.6035385815264,0,0,0,0,0,0,0,0,356.013078811939,259.144873660205,255.600257136155,503.378153579158,338.539212788413,361.909474835684,235.077022415422,708.335862681679,13.6785867011608,9.95676055428424,9.81100518897042,19.3170042032138,12.9678834059509,13.8640121088035,9.0143126690929,27.1626356081896,289.048916434562,208.553639506718,279.186903764687,561.721944072835,398.456374123475,418.711757684356,332.693912915043,1010.99384289795,11.1057163825052,8.01296443636327,10.7159733092224,21.5541029444226,15.2649336423278,16.0415019387989,12.7550880497252,38.7598329205477,0,0,43.3517585044766,88.1408209867504,48.2414255086557,49.0254990075621,104.587413112933,295.924134056688,0,0,0,0,0,0,0,0,709.296911873692,319.21259054447,2733.65357643779,2773.8879060943
"310",2015,2155,25.75,3393.60166760033,2585.97119869063,720.780278557117,1314.31627439333,321.383616052271,327.066052062276,320.900490610816,941.63834441819,0,0,0,0,0,0,0,0,0,0,1.20963600802513,2.20549866094838,0.624863384123185,0.632616159552198,0.631772655390411,1.84870723105854,0,0,0,0,0,0,0,0,5033.33270095339,3498.36845289175,736.920475709222,1360.51956798411,506.836217610288,513.279025741759,1050.15048387122,3027.61492341191,193.388691521574,134.4129104434,28.4103504982867,52.4549361086629,19.5322973850897,19.7811678294401,40.5402914144958,116.873741478938,20269.4294715496,13880.5264895252,3234.87585584443,5780.63905581035,2416.97515670631,2356.63356697774,4155.36516842207,11703.4374185937,778.780675587171,533.31207923458,126.09835275208,225.76984730966,95.007659763665,92.6957475959421,164.034039032919,462.121405811745,0,0,6.45198284470168,11.6734035355085,5.00975648972206,4.90798635796796,9.14210623925125,25.820644383482,0,0,0,0,0,0,0,0,356.350131121271,259.190835776572,254.330484657893,499.882876782742,338.236739705481,358.084074136695,236.569624347677,714.021190432308,13.6915368531055,9.95852649102878,9.76229153327599,19.1829953848504,12.9563383608047,13.7175827260942,9.07155572059908,27.3807535102531,289.269053880099,208.537589573049,277.810130635189,557.529594543827,398.201706980443,414.16041922188,334.578592434025,1018.4384561824,11.1141744842066,8.01234777086134,10.6631737635692,21.3934031631088,15.2552599257621,15.8672952361586,12.8274385927336,39.0456279622919,0,0,43.122286561244,87.3852815985772,48.1603946125512,48.4360876934354,105.351048626563,298.51797731177,0,0,0,0,0,0,0,0,711.994071977542,320.268692781185,2744.75809102603,2782.19476285024
"311",2015,2155,25.8333333333333,3383.68865799456,2577.89866365804,716.271146365289,1305.61417140184,319.247080028707,322.833709146366,320.420454210766,943.713412262891,0,0,0,0,0,0,0,0,0,0,1.2014195619464,2.18926071499748,0.620710666160097,0.624301615578132,0.63085903636162,1.85285176118434,0,0,0,0,0,0,0,0,5035.32368606642,3497.11200745333,733.106845881246,1351.09638797096,506.038219717415,507.785716204472,1056.69396954477,3052.468407572,193.465188353539,134.364635800388,28.263348967039,52.0916057143212,19.5015570530346,19.5694851402077,40.7930514575376,117.833560359395,20271.8622998244,13871.0777552928,3216.31659050993,5738.23920767679,2411.32214273571,2330.01511567298,4181.73119490404,11799.9983195728,778.874189457136,532.949042992349,125.375257268878,224.10879737019,94.7862378647577,91.6464943547005,165.076643455406,465.932181150161,0,0,6.41441159308483,11.5850846832308,4.99881744018535,4.85300627467885,9.20057318729228,26.0352688357408,0,0,0,0,0,0,0,0,356.673194215181,259.227407967313,253.064152545625,496.418367901036,337.900674897581,354.306083489495,238.040626822042,719.544218635671,13.7039495163175,9.959931651831,9.71370884446764,19.0501640432096,12.943503598465,13.5729657223104,9.12796898566492,27.5926487177534,289.492248735847,208.524633735152,276.441325519608,553.393759136922,397.92616654629,409.681939171249,336.454375285604,1025.71376609661,11.1227500553636,8.01184998549165,10.610678358565,21.2348672415946,15.244783008274,15.6958746546116,12.8994440779224,39.3249272149033,0,0,42.8934431931074,86.6380888695286,48.0774352502596,47.8568041099446,106.11332203935,301.094946361592,0,0,0,0,0,0,0,0,714.693731397608,321.324963178888,2755.83596849224,2790.42927816939
"312",2015,2155,25.9166666666667,3373.9078779854,2569.94489379525,711.885085579291,1297.15760267135,317.128452268421,318.722851972297,319.915211497947,945.577263059575,0,0,0,0,0,0,0,0,0,0,1.19337792883138,2.17343479690571,0.616584713743861,0.616218560284006,0.629891795164357,1.85658186995192,0,0,0,0,0,0,0,0,5037.09415600132,3495.70789115431,729.331537527245,1341.78265299907,505.193768300023,502.365315754403,1063.16640233202,3076.9553202478,193.533212639718,134.31068740676,28.1178200095512,51.732491099197,19.4690267801117,19.360612511529,41.0430722922983,118.779257716476,20274.2933525451,13861.6660217017,3198.1156273677,5696.62275437227,2405.58267026953,2303.89442765214,4207.93999800872,11895.4567349145,778.967634591306,532.587428384687,124.66598100142,222.478232540846,94.5614252328078,90.6168336289422,166.113151184126,469.699842057562,0,0,6.37730321209699,11.4981071270444,4.98763437387232,4.79899511048259,9.25864672214793,26.247428751833,0,0,0,0,0,0,0,0,356.982289652965,259.254594290632,251.802339146524,492.985468444536,337.531743238911,350.575331326652,239.490485047565,724.913811232764,13.7158255191419,9.96097619261344,9.66529857397128,18.9185425555558,12.9294068835521,13.4301545346387,9.18356988313152,27.7986606162079,289.718539928377,208.514773923123,275.081118301346,549.314300737805,397.630114666109,405.275373408739,338.321124376807,1032.82361497728,11.1314445916164,8.01147115441115,10.5585113217074,21.0784900467349,15.2335167850169,15.5272041650223,12.9710993388297,39.5978780617324,0,0,42.6653038294983,85.899250382925,47.9925915029217,47.2874650716766,106.874224241229,303.655308030384,0,0,0,0,0,0,0,0,717.39578428615,322.381363482081,2766.88657483534,2798.59225004001
"313",2016,2155,26,3364.26425769472,2562.0983965776,707.575402597071,1288.97103563167,315.139697311923,315.107304915997,319.24917977404,946.768435336532,0,0,0,0,0,0,0,0,0,0,1.18557501859391,2.15818836162413,0.612703699327227,0.609090352684353,0.628615480895134,1.85902795057102,0,0,0,0,0,0,0,0,5038.709510113,3494.21038882875,725.568770758426,1332.6274119461,504.481886548116,497.612764989756,1069.36539502166,3100.37659696209,193.595277127914,134.253150972652,27.972778413945,51.3794911892568,19.4416056487887,19.177478200279,41.2825539030368,119.683890180158,20276.9590829621,13852.4675805065,3180.15263651914,5655.98418260262,2400.60755367064,2280.99294794982,4233.05037655783,11986.7058345675,779.070095864811,532.234008823441,123.965995861166,220.885909923922,94.3666647261605,89.7138035171845,167.106610169,473.302309086972,0,0,6.34100784317886,11.4133848341173,4.97797282252236,4.7516248622446,9.31438241526785,26.4506513043902,0,0,0,0,0,0,0,0,357.288914088315,259.278505591598,250.56313499235,489.62912409316,337.264621223567,347.31602545164,240.799376941487,729.696085262818,13.7276065812341,9.96189490181824,9.61775498371405,18.7898556048814,12.9192071137545,13.3054002300992,9.23376780830178,27.9821650952918,289.951842892293,208.511356549428,273.740818655276,545.331335312318,397.454007269152,401.420571917067,340.033131820772,1039.25439670324,11.1404085301756,8.01133985213923,10.5071066750952,20.925810901618,15.2268422832906,15.379668431676,13.0368213889564,39.8448003824078,0,0,42.4401364106434,85.175560485129,47.9227941942285,46.78391643192,107.615891717513,306.137522333541,0,0,0,0,0,0,0,0,720.091912064506,323.434617639941,2777.87597157426,2806.65993879461
"314",2016,2155,26.0833333333333,3354.85995934361,2554.24044857021,702.772862288055,1281.47953022309,314.754291889773,316.976181275036,316.598943763347,941.052948337956,0,0,0,0,0,0,0,0,0,0,1.17864297965955,2.14565435404781,0.611947934110044,0.612589110975881,0.623580691280597,1.84841304061643,0,0,0,0,0,0,0,0,5040.986567251,3493.29382890934,721.480167968298,1324.2901479198,506.276659522393,501.47174396775,1072.50070027065,3113.20199091649,193.682765304556,134.217935274814,27.8152837333755,51.0581295016596,19.5107874477694,19.3262239841744,41.4039631933817,120.180157385169,20283.1300404998,13845.9226317903,3160.90928575953,5619.12065570361,2407.76387115333,2297.79896584724,4244.3637816777,12031.9018694959,779.307232459067,531.982540709251,123.218182509919,219.44310461583,94.648844889166,90.3726193530712,167.558446159445,475.095350509987,0,0,6.30912662238717,11.3424118414018,4.99344952562152,4.78695937129581,9.34146671844183,26.5576785908043,0,0,0,0,0,0,0,0,357.745728955,259.381228449074,249.557294872351,486.924342071571,338.898994964586,350.226910908219,240.399904260422,728.177886718457,13.7451581968255,9.96584167710685,9.57916480590609,18.6861662396034,12.9818423616337,13.4170165947301,9.21851298481291,27.9242659205352,290.253216470236,208.56452988462,272.57394225205,541.999591228368,399.310529693127,404.592893282991,339.627344697643,1038.0721579183,11.1519878484173,8.01338285544669,10.4623551124328,20.7981143535148,15.2980360939449,15.5013590227556,13.02139271326,39.8000004713188,0,0,42.2475793774697,84.5582251312167,48.0961834987777,47.0966488412925,108.096655945519,307.712051170699,0,0,0,0,0,0,0,0,722.671305111237,324.44100127124,2788.37642655301,2814.34267510469
"315",2016,2155,26.1666666666667,3345.67098883707,2546.57078521714,698.126242729837,1274.23032629056,314.331196447875,318.738931725301,313.983880371981,935.409471596892,0,0,0,0,0,0,0,0,0,0,1.17158751602819,2.13321995751771,0.611133749853635,0.615922520504441,0.618581084867136,1.83782214310431,0,0,0,0,0,0,0,0,5042.94153660938,3492.15213862527,717.425328453237,1316.01509305798,507.971861960922,505.171355883639,1075.44301142195,3125.37371534023,193.757878353632,134.174069708343,27.6590767333668,50.739157169412,19.5761342450083,19.4688279597468,41.5179345310478,120.651239323353,20289.4227808576,13839.5015474915,3142.0527183293,5582.94794182937,2414.65964472351,2314.11752473007,4255.65527209979,12077.0184150484,779.549047648611,531.735831674256,122.485235968843,218.027126571361,94.9208838641513,91.0124357196483,168.009430710184,476.885337512601,0,0,6.2764391606544,11.2714705612131,5.008385050881,4.8212906268365,9.36818496902269,26.6635148950331,0,0,0,0,0,0,0,0,358.182760613336,259.472969254052,248.517943138007,484.207054922468,340.470685709516,353.081553674517,240.089142977884,727.003961215898,13.7619497093614,9.96936650439043,9.53928648727496,18.5819931627736,13.0420725037908,13.5264731433143,9.20665381561737,27.8795483556402,290.569717538058,208.627117555048,271.427347394538,538.733514017411,401.167101779999,407.755974890504,339.233741150896,1036.89497279773,11.1641483877906,8.01578757259404,10.4183804379765,20.672933578978,15.3692279821206,15.6226915777498,13.0064275661075,39.7553855363938,0,0,42.0555258960463,83.9476948106047,48.2663041445276,47.4027260251907,108.576407389398,309.284547174454,0,0,0,0,0,0,0,0,725.253921497858,325.447762164547,2798.89357084551,2822.03453823752
"316",2016,2155,26.25,3336.68827435122,2539.08174840516,693.629493288003,1267.21384510858,313.872556289181,320.39988961557,311.403256514912,929.836328673472,0,0,0,0,0,0,0,0,0,0,1.16447130952751,2.1209334104597,0.610259607901992,0.619089882588917,0.613620373423212,1.82727090243944,0,0,0,0,0,0,0,0,5044.61506323164,3490.81501184713,713.412186431532,1307.81803299,509.579577846424,508.726881295539,1078.20989540813,3136.94580377987,193.822177922711,134.122695159235,27.5044635241324,50.4231815759253,19.6381102201102,19.6058776003429,41.6251420980972,121.099209035086,20295.8080783088,13833.1833916149,3123.57152143087,5547.44571303031,2421.29847262342,2329.95665985962,4266.91483442091,12122.0233732614,779.794418542904,531.493077323856,121.766720169399,216.637191928344,95.1829176459427,91.6335616023675,168.459174411419,478.671023980869,0,0,6.24319918814291,11.2007608152703,5.0227679127085,4.85461713362185,9.39453314857625,26.7681427392927,0,0,0,0,0,0,0,0,358.600054863422,259.553566404596,247.450073220414,481.481214157428,341.979861568399,355.875702107373,239.856209788793,726.134868185939,13.7779828785496,9.97246317466412,9.49831175028436,18.4774880503827,13.099903701922,13.6336064620219,9.19777296700941,27.8464999382091,290.897840853929,208.696841430144,270.295524718297,535.524166802755,403.01695737819,410.904418536241,338.856528603486,1035.74360767755,11.1767554713774,8.01846647416029,10.3749711647017,20.5499256664311,15.4401586942392,15.7434591493226,12.9920870337597,39.7117508606749,0,0,41.8638178292543,83.3437277114379,48.4331108239591,47.7021667246163,109.055013700982,310.854624683574,0,0,0,0,0,0,0,0,727.839619683771,326.45485749671,2809.42569433322,2829.73481833322
"317",2016,2155,26.3333333333333,3327.90360742224,2531.76635627985,689.276882841788,1260.42104079089,313.380481396481,321.96329241259,308.85640911325,924.332044067413,0,0,0,0,0,0,0,0,0,0,1.15734481547732,2.10883215688696,0.609325395879338,0.622092174584998,0.608701643653467,1.8167723568719,0,0,0,0,0,0,0,0,5046.04196110122,3489.30791809318,709.446694092857,1299.7110534944,511.109723286624,512.151312471395,1080.81726618032,3147.96788284328,193.877001620711,134.064790207111,27.3516740345569,50.1106680290142,19.6970964069242,19.73787258664,41.7261968097655,121.52597102741,20302.2610648256,13826.9503248022,3105.4551468092,5512.59525694029,2427.68458429492,2345.32506504225,4278.13375030992,12166.8884964039,780.042389680757,531.253592241199,121.062232351751,215.272579184586,95.4351068821744,92.2363316890168,168.907338051941,480.451312867722,0,0,6.20961546735185,11.1304461340054,5.03659518717929,4.88694553968513,9.42051067494863,26.8715549833717,0,0,0,0,0,0,0,0,358.997809534875,259.622980723512,246.358367027064,478.750799310148,343.42740177913,358.606419893546,239.69142064869,725.535220069308,13.7932653053163,9.97513018267739,9.45642037392416,18.3728036855172,13.1553694740661,13.7383037003161,9.19149910835588,27.8237636675174,291.234555616655,208.77174398207,269.174023649223,532.364115742645,404.854111186784,414.033163119087,338.499072256308,1034.63529085839,11.1896926510174,8.02134434879428,10.3319564519449,20.42880538183,15.5105988722478,15.8634676745225,12.9784999204316,39.6697561070761,0,0,41.6723451695298,82.7461284182856,48.5965631273162,47.9949950491778,109.532355863317,312.421934551897,0,0,0,0,0,0,0,0,730.428257871523,327.462243900534,2819.97116333864,2837.44279514326
"318",2016,2155,26.4166666666667,3319.30959192799,2524.61827120698,685.063017714896,1253.84342300263,312.857026514135,323.43324264649,306.342743922501,918.895331215924,0,0,0,0,0,0,0,0,0,0,1.15024831285578,2.09694479824682,0.608332052408646,0.624931621007303,0.6038274503491,1.8063373302075,0,0,0,0,0,0,0,0,5047.2519348122,3487.65262616856,705.533195305949,1291.70321147499,512.57035986748,515.455614868286,1083.27948341205,3158.48533041904,193.92349074564,134.001191244275,27.2008763472925,49.8019654937808,19.7534026919488,19.8652348099944,41.8216500699987,121.93326724587,20308.7606580762,13820.7872095046,3087.69388519333,5478.37942195331,2433.82262875382,2360.23180933858,4289.30445276334,12211.5889953223,780.292151053,531.01679481729,120.371402052708,213.932627120706,95.6776286729517,92.8210953734879,169.353627041104,482.225241005438,0,0,6.17585878147893,11.0606593028622,5.04987004621276,4.9182882178865,9.4461195526553,26.9737525165231,0,0,0,0,0,0,0,0,359.376337638843,259.681269456714,245.247153026258,476.019697379183,344.814681276909,361.271819140543,239.586205478687,725.173442656659,13.8078090160473,9.97736972790976,9.41377858320972,18.2680893271192,13.2085224208172,13.8404923181231,9.18750363952172,27.810128810829,291.577254293244,208.850151904321,268.059321211635,529.247265983072,406.673329544295,417.137530895578,338.163996587502,1033.58408923746,11.2028597411824,8.0243569053831,10.2892010701382,20.3093388753595,15.5803479444126,15.9825377621893,12.9657666406156,39.6299397619146,0,0,41.4810373723017,82.1547416998886,48.7566254089794,48.2812390956237,110.008326707539,313.986160305957,0,0,0,0,0,0,0,0,733.019696148601,328.469878049846,2830.52843601362,2845.15775459213
"319",2016,2155,26.5,3310.89950018143,2517.63168772661,680.982795505881,1247.47297927234,312.304188534912,324.813712648357,303.861721502254,913.525053406819,0,0,0,0,0,0,0,0,0,0,1.14321412196543,2.08529309416346,0.607281240324647,0.627611337241654,0.598999913074103,1.79597486508909,0,0,0,0,0,0,0,0,5048.2705335386,3485.86789368061,701.674804056976,1283.80122314761,513.968080509063,518.649101579158,1085.6095720004,3168.53981764492,193.96262693762,133.932618967998,27.0521912277461,49.4973329974787,19.8072826041532,19.9883227256883,41.9120021689074,122.32269778849,20315.2888551256,13814.6811070329,3070.27869854105,5444.78230614197,2439.71755065145,2374.68621647838,4300.42034911573,12256.1030429909,780.543010965411,530.782187926835,119.693884630787,212.616722777593,95.9106717680538,93.3882120872678,169.797784545439,483.991959864815,0,0,6.14206982861279,10.9915085334171,5.06259971992381,4.94866137662503,9.47136366091032,27.07474229163,0,0,0,0,0,0,0,0,359.736036702017,259.728562939312,244.120408955851,473.291625127961,346.143392865022,363.870802890923,239.532948438247,725.021258990806,13.8216292843514,9.97918681804451,9.37053915096494,18.1634877229839,13.2594273913953,13.9401301915334,9.18549456518813,27.8045111128843,291.923682991349,208.930628026704,266.948653072361,526.168628090928,408.470055236068,420.213237956457,337.853310728786,1032.60140934364,11.2161701437762,8.02744892554863,10.2465989160371,20.1913347209643,15.6492312537128,16.1005051081718,12.9539640272201,39.5927383484169,0,0,41.2898541497552,81.569443511866,48.9132671151369,48.5609312376669,110.482829284447,315.547013682012,0,0,0,0,0,0,0,0,735.613797211045,329.477717013704,2841.09606296412,2852.87899825248
"320",2016,2155,26.5833333333333,3302.66720749818,2510.80128199536,677.031386695359,1241.30214356277,311.723903056368,326.108543175037,301.412850505586,908.220205018859,0,0,0,0,0,0,0,0,0,0,1.13626763683533,2.07389289638089,0.606175196797259,0.630135161634458,0.594220761945084,1.78569242643081,0,0,0,0,0,0,0,0,5049.11959307516,3483.9697865013,697.873589236083,1276.00979896413,515.308197509668,521.739614025017,1087.81931282853,3178.16951641046,193.995249162805,133.859690654775,26.9056992178236,49.1969524797556,19.8589405226317,20.1074382780878,41.9977057521737,122.695728825371,20321.830405228,13808.6210443915,3053.20114415017,5411.78911529533,2445.37452569772,2388.69779847796,4311.47574294079,12300.411561872,780.79438346691,530.549349969646,119.029358331982,211.324295965257,96.134434069417,93.9380487344579,170.239588461946,485.750727317671,0,0,6.10836290431686,10.9230803724289,5.07479459032292,4.97808419258163,9.49624840992715,27.174536365943,0,0,0,0,0,0,0,0,360.07737315496,259.765052913515,242.981762209425,470.570090873746,347.415459894583,366.402938081532,239.524915907887,725.053461566602,13.8347440312352,9.98058882012382,9.32684141074927,18.0591336397657,13.3081581272457,14.0372007300783,9.18521373303633,27.8059440613242,292.271909934597,209.011949396674,265.839927661676,523.124199721595,410.240371310752,423.256403257512,337.568471705298,1031.69624441179,11.2295496369069,8.03057342149757,10.2040697167723,20.0746393769275,15.7170986763855,16.217220848938,12.9431477574672,39.5584959038733,0,0,41.098781019058,80.9901366204581,49.066462939261,48.8341082576652,110.955776192335,317.10423283893,0,0,0,0,0,0,0,0,738.210426857304,330.485718476504,2851.67268786987,2860.60584820513
"321",2016,2155,26.6666666666667,3294.60710598183,2504.12214479211,673.204207689315,1235.32375071804,311.118042452971,327.321445466046,298.995679363309,902.979888211635,0,0,0,0,0,0,0,0,0,0,1.12942864148582,2.06275533190906,0.605016548093635,0.632507448863072,0.589491396846261,1.77549616298139,0,0,0,0,0,0,0,0,5049.81781363964,3481.97209581308,694.130799115514,1268.33205297827,516.594979106173,524.733756849339,1089.91937632595,3187.40942676187,194.022075913465,133.782936183887,26.7614492557589,48.9009445018177,19.9085407453803,20.222835906167,42.079170929472,123.053705107342,20328.3723813968,13802.5977094747,3036.45327735114,5379.38598137819,2450.79888485208,2402.27617901656,4322.46572458645,12344.4979159442,781.04577188867,530.317923159588,118.377520531682,210.054812244309,96.3491196928198,94.4709767248274,170.678847174966,487.500895706641,0,0,6.07483062535839,10.8554434343782,5.08646706696872,5.00657775127265,9.52078032225327,27.2731507188928,0,0,0,0,0,0,0,0,360.400863700742,259.790978322135,241.834498086898,467.858356875098,348.63293506234,368.868301463219,239.556155602233,725.247585196822,13.8471731092563,9.98158491471261,9.2828115716679,17.9551524156872,13.3547933716424,14.13170695466,9.18643296447218,27.8135663417692,292.62028263708,209.093077813644,264.731618651086,520.110816749559,411.980946426131,426.263546975511,337.310465763743,1030.87549961642,11.2429347294632,8.03369050390237,10.1615549028196,19.9591314743193,15.7838225329795,16.3325515063194,12.9333554719124,39.5274764521375,0,0,40.9078237821896,80.4167451873762,49.2161928982359,49.1008113970851,111.427088569642,318.657579623485,0,0,0,0,0,0,0,0,740.809454427828,331.493840955275,2862.25704610714,2868.3376518934
"322",2016,2155,26.75,3286.71402758454,2497.58972171848,669.496896659541,1229.5309956092,310.488414358697,328.456003329151,296.609788915006,897.803292267177,0,0,0,0,0,0,0,0,0,0,1.12271244999818,2.0518878219903,0.603808159636746,0.634732897727351,0.584812940948054,1.76539113934837,0,0,0,0,0,0,0,0,5050.38127528376,3479.88671015651,690.447056696597,1260.7698609414,517.831860552346,527.637112032429,1091.91944420999,3196.29167543554,194.043725010903,133.702812332078,26.6194661793172,48.6093819909127,19.9562155826514,20.3347307540235,42.1567699302502,123.39786136899,20334.9037981582,13796.6031789614,3020.02756769868,5347.55980523703,2455.99604805533,2415.4310248222,4333.38607088625,12388.3476267936,781.296754157615,530.087603069847,117.738084496608,208.807766842747,96.5549363977651,94.9873693157472,171.115395670517,489.241900853434,0,0,6.04154806347017,10.7886517073898,5.09763070627129,5.03416420056306,9.5449666779585,27.3706042228487,0,0,0,0,0,0,0,0,360.707058986208,259.806612773417,240.681574397396,465.159416258616,349.797918143012,371.267345841042,239.621401795428,725.583597528137,13.8589376751465,9.98218561427703,9.23856327674917,17.851659071029,13.3994137059208,14.2236663553435,9.18895041960208,27.8266099691583,292.967388899585,209.173133099242,263.622664475999,517.126013161432,413.688977181245,429.231580827759,337.079885453985,1030.14430193458,11.2562711625285,8.03676635490178,10.1190137512305,19.8447164413123,15.8492953827469,16.4463786227186,12.9246097306026,39.4998758867969,0,0,40.7170037112718,79.8492100041789,49.3624422632912,49.3610862758269,111.896695172408,320.206837091034,0,0,0,0,0,0,0,0,743.410753160146,332.502043982779,2872.84796155027,2876.07378540607
"323",2016,2155,26.8333333333333,3278.98319465648,2491.19977467486,665.90529740207,1223.91740589504,309.83676136324,329.51567545366,294.25478779243,892.689680663637,0,0,0,0,0,0,0,0,0,0,1.11613058823472,2.0412946830907,0.602553060624949,0.636816457928352,0.58018627576566,1.75538148226259,0,0,0,0,0,0,0,0,5050.82376707374,3477.72385317423,686.822476836606,1253.32407776522,519.021577197311,530.454379835936,1093.8282924915,3204.84572233762,194.060726253093,133.619711908044,26.4797552273669,48.3222985907688,20.0020704614964,20.4433040779254,42.2308402779159,123.729330214356,20341.4153673411,13790.6307442364,3003.91684884733,5316.29816147346,2460.97148500607,2428.17200353975,4344.23317702562,12431.9481774641,781.546973413529,529.858131944564,117.110777447347,207.582680975081,96.7520940631965,95.4875999774359,171.549092898374,490.973254471902,0,0,6.00857527261965,10.7227466224453,5.10829980675634,5.06086634110725,9.56881531538584,27.4669180287752,0,0,0,0,0,0,0,0,360.996533804206,259.812256867018,239.525640323422,462.475992184221,350.912514810129,373.600820954188,239.716008209746,726.043676378206,13.8700598133668,9.98240246833656,9.19419832519609,17.7487582729196,13.4420999641606,14.3131078483018,9.19258802298457,27.8443917478288,293.312030721407,209.251375375873,262.512399420836,514.167923574157,415.362139935983,432.15779059594,336.876983885597,1029.50622124517,11.2695129070312,8.03977254721471,10.0764207401715,19.7313227625494,15.913428179208,16.5585980941916,12.9169200937509,39.4758304500077,0,0,40.5263546525882,79.2874855697358,49.505201332094,49.6149826747185,112.36453173978,321.751807822739,0,0,0,0,0,0,0,0,746.014200339023,333.510288200458,2883.44434189855,2883.81365412664
"324",2016,2155,26.9166666666667,3271.41016961573,2484.94834266462,662.425442884205,1218.47681425725,309.16476079448,330.503797830842,291.930307787021,887.6383780436,0,0,0,0,0,0,0,0,0,0,1.10969149838452,2.03097774932935,0.601254362597691,0.63876323154149,0.575612076588121,1.74547052961258,0,0,0,0,0,0,0,0,5051.15712401286,3475.49232666732,683.256784199797,1245.99475656188,520.166299305715,533.189522195194,1095.65387781967,3213.09857771087,194.073534359788,133.53397309106,26.3423065730569,48.0396970724304,20.0461890970566,20.5487087473959,42.3016880920345,124.049150412175,20347.899247909,13784.6747332915,2988.11426767394,5285.58920201032,2465.73067539472,2440.50874103494,4355.00398620271,12475.2888090388,781.796128397209,529.629291855984,116.495338592132,206.379098111433,96.9408031416696,95.9720407356658,171.979819048426,492.69453629904,0,0,5.97595989030962,10.6577591711767,5.11848896196436,5.08670718477502,9.59233442440864,27.5621149337954,0,0,0,0,0,0,0,0,361.269877152326,259.808230397946,238.369055030516,459.810536261818,351.978794629308,375.869693630643,239.835879577124,726.611982132147,13.8805621541471,9.98224776392665,9.14980738506474,17.6465442716327,13.4829316162217,14.4000687050237,9.19718883842593,27.8663045418965,293.653197504769,209.327186886768,261.40048499276,511.235186387242,416.998542358855,435.039817766704,336.701729172173,1028.96349304397,11.2826211342167,8.04268534563775,10.0337629144091,19.6188982626646,15.9761484152033,16.6691194694752,12.9102852095255,39.4554252730175,0,0,40.3359200582011,78.7315371197559,49.6444652236805,49.8625543284549,112.830540334223,323.292312161854,0,0,0,0,0,0,0,0,748.619677441286,334.518535450388,2894.04517410148,2891.55669344378
"325",2017,2155,27,3264.12411163804,2478.90779868876,659.150901139666,1214.2793915232,308.61060014392,331.758295433995,289.208725066397,881.116391981732,0,0,0,0,0,0,0,0,0,0,1.10388296142525,2.02295926952283,0.600181250866986,0.641225538493617,0.57033681256591,1.73301322609107,0,0,0,0,0,0,0,0,5051.51416545945,3473.33518208598,679.924133637579,1239.88835778897,521.498493715179,536.386862868412,1096.86975612879,3219.30747957467,194.087252463136,133.451092146606,26.213851918771,47.8042560058274,20.0975304768303,20.6719228376662,42.3490200417077,124.290136039021,20354.8876260336,13779.25637054,2973.33846541795,5260.12337323987,2471.37397223224,2454.92810224919,4363.28837058559,12510.7124757704,782.064666493611,529.421109081211,115.920124991434,205.380516164048,97.1643209936351,96.5384803038529,172.313249791269,494.106100184911,0,0,5.94634673341118,10.6043134844364,5.13048703601,5.11687407173746,9.61062780716588,27.6406148693429,0,0,0,0,0,0,0,0,361.537872893205,259.809957775025,237.30821571218,457.628915718782,353.156273974002,378.473352182711,239.718260029801,726.461007641827,13.8908590306293,9.98231413150492,9.10909036387857,17.5628958005662,13.5280193026581,14.4998503105302,9.19267944411968,27.8606154996087,293.997205788889,209.408444259213,260.395169127585,508.829044027001,418.78246360758,438.318374614777,336.253441340625,1027.57717438497,11.2958385355433,8.04580738278979,9.99519512100784,19.5266781884885,16.0445162506036,16.7948292408509,12.8931768733055,39.4026529223324,0,0,40.1635405775167,78.259773063277,49.8023147254219,50.1544843866215,113.254852192826,324.700947639347,0,0,0,0,0,0,0,0,751.226556648642,335.520961296608,2904.64796390659,2899.25883505701
