"","year","sim_id","time","N_1_1_1_1","N_1_1_1_2","N_1_1_2_1","N_1_1_2_2","N_1_1_3_1","N_1_1_3_2","N_1_1_4_1","N_1_1_4_2","N_1_2_1_1","N_1_2_1_2","N_1_2_2_1","N_1_2_2_2","N_1_2_3_1","N_1_2_3_2","N_1_2_4_1","N_1_2_4_2","N_2_1_1_1","N_2_1_1_2","N_2_1_2_1","N_2_1_2_2","N_2_1_3_1","N_2_1_3_2","N_2_1_4_1","N_2_1_4_2","N_2_2_1_1","N_2_2_1_2","N_2_2_2_1","N_2_2_2_2","N_2_2_3_1","N_2_2_3_2","N_2_2_4_1","N_2_2_4_2","N_3_1_1_1","N_3_1_1_2","N_3_1_2_1","N_3_1_2_2","N_3_1_3_1","N_3_1_3_2","N_3_1_4_1","N_3_1_4_2","N_3_2_1_1","N_3_2_1_2","N_3_2_2_1","N_3_2_2_2","N_3_2_3_1","N_3_2_3_2","N_3_2_4_1","N_3_2_4_2","N_4_1_1_1","N_4_1_1_2","N_4_1_2_1","N_4_1_2_2","N_4_1_3_1","N_4_1_3_2","N_4_1_4_1","N_4_1_4_2","N_4_2_1_1","N_4_2_1_2","N_4_2_2_1","N_4_2_2_2","N_4_2_3_1","N_4_2_3_2","N_4_2_4_1","N_4_2_4_2","N_5_1_1_1","N_5_1_1_2","N_5_1_2_1","N_5_1_2_2","N_5_1_3_1","N_5_1_3_2","N_5_1_4_1","N_5_1_4_2","N_5_2_1_1","N_5_2_1_2","N_5_2_2_1","N_5_2_2_2","N_5_2_3_1","N_5_2_3_2","N_5_2_4_1","N_5_2_4_2","N_6_1_1_1","N_6_1_1_2","N_6_1_2_1","N_6_1_2_2","N_6_1_3_1","N_6_1_3_2","N_6_1_4_1","N_6_1_4_2","N_6_2_1_1","N_6_2_1_2","N_6_2_2_1","N_6_2_2_2","N_6_2_3_1","N_6_2_3_2","N_6_2_4_1","N_6_2_4_2","N_7_1_1_1","N_7_1_1_2","N_7_1_2_1","N_7_1_2_2","N_7_1_3_1","N_7_1_3_2","N_7_1_4_1","N_7_1_4_2","N_7_2_1_1","N_7_2_1_2","N_7_2_2_1","N_7_2_2_2","N_7_2_3_1","N_7_2_3_2","N_7_2_4_1","N_7_2_4_2","N_8_1_1_1","N_8_1_1_2","N_8_1_2_1","N_8_1_2_2","N_8_1_3_1","N_8_1_3_2","N_8_1_4_1","N_8_1_4_2","N_8_2_1_1","N_8_2_1_2","N_8_2_2_1","N_8_2_2_2","N_8_2_3_1","N_8_2_3_2","N_8_2_4_1","N_8_2_4_2","HIV_neg_male","HIV_neg_female","HIV_pos_male","HIV_pos_female"
"1",1990,1634,0,9632.09992565378,9703.64126052408,430.147861497498,814.526800786665,177.703059682053,252.653066989068,0,0,0,0,0,0,0,0,0,0,0,0,0.657818472463799,1.26371775264622,0.318049688928294,0.452905674841616,0,0,0,0,0,0,0,0,0,0,1872.02902146874,1897.47942102423,56.3321953219345,106.111755002266,17.5852199142479,24.9876769082569,0,0,71.9263486960992,72.9041937465177,2.17029900560236,4.0884257560612,0.677669794813474,0.96294714026972,0,0,32354.6865922677,32861.6322819775,1160.57844610629,2184.80026604259,415.158968155265,587.819077253498,0,0,1243.03551178503,1262.59856014336,44.9265289732921,84.6195010585071,16.1820239440542,22.9201979585662,0,0,0,0,1.77001743945086,3.37751109736416,0.726686987824787,1.0307057987283,0,0,0,0,0,0,0,0,0,0,202.098611203829,204.850067301465,25.3204595070006,48.4732607109572,17.0840594390751,24.2880210634124,0,0,7.76481308286845,7.8706707269687,0.967991394157726,1.85259536131097,0.649687285285038,0.923502563249138,0,0,826.00407657429,839.406995179619,62.7882443041511,122.780123504037,46.1545640300465,66.1269115255042,0,0,31.7356066778488,32.2513829238474,2.40508684522004,4.70205985487065,1.76096424664967,2.52277314018811,0,0,0,0,6.88803197450815,13.8949902904083,4.83979045904617,7.01214133977514,0,0,0,0,0,0,0,0,0,0,0,0,0,0
"2",1990,1634,0.0833333333333333,9618.75173914932,9680.10629503901,443.13214839974,838.689947266848,180.562249407836,257.331229899072,0,0,0,0,0,0,0,0,0,0,0,0,0.668137831761523,1.28465574642103,0.323151268373293,0.461284099086495,0,0,0,0,0,0,0,0,0,0,1873.29363057683,1896.74073433777,58.728394105664,110.538910830604,18.0155826140822,25.6601892199242,0,0,71.9749370003559,72.8758122227389,2.26249755447607,4.25879241093758,0.694252604313915,0.988861214906356,0,0,32289.5487830529,32760.8310024815,1203.66484461962,2264.83195774779,424.223815263366,602.064803860896,0,0,1240.53331058474,1258.72559909803,46.5896859384556,87.7110645219928,16.5364875590659,23.4773843952454,0,0,0,0,1.80744702905717,3.45201370190108,0.742520804651728,1.05567622998467,0,0,0,0,0,0,0,0,0,0,201.180117373967,204.12384981038,25.7707694596705,49.5451212589449,17.2208644680158,24.7062511614302,0,0,7.72952456664256,7.84276825460879,0.985220854651162,1.89357910574527,0.6548655972094,0.93936846036946,0,0,823.236944884324,835.70929243237,64.6278373987527,126.430422723396,47.3339520349911,67.9932918649838,0,0,31.6292947354682,32.1093110412739,2.47556652090874,4.84186128826031,1.80588759392578,2.59386369321791,0,0,0,0,7.04941008842206,14.2420344257859,4.96987958504808,7.21901962773025,0,0,0,0,0,0,0,0,0,0,1.131286774597,0.657630492651099,0.726827584029641,0.687032855262887
"3",1990,1634,0.166666666666667,9605.58862888578,9656.85461311639,455.859454698415,862.438461114817,183.529850199178,262.165776997569,0,0,0,0,0,0,0,0,0,0,0,0,0.680264099583451,1.30875604410281,0.328352539707015,0.469821699051548,0,0,0,0,0,0,0,0,0,0,1874.35355450032,1895.79844571665,61.0463101329344,114.83578529866,18.4615408550729,26.3554870515522,0,0,72.0156609724942,72.8396079870366,2.3517030280433,4.42417971656421,0.711435897150945,1.0156527601317,0,0,32224.9187799504,32660.7716855325,1245.96579634297,2343.61500393976,433.669638374203,616.864678595257,0,0,1238.05061717967,1254.88114554206,48.2230234485888,90.7553436425858,16.9057184788411,24.0560914167059,0,0,0,0,1.85081282392711,3.53699908613098,0.758761130563961,1.08128297053211,0,0,0,0,0,0,0,0,0,0,200.318659885325,203.430357569677,26.2766813426212,50.7050510239184,17.3871169818692,25.1545896170481,0,0,7.69642742846399,7.81612313953093,1.00458088555749,1.93793787155557,0.661164271002806,0.956379454725104,0,0,820.46409353991,832.035161871716,66.4505764939389,130.073405512468,48.5218140753043,69.8918076344084,0,0,31.5227630228711,31.9681448419037,2.5453980674568,4.98137571007433,1.85113529459047,2.66617896796141,0,0,0,0,7.21433868114569,14.5968605292618,5.10258771252648,7.43056680698474,0,0,0,0,0,0,0,0,0,0,2.25758253021657,1.31297887465433,1.46332426730873,1.3880572698269
"4",1990,1634,0.25,9592.59591708969,9633.87050031336,468.334471327183,885.778527144898,186.601726098096,267.151720387257,0,0,0,0,0,0,0,0,0,0,0,0,0.693826475240717,1.33538898879261,0.333682841294393,0.478556953000508,0,0,0,0,0,0,0,0,0,0,1875.26341669552,1894.70869420029,63.2923695391919,119.013457557388,18.9225647543196,27.0731996987083,0,0,72.0506193330574,72.7977379910806,2.43816026509136,4.58500985322122,0.729199490194175,1.04330776639291,0,0,32160.7605648939,32561.4159448698,1287.49208621575,2421.16211301268,443.484328296466,632.204519408851,0,0,1235.58604778194,1251.06372461154,49.8269409265977,93.7528033614296,17.289258041679,24.6557838727242,0,0,0,0,1.898867481952,3.63033647597016,0.775498931324175,1.10764665009176,0,0,0,0,0,0,0,0,0,0,199.509998573027,202.766950708834,26.8297577107815,51.9400645975676,17.5817246688414,25.6329081446274,0,0,7.66535875727227,7.79063395364643,1.02574721702714,1.98517227087233,0.668542024983791,0.974530975755893,0,0,817.683920305402,828.381134855052,68.2607309006568,133.715231893822,49.7199160514541,71.8239179756141,0,0,31.4159499816147,31.8277510548153,2.61474510497601,5.12083929881828,1.89677441056827,2.73977431822595,0,0,0,0,7.38361686817024,14.9608873326388,5.23799232210017,7.6469081265726,0,0,0,0,0,0,0,0,0,0,3.37919510754286,1.96614603337487,2.21082074944469,2.1040728647583
"5",1990,1634,0.333333333333333,9579.76049299393,9611.13988030429,480.561738447871,908.7161303524,189.773851523454,272.284184345935,0,0,0,0,0,0,0,0,0,0,0,0,0.708517474836422,1.3640299202773,0.339162288208268,0.487516529605375,0,0,0,0,0,0,0,0,0,0,1876.07023324202,1893.5196730201,65.4725667030677,123.082269498499,19.39819845697,27.813017156443,0,0,72.0816185150104,72.7520538958916,2.52209775733051,4.74167707403363,0.747526000832579,1.07181450309767,0,0,32097.0433093929,32462.7308089479,1328.25451824297,2497.48617461927,453.656005887184,648.070358167608,0,0,1233.13841798679,1247.27206948484,51.401838836327,96.7039159209377,17.6866560744109,25.2759344233411,0,0,0,0,1.95058227969517,3.73026016655307,0.792795106326973,1.13484924994754,0,0,0,0,0,0,0,0,0,0,198.750360027578,202.131357653462,27.422623114724,53.2387569438206,17.8035832301599,26.1409603843545,0,0,7.63617357532423,7.76621341939518,1.04843646433459,2.03484380272087,0.676957021636917,0.99381384415553,0,0,814.895174916471,824.744235582883,70.0618072185485,137.360914754628,50.9299497453303,73.7910968262587,0,0,31.3088075761074,31.6880153449254,2.6837419549353,5.26044413602975,1.94286921848609,2.81470570016351,0,0,0,0,7.55783980941133,15.3351882087571,5.37619013316527,7.86819460079083,0,0,0,0,0,0,0,0,0,0,4.4964099045177,2.61722496731912,2.97052072811972,2.83598711847598
"6",1990,1634,0.416666666666667,9567.07063381312,9588.65012697167,492.545658892111,931.257077504802,193.042307498413,277.558401275829,0,0,0,0,0,0,0,0,0,0,0,0,0.724082430966799,1.39424212806734,0.344803860573921,0.496717913655772,0,0,0,0,0,0,0,0,0,0,1876.81434730706,1892.2726167817,67.5924717235519,127.051838289289,19.888053758595,28.5746868299927,0,0,72.1102085673533,72.7041400009584,2.60372791310942,4.89454814885552,0.766400609565894,1.10116340115988,0,0,32033.7407223105,32364.6880335991,1368.26390385328,2572.60024166627,464.173027788265,664.448448347518,0,0,1230.70671771416,1243.5050949739,52.948118246926,99.6091601970747,18.0974711154266,25.9160238333852,0,0,0,0,2.00510993806283,3.83530869670622,0.810687622686871,1.16294311562244,0,0,0,0,0,0,0,0,0,0,198.036382254214,201.521624168216,28.0488465400571,54.5911370470649,18.0515930933958,26.6784085663478,0,0,7.60874271192587,7.74278645189297,1.07240159063419,2.08656842581065,0.68636752346327,1.01421530874859,0,0,812.096913514072,821.121924911126,71.8566515597444,141.014468593084,52.1535239339995,75.7948124106158,0,0,31.2012995429552,31.5488401541657,2.75249757395311,5.40034393494941,1.98948086036137,2.89102887875847,0,0,0,0,7.73743556325471,15.7205516356764,5.51729031305575,8.09459429882562,0,0,0,0,0,0,0,0,0,0,5.6094921677764,3.26630183707289,3.74351294963375,3.58462443291291
"7",1990,1634,0.5,9554.51581014057,9566.38986040488,504.290514498757,953.407021689698,196.403273979652,282.969703341543,0,0,0,0,0,0,0,0,0,0,0,0,0.740309398119145,1.4256603560238,0.350615248371396,0.506171737758493,0,0,0,0,0,0,0,0,0,0,1877.53041774556,1891.00284147829,69.6572545340022,130.93109728384,20.3918023978099,29.358008709855,0,0,72.1377211387184,72.6553532032157,2.68324795677531,5.04396389220762,0.785810771263484,1.13134687636062,0,0,31970.8303640922,32267.2633812679,1407.53105494544,2646.51751366291,475.023979931682,681.325259565095,0,0,1228.29008486135,1239.7618698313,54.466180560997,102.469021060689,18.5212701788578,26.5755407755032,0,0,0,0,2.06174915208357,3.94426644603568,0.829197729947309,1.19195884820323,0,0,0,0,0,0,0,0,0,0,197.365055487928,200.936061217453,28.7028122534423,55.9884419361837,18.3246722854731,27.2448480177505,0,0,7.58295052946347,7.72028815565424,1.09742692717016,2.1400093813258,0.696732401140087,1.0357199997132,0,0,809.288451242843,817.512039760685,73.6475550994014,144.679064489398,53.3921603765309,77.8365110172621,0,0,31.0933995697829,31.4101423734991,2.82109961343007,5.54066000551042,2.03666718122671,2.96879879914982,0,0,0,0,7.92269971332202,16.1175384690289,5.66140888361633,8.32628511884495,0,0,0,0,0,0,0,0,0,0,6.71868958247688,3.91345706449274,4.53078521585805,4.35073658044741
"8",1990,1634,0.583333333333333,9542.08657010442,9544.34882533263,515.800474610849,975.171475783245,199.853026908171,288.51351912512,0,0,0,0,0,0,0,0,0,0,0,0,0.757023271660719,1.4579811678304,0.356599891596258,0.515883103207157,0,0,0,0,0,0,0,0,0,0,1878.24801380587,1889.74037145542,71.6716957766069,134.728313947524,20.9091708639844,30.1628317220937,0,0,72.1652923269129,72.6068470860337,2.76084033031905,5.19023982590194,0.805746020276385,1.16235919460282,0,0,31908.2932328457,32170.4361851464,1446.06677701526,2719.25132521743,486.197678954112,698.687479743699,0,0,1225.88778940021,1236.04160000364,55.9564272553201,105.283988946509,18.9576288112646,27.2539819134456,0,0,0,0,2.1199239955593,4.05612962830703,0.848333414267389,1.22190971315119,0,0,0,0,0,0,0,0,0,0,196.733687393747,200.373213581664,29.3796426865776,57.4230259488902,18.62176527624,27.8398230986757,0,0,7.55869358634874,7.6986626187851,1.12332520068621,2.19487292058162,0.708011480959058,1.05831054737456,0,0,806.469332844923,813.912756493407,75.4363187126804,148.357125223602,54.6472901389699,79.9176056285846,0,0,30.9850901654431,31.271851935764,2.88961690556906,5.68148491553395,2.08448258335007,3.04806914679245,0,0,0,0,8.1138156732265,16.5265155723643,5.80866548751739,8.56345057280436,0,0,0,0,0,0,0,0,0,0,7.82423373814493,4.55876597793296,5.33323264753039,5.13500891869999
"9",1990,1634,0.666666666666667,9529.77440260165,9522.51774809275,527.079606116456,996.555827507947,203.387933406906,294.185368410032,0,0,0,0,0,0,0,0,0,0,0,0,0.774079208453559,1.49095213964886,0.362758098942737,0.525853002150001,0,0,0,0,0,0,0,0,0,0,1878.99230812058,1888.51066704566,73.6402084967611,138.451126461006,21.4399343507358,30.9890494711203,0,0,72.1938893047367,72.5595998761054,2.8366735070718,5.33366755320279,0.826197743137552,1.19419631433878,0,0,31846.1132841121,32074.1888454048,1483.88186052208,2790.81512858926,497.683169174062,716.522013100199,0,0,1223.49921492671,1232.34360927579,57.4192595478345,108.054559186806,19.4061309843339,27.9508518323698,0,0,0,0,2.17916094700846,4.17006826555315,0.868093103654935,1.25279637271704,0,0,0,0,0,0,0,0,0,0,196.139862085102,199.831824048146,30.0751062290541,58.8882268896332,18.9418509149075,28.4628437749237,0,0,7.53587906244803,7.67786153713185,1.14993398038527,2.25090314338075,0.720165858711216,1.08196822639754,0,0,803.639298989039,810.322547972169,77.2243269813934,152.05043477464,55.920251856034,82.0394652743971,0,0,30.8763613663718,31.1339101658523,2.95810230904993,5.82288670437839,2.13297795409303,3.12889193513323,0,0,0,0,8.31087710870779,16.9476931151511,5.95918009384922,8.80627547450615,0,0,0,0,0,0,0,0,0,0,8.92634191009588,5.2022995528384,6.15166785222961,5.9380679720213
"10",1990,1634,0.75,9517.57162032074,9500.88821436833,538.131881471332,1017.56535141449,207.004447861015,299.980857976771,0,0,0,0,0,0,0,0,0,0,0,0,0.791357382741911,1.52436320353696,0.36908787577462,0.536079376684087,0,0,0,0,0,0,0,0,0,0,1879.78466699433,1887.33524389207,75.5668593462418,142.106579343573,21.9839110699753,31.8365958449646,0,0,72.2243329997823,72.5144382388439,2.91090278893048,5.47451609912218,0.847158964219389,1.22685572268824,0,0,31784.2770224715,31978.506401159,1520.98707195671,2861.22247615438,509.469720307548,734.815978950371,0,0,1221.12384297043,1228.66732282532,58.8550780535285,110.781231341832,19.8663690151025,28.6656629996649,0,0,0,0,2.23907068922908,4.2853959130091,0.888468360858032,1.28461034765997,0,0,0,0,0,0,0,0,0,0,195.581405522305,199.31080351004,30.7855376803076,60.378249778414,19.2839482137381,29.1133991071838,0,0,7.51442342964482,7.65784306543784,1.17711261418028,2.30787751719895,0.733158129153896,1.10667347990595,0,0,800.798257273334,806.740146427251,79.0126110789311,155.760232007593,57.2122913606351,84.2034069071615,0,0,30.7672096225094,30.9962683539751,3.02659512646272,5.96491248724217,2.18220064734406,3.2113171909817,0,0,0,0,8.51390566446585,17.3811542316682,6.11307066307706,9.05494283729846,0,0,0,0,0,0,0,0,0,0,10.0252185634733,5.84412502130996,6.98682985045437,6.76048807593074
"11",1990,1634,0.833333333333333,9505.47126573987,9479.45257104624,548.961184727916,1038.20521773285,210.699108736922,305.895678258943,0,0,0,0,0,0,0,0,0,0,0,0,0.808759117289075,1.55804022271868,0.375585477173739,0.546557831851943,0,0,0,0,0,0,0,0,0,0,1880.64312151194,1886.23216651537,77.4553888416006,145.701157461477,22.5409572801686,32.7054408756727,0,0,72.2573161951629,72.4720562420236,2.9836710702426,5.61303319338153,0.868624157818009,1.26033628017732,0,0,31722.7731764528,31883.3761902846,1557.39314537717,2930.4870037401,521.546825249922,753.556710580905,0,0,1218.7612405046,1225.0122541519,60.2642824576963,113.464508562227,20.3379434883565,29.397935728198,0,0,0,0,2.29933478069206,4.40154735432906,0.909445639879561,1.31733629409196,0,0,0,0,0,0,0,0,0,0,195.05635808959,198.809207710414,31.5077736648028,61.88807163962,19.6471198015634,29.7909671838997,0,0,7.49425139821284,7.63857092381389,1.20473974252376,2.36560320943122,0.746952524241541,1.13240630542875,0,0,797.94625889704,803.164513291545,80.8018986438802,159.487285598327,58.52456268904,86.4106900986963,0,0,30.6576369010199,30.8588865966813,3.09512302100735,6.10759133682132,2.23219451884815,3.29539274906151,0,0,0,0,8.7228638828819,17.8268767987244,6.27045170525892,9.30963191301798,0,0,0,0,0,0,0,0,0,0,11.1210565530126,6.48430633919057,7.83939149258537,7.60279688134509
"12",1990,1634,0.916666666666667,9493.46702242509,9458.20383377091,559.571316996266,1058.48050025095,214.468535486384,311.92560010574,0,0,0,0,0,0,0,0,0,0,0,0,0.826203280017022,1.59183900483966,0.382245918028604,0.557282292712073,0,0,0,0,0,0,0,0,0,0,1881.5828109155,1885.21651210537,79.3092324387504,149.240821551496,23.1109626486016,33.595586906921,0,0,72.2934205647699,72.433033175388,3.05510963369177,5.74944661258935,0.890589072806797,1.29463807696798,0,0,31661.5923928626,31788.7875300393,1593.11077360142,2998.62241321714,533.904197656321,772.731753925045,0,0,1216.41104820221,1221.37799280631,61.6472711755729,116.104896922228,20.8204631715059,30.1471981322706,0,0,0,0,2.35969324755258,4.51805783027558,0.93100790968849,1.3509541054045,0,0,0,0,0,0,0,0,0,0,194.562948752613,198.326215525232,32.2390913422004,63.4133508498104,20.0304746693947,30.4950240371219,0,0,7.47529492391303,7.62001356333522,1.23271093920057,2.423913595498,0.761515023935018,1.15914660161188,0,0,795.083476784536,799.594810771602,82.5926605321099,163.231964425226,59.8581294838973,88.6625124639549,0,0,30.5476498458098,30.7217327045714,3.16370381317224,6.25093699057173,2.28299997704,3.38116407467395,0,0,0,0,8.93766720629428,18.2847536873311,6.43143297062285,9.57051640570815,0,0,0,0,0,0,0,0,0,0,12.2140382597622,7.12290462077638,8.70996655605706,8.46548061533445
"13",1991,1634,1,9479.26052636263,9433.40322282091,572.11836131005,1082.16364536011,218.304646366152,318.100078090762,0,0,0,0,0,0,0,0,0,0,0,0,0.843791263286282,1.62603147250017,0.389043008894276,0.568290230535089,0,0,0,0,0,0,0,0,0,0,1882.25579973621,1883.71863524751,81.4724045217542,153.323642467212,23.693684183144,34.5111652732023,0,0,72.3192778714848,72.3754823511503,3.13843641113286,5.90673675685566,0.913044213680757,1.32992014716436,0,0,31594.6017382892,31684.8200566153,1633.97492430382,3075.82086228372,546.521370989411,792.414631540145,0,0,1213.83764263603,1217.38338200148,63.2282161609437,119.094046839,21.3131283258417,30.9163177202347,0,0,0,0,2.4204148740734,4.63566206663076,0.953086570292949,1.385550217033,0,0,0,0,0,0,0,0,0,0,194.044140799457,197.798336304144,33.0204444654217,65.0433976123838,20.4289755057251,31.2346242108801,0,0,7.45536259446176,7.5997315709767,1.26260058500041,2.48623819791882,0.776654033894704,1.18723843033996,0,0,792.070256815721,795.805371273833,84.5180095189766,167.232282643799,61.2109872012994,90.9677570475607,0,0,30.4318828495179,30.5761361618117,3.23745181991343,6.40409306573643,2.33454054606103,3.46896983867677,0,0,0,0,9.1579660561031,18.7553722018803,6.59575987735009,9.83852187132169,0,0,0,0,0,0,0,0,0,0,13.315177936621,7.74440080633495,9.60823569490584,9.32761160951242
"14",1991,1634,1.08333333333333,9463.67940995636,9406.40400461102,585.795415125321,1107.85208760112,222.235828002756,324.443406866078,0,0,0,0,0,0,0,0,0,0,0,0,0.862154815038783,1.6616728378151,0.395988694867067,0.579574990437136,0,0,0,0,0,0,0,0,0,0,1882.80131330178,1881.95532752882,83.8121339397981,157.720714167854,24.2937701821464,35.4570241606749,0,0,72.3402373750426,72.307733248771,3.2285540591086,6.07611514604358,0.936168269102663,1.36636875290049,0,0,31523.9815346852,31575.0278845631,1677.81603865573,3158.31501040716,559.473021008454,812.67234340869,0,0,1211.12479032242,1213.16497670099,64.9238363304652,122.287319003162,21.8188173864669,31.7078655092312,0,0,0,0,2.48328674889904,4.75733439296749,0.975709611988351,1.42110977825367,0,0,0,0,0,0,0,0,0,0,193.519996731775,197.247881336352,33.84758444874,66.7640934360038,20.8444963034542,32.0067222698047,0,0,7.43522523407322,7.5785821823633,1.29424519308923,2.55203539287898,0.792440999201045,1.21656631171908,0,0,788.95521977098,791.875998211239,86.5307841230599,171.405950182585,62.5864315903069,93.3283240169465,0,0,30.3122039536894,30.425163145369,3.3145548260112,6.56389756185631,2.38694231808053,3.55888283808342,0,0,0,0,9.38393910704428,19.2387403172678,6.76363181665743,10.1135842349917,0,0,0,0,0,0,0,0,0,0,14.4204177079917,8.35407823419514,10.5324574218097,10.1974420634828
"15",1991,1634,1.16666666666667,9448.21828213312,9379.64381269196,599.190176538048,1133.07460025584,226.268521233543,330.938635364694,0,0,0,0,0,0,0,0,0,0,0,0,0.881171865164042,1.6984899983677,0.403106776301414,0.591122141549585,0,0,0,0,0,0,0,0,0,0,1883.46993587883,1880.32137422071,86.1065929199129,162.046766840724,24.9121777019461,36.4318570744881,0,0,72.3659269236935,72.2449541497054,3.31693908200803,6.2427776071113,0.959998193023029,1.40393363490214,0,0,31453.725372732,31465.8827332264,1720.8150517643,3239.43219319748,572.774353536917,833.462324540174,0,0,1208.42592249628,1208.97143106722,66.5874073530694,125.428307152657,22.3381311332701,32.5201920746742,0,0,0,0,2.54793950364118,4.88225693654277,0.998936803343498,1.45760116374644,0,0,0,0,0,0,0,0,0,0,193.025762441499,196.715439810418,34.6917470692022,68.51420035112,21.2797486664965,32.8054774770327,0,0,7.41623702937672,7.55812489945243,1.32653910504372,2.61895353902355,0.808979059477445,1.24690830811497,0,0,785.829255749189,787.952697461418,88.545152242371,175.599349080676,63.9876277157727,95.7410993505074,0,0,30.1921052179583,30.2744234384422,3.39171471300363,6.72444836588924,2.44032591081808,3.65078417601081,0,0,0,0,9.61597336929398,19.7348269012466,6.93538819672976,10.3954024466947,0,0,0,0,0,0,0,0,0,0,15.5227539584714,8.96208455572186,11.4776445532461,11.089576689673
"16",1991,1634,1.25,9432.87044153351,9353.11507368806,612.307546046978,1157.83774161299,230.39840648676,337.580429392345,0,0,0,0,0,0,0,0,0,0,0,0,0.90065668006101,1.73616362059462,0.410402556605522,0.602938979729867,0,0,0,0,0,0,0,0,0,0,1884.27468277709,1878.82947201068,88.3600920211999,166.309190014073,25.5485896591269,37.4354531946445,0,0,72.3968465864511,72.1876328809919,3.40375605527012,6.40700628606274,0.984521865785956,1.44260679255195,0,0,31383.8255618475,31357.3751176945,1762.98486748864,3319.18903575811,586.413023719056,854.769768010375,0,0,1205.74074371192,1204.8023806735,68.2194099799963,128.517625606651,22.8706002826288,33.352736659752,0,0,0,0,2.61382831352138,5.00949121816975,1.02278070659782,1.49504259497807,0,0,0,0,0,0,0,0,0,0,192.560102835866,196.200503337736,35.5493764266718,70.2880332914067,21.7343995552527,33.6310415873482,0,0,7.39834668538757,7.53834018912103,1.35934572624827,2.68677412760254,0.826255534594605,1.27827017052899,0,0,782.692345378563,784.034584238925,90.5618675293828,179.813332388739,65.4153821127086,98.2070362230294,0,0,30.0715858981519,30.1238830461205,3.46896022162543,6.88577790348238,2.49472193720108,3.74471000604263,0,0,0,0,9.85419169969626,20.2438770607806,7.11113732834649,10.6841525516203,0,0,0,0,0,0,0,0,0,0,16.6223534567845,9.56847457529975,12.444458874622,12.0045452557899
"17",1991,1634,1.33333333333333,9417.62979313673,9326.81085026157,625.152305724558,1182.14792566821,234.621266841337,344.363554941266,0,0,0,0,0,0,0,0,0,0,0,0,0.920456595488963,1.77442962395055,0.417877534524289,0.615027879339839,0,0,0,0,0,0,0,0,0,0,1885.22603261491,1877.48971306018,90.5765787381848,170.51475865388,26.2027449058411,38.4676617948738,0,0,72.4333989685894,72.1361571996125,3.48915574069092,6.56905994149124,1.00972929662978,1.4823825085624,0,0,31314.2760474184,31249.4972341708,1804.33833776228,3397.60223511514,600.376946327486,876.580112487875,0,0,1203.06902137692,1200.65752568431,69.8203233437881,131.555891907536,23.4157651675395,34.2049475046105,0,0,0,0,2.68050847731284,5.1382664890057,1.04724316520597,1.53343845141016,0,0,0,0,0,0,0,0,0,0,192.121816225542,195.702641124615,36.4174270273718,72.0806956156194,22.2080846065394,34.4834825075367,0,0,7.38150803260627,7.51921149956793,1.39254811325572,2.75530902427665,0.844256516411721,1.31065441477448,0,0,779.544609935036,780.12098000845,92.5813889317802,184.048288262325,66.8704619417071,100.72708037908,0,0,29.9506506538698,29.9735158979591,3.54630877989738,7.04790074457675,2.55015951212141,3.84069619732557,0,0,0,0,10.0986306698155,20.7659868849327,7.29098812898574,10.9800118836035,0,0,0,0,0,0,0,0,0,0,17.7193755773613,10.1733016129129,13.4335097629592,12.942840817285
"18",1991,1634,1.41666666666667,9402.49074563492,9300.72473404381,637.729131583967,1206.01143915044,238.932980389102,351.282870448016,0,0,0,0,0,0,0,0,0,0,0,0,0.940444765797675,1.81306729882641,0.425530589616838,0.627387791939825,0,0,0,0,0,0,0,0,0,0,1886.33240554192,1876.31008171593,92.7596774442111,174.669699902316,26.8744298507235,39.5283841563866,0,0,72.4759075857227,72.090833876936,3.5732766001852,6.7291764748521,1.03561230679183,1.52325704444827,0,0,31245.0720885469,31142.2426255876,1844.88825238732,3474.68853455967,614.654284510466,898.879033101037,0,0,1200.41057337115,1196.53661800769,71.3906245506042,134.543725821358,23.9731753269325,35.076281518386,0,0,0,0,2.74761295024143,5.26794279596738,1.0723188256772,1.57278372075276,0,0,0,0,0,0,0,0,0,0,191.709810544453,195.221481699353,37.2932780265003,73.887951291566,22.7004217881731,35.3628057770568,0,0,7.36567911335497,7.50072455823858,1.42604566696495,2.82439553719932,0.862967399428957,1.34406115190581,0,0,776.386283579296,776.211376997938,94.6039415860602,188.304232686749,68.3535901000874,103.30215786455,0,0,29.8293084818176,29.8233024845153,3.62376884570513,7.21081717297679,2.60666606221986,3.93877786262304,0,0,0,0,10.3492620472138,21.3011390865478,7.47504735499863,11.2831554535278,0,0,0,0,0,0,0,0,0,0,18.8139733255777,10.7766177956645,14.4453620131228,13.9049255494032
"19",1991,1634,1.5,9387.44816473859,9274.85079690401,650.042597146529,1229.43444714707,243.32951920026,358.333325713591,0,0,0,0,0,0,0,0,0,0,0,0,0.96051697148094,1.85189405577434,0.433358478020917,0.640014877896866,0,0,0,0,0,0,0,0,0,0,1887.60038915212,1875.29669060338,94.9127041019885,178.77971705069,27.5634740854874,40.6175691587726,0,0,72.524625543747,72.0518977698079,3.6562453514903,6.88757383623471,1.06216436394213,1.56522847415824,0,0,31176.2101038969,31035.6060209685,1884.64732922483,3550.46470746047,629.233452400284,921.65244531862,0,0,1197.76526212424,1192.43945512328,72.9307883071565,137.481748724825,24.5423896077458,35.9662044276025,0,0,0,0,2.81484250206063,5.3979947349069,1.09799657477547,1.61306583117447,0,0,0,0,0,0,0,0,0,0,191.323092821594,194.756704263377,38.1746939679126,75.706166639153,23.2110184781644,36.2689653572634,0,0,7.35082177727037,7.48286703952214,1.45975261922656,2.89389416988963,0.882373155415571,1.37848850507924,0,0,773.217699466282,772.30542125739,96.62954655738,192.58085495356,69.8654417040955,105.933167567682,0,0,29.7075721821262,29.6732292064403,3.7013410511003,7.3745149375182,2.6642671900253,4.03898907186491,0,0,0,0,10.6060024900119,21.8492190919535,7.66341830867039,11.5937542172523,0,0,0,0,0,0,0,0,0,0,19.9062937279117,11.3784741739257,15.4805393892595,14.8912334629427
"20",1991,1634,1.58333333333333,9372.49731474506,9249.18353015824,662.097179152528,1252.42300108412,247.806946027641,365.509958597232,0,0,0,0,0,0,0,0,0,0,0,0,0.980587744338247,1.89075904093424,0.441356415547153,0.652903248872975,0,0,0,0,0,0,0,0,0,0,1889.03501248309,1874.4540650383,97.0386901352712,182.850029285597,28.2697451962197,41.7352081374706,0,0,72.5797460663287,72.0195227480967,3.73817787307852,7.04445153153728,1.08938038564599,1.60829648997255,0,0,31107.6874867683,30929.5831438453,1923.62820480232,3624.94753815431,644.103111905041,944.886503268326,0,0,1195.1329875107,1188.36587272136,74.4412865552909,140.370582869708,25.1229760513727,36.8741907204293,0,0,0,0,2.88195379232266,5.52799173717402,1.12426123545975,1.65426681041407,0,0,0,0,0,0,0,0,0,0,190.960756017076,194.308028620882,39.0597752045511,77.5322360072756,23.7394789304803,37.2018758212578,0,0,7.33690117552829,7.46562817783202,1.49359612202114,2.96368575497902,0.902458623478015,1.41393308060491,0,0,770.039273374382,768.402891935856,98.6580560963863,196.877571830581,71.406641495617,108.620974035261,0,0,29.585457729377,29.5232875782673,3.77901955839308,7.5389713371759,2.72298657333156,4.14136257630331,0,0,0,0,10.8687250229464,22.4100341901443,7.85619950727752,11.911973289499,0,0,0,0,0,0,0,0,0,0,20.9964783749687,11.9789208661797,16.539529242634,15.9021738629507
"21",1991,1634,1.66666666666667,9357.63380327763,9223.71778714704,673.897262741525,1274.98304586919,252.361411194971,372.80789193864,0,0,0,0,0,0,0,0,0,0,0,0,1.00058683474315,1.92953729885448,0.449518585010675,0.666045615674783,0,0,0,0,0,0,0,0,0,0,1890.64000375022,1873.78541014197,99.1404066242118,186.885412042968,28.9931437247322,42.8813298398837,0,0,72.6414123974644,71.9938319576875,3.81918012192537,7.19999215362336,1.11725654834025,1.65246221189795,0,0,31039.5024315652,30824.1705328177,1961.84342459618,3698.15380227745,659.252169584216,968.567598206946,0,0,1192.51368018288,1184.31573780849,75.9225880940368,143.210850625832,25.714511783445,37.7997235967582,0,0,0,0,2.94874853482026,5.65758010755605,1.15109503024707,1.69636515373714,0,0,0,0,0,0,0,0,0,0,190.621966761787,193.875206011544,39.9469106057578,79.3635104956236,24.2854108164371,38.1614234841054,0,0,7.32388528978653,7.44899841538387,1.52751442522191,3.03366870612031,0.923208764370387,1.4503903980485,0,0,766.851488185969,764.50368151478,100.68918675289,201.193578737447,72.9777619488053,111.366401162405,0,0,29.4629836763356,29.3734734689444,3.85679333360859,7.70415519063242,2.78284589165408,4.24592956644637,0,0,0,0,11.137269435853,22.9833309514477,8.05348358203971,12.2379704424441,0,0,0,0,0,0,0,0,0,0,22.0846639295301,12.5780071858562,17.6227869918673,16.9381346961107
"22",1991,1634,1.75,9342.85354133942,9198.44874172251,685.447145089078,1297.12042477872,256.989150249584,380.222331313178,0,0,0,0,0,0,0,0,0,0,0,0,1.02045691319622,1.96812593983366,0.45783841487077,0.679433649379764,0,0,0,0,0,0,0,0,0,0,1892.41797413349,1873.29280106098,101.220383618728,190.890229200714,29.7335991731172,44.0559962467954,0,0,72.709724862865,71.9749051290302,3.89934886666371,7.35436260464937,1.14579013553043,1.69772802927471,0,0,30971.6538108047,30719.3654146295,1999.30543551888,3770.10025127078,674.669773870868,992.682357135133,0,0,1189.9072968456,1180.28894383083,77.3751582865945,146.003173883867,26.3165829156329,38.7422949227657,0,0,0,0,3.01506652900716,5.78647136399501,1.17847835084922,1.73933682243047,0,0,0,0,0,0,0,0,0,0,190.305956792598,193.458013050587,40.8347429969143,81.1977453052183,24.8484291675963,39.1474738918402,0,0,7.31174460311574,7.43296916936341,1.561455545802,3.1037569894664,0.944608813899732,1.48785517944692,0,0,763.654882615641,760.60778121248,102.722542825185,205.527886481276,74.5793228822185,114.170228546611,0,0,29.3401707208837,29.2237865410509,3.93464704784015,7.87002824947263,2.8438648109663,4.35271953258818,0,0,0,0,11.4114489017326,23.568806458384,8.25535680617559,12.5718954083446,0,0,0,0,0,0,0,0,0,0,23.1709824875585,13.175781717836,18.7307395233906,17.9994850724711
"23",1991,1634,1.83333333333333,9328.1527065116,9173.37185007933,696.751038706902,1318.84088378008,261.686481673864,387.748562860723,0,0,0,0,0,0,0,0,0,0,0,0,1.04015148946574,2.00644066580217,0.466308824733662,0.693058299501007,0,0,0,0,0,0,0,0,0,0,1894.3705860113,1872.97735668574,103.280929166824,194.868464907113,30.4910663308521,45.2592987368925,0,0,72.7847473337674,71.9627852516846,3.97877241034664,7.50771530527787,1.17497939818249,1.74409745532509,0,0,30904.1410628423,30615.1655886,2036.02657863614,3840.80359717206,690.345312099697,1017.21764119316,0,0,1187.31381594267,1176.28540623391,78.7994587758137,148.748173468598,26.9287844401012,39.701405177233,0,0,0,0,3.08077935990215,5.91443168454395,1.20639043618435,1.7831561227647,0,0,0,0,0,0,0,0,0,0,190.012015126933,193.056246346433,41.7221370687431,83.0330506393468,25.4281596773216,40.1598784407162,0,0,7.30045179933739,7.41753262512777,1.59537603223936,3.17387823211616,0.966644411568906,1.52632160501347,0,0,760.45004089304,756.715267504046,104.757637745853,209.879354906411,76.211791460795,117.033188464788,0,0,29.2170413096266,29.0742297328701,4.01256189920076,8.03654649256282,2.90606098350359,4.46176014935292,0,0,0,0,11.6910559316807,24.1661184373664,8.46189871264319,12.9138893005866,0,0,0,0,0,0,0,0,0,0,24.2555619128881,13.7722923842719,19.8637883909996,19.0865776323055
"24",1991,1634,1.91666666666667,9313.52770721636,9148.48281372984,707.81307466858,1340.15007568366,266.449804550776,395.381951084608,0,0,0,0,0,0,0,0,0,0,0,0,1.05963289626536,2.04441240400644,0.474922463007153,0.706910101415738,0,0,0,0,0,0,0,0,0,0,1896.49871558774,1872.83940732227,105.324148580996,198.823755890106,31.2655217451511,46.491354415911,0,0,72.8665134753338,71.957485016536,4.05753132251797,7.66018942260659,1.20482342053321,1.79157498792169,0,0,30836.9640835564,30511.5693153286,2072.01908193202,3910.28049730635,706.268407260267,1042.16054380522,0,0,1184.73323349531,1172.30505818637,80.1959472010604,151.446468547733,27.5507201138066,40.6765633886409,0,0,0,0,3.14578429259932,6.04127168204097,1.23481003226901,1.82779655933003,0,0,0,0,0,0,0,0,0,0,189.739480483522,192.669717394046,42.6081480628551,84.8678436693138,26.024241693957,41.1984806054437,0,0,7.28998147182099,7.40268153999949,1.6292397588014,3.24397187157748,0.989301717357239,1.56578355381833,0,0,757.237582813091,752.826289021633,106.793914684237,214.246725388212,77.8755824252665,119.955963160435,0,0,29.0936192556171,28.9248087550767,4.09051640462846,8.2036613759235,2.96945005635651,4.57307717223143,0,0,0,0,11.9758681265066,24.7748950530288,8.67318173957872,13.2640840711518,0,0,0,0,0,0,0,0,0,0,25.3385261658739,14.367586506217,21.0223129601939,20.1997508683325
"25",1992,1634,2,9296.64527464829,9119.28795287106,721.657309378615,1366.10083688255,271.241400643999,403.033012251939,0,0,0,0,0,0,0,0,0,0,0,0,1.07915400914798,2.08236101294486,0.483587334702789,0.720797255359735,0,0,0,0,0,0,0,0,0,0,1898.32030774215,1872.06102025255,107.814481873005,203.524002219224,32.0530438126984,47.7422908970397,0,0,72.9365019589405,71.9275781405447,4.1534711658263,7.84128950608542,1.23517087202021,1.8397799307752,0,0,30762.48465174,30395.3854198054,2114.98941750898,3991.27602679174,722.336354434987,1067.27156531054,0,0,1181.87209460069,1167.84107292395,81.8606756352018,154.587632397307,28.1783698982662,41.6584050328994,0,0,0,0,3.21073950632043,6.16777317047175,1.26349540188637,1.87275891532692,0,0,0,0,0,0,0,0,0,0,189.410250100704,192.161610288215,43.5437227397098,86.771408400362,26.6181793417183,42.2215274304818,0,0,7.27733283381701,7.38315922626759,1.6650073504076,3.3167095031437,1.01187762328089,1.60465417392054,0,0,753.831900676364,748.631960516704,108.994054228876,218.890201035982,79.5571846016082,122.907662879866,0,0,28.9627733750411,28.7636557347851,4.17476202292706,8.38137408354049,3.03351697462052,4.68549320618013,0,0,0,0,12.2646004708248,25.3915610987462,8.88767619680141,13.6191061512359,0,0,0,0,0,0,0,0,0,0,26.4548551619435,15.0123641025428,22.2452521536496,21.4370443874308
"26",1992,1634,2.08333333333333,9279.50779684273,9089.63363835005,735.683330728167,1392.35261265759,276.12077392756,410.811071623009,0,0,0,0,0,0,0,0,0,0,0,0,1.09928826045884,2.12134171493407,0.492381511287793,0.734879023278015,0,0,0,0,0,0,0,0,0,0,1900.2191158106,1871.30750504368,110.345776102997,208.298066122107,32.8611458025852,49.0255850378476,0,0,73.0094572014459,71.8986268812212,4.25099083577386,8.02523685219239,1.26631101281305,1.8892312961785,0,0,30687.1992713105,30277.8427623967,2158.32130605749,4072.85132239927,738.703155659884,1092.83361098833,0,0,1178.9799901579,1163.32488183974,83.5395442230853,157.751587524825,28.8177148472943,42.6579383415712,0,0,0,0,3.27721105515611,6.29681241158134,1.29264745834456,1.91845169448375,0,0,0,0,0,0,0,0,0,0,189.091616909085,191.651346479401,44.499299380215,88.7089507898581,27.2268583254855,43.2667513474557,0,0,7.26509134807716,7.36355404863139,1.70154028611697,3.3907459427967,1.03501423900177,1.64436778425083,0,0,750.392443829306,744.394791880591,111.219193178767,223.585988771142,81.2691002162342,125.914135505376,0,0,28.8306298267617,28.6008567284541,4.25996266169461,8.56108342596791,3.09873879008961,4.799994167273,0,0,0,0,12.5582046073283,26.0188188951429,9.10671254363009,13.9818370868679,0,0,0,0,0,0,0,0,0,0,27.574848645658,15.6635251402499,23.5018175094174,22.7192016066494
"27",1992,1634,2.16666666666667,9262.48583421871,9060.23730184629,749.407958177996,1418.09684354622,281.091476904342,418.727254340731,0,0,0,0,0,0,0,0,0,0,0,0,1.11987215649764,2.16109655214498,0.501327080544869,0.74919524944088,0,0,0,0,0,0,0,0,0,0,1902.27898849186,1870.71576804406,112.846233218146,213.027436912267,33.6906519161999,50.3432806384896,0,0,73.0886008039448,71.8758913994084,4.34733107503708,8.20747717890496,1.29827569391547,1.94000794730208,0,0,30612.3310340885,30161.0556051775,2200.78487163897,4152.96852898889,755.377973454013,1118.87599277535,0,0,1176.10391047983,1158.8377183796,85.1852966845859,160.860038446538,29.4691228957237,43.6763224639712,0,0,0,0,3.34475418629511,6.42769474056563,1.32232302419929,1.96497765121132,0,0,0,0,0,0,0,0,0,0,188.795415044016,191.160626188863,45.464969475468,90.6666022043045,27.8533151561342,44.3412008936465,0,0,7.2537116943872,7.34469976457824,1.7384573692913,3.46554679729405,1.05882704108862,1.68519232837725,0,0,746.949161795055,740.164155689923,113.443492403161,228.292435994883,83.0139719033432,128.981074369526,0,0,28.6983392934186,28.4383087106497,4.3451253094872,8.74118829032392,3.16521609764401,4.91679683052143,0,0,0,0,12.8569680188114,26.6573691713557,9.3306114976159,14.3529521982925,0,0,0,0,0,0,0,0,0,0,28.6930231971493,16.3129880900468,24.7865463430125,24.0313870869173
"28",1992,1634,2.25,9245.57388772673,9031.09247231017,762.836352442114,1443.34066993057,286.148980895645,426.775811016715,0,0,0,0,0,0,0,0,0,0,0,0,1.14074875949333,2.20136045598114,0.510427953645037,0.763750902654602,0,0,0,0,0,0,0,0,0,0,1904.5066553502,1870.29191029473,115.31929131959,217.717948984357,34.5414443803186,51.6954380445944,0,0,73.1741913270587,71.8596061068587,4.44262320784622,8.38823337326807,1.33106045122294,1.99211229549183,0,0,30537.8757989842,30045.0174405448,2242.39418799619,4231.64702855126,772.348511423037,1145.38346964847,0,0,1173.24369648952,1154.37933250993,86.7984592442316,163.913705406127,30.1321249310114,44.7129776774445,0,0,0,0,3.41294215786264,6.55970265193767,1.35253111076539,2.01234865974595,0,0,0,0,0,0,0,0,0,0,188.520916983632,190.68895588778,46.4382952393812,92.6403096807115,28.4974841928708,45.4449714658393,0,0,7.24316592095658,7.32657741192812,1.77566498559504,3.54095642668639,1.08331354364832,1.72713144719009,0,0,743.50212921514,735.939895544635,115.667142137597,233.009641344942,84.7921345723636,132.109142377228,0,0,28.565904642962,28.2760056722078,4.43025721260832,8.92169231161038,3.23296149719739,5.0359261950816,0,0,0,0,13.1609198414861,27.3072557691363,9.55944026543358,14.7325726980266,0,0,0,0,0,0,0,0,0,0,29.8095093996658,16.960818420769,26.099994470153,25.3741531835836
"29",1992,1634,2.33333333333333,9228.76687462081,9002.19311731719,775.97355821762,1468.0910921356,291.288863578281,434.951098991338,0,0,0,0,0,0,0,0,0,0,0,0,1.16178934885491,2.24191469671973,0.519684686433946,0.778546685446687,0,0,0,0,0,0,0,0,0,0,1906.90723169403,1870.04040768761,117.768079660624,222.374915465659,35.413435159152,53.082147212938,0,0,73.2664253091165,71.8499429744979,4.53698679494525,8.56770846168642,1.36466194794949,2.04554787145589,0,0,30463.8304334982,29929.7227866904,2283.16323103373,4308.90618889407,789.602752845194,1172.34108348265,0,0,1170.39922785951,1149.94951360988,88.3795547595545,166.91330861496,30.8062622457504,45.7673346928623,0,0,0,0,3.48142772978818,6.69224876518934,1.38327181993109,2.06056537430826,0,0,0,0,0,0,0,0,0,0,188.267466177664,190.235894523558,47.4172075544221,94.6266053953979,29.1592626297121,46.578106690155,0,0,7.23342880279007,7.3091700447222,1.81308372021188,3.61684173363368,1.10846982316402,1.77018678363453,0,0,740.051524273681,731.721977696089,117.890141383808,237.737386883929,86.6039045131988,135.298982428098,0,0,28.4333327215141,28.1139463164321,4.5153582783002,9.10258697778514,3.30198688327017,5.15740650222057,0,0,0,0,13.4700230666644,27.9684109957634,9.79326569350563,15.1208190724151,0,0,0,0,0,0,0,0,0,0,30.9244336487279,17.6070799799555,27.4426844139589,26.7480234218193
"30",1992,1634,2.41666666666667,9212.06005563377,8973.53356735432,788.824515399356,1492.35498505109,296.506800951735,443.247574153809,0,0,0,0,0,0,0,0,0,0,0,0,1.18288713739266,2.28257675450328,0.529095524161559,0.793580333676055,0,0,0,0,0,0,0,0,0,0,1909.48454419178,1869.9644443051,120.1954575535,227.003193466472,36.3065616882839,54.5035241615707,0,0,73.3654497768389,71.8470243398638,4.63053111181519,8.74608809033645,1.39907781442085,2.10031919323446,0,0,30390.1925978264,29815.1669663829,2323.10587167163,4384.76534225986,807.128945536846,1199.73414491565,0,0,1167.5704147171,1145.54808197178,89.9291024261944,169.859567408173,31.4910859795327,46.8388341379238,0,0,0,0,3.5499250505197,6.82484670843496,1.41453925422136,2.10962082239099,0,0,0,0,0,0,0,0,0,0,188.034463046372,189.801041513314,48.3999407397511,96.6225067701158,29.8385219988123,47.7406123374083,0,0,7.22447730374891,7.29246227191354,1.85064584132684,3.69308830871064,1.13429096415805,1.81435852153733,0,0,736.597607647331,727.5104672567,120.112341032893,242.475205960505,88.4495741969882,138.551209855611,0,0,28.3006335446146,27.9521331450289,4.60042273405611,9.28385424144527,3.37230324434481,5.28126094428022,0,0,0,0,13.784191652791,28.6406834037241,10.0321521084745,15.5178083571064,0,0,0,0,0,0,0,0,0,0,32.0379187389714,18.2518352352876,28.8151108444126,28.1534974879458
"31",1992,1634,2.5,9195.44900529188,8945.10848514072,801.394060836498,1516.13910092353,301.798567200744,451.65979084024,0,0,0,0,0,0,0,0,0,0,0,0,1.20395471560398,2.32319618988471,0.53865681424119,0.808847133524892,0,0,0,0,0,0,0,0,0,0,1912.24127382548,1870.06606019324,122.60402726097,231.607205278676,37.2207846945196,55.9597089726913,0,0,73.4713677378431,71.850928584787,4.72335563719832,8.92354132886401,1.43430656600621,2.15643169148291,0,0,30316.9606477622,29701.3460071878,2362.23586537462,4459.24376855114,824.915605336808,1227.54823802873,0,0,1164.75719391393,1141.1748849674,91.4476173806343,172.753199610269,32.1861572532212,47.9269267345069,0,0,0,0,3.61820231754956,6.95709928504858,1.44632264081624,2.15950180429992,0,0,0,0,0,0,0,0,0,0,187.821359265657,189.384031606847,49.3850053533752,98.6254752303859,30.5351137022906,48.9324630387667,0,0,7.21629035697705,7.27644005999384,1.88829425106546,3.76959883918903,1.16077127329539,1.85964564551769,0,0,733.140712789016,723.305517410801,122.333463845895,247.222414546791,90.3294086701765,141.866407050655,0,0,28.1678199239157,27.7905720435713,4.68543989675103,9.46546772671536,3.44392052456132,5.40751145875141,0,0,0,0,14.1032978180795,29.3238496134078,10.2761602804658,15.9236527691657,0,0,0,0,0,0,0,0,0,0,33.1500840413067,18.895145343808,30.2177428398554,29.5910533710947
"32",1992,1634,2.58333333333333,9178.9295725578,8916.91282491173,813.686933197963,1539.45007569046,307.160031326332,460.182398458051,0,0,0,0,0,0,0,0,0,0,0,0,1.22492078544744,2.36364935729928,0.548363517315114,0.824340560527186,0,0,0,0,0,0,0,0,0,0,1915.17913398387,1870.34633345143,124.996155996333,236.190975223912,38.156085687027,57.4508636539233,0,0,73.5842450232641,71.861697131571,4.81555088909971,9.10022207129427,1.47034750872157,2.2138916296703,0,0,30244.1335162548,29588.2565205336,2400.56684488692,4532.36067928478,842.9515108297,1255.76921601242,0,0,1161.95952447541,1136.82979240153,92.9356104138944,175.594920912458,32.8910469767167,49.0310731427921,0,0,0,0,3.68607241170718,7.08868335561595,1.47860773424394,2.21019063426827,0,0,0,0,0,0,0,0,0,0,187.627650380962,188.984528588385,50.3711522142891,100.633360884739,31.2488751569021,50.1536098784118,0,0,7.20884858111798,7.26109049100477,1.92598109809046,3.84629097518483,1.18790451735476,1.9060462348864,0,0,729.681234153533,719.107356145641,124.553128363667,251.97814912093,92.2436426776173,145.245118970281,0,0,28.0349070148023,27.6292717716822,4.77039509251422,9.647394187109,3.51684751307915,5.5361785559822,0,0,0,0,14.427180963262,30.0176288644176,10.5253463782847,16.338458351606,0,0,0,0,0,0,0,0,0,0,34.2610457930158,19.5370702654231,31.6510269408217,31.0611501793887
"33",1992,1634,2.66666666666667,9162.49784005013,8888.94179027534,825.707777590917,1562.29443496732,312.587153983155,468.810138376281,0,0,0,0,0,0,0,0,0,0,0,0,1.24572689028565,2.40383409563955,0.5582096938234,0.840052890316133,0,0,0,0,0,0,0,0,0,0,1918.2990550956,1870.80556888931,127.373999519011,240.758169125587,39.1124641672309,58.9771696729402,0,0,73.7041173816587,71.8793416914894,4.90719932155372,9.27627053686526,1.50720063406098,2.27270601178009,0,0,30171.7105907214,29475.8955766642,2438.11231136341,4604.13519902153,861.225698775931,1284.38319780528,0,0,1159.17738288707,1132.51269170741,94.3935876244037,178.385444154656,33.605335683994,50.1507438423235,0,0,0,0,3.75338355787183,7.21933471470353,1.51137813741358,2.26166678652893,0,0,0,0,0,0,0,0,0,0,187.452868322784,188.602218961338,51.3573347477806,102.644344381652,31.9796359497437,51.4039881335356,0,0,7.20213399275117,7.24640151989583,1.96366632594599,3.92309508758752,1.21568416158937,1.95355776318645,0,0,726.219614801651,714.916272267269,126.77087377091,256.741406316246,94.1924779081697,148.687848588004,0,0,27.9019118401338,27.468243425742,4.85527061313724,9.82959503115871,3.59109173834795,5.66728114496327,0,0,0,0,14.7556565759615,30.7216975963716,10.7797610152938,16.7623237100385,0,0,0,0,0,0,0,0,0,0,35.3709173852269,20.177668870854,33.1153903933973,32.5642311316149
"34",1992,1634,2.75,9146.15009953834,8861.19080886873,837.461148357103,1584.67859754096,318.07598538119,477.537841939201,0,0,0,0,0,0,0,0,0,0,0,0,1.26632567140166,2.44366686508955,0.568188714451977,0.855975467722078,0,0,0,0,0,0,0,0,0,0,1921.60129334424,1871.44340878562,129.739517950854,245.312120717329,40.0899356184834,60.5388259958601,0,0,73.8309946560094,71.9038485203197,4.9983759261083,9.45181427467825,1.54486654288125,2.33288250830693,0,0,30099.6916415247,29364.2606320254,2474.88562888664,4674.5863533773,879.727460558626,1313.37656547802,0,0,1156.41076034668,1128.22348515679,95.8220502020366,181.12547886064,34.3286134047218,51.2854190394684,0,0,0,0,3.82001441851308,7.34884005301872,1.54461584410829,2.31390758494548,0,0,0,0,0,0,0,0,0,0,187.296577193373,188.236808554555,52.3426859990978,104.656900939548,32.727221040382,52.683521557876,0,0,7.19612984451244,7.23236184413136,2.00131678763938,3.99995288216617,1.24410349359769,2.00217726376641,0,0,722.756338875686,710.732606834267,128.98617439671,261.511066520153,96.1760820936375,152.195054914859,0,0,27.7688530011508,27.3075001097585,4.94004627341131,10.0120272297979,3.66665943376226,5.80083645796924,0,0,0,0,15.0885208292399,31.4356971069665,11.0394489726965,17.1953396025015,0,0,0,0,0,0,0,0,0,0,36.4798095282836,20.8169989973526,34.611243211308,34.1007254431465
"35",1992,1634,2.83333333333333,9129.88282617164,8833.65550576641,848.951512028746,1606.60887900324,323.62266297794,486.360428277277,0,0,0,0,0,0,0,0,0,0,0,0,1.28667899230144,2.48307967426681,0.578293497362265,0.872099007990175,0,0,0,0,0,0,0,0,0,0,1925.08554475717,1872.25894884175,132.094492950321,249.855860411681,41.0885295150866,62.1360472123104,0,0,73.9648651672018,71.9351828734628,5.08914888512709,9.62696925845095,1.58334637007362,2.39442938563282,0,0,30028.0767469848,29253.3494533236,2510.90001857306,4743.7330560255,898.446338176375,1342.73596121758,0,0,1153.65965988322,1123.96208694218,97.2214941957006,183.815730733747,35.0604795192233,52.4345885603084,0,0,0,0,3.8858687973838,7.47702830445398,1.57830186311498,2.36688898965631,0,0,0,0,0,0,0,0,0,0,187.158368823293,187.888018961331,53.3264943423068,106.669762300952,33.4914540651789,53.9921267930468,0,0,7.19082045437194,7.2189607668715,2.03890530981796,4.07681593349141,1.27315575125534,2.05190150041925,0,0,719.29192374355,706.556744210684,131.198454907216,266.285918601781,98.1945880981155,155.76715095773,0,0,27.6357503756437,27.1470565916064,5.02469999511142,10.1946442672037,3.74355550295562,5.93685997284466,0,0,0,0,15.4255555422173,32.1592417906657,11.3044488658278,17.6375884588843,0,0,0,0,0,0,0,0,0,0,37.5878304282992,21.4551175080682,36.1389803563514,35.6710503211425
"36",1992,1634,2.91666666666667,9113.6926544334,8806.3316786767,860.183250156574,1628.09149517024,329.22340919087,495.272902160149,0,0,0,0,0,0,0,0,0,0,0,0,1.30675621922966,2.52201725849381,0.588516718179586,0.88841386384514,0,0,0,0,0,0,0,0,0,0,1928.75105085066,1873.25084534456,134.440544435122,254.392143342693,42.1082874387502,63.7690617502389,0,0,74.1056997730782,71.9732931233113,5.17958020808459,9.8018409539046,1.62264171324818,2.45735543871598,0,0,29956.8662242094,29143.1600476439,2546.16855305867,4811.59409624205,917.372120048736,1372.44828413008,0,0,1150.92409369939,1119.72842049183,98.5924102951468,186.456901172933,35.8005426064752,53.5977517368715,0,0,0,0,3.95087079462858,7.60376271785637,1.61241676830966,2.42058629135908,0,0,0,0,0,0,0,0,0,0,187.037858691395,187.555584330038,54.3081806711899,108.68188086111,34.2721602429778,55.3297173159176,0,0,7.18619104887479,7.20618807366295,2.076409814137,4.1536443028037,1.30283423524358,2.1027271200966,0,0,715.826912684554,702.389103706101,133.407104301487,271.064682830223,100.24809331207,159.404502071689,0,0,27.5026248369365,26.9869289818246,5.10920834487365,10.3773970219047,3.82178349684312,6.0753653504878,0,0,0,0,15.766532688312,32.8919266524107,11.5747928875333,18.0891439973528,0,0,0,0,0,0,0,0,0,0,38.695085952438,22.0920803458562,37.6989838069292,37.2756128541313
"37",1993,1634,3,9097.37789869595,8778.93431836351,871.299148584305,1649.37044381375,334.878058253949,504.28071418971,0,0,0,0,0,0,0,0,0,0,0,0,1.32654100059565,2.5604630045952,0.598857163671152,0.904928682357536,0,0,0,0,0,0,0,0,0,0,1932.57347652878,1874.38206285568,136.801749763708,258.961768199941,43.1497271566437,65.4394723087844,0,0,74.2525634803375,72.0167563090968,5.27059487473455,9.97799688356959,1.66277251573779,2.52172241519616,0,0,29885.6792799049,29033.1151600734,2581.06319151448,4878.80230460388,936.504721924616,1402.52954230477,0,0,1148.18943174424,1115.50030672379,99.9490820467323,189.073301373224,36.5488060656133,54.775544245219,0,0,0,0,4.01498527468175,7.72901899280696,1.64695818404572,2.47502518224421,0,0,0,0,0,0,0,0,0,0,186.93249767099,187.236994950399,55.291260968675,110.70196186808,35.0706237016781,56.700829414289,0,0,7.18214368693467,7.19394733742318,2.11396532583018,4.2307717665061,1.33318771010096,2.15482645822626,0,0,712.355195443506,698.219455196246,135.619591577827,275.860948185932,102.337738420287,163.110788292759,0,0,27.3692416243606,26.8267242224273,5.19385825468807,10.5608072849925,3.90138673877594,6.21649257831597,0,0,0,0,16.1113023125126,33.6336787976277,11.8506317645208,18.5504532424007,0,0,0,0,0,0,0,0,0,0,39.7997016528879,22.7240412862543,39.2887659420904,38.9046621565779
"38",1993,1634,3.08333333333333,9076.63312739346,8745.37814247937,885.278217664413,1675.56797298026,340.677177806328,513.627598040406,0,0,0,0,0,0,0,0,0,0,0,0,1.3466465410345,2.59975227336536,0.609447304317314,0.922044451822204,0,0,0,0,0,0,0,0,0,0,1936.06428224815,1874.8987120277,139.664326290752,264.390308672395,44.2268358772615,67.1824203729981,0,0,74.3866858184646,72.0366067964951,5.38087875345106,10.1871681313527,1.7042773355357,2.58888391923591,0,0,29806.2356433648,28910.740240586,2623.32406342465,4958.61078071321,956.095051948678,1433.65618493497,0,0,1145.13754618622,1110.79845295076,101.589011893489,192.174567207101,37.3150408725697,55.9943612229727,0,0,0,0,4.07994464496835,7.85661058457932,1.68229290723493,2.53130862236976,0,0,0,0,0,0,0,0,0,0,186.794390550953,186.882141818527,56.3687239909056,112.9467852719,35.9178634812687,58.2042724684089,0,0,7.17683815915813,7.18031329021746,2.15513974765513,4.31650625797475,1.36539552007253,2.21195486964931,0,0,708.730344431291,693.815625207185,138.011833266504,281.001143887918,104.488789782523,166.964405485976,0,0,27.2299748743913,26.657521831925,5.28540659195318,10.7574077524329,3.9833284421459,6.36322911275769,0,0,0,0,16.4615503415367,34.3918150737763,12.134703588028,19.029979659459,0,0,0,0,0,0,0,0,0,0,40.8586319835605,23.2662284463212,40.8465561102667,40.3363842905907
"39",1993,1634,3.16666666666667,9055.98240794603,8712.07942531975,898.935980569048,1701.21854630189,346.553662489269,523.095866007217,0,0,0,0,0,0,0,0,0,0,0,0,1.36719285764677,2.6397531560789,0.6201547120938,0.939355191531118,0,0,0,0,0,0,0,0,0,0,1939.77063098565,1875.62214812583,142.509989614791,269.801602433027,45.3328890751517,68.9727209434384,0,0,74.5290896640385,72.0644023682823,5.49051893788879,10.3956881391658,1.74689678760891,2.65786908837753,0,0,29727.2256202431,28789.1732706974,2664.70908276219,5036.93156093255,975.954203827674,1465.22271188663,0,0,1142.10231833362,1106.12764198978,103.195481062886,195.219094792253,38.0918596741831,57.2305391727733,0,0,0,0,4.14603929284771,7.98601038473021,1.71805949395602,2.58833272120918,0,0,0,0,0,0,0,0,0,0,186.673294795731,186.541709798837,57.4549341032966,115.205768570256,36.7810009676317,59.7346322937446,0,0,7.17218622768831,7.16723332537932,2.19664834751527,4.40278032210315,1.39820810858049,2.27010667406325,0,0,705.102778877989,689.420455541366,140.39960978114,286.148439070737,106.678939644288,170.89477817006,0,0,27.0906038098462,26.4886521863775,5.37677743223055,10.9542651631547,4.06675817274897,6.51288487630723,0,0,0,0,16.8154922007405,35.1587908076678,12.4242887814455,19.5193639670985,0,0,0,0,0,0,0,0,0,0,41.9168284221771,23.8074085518479,42.4384534086976,41.801251840352
"40",1993,1634,3.25,9035.42178925731,8679.03328161887,912.277621253817,1726.32934342154,352.502856760811,532.679505686556,0,0,0,0,0,0,0,0,0,0,0,0,1.38801930862973,2.68020049716822,0.630984895168461,0.956867198393182,0,0,0,0,0,0,0,0,0,0,1943.69202965682,1876.55118543015,145.341388244663,275.200047372743,46.4676727605307,70.8104298784436,0,0,74.6797560719651,72.1000974672021,5.59961650444541,10.6037248048312,1.79062276342516,2.72868023827351,0,0,29648.6497751047,28668.4121346917,2705.23239528408,5113.78455487745,996.070505426858,1497.2145657742,0,0,1139.083769898,1101.48779255083,104.769019420435,198.207625626188,38.878816034085,58.4835230142262,0,0,0,0,4.21283393949083,8.11650731118019,1.75427470226438,2.64611779182185,0,0,0,0,0,0,0,0,0,0,186.56904115169,186.215705659806,58.548011057424,117.476257475463,37.6605798363598,61.2929840302811,0,0,7.1681813897984,7.15470770296231,2.23841886238327,4.4894919060633,1.43164629801517,2.3293229462666,0,0,701.472882684659,685.03413565989,142.782982381686,291.302259980305,108.908031843247,174.90173828016,0,0,26.951143180693,26.3201225651709,5.46797324699816,11.1513577451237,4.15166986476924,6.66545329609864,0,0,0,0,17.1731939942146,35.9346810022197,12.7194152343347,20.0186781843211,0,0,0,0,0,0,0,0,0,0,42.9743864288629,24.3476228271924,44.0649581509922,43.2996984525021
"41",1993,1634,3.33333333333333,9014.9474732682,8646.23490242425,925.308390726757,1750.9077143705,358.520161224367,542.372532655232,0,0,0,0,0,0,0,0,0,0,0,0,1.40899330790379,2.72087418259382,0.641939664327,0.974582173944188,0,0,0,0,0,0,0,0,0,0,1947.8272919586,1877.68396858972,148.160945020367,280.589658974817,47.6310033103704,72.6956214202336,0,0,74.838639462584,72.1436208077048,5.70826393995668,10.8114314582905,1.83544829923641,2.80132036420582,0,0,29570.5087294947,28548.4545653858,2744.90851922258,5189.19044115195,1016.43238533045,1529.61719567028,0,0,1136.0819247805,1096.87881752428,106.310171399288,201.14093099686,39.6754669342278,59.7527572508073,0,0,0,0,4.27997193922707,8.24751551075525,1.79094502611769,2.70467150318061,0,0,0,0,0,0,0,0,0,0,186.481458513023,185.904121543324,59.6463496745569,119.755984425989,38.5570365338233,62.8802573791608,0,0,7.16481707158701,7.142736121043,2.28038964170508,4.57655389532226,1.46572680023634,2.3896391968629,0,0,697.841096676121,680.65691812534,145.161869079983,296.461832541918,111.175917220325,178.985125121944,0,0,26.8116099239593,26.1519426721524,5.55899100609502,11.3486560352069,4.23805773256314,6.82092809713376,0,0,0,0,17.5346525544543,36.7194462354753,13.0201094144069,20.5279900407328,0,0,0,0,0,0,0,0,0,0,44.0314009607414,24.8869130817477,45.7265407436721,44.8321351660002
"42",1993,1634,3.41666666666667,8994.55584671822,8613.67967876002,938.033426900644,1774.9608730235,364.601078237592,552.169061878333,0,0,0,0,0,0,0,0,0,0,0,0,1.43000614033029,2.76159260969645,0.653018057987594,0.992498369950306,0,0,0,0,0,0,0,0,0,0,1952.17476509558,1879.01819624585,150.970862854966,285.974086287933,48.8227399145555,74.628411890847,0,0,75.005676332852,72.1948839679089,5.81654535792118,11.0189474697869,1.88136805887008,2.87579405747115,0,0,29492.8033350072,28429.2985290994,2783.75183181855,5263.16979803737,1037.02853459297,1562.41631815085,0,0,1133.09681572013,1092.30063877208,107.819476391504,204.019778842921,40.4813791346951,61.0376962551212,0,0,0,0,4.34716311892934,8.37855550158592,1.82806940856622,2.76399224739483,0,0,0,0,0,0,0,0,0,0,186.410381049919,185.606941282263,60.7485933449688,122.043033591964,39.4707235110149,64.4972672246145,0,0,7.1620869018497,7.13131795845232,2.32250861901696,4.66389275194863,1.50046310734561,2.45108654414794,0,0,694.20790796863,676.289113488542,147.536066209451,301.626219697582,113.482465121515,183.144814663518,0,0,26.6720227552198,25.9841244391719,5.64982300652566,11.5461243110401,4.32591670553477,6.97930441321123,0,0,0,0,17.89981040586,37.5129577816209,13.3263971629833,21.047365651635,0,0,0,0,0,0,0,0,0,0,45.0879660066204,25.4253210905921,47.423661538862,46.3989696122733
"43",1993,1634,3.5,8974.24345079048,8581.36317011504,950.457763705607,1798.49590875302,370.74120557188,562.063301573767,0,0,0,0,0,0,0,0,0,0,0,0,1.45096794577247,2.80220474938213,0.664217165373875,1.01061159005411,0,0,0,0,0,0,0,0,0,0,1956.73244442862,1880.5512355253,153.773151985565,291.356657487793,50.0427786889581,76.6089548015559,0,0,75.1807896613281,72.2537857886147,5.92453753406294,11.2263999827761,1.92837811123906,2.95210732172633,0,0,29415.5346018566,28310.9421541712,2821.77656608826,5335.74309055312,1057.84789509541,1595.59790651556,0,0,1130.12848154954,1087.75318438119,109.297468606092,206.844933236249,41.2961287453267,62.337803876438,0,0,0,0,4.41416949523204,8.50923173803498,1.86564156780533,2.82407194233904,0,0,0,0,0,0,0,0,0,0,186.355645939462,185.324139557114,61.8535922398961,124.335782882281,40.4019262484963,66.144733907933,0,0,7.15998462489816,7.12045224237212,2.36473169732809,4.7514462712843,1.53586614639198,2.51369249281075,0,0,690.573839809523,671.93107860627,149.905275701375,306.79435861806,115.827553508052,187.380705549627,0,0,26.532401778228,25.8166815772292,5.74045792304056,11.7437220257648,4.41524204894052,7.14057825180219,0,0,0,0,18.2685692526647,38.3150189974371,13.6383019800102,21.5768674250871,0,0,0,0,0,0,0,0,0,0,46.1441746447193,25.9628885694711,49.1567724058334,48.0006070647902
"44",1993,1634,3.58333333333333,8954.00696769872,8549.2810908238,962.586332559414,1821.5197886008,376.936236309469,572.049553247666,0,0,0,0,0,0,0,0,0,0,0,0,1.47180544309769,2.84258653781902,0.675532492772895,1.02891563789549,0,0,0,0,0,0,0,0,0,0,1961.4980325664,1882.28018177306,156.569640880039,296.740397981513,51.2910498558352,78.6374385587212,0,0,75.3638911785635,72.3202146683315,6.03231032023004,11.4339046016328,1.97647582382598,3.03026748693849,0,0,29338.703660065,28193.383692442,2858.99680210061,5406.93065611853,1078.87966237985,1629.14819471158,0,0,1127.17696570379,1083.23638718381,110.744676736813,209.617153837985,42.1193013360743,63.652553590237,0,0,0,0,4.48079881293436,8.63922243699954,1.90365101437736,2.88489726605586,0,0,0,0,0,0,0,0,0,0,186.317092295219,185.055681328963,62.9603839706745,126.632877153055,41.3508715033937,67.8232928342665,0,0,7.15850405943347,7.11013762654924,2.40702200191406,4.83916254570891,1.57194459658429,2.57748130320923,0,0,686.939446231551,667.583210647424,152.269119055026,311.965080119891,118.211063254092,191.692710980526,0,0,26.3927682795313,25.6496293461817,5.8308813463103,11.9414045570169,4.50602914579876,7.30474618405552,0,0,0,0,18.6407963761011,39.125375465446,13.9558441183787,22.1165528902287,0,0,0,0,0,0,0,0,0,0,47.2001190290517,26.4996571459271,50.9263175055933,49.6374510698204
"45",1993,1634,3.66666666666667,8933.84320260485,8517.42929145142,974.423966893092,1844.03936305295,383.181955864606,582.12220890883,0,0,0,0,0,0,0,0,0,0,0,0,1.49245898720149,2.88263620234646,0.686958422067416,1.04740287734071,0,0,0,0,0,0,0,0,0,0,1966.46900942715,1884.20192834666,159.361993409037,302.128059089916,52.56751403007,80.7140833841038,0,0,75.5548840589873,72.3940512448873,6.13992729702423,11.6415664826627,2.02565972223734,3.11028309365804,0,0,29262.311715551,28076.6214757599,2895.42646212476,5476.7526928372,1100.11328102257,1663.05367361848,0,0,1124.24231453334,1078.7501830861,112.161623768081,212.337195441008,42.9504917692373,64.9814283656719,0,0,0,0,4.54689620225592,8.76826642555489,1.94208433351616,2.9464512085299,0,0,0,0,0,0,0,0,0,0,186.294559969934,184.801521517792,64.0681677796967,128.933192239687,42.3177376487308,69.5335069532396,0,0,7.15763905254473,7.10037237893534,2.44934888353025,4.92699857394989,1.60870528680672,2.64247447066923,0,0,683.30530564189,663.245939744489,154.62715430111,317.137132012323,120.632872016393,196.080749700732,0,0,26.2531444821557,25.4829842724017,5.92107643611215,12.139124106903,4.59827326219476,7.47180500054975,0,0,0,0,19.0163325744581,39.9437276407728,14.2790396411815,22.6664735121757,0,0,0,0,0,0,0,0,0,0,48.2558904041596,27.0356683325267,52.7327343235815,51.3099041579477
"46",1993,1634,3.75,8913.74906706657,8485.80374176551,985.97540604882,1866.06137098431,389.474239462873,592.275748795078,0,0,0,0,0,0,0,0,0,0,0,0,1.51287996498823,2.92227010732481,0.698488589213628,1.0660646975149,0,0,0,0,0,0,0,0,0,0,1971.64269621067,1886.31323025875,162.151725327179,307.522145490116,53.8721585471359,82.8391381706929,0,0,75.7536653788108,72.4751708406788,6.24744640023976,11.8494813780093,2.075929351163,3.19216377460548,0,0,29186.3600102398,27960.6538766733,2931.07930522098,5545.22924725702,1121.53844090088,1697.30108839333,0,0,1121.32457577151,1074.29450955805,113.548826760529,215.005807493972,43.7893040654634,66.3239205726986,0,0,0,0,4.61233683726139,8.8961515149799,1.98092622952406,3.00871434303425,0,0,0,0,0,0,0,0,0,0,186.287888629552,184.561604924988,65.1762803843056,131.235801150406,43.3026641305427,71.2758783960009,0,0,7.15738344413216,7.09115437870951,2.49168698591271,5.01491895462681,1.6461535590679,2.70869117221054,0,0,679.672014769029,658.919722034551,156.978891728824,322.309200894348,123.092848762188,200.544737632672,0,0,26.1135533130403,25.3167638814008,6.01102452667186,12.3368305419081,4.69196933801818,7.64175139203604,0,0,0,0,19.3949991413812,40.7697420340916,14.6078996988887,23.2266737575517,0,0,0,0,0,0,0,0,0,0,49.3115791081839,27.5709634949576,54.576454685396,53.0183685370061
"47",1993,1634,3.83333333333333,8893.72156822206,8454.40051956694,997.245297970167,1887.59244298243,395.809050276629,602.504739754911,0,0,0,0,0,0,0,0,0,0,0,0,1.53302922767459,2.96142022787738,0.71011607423949,1.0848917500238,0,0,0,0,0,0,0,0,0,0,1977.01629548389,1888.61074383516,164.940216201922,312.924934983951,55.2049947167128,85.0128779784014,0,0,75.9601276561826,72.5634449863977,6.35492037443521,12.0577363878322,2.12728517015349,3.27592015999734,0,0,29110.8497976913,27845.4792846297,2965.9689237835,5612.38020599029,1143.14507397516,1731.87743615794,0,0,1118.42379759804,1069.86930471895,114.906796712475,217.62373377414,44.6353512879018,67.6795319008868,0,0,0,0,4.67702157106626,9.022707517415,2.02016003056446,3.07166545152366,0,0,0,0,0,0,0,0,0,0,186.296917380932,184.33586649879,66.2841796666218,133.539951057172,44.3057575292394,73.050856273528,0,0,7.15773105260399,7.08248112647722,2.53401561674048,5.10289499791181,1.68429350121615,2.77614856560609,0,0,676.04018461996,654.605034956142,159.323804074466,327.479926415369,125.590850620706,205.084582611096,0,0,25.9740182477097,25.1509865171267,6.1007055184789,12.5344719418931,4.78711186680928,7.81458174887729,0,0,0,0,19.7766019479825,41.6030578526384,14.9424302778786,23.7971907368368,0,0,0,0,0,0,0,0,0,0,50.3672745683117,28.1055838247078,56.4579054971633,54.763246568318
"48",1993,1634,3.91666666666667,8873.75779788872,8423.21579944744,1008.23820200032,1908.63910477351,402.182437439556,612.803833525573,0,0,0,0,0,0,0,0,0,0,0,0,1.5528754715402,3.00003154651265,0.721833605996244,1.10387420284614,0,0,0,0,0,0,0,0,0,0,1982.58693128588,1891.09106623721,167.728721802879,318.338499078352,56.5660551042148,87.2356015911286,0,0,76.1741603920846,72.6587429395397,6.46239724410839,12.2664107435354,2.17972845047131,3.3615637852313,0,0,29035.782318833,27731.0960823919,3000.10874006617,5678.22528710205,1164.92335074989,1766.76996340157,0,0,1115.54002770687,1065.47450643124,116.236038420224,220.191712050747,45.4882554145458,69.0477732678423,0,0,0,0,4.74087241347843,9.1477990291859,2.05976824214267,3.13528220466209,0,0,0,0,0,0,0,0,0,0,186.321484412936,184.124231637994,67.3914280856435,135.845039875127,45.3270976568318,74.8588445408881,0,0,7.15867566108714,7.07434975593903,2.57631810777612,5.19090382115443,1.72312818109741,2.84486209103432,0,0,672.410436420415,650.302372517122,161.661336786786,332.647915628005,128.126719740746,209.700179075904,0,0,25.8345631542937,24.9856711601482,6.19009827307966,12.7319951526688,4.88369477583953,7.99029195893485,0,0,0,0,20.160935666538,42.4432938550936,15.2826319154168,24.378053809044,0,0,0,0,0,0,0,0,0,0,51.4230652971094,28.6395703113312,58.3775095019389,56.5449412512176
"49",1994,1634,4,8853.2486634462,8391.19847485525,1019.65792517774,1930.34570194847,408.580710362559,623.15310474393,0,0,0,0,0,0,0,0,0,0,0,0,1.57239710336202,3.0380602457151,0.733614543010265,1.12297362053234,0,0,0,0,0,0,0,0,0,0,1988.24009544133,1893.57348820868,170.627706273448,323.93832913076,57.954005078905,89.5055286775362,0,0,76.3913639993033,72.7541215614967,6.57412093400672,12.4822465767879,2.2332077613444,3.44902604736283,0,0,28959.5079638207,27614.8503835596,3035.16150958678,5745.41352891572,1186.8347200001,1801.92325800472,0,0,1112.60988866104,1061.00814801243,117.600413339729,222.811480933174,46.3465152585523,70.4264864013654,0,0,0,0,4.80382584290573,9.27129795981249,2.09967819226087,3.19946122247669,0,0,0,0,0,0,0,0,0,0,186.344553987247,183.900401996666,68.508678235519,138.167833666257,46.3619445613983,76.6925420406187,0,0,7.15956273651954,7.06574984233769,2.61900464656703,5.27959146931341,1.7624774484016,2.91455438252362,0,0,668.748168628809,645.957142787151,164.02223718927,337.860955361318,130.696892624039,214.386040914437,0,0,25.6938586129774,24.8187203000156,6.28038458856414,12.9312372368916,4.98158220271211,8.16867292067427,0,0,0,0,20.5475200592194,43.289511867356,15.6280937722816,24.9686604715335,0,0,0,0,0,0,0,0,0,0,52.4840499846093,29.1777372536376,60.3451129822912,58.3803470359561
"50",1994,1634,4.08333333333333,8830.70182421499,8355.76916352425,1033.21817533216,1955.50414925316,414.995719911758,633.535264427238,0,0,0,0,0,0,0,0,0,0,0,0,1.5921142398018,3.0763409332868,0.74540751129519,1.1421133545315,0,0,0,0,0,0,0,0,0,0,1993.68117599709,1895.59812822705,173.901598776148,330.144540204948,59.3678044894445,91.8202463528761,0,0,76.6004190154643,72.8319114687443,6.70025413057703,12.7213898046416,2.28768273144994,3.53821364517855,0,0,28877.9384334865,27490.182790411,3075.17908464779,5820.40819824077,1208.84417403271,1837.27289187816,0,0,1109.4763093507,1056.21820661159,119.155606909096,225.731375660561,47.2087338627279,71.8131168455807,0,0,0,0,4.86716794950461,9.39521440546034,2.139743332084,3.26398571167203,0,0,0,0,0,0,0,0,0,0,186.325069859992,183.600661427481,69.6721884634886,140.565670687856,47.3994061259707,78.5343967463997,0,0,7.15881484962997,7.05423330879383,2.6634701865478,5.37116494989798,1.8019274926742,2.98455878787859,0,0,664.96681743702,641.433346976095,166.483813331986,343.240072604151,133.292608609043,219.127938138055,0,0,25.5485787693559,24.6449086428599,6.37453574538016,13.1368505556088,5.08044063662491,8.34918297879675,0,0,0,0,20.9355449697649,44.1400484397152,15.9777264499288,25.567351946727,0,0,0,0,0,0,0,0,0,0,53.5625926798669,29.7318449536361,62.38518865551,60.3119917762584
"51",1994,1634,4.16666666666667,8808.25425283013,8320.62115779867,1046.44667135371,1980.09310216223,421.47061322566,644.011938996448,0,0,0,0,0,0,0,0,0,0,0,0,1.61221953419061,3.11520721163438,0.757287277798744,1.16140089469157,0,0,0,0,0,0,0,0,0,0,1999.29693944974,1897.78079162984,177.163455937961,336.342982758311,60.8141432796672,94.1896017266507,0,0,76.8161856278715,72.9157728871276,6.82593171666445,12.9602470759615,2.3434110945588,3.62950595547214,0,0,28796.8826154479,27366.4329358526,3114.33600587702,5893.92376395567,1231.07365330529,1872.99305498728,0,0,1106.36246525475,1051.46352629258,120.67786504645,228.594741525481,48.0796647392289,73.2144636937744,0,0,0,0,4.93142004370879,9.520444428176,2.18017522374688,3.32915975308087,0,0,0,0,0,0,0,0,0,0,186.322778178718,183.317897989701,70.8474952978383,142.984996814359,48.4573518703356,80.4128986897343,0,0,7.15872751787379,7.04336906397252,2.70838787480934,5.4635608930315,1.84215789855929,3.05595839876756,0,0,661.190636970981,636.925095768529,168.936148429185,348.612213356169,135.925767466574,223.94462261025,0,0,25.4034975692781,24.4716942357929,6.46832790587659,13.3421844134549,5.1807238055533,8.53253684069659,0,0,0,0,21.3260350670314,44.9968902162781,16.332940660466,26.1763283441912,0,0,0,0,0,0,0,0,0,0,54.6410725549062,30.2850744689798,64.4659067607534,62.2835181215403
"52",1994,1634,4.25,8785.90113382007,8285.74852163525,1059.34882983907,2004.12024115467,428.000576003615,654.576776635628,0,0,0,0,0,0,0,0,0,0,0,0,1.6325579600408,3.15440785996198,0.76925882291182,1.18084150835621,0,0,0,0,0,0,0,0,0,0,2005.09103850369,1900.12443662187,180.416059525614,342.538265500297,62.2931274431059,96.6141328922206,0,0,77.0388041792694,73.0058194756067,6.95125988343861,13.1989943979802,2.40039701632786,3.72292379477713,0,0,28716.3371650807,27243.5940185236,3152.64689368502,5965.98154117624,1253.51180297284,1909.06927692979,0,0,1103.26822789071,1046.7438457353,122.167736725394,231.402375018551,48.9588719734711,74.6299724789807,0,0,0,0,4.99619009375479,9.64636365745697,2.22098698487529,3.3949979856728,0,0,0,0,0,0,0,0,0,0,186.337337093047,183.051766351551,72.0325604677208,145.422758293082,49.5360351265085,82.3286185789768,0,0,7.15928760699341,7.03314383967191,2.75367943242816,5.5566620603931,1.88317846685769,3.12877517201337,0,0,657.419782047761,632.432505959715,171.379498014412,353.977290509909,138.596201096551,228.835954611476,0,0,25.2586209611223,24.2990815662606,6.56177106816895,13.5472358720012,5.28242527903296,8.71872914749334,0,0,0,0,21.7190392123596,45.8600594731623,16.6937287583442,26.795602546526,0,0,0,0,0,0,0,0,0,0,55.7195881020085,30.8374764586665,66.5879049048652,64.2955257601873
"53",1994,1634,4.33333333333333,8763.6379447399,8251.14562542539,1071.92995735537,2027.59311851466,434.580902921429,665.223535320701,0,0,0,0,0,0,0,0,0,0,0,0,1.65300212427167,3.19373527631002,0.781323561226532,1.20043611068085,0,0,0,0,0,0,0,0,0,0,2011.06609809958,1902.63102064248,183.661924496973,348.734546502466,63.8048684661692,99.0943650212658,0,0,77.2683755240751,73.1021264421308,7.07633465746744,13.4377905968612,2.45864485815196,3.81848746657524,0,0,28636.2993668308,27121.6598741638,3190.12625132344,6036.60277766239,1276.14754177423,1945.48737934457,0,0,1100.1934929446,1042.05892809812,123.625766780903,234.155070542282,49.8459298798805,76.0590995698911,0,0,0,0,5.06115862216231,9.77246065953057,2.26218282261224,3.46150443324795,0,0,0,0,0,0,0,0,0,0,186.368439107397,182.801952455487,73.2256483173207,147.876343402825,50.6356565517701,84.2820666010716,0,0,7.16048330268759,7.02354556929618,2.79927823922129,5.65036824997206,1.92499697164125,3.20302874129036,0,0,653.654480815449,627.955766735804,173.813958141596,359.334987897604,141.303750174607,233.801806478758,0,0,25.113957710686,24.1270779030847,6.6548691031779,13.7519931959289,5.38553897682321,8.90775502327639,0,0,0,0,22.1145456039572,46.7294825192895,17.0600845760234,27.42518805701,0,0,0,0,0,0,0,0,0,0,56.7982359424183,31.3891005918283,68.7518011685006,66.3486016446401
"54",1994,1634,4.41666666666667,8741.46041860374,8216.80710822337,1084.19525433116,2050.51916278137,441.206995180416,675.94608068358,0,0,0,0,0,0,0,0,0,0,0,0,1.67344730603652,3.23301782842807,0.793480270704599,1.22018237222705,0,0,0,0,0,0,0,0,0,0,2017.22388827146,1905.30167322429,186.903324762267,354.935577717162,65.3494842734091,101.6308147137,0,0,77.5049676698276,73.2047371851492,7.2012428802695,13.6767790125337,2.51815921608196,3.91621693103961,0,0,28556.7670191858,27000.6248618038,3226.78844977629,6105.80862573559,1298.97005966479,1982.23347419726,0,0,1097.13817585152,1037.4085566451,125.052495326932,236.853619333823,50.7404229193474,77.5013121126287,0,0,0,0,5.12606530386404,9.89831653491092,2.30376047106239,3.52867535234942,0,0,0,0,0,0,0,0,0,0,186.415804836466,182.568167619509,74.42528478647,150.343524359198,51.7563735297579,86.2737011587693,0,0,7.16230387068791,7.01456316121868,2.84512774953369,5.74459405135413,1.96761952365971,3.27873675515214,0,0,649.895022724816,623.495127360379,176.239493972571,364.684800454773,144.04825646733,238.842053003368,0,0,24.9695189390497,23.9556928233603,6.74762085565284,13.9564374005633,5.49005887360211,9.0996097068546,0,0,0,0,22.5124948561108,47.6050097275174,17.4320013064682,28.0650964722734,0,0,0,0,0,0,0,0,0,0,57.8771109959552,31.9399956269447,70.9581966763201,68.4433221171188
"55",1994,1634,4.5,8719.36450771758,8182.72784085873,1096.14982131479,2072.90568620162,447.874355453318,686.738380960207,0,0,0,0,0,0,0,0,0,0,0,0,1.69380723607922,3.27211328869825,0.805725793708692,1.24007556194018,0,0,0,0,0,0,0,0,0,0,2023.56547926608,1908.13685033692,190.142320194014,361.144751101935,66.9270993537816,104.223993085005,0,0,77.7486217371182,73.3136692237446,7.32606323589081,13.9160892552757,2.57894492802826,4.01613192609381,0,0,28477.7383327573,26880.4837620657,3262.6477210149,6173.62012540825,1321.96880798362,2019.29395366334,0,0,1094.10220787997,1032.79253083856,126.448457485327,239.498808803122,51.6419453347114,78.9560876568415,0,0,0,0,5.19069768732744,10.0235876009046,2.3457129927894,3.59650135480338,0,0,0,0,0,0,0,0,0,0,186.479177625019,182.350143506494,75.6302184354007,152.82240156353,52.8983085665568,88.3039372763633,0,0,7.16473945004268,7.00618630549542,2.89117998852277,5.83926669385474,2.01105089435611,3.35591520135325,0,0,646.141747517742,619.050885940261,178.655965305175,370.026070381459,146.82955698145,243.956563784748,0,0,24.8253176995055,23.7849377808193,6.84002112663902,14.1605436440138,5.59597877408427,9.29428825843731,0,0,0,0,22.9127906953666,48.4864320778874,17.8094701270198,28.7153358400749,0,0,0,0,0,0,0,0,0,0,58.956306659655,32.4902094974437,73.207678200824,70.5802549878809
"56",1994,1634,4.58333333333333,8697.34636295325,8148.90290502052,1107.79866077627,2094.75988686241,454.578586902608,697.594506115674,0,0,0,0,0,0,0,0,0,0,0,0,1.71401163168555,3.31090499354533,0.818055438803851,1.26010903226885,0,0,0,0,0,0,0,0,0,0,2030.09133626373,1911.13642901601,193.380771782798,367.365124478855,68.5378447205305,106.874407512405,0,0,77.999355598918,73.4289178334293,7.45086682722156,14.1558381901131,2.64100707367298,4.11825203601793,0,0,28399.2118670692,26761.2317146011,3297.71814882399,6240.05818798878,1345.13349910263,2056.65549026071,0,0,1091.08553370327,1028.21066393534,127.814183033496,242.091421905825,52.5501011408795,80.4229141626358,0,0,0,0,5.25488462257601,10.1479952810955,2.38802979888253,3.66496861576243,0,0,0,0,0,0,0,0,0,0,186.558320373357,182.147629158995,76.8393972499025,155.311370499601,54.0615545104836,90.3731518269685,0,0,7.16778093114691,6.99840535993755,2.93739465736228,5.93432476889731,2.05529471726367,3.43457860858699,0,0,642.395038338002,614.62338233732,181.063142558438,375.358009892263,149.647479770986,249.145197498171,0,0,24.6813687128688,23.6148258334908,6.93206128866869,14.3642821031517,5.70329215235904,9.49178534053281,0,0,0,0,23.3153063806617,49.3734911075544,18.1924793361004,29.3759095796066,0,0,0,0,0,0,0,0,0,0,60.035914889873,33.0397893477198,75.5008197573005,72.7599608724054
"57",1994,1634,4.66666666666667,8675.40230825785,8115.32756740933,1119.14668097749,2116.08885314379,461.315389965701,708.508624713303,0,0,0,0,0,0,0,0,0,0,0,0,1.73400327910295,3.3492972894207,0.830463441591548,1.28027477527396,0,0,0,0,0,0,0,0,0,0,2036.80142944623,1914.2998163726,196.620362157026,373.599456542514,70.181857990581,109.582563923702,0,0,78.2571681095643,73.5504602344615,7.57571795689558,14.39613127039,2.70435097918773,4.22259678113761,0,0,28321.1864582871,26642.864146563,3332.01366215224,6305.1435812192,1368.45410032654,2094.30503082596,0,0,1088.08810862289,1023.66278023854,129.150196141432,244.632236564494,53.4645038998652,81.9012897788582,0,0,0,0,5.31848849757505,10.2713141445627,2.43069782246941,3.73406026098894,0,0,0,0,0,0,0,0,0,0,186.653011859684,181.960387591879,78.0519403262327,157.809081049746,55.2461804802357,92.4816896250763,0,0,7.17141981444212,6.99121121919494,2.98373804118857,6.02971666026171,2.10035371669664,3.51474028144274,0,0,638.655313769737,610.212990064867,183.460725128951,380.679727368743,152.501839787959,254.407796141527,0,0,24.5376880615913,23.4453713323473,7.02372999201396,14.5676189801539,5.81199199262911,9.69209499764589,0,0,0,0,23.7198920739095,50.2658903661878,18.5810134870925,30.0468154254015,0,0,0,0,0,0,0,0,0,0,61.1160263177799,33.5887815870959,77.8381845348009,74.9829947357967
"58",1994,1634,4.75,8653.52881909965,8081.99725786057,1130.19869910208,2136.899567262,468.080559752581,719.475001473365,0,0,0,0,0,0,0,0,0,0,0,0,1.75373568484717,3.38721184527584,0.842943303349205,1.30056383466035,0,0,0,0,0,0,0,0,0,0,2043.69532681313,1917.62604142394,199.862613719669,379.850237627299,71.859283127104,112.348968316282,0,0,78.5220426709095,73.6782591201305,7.70067481754348,14.6370637097979,2.76898220875169,4.32918567768995,0,0,28243.6611585183,26525.3767127265,3365.5480288593,6368.89691559852,1391.92082887386,2132.22979179206,0,0,1085.1098962364,1019.14871279691,130.45701512503,247.122025136891,54.3847765365725,83.390722670266,0,0,0,0,5.38139903440731,10.3933622919035,2.47370236329519,3.80375737385921,0,0,0,0,0,0,0,0,0,0,186.763043784711,181.788193080104,79.2671134765602,160.314402281783,56.4522368563207,94.6298687575796,0,0,7.17564809686581,6.98459521054821,3.03018206872327,6.12539918608998,2.14622990013337,3.59641250576909,0,0,634.923020933123,605.820109256827,185.84835698808,385.99024978303,155.392435584203,259.744180181975,0,0,24.394292924492,23.2765896511692,7.11501376450643,14.7705173651194,5.92207066277357,9.89521047069504,0,0,0,0,24.1263807026446,51.1633046015644,18.9750528235626,30.7280447160405,0,0,0,0,0,0,0,0,0,0,62.1967303385925,34.1372319305765,80.220326591337,77.2499072398011
"59",1994,1634,4.83333333333333,8631.72250694784,8048.90755355821,1140.9594436308,2157.1989078964,474.86998397748,730.487995397029,0,0,0,0,0,0,0,0,0,0,0,0,1.77317149548509,3.42458515158684,0.855487988446936,1.32096654911966,0,0,0,0,0,0,0,0,0,0,2050.7722599214,1921.11381990469,203.108902677088,386.11971336259,73.5702699871802,115.174127499426,0,0,78.7939497581431,73.812265146909,7.82579002582211,14.8787213836084,2.83490654817022,4.4380382674344,0,0,28166.6351932141,26408.7652536468,3398.33485132042,6431.3386342995,1415.52414755505,2170.41725522174,0,0,1082.15086680081,1014.66830179719,131.73515227136,249.561554022726,55.3105511803075,84.8907308727737,0,0,0,0,5.44352915771318,10.5139949008294,2.51702756394654,3.87403957105883,0,0,0,0,0,0,0,0,0,0,186.888218805686,181.63082938178,80.4843112891777,162.826396378533,57.679758794626,96.8179845434052,0,0,7.18045819631604,6.97854902563593,3.07670362113468,6.22133659407533,2.1929246934908,3.67960670100125,0,0,631.198630434495,601.445161537372,188.225637794577,391.288538856124,158.31904726837,265.154145258851,0,0,24.2512013827375,23.1084969894271,7.20589743862481,14.9729378572397,6.03351983613099,10.1011240711091,0,0,0,0,24.5345918072566,52.0653858592124,19.3745730402278,31.4195820718619,0,0,0,0,0,0,0,0,0,0,63.2781151707912,34.6851854254424,82.6477921263056,79.5612457362422
"60",1994,1634,4.91666666666667,8609.98010386644,8016.05416338965,1151.43355677026,2176.99365284199,481.679640791864,741.542057805949,0,0,0,0,0,0,0,0,0,0,0,0,1.79228089786991,3.46136599350941,0.868090131531766,1.3414728061225,0,0,0,0,0,0,0,0,0,0,2058.0311889461,1924.7616182043,206.360473386808,392.409908911304,75.3149739811431,118.058550003751,0,0,79.0728494195281,73.9524193910271,7.95111116868987,15.1211817522959,2.90212999276119,4.54917415365662,0,0,28090.107919087,26293.0257544637,3430.38756206416,6492.48900297248,1439.25476014053,2208.85516453478,0,0,1079.21099561582,1010.22139298129,132.985113664768,251.951583265519,56.2414689947748,86.4008421373827,0,0,0,0,5.5048108003234,10.6330976885722,2.56065691809867,3.94488561230531,0,0,0,0,0,0,0,0,0,0,187.028348591765,181.488087986395,81.7030391858409,165.344292527267,58.9287696532571,99.0463133952308,0,0,7.1858428769361,6.97306465314872,3.12328384070048,6.31749955499468,2.24043907312682,3.76433356878871,0,0,627.482631370815,597.088584960856,190.59213389674,396.573507056357,161.281434526295,270.637458937536,0,0,24.1084322279102,22.9411101778666,7.29636457435251,15.1748391798267,6.14633041569486,10.3098270568741,0,0,0,0,24.9443354390134,52.9717696500316,19.7795450227422,32.1214050512643,0,0,0,0,0,0,0,0,0,0,64.3602679159929,35.2326864782372,85.1211207572866,81.9175552626931
"61",1995,1634,5,8587.06347149771,7981.83883431103,1162.46184463925,2197.89355522152,488.460504373526,752.746450041385,0,0,0,0,0,0,0,0,0,0,0,0,1.81100574297082,3.49786024710252,0.880657555739814,1.362275887502,0,0,0,0,0,0,0,0,0,0,2065.30996140695,1928.38194790342,209.738034236849,398.954664246773,77.0865606501912,121.021372849846,0,0,79.3525114974634,74.0915182475873,8.08127506719153,15.3734328608368,2.9703891498956,4.66333069419668,0,0,28011.6930931603,26175.3483466105,3463.43102174021,6555.80379464455,1462.96691486228,2247.87206158907,0,0,1076.19860291122,1005.70002661189,134.273104894331,254.425068141128,57.1718355254232,87.9339125073006,0,0,0,0,5.56504158776057,10.7515718869264,2.60432340827987,4.0168744489791,0,0,0,0,0,0,0,0,0,0,187.142193477804,181.351347617001,82.9247501873537,167.953139587413,60.1765360704468,101.374827743824,0,0,7.19021765754411,6.96781084996284,3.16998205340808,6.41714447191409,2.28790882479242,3.85287266608708,0,0,623.735840643663,592.70790626764,192.971124552896,401.926640544821,164.263277523748,276.235990507717,0,0,23.9644800107406,22.7727973250816,7.38731115216268,15.3793478068062,6.25988059085478,10.5229144710365,0,0,0,0,25.3541944846793,53.8861174457645,20.1879929235353,32.8383996818834,0,0,0,0,0,0,0,0,0,0,65.4617031422296,35.7520199089343,87.6840019809535,84.1970919514379
"62",1995,1634,5.08333333333333,8562.3852954534,7945.50928897932,1174.4199764613,2220.62954277301,495.201724745522,764.174723239355,0,0,0,0,0,0,0,0,0,0,0,0,1.82972195840032,3.53488274836511,0.893144189204556,1.38347792172721,0,0,0,0,0,0,0,0,0,0,2072.53594804107,1931.8875522455,213.29720253012,405.86522533232,78.8845883092574,124.077558455636,0,0,79.6301454595219,74.2262091724648,8.21842045912554,15.6397546014485,3.0396666540155,4.78108396909738,0,0,27930.2473665945,26054.3983549815,3498.24518204962,6622.8761146193,1486.61449217062,2287.67538502958,0,0,1073.06976103595,1001.05292229363,135.629089648549,257.043364298007,58.0998257230136,89.4980384611414,0,0,0,0,5.62503039689969,10.8713235867202,2.64789042522025,4.09031627733333,0,0,0,0,0,0,0,0,0,0,187.212588288597,181.215395708841,84.1575999259748,170.698130600434,61.4143292385562,103.829603613166,0,0,7.1929230298451,6.96258734103359,3.2171129785625,6.52200337624116,2.3350023181891,3.94621564323377,0,0,619.936241069014,588.282944652369,195.371752039235,407.394183731796,167.253483466924,281.978688027507,0,0,23.8184988097374,22.6027830518844,7.47908980415429,15.5882373010034,6.37374819759523,10.7414887324747,0,0,0,0,25.7633922247031,54.8103778348529,20.5987990534802,33.5732086494519,0,0,0,0,0,0,0,0,0,0,66.5910807906291,36.2297071808386,90.3583732099961,86.3387045687314
"63",1995,1634,5.16666666666667,8537.78572176581,7909.44382166032,1186.05324496168,2242.79945022088,501.972386397105,775.660247062443,0,0,0,0,0,0,0,0,0,0,0,0,1.84855241118649,3.57203703089251,0.905678033963623,1.40478182962037,0,0,0,0,0,0,0,0,0,0,2079.95183970476,1935.55668838327,216.860191346187,412.79792072721,80.7208174058229,127.202580921262,0,0,79.9150758765068,74.3671832504474,8.35571829984916,15.9069379991584,3.11041567101668,4.90148888161155,0,0,27849.3264213317,25934.361249708,3532.26802322315,6688.57101338785,1510.40397295763,2327.76987300982,0,0,1069.96107977183,996.44089262083,136.9547191429,259.608895604531,59.0335073501952,91.0738491867346,0,0,0,0,5.68516141988442,10.9911461284216,2.69173427440002,4.1643381307055,0,0,0,0,0,0,0,0,0,0,187.301568609893,181.092310519078,85.4007999806147,173.452622067071,62.6770753039183,106.321714864424,0,0,7.19634248122647,6.95785819211759,3.26464127894507,6.62722813682993,2.38304769534058,4.0409832217922,0,0,616.142113431338,583.877950747411,197.758010690994,412.855107715737,170.274675328422,287.806059713108,0,0,23.6727278234618,22.4335359715914,7.57031556514283,15.7968648867969,6.48879556045769,10.9632836779925,0,0,0,0,26.173710207311,55.7385788216014,21.0147712812747,34.318649136215,0,0,0,0,0,0,0,0,0,0,67.7209394747087,36.7070531856918,93.0811319620313,88.5239279920551
"64",1995,1634,5.25,8513.26109764593,7873.63768455652,1197.3669140084,2264.41071687247,508.767954174725,787.196780894194,0,0,0,0,0,0,0,0,0,0,0,0,1.86738958113827,3.60914687392013,0.918259570952757,1.42618678582892,0,0,0,0,0,0,0,0,0,0,2087.55734421398,1939.38865377138,220.42856500012,419.755440698094,82.5952656756813,130.39709269498,0,0,80.2072915222403,74.5144134886199,8.4932282668008,16.1750857746026,3.18263696536979,5.02457065185356,0,0,27768.9289259986,25815.2320837742,3565.51375707379,6752.90944574654,1534.32552064279,2368.14268059914,0,0,1066.87250798268,991.863747520474,138.250528717647,262.122447384078,59.9725009061956,92.6608500843746,0,0,0,0,5.74519685869353,11.110658995444,2.73585663776467,4.23894039148943,0,0,0,0,0,0,0,0,0,0,187.408750007338,180.982023719695,86.652976593555,176.21566099166,63.9647709756373,108.852400687706,0,0,7.20046124128386,6.95362077794422,3.31251429715632,6.73278215820091,2.43204504890164,4.1372228559712,0,0,612.354121844675,579.493154299546,200.130120224264,418.30809761918,173.326801103035,293.717140014977,0,0,23.5271925678974,22.2650649114336,7.66099706617273,16.0051807898322,6.60502078140516,11.1882628127135,0,0,0,0,26.5851057586456,56.6705848686649,21.4358690504237,35.0746879300233,0,0,0,0,0,0,0,0,0,0,68.851390161554,37.1840917336418,95.8530364439162,90.7532317448711
"65",1995,1634,5.33333333333333,8488.80791320515,7838.08628367111,1208.36614120623,2285.47065940729,515.583996998003,798.778184543887,0,0,0,0,0,0,0,0,0,0,0,0,1.88614568777743,3.64606742853792,0.930886944657472,1.44768911858195,0,0,0,0,0,0,0,0,0,0,2095.35182086034,1943.38241124595,224.003742495673,426.740207303324,84.5079741007315,133.661737863248,0,0,80.5067677796807,74.667860037487,8.63100450633273,16.4442904225607,3.25633218197835,5.15035416533965,0,0,27689.0537322874,25697.0061133604,3597.99642197219,6815.91220468561,1558.36954791074,2408.78122966517,0,0,1063.80400156529,987.32130472667,139.51704738349,264.584799212875,60.9164362352709,94.2585564603203,0,0,0,0,5.80494472902633,11.2295531401052,2.78025400887002,4.31411734832197,0,0,0,0,0,0,0,0,0,0,187.533771286242,180.884467393094,87.9129550041558,178.986478473194,65.2773897606883,111.422802037976,0,0,7.20526543250764,6.94987248901161,3.36068703463053,6.83863596429694,2.48199356862007,4.23497825514468,0,0,608.572940810756,575.128818439071,202.488188068876,423.751792053314,176.409785990243,299.711013623514,0,0,23.381918958116,22.0973799812909,7.75113863060531,16.2131334382809,6.72242111265314,11.4163915755793,0,0,0,0,26.9975005742427,57.6062036788914,21.8620511064023,35.8412893926138,0,0,0,0,0,0,0,0,0,0,69.9825415512477,37.6608564578811,98.6748267395331,93.0270933616474
"66",1995,1634,5.41666666666667,8464.42278251205,7802.78515969199,1219.05598359785,2305.98647864215,522.416183706406,810.398414729669,0,0,0,0,0,0,0,0,0,0,0,0,1.90474870973793,3.68267903941132,0.943556654936927,1.46928313118669,0,0,0,0,0,0,0,0,0,0,2103.33435778287,1947.53666531092,227.587014520451,433.75440748981,86.4590045970276,136.997155760827,0,0,80.8134696136721,74.8274731220187,8.76909627975209,16.7146354728519,3.33150375977951,5.27886411385893,0,0,27609.699825662,25579.6787495181,3629.72987907009,6877.59990871733,1582.52670924226,2449.67320099212,0,0,1060.75552155558,982.813387923943,140.754797665645,266.996724421635,61.8649522521673,95.8664932381021,0,0,0,0,5.86424937413655,11.3475765104866,2.82491930967735,4.38985905741604,0,0,0,0,0,0,0,0,0,0,187.676291162012,180.799572690619,89.1797292613319,181.764459147719,66.6148887357069,114.033973994969,0,0,7.21074194235617,6.94661068004516,3.40912098675591,6.9447660137237,2.532891804016,4.33428985711022,0,0,604.799250472291,570.785232896779,204.8322309057,429.184799802457,179.523529192638,305.786803236239,0,0,23.2369331259068,21.9304923130782,7.84074110233015,16.420670108048,6.84099283190369,11.647636871951,0,0,0,0,27.4107897327839,58.5452000685699,22.2932742725554,36.6184140401831,0,0,0,0,0,0,0,0,0,0,71.114500243113,38.1373808133252,101.547227220511,95.3459982010877
"67",1995,1634,5.5,8440.10243124177,7767.72997542269,1229.44140117028,2325.96526382938,529.26028075269,822.051523150364,0,0,0,0,0,0,0,0,0,0,0,0,1.92313991299654,3.71888338186866,0.95626394971283,1.49096157238866,0,0,0,0,0,0,0,0,0,0,2111.50382289071,1951.84991250202,231.179554804758,440.80001495586,88.4484380247009,140.403982859009,0,0,81.1273535274728,74.9931949767133,8.90754839498732,16.9861963230056,3.40815485690612,5.41012506952649,0,0,27530.8662926599,25463.245526021,3660.72780911573,6937.99299285463,1606.78789698388,2490.80653019623,0,0,1057.72703287232,978.339825512023,141.964295475562,269.358989743289,62.8176967984992,97.4841948088303,0,0,0,0,5.92298562120347,11.4645250728923,2.86984278927108,4.46615238687821,0,0,0,0,0,0,0,0,0,0,187.83598616108,180.727269081038,90.4524419626619,184.549120748038,67.9772129888019,116.686894412397,0,0,7.21687834260694,6.9438326411228,3.4577833615933,7.05115390793266,2.58473783654142,4.43519515908332,0,0,601.033733321562,566.462709308045,207.162189165451,434.60571113035,182.667901861374,311.943660888049,0,0,23.0922612933179,21.7644138803199,7.92980240300443,16.6277373596027,6.96073116248214,11.8819667428055,0,0,0,0,27.8248472556565,59.4873045959053,22.729492796462,37.4060177504825,0,0,0,0,0,0,0,0,0,0,72.2473708426971,38.6136980721663,104.470948300746,97.7104394093121
"68",1995,1634,5.58333333333333,8415.84368678396,7732.91650577244,1239.52725931722,2345.41399566437,536.112150726984,833.731655375869,0,0,0,0,0,0,0,0,0,0,0,0,1.94127183870893,3.75460031185785,0.969003137327074,1.51271601124602,0,0,0,0,0,0,0,0,0,0,2119.85890585166,1956.32048283597,234.782429687149,447.878808563156,90.4763725141477,143.882854362042,0,0,81.4483691760243,75.1649614381422,9.04640157012918,17.2590409395422,3.48628928771978,5.54416154737676,0,0,27452.5522938234,25347.7020730204,3691.00370854801,6997.111699395,1631.1442390933,2532.16940553076,0,0,1054.71850327713,973.900449593636,143.146049957147,271.672354956246,63.7743265618524,99.111204951738,0,0,0,0,5.98105403350083,11.5802355052006,2.91501273501893,4.5429818448867,0,0,0,0,0,0,0,0,0,0,188.012548936944,180.667483779385,91.73036737157,187.340097045118,69.3642992740488,119.38247116377,0,0,7.22366282465633,6.94153557573031,3.50664642895901,7.157785730543,2.63752942121851,4.53772899497945,0,0,597.277071414596,562.161577270079,209.477939163253,440.013107305212,185.842745352346,318.180760464929,0,0,22.9479296656238,21.5991573466638,8.01831799834213,16.8342814058628,7.08163020566842,12.1193500792608,0,0,0,0,28.2395306505864,60.4322206324587,23.1706578356175,38.2040511219055,0,0,0,0,0,0,0,0,0,0,73.3812560438596,39.0898413171401,107.446687926745,100.120917917688
"69",1995,1634,5.66666666666667,8391.64346744363,7698.34062673326,1249.31833232138,2364.33955042572,542.967749814588,845.433048739884,0,0,0,0,0,0,0,0,0,0,0,0,1.95910619744837,3.78976456182718,0.981767901910312,1.53453721593634,0,0,0,0,0,0,0,0,0,0,2128.39816112906,1960.94658207504,238.396609088859,454.992393301201,92.5429216260933,147.434405864128,0,0,81.7764610194967,75.3427035688229,9.18569285067819,17.5332306566822,3.56591145351196,5.68099807035856,0,0,27374.7570364824,25233.0440904159,3720.5708875226,7054.97607055963,1655.58709415417,2573.75026284354,0,0,1051.72990232885,969.495094951352,144.300563403512,273.937572593798,64.734506892606,100.74707664911,0,0,0,0,6.03837595349388,11.6945775533031,2.96041618949597,4.62033041456816,0,0,0,0,0,0,0,0,0,0,188.205686439548,180.620141264324,93.0128930894006,190.137119548605,70.7760796095727,122.121550172931,0,0,7.23108412918502,6.93971658221768,3.55568681401127,7.26465133879342,2.69126412619205,4.64192384254049,0,0,593.529943646587,557.882180231719,211.77930585033,445.405570037305,189.047869957382,324.497289939297,0,0,22.8039643266451,21.4347359079597,8.10628138796962,17.0402484766442,7.20368289101553,12.3597563263381,0,0,0,0,28.654685556176,61.3796316173086,23.6167170027163,39.0124589191519,0,0,0,0,0,0,0,0,0,0,74.5162567322072,39.5658434357775,110.475133229326,102.577942348765
"70",1995,1634,5.75,8367.49877416608,7663.99830687212,1258.81930610747,2382.74870321542,549.823125800771,857.150030800203,0,0,0,0,0,0,0,0,0,0,0,0,1.97661232828535,3.82432330344405,0.994551506801534,1.55641540102218,0,0,0,0,0,0,0,0,0,0,2137.12004069234,1965.72632385953,242.022975514062,462.142217270238,94.6482125906924,151.059274256382,0,0,82.1115695800794,75.5263488917993,9.32545595172759,17.8088208233076,3.64702627592744,5.82065920525529,0,0,27297.4797543053,25119.267327928,3749.44246830537,7111.60594241597,1680.10804722151,2615.53778158919,0,0,1048.76120059786,965.123598281971,145.428331188878,276.155387704117,65.6979116517991,102.391371940654,0,0,0,0,6.09488990899279,11.8074484447946,3.00603939981573,4.69818008388681,0,0,0,0,0,0,0,0,0,0,188.415118535486,180.585163049525,94.2995053943332,192.940003014971,72.2124839225174,124.904922108173,0,0,7.23913149314447,6.938372645015,3.60488493255175,7.37174380285275,2.74593943528852,4.74781007916879,0,0,589.793023621878,553.624872177998,214.066072855877,450.781688716338,192.283054285281,330.892445115531,0,0,22.6603911569125,21.2711631648757,8.19368449091647,17.2455850978302,7.32688095184211,12.6031552444875,0,0,0,0,29.070149070649,62.329206319719,24.0676141471656,39.8311797882881,0,0,0,0,0,0,0,0,0,0,75.6524720672149,40.0417371126141,113.556961904738,105.08202891622
"71",1995,1634,5.83333333333333,8343.4066840185,7629.8856005815,1268.03478060187,2400.64813069886,556.674416316001,868.877018033711,0,0,0,0,0,0,0,0,0,0,0,0,1.99376602190259,3.85823427551458,1.00734693478855,1.57834039937712,0,0,0,0,0,0,0,0,0,0,2146.02291926473,1970.65775445131,245.662331650673,469.329585899298,96.7923847322314,154.758098256403,0,0,82.4536324120406,75.7158223413275,9.46572154697821,18.0858613446268,3.72963913728444,5.96316958390077,0,0,27220.7196917467,25006.3675700013,3777.63138425901,7167.02094013402,1704.69890591803,2657.520881179,0,0,1045.81236906854,960.785797616452,146.529841723604,278.326537661753,66.6642230681197,104.043661790401,0,0,0,0,6.15054888607619,11.9187686262688,3.05186812085468,4.77651220643842,0,0,0,0,0,0,0,0,0,0,188.640576925932,180.562467608554,95.58977727607,195.74863373839,73.6734419966737,127.733328004131,0,0,7.24779460818237,6.93750063174657,3.6542245303672,7.47905895301068,2.80155282356943,4.85541619667991,0,0,586.066978000532,549.390014942612,216.337990517208,456.140065975145,195.548045090857,337.365424555241,0,0,22.5172357701408,21.1084530196384,8.28051795371191,17.4502383057883,7.45121491803617,12.849516716147,0,0,0,0,29.4857522388068,63.2806028095534,24.5232892620139,40.6601461215415,0,0,0,0,0,0,0,0,0,0,76.789999551528,40.5175548212715,116.692843383232,107.633701316792
"72",1995,1634,5.91666666666667,8319.36434383859,7595.99864148815,1276.96927215307,2418.04441390059,563.517847019127,880.608514498904,0,0,0,0,0,0,0,0,0,0,0,0,2.01054835209643,3.89146392790872,1.02014703090896,1.60030183634864,0,0,0,0,0,0,0,0,0,0,2155.10511877912,1975.73887663856,249.315408008779,476.555676227344,98.975587941764,158.531518967582,0,0,82.8025850413576,75.9110471813362,9.6065175592273,18.3643972263043,3.81375582270668,6.10855392550926,0,0,27144.4760890583,24894.3406213038,3805.1503789867,7221.24047338175,1729.35169628506,2699.68871711449,0,0,1042.88337856345,956.481531762774,147.605576414917,280.451751984061,67.6331315857837,105.703525945655,0,0,0,0,6.2053176162651,12.0284775299976,3.09788792796026,4.85530787118974,0,0,0,0,0,0,0,0,0,0,188.881804076344,180.551970325912,96.883356614474,198.562958012038,75.1588853066425,130.607464801007,0,0,7.2570635795207,6.93709729134991,3.70369222808166,7.58659493340289,2.85810182854809,4.96476901290347,0,0,582.352464909951,545.177975575814,218.594783745949,461.479323042463,198.842557208759,343.915424591523,0,0,22.3745234522026,20.9466195749032,8.36677145217217,17.6541558536396,7.57667411285089,13.09881055568,0,0,0,0,29.9013225161937,64.2334723877448,24.9836783891588,41.4992839229765,0,0,0,0,0,0,0,0,0,0,77.9289351015638,40.9933288166232,119.883439993521,110.233490616678
"73",1996,1634,6,8294.52658696371,7561.19798265237,1286.14399259467,2435.97609620554,570.335005234731,892.429404110545,0,0,0,0,0,0,0,0,0,0,0,0,2.02696072676239,3.92425737079378,1.03291515614981,1.62244993401058,0,0,0,0,0,0,0,0,0,0,2164.3351297685,1980.95257764128,252.992388474566,483.869091167043,101.195384484793,162.396724486785,0,0,83.1572168239196,76.1113659114511,9.74823479085359,18.6462985080745,3.89928237879037,6.25747448945887,0,0,27068.0759470428,24782.5679490103,3832.29667377849,7275.23414596432,1754.00940926774,2742.30319929334,0,0,1039.94837117243,952.18703572586,148.666927940388,282.568421218613,68.6024088672195,107.381223620118,0,0,0,0,6.25910949402808,12.1371825648008,3.14399456214888,4.93503671600439,0,0,0,0,0,0,0,0,0,0,189.117893241267,180.548619420109,98.1839479568716,201.442896632942,76.660219402011,133.579780087045,0,0,7.26613513828677,6.936968526505,3.75343167527485,7.69664504139595,2.91525977832344,5.07786261153536,0,0,578.652076651071,541.001004117219,220.828884847077,466.815442233908,202.1602512464,350.577214003604,0,0,22.232353801496,20.786133497001,8.45215497945705,17.8579485357197,7.70301719161839,13.3523613512132,0,0,0,0,30.3162486219696,65.1906941413958,25.4479862079747,42.3527129476132,0,0,0,0,0,0,0,0,0,0,79.0748992925669,41.4507756592631,123.14529891368,112.779904714014
"74",1996,1634,6.08333333333333,8269.13256505305,7525.80895140115,1295.40157573743,2454.13279804874,577.133641304201,904.320222970205,0,0,0,0,0,0,0,0,0,0,0,0,2.04317704493694,3.95684643638843,1.04565485083459,1.64473641735981,0,0,0,0,0,0,0,0,0,0,2173.7249891851,1986.3033465649,256.695469415681,491.265637858361,103.453673527579,166.352302840554,0,0,83.5179902386799,76.3169510102818,9.89095782204689,18.9314036404943,3.9862918783733,6.40987669372505,0,0,26991.7028750643,24671.2108843666,3858.99482674247,7328.74074156717,1778.68168189026,2785.29004696984,0,0,1037.01440155578,947.908508101145,149.710999637436,284.666464535659,69.57242942444,109.073848289272,0,0,0,0,6.31204904006984,12.2449027231911,3.19019865613258,5.01555896701695,0,0,0,0,0,0,0,0,0,0,189.355917017325,180.553906859295,99.490178106032,204.367742522998,78.1805076848069,136.633889442272,0,0,7.27528102441976,6.93717166093953,3.8033898097848,7.80841715273178,2.97314335292642,5.19407469141842,0,0,574.96327976295,536.854225386202,223.042454008031,472.147746370306,205.501127847069,357.344858006879,0,0,22.0906294793035,20.6268074736147,8.53675181273096,18.0615914173327,7.83024443271928,13.6099431433764,0,0,0,0,30.7304718931494,66.151140913347,25.9163019884576,43.2193292684296,0,0,0,0,0,0,0,0,0,0,80.2262674096317,41.8950767203055,126.47465399969,115.300772390439
"75",1996,1634,6.16666666666667,8243.78576670377,7490.64612326417,1304.37082843209,2471.7724450715,583.922415870349,916.213577775957,0,0,0,0,0,0,0,0,0,0,0,0,2.05918826645306,3.98904080621863,1.05838435089539,1.66704209720482,0,0,0,0,0,0,0,0,0,0,2183.29526332514,1991.80018474876,260.419099871765,498.713675729167,105.752774674116,170.387892126412,0,0,83.8856954756285,76.5281483236803,10.0344736325198,19.2184949831485,4.07487371277139,6.56536128486265,0,0,26915.8389265742,24560.7065684323,3885.04958347941,7381.09137526728,1803.39742490067,2828.44718847118,0,0,1034.09999114671,943.662744527942,150.730296681735,286.720061032191,70.544325257683,110.773491429175,0,0,0,0,6.36417582855306,12.3511632631793,3.23655353261886,5.09651422756676,0,0,0,0,0,0,0,0,0,0,189.610820718564,180.571374197036,100.799142773346,207.294208037206,79.7260423867,139.733093445142,0,0,7.28507545967627,6.93784276665596,3.85345431701838,7.92025497608421,3.03199201352781,5.31201059369584,0,0,571.284834030936,532.729131993964,225.240463563954,477.463410288593,208.868945392961,364.193175036979,0,0,21.9493028353483,20.4683146371013,8.62075292520901,18.2645952196084,7.95849926898829,13.8705973268896,0,0,0,0,31.1441504480646,67.1122145624593,26.389071256961,44.0960949480196,0,0,0,0,0,0,0,0,0,0,81.3791352558086,42.3394057995516,129.860908855537,117.869519696937
"76",1996,1634,6.25,8218.483774559,7455.70607618455,1313.05635587133,2488.90172020841,590.697563820265,928.103899569236,0,0,0,0,0,0,0,0,0,0,0,0,2.07495008416555,4.02076352370794,1.07109977083875,1.68936060311774,0,0,0,0,0,0,0,0,0,0,2193.04334632829,1997.44038935797,264.163324787948,506.213291068194,108.092799297677,174.504159978692,0,0,84.2602324134442,76.7448540044079,10.1787839019194,19.5075757863059,4.16503219515089,6.72395401978418,0,0,26840.4838011804,24451.0512787126,3910.47330807188,7432.30500455387,1828.14938468502,2871.76454469776,0,0,1031.20512841499,939.44960198147,151.725286785712,288.729924034994,71.5178139646093,112.479761412383,0,0,0,0,6.4154599736641,12.4559078848772,3.2830477811589,5.17788735334277,0,0,0,0,0,0,0,0,0,0,189.882286019229,180.600918960997,102.110837209229,210.223088601193,81.2967497325033,142.8784178414,0,0,7.29550621357593,6.93897790650454,3.90362515358312,8.03218919741805,3.09180312497291,5.4317096880434,0,0,567.617568163331,528.626201450097,227.422588343889,482.760626260456,212.263416795824,371.121011055917,0,0,21.808405709417,20.3106733341421,8.70414606904883,18.4668913137064,8.0877709896668,14.1342805007959,0,0,0,0,31.5571320856683,68.0735978320765,26.8662160161603,44.9829156076282,0,0,0,0,0,0,0,0,0,0,82.5336045734834,42.7837927460629,133.304738451074,120.486624056593
"77",1996,1634,6.33333333333333,8193.2241811589,7420.98540927772,1321.46266969414,2505.52719453921,597.455407402486,939.985704512598,0,0,0,0,0,0,0,0,0,0,0,0,2.09042705005541,4.05195236372231,1.08379640251589,1.711684489259,0,0,0,0,0,0,0,0,0,0,2202.96682205634,2003.22143498539,267.928202271026,513.764578433849,110.473877578015,178.701786233512,0,0,84.6415082202331,76.9669710222838,10.3238908193178,19.7986496227094,4.25677235843697,6.88568112021774,0,0,26765.6370407912,24342.2411749501,3935.27813891984,7482.40030666133,1852.93050801273,2915.23225379349,0,0,1028.32979577121,935.268932912315,152.696429257812,290.696756502431,72.4926206896142,114.19227468778,0,0,0,0,6.46588028402434,12.5590952620603,3.32966971528835,5.25966276506398,0,0,0,0,0,0,0,0,0,0,190.170005492242,180.642434365855,103.425265100206,213.155115744162,82.8925616617623,146.070827185588,0,0,7.30656147437681,6.94057297762342,3.95390259878561,8.14424806406127,3.15257426776821,5.5532090219983,0,0,563.962276485732,524.545894226764,229.588508499359,488.037679337312,215.684217327175,378.127223799859,0,0,21.6679686202702,20.1539012568131,8.786919205764,18.6684146289448,8.21804745951199,14.4009497278073,0,0,0,0,31.9692630924201,69.0349694410005,27.3476551032183,45.8796912450546,0,0,0,0,0,0,0,0,0,0,83.6897751641744,43.22826714714,136.806815927097,123.152577665174
"78",1996,1634,6.41666666666667,8168.00459313459,7386.48074599432,1329.59419504341,2521.65533656446,604.192351849361,951.853590344654,0,0,0,0,0,0,0,0,0,0,0,0,2.10559061813535,4.08255665686431,1.09646901005601,1.73400560207847,0,0,0,0,0,0,0,0,0,0,2213.06343513755,2009.14094680026,271.713799922787,521.367636773112,112.896154457633,182.98146034679,0,0,85.0294362410065,77.1944081325128,10.4697969422051,20.0917202382876,4.35009980059016,7.05056917421871,0,0,26691.2980511245,24234.2723182215,3959.47600123909,7531.39569308309,1877.73393207109,2958.84066125799,0,0,1025.47397039315,931.120585980182,153.644175467142,292.621251561731,73.4684777532345,115.910655417506,0,0,0,0,6.51542226188246,12.6606956912729,3.37640759337991,5.34182473374474,0,0,0,0,0,0,0,0,0,0,190.473682271954,180.695810471228,104.742437712627,216.09096583069,84.5134164729445,149.311233279509,0,0,7.31822983611835,6.94262375592828,4.0042872207121,8.25645771592139,3.2143032637075,5.67654364216294,0,0,560.319722201914,520.48865523558,231.737910393695,493.292937713082,219.130987529872,385.210677708588,0,0,21.5280208909291,19.9980154993292,8.86906053969448,18.869103283674,8.34931522886732,14.6705623408466,0,0,0,0,32.3803898075747,69.9960068454991,27.8333042885971,46.7863163830267,0,0,0,0,0,0,0,0,0,0,84.8477450208511,43.6728583261185,140.367812924003,125.867885994121
"79",1996,1634,6.5,8142.82263456504,7352.18873710302,1337.45527202734,2537.29251449069,610.904885564723,963.702237195744,0,0,0,0,0,0,0,0,0,0,0,0,2.12041824836308,4.11253582957691,1.10911195863491,1.75631524222381,0,0,0,0,0,0,0,0,0,0,2223.3310780391,2015.19668868926,275.520192918329,529.022567165367,115.359787511293,187.34388002574,0,0,85.4239355009829,77.4270794200444,10.6165051225966,20.3867914653773,4.44502060305941,7.2186450839318,0,0,26617.4661107166,24127.1406797601,3983.07860755546,7579.30930931532,1902.55298453407,3002.58032083468,0,0,1022.63762457194,927.004406392837,154.568968860905,294.504092499224,74.4451246585431,117.634535513503,0,0,0,0,6.56407718595547,12.7606895505823,3.4232497141487,5.42435750552121,0,0,0,0,0,0,0,0,0,0,190.793030111514,180.760934800294,106.062373435289,219.031263830899,86.1592592048907,152.600498926403,0,0,7.33050030082573,6.9451259198806,4.05477985811664,8.36884232823722,3.27698819094815,5.80174673723853,0,0,556.690638424784,516.454914179735,233.870487474386,498.524849296929,222.603334130976,392.370240674459,0,0,21.3885906882865,19.8430325715733,8.95055855100568,19.0688984538141,8.48155956823739,14.943075819576,0,0,0,0,32.7903594835915,70.9563877563391,28.3230762972415,47.70268004439,0,0,0,0,0,0,0,0,0,0,86.0076103586461,44.117595332275,143.988399817664,128.633067277739
"80",1996,1634,6.58333333333333,8117.67595013744,7318.10606325513,1345.05015886369,2552.4450005248,617.589578762839,975.526406929098,0,0,0,0,0,0,0,0,0,0,0,0,2.13489236168759,4.14185769764703,1.12171935823019,1.77860434560445,0,0,0,0,0,0,0,0,0,0,2233.76777494536,2021.38654846985,279.34746182159,536.729470400954,117.864944475133,191.789749574186,0,0,85.8249300861665,77.6649037314479,10.7640184229749,20.6838671295113,4.54154123619656,7.38993600241978,0,0,26544.1403826178,24020.8421517463,4006.09746222227,7626.15903956126,1927.38118002174,3046.44199154226,0,0,1019.82072616141,922.920236320726,155.471245131601,296.345952934049,75.4223079617408,119.363554530875,0,0,0,0,6.61184104755097,12.8590655067244,3.47018451835616,5.50724543543538,0,0,0,0,0,0,0,0,0,0,191.127773231295,180.837693026082,107.385097167194,221.976588193996,87.830041879699,155.939442746786,0,0,7.34336227268672,6.94807507685608,4.10538159638808,8.48142429644635,3.34062739383117,5.9288498213403,0,0,553.075729813368,512.445086190216,235.985941040956,503.731936627589,226.10083168503,399.604780649153,0,0,21.2497050860011,19.6889684235411,9.03140202457161,19.2677441777479,8.61476453051157,15.2184476612177,0,0,0,0,33.1990211635143,71.9157917117131,28.816880888906,48.6286658309832,0,0,0,0,0,0,0,0,0,0,87.1694656810272,44.5625069355545,147.669245990545,131.448651742484
"81",1996,1634,6.66666666666667,8092.56220793791,7284.22943719239,1352.38303480721,2567.11897482904,624.243082150131,987.320942520195,0,0,0,0,0,0,0,0,0,0,0,0,2.14899945324813,4.17049701339566,1.13428517943499,1.80086362988721,0,0,0,0,0,0,0,0,0,0,2244.37166748527,2027.70852485871,283.195690677629,544.488444865884,120.411801037299,196.319778358815,0,0,86.2323485949689,77.9078041742184,10.9123400428442,20.9829509679372,4.63966847466079,7.56446927508433,0,0,26471.3199247915,23915.3725568603,4028.5438657798,7671.96251125876,1952.21221651044,3090.41663464731,0,0,1017.02323897759,918.867915263993,156.351432378246,298.147496985122,76.399781140697,121.097359558881,0,0,0,0,6.65871365067366,12.955818993667,3.51720066726226,5.59047309168495,0,0,0,0,0,0,0,0,0,0,191.477646122461,180.925969565056,108.710639714827,224.927475217897,89.5257235910637,159.328843514264,0,0,7.35680555050458,6.95146678595111,4.1560937440092,8.59422440203662,3.40521948669703,6.05788289898728,0,0,549.475674063328,508.459572379291,238.083980917104,508.912792227938,229.623024203294,406.913162650099,0,0,21.1113901217657,19.5358384666065,9.11158007517121,19.4655871779549,8.74891301267781,15.4966352665397,0,0,0,0,33.606226398029,72.8739013815302,29.3146249554232,49.5641520270696,0,0,0,0,0,0,0,0,0,0,88.333403844828,45.0076216228161,151.411020094774,134.315180905009
"82",1996,1634,6.75,8067.47910185061,7250.55560559626,1359.45800270515,2581.3205289334,630.862125759405,999.080767580379,0,0,0,0,0,0,0,0,0,0,0,0,2.16272940628817,4.19843433255737,1.14680333095258,1.8230836941999,0,0,0,0,0,0,0,0,0,0,2255.14100271261,2034.16071655654,287.064965461316,552.299584823045,123.000538958549,200.934679460906,0,0,86.6461236763931,78.1557076973956,11.0614732589435,21.2840465633265,4.73940932543433,7.74227238814927,0,0,26399.0036989039,23810.7276563497,4050.42891885344,7716.73709904869,1977.03997191634,3134.49541081816,0,0,1014.24512313649,914.847280362441,157.20995125032,299.90937941714,77.3773044698116,122.83560511848,0,0,0,0,6.70469792157233,13.0509510353642,3.56428708777303,5.67402531824771,0,0,0,0,0,0,0,0,0,0,191.842393309775,181.02564806297,110.039037191381,227.884422787908,91.2462704157437,162.769443897414,0,0,7.37082031858497,6.95529657665005,4.20691780925658,8.70726195459047,3.47076335081783,6.18887460741595,0,0,545.891123203345,504.498760288802,240.164326026919,514.066074539756,233.169426728342,414.294246200703,0,0,20.9736708471154,19.383657590746,9.19108216898051,19.6623767047209,8.88398681550627,15.7775958423315,0,0,0,0,34.0118297649127,73.8304035427056,29.8162126406655,50.5090117319704,0,0,0,0,0,0,0,0,0,0,89.4995161221053,45.4529675954616,155.214390309369,137.233206962328
"83",1996,1634,6.83333333333333,8042.42435370701,7217.08135069818,1366.27909140041,2595.05566891292,637.443517822015,1010.80088591561,0,0,0,0,0,0,0,0,0,0,0,0,2.17607490550947,4.2256550425247,1.1592677219806,1.84525509984567,0,0,0,0,0,0,0,0,0,0,2266.0741223732,2040.74131254703,290.955372717271,560.162978903422,125.631344381333,205.63516840934,0,0,87.0661916176619,78.4085447188371,11.211421372802,21.5871572855406,4.84077096304031,7.92337292022661,0,0,26327.1905782043,23706.9031572363,4071.76352591341,7760.49992858681,2001.85850067161,3178.66967726216,0,0,1011.4863353568,910.858166672444,158.047215086486,301.632245780674,78.3546448944529,124.577953059134,0,0,0,0,6.74979932018683,13.1444672391294,3.61143300606276,5.75788728251993,0,0,0,0,0,0,0,0,0,0,192.2217690902,181.136611816428,111.370330437675,230.847893745863,92.9916552366113,166.261953837972,0,0,7.38539713669314,6.95955996502233,4.25785547780126,8.82055491985073,3.53725812788707,6.32185234502027,0,0,542.322704783315,500.563024282412,242.226704892382,519.190504187989,236.739526878104,421.746883077656,0,0,20.8365713730803,19.2324401796094,9.26989814204967,19.8580643924004,9.01996670207579,16.0612863155189,0,0,0,0,34.415689290324,74.7849898872858,30.3215454667962,51.4631130033782,0,0,0,0,0,0,0,0,0,0,90.6678922603972,45.8985727680602,159.080024584162,140.203292233838
"84",1996,1634,6.91666666666667,8017.39571519431,7183.80349166131,1372.85025798033,2608.33031832736,643.984143678855,1022.47638112017,0,0,0,0,0,0,0,0,0,0,0,0,2.18903094921198,4.2521485504735,1.17167230904338,1.86736843160213,0,0,0,0,0,0,0,0,0,0,2277.16945342152,2047.44858356712,294.866998395249,568.078708812013,128.304406327894,210.421962002958,0,0,87.4924919798507,78.6662487974906,11.3621876657944,21.892286241636,4.94376067198535,8.10779849727607,0,0,26255.8793545202,23603.8947186906,4092.55839889197,7803.26788019474,2026.66203029616,3222.93098484524,0,0,1008.7468292287,906.900407411851,158.863630047975,303.316732546156,79.3315759050759,126.324072454832,0,0,0,0,6.7940253531156,13.2363769585176,3.65862796900024,5.84204450724263,0,0,0,0,0,0,0,0,0,0,192.615537248768,181.258744131716,112.704564463528,233.818318896037,94.7618574810033,169.807053569908,0,0,7.40052692913711,6.9642524675092,4.30890859116414,8.9341200340495,3.60470321020897,6.45684238608982,0,0,538.771022956921,496.652725885104,244.270856053063,524.284860569974,240.332786354837,429.269915356958,0,0,20.7001149117787,19.0822001235638,9.34801821579949,20.0526041280587,9.15683245497098,16.3476632586008,0,0,0,0,34.8176667723541,75.7373576645045,30.8305224673254,52.4263190118703,0,0,0,0,0,0,0,0,0,0,91.838620541317,46.3444647679382,163.008590870203,143.226008654165
"85",1997,1634,7,7993.84296470836,7151.73521143485,1379.7122443484,2622.24678625556,650.172876689374,1033.73521809113,0,0,0,0,0,0,0,0,0,0,0,0,2.20115814150235,4.27730380666086,1.18344256387625,1.88873257106753,0,0,0,0,0,0,0,0,0,0,2288.44729175988,2054.35229413189,298.688645021501,575.893873312595,130.953257750176,215.211977659061,0,0,87.925804563983,78.9315003975908,11.5094914974514,22.1935463615323,5.04581777717701,8.29234850823692,0,0,26186.2292288989,23503.1393424581,4111.86084534288,7843.92193903235,2050.46078978689,3266.0943801239,0,0,1006.07114345626,903.029214516883,159.62219470814,304.919194864135,80.2693490096912,128.027512583088,0,0,0,0,6.83573317667756,13.3243009710327,3.70408044861972,5.92434207168567,0,0,0,0,0,0,0,0,0,0,192.968766256157,181.354675486756,113.939080457183,236.639218346077,96.3770178833781,173.161924403358,0,0,7.41409916883872,6.96793828683903,4.35615507570051,9.0419839721033,3.6662568046863,6.5846118119172,0,0,535.234045889096,492.784930237995,246.21492593542,529.218861476351,243.828149153025,436.700624041696,0,0,20.5642233979344,18.9335930928973,9.4223071600771,20.2410082592804,9.28997235276521,16.6305310042419,0,0,0,0,35.20915491262,76.6733646644034,31.3279791967878,53.3792224709942,0,0,0,0,0,0,0,0,0,0,93.1068418618388,46.8578711380134,167.322752519844,146.764902844143
"86",1997,1634,7.08333333333333,7970.78724243028,7120.19264398716,1386.50028689435,2636.05860197455,656.229183100267,1044.83898702045,0,0,0,0,0,0,0,0,0,0,0,0,2.21300835987589,4.30199280697256,1.19496270021805,1.90980425503888,0,0,0,0,0,0,0,0,0,0,2299.80789100429,2061.32430294792,302.487083806334,583.691624277895,133.61113593231,220.042974411262,0,0,88.3622969544741,79.1993761257247,11.6559031427171,22.4941397228782,5.14822373441821,8.47847912207792,0,0,26117.4937509305,23403.6787609065,4130.37494838656,7883.30383596876,2073.91652086138,3308.94743949089,0,0,1003.43059789557,899.207769791753,160.350220711511,306.472396483952,81.1938580889898,129.719130210996,0,0,0,0,6.87604926793275,13.4099413185497,3.74897397054289,6.00619027084943,0,0,0,0,0,0,0,0,0,0,193.322947291999,181.453025047027,115.150342035912,239.42648049363,97.9713122089209,176.50516741008,0,0,7.42770799014176,6.97171701748555,4.40251588389413,9.14857021463054,3.7270226199671,6.71195158506027,0,0,531.719159178314,488.953114049623,248.112252173445,534.078156470111,247.296155416345,444.133503256267,0,0,20.4291805934051,18.7863684522072,9.49480919995139,20.426558205667,9.42207489977854,16.9134895920193,0,0,0,0,35.5957132179698,77.6020350297735,31.8237802136191,54.3343609858007,0,0,0,0,0,0,0,0,0,0,94.4070793914346,47.3925314137379,171.800183908422,150.506831987834
"87",1997,1634,7.16666666666667,7947.77421101034,7088.8564183982,1393.05020146778,2649.42852945219,662.247553670132,1055.89926125473,0,0,0,0,0,0,0,0,0,0,0,0,2.22470749889184,4.32638548064321,1.20640985356427,1.9307944644782,0,0,0,0,0,0,0,0,0,0,2311.2418672416,2068.33981455088,306.297106458859,591.519631058525,136.298534728726,224.941006803929,0,0,88.8016086063752,79.4689233005012,11.8027617787859,22.7959014069689,5.25176797958756,8.66719389951904,0,0,26049.3103623436,23305.0585146956,4148.41396835577,7921.78698303305,2097.32968932241,3351.84734191863,0,0,1000.8112623728,895.418612171603,161.05986119314,307.990872283356,82.1168634178357,131.412924656636,0,0,0,0,6.91550675715092,13.4940641758226,3.79384994214229,6.08823671701357,0,0,0,0,0,0,0,0,0,0,193.694917673952,181.565236692579,116.370342728556,242.229060962386,99.6004064173353,179.912592365886,0,0,7.44200030020038,6.97602835177234,4.44921338674907,9.25574768870181,3.78911812981506,6.8417443603408,0,0,528.228009022433,485.152597892751,249.988191593355,538.902177210873,250.773369918367,451.616952918401,0,0,20.2950497467173,18.6403464103312,9.56649588429464,20.6107643716729,9.55453343575138,17.1983827904953,0,0,0,0,35.9798382989459,78.5273829133442,32.3224683118173,55.2975264999924,0,0,0,0,0,0,0,0,0,0,95.7097616123313,47.9275021535243,176.341367838287,154.308888711754
"88",1997,1634,7.25,7924.79983442658,7057.72173863575,1399.36560022618,2662.36194286794,668.225021721272,1066.91128204676,0,0,0,0,0,0,0,0,0,0,0,0,2.23621594996666,4.35040942280821,1.21778317530554,1.95170085338157,0,0,0,0,0,0,0,0,0,0,2322.75735685475,2075.40632002949,310.119983385461,599.380556848427,139.016755111914,229.90853495104,0,0,89.2440521325291,79.7404297415277,11.9501161930528,23.0989336203167,5.35650042179398,8.85858728450681,0,0,25981.6709946677,23207.2679946197,4165.98687758742,7959.38556784547,2120.69515740424,3394.78599597271,0,0,998.212826900728,891.661334033111,161.751456739578,309.475157078924,83.0381624809827,133.108577789733,0,0,0,0,6.95412718500408,13.5766877270334,3.83869884776034,6.17046786044375,0,0,0,0,0,0,0,0,0,0,194.083892659406,181.690708830188,117.598280943601,245.045967664542,101.262463039383,183.38258616254,0,0,7.45694594816576,6.98084917552303,4.49621705288164,9.36347868338592,3.85247343531738,6.97392887637891,0,0,524.760710244082,481.38325228951,251.842999400289,543.690404685866,254.260252247886,459.150891140958,0,0,20.1618352694551,18.4955219925121,9.63737710221126,20.7936073096734,9.68736564004721,17.4852080150976,0,0,0,0,36.3614104419346,79.4491417988983,32.8239314774556,56.2685578311387,0,0,0,0,0,0,0,0,0,0,97.0150056210806,48.4628233200183,180.947379279349,158.171948270871
"89",1997,1634,7.33333333333333,7901.86037294701,7026.78409265042,1405.45005391242,2674.8641910492,674.158714297774,1077.8703990609,0,0,0,0,0,0,0,0,0,0,0,0,2.2475018960447,4.37400585373441,1.22908076764794,1.97251961935259,0,0,0,0,0,0,0,0,0,0,2334.36126008421,2082.53014586501,313.956782744766,607.276638171415,141.766927983265,234.947743770585,0,0,89.6898926512106,80.0141385223315,12.0980074161919,23.403322211283,5.46246445733945,9.05274318072045,0,0,25914.5684108396,23110.2974052247,4183.102573671,7996.11375619688,2144.00801564286,3437.75560567811,0,0,995.635013435031,887.935559018634,162.425345269558,310.925785196117,83.9575614839759,134.805782683045,0,0,0,0,6.99193114958109,13.6578317140587,3.88351195892584,6.2528710116825,0,0,0,0,0,0,0,0,0,0,194.489169586139,181.828906026661,118.833482334191,247.876390050466,102.955902638045,186.913811867206,0,0,7.47251793683581,6.98615891653558,4.54350121524745,9.47173243510578,3.91702849161124,7.10845443969601,0,0,521.317408593807,477.644988955667,253.676884726603,548.442303552353,257.757103462676,466.73507621761,0,0,20.0295427614636,18.3518918067191,9.7074609860748,20.9750669529924,9.82058315612577,17.7739565955343,0,0,0,0,36.7403164166673,80.3670534306121,33.3280564733841,57.2472906870798,0,0,0,0,0,0,0,0,0,0,98.3229233912678,48.9985331610552,185.619232662426,162.096861195682
"90",1997,1634,7.41666666666667,7878.95233232198,6996.03920400001,1411.30709172917,2686.9405936173,680.045844794118,1088.77206191969,0,0,0,0,0,0,0,0,0,0,0,0,2.25853955329432,4.39712661936166,1.24030002275683,1.99324595660883,0,0,0,0,0,0,0,0,0,0,2346.05947879893,2089.71667919697,317.808410425423,615.209767088857,144.550044546394,240.060592524895,0,0,90.1393569216619,80.2902566254287,12.2464702542151,23.7091398196001,5.56969813154436,9.24973684706567,0,0,25847.9960439141,23014.1376106757,4199.76986889945,8031.98566261046,2167.26355938952,3480.74863886135,0,0,993.07756967744,884.240936114177,163.081861613593,312.343289314888,84.8748744571191,136.504242407142,0,0,0,0,7.02893843877015,13.7375169515727,3.92828116411393,6.33543416926734,0,0,0,0,0,0,0,0,0,0,194.910113963284,181.979347241897,120.075373859064,250.719659514929,104.6793551251,190.505154880776,0,0,7.4886918882491,6.99193909247764,4.59104407841485,9.58048361057379,3.98273124756126,7.245278863955,0,0,517.898271658169,473.937750755713,255.490021436814,553.157331971844,261.264095055978,474.369134812202,0,0,19.8981786615339,18.2094536577064,9.77675432389714,21.1551229914653,9.95419269655743,18.0646148529594,0,0,0,0,37.1164488650423,81.2808674912479,33.8347290666013,58.2335579617384,0,0,0,0,0,0,0,0,0,0,99.6336225383932,49.5346684756289,190.357893569556,166.084458929479
"91",1997,1634,7.5,7856.07244571943,6965.483014559,1416.94019947851,2698.59643760647,685.883712794984,1099.61182029264,0,0,0,0,0,0,0,0,0,0,0,0,2.2693084927192,4.41973303151649,1.25143775207462,2.01387423018619,0,0,0,0,0,0,0,0,0,0,2357.85700910095,2096.97045629061,321.675625172253,623.181521976434,147.366967210549,245.248832468937,0,0,90.5926369021133,80.5689583413837,12.3955338679738,24.0164470550802,5.67823455553774,9.44963557247809,0,0,25781.9479339032,22918.7800751115,4215.99748058336,8067.01533126717,2190.45728442814,3523.7578210165,0,0,990.540266649086,880.577137357709,163.721337141322,313.728199738014,85.7899230896377,138.203669795869,0,0,0,0,7.06516807220178,13.8157651290697,3.97299891149565,6.41814596156585,0,0,0,0,0,0,0,0,0,0,195.346154354262,182.141601403729,121.323473666987,253.575233616841,106.431640813502,194.155701776254,0,0,7.50544584707924,6.9981731408649,4.6388273312214,9.68971170178711,4.04953692148972,7.38436765983008,0,0,514.503484592705,470.261507220364,257.282552662179,557.834946682545,264.781280214001,482.052572661422,0,0,19.7677500834612,18.068206374788,9.84526273226087,21.3337550649525,10.0881964727607,18.3571645096003,0,0,0,0,37.4897062035457,82.1903417419767,34.3438341247587,59.2271897967784,0,0,0,0,0,0,0,0,0,0,100.94720657846,50.0712647047007,195.164283295085,170.135556188961
"92",1997,1634,7.58333333333333,7833.21764522737,6935.11165739084,1422.35281880833,2709.83697443776,691.669700757986,1110.38532030562,0,0,0,0,0,0,0,0,0,0,0,0,2.2797926523797,4.44179417401435,1.26249036633775,2.03439821851603,0,0,0,0,0,0,0,0,0,0,2369.7580786209,2104.29529261735,325.559061758981,631.193215281468,150.218447246007,250.514035608364,0,0,91.0498950248943,80.8503902667102,12.5452226612446,24.3252943273304,5.78810258161334,9.6524997762587,0,0,25716.4186343748,22824.2167738841,4231.79402292825,8101.21671589942,2213.5848746539,3566.77611875393,0,0,988.022895101977,876.94385442885,164.344099442109,315.081043608239,86.7025362605039,139.90378681622,0,0,0,0,7.10063837564119,13.8925985418287,4.01765811936275,6.50099555483938,0,0,0,0,0,0,0,0,0,0,195.796774298618,182.315280582336,122.577376145248,256.442673265155,108.211741900936,197.864708746094,0,0,7.52275997025961,7.00484615681096,4.68683557451228,9.79940015175908,4.11740691141857,7.52569282722255,0,0,511.13324478832,466.616248676262,259.054597029289,562.474608662968,268.308610748119,489.784790780305,0,0,19.6382646111258,17.9281495862912,9.91299089384625,21.5109429792786,10.2225928408551,18.6515833080338,0,0,0,0,37.8599923055856,83.0952419018507,34.8552557583833,60.2280137445459,0,0,0,0,0,0,0,0,0,0,102.26377536786,50.6083560830744,200.03928564141,174.250954270711
"93",1997,1634,7.66666666666667,7810.38503966884,6904.92143560619,1427.5483465342,2720.66741741995,697.401271568094,1121.088302028,0,0,0,0,0,0,0,0,0,0,0,0,2.28997957827325,4.46328559551911,1.27345400730868,2.05481129209221,0,0,0,0,0,0,0,0,0,0,2381.76625463041,2111.69438526627,329.459249235282,639.245931242811,153.10513881123,255.857617522785,0,0,91.5112683502856,81.1346752386833,12.6955569800944,24.6357232909899,5.89932733984183,9.8583838813924,0,0,25651.4031388109,22730.4401237195,4247.16800036382,8134.60366338777,2236.64219236581,3609.7967268688,0,0,985.525262689666,873.340795965532,164.950472062935,316.402344270172,87.6125496692518,141.604324076369,0,0,0,0,7.13536703976828,13.9680398882521,4.06225210976267,6.58397258433401,0,0,0,0,0,0,0,0,0,0,196.261505870829,182.500034573664,123.836740192577,259.321624901058,110.01877977767,201.631576515837,0,0,7.54061627950325,7.01194468491394,4.73505587230252,9.90953567169888,4.18630792788427,7.66923189494637,0,0,507.787757712772,463.001981639855,260.806253510623,567.075787405291,271.845950579881,497.565098274126,0,0,19.5097301387206,17.7892835425823,9.97994274229348,21.6866668689261,10.3573768158997,18.9478455006327,0,0,0,0,38.2272162496506,83.9953415494826,35.368877440864,61.2358549039726,0,0,0,0,0,0,0,0,0,0,103.583425455542,51.145975760011,204.983752286898,178.431443652158
"94",1997,1634,7.75,7787.57189626046,6874.90880482932,1432.53013424596,2731.09293985187,703.07596637943,1131.71659736504,0,0,0,0,0,0,0,0,0,0,0,0,2.29985982397998,4.4841882670854,1.28432464097982,2.0751065419298,0,0,0,0,0,0,0,0,0,0,2393.8845338437,2119.17039805524,333.37662589427,647.340557000101,156.027610651689,261.280856314902,0,0,91.9768720168401,81.4219156054452,12.8465536866322,24.947768037822,6.01193068568789,10.0673370397274,0,0,25586.8968193868,22637.4429246246,4262.12780251959,8167.18990068891,2259.62526967459,3652.81305709446,0,0,983.047191615092,869.767685331972,165.540774309816,317.692620760573,88.5198055095753,143.305020398436,0,0,0,0,7.16937117084468,14.0421121184277,4.10677455903894,6.66706710154811,0,0,0,0,0,0,0,0,0,0,196.739924195411,182.695546326774,125.101279616198,262.211806077444,111.851995995624,205.455829431072,0,0,7.5589984505649,7.01945654356772,4.78347738428254,10.0201076884188,4.25621126671079,7.81496712014696,0,0,504.467233577081,459.418725052884,262.537605343808,571.637964099967,275.39308713725,505.392723121522,0,0,19.3821547426737,17.6516089714275,10.046121611446,21.8609073179816,10.4925405062817,19.2459222612329,0,0,0,0,38.5912920905404,84.8904220006073,35.8845821161303,62.2505360502717,0,0,0,0,0,0,0,0,0,0,104.906250387421,51.684155902202,209.998507249636,182.677806116518
"95",1997,1634,7.83333333333333,7764.77562461951,6845.07035790315,1437.30148806263,2741.1186734393,708.691402608595,1142.26612815537,0,0,0,0,0,0,0,0,0,0,0,0,2.30942643270264,4.5044876805801,1.29509813516452,2.09527688690756,0,0,0,0,0,0,0,0,0,0,2406.11542101376,2126.72553592488,337.311552435076,655.477810059576,158.986356522701,266.784909493015,0,0,92.4468022611724,81.7121960843411,12.998226663622,25.2614561492841,6.12593159886058,10.2794037781439,0,0,25522.8953733323,22545.2183090528,4276.68170009495,8198.98902359974,2282.53030054389,3695.81872777146,0,0,980.588516569788,866.224258665527,166.115321083763,318.952387369404,89.4241521671556,145.005622426371,0,0,0,0,7.20266733587112,14.1148383061946,4.15121945567219,6.75026952913578,0,0,0,0,0,0,0,0,0,0,197.231642559668,182.901527894767,126.370754741439,265.112992944052,113.710735458153,209.337097010374,0,0,7.57789162546575,7.02737066938995,4.83209104475446,10.1311078647914,4.32709216666081,7.96288478210707,0,0,501.171884515301,455.866507055274,264.248723402961,576.160634192071,278.94974142894,513.266821655887,0,0,19.2555465732936,17.5151269540022,10.1115303636537,22.0336454570182,10.6280734975889,19.5457820469099,0,0,0,0,38.9521386450696,85.7802721773394,36.4022522998984,63.2718777604532,0,0,0,0,0,0,0,0,0,0,106.23234098024,52.2229277857074,215.084350801506,186.990816595216
"96",1997,1634,7.91666666666667,7741.99376318214,6815.40281186716,1441.86566856232,2750.74970708185,714.245272101758,1152.73290450841,0,0,0,0,0,0,0,0,0,0,0,0,2.31867450899384,4.52417309919932,1.30577031853674,2.1153151564083,0,0,0,0,0,0,0,0,0,0,2418.46099600853,2134.36160841001,341.264323134707,663.658261724559,161.981804176692,272.370828489672,0,0,92.9211389951355,82.0055862005923,13.1505872428358,25.5768095945526,6.24134652728333,10.4946245543236,0,0,25459.3947771062,22453.7596984826,4290.83784171621,8230.01448754781,2305.35363353674,3738.80755455384,0,0,978.149082973221,862.710263208361,166.674422754851,320.182153279007,90.325443944501,146.705884273652,0,0,0,0,7.23527160221104,14.1862415479029,4.19558106659274,6.83357062438528,0,0,0,0,0,0,0,0,0,0,197.736308144539,183.117716925937,127.644965309953,268.025009769486,115.594431942489,213.275098117683,0,0,7.59728224846623,7.03567698240667,4.88088929091287,10.2425296982875,4.39892925625091,8.11297457631803,0,0,497.901922272525,452.345362286438,265.939669007202,580.643309312511,282.515576767296,521.186486742616,0,0,19.1299137659421,17.379838821203,10.1761714965662,22.204863036026,10.763963184831,19.8473909097589,0,0,0,0,39.3096792932452,86.6646884679387,36.9217701740227,64.2996985350624,0,0,0,0,0,0,0,0,0,0,107.561785563772,52.7623218764387,220.242062809299,191.371244714278
"97",1998,1634,8,7719.90361038573,6786.37630342155,1446.3900533887,2760.69781614584,719.510517385359,1163.00242759811,0,0,0,0,0,0,0,0,0,0,0,0,2.32728361906096,4.54312428334825,1.31592124899041,2.13500396171851,0,0,0,0,0,0,0,0,0,0,2431.03673534576,2142.3093899214,345.033207156194,671.644465594397,164.958852185371,278.006968236539,0,0,93.4043190112078,82.3109526761078,13.2958776222064,25.8847003102091,6.3560526770607,10.7117805673638,0,0,25397.9145395795,22365.5065287456,4302.79748228824,8258.46688203575,2327.35125684761,3781.39668256681,0,0,975.787270751604,859.319426097566,167.148673656607,321.312569956127,91.1945282220545,148.390782615638,0,0,0,0,7.26587433985526,14.2554210092487,4.23851214101929,6.91627746839478,0,0,0,0,0,0,0,0,0,0,198.214030523044,183.343658880349,128.838343693234,270.896302260215,117.359656272074,217.186775245803,0,0,7.61563767997354,7.04435801851848,4.92660040565135,10.3524043491144,4.46626435651365,8.26207729112809,0,0,494.682259620323,448.911903842813,267.527145471913,584.997928332351,285.996186739406,529.097637779941,0,0,19.0062134951576,17.2479197395506,10.2368517882977,22.3711823463187,10.8966130267899,20.1486900562145,0,0,0,0,39.6575507372177,87.5391618617483,37.4311801820083,65.3273949400682,0,0,0,0,0,0,0,0,0,0,108.958850884578,53.3209388267239,225.722272516096,195.972299792047
"98",1998,1634,8.08333333333333,7697.86953137374,6757.54383477649,1450.72787467957,2770.30664825706,724.700779011845,1173.1829791335,0,0,0,0,0,0,0,0,0,0,0,0,2.33565041738239,4.56166128046898,1.32593714729868,2.15453556996368,0,0,0,0,0,0,0,0,0,0,2443.69843730977,2150.31767219097,348.809455510303,679.659014363245,167.961525725075,283.71313069485,0,0,93.8908018488695,82.6186436875035,13.4414508062017,26.1936830071076,6.47174670307018,10.9316352786253,0,0,25337.0337177242,22278.1495053275,4314.30697764597,8286.11450250984,2349.19795408908,3823.92080874115,0,0,973.448486925753,855.963020437965,167.605427887519,322.411747590948,92.057841446462,150.073449314955,0,0,0,0,7.29540391986597,14.3228517532939,4.28124356756322,6.99900412639435,0,0,0,0,0,0,0,0,0,0,198.704682483043,183.580425105378,130.031396704478,273.770420451449,119.147893155831,221.152703484005,0,0,7.63448988171584,7.05345494055839,4.97230168847888,10.4623935331678,4.53448151047554,8.41325806473064,0,0,491.490456965679,445.514136538195,269.087654487087,589.309700041399,289.470751124782,537.046137830056,0,0,18.8835836080706,17.1173719700692,10.2965048391692,22.5358728692361,11.0290401612738,20.4514266182273,0,0,0,0,40.001464391557,88.407487507209,37.9412443921216,66.360693870946,0,0,0,0,0,0,0,0,0,0,110.363277529056,53.8814022406206,231.289154241575,200.652588233806
"99",1998,1634,8.16666666666667,7675.84730558363,6728.87317067464,1454.871989195,2779.53722827694,729.827862268201,1183.27771865446,0,0,0,0,0,0,0,0,0,0,0,0,2.34378069944497,4.57975866130148,1.33584166295144,2.17391918685553,0,0,0,0,0,0,0,0,0,0,2456.44249719353,2158.37548723644,352.6055636327,687.717079395245,170.99389140431,289.492906829731,0,0,94.3804490095126,82.9282378273607,13.5877874663367,26.5043410548387,6.58858513866431,11.1543268005194,0,0,25276.6538587941,22191.5309342934,4325.4852911631,8313.08155802512,2370.93579925723,3866.3971393155,0,0,971.128948917898,852.63498736907,168.049272013026,323.484464078131,92.9170287269412,151.754555561212,0,0,0,0,7.32401504224891,14.3886838918829,4.32384612644615,7.08177740096608,0,0,0,0,0,0,0,0,0,0,199.210179192948,183.827657283394,131.229298247758,276.650763466998,120.966454681663,225.177016924453,0,0,7.65391243679867,7.06295398138492,5.01819115527572,10.572627391798,4.60385904003602,8.56667434863308,0,0,488.325252651687,442.148577286353,270.626416168324,593.583165161338,292.945211823436,545.034517701773,0,0,18.7619756304283,16.9880616869592,10.3553308339145,22.6991092011343,11.1614711458499,20.7556975696294,0,0,0,0,40.3416894511921,89.2696794156937,38.4525648341676,67.3998034578349,0,0,0,0,0,0,0,0,0,0,111.771229261066,54.4426050544214,236.92836119541,205.403635692769
"100",1998,1634,8.25,7653.83446834458,6700.36110577445,1458.82539675641,2788.39433654019,734.889753475515,1193.28293800153,0,0,0,0,0,0,0,0,0,0,0,0,2.35166127741602,4.59738487137187,1.34563263035442,2.19315053001807,0,0,0,0,0,0,0,0,0,0,2469.27281529248,2166.48649260849,356.421494923996,695.819028977617,174.056720271429,295.34796821525,0,0,94.8734103487246,83.2398756246253,13.7348863807276,26.8166888139038,6.70659756394691,11.3799193357607,0,0,25216.769556321,22105.6431861555,4336.33935731569,8339.37991705589,2392.56214502233,3908.82037804037,0,0,968.828449013197,849.335033753273,168.480471117759,324.531169492385,93.7719826963233,153.433888986945,0,0,0,0,7.35178079298836,14.4530120830468,4.36631094341938,7.16458463272611,0,0,0,0,0,0,0,0,0,0,199.729946440182,184.084975919473,132.431967859572,279.537695467005,122.813805276302,229.258787398535,0,0,7.67388328324039,7.07284056019416,5.06426592397062,10.6831201771069,4.67433859139643,8.72229106203962,0,0,485.186852549895,438.815158633027,272.143613163895,597.817498294711,296.41985915342,553.061982129132,0,0,18.64139747198,16.8599862985129,10.4133368198435,22.8608600619727,11.2939172051986,21.0614732044899,0,0,0,0,40.6781307593671,90.1255146236477,38.9650203817531,68.4445313081535,0,0,0,0,0,0,0,0,0,0,113.182809087642,55.0045786566063,242.640839447884,210.226221629314
"101",1998,1634,8.33333333333333,7631.82870243478,6672.00457339275,1462.59105840799,2796.88271934226,739.88451194256,1203.19502050972,0,0,0,0,0,0,0,0,0,0,0,0,2.35928205024332,4.61451495625392,1.3553075665203,2.21222475970587,0,0,0,0,0,0,0,0,0,0,2482.1927286721,2174.65381582843,360.25716944422,703.965079678517,177.150675789932,301.279796279264,0,0,95.3698140818979,83.5536772436678,13.8827446445903,27.1307347996261,6.8258094399788,11.6084698025862,0,0,25157.3757868023,22020.479019376,4346.87599597774,8365.02132193679,2414.07449245464,3951.1854384184,0,0,966.546794210438,846.062881358639,168.899286013454,325.55230932277,94.6226017067656,155.111245215606,0,0,0,0,7.37876337824247,14.5159181869955,4.40863083512999,7.2474149587412,0,0,0,0,0,0,0,0,0,0,200.263462461751,184.352039091179,133.639334958164,282.431560045586,124.68861562568,233.397265303066,0,0,7.69438237424481,7.08310153977734,5.11052347026069,10.7938853325363,4.74586968248303,8.88007995953581,0,0,482.075454605661,435.513819619978,273.639431385387,602.01195785908,299.894848722096,561.12763622009,0,0,18.5218567379375,16.7331434626101,10.4705299798322,23.0210973879603,11.4263844354919,21.368720021524,0,0,0,0,41.0107069326471,90.9747893224792,39.4784893667911,69.4946828755614,0,0,0,0,0,0,0,0,0,0,114.598116057375,55.5673533107961,248.427490849494,215.121117159159
"102",1998,1634,8.41666666666667,7609.82781724767,6643.80062586348,1466.17189750463,2805.00708863101,744.810265088814,1213.0104354365,0,0,0,0,0,0,0,0,0,0,0,0,2.36663531675744,4.63112913638765,1.36486379156324,2.23113667303388,0,0,0,0,0,0,0,0,0,0,2495.20511120268,2182.88014866014,364.112475885291,712.155329207918,180.276331152716,307.289713471879,0,0,95.8697706277249,83.8697461063604,14.0313581321674,27.4464829452256,6.94624277041024,11.8400290268733,0,0,25098.4678411295,21936.0315145871,4357.10191432577,8390.01738361771,2435.47047612347,3993.48742239089,0,0,964.283803587482,842.818264331532,169.305973301305,326.54832425288,95.4687892593992,156.786427049913,0,0,0,0,7.40501650968103,14.5774739887552,4.45079983670806,7.33025883016865,0,0,0,0,0,0,0,0,0,0,200.810250119704,184.628536423276,134.8513360441,285.332678327167,126.589725059496,237.591843653283,0,0,7.71539137757084,7.09372499501964,5.15696152355876,10.9049354224793,4.81840826593364,9.04001825421542,0,0,478.99124752744,432.244503102636,275.114058920011,606.165875570017,303.370226425763,569.230505190873,0,0,18.4033606786177,16.6075309836582,10.5269175880321,23.1797959262758,11.5588747575438,21.6774014781169,0,0,0,0,41.3393477272149,91.8173156520672,39.9928500166336,70.550061987477,0,0,0,0,0,0,0,0,0,0,116.017245784182,56.130958313612,254.289180911947,220.089087466044
"103",1998,1634,8.5,7587.82974233965,6615.74642833833,1469.57079875116,2812.77212039347,749.6652086933,1222.72573882126,0,0,0,0,0,0,0,0,0,0,0,0,2.37371549594663,4.64721222754123,1.37429847943277,2.24988078570788,0,0,0,0,0,0,0,0,0,0,2508.31241257888,2191.16778416653,367.987276581001,720.389769678534,183.434175648384,313.378894666571,0,0,96.3733741073922,84.1881703158481,14.1807216898852,27.76393311127,7.06791634447142,12.0746421777514,0,0,25040.0412975421,21852.2940494949,4367.02370329397,8414.3795730123,2456.74786093867,4035.72161593476,0,0,962.039307262139,839.600928232388,169.700785234316,327.519649828178,96.3104538857813,158.459244305097,0,0,0,0,7.43058635623366,14.6377422858367,4.49281302414296,7.4131078293745,0,0,0,0,0,0,0,0,0,0,201.369874022215,184.914186779227,136.067913672236,288.241347774842,128.516126177541,241.842042837314,0,0,7.73689356492044,7.10470012420392,5.20357802870253,11.0162820872805,4.8919161415039,9.20208803349174,0,0,475.93440972613,429.007154370244,276.567685423505,610.278652861308,306.845938827695,577.369542708069,0,0,18.2859161486928,16.4831467595758,10.5825069852891,23.3369330963779,11.691386312547,21.9874783091942,0,0,0,0,41.6639930520008,92.6529205857,40.507980674928,71.6104710624004,0,0,0,0,0,0,0,0,0,0,117.440290622741,56.6954220492115,260.226741920031,225.130892900129
"104",1998,1634,8.58333333333333,7565.83251593754,6587.83924789664,1472.79060839665,2820.18245395802,754.447604765473,1232.33757138605,0,0,0,0,0,0,0,0,0,0,0,0,2.38051872538041,4.6627528045715,1.38360872547323,2.26845144169185,0,0,0,0,0,0,0,0,0,0,2521.51671744899,2199.51867250982,371.881414443753,728.66830707808,186.624625063243,319.548385828996,0,0,96.8807046164203,84.5090248004812,14.330829404113,28.0830818342321,7.19084613445083,12.312349481601,0,0,24982.0919808194,21769.2602601106,4376.6478373917,8438.11921565005,2477.90453392521,4077.88347744932,0,0,959.813144824293,836.410628546138,170.083969704493,328.466716241734,97.1475088342234,160.129513367384,0,0,0,0,7.45551292691888,14.6967784743992,4.5346662567493,7.49595440509904,0,0,0,0,0,0,0,0,0,0,201.941935801377,185.20873461995,137.289014951142,291.157841396669,130.466941979251,246.147488687524,0,0,7.75887363050437,7.11601710910829,5.25037109032039,11.127936014215,4.96636008228562,9.36627541903096,0,0,472.90510851511,425.801719548767,278.000501368375,614.349754350092,310.321848402936,585.54364277096,0,0,18.1695295764566,16.3599887204298,10.6373055486014,23.4924887378562,11.8239140431232,22.2989089810046,0,0,0,0,41.9845914527416,93.4814441051889,41.0237600666814,72.6757114205828,0,0,0,0,0,0,0,0,0,0,118.86733998017,57.2607720828261,266.240977636002,230.247290411169
"105",1998,1634,8.66666666666667,7543.83427633608,6560.07644534065,1475.83413436195,2827.2426914282,759.155780047532,1241.84265724697,0,0,0,0,0,0,0,0,0,0,0,0,2.38704255938092,4.67774256967572,1.39279159388513,2.28684289107744,0,0,0,0,0,0,0,0,0,0,2534.81979117975,2207.93446423343,375.794718015237,736.99077597127,189.848029834861,325.799118567824,0,0,97.3918299830226,84.8323729767776,14.481674796287,28.4039228918345,7.31504560729583,12.5531867786053,0,0,24924.615930558,21686.9240106642,4385.9806745364,8461.24748734116,2498.93849777283,4119.96862877326,0,0,957.605164117114,833.24712952626,170.455770231832,329.389948160993,97.9798718242763,161.797056852983,0,0,0,0,7.47983110421229,14.7546317419651,4.57635599787335,7.57879168641818,0,0,0,0,0,0,0,0,0,0,202.526070342447,185.511947114499,138.514590517703,294.082407567054,132.441407866766,250.507895319212,0,0,7.78131754616451,7.12766700399371,5.29733893498177,11.2399069316984,5.04171114713933,9.53256990926632,0,0,469.903499564946,422.628144398433,279.41269743657,618.37870246599,313.797745556513,593.751648969364,0,0,18.0542069428741,16.2380547822347,10.6913206664155,23.6464449030846,11.956450151214,22.6116500444168,0,0,0,0,42.3010989735321,94.3027378271759,41.5400674948398,73.745583519793,0,0,0,0,0,0,0,0,0,0,120.298480565419,57.8270352348299,272.332666955491,235.439034618349
"106",1998,1634,8.75,7521.83325476833,6532.45546834877,1478.70414649878,2833.95739737377,763.788124651702,1251.23780281713,0,0,0,0,0,0,0,0,0,0,0,0,2.39328572699602,4.6921758418173,1.40184415155267,2.30504934670878,0,0,0,0,0,0,0,0,0,0,2548.2231183415,2216.41654675056,379.727005294735,745.356951323934,193.104682025646,332.131922477129,0,0,97.9068072467659,85.1582681513714,14.6332509710258,28.7264477579511,7.4405259911913,12.7971859949277,0,0,24867.6093743881,21605.2793681347,4395.02845643001,8483.77541117778,2519.84786501654,4161.97284719656,0,0,955.415220208005,830.110203216178,170.816425974459,330.28976460627,98.8074648253698,163.46170330525,0,0,0,0,7.50357146785226,14.8113460271954,4.61787918677665,7.66161334768195,0,0,0,0,0,0,0,0,0,0,203.121942469694,185.82361162923,139.744593823325,297.015270418221,134.43885630923,254.923050701249,0,0,7.80421243403917,7.139641639134,5.34447988507121,11.3522036251852,5.11794409485977,9.70096382656027,0,0,466.929726587146,419.486373374711,280.804464005441,622.365072547317,317.273358880484,601.992362257113,0,0,17.9399537694328,16.1173428108743,10.7445597176736,23.7987856678953,12.0889844886758,22.9256564312788,0,0,0,0,42.6134782351814,95.1166638758653,42.0567829882178,74.8198871456274,0,0,0,0,0,0,0,0,0,0,121.73379661099,58.3942376456131,278.502566989586,240.706878646515
"107",1998,1634,8.83333333333333,7499.82776921532,6504.97384550738,1481.40337691917,2840.33109866341,768.343090779543,1260.5198958189,0,0,0,0,0,0,0,0,0,0,0,0,2.39924792382277,4.70604911633134,1.41076349586026,2.32306503109968,0,0,0,0,0,0,0,0,0,0,2561.72793648085,2224.96607638099,383.678086911648,753.76655868213,196.394821548088,338.54753612098,0,0,98.4256839561696,85.4867547519176,14.7855507389863,29.0506459943352,7.56729651358216,13.0443755630152,0,0,24811.0687043906,21524.3205798096,4403.7973092035,8505.71385527494,2540.63085263463,4203.89205809992,0,0,953.243174482541,826.999628587073,171.166171749275,331.166578857922,99.6302138513985,165.123286915884,0,0,0,0,7.52676100282256,14.8669608470975,4.65923313207693,7.74441349601361,0,0,0,0,0,0,0,0,0,0,203.729243951416,186.143533477464,140.978980548053,299.956630427119,136.458703295578,259.392803997127,0,0,7.82754645149189,7.15193353435402,5.39179233743853,11.4648339604769,5.1950368666895,9.87145183218039,0,0,463.983921150856,416.376348855598,282.175990713967,626.308488331841,320.748364214715,610.264547733739,0,0,17.8267751111004,15.9978505924125,10.7970300540566,23.9494969574651,12.2215049021864,23.2408817127473,0,0,0,0,42.9216976340275,95.9230938966768,42.573787428584,75.8984215814347,0,0,0,0,0,0,0,0,0,0,123.173370074499,58.9624048339496,284.751415766,246.051574819098
"108",1998,1634,8.91666666666667,7477.81621917775,6477.62918123311,1483.93452040444,2846.36828445815,772.819191532705,1269.6859044204,0,0,0,0,0,0,0,0,0,0,0,0,2.40492964025353,4.71936069942983,1.41954677538394,2.34088421203659,0,0,0,0,0,0,0,0,0,0,2575.33526506597,2233.58400586338,387.64776857079,762.219282545437,199.718641582117,345.046616527383,0,0,98.9484992808315,85.817869384159,14.9385667117204,29.3765055730086,7.69536460835959,13.2947807849357,0,0,24754.9904568004,21444.0420539305,4412.29324436279,8527.07353132407,2561.28577709433,4245.72232827785,0,0,951.088893864656,823.915190794234,171.505238064403,332.020798395047,100.448048772431,166.781647272328,0,0,0,0,7.54942368158824,14.9215119818629,4.70041543134615,7.82718658552469,0,0,0,0,0,0,0,0,0,0,204.34769083111,186.471533934996,142.217708169137,302.906665249457,138.500436625841,263.917054748639,0,0,7.85130868857087,7.16453582278258,5.43927474783132,11.5778049164075,5.27297013909993,10.0440305118612,0,0,461.066202629182,413.298010531226,283.527466109,630.208617852875,324.222392489361,618.566940428671,0,0,17.7146755542633,15.879575809641,10.8487389854201,24.0985663878303,12.3539975316189,23.5572783193624,0,0,0,0,43.2257306716985,96.7219082216824,43.0909626526275,76.9809857543302,0,0,0,0,0,0,0,0,0,0,124.617280819694,59.5315617487179,291.079934538724,251.473875201543
"109",1999,1634,9,7455.8360899695,6450.41870590538,1486.29057253439,2852.04201183409,777.231938310038,1278.71522966166,0,0,0,0,0,0,0,0,0,0,0,0,2.41035764853084,4.73207717096919,1.42822237692582,2.35846870800339,0,0,0,0,0,0,0,0,0,0,2589.08418523402,2242.31345372104,391.607637159145,770.664150887319,203.080755133896,351.624986479364,0,0,99.4767547805387,86.153268730715,15.0912077492907,29.7020674879831,7.82490801812109,13.5482407092709,0,0,24699.6987082185,21364.7779306341,4420.29501370015,8547.43501233828,2581.86732196025,4287.40081041965,0,0,948.964829299478,820.869728053034,171.825145776948,332.836273239138,101.263110465904,168.434309742904,0,0,0,0,7.57165717800601,14.9749198398248,4.74152769303423,7.9098189241235,0,0,0,0,0,0,0,0,0,0,204.982810701892,186.806522466531,143.466186553684,305.854587401289,140.57588487204,268.481156116064,0,0,7.87571152233939,7.17740660432049,5.48713385404012,11.6907039925022,5.35219445000052,10.2181428516578,0,0,458.184144162866,410.260248730851,284.855798394666,634.051249450249,327.702270852263,626.889617648038,0,0,17.6039460673543,15.7628600433352,10.899567297573,24.2454491068874,12.4867227308468,23.8744689872656,0,0,0,0,43.526028577123,97.5123188631141,43.6091479478134,78.0663120595027,0,0,0,0,0,0,0,0,0,0,126.061016025391,60.1043521881041,297.468508230123,256.999995737886
"110",1999,1634,9.08333333333333,7434.12293866492,6423.33232543786,1488.41929333821,2857.17138392124,781.684328949759,1287.49603828553,0,0,0,0,0,0,0,0,0,0,0,0,2.41566289167497,4.74398390591714,1.43698180073367,2.37561233626404,0,0,0,0,0,0,0,0,0,0,2603.20977307718,2251.41303000568,395.389612546482,778.796860776405,206.507477848812,358.250531556307,0,0,100.019482454679,86.5028890033333,15.2370173368746,30.0156335592995,7.95694088793051,13.8035181646712,0,0,24647.2024063112,21288.6023950074,4426.42893988278,8564.18942935495,2602.71179802212,4328.54275044832,0,0,946.948164105543,817.942933976455,172.073240105572,333.512552592813,102.088599003997,170.06616212939,0,0,0,0,7.59357480813579,15.0260057251327,4.78321232143906,7.99162474696747,0,0,0,0,0,0,0,0,0,0,205.669321445147,187.143730860299,144.751072355558,308.72853511363,142.757041696731,272.997335620116,0,0,7.90208885746662,7.19036267672244,5.53638690213551,11.800780983475,5.43545108167029,10.3904484900378,0,0,455.384055352395,407.316400793834,286.143843851085,637.748918635076,331.235940137035,635.172499856093,0,0,17.4963659172824,15.649752600039,10.9488529163306,24.3867903880172,12.6215072079713,24.1901661891352,0,0,0,0,43.8255396222398,98.2900163216665,44.1342275724901,79.1474612640917,0,0,0,0,0,0,0,0,0,0,127.476316366319,60.6970126577924,303.792132042767,262.788057724901
"111",1999,1634,9.16666666666667,7412.39179900363,6396.36943392683,1490.39428345097,2861.98892428462,786.051802716995,1296.15099478887,0,0,0,0,0,0,0,0,0,0,0,0,2.42064342488746,4.75531081575686,1.44559647650327,2.39254076710075,0,0,0,0,0,0,0,0,0,0,2617.43569955342,2260.57530708207,399.201044524701,786.987329149862,209.96626058015,364.956316620449,0,0,100.56606529956,86.8549183406403,15.3839578766873,30.3314199423205,8.090209130476,14.0618872764161,0,0,24595.1408285274,21213.0617182945,4432.35098302684,8580.46384312532,2623.4033912039,4369.55571592162,0,0,944.948199911502,815.0405322558,172.312976339524,334.169983873194,102.908210087594,171.6932152203,0,0,0,0,7.61442835227103,15.0753024051962,4.82471145257214,8.07336124164189,0,0,0,0,0,0,0,0,0,0,206.364883868207,187.490574109469,146.028733014852,311.604887577435,144.952968219164,277.572684293737,0,0,7.92881396928399,7.20368893579713,5.58536646693493,11.9109571844239,5.51927786387856,10.5650234148234,0,0,452.612826009114,404.401119756149,287.416720384339,641.399844708991,334.773426864916,643.47309102239,0,0,17.3898945515452,15.5377427440564,10.9975643117457,24.5263588812542,12.756446905099,24.5065604897019,0,0,0,0,44.1207435522968,99.0595391165602,44.6592746279488,80.231840883542,0,0,0,0,0,0,0,0,0,0,128.896380095376,61.2907573486254,310.198573899541,268.656772345247
"112",1999,1634,9.25,7390.64206491323,6369.52857732202,1492.21804095137,2866.49899806513,790.333250469385,1304.67764290888,0,0,0,0,0,0,0,0,0,0,0,0,2.42531167585722,4.76606747624813,1.45406299347591,2.40924859257051,0,0,0,0,0,0,0,0,0,0,2631.76058521688,2269.79921637548,403.040406474742,795.232795384623,213.45727482104,371.742379143381,0,0,101.116450314667,87.2093156862852,15.5319710973411,30.6493210933843,8.2247193002019,14.3233494779035,0,0,24543.512042566,21138.1518020295,4438.0664722348,8596.26827105901,2643.94153088407,4410.4371954926,0,0,942.964862479117,812.162365421142,172.544560052142,334.808950152014,103.72191603963,173.315362806747,0,0,0,0,7.63435065445417,15.1229948173172,4.86601338821896,8.15501356061054,0,0,0,0,0,0,0,0,0,0,207.069358519937,187.846757139265,147.300695604836,314.484881848571,147.163751403658,282.206372876511,0,0,7.95588149989866,7.21737404429801,5.6341312206377,12.0212803536001,5.60367818572135,10.7418363899917,0,0,449.870583648854,401.514654586237,288.673675858242,645.003717282378,338.313707229414,651.790928352356,0,0,17.2845368693898,15.426840041149,11.0456727112804,24.6641428301451,12.8915030623838,24.8236348326471,0,0,0,0,44.4115443095117,99.8206852345229,45.1841716732031,81.3192489996084,0,0,0,0,0,0,0,0,0,0,130.32126911087,61.8856163255297,316.68815632678,274.606934889214
"113",1999,1634,9.33333333333333,7368.8730996767,6342.8082746785,1493.89301795046,2870.70590684643,794.527607618023,1313.07358793285,0,0,0,0,0,0,0,0,0,0,0,0,2.42967866492912,4.77626309005428,1.46237830918684,2.42573065987123,0,0,0,0,0,0,0,0,0,0,2646.18330279537,2279.08390929122,406.906322508447,803.530780076254,216.980663336173,378.608798587271,0,0,101.670594188399,87.5660484359035,15.6810044694527,30.9692422011249,8.36047685678648,14.587907820797,0,0,24492.3139508497,21063.8684328919,4443.58055685874,8611.61243523221,2664.32570499752,4451.18474977626,0,0,940.998071220078,809.308271589663,172.768189970905,335.429823309699,104.529691485206,174.932501430961,0,0,0,0,7.65345266787728,15.1692386783455,4.90710953608213,8.23656995289988,0,0,0,0,0,0,0,0,0,0,207.782609835293,188.211999426873,148.568283105005,317.369558120094,149.389491146959,286.897657391959,0,0,7.98328624072512,7.23140722408827,5.68273199143959,12.1317906641948,5.68865594382741,10.9208594283653,0,0,447.157421464228,398.657210047282,289.914100990266,648.560323647658,341.855763794715,660.125426772663,0,0,17.1802964513355,15.3170523586413,11.0931548227162,24.8001342354945,13.0266371529535,25.1413675006684,0,0,0,0,44.6978681830473,100.573284311289,45.7088000651652,82.4094812405731,0,0,0,0,0,0,0,0,0,0,131.751044376619,62.4816187457813,323.261227187174,280.639338755537
"114",1999,1634,9.41666666666667,7347.08424927739,6316.20703010367,1495.42162245296,2874.61389223418,798.633855314994,1321.33649943515,0,0,0,0,0,0,0,0,0,0,0,0,2.43375422679731,4.7859065276507,1.47053968953283,2.44198204761224,0,0,0,0,0,0,0,0,0,0,2660.70292559571,2288.42871127679,410.797550557847,811.879050112622,220.536538882057,385.555682125989,0,0,102.228461315723,87.9250906721093,15.8310105614648,31.291097853111,8.4974861142039,14.8555664257739,0,0,24441.5443248089,20990.2073136954,4448.89821662291,8626.5057800314,2684.55545908636,4491.796014999,0,0,939.047740513232,806.478085656289,172.984058363209,336.03296471068,105.331513320342,176.544530535034,0,0,0,0,7.67182721682394,15.2141653889243,4.94799367047385,8.3180210601098,0,0,0,0,0,0,0,0,0,0,208.504506897071,188.586035079529,149.832639398459,320.259786146666,151.630295120793,291.645872711002,0,0,8.01102316175301,7.24577825914103,5.7312127245869,12.2425217216491,5.7742153428,11.1020675461073,0,0,444.473402378673,395.828951199735,291.137510468031,652.069534260033,345.39859071236,668.475893215008,0,0,17.077175714934,15.2083860384144,11.139992108216,24.934328294536,13.1618110831175,25.4597326590264,0,0,0,0,44.9796600495201,101.317192784822,46.2330407745148,83.5023316668416,0,0,0,0,0,0,0,0,0,0,133.185765926178,63.078792890081,329.918156988221,286.754774948254
"115",1999,1634,9.5,7325.2748540411,6289.7233429139,1496.80622210964,2878.22714200806,802.651019545413,1329.46411082393,0,0,0,0,0,0,0,0,0,0,0,0,2.43754723526779,4.79500637589278,1.47854465098715,2.45799803797749,0,0,0,0,0,0,0,0,0,0,2675.31867779444,2297.83307789464,414.712962645477,820.275579402749,224.12498484486,392.583152231432,0,0,102.79002188826,88.2864214767412,15.9819462880834,31.6148105367615,8.63575026345623,15.1263300047559,0,0,24391.2008370358,20917.1640906309,4454.02427769985,8640.95749943223,2704.63039291792,4532.26870230413,0,0,937.113780939943,803.671640340402,173.192351649236,336.618726243079,106.127360583352,178.151352440096,0,0,0,0,7.68955268832265,15.2578868937342,4.98866129206469,8.39935929675595,0,0,0,0,0,0,0,0,0,0,209.234923720321,188.968612112407,151.094757512295,323.156294031428,153.886274183086,296.450423038631,0,0,8.03908742247489,7.26047746779482,5.77961156784168,12.3535016720638,5.86036071737528,11.2854383999824,0,0,441.818563597186,393.030008758666,292.34352215975,655.531287493577,348.941197161774,676.841543154687,0,0,16.9751760896134,15.1008461027449,11.1861699856129,25.0667228126482,13.2969873248589,25.7787009851623,0,0,0,0,45.2568796714009,102.052288984132,46.7567749938462,84.5975934766973,0,0,0,0,0,0,0,0,0,0,134.625492921593,63.6771662328772,336.659335723506,292.954031973299
"116",1999,1634,9.58333333333333,7303.44425626854,6263.35571424629,1498.04914535107,2881.54979236994,806.578172130008,1337.45422146721,0,0,0,0,0,0,0,0,0,0,0,0,2.44106571373918,4.80357096079824,1.48639093489474,2.47377410690637,0,0,0,0,0,0,0,0,0,0,2690.02990743927,2307.29657097564,418.65153530186,828.718529397813,227.746055212273,399.691339450171,0,0,103.355250856961,88.6500240146404,16.13377254529,31.9403098957313,8.77527137047606,15.4002035828247,0,0,24341.2810784798,20844.7343687116,4458.9634183178,8654.97654662263,2724.55015976832,4572.60059948082,0,0,935.196099944745,800.888766779272,173.393250615778,337.187450687674,106.917214430611,179.752872417348,0,0,0,0,7.70669485879933,15.3004980913045,5.02910932330648,8.48057855423381,0,0,0,0,0,0,0,0,0,0,209.973739461546,189.359492262773,152.355493694757,326.059682712553,156.157539422133,301.310776892908,0,0,8.06747437992413,7.27549569561292,5.82796141244026,12.4647537597154,5.94709641805224,11.4709520956605,0,0,439.192918781786,390.260481568523,293.531846514323,658.945581825976,352.482609890777,685.221509210591,0,0,16.8742981002624,14.9944363493884,11.2316774209151,25.197317901182,13.4321290131473,26.0982399956975,0,0,0,0,45.5294998763722,102.778470767365,47.2798844944907,85.6950594044543,0,0,0,0,0,0,0,0,0,0,136.070283669911,64.2767654669484,343.485171282964,299.2378957375
"117",1999,1634,9.66666666666667,7281.59180842611,6237.1026541172,1499.1526837014,2884.58593181828,810.414430588139,1345.30469726243,0,0,0,0,0,0,0,0,0,0,0,0,2.44431697960526,4.81160837927212,1.49407647246342,2.48930590799071,0,0,0,0,0,0,0,0,0,0,2704.83605394137,2316.81883009063,422.612336322347,837.206222736778,231.399775177691,406.880374005593,0,0,103.924126683105,89.0158844375425,16.2864537058846,32.2675317238709,8.9160503981359,15.677192174913,0,0,24291.7825792376,20772.9137295166,4463.72017887894,8668.57165102471,2744.31446424625,4612.78957085377,0,0,933.294602634121,798.1292952098,173.586930801877,337.739472367231,107.701058054903,181.348998688869,0,0,0,0,7.72330925165499,15.3420799485201,5.06933572104117,8.56167382373694,0,0,0,0,0,0,0,0,0,0,210.72083851024,189.758450418716,153.615586334494,328.970445093558,158.444199029682,306.226460063061,0,0,8.09617959219209,7.29082429343423,5.87629062018569,12.5762970635528,6.03442668986468,11.6585909190227,0,0,436.596461021665,387.520440128164,294.702272569751,662.312465786818,356.021875505208,693.61485279121,0,0,16.774541481346,14.8891594870172,11.2765063906993,25.3261155892582,13.5672000338941,26.4183144894994,0,0,0,0,45.7975041926736,103.495652391048,47.8022520181159,86.7945221849324,0,0,0,0,0,0,0,0,0,0,137.520195663237,64.877616550892,350.396087233101,305.607149491331
"118",1999,1634,9.75,7259.71687962504,6210.96268695887,1500.11909358573,2887.33960415364,814.158958118314,1353.01347133281,0,0,0,0,0,0,0,0,0,0,0,0,2.4473077526589,4.81912652387641,1.50159936022608,2.50458926124152,0,0,0,0,0,0,0,0,0,0,2719.73662343244,2326.3995510355,426.594514182725,845.737122382873,235.086141973566,414.150379570364,0,0,104.496630391485,89.3839910574388,16.4399572163207,32.5964171688105,9.05808723732057,15.9573005459418,0,0,24242.7028241278,20701.6977444577,4468.29896992413,8681.7513315077,2763.92306037686,4652.83355695016,0,0,931.409192374869,795.393055478236,173.773562802245,338.275117650488,108.478876613728,182.939642419396,0,0,0,0,7.73944288574985,15.3827018230508,5.10933921356397,8.64264093733656,0,0,0,0,0,0,0,0,0,0,211.476110450161,190.165274040549,154.875670991939,331.888981046352,160.746355892265,311.197049376209,0,0,8.12519881694037,7.30645509514274,5.92462360103624,12.6881470747477,6.12235557894071,11.8483390982193,0,0,434.029165158712,384.809929393001,295.854656862276,665.632030163159,359.558062054911,702.020573698526,0,0,16.6759052662554,14.7850172428835,11.3206514559704,25.4531195226198,13.7021650847793,26.7388869128761,0,0,0,0,46.06088509271,104.203762174562,48.3237615501064,87.895774893719,0,0,0,0,0,0,0,0,0,0,138.97528561455,65.4797447498038,357.392520963822,312.062573812299
"119",1999,1634,9.83333333333333,7237.81886102468,6184.93435619522,1500.95059795673,2889.81481111877,817.81096349845,1360.57854459034,0,0,0,0,0,0,0,0,0,0,0,0,2.45004424416612,4.82613310412724,1.50895784107867,2.51962014421244,0,0,0,0,0,0,0,0,0,0,2734.7311686316,2336.03846835738,430.597288764593,854.309813560372,238.805125930604,421.501468354366,0,0,105.072744796853,89.7543336752057,16.5942532434315,32.9269120424569,9.20138074682714,16.240533021529,0,0,24194.0392652708,20631.0819853781,4472.70407925137,8694.52390802731,2783.37574966874,4692.73057376323,0,0,929.539771277447,792.679877447419,173.953312538334,338.794705395813,109.250657156735,184.524717692347,0,0,0,0,7.75513569246583,15.4224233557435,5.1491191070465,8.72347637469865,0,0,0,0,0,0,0,0,0,0,212.239449923384,190.579762532641,156.136293437787,334.815610241308,163.064105650007,316.222166779596,0,0,8.15452800617762,7.32238039353227,5.97298131406053,12.8003161905935,6.21088685711685,12.0401825777136,0,0,431.490989786641,382.128971231591,296.988913853833,668.904401429649,363.090260113167,710.437618721912,0,0,16.5783878641163,14.6820104572048,11.3641093943946,25.5783347097461,13.836989716589,27.0599176862462,0,0,0,0,46.3196425657221,104.902740587812,48.8442985210256,88.9986112155152,0,0,0,0,0,0,0,0,0,0,140.435609493347,66.0831746742023,364.474922001345,318.604946616215
"120",1999,1634,9.91666666666667,7215.897170469,6159.01622813136,1501.6493877892,2892.01551477794,821.369700934966,1367.99798620945,0,0,0,0,0,0,0,0,0,0,0,0,2.45253223330758,4.83263566523858,1.51615028845988,2.53439468456138,0,0,0,0,0,0,0,0,0,0,2749.81927184654,2345.73534069462,434.619943062011,862.92298773367,242.556671576786,428.933736991544,0,0,105.652453850802,90.1269030173426,16.7493143585256,33.2589662094455,9.34592879491432,16.5268933294439,0,0,24145.7893326096,20561.062033315,4476.9396783948,8706.89751210851,2802.67237922392,4732.47871179679,0,0,927.686240600169,789.989591333424,174.126341504971,339.298547350585,110.01638855465,186.104141477242,0,0,0,0,7.77042172299955,15.4612960863694,5.18867512749164,8.80417710444472,0,0,0,0,0,0,0,0,0,0,213.010756443608,191.00172660248,157.397921177771,337.750583376004,165.397535127848,321.301473833661,0,0,8.1841632990865,7.33859291568049,6.0213817102249,12.9128141467844,6.300023960921,12.234108807971,0,0,428.981879005477,379.477566617569,298.105007507097,672.129736081122,366.617583524862,718.864889412307,0,0,16.4819871271987,14.5801391673824,11.4068788766399,25.7017673027974,13.971640361807,27.3813654995373,0,0,0,0,46.5737828985161,105.59253861088,49.3637499708831,90.1028256735078,0,0,0,0,0,0,0,0,0,0,141.901222559801,66.687930316853,371.643750453578,325.235043173315
"121",2000,1634,10,7194.45214594788,6133.52320241819,1502.38425958616,2894.19888483886,824.779251428256,1375.11238218202,0,0,0,0,0,0,0,0,0,0,0,0,2.45470383831652,4.83838153353353,1.52307226422359,2.54861567384003,0,0,0,0,0,0,0,0,0,0,2765.0274075285,2355.50953153334,438.632527351523,871.511103552667,246.323302837049,436.395708783951,0,0,106.236774744086,90.502443059952,16.9039881965635,33.5900554957136,9.49105810676471,16.8143982210558,0,0,24098.4569723167,20491.9801893076,4480.88048765186,8718.52275657037,2821.62260386684,4771.52762280259,0,0,925.867962655886,787.335348892261,174.287766106566,339.772943222282,110.768593270192,187.656261312315,0,0,0,0,7.7850670836281,15.4984772635918,5.22765421542572,8.88371796552174,0,0,0,0,0,0,0,0,0,0,213.786874011508,191.417683969972,158.641023027377,340.615665195504,167.702030533285,326.286221110996,0,0,8.2139834400152,7.35457465071379,6.06907820014296,13.0226512297802,6.38806761360833,12.4244540224454,0,0,426.503431862803,376.857444056226,299.188696887303,675.263238838509,370.114031199637,727.216680149963,0,0,16.3867644927984,14.4794697853662,11.4484143853797,25.8217034928108,14.105126332597,27.6999663650691,0,0,0,0,46.8217363466654,106.26699828632,49.8786407964064,91.1977260904563,0,0,0,0,0,0,0,0,0,0,143.3869486249,67.316574305509,378.972363927076,332.204164113076
"122",2000,1634,10.0833333333333,7174.1477889601,6108.87625076438,1503.37623348374,2896.70470468155,827.974409099056,1381.72461195339,0,0,0,0,0,0,0,0,0,0,0,0,2.4565957243875,4.84328402183578,1.52958992540577,2.56189678698635,0,0,0,0,0,0,0,0,0,0,2780.33897772325,2365.34075283307,442.587738158718,879.969177820201,250.070774509639,443.798160814451,0,0,106.825069756761,90.8801743040745,17.0564545893506,33.9161376332784,9.63545036848726,17.0996120131317,0,0,24052.7317212836,20424.3091913291,4484.37608027644,8728.96657002245,2839.98042811368,4809.15675683538,0,0,924.111430374808,784.73531347721,174.431717561088,340.200897823538,111.497605031557,189.152717169241,0,0,0,0,7.79875669130444,15.532914749722,5.26558887343316,8.96073320191099,0,0,0,0,0,0,0,0,0,0,214.564288939953,191.811926271238,159.841670564134,343.317669753834,169.924633696171,330.996846839343,0,0,8.24385343079232,7.36972205804317,6.11515576121238,13.1262658089218,6.47300032872675,12.6043801488665,0,0,424.061808433503,374.273171476994,300.222566082045,678.243769289236,373.543384273596,735.366543283752,0,0,16.2929566385731,14.380177818354,11.4880488704086,25.9358044540161,14.2360675362726,28.0109043578981,0,0,0,0,47.061499827594,106.918111082427,50.3844253719378,92.2690788621382,0,0,0,0,0,0,0,0,0,0,144.912242749452,67.9986622686024,386.554861967218,339.842150125638
"123",2000,1634,10.1666666666667,7153.82948296459,6084.34693394587,1504.24192890846,2898.95226037847,831.085646653315,1388.20193229451,0,0,0,0,0,0,0,0,0,0,0,0,2.45842490118498,4.848035912594,1.53594366768413,2.57491749532154,0,0,0,0,0,0,0,0,0,0,2795.6714396922,2375.16554742805,446.549820571606,888.437522794552,253.834836322198,451.251409494339,0,0,107.414167464809,91.2576586239232,17.2091857517027,34.2426172263821,9.78048313422121,17.3867854013053,0,0,24007.4534597185,20357.2547525364,4487.73544634251,8739.07296753329,2858.18573552808,4846.62965851098,0,0,922.372070328164,782.158967310973,174.570234647494,340.615477145132,112.220686025302,190.643188967241,0,0,0,0,7.81212200724487,15.5667166416627,5.30328979826171,9.03756726759204,0,0,0,0,0,0,0,0,0,0,215.350069418418,192.215742815333,161.046694941585,346.041279206597,172.170274409931,335.781374565877,0,0,8.27404483573078,7.38523732322327,6.16140454428591,13.2307154397609,6.55881879457869,12.7871387515963,0,0,421.654950210177,371.721781243203,301.240124039746,681.174568230777,376.96201982815,743.502554983117,0,0,16.2004844743658,14.282149244959,11.5270661373758,26.0480207460052,14.3666126736647,28.3213437490758,0,0,0,0,47.2967479936383,107.559965768343,50.8887420138943,93.3407522801676,0,0,0,0,0,0,0,0,0,0,146.443103464785,68.6821708404537,394.223009356044,347.572384579378
"124",2000,1634,10.25,7133.4950735693,6059.93243162216,1504.9831746889,2900.94485187999,834.112132087047,1394.54243857145,0,0,0,0,0,0,0,0,0,0,0,0,2.46016744838858,4.85259125580361,1.54213592041763,2.58768018874159,0,0,0,0,0,0,0,0,0,0,2811.03292542749,2384.99128124244,450.520029446124,896.918802331056,257.617282768796,458.758437205303,0,0,108.004380312375,91.6351790300835,17.3622299203624,34.5695965284249,9.92622522266861,17.6760327516079,0,0,23962.6137655316,20290.8073408368,4490.96118355809,8748.84718977704,2876.2379688221,4883.94367781156,0,0,920.64955893486,779.605944154898,174.703418524153,341.016882370781,112.937809883771,192.127565438631,0,0,0,0,7.82518373543909,15.5999008930554,5.34075629231084,9.11421667650636,0,0,0,0,0,0,0,0,0,0,216.143824320079,192.628580408162,162.255783559637,348.784555370955,174.437371508744,340.63590662433,0,0,8.30454262717431,7.40109919164967,6.20781259292488,13.335925994378,6.64546267062517,12.9725812989006,0,0,419.282203678901,369.202869744402,302.241414963692,684.056667284249,380.36968820324,751.625566322267,0,0,16.1093228914754,14.1853685578083,11.5654678589856,26.1583918332253,14.4967523432599,28.6313172673082,0,0,0,0,47.5275009401584,108.192553133939,51.391483035035,94.4125431136106,0,0,0,0,0,0,0,0,0,0,147.979588925131,69.3671331029031,401.977532313693,355.396098442126
"125",2000,1634,10.3333333333333,7113.14270304319,6035.63018249071,1505.6018153645,2902.68582959479,837.053104453052,1400.74433729933,0,0,0,0,0,0,0,0,0,0,0,0,2.46180401790621,4.85691265535496,1.54816827269612,2.60018603558779,0,0,0,0,0,0,0,0,0,0,2826.43030837028,2394.82420664986,454.499346404384,905.415133492608,261.419589507709,466.321746417944,0,0,108.595972388059,92.0129757487486,17.5156248432078,34.8971568165597,10.0727332344366,17.967450043775,0,0,23918.205067729,20224.9582051525,4494.05595419459,8758.29463582735,2894.13672856059,4921.09642593864,0,0,918.943605313409,777.075907778194,174.831372884946,341.405320938477,113.648956408969,193.605745449679,0,0,0,0,7.83796002364201,15.6324845563417,5.37798829809518,9.19067872787939,0,0,0,0,0,0,0,0,0,0,216.945217459253,193.049947799728,163.468694057818,351.545827259821,176.724609223982,345.557065426861,0,0,8.33533388839016,7.41728878870931,6.2543706397359,13.4418335725409,6.73288177565205,13.1605791406665,0,0,416.942969520206,366.716066105225,303.226501625909,686.891011582953,383.766065583288,759.736162513261,0,0,16.0194488634136,14.0898215072639,11.6032564145562,26.2669538593467,14.6264742983587,28.9408474800469,0,0,0,0,47.7537826723664,108.815869401015,51.8925434418461,95.4842511704897,0,0,0,0,0,0,0,0,0,0,149.52175467175,70.0535802626126,409.819109124714,363.314453575463
"126",2000,1634,10.4166666666667,7092.77076750982,6011.43784652376,1506.09970464922,2904.17858106686,839.907868791395,1406.80593880735,0,0,0,0,0,0,0,0,0,0,0,0,2.46331897689841,4.86096970871756,1.55404169487064,2.61243530116586,0,0,0,0,0,0,0,0,0,0,2841.86940623518,2404.66964280065,458.488530785841,913.928184520687,265.24296399022,473.943434260595,0,0,109.189167217759,92.3912531501808,17.6693997330912,35.2253621470595,10.220053489902,18.2611177249607,0,0,23874.220509395,20159.6992535627,4497.02246102705,8767.42081467818,2911.88175028476,4958.08574111317,0,0,917.25394601766,774.568547275951,174.954203028513,341.781004665095,114.354110691523,195.077636685296,0,0,0,0,7.85046689443669,15.6644838362383,5.41498620221155,9.26695128838321,0,0,0,0,0,0,0,0,0,0,217.753958505804,193.479406776413,164.685237293868,354.323644743899,179.030886624503,350.541911018012,0,0,8.36640746448596,7.43378927753176,6.30107145395582,13.5483827262586,6.8210341509215,13.3510203534722,0,0,414.63669339782,364.261024983938,304.195464533111,689.67847286616,387.150773722668,767.834704533998,0,0,15.9308410920001,13.9954948247311,11.6404348584064,26.3737401493129,14.7557642032089,29.2499483857959,0,0,0,0,47.9756204380683,109.429915674138,52.3918209380207,96.5556792767918,0,0,0,0,0,0,0,0,0,0,151.069654030122,70.7415418789596,417.748379259709,371.32855283241
"127",2000,1634,10.5,7072.3778835947,5987.35327532539,1506.47870096448,2905.4265216136,842.675791869423,1412.72565103295,0,0,0,0,0,0,0,0,0,0,0,0,2.46469976772119,4.86473783117868,1.5597566900094,2.62442756745168,0,0,0,0,0,0,0,0,0,0,2857.35513845183,2414.53211577893,462.488158020152,922.459248998064,269.088384840291,481.625250090208,0,0,109.784153813829,92.7701851337701,17.8235767396761,35.5542621985235,10.3682235368353,18.5571029132713,0,0,23830.653840673,20095.0229574884,4499.86343036373,8776.23131049771,2929.47288656836,4994.90966135606,0,0,915.580340925021,772.083573387767,175.072015201221,342.144148400677,115.053262418429,196.543154600769,0,0,0,0,7.86271857610542,15.6959141537049,5.45175070874582,9.343032647431,0,0,0,0,0,0,0,0,0,0,218.569795874569,193.916565017798,165.905265329211,357.116743148429,181.355279309653,355.587875956164,0,0,8.39775368921037,7.4505855845369,6.34790938096677,13.6555251034572,6.90988459272729,13.5438072490163,0,0,412.362858808871,361.837421178221,305.148400615477,692.419859817578,390.523394227073,775.92136249949,0,0,15.8434797326607,13.9023760154041,11.6770068698438,26.4787816055803,14.8846061802908,29.5586266900107,0,0,0,0,48.1930442220431,110.034697486026,52.8892158742251,97.6266332017514,0,0,0,0,0,0,0,0,0,0,152.623338427354,71.4310460537835,425.765950137693,379.439448141788
"128",2000,1634,10.5833333333333,7051.962866565,5963.37449263905,1506.74066406554,2906.43308752645,845.356299949316,1418.50197648278,0,0,0,0,0,0,0,0,0,0,0,0,2.46593647260885,4.86819745493526,1.56531339596398,2.63616188209151,0,0,0,0,0,0,0,0,0,0,2872.89163262731,2424.41545338559,466.498645936795,931.009296532324,272.956628816921,489.368634524471,0,0,110.381090765535,93.1499187697475,17.9781719585632,35.883894214896,10.5172731825801,18.8554608915673,0,0,23787.4993461681,20030.9222871272,4502.58159949763,8784.73175715677,2946.91009490433,5031.56640650358,0,0,913.922570447247,769.620716017052,175.184916111684,342.494969043667,115.746405407281,198.002221730834,0,0,0,0,7.87472772691526,15.7267901895665,5.48828275629291,9.41892142166181,0,0,0,0,0,0,0,0,0,0,219.392511831436,194.36107125243,167.128663275895,359.924019152281,183.697012991888,360.69272056103,0,0,8.42936419692077,7.46766421331153,6.39488002976157,13.7632185245452,6.9994036402494,13.7388546615,0,0,410.120982268459,359.444945942963,306.085422142486,695.115924977297,393.88347855273,783.996138739874,0,0,15.7573462094144,13.8104532167895,11.7129767116998,26.5821069728321,15.012983193324,29.8668826872029,0,0,0,0,48.4060863998427,110.630224509258,53.384631246522,98.6969216479715,0,0,0,0,0,0,0,0,0,0,154.182857605917,72.1221195567064,433.872401633747,387.648145930722
"129",2000,1634,10.6666666666667,7031.5247054678,5939.49967231636,1506.88745165423,2907.20172891676,847.94887554603,1424.13350761154,0,0,0,0,0,0,0,0,0,0,0,0,2.46702133702057,4.87133314980527,1.57071169334655,2.64763691587582,0,0,0,0,0,0,0,0,0,0,2888.48234313624,2434.32289036735,470.520283564356,939.579028683344,276.8483013201,497.174764071989,0,0,110.980110795473,93.5305783422555,18.1331965360923,36.2142851498166,10.6672256621666,19.1562368159425,0,0,23744.7517640651,19967.3906392973,4505.17970406866,8792.92781202416,2964.19342374809,5068.05435697065,0,0,912.280432422901,767.179721458665,175.293012441095,342.83368452551,116.433537067988,199.454766872223,0,0,0,0,7.88650568394536,15.7571259394216,5.52458343094108,9.49461645395851,0,0,0,0,0,0,0,0,0,0,220.221917061621,194.812609744099,168.35534068849,362.744504128782,186.055434786392,365.854482758235,0,0,8.46123171388812,7.48501303276345,6.44197994303361,13.871425961138,7.08956647569734,13.9360880285811,0,0,407.910608054494,357.083303170202,307.006655322013,697.767372490991,397.230558254957,792.058893413401,0,0,15.6724230129654,13.7197150519337,11.7483491767936,26.6837431348715,15.1408774398533,30.1747112398071,0,0,0,0,48.6147813517659,111.216510196558,53.8779726498865,99.766356191983,0,0,0,0,0,0,0,0,0,0,155.748259863329,72.8147879724413,442.068290969704,395.955613263373
"130",2000,1634,10.75,7011.06254400665,5915.72712133895,1506.92091678895,2907.73590419491,850.453054939244,1429.61892338556,0,0,0,0,0,0,0,0,0,0,0,0,2.46794840971456,4.87413295445448,1.57595128075473,2.65885107368787,0,0,0,0,0,0,0,0,0,0,2904.13014312614,2444.25715010036,474.553253024321,948.168921655504,280.763860217311,505.044585717399,0,0,111.581324294566,93.9122684877606,18.2886575094007,36.5454533037173,10.8180985508136,19.459467039802,0,0,23702.406223232,19904.4217813157,4507.66046856296,8800.82513597973,2981.32300154022,5104.37203707736,0,0,910.653739700819,764.760350242627,175.396410474795,343.160513035803,117.114657979618,200.900724442462,0,0,0,0,7.89806265423957,15.7869347648186,5.56065391001021,9.57011674607933,0,0,0,0,0,0,0,0,0,0,221.057846405699,195.270895904304,169.585225422428,365.577343690276,188.429991307715,371.071438528869,0,0,8.49334989446835,7.50262110854534,6.48920636180385,13.9801147524967,7.18035208519254,14.1354418781341,0,0,405.731304170425,354.752206548835,307.912238852842,700.374864166314,400.56415254329,800.109365044476,0,0,15.588693545587,13.6301505202942,11.783129532547,26.783715346539,15.2682706404857,30.4821025626909,0,0,0,0,48.819165163318,111.793571490175,54.3691482340979,100.834751238677,0,0,0,0,0,0,0,0,0,0,157.319592237852,73.5090758187235,450.354156286555,404.362782626744
"131",2000,1634,10.8333333333333,6990.57566431652,5892.05526541606,1506.84290574637,2908.03907543078,852.868425975042,1434.95698629883,0,0,0,0,0,0,0,0,0,0,0,0,2.46871324238643,4.87658781553771,1.58103173383791,2.66980258227593,0,0,0,0,0,0,0,0,0,0,2919.83740283886,2454.22051408371,478.597647847282,956.779262196121,284.703636300532,512.978846556089,0,0,112.184822331296,94.2950768651062,18.4445585093316,36.8774097005656,10.9699045475162,19.7651802485574,0,0,23660.4581895729,19842.0098031158,4510.02659856465,8808.42937684434,2998.29902719824,5140.51810054645,0,0,909.042318078954,762.362375294422,175.495215801494,343.475672379376,117.789771523826,202.340033922358,0,0,0,0,7.90940787639944,15.8162294418138,5.59649542048932,9.6454214075718,0,0,0,0,0,0,0,0,0,0,221.90015520112,195.735672474283,170.818258759366,368.421780409247,190.820210346551,376.342067831374,0,0,8.52571318053782,7.52047855636226,6.5365570386262,14.0892559437086,7.27174255681473,14.3368585244565,0,0,403.58265895047,352.451377265327,308.802322472078,702.939024669719,403.883774350863,808.147188355978,0,0,15.5061419906913,13.5417489093971,11.8173234653812,26.8820474326607,15.3951442711295,30.7890429040338,0,0,0,0,49.0192753695272,112.36142856287,54.8580686570275,101.901923978451,0,0,0,0,0,0,0,0,0,0,158.896900666124,74.2050066497512,458.730519533079,412.870556022195
"132",2000,1634,10.9166666666667,6970.06347303733,5868.48263662881,1506.65525623856,2908.11470440836,855.194626095298,1440.14653974156,0,0,0,0,0,0,0,0,0,0,0,0,2.46931263513779,4.87869111071362,1.58595255303123,2.68048956155514,0,0,0,0,0,0,0,0,0,0,2935.6060570366,2464.2148817146,482.653488490016,965.410178175511,288.667851044685,520.978119526094,0,0,112.79067924232,94.6790764521705,18.6009003560158,37.2101592607705,11.1226521553708,20.0733984450056,0,0,23618.9034197551,19780.1490759463,4512.28077436738,8815.74615547889,3015.1217617868,5176.49131772751,0,0,907.446004526558,759.98558034811,175.589533064998,343.779379436428,118.458883563658,203.772639365039,0,0,0,0,7.92054975885951,15.8450222057871,5.63210920714799,9.72052961569206,0,0,0,0,0,0,0,0,0,0,222.748716111961,196.206706172133,172.054391466401,371.277139029823,193.225685365353,381.665024951341,0,0,8.55831667968737,7.53857641314865,6.58403008660055,14.1988237193113,7.36372248665255,14.5402869339412,0,0,401.464278172331,350.180542124755,309.677065553365,705.460446042022,407.188935258787,816.171909858869,0,0,15.4247532018973,13.4544997226445,11.8509370270473,26.9787619608782,15.5214797513122,31.0955151403363,0,0,0,0,49.2151507339112,112.920104585613,55.3446470377503,102.967694347985,0,0,0,0,0,0,0,0,0,0,160.480230118042,74.9026031475947,467.197888830889,421.479808495116
"133",2001,1634,11,6949.04849686144,5844.31757266912,1506.63991257465,2908.40520847428,857.478658548511,1445.21473343422,0,0,0,0,0,0,0,0,0,0,0,0,2.46982890377529,4.88051403837402,1.59080008947289,2.69096152954737,0,0,0,0,0,0,0,0,0,0,2951.38707889757,2474.14754577633,486.790111943036,974.158645879772,292.673292575706,529.054101940788,0,0,113.397011338744,95.0607052894333,18.7603488398178,37.547429363312,11.276988152678,20.384572168299,0,0,23577.1095283445,19717.7978508784,4515.0568442494,8823.67721039918,3031.95833273822,5212.39172143951,0,0,905.840502130921,757.589939725972,175.703779055119,344.106331924562,119.128555325248,205.202469966036,0,0,0,0,7.93175309869998,15.8735407039306,5.66780646234095,9.79562864080298,0,0,0,0,0,0,0,0,0,0,223.604135175713,196.671528213705,173.320542102317,374.169444996212,195.688059539205,387.068380952126,0,0,8.59118367521922,7.5564356082647,6.63265662319763,14.3098153837537,7.45787904048923,14.7467968428376,0,0,399.371075684543,347.929207990782,310.552134080109,707.957147764811,410.502068129502,824.198900494108,0,0,15.3443317630524,13.3679997968531,11.8845707359253,27.0745499109833,15.6481322536842,31.4021050869395,0,0,0,0,49.408178525869,113.47070162978,55.8318488223818,104.033874805698,0,0,0,0,0,0,0,0,0,0,162.057111545863,75.5980127004849,475.689711632647,430.143374249099
"134",2001,1634,11.0833333333333,6927.50076415764,5819.51981041793,1506.80675732017,2908.92749933054,859.726870705781,1450.16687017173,0,0,0,0,0,0,0,0,0,0,0,0,2.47036345626065,4.88222622192176,1.59558150511465,2.70122253333875,0,0,0,0,0,0,0,0,0,0,2967.1874401698,2484.0180295982,491.015033110369,983.03798445307,296.72550155009,537.214530832034,0,0,114.004086486275,95.4399450624437,18.9231938459859,37.889733401433,11.4331256324572,20.6989988587074,0,0,23535.0234956331,19654.879717016,4518.38381546688,8832.26605537888,3048.82965406599,5248.23517235592,0,0,904.22377382561,755.172517597815,175.839083453134,344.458220064397,119.799599107432,206.630134197547,0,0,0,0,7.9432726606191,15.9021784737209,5.70361782736986,9.87073915029556,0,0,0,0,0,0,0,0,0,0,224.465969148497,197.129505257334,174.618593876246,377.102037723892,198.206382317449,392.551240214485,0,0,8.62429713714888,7.5740318077071,6.68250914573204,14.4223594183723,7.55417631007239,14.9563545831815,0,0,397.301465754706,345.694950942409,311.430214965876,710.431123980972,413.827517024314,832.229539167832,0,0,15.2648167484016,13.2821560010787,11.9183274822935,27.169487681986,15.77526742408,31.7088654311187,0,0,0,0,49.5985297661557,114.013358183743,56.3198594022301,105.100448006406,0,0,0,0,0,0,0,0,0,0,163.626580000963,76.2908855442429,484.202684890216,438.858409462114
"135",2001,1634,11.1666666666667,6905.93445230045,5794.83426855043,1506.85222715814,2909.20656657126,861.88883420745,1454.97252872648,0,0,0,0,0,0,0,0,0,0,0,0,2.47083649275589,4.88376612190582,1.6002045859766,2.7112175608547,0,0,0,0,0,0,0,0,0,0,2983.06499262535,2493.92984289425,495.254226817754,991.945349467862,300.807844616444,545.449397582727,0,0,114.614127442511,95.8207727799453,19.086589673339,38.233118927234,11.5904237164492,21.0162929068382,0,0,23493.3175747663,19592.5068685974,4521.57925468314,8840.54547808859,3065.55919127671,5283.91479652558,0,0,902.621648284613,752.776046263765,175.969163794468,344.797832115168,120.465074131574,208.051416169063,0,0,0,0,7.95486941011683,15.9307664322791,5.739218020865,9.94566671237169,0,0,0,0,0,0,0,0,0,0,225.333301963832,197.593796308668,175.919608890133,380.04650656762,200.734718184727,398.08130755,0,0,8.65762187062096,7.591870601527,6.73247927100287,14.5353673556742,7.65086389743512,15.16773023073,0,0,395.259967057055,343.488197036045,312.295196937455,712.864239632339,417.140790354481,840.246129761149,0,0,15.1863817710891,13.1973689211715,11.951589581574,27.2628796690205,15.9019517412975,32.0151221487115,0,0,0,0,49.784834858774,114.54699542654,56.8053308871111,106.16510452555,0,0,0,0,0,0,0,0,0,0,165.202105278359,76.9853811333173,492.809866684077,447.677536625224
"136",2001,1634,11.25,6884.34945099153,5770.25980756849,1506.77849113135,2909.24636146809,863.964103429887,1459.63056568526,0,0,0,0,0,0,0,0,0,0,0,0,2.47122528867318,4.88509557048647,1.60467027819858,2.72094666089183,0,0,0,0,0,0,0,0,0,0,2999.01943928971,2503.88305537932,499.507252285503,1000.87970415901,304.919930558718,553.758151924698,0,0,115.227122797216,96.2031911204931,19.2505193300875,38.5775460248737,11.7488674247606,21.3364332558418,0,0,23451.9890258535,19530.6748732808,4524.64632588065,8848.52181503753,3082.14712156821,5319.42958454495,0,0,901.034020240538,750.400355425872,176.09414288032,345.125412196364,121.124983557131,209.46626897801,0,0,0,0,7.96649840011505,15.9592364720565,5.77461258330371,10.0204162906443,0,0,0,0,0,0,0,0,0,0,226.206127374435,198.064221713913,177.223631213783,383.0023648878,203.273612486676,403.658423106322,0,0,8.69115763561842,7.60994508713683,6.78256863192117,14.6488205311083,7.74796274598125,15.3809180792883,0,0,393.246277985694,341.308814501585,313.14716793306,715.25716235637,420.440933846882,848.247770533746,0,0,15.1090152432019,13.1136334943018,11.9843603667993,27.3547513445623,16.0281488855317,32.3208410345775,0,0,0,0,49.9671722572026,115.071707087588,57.2881872409541,107.2276775806,0,0,0,0,0,0,0,0,0,0,166.783725876267,77.6815213686622,501.511604412957,456.601538216204
"137",2001,1634,11.3333333333333,6862.74569518376,5745.79532529637,1506.58768780176,2909.05079686764,865.952279059964,1464.13990998279,0,0,0,0,0,0,0,0,0,0,0,0,2.47151160185351,4.88618387454239,1.60897904401924,2.73040929679232,0,0,0,0,0,0,0,0,0,0,3015.0504319549,2513.87768685321,503.77369118369,1009.84006827446,309.061355568341,562.140245524087,0,0,115.843059171684,96.5872008448273,19.4149666861892,38.9229769436731,11.9084412829989,21.6593989071769,0,0,23411.0351387646,19469.3793578639,4527.58811710828,8856.20126966699,3098.5936450147,5354.77856847909,0,0,899.460785569371,748.045277058434,176.214140617726,345.441199405704,121.779331494772,210.874647386693,0,0,0,0,7.97812330095353,15.9875336187152,5.80980562796395,10.0949911035898,0,0,0,0,0,0,0,0,0,0,227.084437858358,198.540613154795,178.530688422096,385.969144546486,205.823527313702,409.282402813541,0,0,8.72490414314919,7.62824879747808,6.83277823362521,14.7627009885899,7.84549061083139,15.5959114736607,0,0,391.260099462368,339.156659396427,313.986222265818,717.610515589286,423.727073340668,856.233567802053,0,0,15.0327056739512,13.0309441899532,12.0166434066513,27.4451264752041,16.1538255893885,32.6259881897075,0,0,0,0,50.1456121168332,115.587575486534,57.7683554553564,108.28800391695,0,0,0,0,0,0,0,0,0,0,168.371480247053,78.3793275304987,510.308261037994,465.631190341358
"138",2001,1634,11.4166666666667,6841.12316522613,5721.4397569509,1506.28192758763,2908.62375038669,867.853006419132,1468.49956099658,0,0,0,0,0,0,0,0,0,0,0,0,2.47168073357891,4.88700628601261,1.61313102074891,2.73960454408067,0,0,0,0,0,0,0,0,0,0,3031.15756894532,2523.91370596669,508.053143204642,1018.82550675158,313.231705197397,570.595128237151,0,0,116.461921132894,96.9728007484604,19.5799163037552,39.269375664657,12.0691293986068,21.9851687788351,0,0,23370.4532338936,19408.6160073884,4530.40764525138,8863.5899210797,3114.89898309208,5389.96082092461,0,0,897.90184131982,745.710645373572,176.329274201244,345.745428150398,122.428122948571,212.276507787437,0,0,0,0,7.98971455431972,16.0156132759904,5.84480023521943,10.169393103158,0,0,0,0,0,0,0,0,0,0,227.968224514475,199.022812411764,179.840794558829,388.946395450867,208.384852049782,414.953041680621,0,0,8.75886105123057,7.64677565350128,6.88310856568031,14.876991461705,7.94346246209915,15.8127029376154,0,0,389.301135236725,337.03157730417,314.81245925147,719.924883822781,426.998404364661,864.202635539734,0,0,14.957441681208,12.9492950751885,12.0484424538262,27.5340273237454,16.2789512391888,32.9305300032322,0,0,0,0,50.3202181284112,116.094674237319,58.2457651271062,109.345923351837,0,0,0,0,0,0,0,0,0,0,169.965406785959,79.0788203320319,519.200211956931,474.767262620332
"139",2001,1634,11.5,6819.48188780853,5697.19207579889,1505.8632938038,2907.96906589016,869.665975259329,1472.70858881004,0,0,0,0,0,0,0,0,0,0,0,0,2.47172101597609,4.88754316185462,1.61712610184827,2.7485311929841,0,0,0,0,0,0,0,0,0,0,3047.34039347303,2533.99102928624,512.345223517875,1027.83512317055,317.4305552912,579.12224548244,0,0,117.083691130324,97.3599876257435,19.7453533395354,39.616707649892,12.2309154974519,22.3137216055313,0,0,23330.2406624044,19348.3805648103,4533.10785790711,8870.69372750567,3131.06337808247,5424.97545499623,0,0,896.357085722768,743.396296808572,176.439658184338,346.038328279235,123.071363793902,213.6718082046,0,0,0,0,8.00124837117191,16.0434397191226,5.87959865141281,10.2436232184607,0,0,0,0,0,0,0,0,0,0,228.857476921868,199.510670625418,181.153951773755,391.933685149883,210.957909491378,420.670115426126,0,0,8.79302795948658,7.66551993578895,6.93355966411163,14.9916753575878,8.04189071869763,16.0312842371176,0,0,387.369092066577,334.933404277726,315.625982441507,722.200815770653,430.254186207307,872.154095440991,0,0,14.8832119984292,12.8686798508865,12.079761416079,27.6214747706289,16.4034976477919,33.234433152648,0,0,0,0,50.4910485143588,116.593069748841,58.7203482738703,110.401278587178,0,0,0,0,0,0,0,0,0,0,171.565543820681,79.7800199472266,528.187843028102,484.010518003778
"140",2001,1634,11.5833333333333,6797.8219365942,5673.0512935547,1505.33384378651,2907.09055504464,871.390919331881,1476.7661341218,0,0,0,0,0,0,0,0,0,0,0,0,2.47162331752728,4.88777915218931,1.62096401292665,2.75718784452395,0,0,0,0,0,0,0,0,0,0,3063.59839259648,2544.10952089731,516.649560273418,1036.86805333327,321.65747297587,587.721035845352,0,0,117.70834945594,97.7487562546214,19.911263449239,39.9649395966026,12.3937829625442,22.6450358478295,0,0,23290.3948061363,19288.6688302303,4535.69163552911,8877.51853019141,3147.08709236801,5459.82162403069,0,0,894.826418187622,741.102069996312,176.545404560986,346.320125230513,123.709060750736,215.060508285438,0,0,0,0,8.01270576661611,16.0709846414094,5.91420247686152,10.317681586042,0,0,0,0,0,0,0,0,0,0,229.752183008841,200.004047526251,182.470151919606,394.930598270816,213.542962056983,426.433382058447,0,0,8.8274044041155,7.68447625496114,6.9841311719434,15.1067367347524,8.14078548565526,16.2516464416976,0,0,385.463679852059,332.861967794104,316.426898882613,724.438827660952,433.493735878883,880.08707698622,0,0,14.810005479812,12.789091888426,12.1106043282995,27.7074884402477,16.5274388233649,33.5376646042175,0,0,0,0,50.6581569860409,117.082822662884,59.1920391528788,111.453915026951,0,0,0,0,0,0,0,0,0,0,173.171929600102,80.4829460401477,537.271548610186,493.361712622439
"141",2001,1634,11.6666666666667,6776.14343245312,5649.01646044897,1504.69561007555,2905.99199889991,873.027615704266,1480.67140774621,0,0,0,0,0,0,0,0,0,0,0,0,2.47138058720841,4.8877024498104,1.62464437876588,2.76557299528293,0,0,0,0,0,0,0,0,0,0,3079.93099695562,2554.26899269246,520.965792261095,1045.92345924899,325.912017609126,596.39092896745,0,0,118.335874234017,98.1390994077062,20.0776326978079,40.3140392068333,12.5577148713346,22.9790896121793,0,0,23250.9130770856,19229.4766596027,4538.16179382161,8884.07005766289,3162.97040762192,5494.49852097205,0,0,893.309739282419,738.827805715659,176.646622856764,346.591040193846,124.341221352606,216.442569278319,0,0,0,0,8.02407167235626,16.098225814161,5.94861283379731,10.3915677555139,0,0,0,0,0,0,0,0,0,0,230.652328937055,200.502810649267,183.789378048469,397.93673577564,216.140217919096,432.242583350247,0,0,8.86198985343789,7.70363952149975,7.03482239596625,15.2221602741457,8.24015478852492,16.4737799818245,0,0,383.584611710377,330.817087686935,317.215318434048,726.639406561843,436.716422177533,888.000717541029,0,0,14.7378111031651,12.7105242655145,12.1409753268185,27.7920868286069,16.6507507422059,33.8401916148013,0,0,0,0,50.8215936207556,117.563989167057,59.6607740903441,112.50368060763,0,0,0,0,0,0,0,0,0,0,174.784602282425,81.187617795306,546.451729683278,502.821595680214
"142",2001,1634,11.75,6754.44654355863,5625.08666518712,1503.95060137294,2904.67714912426,874.575884166342,1484.42369022611,0,0,0,0,0,0,0,0,0,0,0,0,2.47098750612343,4.88730421220858,1.62816676862726,2.77368509553338,0,0,0,0,0,0,0,0,0,0,3096.33758117585,2564.4692052021,525.293567032866,1055.00052431149,330.193741506895,605.131343856272,0,0,118.966241436663,98.5310078841927,20.2444474874052,40.6639750026841,12.7226940243041,23.3158605869237,0,0,23211.7929165228,19170.7999632299,4540.52108574575,8890.35392921312,3178.71362408516,5529.00537770394,0,0,891.806950699892,736.573346833621,176.743420205086,346.851290242389,124.967853918957,217.817954008985,0,0,0,0,8.03533426341392,16.1251460615055,5.98283048159457,10.4652808318349,0,0,0,0,0,0,0,0,0,0,231.557898989243,201.006834628296,185.111605590618,400.951714088562,218.74983629678,438.097445949358,0,0,8.89678370358276,7.72300491863493,7.08563235152336,15.3379312454801,8.34000477571726,16.6976746922199,0,0,381.731603991547,328.798576930196,317.991353237452,728.803013346293,439.921660648329,895.894162563102,0,0,14.666617970514,12.632969796301,12.1708786294641,27.8752874170848,16.7734111557269,34.1419817380203,0,0,0,0,50.9814055228987,118.036621991679,60.1264913655841,113.550425692039,0,0,0,0,0,0,0,0,0,0,176.403599922391,81.8940539437693,555.728792227219,512.390909354723
"143",2001,1634,11.8333333333333,6732.73148535525,5601.26103480593,1503.10080340913,2903.14972908603,876.035586631616,1488.02233141992,0,0,0,0,0,0,0,0,0,0,0,0,2.47044019215154,4.8865780698381,1.63153073232631,2.78152259577052,0,0,0,0,0,0,0,0,0,0,3112.81746464066,2574.70986872106,529.632539269534,1064.0984491144,334.502190564703,613.941687451905,0,0,119.599424913504,98.9244705531458,20.411694494755,41.0147161659689,12.8887029694514,23.6553259880694,0,0,23173.0317939348,19112.6347041336,4542.77220338324,8896.3756580874,3194.31705986707,5563.34146430837,0,0,890.317955216837,734.338538242766,176.835901417987,347.101088453458,125.588967528397,219.186626853939,0,0,0,0,8.0464843890896,16.1517323907859,6.01685590978738,10.538819590281,0,0,0,0,0,0,0,0,0,0,232.468875467618,201.516000538543,186.436803368271,403.975164178569,221.371932253424,443.997682299905,0,0,8.93178527458396,7.74256787708482,7.13655980105372,15.4540354719375,8.44033990194408,16.9233198478497,0,0,379.904376259267,326.806242342764,318.755117266341,730.930085439835,443.108909050964,903.766565861161,0,0,14.596415307365,12.5564210584452,12.2003185186424,27.9571067778895,16.8953994169163,34.4430028325608,0,0,0,0,51.1376373800557,118.500771249,60.5891311165541,114.594002988323,0,0,0,0,0,0,0,0,0,0,178.028960457755,82.6022727869678,565.103145754947,522.070388703733
"144",2001,1634,11.9166666666667,6710.99852041078,5577.53873443996,1502.14817972328,2901.41343479279,877.406626534438,1491.46675006428,0,0,0,0,0,0,0,0,0,0,0,0,2.46973595295913,4.8855197131927,1.63473582805532,2.78908398286465,0,0,0,0,0,0,0,0,0,0,3129.36991257913,2584.99064468429,533.98236937459,1073.21644786301,338.836904774754,622.821353425808,0,0,120.235396433466,99.3194744063537,20.5793606171777,41.3662324006987,13.0557240227147,23.9974625138836,0,0,23134.6272058258,19054.9768963312,4544.91777966589,8902.14065438632,3209.78105027098,5597.50608826196,0,0,888.84265664804,732.123226795009,176.924169051756,347.340644018328,126.2045719929,220.548553711401,0,0,0,0,8.05751509888114,16.1779752649352,6.05068941120404,10.61218256695,0,0,0,0,0,0,0,0,0,0,233.385238603166,202.030195286554,187.764934457228,407.006730610002,224.006581025423,449.942991394098,0,0,8.96699380689524,7.76232405161708,7.18760328688026,15.5704592937309,8.54116309375254,17.1507041933804,0,0,378.102651241703,324.839885218719,319.506725948856,733.021039353727,446.277663313046,911.617089898742,0,0,14.5271924608148,12.4808704173354,12.2292993271995,28.0375606713003,17.0166963254023,34.7432230723429,0,0,0,0,51.2903319233856,118.956485128582,61.0486352645098,115.634267491301,0,0,0,0,0,0,0,0,0,0,179.660721695083,83.3122922182795,574.575201992394,531.860761575852
"145",2002,1634,12,6689.6245160392,5553.90701353894,1501.57036586217,2900.16494709167,878.650616124693,1494.5474874875,0,0,0,0,0,0,0,0,0,0,0,0,2.46886472848755,4.88386513327909,1.63770603415626,2.79597094527352,0,0,0,0,0,0,0,0,0,0,3145.9389396176,2595.19143054632,538.39954241315,1082.38912560218,343.179139706681,631.675378942355,0,0,120.872004948963,99.7114049119562,20.7496148340968,41.7198441562361,13.2230352350324,24.3386117722507,0,0,23096.5490156378,18997.1607008345,4547.60511595562,8908.28561713544,3224.96044144474,5630.70411225094,0,0,887.37989766513,729.901829866531,177.033044451291,347.594048857314,126.808953830089,221.872392260193,0,0,0,0,8.06831273079364,16.2028470289002,6.0840498129635,10.6838508730082,0,0,0,0,0,0,0,0,0,0,234.302167700424,202.519122324136,189.08942692573,409.942523950794,226.61304848801,455.680545253556,0,0,9.00222408419458,7.78110940025178,7.23851290607766,15.6832316792915,8.64092120052088,17.3701904221438,0,0,376.318935891737,322.88463270391,320.24590195542,735.03403659439,449.40690579628,919.311258642993,0,0,14.4586615385238,12.4057464340066,12.2578113198999,28.1150504706431,17.1365004867005,35.0375173097401,0,0,0,0,51.438355013175,119.39535257789,61.5021182647232,116.654534357023,0,0,0,0,0,0,0,0,0,0,181.310011567047,84.0535469503214,584.209920049607,542.17156741055
"146",2002,1634,12.0833333333333,6668.43609058296,5530.38570120832,1501.12701655596,2899.05851345169,879.79547270516,1497.37998754704,0,0,0,0,0,0,0,0,0,0,0,0,2.46799566798622,4.88203560097369,1.64048197190143,2.80238256587539,0,0,0,0,0,0,0,0,0,0,3162.51178967673,2605.33568888458,542.84656737194,1091.57898671814,347.52876328947,640.530555962448,0,0,121.508760351027,100.101163539698,20.9210180511762,42.0741162697155,13.3906322411432,24.6798074796764,0,0,23058.8357040886,18939.5360998615,4550.51208130564,8914.50075922657,3239.94042225792,5663.33800192174,0,0,885.931156441746,727.687794347028,177.150190356088,347.849606482151,127.405450899873,223.173976829514,0,0,0,0,8.0791908090885,16.2272864396405,6.11707718700822,10.7545554739863,0,0,0,0,0,0,0,0,0,0,235.221974282327,202.999028674403,190.416783676907,412.845796562787,229.214278058159,461.349766182911,0,0,9.03756491750479,7.79954815968143,7.28953688591212,15.794770853073,8.74048888352802,17.5870923456828,0,0,374.559806422001,320.949058616283,320.975172557203,736.988560966671,452.507087613778,926.901274506244,0,0,14.3910752074425,12.331378528316,12.2859507596389,28.1903204186484,17.2552103707004,35.3278747140648,0,0,0,0,51.5824181480268,119.821704921341,61.950956653471,117.662638491312,0,0,0,0,0,0,0,0,0,0,182.971439478632,84.8116025776437,593.975223880699,552.803125281973
"147",2002,1634,12.1666666666667,6647.24232363978,5506.9822092373,1500.57518083267,2897.74147059432,880.862103353027,1500.07255298183,0,0,0,0,0,0,0,0,0,0,0,0,2.46713409160472,4.88016976127532,1.64310602002479,2.80852597570189,0,0,0,0,0,0,0,0,0,0,3179.11383344006,2615.4821253952,547.293882927856,1100.76644670066,351.894518746792,649.43319980117,0,0,122.146637421892,100.491005856306,21.0924350461562,42.4283007203711,13.5588517481062,25.0228338737442,0,0,23021.5012050501,18882.4404780758,4553.30957621676,8920.46602765201,3254.79726646232,5695.81385287136,0,0,884.496968046353,725.494083107508,177.26299131282,348.095214639229,127.997059286746,224.469301974847,0,0,0,0,8.09020250965459,16.2518155702909,6.14991889286586,10.8250702391162,0,0,0,0,0,0,0,0,0,0,236.146937541763,203.485309143377,191.750309286828,415.769791486436,231.830897017274,467.079881562588,0,0,9.07310387576558,7.81823182304882,7.34080076287024,15.9071117458194,8.84065254126308,17.8063357194349,0,0,372.82899473684,319.040595619991,321.695259909549,738.906877846624,455.588422548259,934.453398801744,0,0,14.3245768524139,12.2580522751537,12.3137447374002,28.2642210710835,17.3732154301056,35.6168206281214,0,0,0,0,51.7232092441073,120.239978463547,62.3965418840267,118.666847370715,0,0,0,0,0,0,0,0,0,0,184.639395299043,85.571464466352,603.838723014644,563.548073942804
"148",2002,1634,12.25,6626.04236848372,5483.69468506239,1499.91676991202,2896.21725705815,881.850148961582,1502.62440224402,0,0,0,0,0,0,0,0,0,0,0,0,2.46624923675099,4.8782161070928,1.6455809593471,2.81440444915876,0,0,0,0,0,0,0,0,0,0,3195.74994640489,2625.63525043078,551.742764519659,1109.9538271606,356.277475495003,658.38511182575,0,0,122.785823485961,100.881105156738,21.2639146115306,42.7824863211242,13.7277347640613,25.3677600067785,0,0,22984.5391941796,18825.8665358461,4555.99954726528,8926.18522552485,3269.53047390937,5728.12980160816,0,0,883.077089493987,723.320415684125,177.371522961331,348.331020228165,128.583757103743,225.758289151118,0,0,0,0,8.10129549838802,16.2763510210374,6.18257808074016,10.8953966881068,0,0,0,0,0,0,0,0,0,0,237.076891495707,203.977629543587,193.089314014524,418.712297331994,234.462134197896,472.867903832289,0,0,9.10883458166252,7.8371475503352,7.39227800786927,16.0201695255933,8.94138268252159,18.0278065926813,0,0,371.125822684004,317.158817435589,322.406228101024,740.790060019657,458.650511052111,941.968316101251,0,0,14.2591404182295,12.1857512961663,12.3411956092323,28.3367932526147,17.4905003905939,35.9043810878563,0,0,0,0,51.8607984003959,120.650273624926,62.8388210635282,119.667023204704,0,0,0,0,0,0,0,0,0,0,186.313914924008,86.3331558182836,613.800952513848,574.407503164168
"149",2002,1634,12.3333333333333,6604.83561034225,5460.52147188883,1499.15370330069,2894.48934671301,882.759318126258,1505.03486234902,0,0,0,0,0,0,0,0,0,0,0,0,2.46531615603067,4.8761327483885,1.64790873417958,2.82002016267279,0,0,0,0,0,0,0,0,0,0,3212.42407104077,2635.79877453658,556.194225158158,1119.14295809483,360.678437466047,667.387678849155,0,0,123.426470019219,101.271604006078,21.4354954870299,43.1367430497605,13.8973121138141,25.7146390347428,0,0,22947.9439704892,18769.8075358784,4558.58401343848,8931.66231144927,3284.1396704563,5760.28419546133,0,0,881.671301749446,721.166533218944,177.475863769598,348.557176254119,129.165527397274,227.040868053889,0,0,0,0,8.11242752008701,16.300825421872,6.21505701471744,10.9655354578983,0,0,0,0,0,0,0,0,0,0,238.011698278542,204.475693386862,194.433220399311,421.671390084722,237.107352210349,478.711214752953,0,0,9.14475173819647,7.85628394998936,7.44394640557938,16.1338703824957,9.04265494124708,18.2514051307284,0,0,369.449664235127,315.303326662737,323.108124573457,742.639060133537,461.692964485981,949.446555598,0,0,14.1947418523487,12.1144603225819,12.3683050829994,28.4080731684724,17.6070503753497,36.1905761730785,0,0,0,0,51.9952471607523,121.052678659729,63.2777445206306,120.663032925637,0,0,0,0,0,0,0,0,0,0,187.995033146115,87.0966986282433,623.862415687396,585.382440055879
"150",2002,1634,12.4166666666667,6583.6216250775,5437.46107335141,1498.28790357233,2892.56123695749,883.589379871525,1507.30335758976,0,0,0,0,0,0,0,0,0,0,0,0,2.46431442552542,4.87388532381685,1.65009071564401,2.82537453850322,0,0,0,0,0,0,0,0,0,0,3229.13940325198,2645.97576880668,560.649070061272,1128.33528048941,365.097998639839,676.441958032876,0,0,124.06869981342,101.662620400672,21.6072084521158,43.4911259791834,14.0676065671333,26.0635114702757,0,0,22911.7103302056,18714.2571933611,4561.06504178702,8936.90135186472,3298.62458401523,5792.27555434942,0,0,880.279404880891,719.032194239133,177.57609409232,348.773839981823,129.742357219461,228.316975138919,0,0,0,0,8.12356404826717,16.3251837535605,6.2473573386889,11.0354865670178,0,0,0,0,0,0,0,0,0,0,238.95124137655,204.979234688331,195.781537714588,424.645376447968,239.766011750276,484.60749035553,0,0,9.18085086874206,7.87563080244579,7.49578707285781,16.2481493545125,9.1444487083096,18.4770427430472,0,0,367.799935987599,313.473748243874,323.800985898797,744.454732521936,464.715409237211,956.888520283399,0,0,14.1313587399694,12.0441649440745,12.3950744419966,28.4780932440882,17.7228510655912,36.4754211253751,0,0,0,0,52.1266106129941,121.447272778608,63.7132652698941,121.654747489608,0,0,0,0,0,0,0,0,0,0,189.682783896717,87.8621138721947,634.023591072115,596.473859711716
"151",2002,1634,12.5,6562.4001631597,5414.51213963339,1497.32129351529,2890.43644288145,884.34016195014,1509.42940716447,0,0,0,0,0,0,0,0,0,0,0,0,2.4632276112684,4.87144613456504,1.65212780720876,2.8304683851098,0,0,0,0,0,0,0,0,0,0,3245.89846924055,2656.16873136562,565.107919308601,1137.53188860243,369.536565812803,685.54871066147,0,0,124.712609929284,102.054250322459,21.7790771935887,43.8456768969519,14.2386337112792,26.4144064764784,0,0,22875.83351446,18659.2096309928,4563.4447356501,8941.90649846654,3312.98503513266,5824.10255622668,0,0,878.90121605005,716.917172929064,177.672295716581,348.981172064089,130.314237265682,229.586553062575,0,0,0,0,8.13467732340613,16.3493818347676,6.27948017729665,11.1052495173089,0,0,0,0,0,0,0,0,0,0,239.895422651448,205.488014989772,197.133851229021,427.632770410414,242.437656513355,490.554669825606,0,0,9.21712820268709,7.89517894575679,7.54778404613822,16.3629494282293,9.24674655296788,18.7046408920895,0,0,366.176093358352,311.669726680252,324.48484032356,746.237842374908,467.717488780258,964.294499510027,0,0,14.0689701577891,11.974851501799,12.4215046434078,28.5468824778785,17.8378887803014,36.7589268288623,0,0,0,0,52.2549382540467,121.834127472861,64.1453388487636,122.642041685431,0,0,0,0,0,0,0,0,0,0,191.377200339318,88.6294215759672,644.284935003777,607.682689220942
"152",2002,1634,12.5833333333333,6541.17112728086,5391.67344829684,1496.25579296056,2888.11849028619,885.011547272048,1511.41261981249,0,0,0,0,0,0,0,0,0,0,0,0,2.46204256298146,4.86879299530714,1.65402057920304,2.8353020749698,0,0,0,0,0,0,0,0,0,0,3262.70322870442,2666.37967609105,569.571238184067,1146.73358669034,373.994389511855,694.708448845234,0,0,125.358275661541,102.446571147839,21.9511194677072,44.2004264781966,14.4104031359403,26.7673436564164,0,0,22840.3091392584,18604.6593183202,4565.72522055547,8946.68196070233,3327.22092378901,5855.76401615789,0,0,877.536566821629,714.821256799576,177.76455131685,349.179335477368,130.881161364329,230.849549873468,0,0,0,0,8.14574508507563,16.3733843265131,6.31142626839199,11.1748234264145,0,0,0,0,0,0,0,0,0,0,240.844158539053,206.001819311743,198.489808155939,430.632261544523,245.121893971693,496.550913570456,0,0,9.25358052937901,7.91492012006705,7.59992374157355,16.4782203223664,9.34953348579825,18.9341294885683,0,0,364.577625359764,309.890922498319,325.159710817846,747.989078262221,470.69886541216,971.664685664421,0,0,14.0075564732893,11.9065069526242,12.4475964364035,28.614466922979,17.9521505440856,37.0411004485102,0,0,0,0,52.3802751174947,122.21330821113,64.5739230562543,123.624793802105,0,0,0,0,0,0,0,0,0,0,193.078314994078,89.3986409173818,654.646885120218,619.009813433088
"153",2002,1634,12.6666666666667,6519.93455418104,5368.94388873623,1495.09331618823,2885.61090994755,885.603470980991,1513.25268948271,0,0,0,0,0,0,0,0,0,0,0,0,2.46074884548421,4.86590830574156,1.65576937231346,2.83987568210829,0,0,0,0,0,0,0,0,0,0,3279.55515881608,2676.6102047482,574.039361862246,1155.94093507444,378.471589202989,703.921473508834,0,0,126.005753765519,102.839644419193,22.1233480456925,44.5553960502373,14.582919399589,27.1223345088426,0,0,22805.1331384559,18550.6010223805,4567.90863278745,8951.23198340865,3341.33221861007,5887.25886918961,0,0,876.185300972347,712.744244791578,177.852944012975,349.368494656118,131.44312605991,232.105918351133,0,0,0,0,8.15674955911836,16.3971631334702,6.34319606440429,11.2442071291409,0,0,0,0,0,0,0,0,0,0,241.797376971874,206.52045282402,199.849106346116,433.642689035997,247.818380179007,502.59456888598,0,0,9.29020507988618,7.93484683968652,7.65219452058968,16.5939174912781,9.45279637606273,19.1654455776259,0,0,363.004050334005,308.137009440502,325.825617420951,749.709062563297,473.659221265442,978.999188008803,0,0,13.9470991808431,11.8391187611981,12.4733504530562,28.6808700884157,18.0656241270681,37.321945959893,0,0,0,0,52.5026626696789,122.584875791266,64.9989777490292,124.602885371463,0,0,0,0,0,0,0,0,0,0,194.786159833795,90.1697903099887,665.109863045994,630.456079649335
"154",2002,1634,12.75,6498.69059997923,5346.32244963262,1493.83576989333,2882.91723303035,886.115918000614,1514.94939175603,0,0,0,0,0,0,0,0,0,0,0,0,2.45933829320259,4.8627783169821,1.65737436987404,2.84418907958424,0,0,0,0,0,0,0,0,0,0,3296.45532182941,2686.86156508942,578.512515147741,1165.15428683357,382.968173392211,713.187904452326,0,0,126.655085054713,103.233518077164,22.2957714697846,44.9105989981575,14.7561828002068,27.4793835803163,0,0,22770.3017178439,18497.0297678725,4569.99711043289,8955.56082918318,3355.31894819717,5918.58615656285,0,0,874.847272726911,710.68594574575,177.937557023773,349.548814810042,132.000130278026,233.355615473986,0,0,0,0,8.16767667861605,16.4206961656491,6.37478980166149,11.3133992473693,0,0,0,0,0,0,0,0,0,0,242.755014938824,207.043738112807,201.211485423197,436.663020597542,250.526808363305,508.684142283135,0,0,9.32699943323814,7.95495228809212,7.70458634930123,16.7100013159539,9.55652351425662,19.3985322799623,0,0,361.454912473905,306.407672277883,326.482578919422,751.398360215713,476.598258527538,986.298044252076,0,0,13.8875807680437,11.7726748159075,12.4987672734722,28.746113275533,18.1782980541674,37.601464591806,0,0,0,0,52.6221394911107,122.948887373255,65.4204646906632,125.576200978557,0,0,0,0,0,0,0,0,0,0,196.500766354213,90.9428874720767,675.674276318668,642.022301418203
"155",2002,1634,12.8333333333333,6477.43952740143,5323.80820805556,1492.48505145067,2880.04098711327,886.548920805669,1516.50258062283,0,0,0,0,0,0,0,0,0,0,0,0,2.45780462682095,4.85939249859482,1.65883565756849,2.84824202025673,0,0,0,0,0,0,0,0,0,0,3313.40442381786,2697.13470126262,582.990829602896,1174.37381961746,387.484057113141,722.507706534863,0,0,127.306296657592,103.628228397422,22.4683947092849,45.2660419835009,14.9301900458845,27.8384894688173,0,0,22735.8113152555,18443.9408025432,4571.99278574145,8959.67276325389,3369.1811935358,5949.74501358091,0,0,873.522345225273,708.646177072654,178.018473371295,349.720461337753,132.552175031986,234.598601951241,0,0,0,0,8.17851541733748,16.4439662768101,6.40620755796171,11.3823982479235,0,0,0,0,0,0,0,0,0,0,243.717016389801,207.571512781437,202.576719184583,439.692334038788,253.246899352966,514.818275316828,0,0,9.36396143591597,7.97523022574306,7.75709050654763,16.8264363969629,9.66070424496907,19.633337867058,0,0,359.929778781029,304.702604964879,327.130614201552,753.057486465725,479.515699347162,993.561230767027,0,0,13.8289845988291,11.7071633579777,12.5238474784232,28.810215876032,18.2901616022663,37.879655217001,0,0,0,0,52.738741855716,123.305397356834,65.8383474223827,126.544628100297,0,0,0,0,0,0,0,0,0,0,198.222165630872,91.7179494873896,686.340519960675,653.709261844419
"156",2002,1634,12.9166666666667,6456.18169493449,5301.40032022433,1491.04304749075,2876.98569284934,886.902557432363,1517.91218563925,0,0,0,0,0,0,0,0,0,0,0,0,2.45614313496815,4.85574301036436,1.66015326912757,2.85203419915336,0,0,0,0,0,0,0,0,0,0,3330.40286434671,2707.43029641607,587.474357960194,1183.59956237309,392.019076634913,731.880711667817,0,0,127.959403926094,104.023801627617,22.6412197126129,45.6217259681179,15.1049348189244,28.1996456668482,0,0,22701.6585668393,18391.3295678796,4573.89777885262,8963.57204095061,3382.91908155044,5980.73465925789,0,0,872.210389226808,706.624763626645,178.095775637817,349.883599340905,133.099263173678,235.834841823675,0,0,0,0,8.18925724237016,16.4669603891797,6.43744929661705,11.4512024868203,0,0,0,0,0,0,0,0,0,0,244.68333049428,208.103627391616,203.944609316028,442.729801574938,255.978393940648,520.995724075904,0,0,9.40108913494496,7.9956749109799,7.80969934240577,16.9431909525165,9.76532867405267,19.8698149765647,0,0,358.42823646378,303.021509133191,327.769743276784,754.686913609846,482.411285420388,1000.78867146806,0,0,13.7712948135143,11.6425729236074,12.5485916890287,28.8731956311895,18.4012047849987,38.156514691582,0,0,0,0,52.8525042015885,123.654458095297,66.2525911580347,127.508056975821,0,0,0,0,0,0,0,0,0,0,199.950388362089,92.4949928573539,697.108977677204,665.517716395866
"157",2003,1634,13,6435.67580489473,5279.39820040224,1490.06228045691,2874.59885961409,887.089895937097,1518.88818683397,0,0,0,0,0,0,0,0,0,0,0,0,2.45429962750507,4.85148598357095,1.66115718934967,2.85500981584346,0,0,0,0,0,0,0,0,0,0,3347.38758377775,2717.61778336537,592.000937665332,1192.83352959087,396.526640118353,741.151338445388,0,0,128.611984008076,104.415221167724,22.8156968937407,45.9777143927393,15.2786224767885,28.5568586897693,0,0,22668.1106738658,18338.7773534525,4576.29104748998,8967.82853682572,3396.19017084289,6010.39243705033,0,0,870.921671599993,704.60561785988,178.191592995472,350.059599444294,133.627914935404,237.018474775727,0,0,0,0,8.19957963654434,16.4882464928938,6.4678510808397,11.517566167713,0,0,0,0,0,0,0,0,0,0,245.642921447674,208.604334033472,205.284688063242,445.615832642996,258.618422676603,526.817346094176,0,0,9.437958521156,8.01491285177153,7.86124791739528,17.054161195013,9.86647228825605,20.0927405984654,0,0,356.942749778972,301.349754697589,328.389200538883,756.222348813698,485.23473584271,1007.77848612536,0,0,13.7142218790268,11.5783414014228,12.5725883490553,28.9325940163437,18.5095094895934,38.4243454684351,0,0,0,0,52.9607741471769,123.984104664419,66.6563575168896,128.441423076786,0,0,0,0,0,0,0,0,0,0,201.711260264693,93.3156046243223,708.140460682323,678.083031088439
"158",2003,1634,13.0833333333333,6415.31636998692,5257.57028684407,1489.08955163729,2872.19047437135,887.1928592482,1519.68322444852,0,0,0,0,0,0,0,0,0,0,0,0,2.45248730822377,4.84720749806385,1.66199124152714,2.85762914355037,0,0,0,0,0,0,0,0,0,0,3364.35695474813,2727.75848791698,596.527020032788,1202.04657295959,401.03029119475,750.416594271823,0,0,129.263974377654,104.8048432533,22.9901562782806,46.3328993466869,15.4521609867173,28.9138678412015,0,0,22634.9800267472,18286.6507994298,4578.70271163768,8971.98873941597,3409.2879849688,6039.67949605272,0,0,869.648983576354,702.602826693972,178.287981700328,350.231492179651,134.149670048514,238.187383132324,0,0,0,0,8.20997591957696,16.5094004943412,6.49795308551013,11.5832989108671,0,0,0,0,0,0,0,0,0,0,246.604979866175,209.104082586466,206.62607463865,448.4941169767,261.256765478962,532.62805974914,0,0,9.47492270913981,8.03411398132647,7.91284981930813,17.164842876494,9.96755976274262,20.3152683721978,0,0,355.482969463085,299.701193019388,328.999998534492,757.716049273538,488.025895260876,1014.68005611243,0,0,13.6581365900805,11.515000982955,12.5962583950418,28.990408726047,18.6165953023858,38.688842070965,0,0,0,0,53.0658899349573,124.304380026962,67.0552117672976,129.364848792703,0,0,0,0,0,0,0,0,0,0,203.483870764588,94.145986880427,719.302763824333,690.888789497027
"159",2003,1634,13.1666666666667,6394.96106460116,5235.85950971359,1488.0225774983,2869.60449267278,887.228378053613,1520.35253761363,0,0,0,0,0,0,0,0,0,0,0,0,2.4506970432702,4.8429405168024,1.66269142663961,2.86000205285335,0,0,0,0,0,0,0,0,0,0,3381.32568144619,2737.87967022806,601.0464694978,1211.23998809214,405.53952111814,759.706572270046,0,0,129.915939993259,105.193715263176,23.1643625617084,46.6873328159911,15.6259157019,29.2718319764158,0,0,22602.2113082656,18235.0225931895,4581.02541183262,8975.94871980957,3422.27700782396,6068.81260004749,0,0,868.390199675023,700.619182898415,178.380840329119,350.395385840554,134.667064462126,239.350111025971,0,0,0,0,8.22047579106318,16.5306403925283,6.52788196150776,11.6488205546753,0,0,0,0,0,0,0,0,0,0,247.571337646308,209.609299261463,207.973830317038,451.392821043753,263.911574924373,538.499722056571,0,0,9.51205208252666,8.05352520497329,7.96469839534069,17.2763129402432,10.0692834057535,20.5401384956385,0,0,354.04976824406,298.078167333902,329.604367086185,759.181116646417,490.794113415612,1021.53155838175,0,0,13.603072478383,11.4526416990553,12.6196869257465,29.0471404114112,18.722818699894,38.951459739336,0,0,0,0,53.168421862321,124.617646602603,67.4503959255981,130.282892716246,0,0,0,0,0,0,0,0,0,0,205.263425763019,94.9783670943296,730.566361672677,703.817247801111
"160",2003,1634,13.25,6374.60907553815,5214.26398755827,1486.86311868867,2866.8440621584,887.196253893575,1520.89579270815,0,0,0,0,0,0,0,0,0,0,0,0,2.44889953075098,4.83863476581105,1.66326077978047,2.86213276387531,0,0,0,0,0,0,0,0,0,0,3398.30024313013,2747.98717570801,605.561069672839,1220.41729468595,410.056020834441,769.024214447822,0,0,130.568129798354,105.582061787328,23.3383840633677,47.0411496229573,15.7999514779126,29.6308639014809,0,0,22569.7970209715,18183.8846879565,4583.26043998131,8979.71090768761,3435.15647227891,6097.78956113635,0,0,867.145031839359,698.654377302882,178.470219157764,350.55137477445,135.180066994335,240.506568965658,0,0,0,0,8.23103577616086,16.5518923268828,6.55763959996609,11.7141311986728,0,0,0,0,0,0,0,0,0,0,248.541764944988,210.119618362994,209.327046716184,454.309262021584,266.581366604542,544.427957112847,0,0,9.54933781040619,8.07313247210561,8.01675874228693,17.3884684679078,10.1715864278242,20.7671838346742,0,0,352.642328581159,296.480116815715,330.202309951716,760.618525456666,493.539411487114,1028.3344957129,0,0,13.5489981332688,11.391242001898,12.6428739346511,29.1028260112229,18.8281802930784,39.2122553861233,0,0,0,0,53.2684236491254,124.923995068209,67.8418780605963,131.195450473568,0,0,0,0,0,0,0,0,0,0,207.049955378516,95.8127662712172,741.931821429228,716.869549081714
"161",2003,1634,13.3333333333333,6354.25987337961,5192.78207628992,1485.61295912506,2863.9123924024,887.096361379328,1521.31277428535,0,0,0,0,0,0,0,0,0,0,0,0,2.44707098622475,4.8342492946793,1.66370151971948,2.86402438471652,0,0,0,0,0,0,0,0,0,0,3415.28589327768,2758.08581571024,610.072242135815,1229.58130855068,414.581102673597,778.371835925053,0,0,131.220745639953,105.970067685648,23.5122752275783,47.3944576127473,15.9743186501201,29.9910523867951,0,0,22537.7304912753,18133.2297566777,4585.40921579851,8983.27800402208,3447.92578327346,6126.60848782859,0,0,865.913223666117,696.708128389942,178.556173430268,350.699563900246,135.688653175564,241.656679032093,0,0,0,0,8.24162086118034,16.5730967449135,6.58722739845239,11.7792305826996,0,0,0,0,0,0,0,0,0,0,249.516069957064,210.634718770492,210.68496550392,457.24112625189,269.264900302717,550.408956449921,0,0,9.58677252334535,8.09292344475605,8.06900171895107,17.501220701668,10.2744213915526,20.9962589591874,0,0,351.259902162772,294.906524808197,330.793814545967,762.029128553509,496.261778870332,1035.09013932139,0,0,13.495884803946,11.3307820406934,12.6658187827997,29.1574977918465,18.932679463084,39.4712770589841,0,0,0,0,53.365942519775,125.223506410435,68.2296293434959,132.102422966995,0,0,0,0,0,0,0,0,0,0,208.843488174706,96.6492040191324,753.399654528062,730.046744043294
"162",2003,1634,13.4166666666667,6333.91315737989,5171.41232280729,1484.2738973865,2860.81273663901,886.928638678569,1521.60336981352,0,0,0,0,0,0,0,0,0,0,0,0,2.44519191597659,4.82975044893256,1.66401530550802,2.86567925795735,0,0,0,0,0,0,0,0,0,0,3432.28691324457,2768.17958207331,614.581124253294,1238.7342922912,419.115781365919,787.751257120741,0,0,131.873952014589,106.357886330958,23.6860796052914,47.7473434267482,16.1490561383801,30.3524672317153,0,0,22506.0056980481,18083.0510458736,4587.4732509002,8986.65290952621,3460.58448314698,6155.26772720003,0,0,864.694543820175,694.780176679778,178.638761970533,350.840065938569,136.192803905632,242.800372635959,0,0,0,0,8.25220249224021,16.5942050664759,6.61664640086579,11.8441181834364,0,0,0,0,0,0,0,0,0,0,250.494089884318,211.154315011756,212.046943733684,460.186393426909,271.961120558811,556.439362553486,0,0,9.62434996640301,8.11288715462464,8.12140261496647,17.6144921352315,10.377747934024,21.2272356838793,0,0,349.901797044069,293.356909409703,331.378858397343,763.413680567611,498.961185785094,1041.79957279846,0,0,13.443705905309,11.2712432999944,12.6885204483636,29.2111842499262,19.0363148472029,39.7285656253707,0,0,0,0,53.4610208499907,125.516254482255,68.613623521639,133.003715590687,0,0,0,0,0,0,0,0,0,0,210.644051496318,97.4876987833486,764.970328637765,743.349807511369
"163",2003,1634,13.5,6313.56883507806,5150.15344773352,1482.84774258128,2857.54838350223,886.693085097757,1521.7675659367,0,0,0,0,0,0,0,0,0,0,0,0,2.44324664513706,4.8251110877115,1.66420333361326,2.86709909402206,0,0,0,0,0,0,0,0,0,0,3449.30670935426,2778.27172962074,619.088599246268,1247.87801317883,423.660805091493,797.163853205116,0,0,132.527879798658,106.745642778782,23.8598310059229,48.0998747196924,16.3241926367694,30.7151611588778,0,0,22474.6172068905,18033.3423201597,4589.45413328267,8989.83869432339,3473.13223880623,6183.76584400715,0,0,863.488783509073,692.870282598631,178.718046583274,350.97300024049,136.692504959044,243.937589712971,0,0,0,0,8.2627578127965,16.6151784080325,6.64589734688942,11.9087932488461,0,0,0,0,0,0,0,0,0,0,251.47568727436,211.678153846786,213.412440340522,463.143307594407,274.669133387142,562.516224346426,0,0,9.66206485846418,8.13301387182412,8.17394063218707,17.7282154011448,10.4815318742878,21.460001363351,0,0,348.567372976192,291.83081987804,331.957411848028,764.77284702381,501.637588492029,1048.46370924241,0,0,13.3924368384804,11.2126084615499,12.7109776311125,29.2639104634106,19.1390845397718,39.9841554294511,0,0,0,0,53.5536968018303,125.802307016853,68.9938367637442,133.899238027054,0,0,0,0,0,0,0,0,0,0,212.451671589602,98.3282679253602,776.64427190256,756.779644200764
"164",2003,1634,13.5833333333333,6293.22699105396,5129.0043191733,1481.33630909903,2854.12264602202,886.389755970303,1521.80544037514,0,0,0,0,0,0,0,0,0,0,0,0,2.44122261860776,4.82030942232026,1.66426647604434,2.86828515942238,0,0,0,0,0,0,0,0,0,0,3466.34795823439,2788.36489891747,623.595340964065,1257.01382961988,428.2167022952,806.610629945793,0,0,133.182631832474,107.133438483849,24.0335552128396,48.4521034727252,16.4997484078067,31.0791727203403,0,0,22443.5600717984,17984.0977787646,4591.3535061839,8992.8385559088,3485.56882184826,6212.10158763398,0,0,862.295752704944,690.97822327128,178.794091236899,351.098491160812,137.187746215842,245.068277444577,0,0,0,0,8.27326853958645,16.6359857015667,6.67498074629089,11.9732548499167,0,0,0,0,0,0,0,0,0,0,252.460744793968,212.206009101286,214.780996416823,466.110333453128,277.388172630399,568.63692990673,0,0,9.69991269142381,8.15329490637492,8.2265981272156,17.8423315938207,10.5857439238921,21.6944563162392,0,0,347.256034115198,290.327831364205,332.529441561027,766.10721812609,504.290935967761,1055.0833169454,0,0,13.3420547106793,11.1548612019673,12.7331888880751,29.3156986220643,19.2409863494712,40.238075276691,0,0,0,0,53.6440052434027,126.081727067218,69.370247378309,134.788903834183,0,0,0,0,0,0,0,0,0,0,214.26637378502,99.1709278546657,788.421879467466,770.337098029641
"165",2003,1634,13.6666666666667,6272.88786304595,5107.96393268149,1479.74141253002,2850.53885306047,886.018758759977,1521.71715580753,0,0,0,0,0,0,0,0,0,0,0,0,2.43910987065886,4.81532813081995,1.66420537909999,2.86923841227962,0,0,0,0,0,0,0,0,0,0,3483.41271810578,2798.46121020872,628.101848134237,1266.14275721747,432.783817574916,816.092281636229,0,0,133.838287196172,107.521354909369,24.2072712956815,48.8040685246692,16.675736658057,31.4445285173691,0,0,22412.8297598548,17935.3119916567,4593.17305189712,8995.6557868884,3497.89409333947,6240.27386677826,0,0,861.115277251098,689.103790066915,178.866961437699,351.216666809611,137.678521072814,246.192389278735,0,0,0,0,8.28372012112703,16.6566022813913,6.70389693201866,12.0375019179442,0,0,0,0,0,0,0,0,0,0,253.449161240183,212.737677677087,216.152220311695,469.086122759128,280.117574715338,574.799154646523,0,0,9.7378895769263,8.17372245491928,8.27936003916341,17.9567889805497,10.6903587193831,21.9305118413142,0,0,345.96722342984,288.847540949382,333.09491301082,767.41731954993,506.921174564519,1061.65903951488,0,0,13.2925381203613,11.0979860404467,12.7551527299472,29.3665684427583,19.3420179789852,40.4903492048669,0,0,0,0,53.7319784317254,126.354574079044,69.7428356059339,135.672630143032,0,0,0,0,0,0,0,0,0,0,216.088182630465,100.015694129707,800.303518258784,784.022959241808
"166",2003,1634,13.75,6252.55182246467,5087.03139493989,1478.06486639963,2846.80034238068,885.580249762458,1521.50295473837,0,0,0,0,0,0,0,0,0,0,0,0,2.43690060154229,4.8101536455463,1.66402053369604,2.8699596001146,0,0,0,0,0,0,0,0,0,0,3500.50251927971,2808.56233981037,632.608472037155,1275.26552207802,437.362340690944,825.609237680219,0,0,134.494904686759,107.909456462081,24.3809926708229,49.1557976146614,16.8521646502909,31.8112449858058,0,0,22382.4220900173,17886.9798475343,4594.91447889848,8998.29374915907,3510.10799147085,6268.28172888863,0,0,859.947196510215,687.246786600857,178.936723731912,351.327658052573,138.164825965871,247.309884134543,0,0,0,0,8.29410108154002,16.677008775315,6.73264609802632,12.1015332718125,0,0,0,0,0,0,0,0,0,0,254.440848340704,213.272976264593,217.52577582968,472.069486904038,282.856758949191,581.000819009461,0,0,9.77599212343192,8.19428947440804,8.33221343642831,18.0715419493793,10.7953540671561,22.1680885981322,0,0,344.700418096864,287.389564485837,333.653792234081,768.703621503177,509.528251201411,1068.19141281435,0,0,13.2438669803001,11.0419682174036,12.7768676889346,29.4165375180211,19.44217714813,40.7409971328785,0,0,0,0,53.81764653654,126.620904716492,70.1115834564827,136.550337417467,0,0,0,0,0,0,0,0,0,0,217.917121992552,100.862581541412,812.289530638356,797.83797024852
"167",2003,1634,13.8333333333333,6232.21935743942,5066.20590959579,1476.30847935684,2842.91045462777,885.074431134386,1521.16315489843,0,0,0,0,0,0,0,0,0,0,0,0,2.43458881190796,4.80477553641053,1.66371233377141,2.87044934122857,0,0,0,0,0,0,0,0,0,0,3517.618442766,2818.66958635783,637.115440510474,1284.38260705983,441.952331812865,835.161703200647,0,0,135.152525838361,108.297793037632,24.5547280212403,49.5073091544155,17.0290346714964,32.179329952552,0,0,22352.333179956,17839.0965086695,4596.57951080806,9000.75585165383,3522.21052077971,6296.12434213801,0,0,858.791361321778,685.407026999569,179.00344527853,351.431597649042,138.64665995296,248.420725704954,0,0,0,0,8.30440245777273,16.6971901521808,6.76122833142068,12.1653476412668,0,0,0,0,0,0,0,0,0,0,255.435728002023,213.811738467322,218.901372108376,475.059373014668,285.605210732026,587.240051516897,0,0,9.8142173304855,8.21498957162099,8.38514712794669,18.1865500921258,10.900710300093,22.4071151925424,0,0,343.455125474211,285.953533901322,334.206047224703,769.966546712537,512.112115854736,1074.68087988876,0,0,13.1960223628724,10.9867935908998,12.7983323728472,29.4656216232067,19.5414616899802,40.9900354322242,0,0,0,0,53.9010380857477,126.880773563505,70.476474567181,137.421949244933,0,0,0,0,0,0,0,0,0,0,219.753215140343,101.711604186412,824.380237480824,811.78283073003
"168",2003,1634,13.9166666666667,6211.89105853001,5045.48676535565,1474.47405285259,2838.87252829293,884.501548280618,1520.69814523046,0,0,0,0,0,0,0,0,0,0,0,0,2.43217000015953,4.79918599760412,1.66328112043727,2.87070818677311,0,0,0,0,0,0,0,0,0,0,3534.76118625655,2828.78392637637,641.62287798837,1293.49429037836,446.55374262354,844.749692953933,0,0,135.811177457417,108.686402155686,24.7284820644828,49.8586137076692,17.2063448421814,32.5487839356486,0,0,22322.5594014586,17791.6573729836,4598.16987733524,9003.04553194891,3534.20174309835,6323.80098022674,0,0,857.647632288726,683.584334443539,179.067193498695,351.528619539246,139.124024363732,249.524881868978,0,0,0,0,8.31461734105981,16.717134942666,6.78964363735826,12.2289436852729,0,0,0,0,0,0,0,0,0,0,256.433730035379,214.353812362632,220.278755316976,478.054843826184,288.362467967201,593.515157605928,0,0,9.85256250134419,8.23581690944606,8.43815134437365,18.3017774322015,11.0064097567936,22.6475269840184,0,0,342.230879679175,284.539094983046,334.751648936083,771.206477289151,514.67272328914,1081.12780383304,0,0,13.1489863685863,10.9324485514993,12.8195455040182,29.5138349804818,19.6398696177536,41.2374774195194,0,0,0,0,53.982180322786,127.13423368665,70.8374940853379,138.287392162813,0,0,0,0,0,0,0,0,0,0,221.596484810222,102.562775529302,836.575940616386,825.858201945897
"169",2004,1634,14,6191.56391336699,5024.86144812495,1472.57084425884,2834.69976197351,883.799963957558,1519.95005173118,0.0638709857707091,0.156083543940096,0,0,0,0,0,0,0,0,0,0,2.42964360143933,4.79337590662533,1.66261072276913,2.87043765689943,0.000120157492868409,0.000294770186166749,0,0,0,0,0,0,0,0,3551.93156125491,2838.90423860051,646.131950039654,1302.60119689895,451.134832664653,854.284083814796,0.0326203740153517,0.0877736634079252,136.47089072319,109.07524073543,24.9022996106666,50.2097350490468,17.3828721489264,32.916172926388,0.00125690974728885,0.00338198145815596,22293.0969929712,17744.6407829404,4599.69831450299,9005.17493609598,3545.83331987338,6350.64944804626,0.25626638969575,0.652180746998551,856.515864887034,681.777876815106,179.128461357285,351.619188161711,139.587141871301,250.596218984704,0.0100883345012289,0.0257350448779702,0,0,8.32474967661728,16.7368222561058,6.81741427514555,12.2910396233515,0.00049274889600795,0.00126231965543325,0,0,0,0,0,0,0,0,257.435253140077,214.898484772657,221.658891846792,481.053766566505,291.109629863313,599.759449375543,0.0210231207869127,0.0615469374208145,9.89104295462661,8.25674408644689,8.49126307631285,18.4171422644279,11.1117309663028,22.8867791910018,0.000802457695070431,0.002348625917503,341.027297388725,283.145762480484,335.290953794538,772.423281709061,517.173792768757,1087.41918419532,0.0373799792856945,0.111678615634084,13.1027442700075,10.8789144550866,12.8405205705287,29.5611721720187,19.7360161498675,41.4790122175825,0.00142646762764175,0.00425991904250916,0,0,54.0611588984766,127.381242621499,71.1896401013098,139.13210112428,0.0051455341960326,0.0142892434773441,0,0,0,0,0,0,0,0,223.446374231008,103.416434003989,848.87306089675,840.070136212704
"170",2004,1634,14.0833333333333,6171.03052182763,5003.77878003419,1470.90596653575,2830.7927477425,880.32506693885,1512.14909112166,2.92781056736092,7.15174438313853,0,0,0,0,0,0,0,0,0,0,2.42715993592266,4.7872650622756,1.65672048547268,2.85684145964268,0.00551588487093511,0.0135219172146804,0,0,0,0,0,0,0,0,3569.20633385902,2848.99649297958,650.708295011904,1311.7593934391,454.343225897408,859.935831826391,1.54781369593319,4.1664447944666,137.134615111925,109.463001287897,25.0787064375564,50.5628226394864,17.5065060959957,33.1339584169763,0.0596395317965522,0.160536132319749,22263.8626001962,17697.2463477413,4601.62273591265,9007.49011261962,3546.42434150546,6348.1836576325,11.8249944502023,30.0955145531409,855.392856395741,679.956901810321,179.204955116859,351.716414933776,139.615488122275,250.510541689046,0.46556128368503,1.18769430758653,0,0,8.33523383602595,16.7558217209223,6.82398803891574,12.2964594497361,0.0228303206590853,0.0584820754361247,0,0,0,0,0,0,0,0,258.459130983278,215.421018585871,223.091291425169,484.002741255496,293.040056882613,603.148385393889,0.943890626807677,2.76556500412104,9.93038230717261,8.27682066318946,8.54637952416024,18.5306017566411,11.1858835109882,23.0170840955874,0.0360294145228565,0.105536462517948,339.842820038539,281.763008267882,335.838062588996,773.585270015491,518.04660887624,1088.63728502621,1.73163546141344,5.17072887072735,13.057236185321,10.8257867941706,12.8617975561803,29.606420647548,19.7700353817143,41.5270492044184,0.0660829593436627,0.197240116637856,0,0,54.140479526846,127.617546352478,71.3173613863801,139.329280801981,0.238806171608708,0.662755111363061,0,0,0,0,0,0,0,0,225.277900911082,104.286627721536,861.091875079868,854.629294046264
"171",2004,1634,14.1666666666667,6150.41450981993,4982.73274628279,1469.13607696153,2826.69342213745,876.845411286922,1504.36667222627,5.74436950341401,14.0257769953782,0,0,0,0,0,0,0,0,0,0,2.42461902208865,4.78105166024687,1.65081386401163,2.84326378715386,0.0108366565080988,0.026547388702306,0,0,0,0,0,0,0,0,3586.60054477284,2859.16735204704,655.311965544197,1320.96524780678,457.582966017749,865.642634995964,3.13964017370126,8.45445610596033,137.802928511521,109.853781958193,25.2561643272427,50.9177429999551,17.6313459665805,33.3538618802904,0.1209754862597,0.325757657032263,22234.8199695407,17650.196019166,4603.44251055329,9009.584241321,3547.01696445894,6345.76190392893,23.3573228816268,59.4500276659983,854.277214084493,678.149147979303,179.277322531453,351.804851937816,139.643706186504,250.426203715866,0.919699076681213,2.34638576919567,0,0,8.34569025800979,16.7747541050518,6.83058146831483,12.3019841294469,0.0452727795902253,0.115966333005304,0,0,0,0,0,0,0,0,259.484134205946,215.947020812027,224.522348546388,486.962234009101,294.965416997837,606.556079336067,1.81663887262608,5.32638769506672,9.96976489615022,8.29703050199083,8.60144666507411,18.6444693671689,11.2598485010768,23.1481149686544,0.0693451788325229,0.203265769799369,338.67215521983,280.39416784714,336.374806465591,774.706557276108,518.893047285363,1089.77739000363,3.42985456357337,10.2366007237448,13.0122587731584,10.7731937240769,12.8826804590554,29.6501195364886,19.8030552416504,41.5721245452879,0.130893733028245,0.390491246213001,0,0,54.2174907567562,127.847242404162,71.4413593787972,139.519678971364,0.474367672729642,1.31569413334375,0,0,0,0,0,0,0,0,227.116701267394,105.15894175301,873.390765914177,869.272837482361
"172",2004,1634,14.25,6129.72475608591,4961.72949460503,1467.2650431982,2822.40891017471,873.361222477908,1496.60325471377,8.51373704923875,20.7787976502712,0,0,0,0,0,0,0,0,0,0,2.42200220099228,4.77470069612286,1.64489161402651,2.82970591674086,0.0160810524916524,0.0393691402075653,0,0,0,0,0,0,0,0,3604.08721408327,2869.39536167315,659.934845664886,1330.2020903098,460.8459547317,871.388314688172,4.80525279030988,12.9439973200733,138.474794310571,110.246758444347,25.4343615870278,51.2738559115206,17.757080738696,33.575261917629,0.185155701501482,0.498747357407378,22205.9837594685,17603.4999691619,4605.16338630378,9011.46848949251,3547.61280930039,6343.38678306372,34.8557990440171,88.7229101448781,853.169501145591,676.355006144528,179.345786602953,351.884933230375,139.671862004385,250.343311536917,1.37259754315604,3.50208050703014,0,0,8.35610219306255,16.7935823292301,6.83719890318212,12.3076203313544,0.0678146834338481,0.173707024554747,0,0,0,0,0,0,0,0,260.510631570105,216.476571987936,225.952857506617,489.932293029148,296.887825426298,609.983470387734,2.64510590447069,7.75997464190211,10.0092048899959,8.31737669720266,8.65649496996852,18.7587470600492,11.3337069555986,23.2799082952577,0.100972802641977,0.296146166538643,337.516526300246,279.040473287317,336.902530771674,775.792083567868,519.715279753121,1090.84760687345,5.12701186550577,15.2948735186037,12.9678590373384,10.7211825828644,12.9032206427055,29.6924575244708,19.8351583425082,41.6145468703107,0.195667031478233,0.583463167728714,0,0,54.2922612193577,128.070489770591,71.5617196179621,139.703450965802,0.711798515242806,1.97302651715307,0,0,0,0,0,0,0,0,228.962784681449,106.033390320941,885.769602409621,884.001189071843
"173",2004,1634,14.3333333333333,6108.9692566104,4940.77443474993,1465.29650044135,2817.94590354116,869.872646456309,1488.85913787257,11.2361161247859,27.4114559160491,0,0,0,0,0,0,0,0,0,0,2.41929494911809,4.76818477098285,1.63895425450965,2.81616878913742,0.0212479300473713,0.0519856246166275,0,0,0,0,0,0,0,0,3621.64339962806,2879.66240585551,664.570168010945,1339.45605629586,464.125552339711,877.159700741384,6.5417382553137,17.6270498671147,139.149331034514,110.641234700575,25.6130382473366,51.6306287419981,17.8834553404406,33.7976525427698,0.25206850868171,0.679197891672195,22177.365877859,17557.1661378193,4606.79042092067,9013.15265912791,3548.21297741201,6341.05988215837,46.322849852769,117.921015307225,852.07017509146,674.574781376912,179.410543684831,351.957040102958,139.700001338077,250.261932404771,1.82434796050026,4.65503686693046,0,0,8.36645520613881,16.8122742335587,6.84384215975217,12.3133699237332,0.090451346357467,0.231697116672612,0,0,0,0,0,0,0,0,261.538870432901,217.009670306945,227.383301315982,492.912491846454,298.808744046075,613.430547008632,3.43454431980587,10.0807484977803,10.0487117925753,8.3378591794092,8.71154295530535,18.8734185505551,11.4075148112871,23.4124639780656,0.13111296672283,0.384728553100088,336.376931064212,277.702940675286,337.422410543147,776.846189408151,520.515299910395,1091.85525157064,6.81876782939814,20.3330527586284,12.9240753144763,10.6697924102094,12.9234629607055,29.7336003777775,19.8664205313036,41.6545946821139,0.260237287901368,0.77567927041606,0,0,54.3648519837408,128.287430848878,71.6785226076213,139.880742233757,0.951066967266473,2.63467289953698,0,0,0,0,0,0,0,0,230.816162698766,106.909987797036,898.228315884721,898.814776648046
"174",2004,1634,14.4166666666667,6088.15526014534,4919.8723518066,1463.23388248991,2813.31072022308,866.379768189678,1481.13449433844,13.9117216217426,33.9244303445119,0,0,0,0,0,0,0,0,0,0,2.41648614367732,4.76148276428525,1.63300212328348,2.80265307436213,0.0263363839459461,0.0643957232205366,0,0,0,0,0,0,0,0,3639.24956489143,2889.95317949292,669.212295764233,1348.71563398796,467.416330583575,882.946120965078,8.34615147966287,22.4954846962113,139.825788059171,111.036622680413,25.7919777044593,51.9876191158652,18.0102611768931,34.0206236140121,0.321600968584352,0.866797538418748,22148.9759128448,17511.2005899466,4608.32808888029,9014.64540210029,3548.81814762182,6338.78196996819,57.7607764633655,147.050844541539,850.979604307821,672.808706696011,179.47176760578,352.021509394926,139.728153514541,250.18210173769,2.27503684283005,5.80549986081607,0,0,8.37673694572339,16.8308021146776,6.85051120200934,12.3192312908172,0.113178669903094,0.289930300080361,0,0,0,0,0,0,0,0,262.568998618742,217.546248442116,228.8139210016,495.902052309314,300.729124691804,616.896594113578,4.18967293814588,12.3017238643525,10.0882912835465,8.35847536180068,8.76659984294628,18.9884540270756,11.4813084229336,23.5457548335926,0.159945953763817,0.469510033165471,335.254174018391,276.38239993334,337.935461984715,777.872667505005,521.294922310572,1092.80689415962,8.50139646619269,25.340373445823,12.8809385152,10.6190550930462,12.943446192866,29.773692915737,19.8969108399364,41.6925180801554,0.324462362612839,0.96672896209039,0,0,54.4353176717944,128.498193882959,71.7918442646862,140.051689260394,1.19214113855488,3.30055431618114,0,0,0,0,0,0,0,0,232.676848264201,107.788748411529,910.766879003463,913.7140162641
"175",2004,1634,14.5,6067.28938539751,4899.02750414595,1461.08044875624,2808.50935624953,862.882627502831,1473.42939893952,16.5407790100183,40.3184249020094,0,0,0,0,0,0,0,0,0,0,2.41356743470154,4.75457869669241,1.62703542348837,2.78915922839523,0.0313457117318784,0.0765986848894167,0,0,0,0,0,0,0,0,3656.88903135424,2900.25473215213,673.856533382683,1357.97127153391,470.71385906517,888.738959469068,10.2155449993364,27.5411461318731,140.503524569165,111.432424807506,25.9709994663169,52.3444598525822,18.1373279429752,34.2438439027854,0.393640004640211,1.06123342520613,22120.8215065707,17465.6078238988,4609.78037397417,9015.9544065975,3549.42865920259,6336.55316053809,69.1717509248572,176.118537549854,849.898082413824,671.056954935698,179.529613243733,352.078640696532,139.756334641315,250.103829460767,2.72474580617885,6.95370077438827,0,0,8.38693692278063,16.8491422781563,6.85720468649332,12.3252003981141,0.135993003484316,0.348400741186569,0,0,0,0,0,0,0,0,263.60108327899,218.086187939807,230.24477380045,498.89994703216,302.649529113959,620.380397735735,4.91472542613179,14.4346293219082,10.1279459429789,8.37922069319761,8.82166779384178,19.1038140850385,11.555109168347,23.6797344564887,0.187633505441186,0.550938572812016,334.14889462409,275.079520968622,338.44255452239,778.874812886151,522.055785320157,1093.70840816423,10.1717183764484,30.3076174301658,12.8384732088744,10.5689963702705,12.9632035039708,29.8128609225642,19.9266915851802,41.7285406200369,0.388220984971041,1.15626069326351,0,0,54.5037074437185,128.702895126874,71.9017563481352,140.21642044573,1.43498902102151,3.97059216348847,0,0,0,0,0,0,0,0,234.544855074663,108.669686014126,923.385288788489,928.699299069161
"176",2004,1634,14.5833333333333,6046.37771769365,4878.24370420758,1458.83930666748,2803.54752850713,859.381231905442,1465.74385215553,19.1235232360963,46.5941661303925,0,0,0,0,0,0,0,0,0,0,2.41053273673452,4.74746080589862,1.62105426002271,2.77568753939959,0.0362753844978249,0.0885940746194796,0,0,0,0,0,0,0,0,3674.547525934,2910.55609143972,678.498970029947,1367.21505141589,474.01452955664,894.531292768563,12.1469928689635,32.7559203861449,141.181992169841,111.828219504953,26.1499531508762,52.7008464855719,18.2645168878683,34.4670471417162,0.468073323684003,1.2621941682316,22092.9086645343,17420.3910267706,4611.15084575991,9017.08655099561,3550.04457956583,6334.37304660095,80.5578147794473,205.12986798634,848.825840147217,669.319648549127,179.58421947698,352.128702294452,139.784550230141,250.02710517644,3.17355150909061,8.09985698390891,0,0,8.3970463034121,16.8672746139186,6.86392036877648,12.3312715834775,0.158891037259435,0.407102900536979,0,0,0,0,0,0,0,0,264.635126364427,218.629330901581,231.675779085773,501.904979278634,304.570223230264,623.880403173523,5.61349486088454,16.490020000825,10.1676758458312,8.40008910688853,8.87674367117119,19.2194527950793,11.6289270668945,23.8143432982339,0.214320524589346,0.62941729911474,333.061590915349,273.794835665406,338.944423118908,779.855470197871,522.79935770747,1094.56502203502,11.8270405594096,35.2269485653602,12.7966985310384,10.5196366777175,12.9827629132341,29.851212952486,19.9558186126453,41.7628612604113,0.451410453803002,1.34397566107733,0,0,54.57006583421,128.901640683026,72.0083268591919,140.37505692163,1.67957851656643,4.64470814959767,0,0,0,0,0,0,0,0,236.420197062189,109.552813891317,936.083553941017,943.770982367722
"177",2004,1634,14.6666666666667,6025.425889314,4857.52438564088,1456.51343039416,2798.4307104423,855.875567033044,1458.07779930254,21.6601978488268,52.7524008772158,0,0,0,0,0,0,0,0,0,0,2.40737781408207,4.74012078968118,1.61505866833437,2.76223816571351,0.0411250221676528,0.10038172977304,0,0,0,0,0,0,0,0,3692.2128040357,2920.84794964502,683.136349131253,1376.44041876016,477.315410532543,900.31758806149,14.1376100075555,38.1317914202278,141.860720404278,112.223649155624,26.3287134854909,53.0565268462933,18.3917152372926,34.690020454652,0.544790162098983,1.46937202634092,22065.2420136699,17375.5522869351,4612.44272314749,9018.04803175986,3550.665759808,6332.24080893439,91.9208791999546,234.090243378804,847.763055280145,667.596867774774,179.635711638919,352.171936114253,139.812797350543,249.951902404755,3.62152565284331,9.24417193904135,0,0,8.40705771671957,16.8851821991252,6.87065540710814,12.3374381445291,0.181869719640444,0.466031401235313,0,0,0,0,0,0,0,0,265.671077402745,219.175489516669,233.106754726179,504.915845260401,306.491251426599,627.394837128843,6.28937465100127,18.4773815918354,10.2074790528825,8.42107338688229,8.93182043643454,19.3353200964815,11.7027636324451,23.9495133633442,0.24013663843027,0.705308472375484,331.992639440213,272.528756555093,339.441680532054,780.817078157025,523.526947659674,1095.38137110826,13.4651021295844,40.0917634518748,12.7556289495743,10.4709918654938,13.0021477620946,29.8888420271845,19.9843416355984,41.7956563333136,0.513944563478202,1.52962210842577,0,0,54.6344334653855,129.094528072137,72.1116204113291,140.527713305291,1.92587745628085,5.32282424115663,0,0,0,0,0,0,0,0,238.302887980411,110.438144627934,948.86168542928,958.929383805342
"178",2004,1634,14.75,6004.43914680559,4836.87265956598,1454.10567664938,2793.16416209395,852.365605194268,1450.43114632285,24.1510543049173,58.7938944762974,0,0,0,0,0,0,0,0,0,0,2.40409993863176,4.73255317938291,1.6090486375574,2.7488111674518,0.0458943724618108,0.111961722671235,0,0,0,0,0,0,0,0,3709.87433279562,2931.1224007578,687.765958823727,1385.64195283832,480.614125816201,906.093451264963,16.1845677546805,43.6608862273351,142.539304583008,112.618409997963,26.5071761067946,53.4112923032455,18.5188315397766,34.9125946933632,0.623681886408978,1.68246464876097,22037.8250195881,17331.0927725909,4613.65892773683,9018.84447062827,3551.29188063715,6330.15530665102,103.262726330028,263.004708418662,846.709860965713,665.888657496529,179.684203577346,352.208561862731,139.8410664111,249.878182085722,4.06873502837328,10.38683527647,0,0,8.41696507985821,16.9028509337421,6.8774065927147,12.3436927811343,0.204926193088607,0.52518093330469,0,0,0,0,0,0,0,0,266.708844131008,219.724453892965,234.537446071834,507.931182917824,308.412495590044,630.921802422537,6.94539605512377,20.4052262616481,10.2473520192487,8.4421654687876,8.98688826263403,19.451363671808,11.7766141403111,24.0851718524415,0.265197631975098,0.778937149648925,330.942312261027,271.281592814325,339.934829212721,781.761711028353,524.239713126844,1096.16154852309,15.0840253682613,44.8965563220596,12.7152749178802,10.4230738126505,13.0213771686325,29.9258272204039,20.012304626064,41.8270814782761,0.575751733790471,1.71299016317119,0,0,54.6968476565139,129.281647578601,72.2116985677479,140.67449838487,2.17385361459715,6.00486261199791,0,0,0,0,0,0,0,0,240.192941072657,111.325690003114,961.719689490042,974.174777799368
"179",2004,1634,14.8333333333333,5983.42240798704,4816.29136224087,1451.61879815083,2787.75295560827,848.851312427136,1442.80377290697,26.5963514029921,64.7194292514897,0,0,0,0,0,0,0,0,0,0,2.40069760494574,4.72475481648163,1.60302412919074,2.73540653297259,0.0505832928369229,0.123334328341604,0,0,0,0,0,0,0,0,3727.52302212799,2941.37271739562,692.385539109363,1394.8151731486,483.908752423458,911.855414719427,18.2851064149076,49.3355116786708,143.2173954504,113.012243555179,26.6852540005799,53.7649703260219,18.6457917485784,35.1346362943686,0.70464247815739,1.90117649871544,22010.6601713279,17287.0128833445,4614.80212898321,9019.48100526896,3551.92249067456,6328.1151523823,114.585011513342,291.87795075834,845.666352836315,664.195033067729,179.729799398386,352.238780531907,139.869342645565,249.80589549695,4.51524159775832,11.5280230309749,0,0,8.42676343802019,16.9202692049612,6.88417052398146,12.350027927181,0.228057743997822,0.584546185300306,0,0,0,0,0,0,0,0,267.748301423211,220.275998542397,235.967549191259,510.949610194936,310.333722282261,634.459351532909,7.58426273703701,22.2811814553101,10.2872899373941,8.4633566889912,9.04193542682319,19.5675304182878,11.8504694389686,24.2212439919408,0.289606768326448,0.850594576929201,329.910791612897,270.053564133321,340.424272750264,782.691117323502,524.938672933622,1096.90915457131,16.6822713244649,49.6367960289367,12.6756434380675,10.3758909600267,13.0404664649718,29.9622351370044,20.0397462364544,41.8572735193096,0.636773313655509,1.89390713965653,0,0,54.7573429501171,129.463083413376,72.3086201503081,140.815515745781,2.42347471955514,6.69074559381538,0,0,0,0,0,0,0,0,242.09036880453,112.215460913077,974.657562465203,989.507393637288
"180",2004,1634,14.9166666666667,5962.38030918444,4795.78309459326,1449.05545485957,2782.20199645995,845.332654147718,1435.19554309845,28.9963548328124,70.5298033106908,0,0,0,0,0,0,0,0,0,0,2.39717029925036,4.71672442635773,1.59698509163839,2.72202420048451,0.0551917352801292,0.134499997231964,0,0,0,0,0,0,0,0,3745.15100114741,2951.59316557115,696.993204918303,1403.95637847069,487.19773664866,917.600762625671,20.4365449283975,55.1481832993681,143.894690594448,113.40492951831,26.8628745513298,54.1174183129074,18.7725360027006,35.3560405818476,0.787568908344634,2.12521996694516,21983.7491352371,17243.3123762024,4615.8747815928,9019.96236422001,3552.55703753605,6326.11877315966,125.889266326548,320.714309087495,844.632594915886,662.515985151981,179.772594910582,352.262777295912,139.897607319457,249.734986617554,4.96110260697934,12.6678979351628,0,0,8.43644881997048,16.9374275820146,6.89094372964269,12.3564359819247,0.251261765545447,0.644121800599958,0,0,0,0,0,0,0,0,268.789298599125,220.829887593222,237.396728739262,513.969753530768,312.254618870839,638.005540505324,8.20838230948344,24.1120714291916,10.3272870179486,8.48463798492266,9.09694899661005,19.6837675436383,11.9243173379111,24.3576551097185,0.313455994042632,0.920541304000027,328.898182333337,268.84481255409,340.910326764622,783.606755563783,525.624718401584,1097.6273440136,18.258599970766,54.3088151828655,12.6367385385238,10.3294487650927,13.0594276137986,29.9981212803627,20.0667002418166,41.8863522667348,0.696962058841106,2.07223330423263,0,0,54.8159515571468,129.638914700131,72.4024415188235,140.950864335595,2.67470845967223,7.38039562965277,0,0,0,0,0,0,0,0,243.995182657365,113.107467318992,987.675287315317,1004.92741506849
"181",2005,1634,15,5940.96806261343,4774.93202163449,1446.39740233581,2776.55390869745,840.562788209931,1424.53170098986,32.6401971500898,79.3602713929898,0,0,0,0,0,0,0,0,0,0,2.39357291924135,4.70855759574571,1.58857567874514,2.70283091876924,0.0621569135918223,0.151408928659917,0,0,0,0,0,0,0,0,3762.80979830606,2961.8113978225,701.568862940458,1413.07566536286,489.758270911651,921.347547051758,23.3961901220147,63.1431734965995,144.573169820689,113.797530342089,27.0392675116053,54.4690273817207,18.8712127870677,35.5004401281998,0.901641693959761,2.43336347012826,21957.0388096157,17199.7865560377,4616.75493854126,9020.33378998527,3547.92809775631,6310.53319366708,142.624254233678,363.420434868475,843.606546674193,660.843649039501,179.807963548089,352.282407186152,139.718423583641,249.127242964093,5.62089687850904,14.355474908931,0,0,8.44620540262307,16.9546549819903,6.88750166150958,12.3362670970587,0.285127625826095,0.731121891571773,0,0,0,0,0,0,0,0,269.839302417516,221.387819649089,238.846709406394,517.034311183842,313.753462823682,640.251241329068,9.29456046206623,27.29424888155,10.3676301441029,8.50607461967739,9.15276107927003,19.8017099195137,11.9820523764867,24.4444232458152,0.354954060205794,1.04208880400862,327.908495314203,267.65798684785,341.396884755875,784.520828569439,525.516304709736,1095.94594696348,20.6198902043106,61.3264646786882,12.5987143238348,10.283848997875,13.0784092309982,30.0339521324685,20.0633284920142,41.8238663120676,0.787123162409076,2.34008666240191,0,0,54.874011816017,129.811802862018,72.3856216632245,140.776253917449,3.03888377796878,8.38437092595417,0,0,0,0,0,0,0,0,245.893939189941,113.9924409027,1000.67771010104,1020.26891486019
"182",2005,1634,15.0833333333333,5919.08516235763,4753.64472338973,1443.62460936076,2770.77593964429,834.471384827052,1410.64843357598,37.6071647083996,91.3866911361947,0,0,0,0,0,0,0,0,0,0,2.38988579948026,4.70025176743369,1.57766284648425,2.67751084516948,0.0716393363615156,0.174415811574459,0,0,0,0,0,0,0,0,3780.6024265666,2972.10498774915,706.141877728422,1422.23542168007,491.551492154206,922.965904865246,27.2902962661685,73.6543826525206,145.256791051883,114.193026528264,27.2155607916797,54.8221947952702,18.9403219249567,35.562826126378,1.05172595290689,2.83847333421395,21930.4170320661,17156.3293319612,4617.4105656563,9020.55451667898,3537.64079641342,6280.35066810483,165.245915506402,421.104854364886,842.583898697437,659.173948547544,179.834669186967,352.296096610396,139.316183497681,247.942734935688,6.51264089159741,16.6346597838696,0,0,8.4559389158494,16.9719154516649,6.87307070665168,12.2875120597243,0.330669982504095,0.848035858343921,0,0,0,0,0,0,0,0,270.897937324068,221.949212391692,240.315110429049,520.141254690226,314.782046553463,641.057465424,10.8457374444959,31.8341860169843,10.4083048864639,8.52764421965395,9.20928025333903,19.9212797273434,12.021832258185,24.4762371373897,0.414214644677692,1.21548847210872,326.934548997473,266.486884522176,341.878652088131,785.421092506488,524.539578299045,1091.65156943963,23.8396658398919,70.894594320707,12.5612948686064,10.2388533486601,13.0972083533399,30.0692586892662,20.0268087471399,41.6616629603593,0.910066191319154,2.70529358495415,0,0,54.9314873341554,129.981637409758,72.2489116905328,140.266293383763,3.5270344588017,9.7315296400596,0,0,0,0,0,0,0,0,247.785325406808,114.869453733877,1013.63604440485,1035.48154005334
"183",2005,1634,15.1666666666667,5897.10268914524,4732.3702693076,1440.75724387933,2764.82051098562,828.445633464107,1396.96899789196,42.4661193210876,103.123494579708,0,0,0,0,0,0,0,0,0,0,2.38604003901698,4.69169025779467,1.56686574030177,2.65255465533441,0.0809346506456088,0.196908388139903,0,0,0,0,0,0,0,0,3798.46666507399,2982.43888551454,710.733607644525,1431.42277279487,493.371235623678,924.633889949444,31.2982269964471,84.4631145168891,145.943163663278,114.590071406062,27.3925729289942,55.1764222890338,19.0104520283105,35.62712268843,1.20620202552106,3.25506330900675,21903.9250482968,17113.1488690347,4617.97681779621,9020.57515979424,3527.52252487508,6250.65567779873,187.748606458694,478.422514490743,841.566236030671,657.514881705273,179.857840225374,352.301822648791,138.920363362918,246.776944622034,7.39983730414365,18.8996749649184,0,0,8.46542673436623,16.9888278789027,6.85895430888742,12.2396373718236,0.376244816352092,0.964905365041073,0,0,0,0,0,0,0,0,271.956760254488,222.511845643609,241.777331201731,523.24167632089,315.803251130953,641.860191421954,12.3318225192007,36.1776608452829,10.4489868508421,8.54926148205323,9.26556416904324,20.0406042176991,12.0613337773391,24.5079201841014,0.470994733924015,1.38140344404756,325.971099504899,265.327931591763,342.351182464203,786.295076747418,523.557418538871,1087.36356589309,27.0239914113113,80.3344894539401,12.5242786958585,10.1943244991927,13.1156549586267,30.1035635791634,19.9900829798289,41.4996988688909,1.03166330598088,3.06563145736689,0,0,54.9869207522286,130.145570635339,72.1110334013374,139.757015691861,4.01686796034372,11.0800927675877,0,0,0,0,0,0,0,0,249.68411784147,115.748690072802,1026.64757732861,1050.73544598164
"184",2005,1634,15.25,5875.03377350172,4711.1182224782,1437.80001239435,2758.69646709913,822.484883938304,1383.49072246692,47.2182848353793,114.574765979275,0,0,0,0,0,0,0,0,0,0,2.3820369213464,4.68286749729301,1.55618149552973,2.62795554840736,0.0900430574765225,0.218890350924296,0,0,0,0,0,0,0,0,3816.3673158526,2992.78564185441,715.333516501122,1440.61669570049,495.207484598118,926.332498368584,35.4139260640823,95.5520791798543,146.630935292363,114.987610330854,27.5698992380152,55.5309022610801,19.0812182344058,35.6925996324458,1.36483737288803,3.68246946523973,21877.5830066073,17070.2596423213,4618.46023506874,9020.40855856674,3517.57299135931,6221.44466469114,210.137439015819,535.388879398942,840.554332791492,655.86700466781,179.877730998187,352.300085545996,138.53095777753,245.629746291629,8.28267959613655,21.1511084284709,0,0,8.47469092100242,17.0054020769576,6.84514729089631,12.1926307594102,0.421847325595463,1.0817255540603,0,0,0,0,0,0,0,0,273.015993167476,223.075777166422,243.23436628434,526.336573644281,316.819278699757,642.662647802202,13.7605172583963,40.3463337945755,10.4896845652439,8.57092862616689,9.32165097142109,20.1597216410914,12.1006411034081,24.5395958743943,0.525588600876891,1.54066110773661,325.019995490435,264.182707605158,342.816188608501,787.147586864421,522.572963982615,1083.0896082603,30.1678202204693,89.6320252497842,12.4877368338735,10.15032313825,13.1338145166868,30.1370504307536,19.9532707852324,41.3382663551099,1.1517218692281,3.42056111208876,0,0,55.0403615706659,130.303753904859,71.9721137417812,139.24865022473,4.50832877122973,12.4299455905946,0,0,0,0,0,0,0,0,251.590318730952,116.63015499999,1039.71204044357,1066.0305518821
"185",2005,1634,15.3333333333333,5852.89031370925,4689.89712727817,1434.75730622383,2752.41205869806,816.588373407162,1370.21073992551,51.8648979967025,125.744598657645,0,0,0,0,0,0,0,0,0,0,2.37787873524236,4.67378110450886,1.54560753858547,2.60370705130326,0.0989650466703141,0.240365885046174,0,0,0,0,0,0,0,0,3834.27459174921,3003.12219962207,719.932884266394,1449.79985067967,497.052223390615,928.04669655753,39.6313515832997,106.904043081385,147.318961469076,115.384757410193,27.7472047004728,55.8849684141199,19.1523124715999,35.7586791514189,1.52739993115187,4.12002982317924,21851.4073822431,17027.6731904268,4618.86645383733,9020.06578139323,3507.79123603662,6192.71284725232,232.417268413249,592.018644870143,839.54882197533,654.230760766847,179.894560903602,352.29131701402,138.147935236271,244.50096628332,9.16135153737096,23.3895190574851,0,0,8.48374890044826,17.0216443531916,6.83164300151788,12.1464765041873,0.467473121163401,1.19849158170236,0,0,0,0,0,0,0,0,274.075719165453,223.640964283139,244.686817551049,529.426269182784,317.831583311459,643.466763278246,15.1387292685074,44.3597231823568,10.5304012225946,8.59264401227615,9.37756372064779,20.2786443082481,12.1398096948294,24.5713377849214,0.578260165112987,1.69400697459336,324.082762575432,263.052508378578,343.275135485957,787.98273083272,521.588970100633,1078.83636367679,33.2670024608105,98.7756362131401,12.4517278995724,10.106899053158,13.1517430201749,30.1698761944664,19.9164771568021,41.177619452927,1.27008349444507,3.76964109199523,0,0,55.0918563888164,130.45632545092,71.8322689272215,138.74140490548,5.00136244804442,13.7809774172754,0,0,0,0,0,0,0,0,253.503931296242,117.513853593032,1052.8292280649,1081.36682226454
"186",2005,1634,15.4166666666667,5830.68313986913,4668.714645204,1431.63323928781,2745.97501543927,810.755251411445,1357.12603324678,56.4072049539853,136.637086126967,0,0,0,0,0,0,0,0,0,0,2.37356854824929,4.66443127246086,1.5351415268612,2.57980294748564,0.107701359857177,0.261339600979312,0,0,0,0,0,0,0,0,3852.16334024142,3013.4292559069,724.524531902963,1458.95802119687,498.899103825494,929.764746159488,43.9445292428616,118.501979114372,148.006275793283,115.780770995384,27.9242134187835,56.2380742853768,19.223490671219,35.8249099242829,1.69366016000936,4.56709013127452,21825.41150912,16985.3985489571,4619.20034044702,9019.55639150814,3498.17575936067,6164.45447064549,254.592685656997,648.32571935045,838.550215884812,652.606497164783,179.908519565792,352.275890500862,137.771243106914,243.390392714175,10.0360268846979,25.6154358746206,0,0,8.49261438713492,17.0375584769662,6.81843381314749,12.1011565863921,0.513118107852834,1.31519843814426,0,0,0,0,0,0,0,0,275.13590857094,224.207284249083,246.134979134855,532.51056681755,318.841041289049,644.273479213692,16.4726352520044,48.2353665525753,10.571135682635,8.61440292433353,9.43331365353,20.3973645957847,12.1788728391418,24.6031815775297,0.629245402116253,1.8421108417483,323.160644296717,261.938382110387,343.729258168761,788.803979532664,520.607830015966,1074.6095697762,36.3181884542412,107.756046333978,12.4162996717942,10.0640925173681,13.169487664794,30.2021734493268,19.8797932655307,41.0179767596878,1.38662034790352,4.11251734157202,0,0,55.1414490943389,130.603411911492,71.6916055091009,138.235468258611,5.49591550882748,15.133081096671,0,0,0,0,0,0,0,0,255.424958919236,118.399790590825,1065.99897486533,1096.74424511848
"187",2005,1634,15.5,5808.42215515471,4647.57767170101,1428.43168111205,2739.39260914209,804.984600338235,1344.23347335064,60.8464586198951,147.256315624767,0,0,0,0,0,0,0,0,0,0,2.36911002393482,4.654820263542,1.52478130096253,2.55623722187129,0.11625295764087,0.281816474871967,0,0,0,0,0,0,0,0,3870.01237735076,3023.69071611788,729.102585974837,1468.07963475547,500.743164626606,931.477638180639,48.3475918027255,130.32917806412,148.692064342656,116.175032706502,28.100699592626,56.5897748777277,19.2945620067001,35.8909454156172,1.86339256488381,5.02300816103483,21799.6060363454,16943.4426213522,4619.46610562214,9018.88867390977,3488.7246284349,6136.66301257835,276.668016460058,704.323223201453,837.558923669751,650.994479102748,179.919771252183,352.254129963116,137.400811758025,242.297783474615,10.9068693292115,27.829357978534,0,0,8.5012981391311,17.0531464336405,6.80551150158776,12.0566515584755,0.558778394237923,1.43184082849504,0,0,0,0,0,0,0,0,276.196440716724,224.774551131541,247.578906488947,535.588878202125,319.848087910785,645.082998690633,17.767742498974,51.9889798464393,10.6118833091347,8.63619821850635,9.48890283543947,20.5158598009198,12.2178469003377,24.6351345643156,0.678754693022455,1.98557287290545,322.254638030365,260.841161023024,344.179580508289,789.614226013049,519.631598432778,1070.41411146737,39.3187397650331,116.566020207368,12.3814904715352,10.0219355061899,13.1870875613208,30.2340526645292,19.8432973645352,40.859524346745,1.50123175228075,4.44891369956233,0,0,55.1891810660248,130.745129721211,71.5502213500146,137.731011305182,5.99193534250622,16.4861526051058,0,0,0,0,0,0,0,0,257.353404507266,119.287970141998,1079.22113879046,1112.16281565679
"188",2005,1634,15.5833333333333,5786.11649378882,4626.49246681455,1425.1562938047,2732.67172454818,799.275458083948,1331.52986072744,65.1839158394399,157.606361170508,0,0,0,0,0,0,0,0,0,0,2.36450722367446,4.64495185546534,1.51452483420003,2.53300400431246,0.124620981835194,0.301801779466115,0,0,0,0,0,0,0,0,3887.80374084905,3033.89308253029,733.662214706226,1477.15522550988,502.580519372337,933.178465005597,52.8348215292132,142.369368543101,149.375636979662,116.567023939377,28.2764774005763,56.9397060567018,19.3653769263278,35.9565197902046,2.03637733338743,5.4871583322417,21773.9994405937,16901.8105945762,4619.66743248202,9018.06988920891,3479.4355947391,6109.33141051119,298.647322218062,760.023494005493,836.575271013085,649.394905872097,179.928459816931,352.2263196801,137.036559128692,241.222875055613,11.7740325199751,30.0317547074781,0,0,8.50980877554965,17.068409219318,6.79286764097143,12.0129414537445,0.604450200779868,1.54841306658364,0,0,0,0,0,0,0,0,277.257128206175,225.342534533389,249.01849172137,538.66036035706,320.852864753688,645.895053928248,19.0289620624106,55.6346474859075,10.6526369020121,8.65802104256816,9.54432705339059,20.6340974261357,12.2567369757368,24.6671859782011,0.726975621109766,2.12493086099368,321.365535726636,259.761497242886,344.626938358695,790.415856862902,518.662022697507,1066.25411547585,42.2666253236788,125.20007168049,12.3473307270396,9.98045307535441,13.2045746218182,30.2656049242377,19.8070559660458,40.7024193480236,1.61384021730059,4.7786207688591,0,0,55.2350914274488,130.881586719488,71.408206745396,137.228189750555,6.48937010692252,17.8400905780708,0,0,0,0,0,0,0,0,259.289269804726,120.178395536734,1092.49558326823,1127.62251966704
"189",2005,1634,15.6666666666667,5763.77460869908,4605.46472781664,1421.81055267666,2725.81889863805,793.626830121347,1319.01194769763,69.4208358651917,167.691279884597,0,0,0,0,0,0,0,0,0,0,2.35976451252376,4.63483106295722,1.50437021064277,2.51009754830742,0.132806732884589,0.321301042263073,0,0,0,0,0,0,0,0,3905.52227605941,3044.02511554021,738.19948252368,1486.17713798764,504.408188594116,934.86208405085,57.4006705888358,154.606774869544,150.056411437381,116.956312850454,28.4513954226318,57.2875731888969,19.4358207118432,36.0214350083613,2.21240112379874,5.95893395067782,21748.5983108576,16860.5061696775,4619.80754671402,9017.10641254533,3470.30615607578,6082.45218017617,320.534404672127,815.438101401922,835.599511071335,647.807919672912,179.934711411474,352.192709626095,136.678393135823,240.165387159682,12.6376602342661,32.2230661832671,0,0,8.51815316526892,17.0833471658462,6.78049375247942,11.9700061285262,0.650129827781947,1.66490907258171,0,0,0,0,0,0,0,0,278.317729914293,225.910969489386,250.453500734307,541.723982818473,321.855288855696,646.709029804354,20.2606581635059,59.1849520794747,10.6933871968559,8.67986121613017,9.59957724282922,20.7520377593543,12.2955395519751,24.6993117188171,0.774074860390708,2.26066518538118,320.493947400666,258.699883552531,345.071996883626,791.210801173369,517.700568965897,1062.13302090855,45.160355049806,133.654276595397,12.313843876344,9.93966415834722,13.2219742210817,30.2969037987684,19.7711248377459,40.5467926467706,1.72438890323662,5.10148876277819,0,0,55.2792172452111,131.01288314182,71.2656451163987,136.727145361291,6.98816865826827,19.1947960058502,0,0,0,0,0,0,0,0,261.232555070477,121.071069090691,1105.82217026443,1143.12332762956
"190",2005,1634,15.75,5741.40436239129,4584.49966444365,1418.39776771049,2718.84036152492,788.03770181761,1306.67646108116,73.5584788999894,177.515108496203,0,0,0,0,0,0,0,0,0,0,2.35488646198632,4.62446384978588,1.49431560260023,2.48751220931627,0.140811646362103,0.340320001990063,0,0,0,0,0,0,0,0,3923.15520530689,3054.07748206079,742.711198939049,1495.13921927281,506.223926503836,936.52477127192,62.0397806225019,167.026172728713,150.733896777108,117.34254084761,28.6253308455417,57.6331393374949,19.50580683081,36.085547531633,2.39125782249111,6.43774936191828,21723.407644658,16819.5318012127,4619.88928945802,9016.00387778641,3461.33362030833,6056.0175371934,342.332811990675,870.577866002479,834.631835855259,646.23361481303,179.938637299981,352.153521047224,136.326214151546,239.125027433407,13.4978866020651,34.4037040111265,0,0,8.52633682918524,17.0979602748726,6.76838145717272,11.9278256148016,0.695813622865068,1.78132237275923,0,0,0,0,0,0,0,0,279.377964401775,226.47956664865,251.883611232098,544.77859614572,322.855123381771,647.524089686538,21.4667006719352,62.6511125185811,10.734123380315,8.70170762186824,9.65464094782574,20.8696365064269,12.3342452186627,24.731479187016,0.820200181823995,2.39320408998865,319.640325742745,257.656675102364,345.515269101927,792.000582774345,516.748449993301,1058.05365367956,47.9989101301572,141.926075847178,12.2810473128374,9.89958240060576,13.2393059056048,30.328007341291,19.735550061305,40.3927517100636,1.83283895665876,5.41741998152967,0,0,55.3215937368957,131.139112654829,71.1226137327816,136.228007398564,7.48828048456241,20.5501719359743,0,0,0,0,0,0,0,0,263.183258755183,121.965992031048,1119.20075330091,1158.66518889154
"191",2005,1634,15.8333333333333,5719.0131116909,4563.60206904079,1414.92110366711,2711.74207470149,782.507049697094,1294.52012290038,77.598104831821,187.081860346002,0,0,0,0,0,0,0,0,0,0,2.34987776049426,4.61385686245854,1.48435925018253,2.46524242548061,0.148637270880906,0.35886456765567,0,0,0,0,0,0,0,0,3940.69172562,3064.04242748753,747.194777687423,1504.0365320811,508.026060946137,938.163901837024,66.7469989434901,179.61293535289,151.407677931402,117.72540998654,28.7981840610835,57.9762142583548,19.5752707960554,36.1487560702306,2.57274917165955,6.92304174088896,21698.4311249969,16778.8889206727,4619.91518523814,9014.76731180709,3452.51516397445,6030.01950849724,364.045846093919,925.452881758497,833.672386870651,644.672046292465,179.940336483696,352.108951655216,135.979917282144,238.101495805145,14.3548363788191,36.5740521136792,0,0,8.53436431175481,17.1122485219132,6.7565226145643,11.8863804410559,0.741497952143118,1.89764610375611,0,0,0,0,0,0,0,0,280.437522281835,227.048021616987,253.30844731147,547.82299395652,323.852041702683,648.339288940038,22.6505158151745,66.0431178678616,10.7748335652515,8.72354856447018,9.70950365001013,20.9868471750508,12.372841128971,24.763651645799,0.865482391932934,2.52292880095737,318.804989390366,256.632109917878,345.957133954695,792.786370803401,515.806651987038,1054.01829775004,50.7816767584371,150.014087835859,12.2489532794054,9.86021694744085,13.25658408446,30.3589600212559,19.7003690556972,40.2403833029762,1.93916697856873,5.72636164783388,0,0,55.3622544685365,131.260363329177,70.9791843939985,135.730893967182,7.98965564928331,21.906123210858,0,0,0,0,0,0,0,0,265.141377219131,122.863164400179,1132.63117130577,1174.24802667201
"192",2005,1634,15.9166666666667,5696.60776856892,4542.77636708461,1411.38359458719,2704.52975849486,777.033849081217,1282.53966454962,81.5409723046063,196.395523241452,0,0,0,0,0,0,0,0,0,0,2.34474316220001,4.60301726344299,1.47449945139672,2.44328271150372,0.156285251169361,0.376940786900421,0,0,0,0,0,0,0,0,3958.1227205937,3073.91354089023,751.648137156742,1512.86515189876,509.813383576489,939.777732135237,71.5173871271301,192.35305825565,152.077404633402,118.104673949053,28.9698748466718,58.3166466177949,19.6441659502436,36.2109932147308,2.75668510454188,7.41427205692964,21673.6713190928,16738.5780965367,4619.88748971636,9013.4012286273,3443.84787126751,6004.45000555591,385.67657161828,980.072542783158,832.721262753979,643.123235952917,179.93989754643,352.059179269904,135.639393886336,237.094487341649,15.2086252824828,38.7344677398116,0,0,8.54223939467811,17.1262119806522,6.74490936595261,11.84565173407,0.787179194462439,2.01387306001122,0,0,0,0,0,0,0,0,281.496074623863,227.616021177872,254.727600148829,550.855949205677,324.845662752535,649.153635442624,23.8151299492655,69.369843935842,10.8155051136231,8.74537200965579,9.76414956384297,21.1036224700015,12.4113123578658,24.7957905468635,0.910037006496815,2.65017798327066,317.988140419905,255.626324374947,346.397852839558,793.569023596929,514.875961026125,1050.0287608004,53.5083914663276,157.917952793909,12.217569540484,9.82157303862214,13.2738186621478,30.3897944037451,19.6656115863939,40.0897559953065,2.04336293547844,6.02829996027335,0,0,55.4012315404847,131.376718410894,70.8354239745583,135.235913116018,8.49224473918206,23.2625562422311,0,0,0,0,0,0,0,0,267.106904586888,123.762585017524,1146.11324661777,1189.87173725209
"193",2006,1634,16,5674.19369956818,4522.02130580428,1407.78569670766,2697.209695931,771.557058185011,1270.58350129907,85.4490724862707,205.608711199962,0,0,0,0,0,0,0,0,0,0,2.33948848777206,4.5919531351977,1.46462061489018,2.42134496435078,0.163872608256114,0.394838115452294,0,0,0,0,0,0,0,0,3975.44495470345,3083.68921543951,756.065703797397,1521.61840635413,511.545264429779,941.255322836684,76.3865346364888,205.34340627817,152.742952569083,118.480270998195,29.1401888559336,58.654179535984,19.7109266082509,36.2679840306876,2.94443712001963,7.9151730718817,21649.148714302,16698.6114602906,4619.78916109916,9011.89443424163,3435.0615114078,5978.6028122059,407.498277044949,1035.14518296109,831.779250643878,641.587649905681,179.936668671078,352.003778699296,135.294006647179,236.076129852886,16.0700124431561,40.9129080322874,0,0,8.54996906641805,17.1398529269459,6.73301033057412,11.8042430141229,0.833383910202484,2.13137721679015,0,0,0,0,0,0,0,0,282.553698029133,228.183386727328,256.140904157945,553.876362207619,325.811117920668,649.890725033599,24.9888751577777,72.7151720275832,10.8561409685225,8.7671710951749,9.8185722019735,21.2199199491222,12.4487083593371,24.8249767155821,0.954946420940386,2.77815538197112,317.19025931259,254.639709828942,346.837387266148,794.348880268131,513.916995113879,1045.96428392517,56.2195534863748,165.760587281443,12.1869145572288,9.78366571064016,13.2910080149765,30.4205231243644,19.6297731345687,39.9362585965364,2.14697376553547,6.32792792621466,0,0,55.4385808225277,131.48827263027,70.6858947642954,134.727431365397,9.00156501839851,24.6351464453517,0,0,0,0,0,0,0,0,269.079569886197,124.664194412158,1159.64497121008,1205.53518159076
"194",2006,1634,16.0833333333333,5651.66848672377,4501.05740134854,1404.00842768564,2689.79402460909,763.466749405476,1252.21825009027,91.9678774455108,221.175007820677,0,0,0,0,0,0,0,0,0,0,2.33414318439496,4.58069740781986,1.4497679344132,2.38716348096503,0.176429535194145,0.424871839083634,0,0,0,0,0,0,0,0,3992.92421872743,3093.58422312092,760.299235877435,1530.18449947947,511.489913300425,937.805818798633,83.1727485338725,223.542344187559,153.414533845186,118.860453017107,29.3034310234793,58.9845174369418,19.7088211528061,36.1351258440899,3.20606842151476,8.6167978297739,21625.6165106876,16659.4651068932,4618.76760135329,9009.54541553283,3414.45336954444,5921.97448904059,441.384023144926,1121.29410358777,830.875288907615,640.083580496841,179.897931549711,351.915813347313,134.482798687238,233.841858376781,17.4066704772943,44.318674274857,0,0,8.55755759028053,17.1531300294033,6.69788366329906,11.7018961972728,0.90348160235986,2.31086401571923,0,0,0,0,0,0,0,0,283.627887661734,228.755644101214,257.555684374844,556.885340941175,325.666871183035,647.228688152959,27.2678474285785,79.3183440746771,10.8974133200387,8.78915813250989,9.87305100336627,21.3357806356378,12.4437039990352,24.7243144902219,1.04209158806376,3.03059864577016,316.422840485556,253.682824964107,347.262000313388,795.102562752165,511.166493410365,1036.45670837582,60.6966143209203,178.910501811452,12.1574299623743,9.74690064505411,13.3076240586596,30.4502487182892,19.5255012045828,39.5749202852271,2.31804651240519,6.83022911489799,0,0,55.4753063109564,131.595488420007,70.2891116608341,133.516411529141,9.76307724806613,26.7166400546791,0,0,0,0,0,0,0,0,271.047753853186,125.565466435159,1173.12909531345,1221.16448244421
"195",2006,1634,16.1666666666667,5629.04310862188,4480.09335961553,1400.15513178806,2682.22922296191,755.524662645639,1234.28370396854,98.3074777181127,236.24666990313,0,0,0,0,0,0,0,0,0,0,2.32864342666279,4.56922273191239,1.43518191140611,2.35376638635553,0.188665966690895,0.45400404341202,0,0,0,0,0,0,0,0,4010.3978112335,3103.46123284118,764.54041622102,1538.75235703145,511.468194262013,934.456951170173,90.0811691345478,242.026911607417,154.085897212502,119.239943525569,29.4669635469596,59.3149176261011,19.7080105878291,36.0061433649939,3.47241983328083,9.32945879404831,21602.1619243447,16620.53398434,4617.68195742174,9007.02921106287,3394.24451182102,5866.54322500879,475.000512476214,1206.53194901193,829.974307814761,638.58778064196,179.856637520009,351.821177906808,133.687084973488,231.654324227879,18.7328675890234,47.6887497372464,0,0,8.56471816659151,17.1658613170349,6.66347616590995,11.6017182000506,0.973378519045495,2.48937926584444,0,0,0,0,0,0,0,0,284.69915623894,229.326253468553,258.957685276216,559.875708923944,325.523590911701,644.600733652835,29.4572747476719,85.6338829357695,10.9385734378472,8.81108185086153,9.92704032007576,21.4509302047865,12.4387350732649,24.6249443409549,1.12582326299726,3.27207832272483,315.665388352531,252.737207205611,347.677301568005,795.833374900618,508.44405438226,1027.07811069549,65.094499888597,191.768003530458,12.1283282858087,9.71056848014384,13.3238832193777,30.4790992697159,19.4222956691108,39.2184828920636,2.48610787782788,7.32140625353982,0,0,55.5101675600033,131.69747422004,69.8959956706072,132.322119058213,10.5239350351768,28.7883458008267,0,0,0,0,0,0,0,0,273.023395798775,126.468992624739,1186.63144548303,1236.77749688681
"196",2006,1634,16.25,5606.33466308494,4459.14193955983,1396.23124120879,2674.5256823159,747.728145411157,1216.77001752206,104.471202143624,250.83510806208,0,0,0,0,0,0,0,0,0,0,2.32299498142626,4.5575255220464,1.42085614348266,2.32113468503628,0.200585312620072,0.482250488571692,0,0,0,0,0,0,0,0,4027.82488865952,3113.28892541709,768.77655690538,1547.29696401289,511.468855229578,931.187045330309,97.1021708058623,260.769421279063,154.755473396056,119.61753919048,29.6302992129593,59.6444192478393,19.7080625341091,35.8802036753085,3.74312138496142,10.0520916629742,21578.8096163482,16581.8360449727,4616.53943435922,9004.36018311976,3374.4301232113,5812.28850799305,508.357134686377,1290.89056137761,829.077254870297,637.100940098782,179.81306738321,351.72043295206,132.906685193662,229.512741840303,20.0489630195467,51.0243613066084,0,0,8.57150772819632,17.1780913495668,6.62977231201043,11.5036657470476,1.04307242842273,2.66693323133203,0,0,0,0,0,0,0,0,285.767621550537,229.895227218453,260.348225388319,562.848775426689,325.383171255421,642.009838559384,31.5672118666623,91.6914323065156,10.9796258476193,8.83294272623863,9.98059073150213,21.5654188309614,12.4338740223037,24.5269803402055,1.20652566878956,3.50372678096269,314.920078570509,251.804631881215,348.08534606275,796.546930296344,505.7533212865,1017.83571095988,69.4085899109754,204.321397423384,12.0996931197843,9.67473742683796,13.3398640918269,30.5072893931362,19.3202954994561,38.8672220244206,2.65098122074796,7.8010119011528,0,0,55.5432030574277,131.794388271281,69.5066419049532,131.144580118026,11.2841012401411,30.8503159033186,0,0,0,0,0,0,0,0,275.006475953426,127.374766558422,1200.15188849318,1252.37464986817
"197",2006,1634,16.3333333333333,5583.55862749317,4438.21457476265,1392.24177271701,2666.69300803047,740.07443938083,1199.66727890139,110.462353237612,264.95155811548,0,0,0,0,0,0,0,0,0,0,2.31720407451776,4.54560550145415,1.40678462510066,2.28924989836436,0.212191308823532,0.509627355835966,0,0,0,0,0,0,0,0,4045.17138353009,3123.04139266774,772.997302949319,1555.79800559513,511.483160793489,927.979432779432,104.226291597277,279.742740677958,155.421953468965,119.992244578096,29.7930402967598,59.9722417704883,19.7086412108323,35.7566660168479,4.01780929511738,10.7836531680537,21555.579647563,16543.3856165682,4615.3460921161,9001.5504596441,3355.00465020092,5759.1886945986,541.462813188612,1374.4002490307,828.184900834584,635.623609363426,179.767457643107,351.614052512973,132.141390030368,227.416280888618,21.3552983124418,54.3266774699457,0,0,8.5779721761826,17.1898546997211,6.59675571794247,11.4076926832053,1.11256118796002,2.8435349437375,0,0,0,0,0,0,0,0,286.833247549171,230.462465271154,261.728131154543,565.805024414932,325.246715923995,639.457526899191,33.6066433586736,97.517625420216,11.020569164356,8.85473691341638,10.0337339143586,21.6792649786284,12.4291629428108,24.4304807662041,1.28454210079169,3.72656128564032,314.188674328014,250.886525701136,348.487863598266,797.247929383583,503.097314227343,1008.73526728696,73.6353986907571,216.562281316094,12.0715922089221,9.63946230162023,13.3556328269117,30.5349987701633,19.2196158980352,38.5213575458827,2.81253324671007,8.26872439676226,0,0,55.5744521181451,131.886376412535,69.1211301134692,129.983791894467,12.0435407505521,32.902607752744,0,0,0,0,0,0,0,0,276.996974790045,128.282781622362,1213.69034986027,1267.95640960531
"198",2006,1634,16.4166666666667,5560.7290886208,4417.32156169069,1388.19138281272,2658.74012491276,732.560714821261,1182.96557074198,116.284202441763,278.607071698604,0,0,0,0,0,0,0,0,0,0,2.31127720812191,4.53346495419832,1.3929616597782,2.25809398879782,0.223487960605971,0.53615113729587,0,0,0,0,0,0,0,0,4062.40891820995,3132.69725924296,777.1942358574,1564.23906328796,511.504402130956,924.821447839245,111.444307588282,298.920502642941,156.084247117101,120.363238413281,29.9548633659819,60.2977541710439,19.7094886397436,35.6350433107794,4.29612883558164,11.5231291896156,21532.4882252457,16505.1940002894,4614.10703830536,8998.61031460106,3335.96198279574,5707.22136243813,574.326003939367,1457.0897937609,827.297868408578,634.156222644619,179.720007949551,351.502438781602,131.390968231949,225.364079993055,22.6521972419057,57.5968085177721,0,0,8.58414858602276,17.2011782605578,6.56440963667407,11.3137513816473,1.18184265314772,3.01919213655823,0,0,0,0,0,0,0,0,287.895878909758,231.027781836872,263.097855461826,568.74432948347,325.114758022744,636.944287147459,35.5835831136657,103.13635297115,11.0613974202172,8.87645727405368,10.0864871938254,21.7924636556957,12.4246220287119,24.3354641340905,1.36017872978831,3.94149423761441,313.472585797486,249.984017620573,348.886288319163,797.940257105839,500.478490929637,999.781240009689,77.7724230212389,228.485105612004,12.0440797344545,9.60478648074937,13.3712442595982,30.5623758766611,19.1203506046344,38.1810598117494,2.97066819460601,8.72433103637338,0,0,55.6039542942986,131.973573417305,68.7395266429553,128.839726356811,12.8022201748624,34.945282786767,0,0,0,0,0,0,0,0,278.994872077686,129.193030622766,1227.24678747214,1283.52326095517
"199",2006,1634,16.5,5537.85891911221,4396.47220429969,1384.08441009395,2650.67535810814,725.184096758915,1166.65501642415,121.939986598807,291.812509382488,0,0,0,0,0,0,0,0,0,0,2.30522103249102,4.52110817207324,1.37938179962479,2.22764931268961,0.234479496890496,0.561838545942569,0,0,0,0,0,0,0,0,4079.51396773554,3142.23900636835,781.360567986827,1572.60699510207,511.527525270494,921.703669983195,118.747287101712,318.277258458141,156.741450473743,120.729847596707,30.1155075645847,60.6204511714042,19.7104103863488,35.5149730936646,4.57773642202579,12.2695406607859,21509.54827933,16467.2699317671,4612.8265762493,8995.54845995716,3317.29559157979,5656.36357387229,606.95469823029,1538.98646759871,826.416654375293,632.6991155792,179.670886815642,351.385933402129,130.655171939353,223.355256986155,23.9399659000618,60.8358071290014,0,0,8.59006684326771,17.2120829157634,6.53271728033664,11.2217936762216,1.25091462794258,3.19391126156889,0,0,0,0,0,0,0,0,288.955267428127,231.590925786246,264.457565446376,571.666112607828,324.987416925808,634.469868599005,37.5051588356362,108.568991572022,11.102101078799,8.89809415935855,10.1388569155477,21.9049925104599,12.4202555954277,24.2419205791386,1.4337078324242,4.14934190568568,312.772916772041,249.097978731155,349.281785562399,798.627066681266,497.898802254696,990.976935261368,81.8180170391127,240.086810457036,12.0171981060742,9.57074343295263,13.3867429337532,30.5895411824498,19.0225740072476,37.8464551301295,3.12532305298265,9.16771420773764,0,0,55.6317489817803,132.056104125217,68.361885994519,127.712333291982,13.5601075989073,36.9784055869451,0,0,0,0,0,0,0,0,281.000146191583,130.10550550741,1240.82117395684,1299.07568794629
"200",2006,1634,16.5833333333333,5514.95994697769,4375.67495284529,1379.92491620573,2642.50651117479,717.941688827958,1150.72582115123,127.432905275766,304.57853651238,0,0,0,0,0,0,0,0,0,0,2.29904223228195,4.50854094307346,1.36603979153584,2.19789857971856,0.245170325472723,0.58670642911747,0,0,0,0,0,0,0,0,4096.46705836991,3151.65232583998,785.490850818497,1580.89134399222,511.548783725785,918.619219959784,126.126634227171,337.788599772307,157.392815326777,121.091522384298,30.2747634288965,60.9399305568089,19.7112622344907,35.3961905142401,4.86230129474036,13.0219482767678,21486.7700143762,16429.6200215661,4611.50834609032,8992.3723236917,3298.99865400492,5606.59211560842,639.356431795592,1620.11606840756,825.541650806274,631.252542155542,179.620237067955,351.264828222723,129.933741597876,221.388918248118,25.2188930274606,64.0446696801452,0,0,8.59575116772562,17.222585069364,6.50166209382239,11.1317716637863,1.31977482875197,3.36769754064636,0,0,0,0,0,0,0,0,290.011096695008,232.151599593503,265.807223057952,574.56948896361,324.864538737444,632.033545374696,39.3776998773114,113.83464269084,11.1426679831486,8.91963613791451,10.1908415397891,22.0168173940554,12.4160574739886,24.1498219972774,1.50537114965811,4.35083356064818,312.090510127488,248.229061058855,349.675280601339,799.310866447376,495.359750053816,982.324650616522,85.7712681469403,251.366465611402,11.9909797086492,9.53735821010369,13.402164200125,30.6165904697583,18.9263433440368,37.5176313053931,3.27646281732983,9.59883762870596,0,0,55.6578750856389,132.134084592568,67.9882523452846,126.601543269892,14.3171723660434,39.0020430601066,0,0,0,0,0,0,0,0,283.012773517369,131.020197130452,1254.41348165129,1314.61415916838
"201",2006,1634,16.6666666666667,5492.04309128957,4354.9375151588,1375.71671868738,2634.24092859872,710.830591731413,1135.16830330952,132.766118758818,316.915620624971,0,0,0,0,0,0,0,0,0,0,2.29274744921628,4.49577016901852,1.3529305408679,2.16882482938578,0.255564995728035,0.610771697020022,0,0,0,0,0,0,0,0,4113.25212788918,3160.92560476319,789.580743318258,1589.08386823772,511.565468923752,915.563216301714,133.5741184527,357.431240541305,158.037724539875,121.447816590071,30.4324640061687,61.2558751672043,19.7119398430404,35.2785074785751,5.14950666563027,13.7794556679672,21464.1613504778,16392.2491066427,4610.15543642504,8989.08826943224,3281.0641507646,5557.88367911767,671.538297278639,1700.50296436008,824.673162001696,629.816688217115,179.568180159112,351.139373791498,129.226409709183,219.464165746178,26.4892504750868,67.2243379032785,0,0,8.60122126243416,17.2326977554791,6.47122791638841,11.0436381964338,1.38842087455228,3.54055506765009,0,0,0,0,0,0,0,0,291.063001238022,232.709473935537,267.146644916873,577.453373632352,324.745794923018,629.634300161435,41.2068161460998,118.95034857093,11.1830840912303,8.94107055660084,10.2424339407449,22.1278964599666,12.4120147993891,24.05912910402,1.5753829043428,4.54661973100135,311.425985057812,247.377729344939,350.067485624285,799.993597719548,492.862441667701,973.825807819599,89.6318902145385,262.324959691148,11.9654483328617,9.50464866829779,13.4175352476819,30.6435978098529,18.8317007806535,37.1946426960629,3.42407640780004,10.0177344720077,0,0,55.6823708154177,132.207623107313,67.6186608192305,125.5072701606,15.0733848882692,41.0162637411298,0,0,0,0,0,0,0,0,285.032728041824,131.937095097885,1268.02367336874,1330.13911924758
"202",2006,1634,16.75,5469.11846531015,4334.26694131467,1371.46341603836,2625.88554338895,703.847916522127,1119.97291644036,137.942746781038,328.834030563372,0,0,0,0,0,0,0,0,0,0,2.28634323508836,4.48280359863496,1.34004908939409,2.14041142010706,0.265668169254535,0.634051267250929,0,0,0,0,0,0,0,0,4129.85604120403,3170.04953596753,793.626837797985,1597.17818851376,511.575713635003,912.532381786912,141.081891370923,377.183061971738,158.675673441899,121.798372617652,30.5884781767015,61.5680393611142,19.7123712017191,35.1617975451533,5.43905036802315,14.5412111498559,21441.728257425,16355.160516189,4608.77046789001,8985.70176059224,3263.48493444629,5510.2149865741,703.506958965918,1780.17014391074,823.811417329258,628.391681676659,179.514819397634,351.009785707487,128.532903507788,217.580101958196,27.7512937564807,70.3757007643063,0,0,8.60649312562593,17.2424313832257,6.44139905645723,10.9573471308184,1.45685029485742,3.71248693505032,0,0,0,0,0,0,0,0,292.110580459164,233.26419822816,268.475543542508,580.316554148457,324.630745173713,627.27093977035,42.9974657681214,123.931278540183,11.2233340114257,8.96238394541205,10.2936229906688,22.2381829521067,12.4081104257088,23.9697958752111,1.64393238930155,4.73727932771416,310.779766165933,246.544285857712,350.458923755917,800.676701417108,490.407638127308,965.481066757725,93.4001362085087,272.964745254256,11.9406202929165,9.47262642115882,13.4328760225507,30.6706181115573,18.738675249716,36.8775145624555,3.56817332959175,10.4244976241155,0,0,55.7052735840526,132.276821040786,67.2531384963903,124.429413161313,15.8287164977747,43.0211372468871,0,0,0,0,0,0,0,0,287.059981108341,132.856187682943,1281.65169780181,1345.6509851073
"203",2006,1634,16.8333333333333,5446.19547799859,4313.66970689652,1367.16841248467,2617.44692407703,696.990797278303,1105.13026981428,142.965867565632,340.34383650625,0,0,0,0,0,0,0,0,0,0,2.27983600441771,4.46964956293254,1.3273905930698,2.11264201746266,0.275484591145338,0.656562010813277,0,0,0,0,0,0,0,0,4146.26811265253,3179.01673452679,797.626488488495,1605.16944049066,511.578300714242,909.524662036087,148.642499571685,397.023146541261,159.306251472631,122.142906726367,30.7427040798151,61.8762356911962,19.712509290818,35.0459812861125,5.73064536001998,15.306409053285,21419.4750843972,16318.3563333336,4607.35567549099,8982.2175219404,3246.25379615158,5463.56291208447,735.268669385595,1859.13927112168,822.956583891313,626.977602571134,179.460243129468,350.876250872724,127.852947558893,215.735834613688,29.0052626721636,73.499596548901,0,0,8.61157985777041,17.251794481685,6.41216037291474,10.8728535956952,1.52506053529769,3.88349535063263,0,0,0,0,0,0,0,0,293.153412210905,233.815410861506,269.793567624762,583.157761086303,324.518899424638,624.942208993181,44.7540222971128,128.790914451576,11.2634015241496,8.98356241071837,10.344395107183,22.3476279175085,12.4043253083601,23.8817739216546,1.71118653805398,4.92332673592902,310.152112369238,245.72889498207,350.849952902395,801.361184329145,487.995800422771,957.290434529192,97.0767129149711,283.289589796124,11.9165055371324,9.44129778460925,13.4482001403518,30.6976896563273,18.6472842165741,36.5662472271867,3.70878041351877,10.8192701704199,0,0,55.7266199027372,132.34177367946,66.8917053978132,123.367858759251,16.5831393194186,45.0167337946891,0,0,0,0,0,0,0,0,289.094501192559,133.777461750587,1295.29748484078,1361.15014210949
"204",2006,1634,16.9166666666667,5423.28291705663,4293.15178127072,1362.83493830323,2608.93131318626,690.256400866289,1090.63114376591,147.838517148322,351.454910692493,0,0,0,0,0,0,0,0,0,0,2.27323200604439,4.45631678022422,1.31495030849783,2.08550059002486,0.285019065892383,0.678320707701772,0,0,0,0,0,0,0,0,4162.47971798958,3187.82142653262,801.577673872868,1613.05399603987,511.572514362976,906.538930817914,156.248890169402,416.931790749497,159.929127274781,122.481197073423,30.895063833515,62.1803242091086,19.712326371139,34.931014972823,6.02401994465524,16.0742902369592,21397.4048278357,16281.8376074738,4605.91297447244,8978.63966854473,3229.36351582507,5417.90457094335,766.829287416512,1937.43074501105,822.108776816837,625.574491219873,179.404527284218,350.738932483512,127.186265724648,213.930480194387,30.2513819933206,76.5968151068065,0,0,8.6164922662507,17.2607942222552,6.38349730113647,10.7901141054853,1.59304897471955,4.05358177259095,0,0,0,0,0,0,0,0,294.191063263593,234.362747001447,271.10033099908,585.97571782601,324.409758001435,622.646862801525,46.4803362083357,133.541221317872,11.3032699840243,9.00459193500886,10.394735366915,22.4561821196873,12.4006400466135,23.7950152641693,1.77729227726114,5.10521834136997,309.543141183465,244.931603879566,351.24078809847,802.047679303686,485.627132891875,949.253365514754,100.662706104509,293.304356557672,11.8931085809635,9.41066457066315,13.4635157416709,30.7248364018291,18.5575353367124,36.2608198956836,3.84593895580828,11.2022370198723,0,0,55.7464453412365,132.402570968276,66.5343753293434,122.322482441166,17.3366261576428,47.0031237826308,0,0,0,0,0,0,0,0,291.1362537832,134.700902727215,1308.9609438128,1376.63694323103
"205",2007,1634,17,5399.39064089578,4271.7770999149,1358.11324629899,2599.95868356412,682.743720084843,1074.06608628382,153.570207520026,364.766418712078,0,0,0,0,0,0,0,0,0,0,2.26667687378517,4.44314320594957,1.3010159195261,2.05438421149111,0.296196535425031,0.70430146387413,0,0,0,0,0,0,0,0,4178.70025200826,3196.6584940385,805.367042017131,1620.79716767597,510.89605757524,901.576268587399,164.661864978829,439.105146130145,160.552346131158,122.820731338966,31.0412091636978,62.4789886309084,19.6863011119402,34.7398734815902,6.3484898310703,16.9294770042344,21375.564201191,16245.6451796508,4603.69169833911,8974.4995485304,3208.58420105224,5361.22282562924,802.936532502498,2028.02238548008,821.269790141338,624.1839168186,179.319017124638,350.580309887688,126.36627121143,211.689539943558,31.676639407476,80.179798277048,0,0,8.62180801527006,17.2707940863786,6.34705492351098,10.6851961934507,1.67021541680144,4.24863087546668,0,0,0,0,0,0,0,0,295.256270984223,234.934593979615,272.468734870898,588.963874197173,324.02384730545,619.305249534769,48.6617410637474,139.700122873012,11.3441972089287,9.02656320505109,10.4474375083609,22.5712568149836,12.3863711047098,23.6682582835075,1.86080204465408,5.34096444859412,308.968334206672,244.168116028289,351.644397050338,802.788150210555,482.665267461239,939.263984240604,104.873257336335,305.285811001473,11.8710242507896,9.38133013209536,13.4793186403831,30.7540472512346,18.4451097725798,35.8807866892897,4.00697778730801,11.6603714554869,0,0,55.7690800283675,132.470436079646,66.0940718023366,121.02206985659,18.1871149826316,49.2735724203072,0,0,0,0,0,0,0,0,293.138008499866,135.585532204001,1322.32468198879,1391.42260892419
"206",2007,1634,17.0833333333333,5374.70520986146,4249.73158056799,1353.07993850991,2590.59516988961,674.701703626977,1056.13732634381,159.876735549457,379.51716506873,0,0,0,0,0,0,0,0,0,0,2.25997410516269,4.42983209440778,1.28607579507472,2.02064913370707,0.308484627269588,0.73306824803029,0,0,0,0,0,0,0,0,4195.02225521693,3205.58698060896,809.072578540105,1628.50563471406,509.760353255945,895.245175840447,173.738144473833,463.103114336833,161.179463596081,123.163778071164,31.184132410774,62.7763216851941,19.6425765200131,34.49599704362,6.69853328747285,17.8550091699551,21353.8152498122,16209.6688640006,4600.858667297,8969.86585426471,3185.03523147199,5296.83832761269,842.349186350623,2127.37682335158,820.434323713501,622.801645843704,179.210049971089,350.402862926185,125.437038907443,209.14408957102,33.2321776553149,84.1089276554074,0,0,8.62694027504534,17.2809777192468,6.30508272219034,10.5647411881952,1.75419851470072,4.46183940453525,0,0,0,0,0,0,0,0,296.339145289135,235.522409076981,273.86623030188,592.050230514485,323.411973530235,615.160916267449,51.1418526467296,146.764967921484,11.3858032073505,9.04914799588931,10.5012534321969,22.6900928463448,12.3634600510136,23.5108078033222,1.95573871593104,5.6113580639184,308.413184254604,243.42594948528,352.050774981046,803.556217383112,479.274161016735,927.892173807216,109.524687744855,318.620260141436,11.8496951592922,9.35281489265486,13.4952255554997,30.7843119649579,18.3162712198049,35.4479108823583,4.18487957920585,12.1702368680189,0,0,55.7931923174024,132.542063708192,65.5936088663981,119.54068042394,19.1099284678584,51.7503211936831,0,0,0,0,0,0,0,0,295.110881575122,136.440972292998,1335.45319097855,1405.64980393114
"207",2007,1634,17.1666666666667,5349.99174401985,4227.7368510876,1348.00730166173,2581.13750442273,666.825741201876,1038.70909723241,165.978279832421,393.696240980326,0,0,0,0,0,0,0,0,0,0,2.25300369571546,4.41610927754623,1.27145044907813,1.98785590884434,0.320396137675499,0.760772002884457,0,0,0,0,0,0,0,0,4211.28045654499,3214.45373385483,812.781014799968,1636.20554401255,508.675484414765,889.090022979454,182.892846959407,487.230557438851,161.804129690721,123.50445291031,31.3271604444947,63.0733152101086,19.6008086324999,34.2588958674147,7.05161369241935,18.7855705493161,21332.1137197979,16173.8686619916,4597.99321070175,8965.10168079668,3161.97790798432,5234.04157508251,881.413402980084,2225.47885036868,819.600677832309,621.426141473555,179.099738972909,350.220169306246,124.527017358573,206.66098406783,34.774087508066,87.9887278535829,0,0,8.63142949928778,17.2902782360254,6.26402342234901,10.4472559904383,1.83776624388379,4.67323388340722,0,0,0,0,0,0,0,0,297.414102063166,236.103966310024,275.235491190959,595.083395423178,322.788256615441,611.045216632186,53.5468732564733,153.563342700124,11.4271049998943,9.07149234962232,10.5539861483645,22.8068900569286,12.3400920217848,23.3544358053185,2.04781343879195,5.87159306488112,307.865004602324,242.692335158403,352.449219975606,804.311499675536,475.945382760387,916.768256748587,114.065014626477,331.54577729987,11.8286338638501,9.32462824336067,13.5108270009174,30.8140844066617,18.1898043052482,35.0244703544259,4.35855065596367,12.6645270421739,0,0,55.8154049555584,132.608827428852,65.1002802652108,118.088326631138,20.0296863257055,54.2069083317936,0,0,0,0,0,0,0,0,297.090950450964,137.298538595842,1348.58566441473,1419.84004518833
"208",2007,1634,17.25,5325.26722948647,4205.80541535699,1342.90037878671,2571.59577043118,659.112435125531,1021.76714715113,171.879516777787,407.320197490108,0,0,0,0,0,0,0,0,0,0,2.24580032235853,4.40201772356272,1.25712847407801,1.95597253898352,0.331937447855946,0.78743871266151,0,0,0,0,0,0,0,0,4227.43494176858,3223.22880074028,816.479301995735,1643.87137969515,507.630230845495,883.088947570715,192.115524533023,511.457843214078,162.424810846768,123.841605012866,31.4697923953088,63.368989409912,19.5605663539076,34.0277298233843,7.40732905425077,19.7200209188525,21310.4844612578,16138.2624732035,4595.1022457498,8960.22139096633,3139.40492348103,5172.797935181,920.140085092269,2322.3704527066,818.769807268244,620.058091438676,178.988354522651,350.032790419268,123.63592664239,204.238878308239,36.3027893856416,91.8208315190236,0,0,8.63537682010736,17.2988040264563,6.22385295553817,10.3326666650467,1.92092035617484,4.88284336166739,0,0,0,0,0,0,0,0,298.481353282795,236.6793996414,276.579305625344,598.067685187084,322.157104558804,606.966427727625,55.8846063331181,160.120323282381,11.4681107310166,9.09360141330965,10.6057426315386,22.9218139347463,12.3164356611898,23.1994592173659,2.13732436583434,6.12262719736226,307.32588187226,241.968894317387,352.84084957581,805.057058567231,472.679505419699,905.890395752027,118.493546620006,344.063261138376,11.8079205358911,9.29683247598548,13.5261656704491,30.8434815076635,18.0657308799736,34.6103954120478,4.5279642231559,13.1432747078041,0,0,55.8357335026383,132.670847268987,64.614097659067,116.664670607126,20.9463986991637,56.6436714650032,0,0,0,0,0,0,0,0,299.078163119209,138.158208636451,1361.72142899588,1433.99340631551
"209",2007,1634,17.3333333333333,5300.54691479281,4183.94837356227,1337.76376959579,2561.97920341836,651.558310385382,1005.29737135052,177.585043603981,420.405168033792,0,0,0,0,0,0,0,0,0,0,2.23839408357051,4.38759592438418,1.2430998302435,1.92496906886816,0.343115103404386,0.813094294619735,0,0,0,0,0,0,0,0,4243.45294498673,3231.88783918073,820.156887902138,1651.48260503177,506.615881380738,877.224911013917,201.396174844754,535.756759486545,163.040248145907,124.174299117017,31.6116231442392,63.6625554946065,19.5215148841162,33.8018439271444,7.76529441699199,20.657274383771,21288.9474735784,16102.8644411523,4592.19145318645,8955.23693674354,3117.30827041176,5113.07210164839,958.539543557826,2418.0914715457,817.942480421909,618.69803915555,178.87611916242,349.841194244921,122.763459323294,201.876400278855,37.8186811034105,95.6067889863969,0,0,8.63886406500249,17.3066420425476,6.18454765497637,10.2208985670958,2.0036621427538,5.0906942698465,0,0,0,0,0,0,0,0,299.540950131113,237.248724596175,277.8997860224,601.006251608212,321.521811238077,602.930682711951,58.1620045961069,166.458423749341,11.5088223672352,9.11547578344919,10.6566039088292,23.0349852514952,12.2926168966925,23.0461127717253,2.22453710241768,6.3653202205271,306.797477739612,241.256900890654,353.226592939565,805.795336784262,469.476806961135,895.256173230483,122.810333863914,356.175809744798,11.7876190197437,9.26947653689245,13.5412770615928,30.8725965458392,17.9440615680452,34.2055942669224,4.69312182918273,13.6065966677527,0,0,55.8542012093767,132.728239758544,64.1350571580129,115.269350995276,21.8600767193713,59.060945920703,0,0,0,0,0,0,0,0,301.072468505775,139.019960231932,1374.85995970208,1448.11010502617
"210",2007,1634,17.4166666666667,5275.84462615867,4162.17567748979,1332.601707797,2552.29633871849,644.159853213582,989.285864039611,183.0993791008,432.966884269059,0,0,0,0,0,0,0,0,0,0,2.23081135937295,4.37287859398116,1.22935547083784,1.89481713802091,0.353935773344163,0.837764522519078,0,0,0,0,0,0,0,0,4259.3073724288,3240.41094644802,823.80517656527,1659.02257601582,505.62561924958,871.484481159252,210.725268726007,560.100587760585,163.649400602145,124.501770528117,31.7523226129877,63.9533740303322,19.483392146314,33.5807216493958,8.12514293395881,21.5963022428118,21267.5189209284,16067.6857502702,4589.26554442129,8950.15838214359,3095.67946638788,5054.82849054035,996.621530802828,2512.67973331753,817.11931834088,617.3464143479,178.763217901057,349.645775575657,121.909289227796,199.572166505196,39.3221391295244,99.3480732140841,0,0,8.64195841483912,17.3138632326392,6.1460844953103,10.1118775761714,2.08599249342369,5.29681073526784,0,0,0,0,0,0,0,0,300.592828017502,237.811872644886,279.198548413553,603.901402708067,320.884880049254,598.942585751463,60.3852753965057,172.597902894443,11.5492374268577,9.13711282702947,10.7066319433703,23.1464923744242,12.2687313551186,22.8945725966362,2.30968873602333,6.60044563425314,306.281110165426,240.557348890835,353.607208654427,806.528248235614,466.337300825663,884.862677088809,127.016026170679,367.888291969987,11.7677799537292,9.24259861763169,13.5561901508099,30.9015025745684,17.8247969035808,33.8099562728427,4.85404794258584,14.0546774111132,0,0,55.8708366180845,132.781117567324,63.6631423304113,113.901988198122,22.7707321657983,61.4590637761678,0,0,0,0,0,0,0,0,303.073815365553,139.883771051929,1388.00083362127,1462.19045615695
"211",2007,1634,17.5,5251.17291174553,4140.49624794893,1327.41809585602,2542.55507759218,636.913532758721,973.718954820928,188.426961004421,445.020672446741,0,0,0,0,0,0,0,0,0,0,2.22307522065058,4.35789700928057,1.21588718457813,1.86548980573432,0.364406223086545,0.861474967033793,0,0,0,0,0,0,0,0,4274.97610486158,3248.78210254954,827.417271612721,1666.47802506636,504.654226616676,865.857244761119,220.093778743426,584.464182873138,164.251418359168,124.823403732433,31.8916259248871,64.240935146219,19.4459974535944,33.3639623765743,8.48652697250129,22.5361360717824,21246.2116137821,16032.7350060109,4586.32838758347,8944.99414963219,3074.50966700044,4998.03145099933,1034.39524856729,2606.17108376216,816.300813220331,616.003547650934,178.649803081303,349.446865544149,121.073075831334,197.324790267939,40.8135188667699,103.046081040103,0,0,8.64471451859456,17.3205249795379,6.1084411675502,10.0055305598189,2.16791194649441,5.50121480372214,0,0,0,0,0,0,0,0,301.636828740055,238.36870815359,280.476796041505,606.754752672549,320.248167087447,595.005482829084,62.5599336136217,178.556916131699,11.5893498314971,9.15850733277749,10.7558728446248,23.2563970244365,12.2448498570612,22.7449666079683,2.39298985998957,6.82869648976411,305.777792223369,239.870984925688,353.983296210603,807.257226826974,463.260761941138,874.706568463524,131.111793700658,379.207105623427,11.7484422619415,9.2162274040619,13.5709278295961,30.9302542847719,17.7079283174794,33.4233544973778,5.01078691845752,14.4877598685778,0,0,55.8856724833285,132.829589415472,63.1983256956724,112.562187270357,23.6783772177705,63.8383529799552,0,0,0,0,0,0,0,0,305.082151723299,140.749618400112,1401.14371045766,1476.23485165371
"212",2007,1634,17.5833333333333,5226.5432052102,4118.91810747295,1322.21654493701,2532.76276328407,629.815821995423,958.583238520532,193.572145644615,456.581458990375,0,0,0,0,0,0,0,0,0,0,2.21520589186944,4.34267940483608,1.20268742226848,1.83696135051372,0.374533286145471,0.884250940028863,0,0,0,0,0,0,0,0,4290.44121966107,3256.98855280752,830.987691546013,1673.83848875389,503.697768577292,860.335187663199,229.493191768016,608.824004528918,164.8456128011,125.138708674847,32.0293224909354,64.5248365931082,19.40917938705,33.1512576332222,8.84911860580023,23.4758689616315,21225.0355455123,15998.0186558965,4583.38314749718,8939.75129371576,3053.78978255535,4942.64547097258,1071.86936846111,2698.59946503282,815.487349019539,614.669686788641,178.535999786409,349.244742205457,120.254468801468,195.132889631531,42.2931554269738,106.702136099269,0,0,8.64717682805458,17.3266737816578,6.07159614902943,9.9017858467905,2.24942074311393,5.70392668769142,0,0,0,0,0,0,0,0,302.672724100079,238.919046346199,281.735409700216,609.567383025669,319.613035490736,591.121754018267,64.6908660047874,184.351702379434,11.6291508133789,9.17965220130053,10.8043603376042,23.3647404653347,12.2210243387508,22.5973857226668,2.47462703551407,7.05069253816813,305.288276152949,239.198344792451,354.355310371782,807.983283967041,460.246753655654,864.784147243991,135.09924201751,390.139919458525,11.7296348468354,9.19038348236392,13.5855074516105,30.9588902000098,17.5934391594209,33.0456482090566,5.16339975024457,14.9061355483306,0,0,55.8987446128917,132.873760039819,62.7405703624083,111.249540939015,24.5830242590339,66.1991367172013,0,0,0,0,0,0,0,0,307.0974243347,141.617479005268,1414.28831139743,1490.24373894073
"213",2007,1634,17.6666666666667,5201.96598172068,4097.44850688962,1317.00041312507,2522.92625377335,622.863216668612,943.865600474585,198.539208208036,467.663778299112,0,0,0,0,0,0,0,0,0,0,2.20722119597781,4.32725136105547,1.1897491398599,1.80920708792204,0.384323835970462,0.90611744100099,0,0,0,0,0,0,0,0,4305.68825065862,3265.02022153658,834.512099826663,1681.09576552351,502.753300649027,854.9121261462,238.91551281108,633.158122619233,165.431428114609,125.447298231416,32.1652456621553,64.804762950732,19.3728245740695,32.9423692649163,9.21260976969363,24.4146557508325,21203.9984030758,15963.5413893207,4580.43241822713,8934.4357598259,3033.51058486934,4888.63536060229,1109.0520571819,2789.99700739258,814.679221082963,613.345011934889,178.42191096057,349.039640552034,119.453112157107,192.995094609392,43.7613645853112,110.317492304148,0,0,8.64938177528756,17.3323477367391,6.03552874838717,9.80057361150488,2.33051888560907,5.9049650266812,0,0,0,0,0,0,0,0,303.700237841197,239.462669920068,282.975031089569,612.339990802489,318.980494862584,587.293077074835,66.7823974057559,189.996777078587,11.6686297582766,9.20053908348345,10.8521189640244,23.4715491942097,12.1972932011237,22.4518939709908,2.55476532475622,7.26698761450604,304.813096001954,238.539788809031,354.723576966307,808.707067541481,457.294655830919,855.091416893353,138.980329359908,400.695421695957,11.7113782276106,9.16508069652179,13.5999414346883,30.9874349288499,17.4813057656594,32.6766853408848,5.31196090638799,15.3101349220374,0,0,55.9100908107418,132.913730227944,62.289831595997,109.963632486614,25.4846857128353,68.541732881274,0,0,0,0,0,0,0,0,309.119578225821,142.487328845955,1427.43440021832,1504.21760156748
"214",2007,1634,17.75,5177.45086581863,4076.09401305202,1311.7728319043,2513.05197205186,616.052247572239,929.553231306989,203.33234305538,478.281779688428,0,0,0,0,0,0,0,0,0,0,2.19913686774063,4.31163609661713,1.17706571014497,1.78220326732134,0.393784763645798,0.927099117793068,0,0,0,0,0,0,0,0,4320.70568241576,3272.8693116583,837.98712243969,1688.24354995697,501.81867793951,849.583339309816,248.35326104539,657.446199536593,166.008421858134,125.748872825916,32.2992657341977,65.0804716011221,19.3368503646726,32.7371153287286,9.57671211796375,25.3517123700136,21183.1059157428,15929.3064102722,4577.47831225177,8929.05255802813,3013.66277493658,4835.96636327785,1145.95099982585,2880.39411273947,813.876649538812,612.029646191885,178.307620855015,348.8317592361,118.668646908899,190.910051517263,45.2184436640184,113.893337020337,0,0,8.65135914930613,17.337578071899,6.00021908782283,9.70182597950202,2.41120619070033,6.10434711885659,0,0,0,0,0,0,0,0,304.719059836001,239.999339694867,284.196114840784,615.072980143642,318.351282072352,583.520580465739,68.8383449593126,195.505091096921,11.7077747505856,9.22115878963543,10.8991660807462,23.5768384599669,12.1736844098416,22.3085343669288,2.63355036629776,7.47807571806568,304.352597845527,237.895526839908,355.08830766666,809.428909959158,454.40369231996,845.624143476634,142.75730319748,410.883126771567,11.6936857012726,9.14032710985801,13.6142378253976,31.015901001549,17.3714985070275,32.3163047405437,5.45655590438353,15.700120036786,0,0,55.9197502626662,132.949596991097,61.8460579395896,108.704037879875,26.3833739150801,70.866453675222,0,0,0,0,0,0,0,0,311.148556462274,143.359143068788,1440.58177309667,1518.15694870866
"215",2007,1634,17.8333333333333,5153.0067259507,4054.86058572211,1306.5367294477,2503.14595032093,609.379490619438,915.633637683255,207.955664409945,488.449235187856,0,0,0,0,0,0,0,0,0,0,2.19096682993151,4.29585473085004,1.16463084963943,1.75592698534713,0.402922958085878,0.947220233098108,0,0,0,0,0,0,0,0,4335.48450796944,3280.52995533583,841.410189210313,1695.27711487948,500.892393656872,844.345261059904,257.799460547649,681.669457162349,166.57624796975,126.043207006672,32.431283862218,65.3517805357953,19.3011986332499,32.5353582700752,9.94115667437765,26.2863145963495,21162.3621601702,15895.3156752845,4574.52253795472,8923.60591382151,2994.23703936047,4784.6042448875,1182.57342414345,2969.81954018957,813.079791020306,610.723664732593,178.193198023233,348.621266406629,117.90071326332,188.876426478357,46.6646724540551,117.430794326007,0,0,8.65313327513636,17.342390443788,5.9656480773878,9.60547708955445,2.49148233832162,6.30208913222001,0,0,0,0,0,0,0,0,305.72885810782,240.528803586734,285.398972273798,617.766538889895,317.725927717247,579.804969367941,70.8620685541503,200.888179054042,11.7465730352189,9.24150163429142,10.9455135407295,23.680615205883,12.1502180448919,22.1673337409695,2.71111030570627,7.68439668829942,303.906966713905,237.265640528347,355.449614188038,810.148872742792,451.572955989019,836.377907571917,146.432643979462,420.71320375337,11.6765643772359,9.11612585923081,13.628400841774,31.0442905753409,17.2639827440079,31.9643381506402,5.59727916001243,16.0764779557739,0,0,55.9277630247995,132.981453751786,61.4091921974758,107.470327628429,27.27910102146,73.1736053254442,0,0,0,0,0,0,0,0,313.184299985689,144.2328959341,1453.73025036357,1532.06230663279
"216",2007,1634,17.9166666666667,5128.64176615291,4033.75365210728,1301.29485326458,2493.21387296589,602.84157617691,902.094651364526,212.413207326103,498.179548249018,0,0,0,0,0,0,0,0,0,0,2.18272346091312,4.27992653784199,1.15243854686239,1.7303561000922,0.411745287335945,0.96650463369742,0,0,0,0,0,0,0,0,4350.01779997903,3287.99787580027,844.779380401105,1702.19300410205,499.973425149979,839.195188033155,267.247627610803,705.810633893611,167.134640289952,126.330136453385,32.5612261780817,65.6185565705039,19.2658298693389,32.3369937115113,10.305693352808,27.2177964247916,21141.7698562935,15861.570123736,4571.5664745994,8918.09941399252,2975.22410387015,4734.51537666245,1218.92612619165,3058.30049576917,812.288750034156,609.427103649237,178.078698219191,348.408305355451,117.148952713626,186.892908679354,48.1003141912356,120.930928432011,0,0,8.65472416056973,17.3468062042593,5.93179739276156,9.51146316420023,2.57134691730393,6.49820630301803,0,0,0,0,0,0,0,0,306.729290286354,241.050805134611,286.583813370146,620.420711850184,317.104820347795,576.146647597157,72.8565203134558,206.156305221237,11.7850114577506,9.26155776380736,10.9911693054029,23.7828808843057,12.1269087640857,22.0283074161276,2.78755768975994,7.88634178800794,303.476252914458,236.650104970113,355.807522185512,810.866790095666,448.801431789864,827.34815124539,150.009011605194,430.196312853864,11.660016188655,9.09247598777293,13.6424314046609,31.0725971008573,17.1587197074149,31.62061200059,5.73423194082019,16.4396145089408,0,0,55.9341695255768,133.009390522276,60.9791723815186,106.262068553167,28.1718789357844,75.4634878660424,0,0,0,0,0,0,0,0,315.226747473188,145.10856077103,1466.87966843239,1545.93421032151
"217",2008,1634,18,5103.81475276617,4012.16681545085,1295.72045008411,2482.93953502079,596.288127918781,888.092873106818,216.94170950826,508.409653806145,0,0,0,0,0,0,0,0,0,0,2.17452663840914,4.26403390274192,1.14020617579866,1.7038773308263,0.420704906694503,0.986751457028646,0,0,0,0,0,0,0,0,4364.61458637659,3295.5483765691,847.88760819489,1708.81374551591,498.945208905594,833.36117395439,276.894681086775,730.748112804508,167.695472166079,126.620238767452,32.6811421677341,65.873990360972,19.2262517453602,32.1122746697434,10.6779097547777,28.1800034889844,21122.0931077992,15828.6539900164,4567.52505287747,8911.55799775871,2955.88801746799,4681.27653357981,1256.1769913029,3150.7561843156,811.532883779955,608.162410180742,177.922598765931,348.155693716913,116.384397307156,184.784908575985,49.5713537209188,124.587921170686,0,0,8.65658168936969,17.3515271960732,5.89721470052369,9.41091149303345,2.65312742757645,6.70258457190224,0,0,0,0,0,0,0,0,307.764185965941,241.59019027609,287.813717204974,623.143127088395,316.540000643136,572.173568783507,74.9624320463773,211.936004807286,11.8247740176072,9.282281798901,11.038550899881,23.8877588588135,12.1057466208151,21.8772301245142,2.8682745926712,8.10786608494341,303.082140224369,236.069437171289,356.167841666873,811.600764496228,445.980275221866,817.762354593061,153.663904989931,440.197285330514,11.6448742592926,9.07016579170601,13.6565507383977,31.1015121225198,17.0515479516312,31.2556007849477,5.87420023305849,16.8225824973294,0,0,55.9429180084621,133.039999970405,60.5411132561869,104.980263117412,29.0856453732081,77.8465283701741,0,0,0,0,0,0,0,0,317.231362506305,145.961511199583,1479.74474917324,1559.38322323517
"218",2008,1634,18.0833333333333,5078.8765914129,3990.49795578077,1290.03691680187,2472.53403878991,589.813700418192,874.209468457422,221.381216450126,518.488927732488,0,0,0,0,0,0,0,0,0,0,2.16618650614656,4.24794685167121,1.12812311838975,1.67761266850171,0.429497885801914,1.00671819823945,0,0,0,0,0,0,0,0,4379.12838522758,3303.03959971645,850.901611186852,1715.30836382814,497.901767847114,827.403742167542,286.615557257387,755.914802595568,168.253115527955,126.908063540507,32.7974309302282,66.1245665124087,19.1860861301813,31.882797868925,11.0529857699643,29.1510813311533,21102.7732391177,15796.1373158171,4563.12787930813,8904.62599479391,2936.70352394928,4627.92317141738,1293.53881719747,3243.79769888958,810.790727698292,606.913064626918,177.752800902046,347.887976560416,115.625753887952,182.672258941624,51.0467948584643,128.268001721877,0,0,8.65793587621526,17.3556171693275,5.86287667753684,9.30994785676869,2.73526220614238,6.9084577871169,0,0,0,0,0,0,0,0,308.802558543724,242.129790623146,289.032029552954,625.844769162231,315.982300345422,568.125225980979,77.081381542696,217.772363700769,11.8646701626133,9.30301410260399,11.0854860306226,23.9918375266217,12.0848513386627,21.7232582655342,2.94949668309441,8.33157559870387,302.705830616459,235.50561220082,356.525125025133,812.331611075504,443.185504510174,808.150195294039,157.281061707982,450.130706185909,11.6304163408448,9.04850272430817,13.6705509134015,31.130301657819,16.945373788049,30.8895477196255,6.01273892728222,17.2030078441593,0,0,55.9512530783805,133.068658569759,60.1050357288885,103.693212154342,30.0042716778187,80.2468973272109,0,0,0,0,0,0,0,0,319.227612682064,146.808007919207,1492.51610826802,1572.66318790848
"219",2008,1634,18.1666666666667,5054.02117147944,3968.96019539714,1284.35949592759,2462.11205288576,583.46573005754,860.720957706072,225.65510659981,528.110050280183,0,0,0,0,0,0,0,0,0,0,2.15767970833841,4.23162605498842,1.11627683286217,1.65209041236625,0.43797662872465,1.02581244790267,0,0,0,0,0,0,0,0,4393.44422139863,3310.37099491546,853.889320997791,1721.73190545607,496.880725075578,821.58232278068,296.336813526283,780.993933925267,168.803152847092,127.189747468195,32.9127004159142,66.3723966819725,19.1467831643328,31.6585607923519,11.4280912082062,30.1188233209586,21083.5536949659,15763.8223661778,4558.74835120778,8897.64195586261,2917.91115973293,4575.93703102872,1330.62014876321,3335.76821789579,810.052424832045,605.671469687477,177.583595267092,347.61806989646,114.882498328717,180.613464254284,52.5112198052415,131.905757645721,0,0,8.65867915706787,17.3588848981391,5.82925407723533,9.21154729891406,2.81695804496024,7.11246032934975,0,0,0,0,0,0,0,0,309.829186862554,242.660963261349,290.217805810465,628.489714671633,315.414795191158,564.130861806305,79.1679830741967,223.460311550422,11.9041150728283,9.32342260030069,11.1311719246886,24.0937404234235,12.0635756517861,21.5713336022669,3.02948787161093,8.54962840494624,302.33998793113,234.951583172967,356.876728910814,813.052364514117,440.452954623026,798.77159496018,160.803153033855,459.71135951621,11.6163605672041,9.0272160329393,13.684330965565,31.1586991904172,16.8415673020623,30.5323874962391,6.14765574477734,17.5699880078819,0,0,55.9578007993475,133.093147933308,59.6759666200017,102.434436416478,30.9196060064683,82.6270869240548,0,0,0,0,0,0,0,0,321.230548652702,147.656378472708,1505.29012246217,1585.90608326909
"220",2008,1634,18.25,5029.25811438074,3947.56001820724,1278.69098165865,2451.67975435902,577.241483056676,847.614876759981,229.767429148552,537.287473359745,0,0,0,0,0,0,0,0,0,0,2.14903617026838,4.21510612381024,1.10465942784013,1.627285090006,0.446147795589413,1.04405911642807,0,0,0,0,0,0,0,0,4407.54678928818,3317.53199474147,856.844978448088,1728.07356285421,495.878345434965,815.888246487916,306.052108987686,805.96780540096,169.344996057801,127.464884533161,33.0267297798946,66.6170659783141,19.1081992252707,31.4392299884251,11.8029815395989,31.0825468135449,21064.4432029322,15731.7145727799,4554.38918353173,8890.61244889229,2899.50359835736,4525.28337839404,1367.4276276482,3426.69871413605,809.31831050903,604.437834056165,177.415089919684,347.346233032717,114.15434661126,178.607167210616,53.9648863934515,135.502402460872,0,0,8.6589132342351,17.3614338357291,5.79632450700708,9.11563834858805,2.89821562428508,7.31461660044927,0,0,0,0,0,0,0,0,310.844038251176,243.183621239473,291.373489882266,631.080898330703,314.840043552693,560.193617346566,81.2249112843222,229.011767264074,11.9431074929506,9.34350395118602,11.1757023259474,24.1935799856625,12.0420173384664,21.4215764721821,3.10835013518436,8.7624791793209,301.985137823779,234.40780312295,357.222253170334,813.763196888688,437.780899868814,789.6214840863,164.232909995036,468.949479700928,11.6027271350855,9.00632312393198,13.6978754483452,31.1867110658221,16.7400625623878,30.1839270635913,6.27905461592322,17.9239123366297,0,0,55.9625560419841,133.113528470009,59.2538423187306,101.203424255077,31.8316704147287,84.987487228725,0,0,0,0,0,0,0,0,323.240094305147,148.506593227099,1518.06610048142,1599.11227631606
"221",2008,1634,18.3333333333333,5004.59614242982,3926.30319268477,1273.03393608768,2441.24286146892,571.138234804946,834.879075893929,233.722148747971,546.035218425492,0,0,0,0,0,0,0,0,0,0,2.14028144887381,4.19841754490515,1.09326391503189,1.60317259951158,0.45401802402383,1.06148269953283,0,0,0,0,0,0,0,0,4421.42402718266,3324.51451674377,859.763964172629,1734.32479546907,494.891768219254,810.314571787714,315.75561228302,830.820292560299,169.87818172976,127.733164194724,33.1393418770517,66.8582464770282,19.0702242695893,31.2245383516797,12.1774317953637,32.0416297039549,21045.448326825,15699.8177420865,4550.05250844475,8883.54291161231,2881.47335356604,4475.92786344565,1403.96748465026,3516.61848391139,808.588636922386,603.212303983219,177.247370324835,347.072681425524,113.441008342499,176.652025107666,55.4080366604271,139.059084895331,0,0,8.65872119167025,17.3633486156894,5.76406763114253,9.02215182305359,2.97903534454128,7.51494944889318,0,0,0,0,0,0,0,0,311.847026283815,243.697645069427,292.501098512596,633.62065540283,314.260112044005,556.315772319001,83.2545238314057,234.437381066546,11.9816441023454,9.36325356433648,11.2191545800521,24.2914456392221,12.0202553520818,21.2740742206239,3.18617332387536,8.97053408132888,301.641617936006,233.874567383934,357.561353304379,814.464127070822,435.167642355869,780.694748717431,167.573137968149,477.855727616131,11.5895290174275,8.98583534445352,13.7111710644681,31.2143377858246,16.6407947084601,29.84397167534,6.40704231363996,18.2651865096834,0,0,55.965525861572,133.129866731286,58.8385922381208,99.9996600243733,32.7404861547083,87.3284789725523,0,0,0,0,0,0,0,0,325.256173141736,149.358622183637,1530.84344868952,1612.28219620634
"222",2008,1634,18.4166666666667,4980.04323409704,3905.19489672162,1267.3907278092,2430.80670833241,565.153282585521,822.501719575624,237.523150822109,554.366906656357,0,0,0,0,0,0,0,0,0,0,2.13143764178337,4.18158745053912,1.08208395860081,1.57972995237692,0.461593919933548,1.07810726246671,0,0,0,0,0,0,0,0,4435.06641773551,3331.31241769248,862.642546882517,1740.47881685798,493.91877710937,804.855623084456,325.441955056856,855.536719211029,170.402344191292,127.994350420168,33.2503936148324,67.0956775574982,19.032773005592,31.0142674008797,12.5512347870533,32.9955055066857,21026.5739472255,15668.1344246021,4545.74000460522,8876.43790336923,2863.81285985967,4427.83662644287,1440.24558388163,3605.55531343993,807.863591593962,601.994977462918,177.080504349672,346.79759642403,112.742189898693,174.746714017377,56.840898541225,142.576895281699,0,0,8.65817192152297,17.3646996201413,5.73246469243026,8.93102074994652,3.05941744423056,7.71348052104492,0,0,0,0,0,0,0,0,312.83802965342,244.202896191895,293.602323262805,636.110881234376,313.676706028792,552.498985478443,85.2589072823365,239.7467122368,12.019720240185,9.38266611608165,11.2615935496224,24.3874099242524,11.9983548232182,21.1288904185145,3.26303691766544,9.17415755470338,301.309617909033,233.352047100085,357.893725650754,815.155048382383,432.611510813933,771.9862526847,170.826684414117,486.441041586899,11.5767735007669,8.96575927013106,13.7242060939753,31.2415750609043,16.5436999013811,29.5123257301276,6.53172721960447,18.5942268369701,0,0,55.9667261778727,133.142233308404,58.4301406085814,98.8226264532709,33.6460736710443,89.6504338670508,0,0,0,0,0,0,0,0,327.278707950562,150.212434880502,1543.62164753668,1625.4163143787
"223",2008,1634,18.5,4955.60667867736,3884.23976222716,1261.76354514317,2420.37626989484,559.28395349903,810.471299080423,241.174240735315,562.295758499501,0,0,0,0,0,0,0,0,0,0,2.12252373723652,4.16463991321171,1.07111378852956,1.55693520084919,0.468882047378504,1.09395641041333,0,0,0,0,0,0,0,0,4448.4667118432,3337.92127582487,865.477783851082,1746.53039102684,492.957706750952,799.506800974707,335.106223536729,880.103837889023,170.917204920247,128.248273318297,33.3597721397555,67.3291580951588,18.9957813080505,30.8082399985811,12.9242007877051,33.9436626195489,21007.8234534196,15636.6660640599,4541.45294826367,8869.30120389856,2846.51451076898,4380.97637045281,1476.26743408082,3693.53551761147,807.143304748545,600.785909965613,176.914544235293,346.521129088538,112.057595917021,172.889931622697,58.2636862984173,146.056867024631,0,0,8.65732181098844,17.3655447106708,5.70149834024287,8.84218035257983,3.13936204979684,7.91023041507118,0,0,0,0,0,0,0,0,313.816900427438,244.699222978612,294.678570399655,638.553094044236,313.091217389678,548.744382755609,87.239895414327,244.94829750256,12.0573302226487,9.40173578062101,11.3030731458918,24.4815309064812,11.9763688911423,20.9860682426386,3.33901072761757,9.37367494630382,300.989195841785,232.840303092803,358.219102659074,815.835742951828,430.110865568173,763.490860269979,173.996419110429,494.716551932609,11.5644628175825,8.94609723781457,13.7369702115274,31.2684143575279,16.4487155130477,29.1887936344214,6.65321856849325,18.9114569920884,0,0,55.9661804677969,133.150702004495,58.0284072264199,97.6718060000243,34.5484525565594,91.9537143348202,0,0,0,0,0,0,0,0,329.307620658651,151.068000350914,1556.400243171,1638.51513708046
"224",2008,1634,18.5833333333333,4931.29315991781,3863.4419426333,1256.15441685464,2409.95620176358,553.527611945965,798.776634607475,244.679146007316,569.834607741891,0,0,0,0,0,0,0,0,0,0,2.11355611434466,4.14759637680552,1.06034807646034,1.53476731433015,0.47588891974805,1.10905327147513,0,0,0,0,0,0,0,0,4461.61954187353,3344.33808909552,868.267382116788,1752.47554993054,492.007320217685,794.264338118854,344.743930482008,904.509750716617,171.422557683614,128.494817545726,33.4673895180189,67.5585356298861,18.9592015155322,30.6063109824874,13.2961564593152,34.8856412992187,20989.1990100499,15605.4132021955,4537.19228455676,8862.1359514774,2829.57070317815,4335.31442286947,1512.03821453415,3780.58403585135,806.427859558929,599.585122305441,176.749529351218,346.243405536189,111.386931026781,171.080399636003,59.6766015148989,149.499980278174,0,0,8.65621711163761,17.3659316573857,5.67115238056961,8.75556798171632,3.21886923887612,8.10521888585793,0,0,0,0,0,0,0,0,314.78347434537,245.186468018627,295.731016028203,640.948519852932,312.504791351108,545.052679196294,89.1990972725112,250.049758662233,12.0944677385715,9.42045650997417,11.3436384455476,24.5738554382694,11.9543412647784,20.8456351506178,3.41415597026054,9.56937662506682,300.680301167995,232.339305031189,358.537245940713,816.505900691263,427.664100392097,755.203454362151,177.085213610796,502.693486654551,11.5525950252671,8.92684808213686,13.7494542179364,31.2948436217249,16.3557801956026,28.8731804926548,6.77162566275536,19.217304406055,0,0,55.9639179915367,133.155348744101,57.6333084410218,96.5466823086131,35.4476415618146,94.238673620752,0,0,0,0,0,0,0,0,331.342832185485,151.925287087985,1569.17883528421,1651.57919519425
"225",2008,1634,18.6666666666667,4907.1088301146,3842.80517281641,1250.56523051598,2399.55087543707,547.881666154915,787.406876652616,248.041518195743,576.995914153566,0,0,0,0,0,0,0,0,0,0,2.10454898711688,4.13047604439258,1.04978183272033,1.51320607691362,0.482620990613205,1.12342048009125,0,0,0,0,0,0,0,0,4474.52107802373,3350.56100735408,871.009575577714,1758.31134379431,491.066703701014,789.125090820723,354.350987236376,928.743828789906,171.918255334245,128.733912016719,33.5731780248694,67.7836967920427,18.9229983882397,30.4083591658938,13.6669437841652,35.8210305799654,20970.7017941601,15574.3756604805,4532.95869065451,8854.9447648865,2812.97387549931,4290.8187868286,1547.56280009869,3866.72452448627,805.717301253453,598.392607622838,176.585488635237,345.964531660667,110.729901341753,169.316865825334,61.0798340522846,152.907165487914,0,0,8.65489600248073,17.3659002448312,5.64141155989613,8.67112303573562,3.29793909499017,8.29846503142088,0,0,0,0,0,0,0,0,315.73757969729,245.664474331489,296.760654205242,643.298165574268,311.918382822515,541.424280796134,91.1379239073079,255.057904997298,12.1311261905709,9.43882227270104,11.3833275381174,24.6644219653281,11.9323083817444,20.7076067845397,3.48852629153108,9.76152190200787,300.382795391653,231.848948808424,358.847940727921,817.16513796968,425.269644918142,747.118954455183,180.095922260899,510.38308378959,11.541164802815,8.90800780314197,13.76164982604,31.3208479917145,16.2648339727914,28.5652927926653,6.88705714703267,19.5121969163858,0,0,55.9599722565689,133.156250649511,57.2447580260137,95.4467415403596,36.34365861388,96.50565590141,0,0,0,0,0,0,0,0,333.384262343161,152.784263028202,1581.95706673559,1664.60903567996
"226",2008,1634,18.75,4883.05935873921,3822.33280854492,1244.99774461562,2389.16440150175,542.343571812579,776.351504239909,251.264934308254,583.791773568006,0,0,0,0,0,0,0,0,0,0,2.09551468727559,4.11329613627877,1.03941035410368,1.49223203156942,0.489084646472175,1.13708016839569,0,0,0,0,0,0,0,0,4487.16880911102,3356.58916184768,873.703047397799,1764.0356847128,490.135204371855,784.086416604743,363.923681227877,952.796644178059,172.404201388481,128.965523352403,33.6770871701112,68.0045613038106,18.8871467218145,30.2142826365562,14.0364192040053,36.7494656725734,20952.3321459029,15543.5526552678,4528.75261559045,8847.72981970196,2796.71652916849,4247.45816443164,1582.84578056664,3951.97942975172,805.011642906338,597.208335808605,176.422442133074,345.684596086059,110.086215303472,167.598104940762,62.4735627924761,156.279306191379,0,0,8.65338982151763,17.3654835117968,5.61226144134055,8.5887868683198,3.37657173597607,8.48998741426776,0,0,0,0,0,0,0,0,316.679042377285,246.133088772029,297.768326028806,645.602861227428,311.332787328779,537.85933917414,93.0576085998149,259.978810891946,12.1672988892079,9.4568271847193,11.422172642981,24.7532621479328,11.9103005930848,20.5719890659234,3.56216854138209,9.9503420014737,300.096465819385,231.369068079152,359.150993337582,817.813012151628,422.925967764257,739.232332125576,183.031369063305,517.796530516975,11.5301639784397,8.88957000956968,13.7735495624951,31.3464103535066,16.1758183595867,28.264938997111,6.99962050631424,19.7965604393792,0,0,55.954380129136,133.153485552882,56.8626677170817,94.3714732408703,37.2365208389059,98.7549963969757,0,0,0,0,0,0,0,0,335.431829827182,153.644895566426,1594.73461767509,1677.60521706629
"227",2008,1634,18.8333333333333,4859.1499797379,3802.02786483035,1239.45360036546,2378.80065227316,536.910835304582,765.600322101562,254.352898374614,590.233928597313,0,0,0,0,0,0,0,0,0,0,2.08646393939422,4.09607214104074,1.02922917228966,1.47182642422234,0.495286200138352,1.15005395923857,0,0,0,0,0,0,0,0,4499.56132978006,3362.42250013188,876.346854816215,1769.64719525731,489.212371501421,779.14605938465,373.458651845248,976.659896557411,172.880341850324,129.189649537777,33.7790808156709,68.2210761724205,18.8516290862988,30.0239943471123,14.4044526967275,37.670625156711,20934.0897148779,15512.9429092524,4524.57431890622,8840.49292226012,2780.79124882756,4205.20197650979,1617.89148072122,4036.37006319318,804.31087106017,596.032257786405,176.260402492424,345.40367303096,109.455584473421,165.922919506077,63.8579564063142,159.617241912311,0,0,8.65172426635906,17.3647089604167,5.58368828251663,8.50850270004734,3.45476734169114,8.67980417709112,0,0,0,0,0,0,0,0,317.607690660749,246.592165216171,298.754747752291,647.863300503446,310.748671101041,534.357804570296,94.9592267448461,264.817892397218,12.2029792365387,9.47446563170821,11.4602011889147,24.840402418891,11.8883433156673,20.4387802261116,3.63512353527314,10.1360429919615,299.82103897782,230.899445508117,359.446228708414,818.449035737129,420.631578705228,731.538623911001,185.8943357478,524.944906561852,11.5195820450898,8.87152635104648,13.7851466724614,31.3715118813991,16.0886764453246,27.9719300356725,7.10942161027217,20.0708168069108,0,0,55.9471809692707,133.147131519745,56.4869477315838,93.3203711565083,38.1262445959434,100.987021527075,0,0,0,0,0,0,0,0,337.485452218356,154.507151575379,1607.51119976225,1690.56830501712
"228",2008,1634,18.9166666666667,4835.3855365352,3781.89305242839,1233.93433296205,2368.46328339896,531.581016518078,755.143456888615,257.308843082534,596.333779659391,0,0,0,0,0,0,0,0,0,0,2.07740612092358,4.07881805395148,1.01923400581319,1.45197115028545,0.501231884726734,1.1623629611686,0,0,0,0,0,0,0,0,4511.69813967271,3368.06163055844,878.94035840518,1775.14506634439,488.297902206228,774.302044240032,382.952865696908,1000.32633733896,173.346657495213,129.40631394669,33.879134463588,68.4332102383196,18.8164337425684,29.8374180742664,14.770926829102,38.5842280762916,20915.9735981383,15482.5447563183,4520.423907047,8833.23557920522,2765.19072062208,4164.0203782781,1652.70398046668,4119.91667750762,803.614951028256,594.864309541155,176.099376370265,345.121825001942,108.837724251986,164.290140450466,65.2331741253948,162.921771073194,0,0,8.6499205220845,17.3635996906238,5.55567892077002,8.43021553186423,3.53252617909382,8.86793314943341,0,0,0,0,0,0,0,0,318.523359535856,247.041567406288,299.720537056151,650.080078292772,310.166599147391,530.919475123651,96.8437150727623,269.579981493396,12.2381608925362,9.49173237843175,11.4974368228803,24.9258654247797,11.866458107034,20.3079726938298,3.70742679032428,10.3188086287772,299.55619337538,230.439823457245,359.733488135057,819.072689851619,418.385030249106,724.032942385754,188.687551020282,531.839132240474,11.5094066507763,8.85386692870009,13.7964350319241,31.3961325537583,16.00335295413,27.6860797284636,7.21656430274723,20.3353817809299,0,0,55.9384158226755,133.137266407469,56.1175072562235,92.2929339905264,39.0128455169812,103.202049094003,0,0,0,0,0,0,0,0,339.545045999269,155.370997430666,1620.28655070951,1703.49886817845
"229",2009,1634,19,4810.97576966145,3761.03347027926,1228.01961841085,2357.70083896547,525.72428222748,743.49487759916,260.89000557827,603.677362877492,0,0,0,0,0,0,0,0,0,0,2.06851621438188,4.06172296999123,1.00822371204086,1.42981429311099,0.50837738415759,1.17706409895934,0,0,0,0,0,0,0,0,4524.02871389763,3373.86593936571,881.243725992144,1780.32523831292,486.823423701649,768.044879563356,393.129740762405,1025.48127284657,173.82041787561,129.629324773137,33.9680443932174,68.6331359810727,18.7596574060776,29.5963841560654,15.1637175244156,39.5552142004857,20898.9307850239,15452.9144144192,4515.01959264805,8824.73554648882,2746.62690640413,4115.69013541207,1691.25224740251,4211.41236405458,802.960266652547,593.725861876011,175.890386320119,344.792436619836,108.103221746553,162.375326969341,66.7554452372869,166.539836568217,0,0,8.64872075444129,17.3629913967158,5.52164926857446,8.3372972749463,3.61785708100217,9.07224256926141,0,0,0,0,0,0,0,0,319.499402494658,247.511804294002,300.781497921927,652.394448014657,309.423208450281,526.683654479618,99.1811040126063,275.41404601168,12.2756622108263,9.50979962766621,11.5383198411224,25.0150644917524,11.838394877995,20.146643808868,3.7970618884481,10.5425890909759,299.329189873764,230.013328790632,360.03026346969,819.70541584097,415.690705915794,715.281126335682,192.013030901875,540.01224168097,11.50068519968,8.83748031366825,13.808083844339,31.4210920448272,15.9008900568651,27.3525466758086,7.34407599103097,20.6488766965062,0,0,55.9345306127774,133.132087899547,55.6876830098967,91.1069397570726,39.9772262126186,105.595490146136,0,0,0,0,0,0,0,0,341.534630636222,156.204584617611,1632.58860079558,1715.91752856863
"230",2009,1634,19.0833333333333,4786.62483620741,3740.25846518423,1222.09939674481,2346.92255304833,519.93742954709,732.078504550102,264.374272060628,610.740085106594,0,0,0,0,0,0,0,0,0,0,2.05949751051402,4.04447290399525,0.997347831038102,1.40809783647995,0.515341659399798,1.19123293469013,0,0,0,0,0,0,0,0,4536.23281812703,3379.56966192261,883.519031960569,1785.44910189231,485.346634445602,761.846150537244,403.351013228873,1050.62057742294,174.289319076532,129.848470914991,34.0558665262281,68.830881749731,18.7027899004132,29.3575980377504,15.5582281107643,40.5256192516527,20882.0028476937,15423.4728142946,4509.54702506715,8816.10453721707,2728.19113376457,4068.02891373593,1729.79891399925,4302.48547093552,802.309994604819,592.594666003859,175.678711439058,344.457869233612,107.373754385179,160.486922871488,68.2776700806454,170.141143053166,0,0,8.64691649851463,17.361607921056,5.48783143911936,8.24559627953958,3.70328253526857,9.27585320863271,0,0,0,0,0,0,0,0,320.465352714996,247.974168841198,301.812085199267,654.657600388639,308.65275768553,522.44887774026,101.506846148625,281.173710570018,12.3127757481591,9.52756440903514,11.5780356263441,25.1022956767345,11.8092902387594,19.9853378352558,3.88625519150445,10.7635333948483,299.108573364104,229.592159530645,360.318332815843,820.314337669852,413.018373314672,706.637562616433,195.309116316543,548.014927605245,11.4922091386886,8.8212983094572,13.8193957511093,31.4451320216982,15.7992561962569,27.0231199881398,7.470473185383,20.9558819901007,0,0,55.9293675826832,133.123605008234,55.2602626634549,89.9356301365639,40.9436623286944,107.982062564666,0,0,0,0,0,0,0,0,343.524243956771,157.037219856628,1644.84860058421,1728.2566402525
"231",2009,1634,19.1666666666667,4762.40391847353,3719.64474453281,1216.20951970625,2336.16966639584,514.268541300258,721.002783769141,267.704890007395,617.407864851911,0,0,0,0,0,0,0,0,0,0,2.0503629679245,4.02708180718407,0.986694851507956,1.38702752035849,0.522014144237574,1.20464628598351,0,0,0,0,0,0,0,0,4548.25775180777,3385.1322312267,885.778602765958,1790.51962332845,483.907798448604,755.815296571095,413.554148784694,1075.59736075213,174.75133625845,130.062193723144,34.1430741987248,69.0265612483795,18.6473834889218,29.1252781960357,15.9520489356073,41.489782859269,20865.1248085025,15394.1823913877,4504.1114169388,8807.44712638073,2710.13989077181,4021.66381705765,1768.03389005235,4392.46109906237,801.66163842116,591.469278632617,175.46837583031,344.12211959236,106.6594196678,158.649677635739,69.7876400578255,173.699057047093,0,0,8.64454903355785,17.3594838194344,5.45473140621745,8.15637924796555,3.78816831585799,9.47736942815522,0,0,0,0,0,0,0,0,321.415631085901,248.426347906465,302.806065409445,656.861982812909,307.87173146765,518.287224059614,103.786396028955,286.77742795996,12.3492871465422,9.54493784794113,11.6163452735508,25.1872696740922,11.7797750072143,19.8268124552417,3.97368477640152,10.9785214219493,298.892798720318,229.175077583297,360.59597845032,820.89885635318,410.40578009141,698.212947959413,198.529023478368,555.732425890569,11.4839191018685,8.80527334650972,13.830304915579,31.4682294929472,15.6998953683916,26.7020334024261,7.59396580410692,21.2520072053822,0,0,55.9224012889748,133.111221663236,54.8404945105858,88.7930507028093,41.9057480154931,110.346568822612,0,0,0,0,0,0,0,0,345.519814511292,157.871391889913,1657.10294535119,1740.55430951663
"232",2009,1634,19.25,4738.32145337071,3699.19780775415,1210.35216813915,2325.44741277457,508.715040528927,710.256247509863,270.88610322962,623.69468519232,0,0,0,0,0,0,0,0,0,0,2.0411405715524,4.00958050304557,0.976257192990843,1.36657947473189,0.528401472437925,1.2173278019308,0,0,0,0,0,0,0,0,4560.08654848706,3390.5418893188,888.015519920962,1795.52353337359,482.501863487707,749.940975614895,423.733288351669,1100.39790232484,175.205817543117,130.270041438002,34.2294022074534,69.219665328049,18.5932440023975,28.8989884890688,16.3449542478001,42.4471760894877,20848.307558715,15365.0502446167,4498.7155510465,8798.77032884192,2692.46614543429,3976.56005877217,1805.96455567742,4481.37100438727,801.015616562616,590.349972513925,175.259490412855,343.785464430689,105.959943064847,156.86222600035,71.2856428484947,177.21482742734,0,0,8.64171983057446,17.3567203882721,5.4223280120285,8.06957391150313,3.87251849921294,9.67682723626913,0,0,0,0,0,0,0,0,322.350514582319,248.868426663279,303.766602906658,659.011235417229,307.083610855345,514.201248651988,106.023377374215,292.237138597658,12.3852070477773,9.56192321688526,11.6533702301449,25.2701261174862,11.7499824608177,19.6711659146755,4.05948907767203,11.1880091276499,298.682531516278,228.762759538982,360.863046830742,821.460414117263,407.85096240176,690.002799211121,201.674155196512,563.173460964465,11.4758406617649,8.78943142050748,13.8408053833085,31.4904395869804,15.6027326206963,26.3891163727049,7.71460692880633,21.5375839859626,0,0,55.9136395074001,133.09501743398,54.4282787257514,87.6785741319287,42.8635354135181,112.689505436494,0,0,0,0,0,0,0,0,347.521245762928,158.707066646453,1669.35091125218,1752.811139169
"233",2009,1634,19.3333333333333,4714.38494883746,3678.92242492796,1204.52928767972,2314.76055169388,503.274356228603,699.827751799233,273.922047125823,629.614045826957,0,0,0,0,0,0,0,0,0,0,2.03185411164876,3.99199606729335,0.966028152416018,1.34673120794893,0.534510304450625,1.22930075805539,0,0,0,0,0,0,0,0,4571.70580569712,3395.78958295138,890.224190113907,1800.45025373107,481.124800976951,744.21384430634,433.883076963815,1125.01001090272,175.652247986286,130.471666219316,34.3146361430817,69.409788043907,18.5402165642169,28.6783695042701,16.7367376386718,43.3973287163587,20831.5595729244,15336.0816757454,4493.36154526724,8790.07985291204,2675.16264948953,3932.68324481518,1843.5978471874,4569.24522936348,800.372254638995,589.23695134986,175.052140334224,343.448129808744,105.275041562537,155.12321792875,72.7719490057515,180.689636530952,0,0,8.63851156932211,17.3534000201575,5.39060167091046,7.98510984856682,3.95633665755558,9.8742603814061,0,0,0,0,0,0,0,0,323.270200696916,249.300442777629,304.696327894578,661.108262139594,306.291208300595,510.192565218119,108.221032360066,297.563572671663,12.4205430398312,9.57852196305502,11.6892114366018,25.350976375358,11.7200202585577,19.5184603526719,4.14379192585089,11.392406172206,298.4782450971,228.35571257029,361.119455054162,822.00021832545,405.352071016377,682.002550004137,204.746081679286,570.347089754402,11.4679920051992,8.77379201782901,13.8508939258208,31.5118084612391,15.5076973951275,26.0841951722864,7.83245606541574,21.8129567721589,0,0,55.9031011948742,133.075075813789,54.0235099948695,86.5915753947462,43.8170746326723,115.011353876089,0,0,0,0,0,0,0,0,349.52844268207,159.544210266155,1681.59189949427,1765.02778742592
"234",2009,1634,19.4166666666667,4690.60114638028,3658.82276621362,1198.74262942018,2304.11344759921,497.943936030252,689.706472674199,276.816756937582,635.179001580753,0,0,0,0,0,0,0,0,0,0,2.02252403669921,3.97435249913884,0.956001665303124,1.32746135654008,0.540347301950562,1.24058802026326,0,0,0,0,0,0,0,0,4583.10492787439,3400.86837902088,892.400062017309,1805.29130917558,479.773356094268,738.626058941721,443.998613692724,1149.4228703946,176.090220489462,130.666801686161,34.3986015396457,69.5966041208918,18.4881760058944,28.4631194159764,17.1272101261036,44.3398233215776,20814.887433818,15307.2805878252,4488.0509981733,8781.38038712601,2658.22202904186,3889.99948575806,1880.94030621369,4656.11228254785,799.731805570975,588.130365101713,174.84639059555,343.11030220549,104.604427190436,153.431322979754,74.246813847513,184.124607094153,0,0,8.63499253958873,17.3495907641871,5.35953403814964,7.90291858493785,4.03962600561532,10.0697008144488,0,0,0,0,0,0,0,0,324.174829889456,249.722402007616,305.597457952728,663.155419380098,305.49683226987,506.262110498232,110.382272290628,302.766413275386,12.4553005193767,9.59473430768586,11.7239539917427,25.4299107933879,11.6899767526407,19.3687319508459,4.2267044876116,11.5920821634067,298.280261646943,227.954309547259,361.365169490976,822.519274471088,402.90734836718,674.207570904602,207.74650117515,577.262583506361,11.460385511156,8.75836946473387,13.8605692170344,31.5323745583587,15.4147226442197,25.7870936522835,7.9475776360321,22.078478272738,0,0,55.8908133568892,133.051482487682,53.626079134046,85.5314335278562,44.7664139036442,117.312581523337,0,0,0,0,0,0,0,0,351.541311206478,160.382788937934,1693.82540698428,1777.20494736039
"235",2009,1634,19.5,4666.97608116899,3638.90245039422,1192.99376484835,2293.51009813465,492.721254087881,679.881916637527,279.574167896133,640.402165676824,0,0,0,0,0,0,0,0,0,0,2.01316779254232,3.95667098567832,0.946172219254692,1.30874961020088,0.545919110359093,1.25121200612482,0,0,0,0,0,0,0,0,4594.2758187229,3405.77322476806,894.539511050413,1810.04008696611,478.444943842755,733.17106653245,454.075441051044,1173.62700217138,176.519423980008,130.855253703446,34.4811594593865,69.7798597321943,18.4370228798537,28.2529859694416,17.5161997520443,45.274293860058,20798.296047238,15278.6496501005,4482.78504877189,8772.67571706869,2641.63682831078,3848.47547490943,1917.99809285924,4741.99918443502,799.094457852991,587.030316325928,174.64228835633,342.772133033453,103.947808723897,151.785233357454,75.7104779594417,187.52080400241,0,0,8.63121837939507,17.3453481183476,5.32910789129016,7.8229336564234,4.12238946220245,10.2631788830417,0,0,0,0,0,0,0,0,325.064495343419,250.1342851553,306.471847215948,665.154593315908,304.702351472274,502.410247667123,112.509697212749,307.854359437195,12.4894830666576,9.61055951316209,11.7576690408625,25.5070016632043,11.6599234516809,19.2219949008052,4.30832601716043,11.7873690702043,298.08876942151,227.558803713143,361.600197507688,823.018401537379,400.515123733583,666.613190357031,210.677218332968,583.929356705599,11.4530284128806,8.74317349122913,13.8698315140088,31.5521691912755,15.323744644635,25.4976340374166,8.0600401503125,22.3345067443211,0,0,55.8768097566595,133.024324608465,53.2358738273798,84.4975329103845,45.7115995753735,119.593641576546,0,0,0,0,0,0,0,0,353.559758026659,161.222768835903,1706.05101503197,1789.34333845148
"236",2009,1634,19.5833333333333,4643.51517534881,3619.16461941956,1187.28410919131,2282.95417934358,487.603818883889,670.343920252059,282.198119324238,645.295729944455,0,0,0,0,0,0,0,0,0,0,2.00380032274547,3.93897030285403,0.93653472617314,1.29057658079605,0.55123234034338,1.26119465630236,0,0,0,0,0,0,0,0,4605.21243661584,3410.50060461245,896.639673060665,1814.69149148675,477.137506508914,727.843322941311,464.109513407768,1197.61416509379,176.939626328958,131.036887196948,34.5622001199144,69.9593592602013,18.3866779911227,28.0477556670665,17.903550374706,46.2004218344548,20781.7889513023,15250.1905324608,4477.56446212125,8763.96889328137,2625.39956300566,3808.07855735033,1954.77701593285,4826.93157619552,798.46034743002,585.93686918212,174.43986624141,342.433745133352,103.304893762495,150.183666608239,77.1631683582355,190.879238484604,0,0,8.62723459161767,17.340717618568,5.29930694501819,7.74509064018056,4.20462973553722,10.4547236093991,0,0,0,0,0,0,0,0,325.939256049136,250.536057097217,307.321056806664,667.107307787162,303.909287216732,498.636911652694,114.605628391168,312.835229992862,12.5230929481637,9.62599622998406,11.7904164797295,25.5823073646505,11.6299185617095,19.0782469791151,4.38874509991445,11.9785651987192,297.903847468245,227.169349836754,361.824575989083,823.498255275603,398.173801715768,659.2147123365,213.540118091992,590.356887764517,11.4459237476671,8.72821004377631,13.8786822143668,31.5712174307941,15.234702553425,25.2156375954056,8.16991520524848,22.581402953491,0,0,55.8611291259226,132.993689844502,52.8527795856926,83.4892644733233,46.6526762150245,121.854973548398,0,0,0,0,0,0,0,0,355.583690301848,162.064116041361,1718.2683727915,1801.44369521399
"237",2009,1634,19.6666666666667,4620.22330927356,3599.61199542562,1181.614939253,2272.44908014267,482.589179024003,661.082648959524,284.692357700193,649.87148069222,0,0,0,0,0,0,0,0,0,0,1.99443445028502,3.92126712856349,0.92708443392352,1.27292371037855,0.556293552380987,1.27055741246285,0,0,0,0,0,0,0,0,4615.91045589221,3415.04827893274,898.698317754212,1819.24168199436,475.849408231164,722.638085934804,474.0971703761,1221.37726969651,177.350661337499,131.211616116834,34.6416380441038,70.1349552423207,18.3370783519612,27.8472458272301,18.289120650959,47.117933011257,20765.3685518935,15221.9040837666,4472.38969442301,8755.26235840422,2609.50275974795,3768.77677841184,1991.28255797944,4910.93380978426,797.829566745366,584.850056284653,174.239144855452,342.095237692617,102.675390266449,148.625367519323,78.6050994541564,194.200871586347,0,0,8.62307840599339,17.3357367391115,5.27011571546231,7.66932714654792,4.28634938637405,10.6443629052396,0,0,0,0,0,0,0,0,326.799146499393,250.927673381292,308.146407579929,669.014803513957,303.118880420625,494.941711704861,116.672135665009,317.716050602503,12.5561314891514,9.64104275023183,11.8222469796621,25.655875407637,11.6000095551534,18.9374734820988,4.46804070027792,12.1659385234887,297.725484781254,226.786020660915,362.038363433203,823.959348680255,395.881854762028,652.007433801818,216.337143937421,596.554653759887,11.4390710928185,8.71348191726714,13.8871235513463,31.5895388870365,15.147538120515,24.9409253011924,8.27727665227553,22.8195276772754,0,0,55.8438138574847,132.959665721344,52.4766804711166,82.506026659827,47.5896866918595,124.097003659531,0,0,0,0,0,0,0,0,357.613015472515,162.906796498308,1730.47718515108,1813.50675924735
"238",2009,1634,19.75,4597.1048806653,3580.24692814454,1175.98740825816,2261.99793103324,477.674927512404,652.088593803167,287.060539437918,654.140813596095,0,0,0,0,0,0,0,0,0,0,1.98508118992582,3.90357630779011,0.917816863839959,1.25577320199446,0.561109243478709,1.27932120204554,0,0,0,0,0,0,0,0,4626.36699052415,3419.41507129248,900.713745599408,1823.68785992498,474.579352106943,717.551253631338,484.035111851856,1244.91029653081,177.752418119827,131.379395262536,34.7194081090649,70.3065402156365,18.2881740004726,27.6512983833314,18.6727830815878,48.0265942950156,20749.0363144659,15193.7904767198,4467.26094589608,8746.55804994358,2593.93898620745,3730.53891531172,2027.51989834016,4994.02903176521,797.202172110086,583.769884268781,174.040134826029,341.75669022222,102.059007732711,147.109109363232,80.0364739375501,197.486617401238,0,0,8.61878023559951,17.3304363616715,5.24151941606776,7.59558277310229,4.36755087568434,10.8321237484327,0,0,0,0,0,0,0,0,327.644184219594,251.309085224764,308.949022129094,670.878099249136,302.332142919001,491.324006863759,118.711062759455,322.503133826169,12.5885993629642,9.6556971995936,11.8532036003932,25.7277447806657,11.5702351377357,18.799650120865,4.54628313115475,12.3497297531667,297.553596185421,226.408820625555,362.241634409388,824.402071495265,393.637818333629,644.986662773142,219.070278523315,602.532073828591,11.4324671759389,8.69898928228701,13.8951583798516,31.6071484545808,15.062195502867,24.6733185268122,8.38219985509946,23.0492395351923,0,0,55.8249090100741,132.922339169732,52.1074596719728,81.5472261932257,48.5226722577673,126.320145221018,0,0,0,0,0,0,0,0,359.647641139084,163.750775993514,1742.67720337077,1825.53327358623
"239",2009,1634,19.8333333333333,4574.16385630771,3561.07143633349,1170.40255884296,2251.60362926834,472.858705080621,643.352566893194,289.306233559621,658.114748041153,0,0,0,0,0,0,0,0,0,0,1.97575001944563,3.88591108576738,0.908727758956982,1.23910796002354,0.565685835935984,1.28750642750816,0,0,0,0,0,0,0,0,4636.58035493893,3423.60068471478,902.68469874702,1828.02808560998,473.326310631153,712.579230304193,493.9203734715,1268.20821603773,178.144831913541,131.540213223725,34.7954621320873,70.4740396886609,18.2399253305922,27.4597747322467,19.0544230722157,48.9262106599876,20732.7929299665,15165.8493327782,4462.17820641398,8737.8574887456,2578.70087591778,3693.33449934051,2063.49393509749,5076.23926297707,796.578190077886,582.696338590079,173.842838567501,341.418165981134,101.455458164185,145.633694774162,81.4574836227864,200.737346143131,0,0,8.61436492153946,17.3248420251918,5.21350386754771,7.5237990528615,4.44823660509819,11.0180323342871,0,0,0,0,0,0,0,0,328.47437606291,251.680243613356,309.729860680909,672.698043088951,301.549900744839,487.78296826754,120.724050548075,327.202152481225,12.6204968329029,9.66995769486238,11.8833231683473,25.7979479214674,11.540626907366,18.6647454111527,4.62353494498886,12.5301551390598,297.388036222559,226.037697891221,362.43447512063,824.826708203799,391.440286479916,638.147733584481,221.741526849078,608.298461091851,11.4261064084604,8.68473014707745,13.9027900051026,31.6240570000048,14.9786210946807,24.4126396239674,8.484761045363,23.2708931479166,0,0,55.8044614689248,132.88179616006,51.7449999914214,80.6122787059321,49.4516726312437,128.524799030589,0,0,0,0,0,0,0,0,361.687474974739,164.596020148353,1754.86821710563,1837.52397807912
"240",2009,1634,19.9166666666667,4551.40381607429,3542.08724308871,1164.86133414194,2241.26886036443,468.138202587749,634.86569570836,291.432924188336,661.80394073581,0,0,0,0,0,0,0,0,0,0,1.96644910724671,3.8682833084286,0.89981304521785,1.22291154197211,0.570029667978454,1.29513296013315,0,0,0,0,0,0,0,0,4646.54986396392,3427.60554835997,904.610286705645,1832.26112605955,472.089469748476,707.718819533706,503.750303270439,1291.26691199604,178.527876393214,131.694086489428,34.8697660218242,70.6374063036509,18.1923009441659,27.2725516317011,19.4339380398736,49.8166222177111,20716.6384533788,15138.0798261055,4457.14129350037,8729.161852324,2563.78114757739,3657.13382843804,2099.20930550415,5157.58547302592,795.957622768136,581.629387518348,173.647251750031,341.079714815503,100.864456824682,144.197956250375,82.8683102339049,203.953887019669,0,0,8.60985274305125,17.3189749305895,5.18605542492263,7.45391939064418,4.5284089486617,11.2021142006627,0,0,0,0,0,0,0,0,329.289723193353,252.041102446024,310.489750465759,674.475353166551,300.772828578714,484.317626856678,122.712558338971,331.818206511443,12.6518239436827,9.68382246476214,11.9126374044371,25.8665122800375,11.5112106743396,18.5327225027645,4.69985174912946,12.707409035303,297.228610919468,225.672554577502,362.616980202954,825.233454604915,389.287908418153,631.486020732024,224.352901626359,613.862982046824,11.4199813377898,8.67070075091275,13.9100220589656,31.6402719957739,14.896763396393,24.158712453704,8.5850367622429,23.484837581925,0,0,55.7825192817936,132.838121440938,51.3891842457384,79.7006092372774,50.3767260790635,130.711353764003,0,0,0,0,0,0,0,0,363.732424675184,165.442494423547,1767.0500479779,1849.47960596405
"241",2010,1634,20,4528.71511002942,3523.17496353767,1159.30928910081,2230.92466894734,463.381214297022,626.069415821339,293.592089031921,665.780277972599,0,0,0,0,0,0,0,0,0,0,1.95721989716907,3.85073383266137,0.890819108746179,1.20610855056103,0.574431807377353,1.30330237100828,0,0,0,0,0,0,0,0,4656.33070681752,3431.47465077822,906.460806168764,1836.35515328309,470.736441645264,702.350220738748,513.674748586844,1314.71717193005,178.903672016872,131.842743591686,34.9411806712557,70.7954191219287,18.1401990993055,27.0657443417002,19.817102135332,50.7221357113031,20700.6907369965,15110.5494611526,4452.00284188403,8720.30521907158,2548.45754524466,3618.72675253498,2135.48800062084,5241.33948360125,795.34499814627,580.571624684561,173.447758442521,340.735012599455,100.25759127255,142.675329572258,84.3012923433997,207.265243108793,0,0,8.60541237976623,17.3129904411419,5.15771414272962,7.37940202956536,4.6097271952768,11.3910302120685,0,0,0,0,0,0,0,0,330.102084910363,252.395782108887,311.250408479181,676.230855155327,299.949938543233,480.527940695603,124.780831931932,336.794705957106,12.6830363479167,9.69744982112408,11.9419793100864,25.9342361486211,11.4800349632989,18.3882733014809,4.77922334376407,12.8984588418393,297.078937053578,225.316523189746,362.79296540734,825.626020619831,387.07076583093,624.447628245902,227.03017052384,619.795262702025,11.41423092624,8.65702144965871,13.917000744196,31.6559354115216,14.8124162373531,23.8903466495595,8.68783941047186,23.7128642205209,0,0,55.7601458419515,132.792486468883,51.0255752149584,78.7424106856475,51.3142871247292,132.951017560958,0,0,0,0,0,0,0,0,365.770065531985,166.285894927649,1779.14929701011,1861.34057149958
"242",2010,1634,20.0833333333333,4505.21999544443,3503.40928908316,1153.33153088443,2220.02543147946,457.651460621164,613.060859160088,296.847125994912,674.027000451093,0,0,0,0,0,0,0,0,0,0,1.94821066867356,3.83336311511299,0.879956357836048,1.18117961549317,0.580946539747152,1.31971649896516,0,0,0,0,0,0,0,0,4666.44654609918,3435.61598598681,908.064592890861,1840.16261047449,468.337278066242,692.086256596079,524.85204620829,1343.30223493468,179.292338739013,132.001860313096,35.003123370495,70.9424211287393,18.0477807799348,26.6702848871838,20.2485509596008,51.8255304918535,20685.7175670947,15083.6846824613,4445.66666311418,8710.02461244923,2527.5432287655,3555.33103993943,2178.26076146851,5350.80825151222,794.769815009137,579.539434785095,173.202541203916,340.335842625509,99.4308037305727,140.167547604065,85.9897741010943,211.590388987647,0,0,8.60179429175226,17.307520828966,5.1180195826278,7.25379882096033,4.70428848244274,11.6326240464215,0,0,0,0,0,0,0,0,330.996413429091,252.774507189212,312.15194048503,678.100068675763,298.690297942403,473.525488065613,127.650836146033,345.163223075425,12.717398041123,9.71200104097763,11.976722633568,26.0063142747248,11.4321375158928,18.1208650214585,4.8892835510915,13.2193173556442,296.960070538551,224.986708726348,362.985971847111,826.012782111428,384.000044087896,613.072881583467,230.673961347143,630.120757585901,11.4096641746744,8.64434944472747,13.9246278950998,31.6713666701767,14.695392715804,23.4560471446167,8.82763480355223,24.108984337685,0,0,55.744619720075,132.752424117753,50.5501853663475,77.2410887367809,52.3839536148014,135.753160240509,0,0,0,0,0,0,0,0,367.709450099658,167.094708875646,1790.62053869701,1872.63760922971
"243",2010,1634,20.1666666666667,4481.83989942926,3483.78560979285,1147.38887245931,2209.16042337821,452.057529656846,600.572068165776,299.932956510491,681.712063354883,0,0,0,0,0,0,0,0,0,0,1.93906748861318,3.81583786287143,0.869358179760791,1.15723841379627,0.58714529636831,1.33507694202269,0,0,0,0,0,0,0,0,4676.49380536184,3439.70086291386,909.688053169133,1843.98553788184,466.021470560555,682.213187601739,536.027817838296,1371.73626988595,179.678370507153,132.158807817044,35.0658116929302,71.0900002843636,17.9585713188619,26.2898839999413,20.6799446675033,52.9231100930842,20670.6668869623,15056.8645887559,4439.36263651504,8699.70383171025,2507.10975716011,3494.16426484208,2220.59397227215,5458.20149433049,794.191652651729,578.508961780526,172.958473745017,339.934959405126,98.6229508153528,137.747708973877,87.660978857227,215.833633876114,0,0,8.59750665020692,17.301189431381,5.07927242846008,7.13261093327214,4.7980990011374,11.8703903622573,0,0,0,0,0,0,0,0,331.871664602245,253.142236744996,313.00925663967,679.906327484051,297.421652207452,466.705287501773,130.432959435925,353.0993110578,12.751026750988,9.72612979523086,12.0097675580976,26.0759737783099,11.3838896937154,17.860413041882,4.99598263377937,13.5236348135639,296.835897006426,224.651865266014,363.16260327218,826.353573996262,380.997504362948,602.045221001966,234.234529458259,640.040783966395,11.4048935135218,8.63148421780961,13.9316238504108,31.6850276900836,14.5809662890234,23.0349913325645,8.96425174022593,24.4896108088283,0,0,55.7272303827346,132.70842000437,50.0845224257094,75.788583008279,53.4468667283537,138.513561952863,0,0,0,0,0,0,0,0,369.65402532404,167.904717799312,1802.07275373905,1883.85618009693
"244",2010,1634,20.25,4458.58954622243,3464.31444611431,1141.48490185663,2198.33761642252,446.596328798209,588.580743822944,302.855267542,688.861371608655,0,0,0,0,0,0,0,0,0,0,1.92982287143506,3.79819394165715,0.859013830652886,1.13424067690936,0.593035635600569,1.34942374325523,0,0,0,0,0,0,0,0,4686.42778438558,3443.69677351185,911.314966185302,1847.79141329393,463.776380493412,672.699613796036,547.190735903097,1399.98767782978,180.060049867359,132.312337092356,35.1286233796645,71.2369083725882,17.8720851004922,25.9233339884719,21.1108478241402,54.0136603836103,20655.5705379896,15030.1118680353,4433.09802558445,8689.35880596699,2487.14913683763,3435.150916547,2262.50162074389,5563.6045340879,793.6117344667,577.481077380019,172.715840944621,339.532986242253,97.8337193251986,135.412844705054,89.3154525322247,219.99832754453,0,0,8.59267677054936,17.2941314880676,5.04144433528061,7.01568199332295,4.89117124126539,12.1044495265276,0,0,0,0,0,0,0,0,332.72871334042,253.499402155804,313.827241044602,681.655510900245,296.149809820447,460.069873702962,133.134791052904,360.642345147565,12.783956092956,9.73985265817648,12.0413016112565,26.1434404043347,11.3355141028941,17.6070155232332,5.09961102277433,13.8129177651843,296.708960901061,224.314261045135,363.324450732738,826.655309133863,378.062297840184,591.358572791181,237.71219448056,649.558802181698,11.4000167043624,8.61851291817469,13.9380496013986,31.6971834353515,14.4691047663949,22.6269483415576,9.09770189273747,24.8548737152921,0,0,55.7080122972723,132.660634909195,49.628458200609,74.3834416800799,54.5031741563208,141.233613145702,0,0,0,0,0,0,0,0,371.603681944189,168.71588721754,1813.50523619163,1894.99828746739
"245",2010,1634,20.3333333333333,4435.48174445174,3445.00481273901,1135.62272004339,2187.56402655487,441.264714078199,577.065380979844,305.619548271374,695.49965287601,0,0,0,0,0,0,0,0,0,0,1.92050479822154,3.78046339594375,0.848913901618732,1.11214456921137,0.598625320220114,1.36279649212668,0,0,0,0,0,0,0,0,4696.21218994072,3447.5775777832,912.932250007973,1851.55419866878,461.591955952122,663.519460108439,558.330524052061,1428.02781068415,180.435982375708,132.461443798524,35.1910565311952,71.3821458806762,17.7879357831609,25.5696316128179,21.5408652750254,55.0960802370765,20640.4544786709,15003.4448267841,4426.87855110094,8679.00240322111,2467.65267320516,3378.21671660096,2303.99676403918,5667.09786575137,793.031057818582,576.456484947916,172.474867949541,339.130427790304,97.0627687474145,133.160034240072,90.9537050405848,224.087632006075,0,0,8.58740778125466,17.2864552591304,5.00450789852543,6.90285832215322,4.98351600267562,12.3349130442784,0,0,0,0,0,0,0,0,333.56821787061,253.846291173884,314.609812157711,683.352011133091,294.87924708401,453.619705835503,135.763147664498,367.827870678773,12.8162113571421,9.75318068571586,12.0714752381675,26.2088827803973,11.2871822522848,17.3606909315523,5.20042955235737,14.0885261239258,296.581318218447,223.975751819066,363.472914291971,826.923859972206,375.193472000757,581.006314526118,241.107688361959,658.680652535788,11.3951127418613,8.60550684691054,13.9439588363348,31.7080590286116,14.3597720083081,22.2316663024921,9.22801275634236,25.2049943974069,0,0,55.6870082635418,132.609222669365,49.1818533907255,73.0242343577503,55.5530170058025,143.91465376287,0,0,0,0,0,0,0,0,373.558315219128,169.528183809634,1824.91746608113,1906.06599419611
"246",2010,1634,20.4166666666667,4412.52764210924,3425.86442122032,1129.80500597619,2176.84583785075,436.059519606549,566.005290856963,308.231097500179,701.650497097543,0,0,0,0,0,0,0,0,0,0,1.91113732972084,3.76267479655482,0.839050028527527,1.09091045052375,0.603922248288644,1.37523411468959,0,0,0,0,0,0,0,0,4705.81781335354,3451.32248727773,914.529442609755,1855.25325746436,459.460238686186,654.650938036389,569.437898422309,1455.8309311892,180.805045788246,132.605329210048,35.2527097197801,71.5249205033463,17.7058173932813,25.2279382619814,21.969639905168,56.1693800425761,20625.3397177158,14976.8780964506,4420.70865139533,8668.64494895074,2448.61116662871,3323.2889457511,2345.09158874485,5768.75736486401,792.450429895069,575.435746647769,172.235730220987,338.727690096076,96.3097388662565,130.986418154458,92.5762126050239,228.104529513048,0,0,8.58178318688842,17.2782474749214,4.96843677063245,6.79399008919525,5.0751427108385,12.5618844770145,0,0,0,0,0,0,0,0,334.390664039865,254.183080233369,315.360112764618,684.99906581878,293.613398689706,447.3537087654,138.32413194602,374.687889421377,12.8478112105494,9.76612065673057,12.1004090945185,26.2724251833773,11.2390257027885,17.1213988163094,5.29867170434732,14.3516841271157,296.454608727331,223.637840286599,363.609207642351,827.164158116766,372.389966817906,570.981348884916,244.422094809453,667.414161405525,11.390244628593,8.59252374010687,13.9493981117766,31.7178435548095,14.2529277671247,21.8488751440381,9.3552253263275,25.5402703634984,0,0,55.6642669765621,132.554329675871,48.7445600012022,71.7095556911589,56.5965300572331,146.557973836661,0,0,0,0,0,0,0,0,375.517823779083,170.341574996139,1836.30906787806,1917.06138611006
"247",2010,1634,20.5,4389.7370055389,3406.8999008933,1124.03408771427,2166.18853932465,430.977581321072,555.380577237765,310.695038767902,707.336443945769,0,0,0,0,0,0,0,0,0,0,1.90174128274072,3.74485370458129,0.829414631997858,1.07050060173896,0.608934389977053,1.38677474122436,0,0,0,0,0,0,0,0,4715.22115691067,3454.91501383285,916.098170601258,1858.8722487571,457.374884883707,646.075550104514,580.50447105378,1483.37402633511,181.166337285249,132.743359825354,35.3132616264265,71.6646047459924,17.6254859436017,24.8975417557039,22.3968489464356,57.2326745964703,20610.2432812494,14950.4233620542,4414.59174654367,8658.29475180797,2430.01508590598,3270.29660985275,2385.79750301269,5868.65469028528,791.870504868081,574.419311436581,171.998563741871,338.325100936343,95.5742565046657,128.889204592051,94.1834213143053,232.051838151346,0,0,8.5758712572232,17.2695784442375,4.93320566519286,6.68893185586808,5.16605973452404,12.7854606202289,0,0,0,0,0,0,0,0,335.196407965617,254.509864765495,316.080692139295,686.599065297981,292.354922757825,441.269738888943,140.82321899788,381.251281548514,12.8787693357626,9.77867623784112,12.1282010407901,26.3341593386381,11.1911462367806,16.8890576959094,5.39454691869038,14.6034964912271,296.330133189592,223.301740253941,363.734374757284,827.380327585416,369.650624528158,561.276202709267,247.656779358603,675.768711619779,11.3854623419659,8.5796102341378,13.9544074859466,31.7266951580645,14.1485280516231,21.4782903649648,9.47939141541396,25.8610588254975,0,0,55.6398409582468,132.49609502223,48.3164236582595,70.4380270855839,57.6338422705739,149.164816333586,0,0,0,0,0,0,0,0,377.482108589049,171.156028589797,1847.67977316696,1927.98654504587
"248",2010,1634,20.5833333333333,4367.11835179195,3388.11690429055,1118.31197624488,2155.59698921129,426.015751844441,545.172143828942,313.016324079086,712.579006575889,0,0,0,0,0,0,0,0,0,0,1.89233456198459,3.72702289807296,0.820000799950821,1.05087913087958,0.613669747432348,1.39745560119422,0,0,0,0,0,0,0,0,4724.40375253459,3458.34244572056,917.63188308429,1862.39857149597,455.330923680761,637.777592550983,591.522714001229,1510.63675477818,181.519147293645,132.875047239523,35.3724608398542,71.8007146193155,17.5467501693846,24.5778372608655,22.8222026094649,58.285181118521,20595.1786934849,14924.0897259416,4408.53037059391,8647.95836632512,2411.85466279943,3219.17058326469,2426.12517324718,5966.85742579174,791.291802361782,573.407529040923,171.763470122217,337.922919975356,94.8559391997586,126.865674859204,95.7757485345659,235.932217281322,0,0,8.5697271455398,17.2605045027094,4.89879035397641,6.58754286323288,5.25627455156472,13.0057320994522,0,0,0,0,0,0,0,0,335.985698102024,254.82667508082,316.77359632486,688.153706586014,291.105827755371,435.364806894726,143.265298620019,387.544007402756,12.9090952787726,9.79084859362759,12.154929609103,26.3941503333719,11.1436207289612,16.6635536120318,5.48824221337913,14.8449561385168,296.208892017667,222.968408706784,363.849300013819,827.575755417912,366.974202071312,551.88310106316,250.813347161579,683.754989645055,11.3808043194986,8.56680309792231,13.9590209040913,31.7347437422915,14.0465255985738,21.1196158591172,9.60057203482504,26.1677670117279,0,0,55.6137855288365,132.434650587256,47.8972849000566,69.2082988052759,58.6650769055872,151.73637738929,0,0,0,0,0,0,0,0,379.45107243505,171.971512620262,1859.02940315149,1938.84353500848
"249",2010,1634,20.6666666666667,4344.67912111049,3369.52024381556,1112.64040949258,2145.0754994921,421.17091505377,535.361678106763,315.199743191945,717.398726740355,0,0,0,0,0,0,0,0,0,0,1.88293258949189,3.70920268022966,0.810802138237853,1.03201181758541,0.618136312271899,1.40731293632831,0,0,0,0,0,0,0,0,4733.35130207234,3461.59519073385,919.125519800862,1865.82267265109,453.324467656736,629.743567794359,602.485890423827,1537.60129611282,181.862926455531,133.000022904624,35.4301131359145,71.932883113101,17.4694604222653,24.2683047448454,23.2454414490747,59.3262135046104,20580.1565831736,14897.8841636357,4402.52633612622,8637.64091996448,2394.11999774426,3169.84370552833,2466.08458677942,6063.42935058092,790.714730753165,572.400667471372,171.530522957414,337.521351417942,94.1543993132515,124.913187184559,97.3535853286553,239.748178000754,0,0,8.56339554775953,17.251071071149,4.86516764681103,6.48968728041807,5.34579394956534,13.2227841435414,0,0,0,0,0,0,0,0,336.758701642392,255.133495028973,317.440478688799,689.664177796931,289.867628435882,429.635345772186,145.654734625907,393.589394356825,12.9387954633996,9.8026371035668,12.1806582485359,26.4524436994057,11.0965071298021,16.4447504200996,5.57992445716704,15.0769551816799,296.091634710042,222.638586893627,363.954722405225,827.753185037672,364.359381280691,542.794036969229,253.893596106216,691.384698766074,11.3762993582072,8.55413081141118,13.963266740493,31.7420945437583,13.9468702581424,20.7725465757211,9.71883559599349,26.4608411751649,0,0,55.5861575883268,132.370121249161,47.4869806413547,68.0190512155623,59.6903518816657,154.273808091697,0,0,0,0,0,0,0,0,381.424619324623,172.787995139678,1870.35784685892,1949.63438692804
"250",2010,1634,20.75,4322.42582764123,3351.11401131283,1107.02089080839,2134.62790974376,416.43999841971,525.931633745955,317.24993175233,721.81522561836,0,0,0,0,0,0,0,0,0,0,1.87354868443451,3.69141116844651,0.801812654666825,1.01386598694947,0.622342027506545,1.41638193075718,0,0,0,0,0,0,0,0,4742.05293104127,3464.6662061601,920.575224496696,1869.13744978424,451.352468859936,621.961694799553,613.387990004728,1564.25219634696,182.197256955895,133.118016228373,35.486070489008,72.0608372875078,17.3934993088462,23.9684901810921,23.6663338954848,60.3551764325991,20565.1852097761,14871.8119190442,4396.58087588098,8627.34639401174,2376.80114809261,3122.25084957264,2505.68511001488,6158.43069643814,790.139607388194,571.398928207072,171.299773301462,337.120554879319,93.4692474658121,123.029179379732,98.9172986989191,243.502093085048,0,0,8.5569129079155,17.2413151508676,4.8323153480859,6.39523429305698,5.43462419874021,13.4366972987626,0,0,0,0,0,0,0,0,337.515526871987,255.430277650158,318.082691850626,691.131308783436,288.641470823468,424.077418683758,147.995422133006,399.408412515583,12.9678740501239,9.81403996338817,12.2054388555831,26.5090711995766,11.0498492613482,16.2324977714595,5.66974256501901,15.3002954826186,295.978903477833,222.312836705779,364.051251401461,827.914806136997,361.804783282415,534.000845199942,256.899471891065,698.670291192046,11.3719682908044,8.54161496336491,13.9671684042289,31.7488315717223,13.8495095421366,20.436771338878,9.83425618741776,26.7407563268199,0,0,55.5570146598471,132.302625220373,47.0853454626569,66.8689959023042,60.7097800954022,156.778216083363,0,0,0,0,0,0,0,0,383.402654019315,173.605444080179,1881.66504392557,1960.36108764621
"251",2010,1634,20.8333333333333,4300.36415881498,3332.90165698937,1101.45471437724,2124.25763592707,411.8199800579,516.865211661933,319.171377258365,725.847243584978,0,0,0,0,0,0,0,0,0,0,1.86419431693482,3.67366450741784,0.793026699052263,0.996410431224976,0.62629476318398,1.42469668018227,0,0,0,0,0,0,0,0,4750.50070758294,3467.55063193449,921.978162372152,1872.33787116268,449.412570668519,614.421616971064,624.223679748848,1590.57623334557,182.521834040051,133.228840479311,35.5402240723456,72.1843837026895,17.3187760042788,23.6779943312194,24.0846743730142,61.3715602246644,20550.2708022044,14845.8767582814,4390.69473235296,8617.07780057202,2359.88817943497,3076.32893676752,2544.93553184285,6251.91835022732,789.566671596719,570.402455947961,171.071253131231,336.720652238286,92.800094537982,121.211169435437,100.467233260455,247.196204814362,0,0,8.55030872161833,17.2312667481525,4.80021219896118,6.30405800378961,5.52277115892465,13.647547936518,0,0,0,0,0,0,0,0,338.256236723471,255.716954451775,318.701341972758,692.555656304577,287.428201121874,418.686825217769,150.290831609055,405.01988615026,12.9963334569077,9.82505454149638,12.2293138596677,26.5640541003891,11.0036794613625,16.0266351942087,5.75782918624181,15.515696751064,295.871062166548,221.991564957593,364.139381180853,828.062322670732,359.30898335349,525.495262091678,259.833035119465,705.624778820316,11.3678250969183,8.52927118423931,13.9707448835767,31.7550202123693,13.754389192176,20.1119751372089,9.94691231261673,27.0080089831765,0,0,55.5264143997508,132.232274447321,46.6922124390136,65.756876234896,61.7234696545977,159.25066686099,0,0,0,0,0,0,0,0,385.385081799397,174.423827195125,1892.95097541016,1971.02557558997
"252",2010,1634,20.9166666666667,4278.49907600751,3314.88606927234,1095.94299095001,2113.96771986932,407.30789549673,508.146338901711,320.968425501369,729.512682359243,0,0,0,0,0,0,0,0,0,0,1.85487936521734,3.65597708190297,0.784438898421354,0.979615324726738,0.630002292637477,1.43229016302738,0,0,0,0,0,0,0,0,4758.68915309717,3470.24541820635,923.332334875288,1875.42059030468,447.502959255386,607.114112031094,634.988250053616,1616.56226731857,182.836447211418,133.332378477295,35.5924971563541,72.3033936349245,17.2452205510924,23.3964616045369,24.5002812371894,62.3749351348572,20535.4179037911,14820.081227559,4384.86824883044,8606.83736244788,2343.37121704295,3032.01694766655,2583.84410975338,6343.94606711417,788.996097946605,569.411348523366,170.844978866757,336.321734602335,92.1465536753999,119.456755947437,102.003713020059,250.832633220548,0,0,8.54360689057277,17.2209503653953,4.76883782501985,6.21603736782012,5.61024038760744,13.8554087520454,0,0,0,0,0,0,0,0,338.980862489763,255.993444768633,319.297344267784,693.937591069104,286.228437595125,413.459213904716,152.544053091112,410.440706522294,13.0241748860646,9.83567773860565,12.2523183552626,26.6174065164813,10.9580213411291,15.8269964136478,5.84430239925155,15.7238046963724,295.76832578803,221.675048127391,364.21950458471,828.19702099366,356.870523165461,517.268977563663,262.696430151733,712.261550248781,11.3638780377542,8.51711009677129,13.9740112798935,31.7607098384891,13.66145364778,19.7978411150373,10.0568856955194,27.2631101532494,0,0,55.4944140735226,132.159174979571,46.3074139609605,64.6814678025386,62.7315241524772,161.692185257135,0,0,0,0,0,0,0,0,387.371808228486,175.243112001149,1904.2156540363,1981.62973589902
"253",2011,1634,21,4256.40768046998,3296.63071198467,1089.24965452817,2099.79942478706,404.233073997786,502.225010587588,322.357576756013,734.079929624476,0,0,0,0,0,0,0,0,0,0,1.84403909573638,3.63212729751297,0.778612498715234,0.968208711932345,0.632691808348634,1.44089523764828,0,0,0,0,0,0,0,0,4766.82629083864,3472.90062297969,923.661085552893,1875.00548404299,447.096667603929,602.994720006291,645.099893174861,1642.56852091338,183.149089056106,133.434395690808,35.6052660119111,72.2875742136173,17.2295986651969,23.23779026152,24.8907437408541,63.3791596932034,20521.1212072866,14794.6685030131,4374.4674304925,8581.08108915955,2334.94942976866,3004.034816582,2619.02146067787,6435.10713847009,788.446892941311,568.434949155912,170.440905344063,335.316962950892,91.8113729211067,118.345864644861,103.392043321142,254.42996018228,0,0,8.52956390873378,17.1809256793521,4.75387223274508,6.16137216058681,5.6897853386372,14.0607582297032,0,0,0,0,0,0,0,0,339.73384943079,256.28011892588,319.65339889052,694.16709476505,286.097518849271,410.511496131328,154.182224399783,414.983895552596,13.0531059935669,9.84669221521024,12.2661130020298,26.6265496887635,10.9532784181505,15.714617879526,5.90725644313216,15.8984156223643,295.686857547556,221.3756724554,363.97377693605,826.896370015225,355.666090994747,511.83871119831,264.696978230649,717.569723233314,11.3607481288617,8.50560760012949,13.9647720818448,31.7113459285612,13.6157494015177,19.5906977240436,10.1338587657344,27.4674755836757,0,0,55.4142109881872,131.857692147764,46.0831596956215,63.9566471041026,63.638934902785,164.02644883461,0,0,0,0,0,0,0,0,389.317834641061,176.041985465986,1915.20873037378,1991.90491879313
"254",2011,1634,21.0833333333333,4233.53849591687,3277.55555463817,1079.65215257545,2076.20736018039,404.433335973532,502.418104251885,322.957735491073,741.456773213125,0,0,0,0,0,0,0,0,0,0,1.82920116897356,3.59286132022595,0.779123994221662,0.968642174368367,0.633372382918604,1.45341844937207,0,0,0,0,0,0,0,0,4775.12978629078,3475.66533845131,921.526068901606,1866.10864453577,450.290195171236,606.186561275602,653.617835527926,1669.10584227356,183.468122630072,133.540620480476,35.5231146828407,71.9448032368887,17.3527036092339,23.3608741325801,25.2198276281333,64.4040151031563,20508.210579168,14770.0733546202,4352.82276652998,8517.35609011769,2345.60265120998,3012.93858182029,2645.63777972802,6526.95662387236,787.950940812673,567.489962413071,169.599805686304,332.829508197388,92.2264175771627,118.688501642069,104.440237688798,258.042608237148,0,0,8.49679190142195,17.0672457703455,4.77776558423828,6.18234293253844,5.75109918767836,14.2660888969585,0,0,0,0,0,0,0,0,340.578158192481,256.606658671863,319.420122360473,691.572570473209,288.555813973414,412.856757704638,154.466923832913,417.874315919458,13.0855458254255,9.85923839158386,12.2572887211377,26.5273609203994,11.0476590649694,15.8048453631155,5.91845607871443,16.009985226226,295.658861163423,221.116289408482,362.948667121625,822.092172515259,357.43224749753,512.806597188028,264.69609405909,720.210248808186,11.3596726872563,8.49564168423685,13.9256248949411,31.5276088543126,13.6837588954697,19.6284252194605,10.1342837733862,27.570008667875,0,0,55.2166079250647,130.995680720136,46.2391379969375,64.0242414513996,64.3087377872158,166.159461704501,0,0,0,0,0,0,0,0,391.156513265344,176.788809414587,1925.60487357927,2001.49370106571
"255",2011,1634,21.1666666666667,4210.99604480068,3258.78885030832,1070.29087866519,2053.23535034705,404.516449712227,502.405500804698,323.510120072138,748.550427625982,0,0,0,0,0,0,0,0,0,0,1.81427689994658,3.55382694547779,0.779442114479133,0.968735105991308,0.634064774141414,1.46577389158795,0,0,0,0,0,0,0,0,4783.04517548612,3478.13970653165,919.371074759148,1857.18357230723,453.368443789294,609.169767308501,661.94550217706,1695.25660829411,183.772244541004,133.635689659056,35.4401820302507,71.600929922643,17.4713672571802,23.4759164036835,25.5415904537004,65.4140062541614,20495.4972653877,14745.7212243994,4331.58867861414,8454.72252070822,2355.87330332079,3021.16778113702,2672.26458627965,6618.52571484781,787.462568709018,566.554312841166,168.774453153424,330.384165340187,92.6266345902834,119.004965383879,105.488900015059,261.644517259464,0,0,8.46325284869341,16.9534606964825,4.80091436070801,6.20193370375868,5.81244863998078,14.4712512771919,0,0,0,0,0,0,0,0,341.401098518266,256.921323034128,319.13055158345,688.911973690644,290.948396992949,415.129867258832,154.883810871105,420.984514488295,13.1171646468183,9.8713282967544,12.2463013917562,26.4256297572073,11.1395196154871,15.8923005843543,5.93471135683946,16.1299518167304,295.646760332761,220.86767922465,361.941921883532,817.347347925916,359.220995428295,513.796570195792,264.704610488021,722.845815370749,11.3592079731839,8.48608967907503,13.8871784832718,31.3461359004346,13.7526277816971,19.6669844811254,10.1350679131342,27.6723490733971,0,0,55.0184308287822,130.137074643968,46.3920718609942,64.0852215367609,64.98015995642,168.294882377538,0,0,0,0,0,0,0,0,392.999698014614,177.536567128078,1936.0522404562,2011.09294225073
"256",2011,1634,21.25,4188.77276299614,3240.32323959031,1061.15858696838,2030.86477852201,404.488002910308,502.198635909386,324.015366492095,755.365900086214,0,0,0,0,0,0,0,0,0,0,1.79934463806824,3.51515259705727,0.779566978641117,0.968492657023238,0.634752713155276,1.47790743278952,0,0,0,0,0,0,0,0,4790.60399686587,3480.34864145323,917.205074030043,1848.25181657119,456.342643616692,611.96372226789,670.095702541659,1721.04166541749,184.062666546249,133.720560471204,35.3568137862865,71.2567836134311,17.5860210974335,23.5836624874141,25.8565228148395,66.4099301573187,20482.9580593981,14721.5937273343,4310.7531345524,8393.15130565105,2365.76922139995,3028.74087014361,2698.89146237327,6709.79479211386,786.980885010849,565.627294058144,167.964389962575,327.979823986624,93.0123221969314,119.295964200291,106.537626505257,265.234922372677,0,0,8.42918611445058,16.8398784951247,4.82330762475311,6.22015369116656,5.87377233394579,14.6760705575949,0,0,0,0,0,0,0,0,342.202524232371,257.223745461658,318.79032111646,686.192065659718,293.274816027947,417.325323929069,155.417446560669,424.288051419318,13.147956841408,9.88294784724568,12.2333672547563,26.32161560588,11.2288421189608,15.9767719772139,5.95543098029364,16.2573032855947,295.647909396864,220.628181829408,360.947501449831,812.65209482303,361.024609258332,514.800297539328,264.731722339331,725.492174159659,11.3592523364431,8.47688780192267,13.8492011142425,31.1665513547166,13.8220601984479,19.7060564960582,10.136562688349,27.7750980795802,0,0,54.8195827956577,129.281781228367,46.5418957188329,64.1395775723634,65.6531243980522,170.432462795735,0,0,0,0,0,0,0,0,394.847272969409,178.285223476942,1946.54868951791,2020.70131799393
"257",2011,1634,21.3333333333333,4166.8619206972,3222.1520441294,1052.24843229698,2009.0779267196,404.353425953153,501.808519259503,324.474169500789,761.908292824523,0,0,0,0,0,0,0,0,0,0,1.78446731879745,3.47693969072564,0.77950094175326,0.967923099278339,0.635422904723516,1.4897756405836,0,0,0,0,0,0,0,0,4797.83303098362,3482.31341771567,915.034992986429,1839.33049044924,459.222043534317,614.5848150551,678.080526359694,1746.48055360239,184.340417597502,133.796050317217,35.273277123361,70.9130233095831,17.6970206175157,23.6847428470413,26.1650878930183,67.3925341010737,20470.5732012276,14697.6750976065,4290.30511390567,8332.61565444229,2375.29859581753,3035.67661404516,2725.50888124914,6800.74597142765,786.505130520779,564.708300315743,167.169197221483,325.615461629103,93.3837926856059,119.562218922098,107.58604771381,268.813125787529,0,0,8.39478798903916,16.7267509211919,4.84494365194279,6.23702273336595,5.9350200248342,14.8804020403052,0,0,0,0,0,0,0,0,342.982414264501,257.513674376166,318.404715125145,683.419523970085,295.535346728914,419.439357000507,156.054017938324,427.761094162997,13.1779215996135,9.89408737701769,12.2186891180861,26.2155747011861,11.3156366533092,16.0581145090036,5.98008593163246,16.3911273303235,295.660014917231,220.396370691161,359.960499151077,807.998425092554,362.836070411171,515.809956015904,264.784973536746,728.16236761463,11.3597176596715,8.46798124315063,13.8115045351341,30.988549045108,13.8917873050225,19.7453416850871,10.1390564095565,27.8787533675235,0,0,54.6200114278813,128.429769771605,46.6885482153227,64.1873081742244,66.327550633267,172.571944961974,0,0,0,0,0,0,0,0,396.699121699261,179.034742402812,1957.09214409968,2030.31749128527
"258",2011,1634,21.4166666666667,4145.25746959819,3204.26914662381,1043.55391970829,1987.85787230218,404.117988113049,501.245740684086,324.88727215606,768.182782040914,0,0,0,0,0,0,0,0,0,0,1.76969549109927,3.43926797387421,0.779247972439166,0.967036892843886,0.636064495648616,1.50134383878255,0,0,0,0,0,0,0,0,4804.75514968026,3484.05231464023,912.866147315861,1830.43317457863,462.014261919637,617.046936784605,685.911363490307,1771.59156629531,184.606376467466,133.862861517849,35.1897773072211,70.5701723260768,17.8046587440737,23.7796920603965,26.467722191732,68.3625179122057,20458.3257737753,14673.9517346616,4270.23442150295,8273.09065985884,2384.4698514494,3041.99391747652,2752.10813271458,6891.36295967181,786.034655268375,563.796809058619,166.388487729334,323.290128135241,93.7413677280016,119.804456281341,108.633825659738,272.378491221575,0,0,8.36021972871657,16.6142836726806,4.86582722095024,6.25256794888819,5.99615060628309,15.0841257941883,0,0,0,0,0,0,0,0,343.740844897915,257.790950672915,317.978643071672,680.600810400776,297.730781820185,421.469541293609,156.781166709854,431.382169219768,13.2070618523354,9.90474077301207,12.2024554228792,26.1077550312733,11.3999332341608,16.1362348996988,6.00820291377001,16.5306019586393,295.681083067819,220.171015688956,358.976973152073,803.379898445279,364.649046267543,516.818288441164,264.870477152787,730.867060908149,11.3605273370758,8.45932273954103,13.7739375179115,30.8118821623951,13.961566497933,19.7845621005714,10.1427826219513,27.9837217089207,0,0,54.4196991568731,127.581057614292,46.831973311177,64.2284211731919,67.003355934187,174.713064539602,0,0,0,0,0,0,0,0,398.555127960994,179.785087264785,1967.68060385271,2039.94013274204
"259",2011,1634,21.5,4123.95392379595,3186.66889678728,1035.06886281083,1967.18840087607,403.786798064655,500.520482731616,325.255457665295,774.194601813908,0,0,0,0,0,0,0,0,0,0,1.7550695964302,3.40219954301813,0.778813225435704,0.965846050612721,0.636668661613476,1.51258460436814,0,0,0,0,0,0,0,0,4811.38997563795,3485.58111780084,910.702569737123,1821.57060480613,464.72556660123,619.361884594685,693.598928964884,1796.39180874949,184.86129709097,133.921600580095,35.1064702712184,70.2286446764077,17.9091765729806,23.8689643006939,26.7648364769411,69.3205361543808,20446.2012331916,14650.4118491105,4250.53154578572,8214.5529888269,2393.29155982672,3047.71170299213,2778.68125354035,6981.6309221703,785.568900466748,562.892367319307,165.621900509483,321.002933809466,94.0853749705139,120.023404187819,109.680651141522,275.930438765096,0,0,8.32561371869853,16.5026443201833,4.88596780731284,6.26682152489649,6.0571305557543,15.2871424673815,0,0,0,0,0,0,0,0,344.477969003211,258.055490508921,317.516640648261,677.742100580696,299.862282347968,423.414508972337,157.587831964855,435.131926258637,13.2353834730849,9.91490481384735,12.1848402775087,25.9983936339063,11.4817760930625,16.2110805435689,6.03935832724454,16.6749864634944,295.709377238315,219.951053635078,357.993801693926,798.79139212004,366.457851234812,517.818618577279,264.993109431896,733.614845187568,11.3616146454848,8.45087144171831,13.7363803057063,30.6363544308992,14.0311799340775,19.8234620204213,10.1479275359332,28.0903305719086,0,0,54.2186559729711,126.735699620568,46.9721207353279,64.2629337137364,67.6804562398972,176.855553550161,0,0,0,0,0,0,0,0,400.415176154964,180.536221085641,1978.31214861051,2049.56793286264
"260",2011,1634,21.5833333333333,4102.94628206243,3169.34605046342,1026.78735854158,1947.05395491855,403.364801647655,499.642523637532,325.579543846102,779.949032094327,0,0,0,0,0,0,0,0,0,0,1.74062145538985,3.3657814683609,0.778202764752,0.964363724382478,0.637228336007213,1.52347678081406,0,0,0,0,0,0,0,0,4817.75431334468,3486.91344598048,908.547226595418,1812.75112513264,467.361063161494,621.539632536162,701.153271371974,1820.89722320489,185.105825123316,133.972790759375,35.0234709296857,69.8887624503095,18.0107705868692,23.9529437216013,27.0568160844089,70.2671990676896,20434.1871026661,14627.0452322539,4231.18756868494,8156.98068608539,2401.77237649407,3052.84882070848,2805.22098506288,7071.53640239125,785.107386747489,561.994582862977,164.869097327283,318.753041803068,94.4161456072806,120.219788222387,110.726242102808,279.468441777584,0,0,8.29107751013468,16.3919675219569,4.90537843949686,6.27981930811773,6.11793290460613,15.4893705256613,0,0,0,0,0,0,0,0,345.194002165153,258.307273899504,317.022871486679,674.849238994757,301.931279296265,425.27375792273,158.464147409476,438.992984814482,13.2628947449542,9.92457873168012,12.1660035215874,25.8877148661268,11.5612198925289,16.2826321420294,6.07317433514375,16.8236155577911,295.743390585701,219.735569164315,357.008583740014,794.228942708811,368.257420078914,518.804861186772,265.156642536846,736.412446269229,11.3629216897388,8.44259217988413,13.6987408011968,30.4618140441038,14.1004335189046,19.8618083480244,10.154635111523,28.1988361098765,0,0,54.0169145720322,125.893781090746,47.1089462737089,64.2908722791347,68.3587668147696,178.999142314553,0,0,0,0,0,0,0,0,402.27915166174,181.288106727189,1988.98494082455,2059.19961027863
"261",2011,1634,21.6666666666667,4082.22994096465,3152.29570118419,1018.70375681914,1927.43957079824,402.85678255805,498.621247852212,325.860376741089,785.451384897054,0,0,0,0,0,0,0,0,0,0,1.72637594531304,3.33004875142719,0.777423260856883,0.96260375598818,0.637737901394386,1.53400435755018,0,0,0,0,0,0,0,0,4823.86263861292,3488.06112241003,906.402255525244,1803.98118633045,469.924908295041,623.588640717945,708.583795929536,1845.12264300305,185.340516748367,134.016886323127,34.9408623016004,69.5507749465729,18.1096008344537,24.0319563116446,27.3440217875395,71.2030746120871,20422.2726227488,14603.8429929035,4212.194064091,8100.35295195043,2409.92097560487,3057.42395777178,2831.72071524188,7161.0672098805,784.649700725549,561.103114075693,164.129758770678,316.539659531172,94.7340118403003,120.394328113778,111.770341398913,282.992022555623,0,0,8.25669839580791,16.282360944222,4.92407444861639,6.29159927878638,6.17853606946859,15.690743113878,0,0,0,0,0,0,0,0,345.889207430832,258.546331945072,316.501135979472,671.927699981245,303.939369449623,427.047442373292,159.401314042542,442.94974041153,13.289605774616,9.93376372143782,12.146091062833,25.7759289034936,11.638325718884,16.350895653358,6.10931398726251,16.9758919554866,295.781813684066,219.523772509953,356.019525187817,789.689565438011,370.04326817607,519.771519660635,265.363900376738,739.264971537575,11.3643981597458,8.43445460993551,13.6609502008799,30.2881467352606,14.1691553936633,19.8993905361098,10.1630130259975,28.3094326106641,0,0,53.814524995767,125.055410012547,47.2424119622453,64.3122725546251,69.0382029101639,181.143561398467,0,0,0,0,0,0,0,0,404.146941165991,182.040707071985,1999.6972264462,2068.83391955103
"262",2011,1634,21.75,4061.80062651184,3135.51322633178,1010.81263638283,1908.33082859518,402.26736350463,497.465656072144,326.098825381948,790.706992456196,0,0,0,0,0,0,0,0,0,0,1.71235229075514,3.29502660107266,0.776481775735953,0.960580360821332,0.638192945931183,1.54415558773432,0,0,0,0,0,0,0,0,4829.7274841566,3489.03446731841,904.269148434351,1795.26573241774,472.420481885251,625.516107435322,715.899285779451,1869.08183882782,185.565853493037,134.05428379105,34.8587025374582,69.2148735066167,18.2057975289607,24.1062795650274,27.6267905986104,72.1286902115073,20410.448475781,14580.7973496638,4193.54302076363,8044.64997172403,2417.7459993054,3061.45556806954,2858.17442798872,7250.21232310505,784.195484411507,560.217661983535,163.403581273374,314.362032083127,95.0393049113636,120.547734998835,112.812714846124,286.500748583134,0,0,8.22254698180958,16.1739099270696,4.94207261931517,6.30220051996589,6.23892292018866,15.8912055639835,0,0,0,0,0,0,0,0,346.563883551912,258.772736822971,315.95488753613,668.982571990653,305.888240518782,428.736212987337,160.391488556732,446.988191923184,13.3155280405719,9.94246255628942,12.1252354990761,25.6632311318103,11.7131581993306,16.4158961427234,6.14747694613329,17.1312797644902,295.823508317297,219.314981697641,355.02534183407,785.171099137198,371.811449105672,520.713670072141,265.616893704456,742.17612858618,11.3660003235566,8.42643252932467,13.6229592719628,30.1152698324383,14.2371943179748,19.9360199860556,10.173137847645,28.4222608645531,0,0,53.6115504859291,124.220711035286,47.3724860571826,64.3271790593219,69.7186802916819,183.288543163861,0,0,0,0,0,0,0,0,406.018432890719,182.793985163212,2010.44733333888,2078.46965580458
"263",2011,1634,21.8333333333333,4041.65434590351,3118.99424908682,1003.10878717543,1889.71381533079,401.601008022687,496.184374885926,326.295777875491,795.72119793888,0,0,0,0,0,0,0,0,0,0,1.69856495729913,3.26073200996823,0.775385628722915,0.958307932696605,0.638590089646767,1.55392236100531,0,0,0,0,0,0,0,0,4835.35971382744,3489.84250607161,902.148876820857,1786.60846776663,474.850511912697,627.328154651919,723.10792221516,1892.78755950262,185.782252763879,134.085329932139,34.7770297336989,68.8812017699833,18.2994658393619,24.1761495986259,27.9054365318511,73.0445342941749,20398.7065894601,14557.9014826277,4175.22678991887,7989.85279804868,2425.25602348467,3064.96182516907,2884.57666145076,7338.96180969457,783.744427664246,559.337964554517,162.690275090812,312.219437678594,95.3323537671809,120.680709582544,113.853149617408,289.994229456951,0,0,8.18867970204486,16.0666808026922,4.95939069157014,6.31166262019285,6.29908010889586,16.0907136090362,0,0,0,0,0,0,0,0,347.218356900275,258.986594735569,315.387252211421,666.018559547077,307.7796248331,430.341108763752,161.427693651716,451.095800411356,13.3406740825383,9.95067931669969,12.1035568698765,25.5498022187171,11.7857837172813,16.4776736232919,6.18739605192677,17.2892990835215,295.867488066088,219.108609552026,354.025184880385,780.672086636095,373.558514483634,521.626936689533,265.916926203408,745.148400319887,11.367690281488,8.41850337783306,13.5847354939091,29.9431276716225,14.3044181353848,19.971529115535,10.185059098369,28.5374148656891,0,0,53.4080646182765,123.389821295818,47.4991428584889,64.3356446639105,70.4001156023905,185.433822839356,0,0,0,0,0,0,0,0,407.893516738526,183.547904298991,2021.23366812682,2088.10565662548
"264",2011,1634,21.9166666666667,4021.78733972323,3102.73460074341,995.587192780941,1871.57508835155,400.862022507895,494.785666976501,326.452137421037,800.499345798954,0,0,0,0,0,0,0,0,0,0,1.68502455366171,3.22717534507222,0.774142257296085,0.95580084127932,0.63892681032684,1.56329957433909,0,0,0,0,0,0,0,0,4840.76879721456,3490.49317731627,900.042015737218,1778.01212095966,477.217198547335,629.030012039333,730.217307588552,1916.25157916042,185.990078397652,134.110329761892,34.6958666950928,68.549865804874,18.3906906503529,24.2417682137813,28.1802514693176,73.9510580774324,20387.0399397547,14535.1493847783,4157.23803301223,7935.94323395231,2432.45952403094,3067.96057646296,2910.92246477487,7427.30674295306,783.296260618715,558.463790989188,161.989562284151,310.111183151372,95.6134837434613,120.793940343729,114.891452579244,293.472113667601,0,0,8.15514134575047,15.9607242212911,4.97604683487529,6.32002504338342,6.35899740007704,16.2892315977407,0,0,0,0,0,0,0,0,347.852973403205,259.188038858357,314.801047929789,663.039984797605,309.615253550019,431.863450159154,162.503728102127,455.261347293197,13.3650571915828,9.95841911948392,12.081163392833,25.4358081697894,11.8562686477234,16.5362789445515,6.22883387787307,17.4495205730107,295.912898705049,218.904150610913,353.018567711279,776.191657512729,375.281473662835,522.50746684901,266.264699684161,748.183218110897,11.3694352129498,8.41064773479255,13.5462602486762,29.7716870997603,14.3707122335987,20.0057704012474,10.1988032820298,28.6549484385362,0,0,53.2041484348736,122.562886267228,47.6223625509639,64.3377301290921,71.0824267084065,187.579139541436,0,0,0,0,0,0,0,0,409.772084429864,184.302428125977,2032.05471312504,2097.74080396215
"265",2012,1634,22,4002.22067646731,3086.6190695264,987.786666552025,1853.59018346347,400.021396376967,492.990753521316,326.661647566461,805.335759817034,0,0,0,0,0,0,0,0,0,0,1.6717279283214,3.19444790424904,0.772697593038506,0.952520738409975,0.63937564617988,1.57284985394371,0,0,0,0,0,0,0,0,4846.43105648435,3491.32970623839,897.522623773633,1769.20934237019,479.484861190099,630.261907716946,737.344347428939,1939.87642863206,186.207631453708,134.142470540831,34.5988490131773,68.2106020606436,18.4780969848959,24.2892705296846,28.45574024112,74.8637719688519,20377.1153888926,14513.6138976077,4137.68497441686,7881.71559777093,2439.1652301762,3068.68304326647,2937.73369214707,7517.10311392523,782.915026172742,557.636361583737,161.228785173654,307.991124807062,95.8751732611148,120.817774861634,115.948105438271,297.007511599722,0,0,8.12190817659665,15.8565088797404,4.99166172594002,6.32365265457526,6.41974534966505,16.4905964099406,0,0,0,0,0,0,0,0,348.520056534296,259.405724452496,314.20786029953,660.09498276679,311.444520230794,433.11020762501,163.694503776791,459.771446963442,13.3906877174949,9.96678294562558,12.0584981521329,25.3230940847468,11.9265045737008,16.5843211373636,6.27466071015525,17.6229200712908,295.987792069446,218.722739944312,351.982829733273,771.734499367959,376.948263881649,523.04739365393,266.732519943475,751.603311122715,11.3723129133081,8.40367764340916,13.5066627287297,29.6011267760944,14.434848722368,20.0269559995267,10.2171397084461,28.787217005361,0,0,53.0005455016306,121.744266383841,47.7383158184688,64.2960881354069,71.7752586766351,189.764108348088,0,0,0,0,0,0,0,0,411.625671623969,185.045487187572,2042.74533028059,2107.21982950991
"266",2012,1634,22.0833333333333,3982.93270406784,3070.61480079177,979.658846379963,1835.70922607033,399.071256033023,490.777797389298,326.931819614417,810.256267729795,0,0,0,0,0,0,0,0,0,0,1.65848400918539,3.16240134198965,0.771050516828889,0.948432139887227,0.639955452616522,1.58262509561902,0,0,0,0,0,0,0,0,4852.46434787926,3492.43250446312,894.570210326883,1760.21060676569,481.653938945054,630.996758048439,744.52489596625,1963.76979842816,186.439440157355,134.184841812186,34.4851828079094,67.8638096387516,18.5617015285266,24.3176122471208,28.733283159204,75.7868217370007,20369.1206809545,14493.4085339893,4116.34253107894,7827.00417472094,2445.32173088784,3066.928848629,2965.06374369268,7608.540717104,782.60793771312,556.860037684837,160.399263888777,305.852886131204,96.1154207238443,120.744317652693,117.025215208724,300.607916367851,0,0,8.08801857252618,15.7533705104554,5.00619417239552,6.32217256819169,6.4814787225326,16.6952879351099,0,0,0,0,0,0,0,0,349.225700579974,259.643458017586,313.587067671799,657.172093868401,313.264576851664,434.049904206407,164.999468102229,464.628299165206,13.4177998123751,9.97591704692837,12.0347688178859,25.2112195969688,11.9963826294438,16.6205952686178,6.32485564571932,17.8095825121455,296.093281131599,218.564404951054,350.913330295691,767.295469330593,378.556017947758,523.205340757513,267.329850718389,755.444052796225,11.3763661448285,8.39759415638743,13.4657646744437,29.43124948787,14.496717677472,20.0335012267885,10.2404307395882,28.9355747155862,0,0,52.7972243779513,120.934312022261,47.8464192820821,64.2063713692811,72.4798756145942,191.993261335652,0,0,0,0,0,0,0,0,413.450454066631,185.77543480434,2053.28146908066,2116.51652369976
"267",2012,1634,22.1666666666667,3963.88754247015,3054.84322903679,971.728998664458,1818.28078910726,398.051280183279,488.485755262566,327.155212722131,814.92842994906,0,0,0,0,0,0,0,0,0,0,1.64528095604723,3.13091023426825,0.769274244055727,0.944187396856722,0.640462423722918,1.59196664092595,0,0,0,0,0,0,0,0,4858.34329434068,3493.42321664684,891.680709264044,1751.3322102248,483.767877001069,631.6578664293,751.641594560843,1987.50015287508,186.665318681833,134.222906558601,34.3739213673689,67.5216328209403,18.6431788353551,24.3431074614337,29.008356360686,76.7035755756167,20361.1304764805,14473.2898567769,4095.37979893349,7773.16489202593,2451.15538872939,3064.77056157401,2992.30204123374,7699.46044049445,782.301021349569,556.087044436309,159.584303384588,303.748358478862,96.343119693997,120.655157573112,118.098822680399,304.188279955154,0,0,8.05342146689466,15.6507292319838,5.02009613996626,6.31985098015728,6.54295685099523,16.8988445601014,0,0,0,0,0,0,0,0,349.9104748195,259.868769561867,312.92564610304,654.220164967431,315.019449537315,434.906369755984,166.320585603645,469.4768308144,13.4441100549008,9.98457387435441,12.0094772933912,25.0982243385937,12.0637595055908,16.653672468294,6.37566282138,17.9959112553831,296.195733667722,218.403825110964,349.834332796073,762.867461923675,380.137305700181,523.329029357836,267.973551462105,759.332039605045,11.3803027050677,8.39142441882541,13.4244986065085,29.2617844090764,14.5575662598696,20.0387198414291,10.2654914448558,29.0857244845829,0,0,52.5933051699156,120.128154606958,47.9510203052815,64.1117652297807,73.1850855242993,194.220493268254,0,0,0,0,0,0,0,0,415.278872468655,186.506033525564,2063.84876879238,2125.80483188129
"268",2012,1634,22.25,3945.08501149107,3039.30300091141,963.992289105461,1801.29374031668,396.966012467631,486.121550565457,327.333123684745,819.358602709568,0,0,0,0,0,0,0,0,0,0,1.63216545345192,3.10000361990821,0.767372261157217,0.93979668900722,0.640894545905787,1.60087530878019,0,0,0,0,0,0,0,0,4864.06080536575,3494.29771264196,888.847387143966,1742.56411137808,485.825634578006,632.244168147527,758.697226539544,2011.06744953966,186.884994598684,134.256506093201,34.2648077377889,67.1836877966456,18.7224891468083,24.365715931315,29.2810669566368,77.6140316712906,20353.1496053116,14453.2604064933,4074.79166643745,7720.18560933615,2456.67679431094,3062.22583042485,3019.44690250824,7789.86201629876,781.994462658087,555.317479448925,158.78371344161,301.677083763496,96.5586773452745,120.55097637586,119.16886106996,307.748586923246,0,0,8.01835882646092,15.5487677212512,5.03336908924019,6.31671423841194,6.60417146824494,17.1012488141171,0,0,0,0,0,0,0,0,350.575031675915,260.081962538189,312.229908471324,651.246264902087,316.71199641483,435.683284345713,167.654866223887,474.313673328419,13.4696435121957,9.9927650870474,11.9828660324658,24.9843798465372,12.128744792513,16.6836941362212,6.42696786363196,18.1817776827115,296.295407827173,218.241402339486,348.745202630537,758.451653338728,381.689984298374,523.416763016724,268.662676332142,763.265303385538,11.3841325125938,8.38518387295609,13.382840170625,29.0927768326388,14.6173124001215,20.0425470762284,10.2922853291524,29.2375902591743,0,0,52.3887462124916,119.325880036119,48.0521266179874,64.0123639190621,73.8908314267146,196.445626609088,0,0,0,0,0,0,0,0,417.110819398756,187.237248846263,2074.44539746086,2135.0836398592
"269",2012,1634,22.3333333333333,3926.52464260854,3023.99256210172,956.44396186604,1784.73712492699,395.819789851682,483.691743831094,327.466825240668,823.553050659134,0,0,0,0,0,0,0,0,0,0,1.61917478743731,3.06970245824615,0.765349140504493,0.935270506155863,0.641250641879813,1.60935386008701,0,0,0,0,0,0,0,0,4869.61130576059,3495.05294585869,886.064360005047,1733.89781549304,487.826401401477,632.755033380705,765.694468441602,2034.4718120071,187.098253700044,134.285523361133,34.1576173780814,66.8496499002792,18.799601541988,24.3854140515665,29.5515179827662,78.5181946216447,20345.1818597346,14433.3220082139,4054.572719993,7668.0537411317,2461.89612672201,3059.31154600333,3046.49677948638,7879.74527823178,781.688407350509,554.551412844815,157.997291979157,299.638586256366,96.762485164422,120.432426786792,120.23526871992,311.288825745039,0,0,7.9830266080312,15.4476304652939,5.04601908669511,6.31278972351832,6.66511664332622,17.3024873089107,0,0,0,0,0,0,0,0,351.219957300426,260.283307505878,311.505291952048,648.25643902204,318.344782566404,436.38395321611,168.999673233309,479.135843126594,13.494422705115,10.0005010803293,11.9551438717717,24.8699183654781,12.1914368560109,16.7107872866332,6.47866993172373,18.3670679027004,296.392507435605,218.077472199871,347.645739306534,754.049422563159,383.212218817936,523.467157927971,269.396017410536,767.241562487166,11.3878633987726,8.3788854116549,13.3407816901442,28.9242798554812,14.6758858376968,20.0449301708581,10.3207658950893,29.3910840781404,0,0,52.183541640267,118.527593459809,48.1497446990753,63.9082615455997,74.5970543615868,198.668482318988,0,0,0,0,0,0,0,0,418.946190710936,187.969047079907,2085.06965437587,2144.35191777038
"270",2012,1634,22.4166666666667,3908.20573061256,3008.91019709498,949.079345021178,1768.60017777555,394.616757121101,481.202558682758,327.557568454982,827.51795009383,0,0,0,0,0,0,0,0,0,0,1.60633882072434,3.04002135404376,0.763210156529249,0.930619408553432,0.641530180269769,1.61740655304712,0,0,0,0,0,0,0,0,4874.9904495063,3495.68674045001,883.326470561319,1725.32610338773,489.769559828209,633.190185382988,772.635862751879,2057.71345464646,187.304929004915,134.309874762877,34.0521534766113,66.5192432446327,18.8744924853894,24.4021917231384,29.8198073473509,79.4160725412144,20337.2301985098,14413.4759190616,4034.71731803539,7616.75639143744,2466.82318861887,3056.0439085867,3073.45025725139,7969.11017711606,781.382969113522,553.788892924465,157.224827913797,297.632377803107,96.9549202955258,120.300135071728,121.297989072684,314.808989436566,0,0,7.94758469582127,15.3474321657882,5.05805527814392,6.30810521541154,6.72578821951929,17.5025498124714,0,0,0,0,0,0,0,0,351.845783433139,260.47304930342,310.756502612141,645.255891045428,319.92012440263,437.011375081333,170.352675058806,483.940688891993,13.5184680639535,10.0077912612861,11.9264915801824,24.7550398268269,12.2519245353658,16.7350671658555,6.53067987252403,18.5516807326057,296.487193890184,217.91231612501,346.536072860048,749.662277527255,384.702445248951,523.47910009332,270.172171525942,771.258313936074,11.3915015648004,8.37253984802234,13.2983281878997,28.7563515395977,14.7332267022309,20.0458267250045,10.3508791991928,29.5461095915818,0,0,51.9777121560074,117.733412665631,48.2438812104868,63.7995527687112,75.3036942526829,200.888881446882,0,0,0,0,0,0,0,0,420.784885132824,188.701395250853,2095.71995036779,2153.6087073003
"271",2012,1634,22.5,3890.1273637858,2994.05405275619,941.893855172107,1752.87233364465,393.360873985263,478.659895052721,327.606583748034,831.259388939518,0,0,0,0,0,0,0,0,0,0,1.59368110683134,3.01096953817871,0.760961085797479,0.925853903340009,0.64173316875947,1.62503889009167,0,0,0,0,0,0,0,0,4880.19495367369,3496.19766715681,880.629213550734,1716.84286910814,491.654664969489,633.549653914585,779.523803570352,2080.79264385333,187.504894377909,134.32950538401,33.9482441041384,66.1922345130029,18.947145064886,24.4160505715324,30.0860272772419,80.3076755695087,20329.2968655481,14393.7229142977,4015.21963759899,7566.28043732357,2471.4674240106,3052.43846261639,3100.30605183005,8057.95678741072,781.078234168383,553.029949474462,156.466102953035,295.657961052677,97.1363462212499,120.1547023656,122.356970598126,318.309075828897,0,0,7.91216243878008,15.2482624111861,5.06948912790195,6.30268859100472,6.78618349709311,17.7014287340082,0,0,0,0,0,0,0,0,352.452994257772,260.651411164538,309.987601942569,642.249089807785,321.44011600614,437.568281476002,171.711815510241,488.72585932536,13.5417981918148,10.0146442069144,11.8970651795735,24.6399159453796,12.3102881515678,16.7566387604354,6.58291907993347,18.7355264641333,296.579592992632,217.746168573717,345.41660176449,745.291811927081,386.159347127779,523.451719563302,270.989581716645,775.312889568159,11.39505184424,8.36615619033978,13.255495001382,28.5890532518974,14.7892846173207,20.0452037072521,10.3825654381359,29.702564204403,0,0,51.7712998652177,116.943464384924,48.334543701096,63.6863330669116,76.0106904107056,203.106646076921,0,0,0,0,0,0,0,0,422.62680404079,189.434261039659,2106.3947962125,2162.85311446455
"272",2012,1634,22.5833333333333,3872.28845202887,2979.42216019686,934.883001099192,1737.54323547067,392.055922459355,476.069342924571,327.615081865294,834.783366938928,0,0,0,0,0,0,0,0,0,0,1.58121993088309,2.98255178422511,0.758608025846462,0.920984334969688,0.641860054821141,1.63225738205111,0,0,0,0,0,0,0,0,4885.22244253032,3496.5849272585,877.968664228694,1708.44296765801,493.481425412729,633.833731085407,786.360525053104,2103.70966249899,187.698058539587,134.344384536411,33.8457394867239,65.8684271359802,19.0175482526591,24.4270022575298,30.3502638703937,81.1930145022725,20321.3835013316,14374.0633677264,3996.07371787591,7516.61260578985,2475.83793631618,3048.51013149528,3127.06300723519,8146.28531283542,780.774265551848,552.274596856773,155.720893274026,293.714832432223,97.3071134538089,119.996706004406,123.412166690351,321.789087804232,0,0,7.87686380868915,15.1501900230743,5.0803337293499,6.29656755513754,6.84630093983067,17.8991186468374,0,0,0,0,0,0,0,0,353.042032871382,260.818598538997,309.202089341097,639.239870149652,322.90665462824,438.057173922762,173.075284802464,493.489271883623,13.5644301131886,10.0210678109226,11.8669991102872,24.5246940911748,12.3666004832197,16.7755982219207,6.63531838475127,18.9185256669111,296.669801330569,217.579223798292,344.287935045535,740.9396655539,387.581832482028,523.384365300433,271.846575914663,779.402508230049,11.3985179482014,8.35974190208997,13.2123055593745,28.4224481388174,14.8440178163174,20.04303648806,10.4157604285075,29.8603410692481,0,0,51.5643635010016,116.157880909944,48.4217412211187,63.568698954081,76.7179819984404,205.321600208364,0,0,0,0,0,0,0,0,424.471851244861,190.167612732122,2117.0927915436,2172.0843027543
"273",2012,1634,22.6666666666667,3854.68775344375,2965.01245526215,928.042386131351,1722.60273970039,390.705515144376,473.436197689823,327.584254833059,838.095796272983,0,0,0,0,0,0,0,0,0,0,1.5689692815878,2.95476926407118,0.7561572343304,0.916020792042438,0.641911633892575,1.63906932937009,0,0,0,0,0,0,0,0,4890.07130047965,3496.84824367925,875.341408333003,1700.12207037397,495.249684359573,634.042929351254,793.14809378687,2126.46477912284,187.884359416144,134.354501574385,33.744509334572,65.547655760679,19.0856961821309,24.4350668702623,30.6125967995504,82.0720996049524,20313.4912477011,14354.49732681,3977.27350077163,7467.73954374755,2479.94350776084,3044.27325447574,3153.7200910136,8234.09608977524,780.471107142262,551.522836894771,154.988971088454,291.802484858729,97.4675602761997,119.82670093667,124.463535506112,325.249033444418,0,0,7.84177219854203,15.0532670903559,5.09060319020297,6.28976940909149,6.90613990565301,18.0956158485054,0,0,0,0,0,0,0,0,353.613307430925,260.97480262495,308.402981487627,636.231528841432,324.321465779996,438.480359265632,174.441490811648,498.229081892691,13.586379510111,10.0270694194494,11.8364092774911,24.4095009711071,12.42092772705,16.7920342215921,6.68781695350405,19.1006080063444,296.757892201258,217.411642270452,343.150838862045,736.607488916315,388.969010441179,523.276580133303,272.741402638968,783.524323433336,11.4019026929416,8.35330314885164,13.1687893300124,28.2565997658511,14.8973922452655,20.0393078764409,10.4503969718853,30.0193309050657,0,0,51.356974052518,115.376797062688,48.5054848297905,63.4467481350509,77.4255084462706,207.53357053095,0,0,0,0,0,0,0,0,426.319932776949,190.901419170442,2127.81261408591,2181.30148652293
"274",2012,1634,22.75,3837.32389546722,2950.82279480355,921.36770966558,1708.04091977708,389.313102420219,470.7654736969,327.515276583272,841.20250159051,0,0,0,0,0,0,0,0,0,0,1.55693959173799,2.92762020267442,0.753615022176636,0.910973050678994,0.64188898041501,1.64548265569131,0,0,0,0,0,0,0,0,4894.74055629204,3496.9877755014,872.744483036705,1691.87654775542,496.959405117085,634.177948544392,799.888406579363,2149.05822870339,188.063759691387,134.359862610126,33.6444405896929,65.2297817697012,19.1515875918482,24.4402716659135,30.8730992242391,82.9449398710931,20305.6208301114,14335.024571325,3958.81286390599,7419.64787324619,2483.79261564621,3039.74161762607,3180.27638851741,8321.38958685604,780.168786819885,550.774661126934,154.270105916492,289.920409880734,97.6180133628815,119.645220907025,125.511039752268,328.688926028209,0,0,7.80695403055585,14.9575319897346,5.10031223865677,6.28232091926965,6.96570044555202,18.2909180337395,0,0,0,0,0,0,0,0,354.167196014609,261.120203062004,307.592877319485,633.22690134192,325.686124029803,438.839977482899,175.809034433622,502.943656250075,13.6076609089453,10.0326559345356,11.8053955449023,24.2944455751435,12.4733302942332,16.8060290171964,6.74036134435478,19.2817112370856,296.843920142144,217.24355579344,342.006194870349,732.296917309922,390.320170581377,523.128079482261,273.672259353459,787.675460293651,11.4052081739346,8.34684499471496,13.1249802212921,28.0915711200648,14.949380770597,20.0340073016714,10.4864059391401,30.1794234059892,0,0,51.149211539612,114.600348029774,48.5857878673511,63.3205795333734,78.1332097566917,209.742386990483,0,0,0,0,0,0,0,0,428.170956723193,191.635649717758,2138.55301086545,2190.50392573808
"275",2012,1634,22.8333333333333,3820.19539306696,2936.85097064205,914.854768040823,1693.84806820554,387.881979237959,468.061917113063,327.409303433913,844.10921991008,0,0,0,0,0,0,0,0,0,0,1.54513836455986,2.90110043259779,0.750987669862705,0.905850533352348,0.641793390074905,1.65150576751317,0,0,0,0,0,0,0,0,4899.22978381567,3497.00404493095,870.175324185487,1683.70336769499,498.610658342084,634.239647359339,806.583191015878,2171.49019880128,188.23624299188,134.360487707627,33.5454354131246,64.9146893890344,19.2152253365956,24.4426499768414,31.1318378092867,83.8115424873256,20297.7726280271,14315.6446632782,3940.68564913777,7372.32423813717,2487.3934473758,3034.92848223927,3206.73109670116,8408.16640299651,779.867319171617,550.030052724655,153.56406568872,288.068099489788,97.7587883523288,119.452779541348,126.554646453899,332.108783967714,0,0,7.77246178958916,14.8630119187347,5.10947591701005,6.27424822258862,7.0249831367494,18.4850240224795,0,0,0,0,0,0,0,0,354.704050815062,261.254970187727,306.774014971939,630.228428207219,327.002071576555,439.138025651309,177.176687378586,507.631549828316,13.6282878414909,10.0378339008228,11.7740439202302,24.1796217254453,12.5238635216276,16.8176593722615,6.79290465632671,19.4617802998829,296.927924739087,217.075071916318,340.854965190177,728.009549931999,391.634763960043,522.938732125421,274.637316500511,791.853046411297,11.4084359121898,8.34037157188556,13.0809152350832,27.9274238065189,14.9999624516063,20.0271300735565,10.52371718919,30.3405084185601,0,0,50.9411623421123,113.82866761246,48.6626661313972,63.1902932701323,78.8410267522181,211.94788324739,0,0,0,0,0,0,0,0,430.024833078081,192.370274228978,2149.31279049989,2199.69092143658
"276",2012,1634,22.9166666666667,3803.30066430647,2923.09472146555,908.499454855055,1680.01469739143,386.415291529106,465.330018121149,327.267474440354,846.821600405705,0,0,0,0,0,0,0,0,0,0,1.53357069741757,2.87520385824436,0.748281363852602,0.900662281076599,0.641626332072572,1.65714743728567,0,0,0,0,0,0,0,0,4903.53901760182,3496.8978755007,867.631719331125,1675.60000763608,500.20361088925,634.229018890977,813.234008423124,2193.76082056478,188.401810645137,134.356408508334,33.4474093930819,64.6022823285099,19.2766159600056,24.4422402757112,31.3888728360679,84.6719124853723,20289.94673457,14296.3569889258,3922.88568699699,7325.75534302783,2490.75391430258,3029.84661085251,3233.08351755112,8494.42726408275,779.56670778271,549.288988106723,152.870617690771,286.245047634545,97.8901903740829,119.249871340012,127.594326707243,335.508630689713,0,0,7.73833654207771,14.7697249928264,5.11810935079348,6.26557676304597,7.08398894651924,18.6779335371134,0,0,0,0,0,0,0,0,355.224201725728,261.379266902128,305.948321307599,627.23821206052,328.27063473679,439.376378401343,178.543372273768,512.291484416895,13.6482729827775,10.0426095771899,11.742428456265,24.0651102633206,12.572578303213,16.8269973409913,6.84540576692736,19.6407665155989,297.009933780734,216.906277710521,339.698163393054,723.746933563872,392.912385783424,522.708542887991,275.634737562616,796.054237202606,11.4115869754479,8.33388622578611,13.0366333524077,27.7642174202552,15.0491218755299,20.0186767167417,10.5622603357017,30.5024769067784,0,0,50.7329170244421,113.061886846101,48.7361379712525,63.0559906019084,79.5489012719611,214.149897037119,0,0,0,0,0,0,0,0,431.881473618421,193.105263027229,2160.09081648789,2208.86181181982
"277",2013,1634,23,3786.95137106262,2909.64762276894,901.647728178871,1665.91822551365,384.851984708458,462.030824155933,327.236675397045,850.092257456231,0,0,0,0,0,0,0,0,0,0,1.52213525720076,2.84958585941156,0.745382452397394,0.894367153243371,0.64166019447629,1.66382579723132,0,0,0,0,0,0,0,0,4908.3193500015,3497.16597012192,864.473868105078,1666.90788931192,501.658371784788,633.404528873134,820.02113305043,2216.84889719851,188.585478660494,134.36670913241,33.3257752670031,64.2672326623766,19.33268072518,24.4104649778161,31.6511526818438,85.5637744043928,20284.6497651416,14278.9243984767,3902.62087990699,7277.13211256401,2493.47131504463,3020.94950629183,3260.16838850888,8584.66716503996,779.363260117525,548.619198809878,152.082414264894,284.342827210902,97.9963949383425,118.896907090776,128.66281102255,339.065147578164,0,0,7.70406917353899,14.6759208889557,5.1254038718449,6.24898161259824,7.14443248107717,18.8789405359924,0,0,0,0,0,0,0,0,355.792290788898,261.530578886036,305.088538649732,624.176955732744,329.50329878522,439.071078646713,180.021478487011,517.533771858537,13.6700999817581,10.048423223465,11.7095009009383,23.947866646382,12.6199146037525,16.8155087243233,6.90217168780384,19.8420496170399,297.128681422313,216.767860265118,338.488806986171,719.403441896741,394.089838534895,521.821782002999,276.775744413219,800.989014065263,11.4161495907098,8.32856800347449,12.9903299292567,27.5978983161329,15.0944385330224,19.9850660656118,10.6062970189839,30.6925253384269,0,0,50.523005518591,112.288412950384,48.7983652573838,62.8437438834082,80.2717066891996,216.437632612065,0,0,0,0,0,0,0,0,433.716731445051,193.833936869082,2170.74565691832,2217.93079423267
"278",2013,1634,23.0833333333333,3770.9760213143,2896.44523385938,894.617177024724,1651.84917097414,383.217055557937,458.436699122229,327.243632012358,853.546940210055,0,0,0,0,0,0,0,0,0,0,1.51067830989182,2.82425221784384,0.742351444208121,0.887496867777222,0.641767129070741,1.67085513627927,0,0,0,0,0,0,0,0,4913.31217753523,3497.60468143127,861.029948161213,1657.97325666667,503.012724691825,632.129395408188,826.87658019457,2240.35288636794,188.777311078716,134.383565122489,33.1931370436094,63.9228493387907,19.3848757769443,24.3613218947472,31.916056701132,86.4716505459029,20280.7020674849,14262.5113843072,3881.21365737152,7227.77366602994,2495.7062163264,3009.94302583923,3287.5833628677,8676.71135203651,779.211652414163,547.988583288464,151.250262641863,282.412325417059,98.0837323812564,118.461022755436,129.744334295262,342.692877175914,0,0,7.66886117356966,14.5816044468889,5.13174257198027,6.22801846261422,7.20553860284396,19.0836908655488,0,0,0,0,0,0,0,0,356.378041383483,261.691911150545,304.185576801577,621.06546968015,330.688016379932,438.447869243299,181.550324799793,523.024851495854,13.6926055630817,10.054621864984,11.6749126046302,23.8286896077225,12.6654110848002,16.7918391194336,6.96087729270946,20.0528525962625,297.264899116294,216.643804627284,337.247429216192,715.024157964587,395.197379989395,520.565972062573,278.00631676801,806.312876866933,11.4213834302904,8.32380158483842,12.9427937231275,27.4301969176524,15.1370713579825,19.9373096002292,10.6537574866926,30.8974579303061,0,0,50.3120324472771,111.513610555772,48.8529347305697,62.588971533809,81.0025602579011,218.768683268243,0,0,0,0,0,0,0,0,435.541801627179,194.559409910657,2181.33926389286,2226.92833005409
"279",2013,1634,23.1666666666667,3755.19887864133,2883.43134616403,887.764811221182,1638.13930438362,381.547454083253,454.852705666253,327.208301503789,856.775309982732,0,0,0,0,0,0,0,0,0,0,1.49925841294121,2.79937982100201,0.739255451691242,0.880639914276269,0.641797448709321,1.67745936773501,0,0,0,0,0,0,0,0,4918.15817380837,3497.94005537316,857.650260191306,1649.155094207,504.309125431011,630.812224330392,833.70340327526,2263.73704986335,188.963502005098,134.396450725656,33.0629567528875,63.5829389099752,19.434837462767,24.3105585646139,32.1798487267056,87.3748937803731,20276.7325432356,14246.1517218857,3860.19628405914,7179.21290357683,2497.68496459344,2998.80083327056,3314.86799186739,8768.08142687635,779.059205282243,547.360017643563,150.433073208397,280.512714546423,98.1610933911984,118.019890918186,130.820842018197,346.294399261613,0,0,7.63302507983171,14.4877484652125,5.13756968428716,6.20675640442162,7.26636515329725,19.2870676294944,0,0,0,0,0,0,0,0,356.94645693168,261.843021781801,303.255314675368,617.949145492351,331.81901669801,437.775647412904,183.066248674156,528.423221482873,13.7144451031948,10.0604277750322,11.6392741705095,23.7093220043507,12.7088467805986,16.7662869270041,7.0190831577464,20.2600938783879,297.397777048157,216.517586766968,335.999933286632,710.668706322828,396.269697717033,519.280723090888,279.262702166848,811.62797860476,11.4264889485601,8.31895209020495,12.8950197364007,27.2634016940412,15.178349035115,19.8884141188139,10.7021989979792,31.1020349140499,0,0,50.1007565074346,110.743910477281,48.9041724889855,62.3326049653333,81.7332583177657,221.093766235994,0,0,0,0,0,0,0,0,437.369829345859,195.285316114895,2191.94678006231,2235.89867783352
"280",2013,1634,23.25,3739.62098101974,2870.60578257412,881.086275535459,1624.7799919279,379.846598314372,451.282012310451,327.132172563515,859.784605459312,0,0,0,0,0,0,0,0,0,0,1.48791754336097,2.77498825735903,0.736096792340518,0.873800727051322,0.641751372521104,1.68364609972995,0,0,0,0,0,0,0,0,4922.84683742808,3498.16540803313,854.327929104837,1640.44322968444,505.546345286209,629.450778125329,840.499772577182,2286.99131450936,189.143647959334,134.405109135229,32.9349717930853,63.2471119647186,19.4825185859964,24.2580891371246,32.4424587594358,88.2731172497267,20272.7488242351,14229.8501035177,3839.56347978649,7131.43910607602,2499.41709756953,2987.53407755545,3342.02362137174,8858.7863484151,778.906211954424,546.733682160905,149.630649245128,278.643589292469,98.2288458056179,117.57394348324,131.89238466426,349.870057797208,0,0,7.59679223548904,14.3945206237169,5.14288421614066,6.18520601624992,7.32690731460155,19.4890665629286,0,0,0,0,0,0,0,0,357.497990617221,261.984107455275,302.302728535968,614.832481586922,332.89796418008,437.056908518887,184.569466305179,533.733844531137,13.7356360141369,10.0658485101956,11.602776744632,23.5899366753602,12.750285485261,16.7389479554135,7.07679773081955,20.4639639230938,297.528007700771,216.389859639562,334.746610285023,706.339163760002,397.306774050003,517.967456934835,280.543105054539,816.930228310061,11.4314927518447,8.31404460716374,12.8470191673042,27.0975925012276,15.2182709968944,19.8384344743911,10.7515527979419,31.3060996674072,0,0,49.8891421602695,109.979352255101,48.9521134506038,62.0747405934857,82.4637690401643,223.412825301832,0,0,0,0,0,0,0,0,439.200726930376,196.011627414968,2202.56678959922,2244.84127141361
"281",2013,1634,23.3333333333333,3724.24296370001,2857.96807319646,874.577264765711,1611.76268626799,378.117717808209,447.72754387537,327.01668887363,862.581880795713,0,0,0,0,0,0,0,0,0,0,1.47668917245168,2.75109131106125,0.732878713233779,0.866983943714225,0.641629638523606,1.68942392572593,0,0,0,0,0,0,0,0,4927.36985149165,3498.27562179304,851.057105000979,1631.82931730725,506.723622159636,628.043647922284,847.264094188927,2310.10658541166,189.317429392722,134.409343724135,32.8089587426074,62.915049037078,19.5278898812597,24.203859576116,32.7038258275748,89.1659715742305,20268.7570098813,14213.6101511628,3819.30961157277,7084.44099163062,2500.91170011405,2976.15320950518,3369.05144661716,8948.83443625846,778.752906784826,546.109716001811,148.842780174737,276.804522158,98.2873400964883,117.123585428864,132.959006868137,353.420172098117,0,0,7.56034952339924,14.3020532133814,5.14768981276332,6.16337958106861,7.38716159255439,19.6896848977664,0,0,0,0,0,0,0,0,358.033029394891,262.115329204167,301.33205488161,611.719209895362,333.926340499497,436.293809506028,186.060171610903,538.961154638193,13.7561931633256,10.0708902576271,11.5655830688627,23.4706770239633,12.7897839836164,16.7099050082328,7.13402859607816,20.6646328992137,297.65615590854,216.261162372323,333.48797099977,702.037461737381,398.308606678329,516.627487270197,281.845773020709,822.216002708734,11.4364165420157,8.30909984984557,12.7988116589642,26.932843632295,15.2568372638376,19.7874213719067,10.8017518016492,31.5095135290323,0,0,49.6771872167971,109.219992174816,48.9967892263656,61.8154700395942,83.1940576915054,225.725799680487,0,0,0,0,0,0,0,0,441.034408917171,196.738316253285,2213.1979662538,2253.75559885218
"282",2013,1634,23.4166666666667,3709.06513672459,2845.51751478317,868.233532987081,1599.07894671881,376.363872471396,444.1920080014,326.863254571372,865.174020823323,0,0,0,0,0,0,0,0,0,0,1.46560019000087,2.72769828670621,0.72960503762153,0.860194238273828,0.641433360399489,1.69480213049896,0,0,0,0,0,0,0,0,4931.72063497543,3498.26681547758,847.83277175071,1623.30644778805,507.840550068386,626.590054398001,853.994955258705,2333.07460077832,189.484593451808,134.409005371413,32.6847260441064,62.5864856742811,19.5709357714128,24.1478400214643,32.9638958887027,90.0531392949323,20264.7619894537,14197.4346479798,3799.428791716,7038.20689124771,2502.17746561279,2964.66808493728,3395.95254470264,9038.23347480298,778.599477633165,545.48822609953,148.069245355046,274.995070268673,98.3369117344815,116.669198788178,134.020748694348,356.945040870838,0,0,7.52384976231039,14.2104515983652,5.15199321598244,6.14129043200665,7.44712544924311,19.8889209586997,0,0,0,0,0,0,0,0,358.551909651375,262.236822382436,300.346934694966,608.61246655424,334.905492983942,435.488264937462,187.538539333904,544.109131288196,13.7761294752724,10.0755582178421,11.5278330185361,23.3516635708658,12.8273939090512,16.679231573235,7.19078259374276,20.8622535309347,297.782684418935,216.131942224484,332.224677333895,697.765384052368,399.275213264431,515.262032461009,283.169006132187,827.482088894995,11.4412780986039,8.30413500266458,12.7504226642438,26.769223723066,15.2940486204091,19.7354218569093,10.8527309486631,31.712153593327,0,0,49.4649135455947,108.465897229727,49.0382298262076,61.5548814205136,83.9240875756038,228.032625744342,0,0,0,0,0,0,0,0,442.870791626142,197.465355463577,2223.83905734615,2262.64119158788
"283",2013,1634,23.5,3694.08751780745,2833.25319663326,862.050901184797,1586.72045507675,374.587957522588,440.677903357123,326.67323566943,867.567742524429,0,0,0,0,0,0,0,0,0,0,1.45467171543136,2.70481457844608,0.726280020908649,0.853436251704104,0.641163966022874,1.69979055775126,0,0,0,0,0,0,0,0,4935.89415111523,3498.13620183885,844.650663654147,1614.86897560317,508.897032913317,625.089760188654,860.691102645249,2355.88788378607,189.644946616058,134.403986986539,32.562110818883,62.2612058212529,19.6116525920996,24.0900214282884,33.2226210114147,90.9343330338307,20260.7675806231,14181.3256389037,3779.91492605651,6992.72483499551,2503.22271562902,2953.08800093986,3422.72788720037,9126.99075210662,778.446071186521,544.869291023567,147.309815937925,273.214778703611,98.3778819473911,116.211144048399,135.077646131238,360.444943724445,0,0,7.48741602650162,14.1197977236324,5.15580366443339,6.11895268926898,7.50679715025902,20.0867740139622,0,0,0,0,0,0,0,0,359.054924097052,262.348701154582,299.350475564531,605.514864562568,335.836653803254,434.641985930468,189.004726157209,549.181330701156,13.7954561963757,10.0798567772232,11.4896459869497,23.232996743885,12.863162480027,16.6469933186802,7.24706586314765,21.0569622962857,297.907964824001,216.002564016074,330.957510240607,693.524565781186,400.206634785047,513.872223501054,284.51116266181,832.725658047376,11.4460916988054,8.29916408258896,12.701882213705,26.606795709031,15.329906742648,19.6824796177299,10.904427421017,31.9139116986978,0,0,49.25236306307,107.717142462045,49.0764643539028,61.2930598338175,84.6538204577663,230.333237809475,0,0,0,0,0,0,0,0,444.709793003502,198.192718229458,2234.48887770512,2271.49762052832
"284",2013,1634,23.5833333333333,3679.30987527358,2821.17403376427,856.025263402387,1574.67902884208,372.792713271612,437.187534028064,326.4479626544,869.769601415766,0,0,0,0,0,0,0,0,0,0,1.44392014436731,2.68244239908566,0.722908174742738,0.846714512426674,0.640823120980513,1.7043994489522,0,0,0,0,0,0,0,0,4939.88665785562,3497.88190391527,841.507156495359,1606.51230101458,509.893224743498,623.542960243251,867.351414215085,2378.53966442281,189.798345109717,134.39421645365,32.4409747030223,61.9390334731594,19.6500462975226,24.0304113594708,33.4799582753808,91.8092925034749,20256.7767090817,14165.2845596394,3760.76177119704,6947.98265229032,2504.0554316124,2941.42175022051,3449.37835759804,9215.11311832833,778.292799860936,544.252965935831,146.564257079896,271.463184382784,98.4105589410224,115.74976224722,136.129731772648,363.920143438504,0,0,7.45114721647032,14.0301546262232,5.15913213583692,6.09638093455494,7.56617557357011,20.2832440805988,0,0,0,0,0,0,0,0,359.542330444034,262.45106395731,298.34533314068,602.428586906107,336.720964647525,433.756528906179,190.458872458566,554.180930692083,13.8141832283452,10.0837897178658,11.4511240122877,23.1147604535274,12.8971334470849,16.6132499665372,7.30288391050891,21.2488811479803,298.032291978304,215.873322604072,329.687331497226,689.316494685002,401.102938527897,512.459113964106,285.870663977518,837.944228549069,11.4508686714409,8.29419841849456,12.6532234467587,26.4456168765336,15.3644143126202,19.6286353647883,10.9567808286471,32.114693008992,0,0,49.039592748091,106.973807761547,49.1115218312674,61.0300879817055,85.383217089093,232.627569112655,0,0,0,0,0,0,0,0,446.551332407304,198.92037802973,2245.14630122256,2280.32449063838
"285",2013,1634,23.6666666666667,3664.73176345935,2809.27879425022,850.152591524284,1562.94663158816,370.98073357105,433.723022022732,326.188732567338,871.785996715088,0,0,0,0,0,0,0,0,0,0,1.43335799820389,2.66058137448475,0.719494132565832,0.840033378268389,0.640412667690121,1.70863931392116,0,0,0,0,0,0,0,0,4943.6955024824,3497.50280418987,838.399176588223,1598.2326915197,510.829481514213,621.950193122521,873.974875949343,2401.02381338295,189.944687011266,134.379650835956,32.3212003711389,61.6198258375937,19.6861306073905,23.9690305814255,33.7358688941504,92.6777819780174,20252.7915562642,14149.3123424561,3741.96298163292,6903.96805317763,2504.68328118062,2929.67766597854,3475.90476548579,9302.60703542437,778.139747477085,543.639286655426,145.832329763508,269.739819219309,98.4352389104336,115.285376703129,137.177035372423,367.370887890585,0,0,7.41512254685342,13.9415700576799,5.16199076513716,6.07358995985547,7.62526005953946,20.4783317766297,0,0,0,0,0,0,0,0,360.014358459896,262.543997867354,297.333778677424,599.355461923336,337.559496082154,432.833333262022,191.901103846943,559.110770049524,13.8323193992176,10.0873603853971,11.4123543704457,22.997024986868,12.9293478355668,16.5780567402643,7.3582416682916,21.438119024163,298.155895974415,215.744453298233,328.415053130255,685.142514259266,401.964220282731,511.023689151154,287.245997856553,843.135632901153,11.4556178570728,8.28924705135762,12.604481436714,26.2857389775477,15.3975751021595,19.5739271797781,11.0097333347342,32.3144147410312,0,0,48.8266706618438,106.23597534999,49.1434318097469,60.7660466441807,86.1122376296582,234.915552604211,0,0,0,0,0,0,0,0,448.395330439274,199.648308598462,2255.81025399263,2289.12143668868
"286",2013,1634,23.75,3650.35255150622,2797.56612142449,844.428938662376,1551.51538043932,369.154473345646,430.286318463105,325.896810636008,873.623175556049,0,0,0,0,0,0,0,0,0,0,1.42299458604397,2.63922901040225,0.716042560325917,0.833397003043472,0.639934579932397,1.71252083277282,0,0,0,0,0,0,0,0,4947.3189562788,3496.99842343012,835.324125037361,1590.02713785828,511.706324034335,620.312271687663,880.560564945089,2423.3347878085,190.083905900639,134.360271720576,32.2026886415914,61.3034678197452,19.7199255832189,23.9059104032293,33.9903175639948,93.5395882179261,20248.8136779701,14133.4095008378,3723.51214778696,6860.66869215511,2505.11363966977,2917.86365865738,3502.30785744205,9389.4786184329,777.986973817893,543.028272911053,145.113792268391,268.044212597549,98.4522068681269,114.818294432032,138.219584269927,370.79741165562,0,0,7.37940498395916,13.8540792381869,5.16439245689058,6.05059460100949,7.68405030188598,20.6720382213791,0,0,0,0,0,0,0,0,360.471215510498,262.627581929472,296.317754377936,596.29702239925,338.353261394137,431.873747974106,193.331532489548,563.973383782809,13.8498726763204,10.0905718168429,11.3734116996812,22.8798492768286,12.9598444769916,16.5414653875832,7.41314354651421,21.6247732008232,298.278951895317,215.616140440262,327.141614181534,681.003829396205,402.790605791108,509.566875231406,288.635719979031,848.297986477344,11.4603459827079,8.28431706388042,12.5556922977974,26.1272084452005,15.4293940283532,19.5183908652508,11.0632297114729,32.5130049632854,0,0,48.6136729691748,105.503727978056,49.1722247432567,60.5010149948504,86.8408419683736,237.197121543987,0,0,0,0,0,0,0,0,450.24170881983,200.376483899594,2266.47970890631,2297.88812012294
"287",2013,1634,23.8333333333333,3636.17144843261,2786.03455316857,838.850441675017,1540.37755176752,367.316255625307,426.879214005781,325.573431694675,875.287236849481,0,0,0,0,0,0,0,0,0,0,1.41283657303126,2.61838109410824,0.712558084514085,0.826809311855561,0.639390924655948,1.71605477316437,0,0,0,0,0,0,0,0,4950.75607093258,3496.36881578096,832.279811188032,1581.89323008489,512.524406310089,618.630224188712,887.107635049942,2445.46758182221,190.215965342166,134.336081187846,32.0853559328955,60.9898672759549,19.7514564118389,23.8410904147015,34.2432719137276,94.3945185779256,20244.8441072522,14117.5762026242,3705.40282864862,6818.07222202934,2505.35360940839,2905.98724846761,3528.58832646432,9475.73367286795,777.834518581656,542.419931151211,144.408401434556,266.375893466217,98.4617373841333,114.34880740043,139.257403758588,374.199937453663,0,0,7.34404418122703,13.767707201961,5.16635056770068,6.02740960095971,7.7425462574338,20.8643649545779,0,0,0,0,0,0,0,0,360.913091292061,262.701889936136,295.298921682508,593.254556014495,339.103228135431,430.879053245523,194.750258353456,568.77103540428,13.8668503480857,10.093426847428,11.3343598544002,22.7632828395868,12.9886604519956,16.5035250128642,7.46759348075967,21.8089305305595,298.401588358542,215.488524952473,325.867961455088,676.901512578304,403.582251609556,508.089547452051,290.038454591543,853.429658786616,11.4650579900766,8.27941387052272,12.5068924450915,25.9700666299816,15.4598771866212,19.462060258847,11.1172173641871,32.7104014911272,0,0,48.4006814303117,104.777147438722,49.1979322719943,60.2350708517809,87.5689899944772,239.472210010675,0,0,0,0,0,0,0,0,452.090390285158,201.104878108433,2277.15368097643,2306.62422642053
"288",2013,1634,23.9166666666667,3622.18752450592,2774.68253831172,833.413322861642,1529.52558519026,365.468278069254,423.503348491186,325.219801380814,876.784134734001,0,0,0,0,0,0,0,0,0,0,1.40288845133063,2.59803202844353,0.709045239486002,0.820273986312385,0.638783831413856,1.71925192353448,0,0,0,0,0,0,0,0,4954.00655706722,3495.61448030871,829.264395138034,1573.82905341668,513.284489582829,616.905245879053,893.615305376877,2467.4176827774,190.340854217536,134.307098412692,31.9691320664599,60.6789510244845,19.7807524075098,23.7746166282408,34.4947020649727,95.2423993336538,20240.8834412465,14101.8123314652,3687.62857906959,6776.16633791253,2505.41003658642,2894.05559359606,3554.74681977463,9561.3777276659,777.682404718146,541.814256905365,143.715913719955,264.734392050629,98.4640952330231,113.877193611905,140.29051739085,377.578677424321,0,0,7.30907888758026,13.6824707121351,5.16787866846398,6.00404950745411,7.80074807563413,21.0553138759115,0,0,0,0,0,0,0,0,361.340161736666,262.766992648843,294.278702464055,590.229147026834,339.810327159939,429.850476946412,196.157370345213,573.50574624275,13.8832591741064,10.0959281959219,11.2952534867251,22.6473673753997,13.0158314370587,16.4642827094112,7.52159497625429,21.9906685675398,298.523894814919,215.361710833819,324.595034317465,672.836510835291,404.339345413073,506.59253760662,291.45289429482,858.529246951026,11.4697573160617,8.27454146708984,12.4581180101886,25.8143500655449,15.4890318624147,19.4049675194327,11.1716463220204,32.9065508674155,0,0,48.1877813890243,104.056313420755,49.2205874061351,59.9682908582849,88.2966418165118,241.740753312986,0,0,0,0,0,0,0,0,453.941298506843,201.833465600231,2287.831223419,2315.3294629818
"289",2014,1634,24,3609.16544174108,2763.95889202672,827.312374378539,1517.94872908196,363.487038737987,419.158136906184,325.066063876191,879.704597022043,0,0,0,0,0,0,0,0,0,0,1.39289751654623,2.57708073054182,0.705270571396651,0.811854058718485,0.638537079816004,1.72506585398849,0,0,0,0,0,0,0,0,4957.84853974935,3495.38552411813,825.431000614431,1564.5700010773,513.813161939209,613.669819155354,900.37142922271,2491.28779808658,190.488469336164,134.29830154971,31.8214624048085,60.3220432869765,19.8011307935588,23.6499331280207,34.7557028077514,96.1642754088467,20240.20527311,14088.6601826313,3666.54243753651,6729.70845603078,2504.43021152833,2875.17838543928,3582.11318850704,9655.8784912267,777.65640821146,541.308929236994,142.895945292078,262.916498794454,98.425775621123,113.132325427811,141.371041320693,381.305439379867,0,0,7.27317273911112,13.5924787286427,5.16724568743321,5.96623212438457,7.86138322673895,21.2644579302691,0,0,0,0,0,0,0,0,361.814337027195,262.86562611985,293.159515084276,586.90951971876,340.367816986598,427.736309138686,197.706655193469,579.377676688624,13.9014778414053,10.0997178498156,11.2523446258197,22.5201563523442,13.0372688721694,16.3834554558451,7.58104170247373,22.2159713181589,298.690814844322,215.274802896713,323.237122081199,668.494765378602,404.924347773515,503.863834129043,293.058670185317,865.055994483518,11.4761707637121,8.27120232303355,12.4060775575573,25.6480072904093,15.5115893685851,19.3006866419557,11.2334008797567,33.1573660769559,0,0,47.9690790827801,103.299211518515,49.2235918009435,59.5578124466947,89.0469941486756,244.185036361075,0,0,0,0,0,0,0,0,455.791616342591,202.567798398575,2298.49344653175,2324.06339008989
"290",2014,1634,24.0833333333333,3596.4622544811,2753.47890432591,821.206843149244,1506.4687584686,361.468809967615,414.679878634656,324.922002665355,882.727974057661,0,0,0,0,0,0,0,0,0,0,1.38287623165477,2.55629680259335,0.701428664219314,0.803169766582663,0.638310039816606,1.73107943040569,0,0,0,0,0,0,0,0,4961.69286234746,3495.18183284175,821.485220027665,1555.16906324142,514.246464310371,610.12656288673,907.156414932562,2515.44675453222,190.636174358106,134.290475405135,31.6694621674835,59.959665316148,19.8178345456863,23.5133873878166,35.0178107402085,97.0972765671017,20240.1854821104,14076.0767562389,3645.09205037508,6682.94030402548,2503.07087980806,2854.99240079747,3609.60752770312,9751.49585766287,777.655706736637,540.825452811879,142.061924638615,261.086594032093,98.3726048541663,112.335996884373,142.456668513425,385.076301914548,0,0,7.2363502871982,13.5016189425559,5.16584243400471,5.9256672292018,7.92228766270616,21.4759997437191,0,0,0,0,0,0,0,0,362.286430359513,262.964235612428,292.000475147617,583.531984945287,340.860183000627,425.392467909678,199.266055820921,585.340675403406,13.9196165153044,10.1035065824468,11.2079035470608,22.3907183942791,13.0562087708472,16.2938269873352,7.64087299613422,22.4447567523111,298.865825734718,215.195550330847,321.86010127307,664.123228070936,405.44479654414,500.881562777764,294.709412986038,871.817859784324,11.48289507309,8.2681573106254,12.3533009134393,25.48051471606,15.5316691849446,19.1866846077799,11.2968717709066,33.417173561702,0,0,47.7492421545485,102.539619274395,49.2202068138465,59.1203169573702,89.8015742915578,246.657393422859,0,0,0,0,0,0,0,0,457.643776816401,203.303576560743,2309.14974680253,2332.76263035304
"291",2014,1634,24.1666666666667,3583.91607763314,2743.14650601574,815.263781894278,1495.29249936507,359.442027736601,410.282954390832,324.740160826209,885.523254467044,0,0,0,0,0,0,0,0,0,0,1.37290180096104,2.53591903892448,0.697570246329409,0.794635363742665,0.63801356432759,1.73667291833101,0,0,0,0,0,0,0,0,4965.36709191741,3494.86083868168,817.601626774319,1545.88675869242,514.619750118204,606.5848488181,913.906678297502,2539.43978894654,190.777344133899,134.278142296181,31.5198429609699,59.6018458997784,19.83222616461,23.3769023209298,35.2785757055919,98.0238765375536,20240.1424421546,14063.5310393263,3624.04322515219,6636.96050239012,2501.51789133816,2834.96535101339,3636.95052720148,9846.2359166093,777.654111283647,540.343425259789,141.243333271914,259.28726746139,98.3118817370134,111.545957183043,143.536452088533,388.812957263146,0,0,7.19903685862336,13.4112437472556,5.16402930715076,5.88538654683651,7.98288051704384,21.6857948996911,0,0,0,0,0,0,0,0,362.743679410479,263.053961319126,290.824662774997,580.164551890579,341.310399805979,423.04310880475,200.803363346516,591.144721386437,13.9371848471971,10.1069539858402,11.1628167090195,22.2616637147417,13.0735311114242,16.2039830943938,7.6998546150808,22.667445655587,299.040227398919,215.116310780236,320.482278570975,659.789527179125,405.930687505481,497.90435274217,296.365866512365,878.500844878236,11.4895959732028,8.2651127983214,12.3004910980509,25.3144675767885,15.5504204410725,19.0728684926086,11.3605546877691,33.6739424916216,0,0,47.5294572185923,101.786391543097,49.213975797651,58.6861647354416,90.5554920164863,249.119320951691,0,0,0,0,0,0,0,0,459.498314314567,204.039618233288,2319.80241405078,2341.41303554332
"292",2014,1634,24.25,3571.52865967024,2732.96230146017,809.479101907163,1484.41249425923,357.409151167612,405.967161336942,324.522123793381,888.099120569814,0,0,0,0,0,0,0,0,0,0,1.36301024476119,2.51596106111499,0.693696718124577,0.78624997684568,0.637648362621263,1.74185523536828,0,0,0,0,0,0,0,0,4968.86149333325,3494.41639284624,813.774394359256,1536.7144552319,514.93259359919,603.042791025472,920.618613408717,2563.25149508225,190.911604624434,134.261065976439,31.3723823109688,59.2482546038266,19.8442892474325,23.2404053149806,35.5378591910604,98.9434829697742,20240.0835124416,14051.0276146387,3603.38997695955,6591.75755511461,2499.77955554083,2815.10030018587,3664.14457752911,9940.11569087782,777.651904609783,539.863022656983,140.439946982643,257.518081968166,98.2439274304159,110.762324145217,144.610483595764,392.51606574854,0,0,7.16144268171271,13.3215144690797,5.16180554825945,5.84538635586312,8.04315530962118,21.8938397962436,0,0,0,0,0,0,0,0,363.186295700721,263.134866114331,289.635927440879,576.81032316279,341.718994355129,420.689168262984,202.319576894564,596.800380416551,13.9541909640463,10.11006247573,11.1172319816859,22.1331115316184,13.0892560529866,16.1139597100177,7.75802493542031,22.8844430233807,299.214724794599,215.037674834309,319.104228427545,655.495291294977,406.383175786787,494.934383040288,298.026978592313,885.101602869313,11.4963005496684,8.26209147751142,12.2476701838853,25.1499284858424,15.5678874673745,18.9593220620893,11.4244094567229,33.9275449787584,0,0,47.3096962891137,101.03951929993,49.2049450835839,58.2553742020482,91.3087357676734,251.570908557748,0,0,0,0,0,0,0,0,461.355153458932,204.775898649821,2330.45038517138,2350.01462183983
"293",2014,1634,24.3333333333333,3559.30132761592,2722.92658421871,803.84876263293,1473.82135633173,355.372476853066,401.732184603784,324.269419908769,890.463970205002,0,0,0,0,0,0,0,0,0,0,1.35323019290343,2.49643204779526,0.689810239205398,0.77801290297861,0.637215590636716,1.74663635300355,0,0,0,0,0,0,0,0,4972.1685698364,3493.84393495816,809.998639067807,1527.64516126967,515.18505097685,599.499303536923,927.28906249325,2586.86805418577,191.03866779226,134.239071228922,31.2268937826206,58.8986238319531,19.8540259270505,23.1038545046898,35.7955398658309,99.8555643712536,20240.0144679538,14038.5699675136,3583.12602897531,6547.3195019663,2497.86375783266,2795.39984332228,3691.19179312945,10033.1510180872,777.649308604523,539.384378915554,139.651530034166,255.77858207274,98.1690467865662,109.985197435039,145.678843888809,396.186241902914,0,0,7.12373741500139,13.2325583677667,5.15917466957374,5.80566509659408,8.10310692269996,22.1001327925319,0,0,0,0,0,0,0,0,363.614443091499,263.206987803499,288.437531167174,573.471822960429,342.08647232638,418.331414106465,203.815564683594,602.3170876711,13.9706411616657,10.1128335046623,11.0712746791201,22.0051588508285,13.1034029382713,16.0237862833768,7.81541730547003,23.0961104859516,299.389871309715,214.960110047215,317.726626810694,651.241926538488,406.803229440391,491.973489617232,299.69175909149,891.617639687062,11.5030300645575,8.25911131237307,12.1948641488365,24.986951528549,15.5841074226846,18.8461159247734,11.4883982820423,34.177885814306,0,0,47.0899610727688,100.299010699387,49.1931570339153,57.8279583806827,92.0612899091529,254.012235833263,0,0,0,0,0,0,0,0,463.214219855776,205.51239318887,2341.09265080988,2358.56743399236
"294",2014,1634,24.4166666666667,3547.2350660503,2713.03939757632,798.368780313348,1463.51178854633,353.334156925679,397.577615229429,323.983527135829,892.625941489197,0,0,0,0,0,0,0,0,0,0,1.34358457249775,2.47733776058852,0.685913432952206,0.769923501805786,0.636716720405364,1.75102696361458,0,0,0,0,0,0,0,0,4975.28259733377,3493.14015480217,806.270230662509,1518.67315545514,515.377529438763,595.953882626143,933.915235718232,2610.27703428957,191.158313708566,134.212030869865,31.0832197420543,58.5527346399426,19.8614518387855,22.9672304125947,36.0515105083065,100.759642427322,20239.9398360919,14026.1607250791,3563.24490364874,6503.63407928554,2495.77802373063,2775.86619873305,3718.09406391501,10125.3567220094,777.646497223525,538.907594973824,138.8778386945,254.068300173069,98.0875308229234,109.214662136277,146.741605128591,399.824061099234,0,0,7.08605971608562,13.144476838516,5.15614305147998,5.76622267295097,8.1627312558919,22.3046737311036,0,0,0,0,0,0,0,0,364.028251804155,263.270348107253,287.232268664333,570.151135681762,342.413344066852,415.970515541851,205.292087089493,607.703316757009,13.9865404433702,10.1152679071779,11.0250521717719,21.8778857882217,13.1159912906935,15.9334884711217,7.87206093113638,23.3027727909556,299.566099181233,214.883985353413,316.350209880008,647.030640422899,407.191672324631,489.023226727682,301.359275824149,898.047157845399,11.5098011251288,8.25618647795773,12.1421012880929,24.8255831748081,15.5991119373776,18.7333098827912,11.5524855879045,34.4248964769771,0,0,46.870274541917,99.5648852022259,49.1786517170192,57.4039263909682,92.8131357983221,256.443374628509,0,0,0,0,0,0,0,0,465.07543981515,206.249077299542,2351.72824590305,2367.07153855337
"295",2014,1634,24.5,3535.33054671457,2703.30055783747,793.035235398224,1453.47659842667,351.296203304243,393.502956817671,323.665874419141,894.592914753142,0,0,0,0,0,0,0,0,0,0,1.33409125860842,2.45868094967925,0.68200927439728,0.761981157271316,0.636153487409619,1.75503833759078,0,0,0,0,0,0,0,0,4978.19944303975,3492.30285888625,802.585716851562,1509.79383561277,515.510734862701,592.40651698709,940.494683704202,2633.46733621356,191.27038358512,134.179860621798,30.941228467662,58.2104109486706,19.866594111799,22.8305324992944,36.3056769535825,101.655289941492,20239.8630287511,14013.8017512884,3543.73996550422,6460.68879530876,2493.52953704764,2756.50124093416,3744.85307373599,10216.7466673755,777.643601563161,538.432742447699,138.118622885249,252.386759457327,97.9996574262055,108.450790027254,147.79883150173,403.430061670465,0,0,7.04852087512489,13.0573485203628,5.15271942919748,5.72706019211693,8.2220250982771,22.507463785316,0,0,0,0,0,0,0,0,364.427824422549,263.324956631177,286.022514025033,566.849959564333,342.700132745104,413.607067478192,206.749805697351,612.966642652139,14.0018927505985,10.1173660523384,10.9786556788417,21.7513576291342,13.1270411282221,15.8430890732604,7.92798122339329,23.5047202175723,299.743731474013,214.809580730927,314.975755780121,642.862452237238,407.549203578819,486.084894916765,303.028653322256,904.388987946326,11.5166261440767,8.25332773146823,12.089411514421,24.6658626759248,15.6129278597746,18.620954003532,11.6166379703528,34.6685325050389,0,0,46.6506775560872,98.8371711852635,49.1614675443628,56.9832840105255,93.5642522154019,258.864389879278,0,0,0,0,0,0,0,0,466.93874025687,206.985926478537,2362.35624715424,2375.52702191706
"296",2014,1634,24.5833333333333,3523.588173907,2693.7096892954,787.844278485118,1443.70871081255,349.26049765947,389.50763618556,323.317845119918,896.37252461027,0,0,0,0,0,0,0,0,0,0,1.3247640330866,2.44046194377188,0.67810093489287,0.754185225385118,0.6355278174649,1.75868213162097,0,0,0,0,0,0,0,0,4980.91629539808,3491.33077421296,798.942212534356,1501.00350524771,515.585598169217,588.857565116521,947.025251417021,2656.42907605397,191.374769397434,134.142511574122,30.8008099150708,57.8715113664065,19.8694885390733,22.6937744540221,36.557956326978,102.542126340973,20239.7865378663,14001.4942858066,3524.60447595897,6418.47102509902,2491.12517425626,2737.30655168346,3771.47033045942,10307.3338615584,777.640717373646,537.95986896694,137.37362830274,250.733477588004,97.9056926785376,107.693641557121,148.850580389548,407.004748842507,0,0,7.011210179399,12.9712338748778,5.14891415214752,5.68817959011267,8.28098594023856,22.7085052159054,0,0,0,0,0,0,0,0,364.813243971374,263.370815998236,284.810290360892,563.56968430371,342.947385497604,411.241624640682,208.189297260226,618.11384540524,14.0167012732954,10.1191280409223,10.932162941604,21.6256278086966,13.1365733920644,15.7526093453387,7.98320033420942,23.7022125539652,299.923000083376,214.737101683886,313.604061210809,638.738209520449,407.876424095077,483.15957999497,304.699070059915,910.642490957798,11.5235140312175,8.25054296870124,12.0368254576182,24.5078226948661,15.6255782707385,18.5090901128571,11.6808240900858,34.9087697485979,0,0,46.4312241253919,98.1159026751488,49.1416421415729,56.5660344758034,94.3146159882565,261.275340919166,0,0,0,0,0,0,0,0,468.804048573987,207.722916239222,2372.97576830454,2383.9339870123
"297",2014,1634,24.6666666666667,3512.00811969942,2684.26625139415,782.792134890163,1434.20117769489,347.228799344965,385.591011942936,322.94077957237,897.972169042546,0,0,0,0,0,0,0,0,0,0,1.31561331174214,2.42267910082964,0.674191673460639,0.746535000853739,0.63484177258033,1.76197024443455,0,0,0,0,0,0,0,0,4983.43145523855,3490.22339671018,795.337313406135,1492.29921001015,515.603220593083,585.307664040158,953.505042408714,2679.15348975755,191.471405860671,134.099964359581,30.6618724135453,57.5359229243816,19.870177473857,22.5569806881881,36.8082756741308,103.419814027213,20239.7120865159,13989.2390511432,3505.83163584628,6376.96808298926,2488.57153030185,2718.28345831955,3797.94718943841,10397.1305365415,777.637910864655,537.489002291369,136.64259806372,249.107969514641,97.8058918532432,106.943267330691,149.896903280013,410.548597902693,0,0,6.97419893875405,12.8861786081167,5.1447386590074,5.64958336252635,8.33961183574789,22.9078012010571,0,0,0,0,0,0,0,0,365.184579996882,263.407925650099,283.597323583673,560.311448980687,343.155679507357,408.87472363739,209.611064908182,623.15099520622,14.0309686835426,10.1205538514772,10.8856402880359,21.5007401361506,13.1446101806177,15.6620698475791,8.03773758695057,23.8954823604641,300.10405987135,214.666690642481,312.235924303739,634.658602862874,408.17385744593,480.248184944861,306.369755841845,916.807478539269,11.5304707366268,8.2478376620518,11.9843738062655,24.3514898728078,15.6370832859353,18.3977530179243,11.7450145717138,35.1456013141073,0,0,46.2119778868058,97.4011169593415,49.1192129481135,56.1521790593422,95.0642024684516,263.676282479151,0,0,0,0,0,0,0,0,470.671292544812,208.460022096061,2383.58595680833,2392.29255107293
"298",2014,1634,24.75,3500.59035322681,2674.96956128762,777.87510790269,1424.94718539795,345.202752555469,381.752382034035,322.535977220339,899.399017521457,0,0,0,0,0,0,0,0,0,0,1.30664672121799,2.40532916875856,0.670284763891338,0.739029699189565,0.63409751005082,1.76491470582582,0,0,0,0,0,0,0,0,4985.74416445336,3488.9808671976,791.769023868069,1483.6786051112,515.564831868978,581.757658844832,959.932389254099,2701.63284791467,191.560263847118,134.052224388693,30.5243399094251,57.2035559976175,19.8687082217878,22.4201836271383,37.056570828467,104.288055116895,20239.6407525583,13977.0363400212,3487.41461974863,6336.167279658,2485.87493965166,2699.43306438872,3824.28487298857,10486.1482208772,777.635223455604,537.020153667712,135.925274035548,247.509749693079,97.7005002261895,106.199709294865,150.937846524182,414.062056979057,0,0,6.93754362467657,12.802216320236,5.1402051151247,5.61127437510977,8.39790129890833,23.1053557168786,0,0,0,0,0,0,0,0,365.541893280984,263.436284702039,282.385086619131,557.076187220079,343.325623773014,406.506895931665,211.015547843881,628.083528667843,14.0446973166822,10.1216434500105,10.8391443301535,21.3767305290028,13.1511748178803,15.5714909445595,8.09160984872357,24.0847378958745,300.287000484465,214.598436534408,310.872132110068,630.624180829263,408.441967492675,477.351458357107,308.039988901288,922.884142742092,11.5374997046972,8.24521522826361,11.9320868266013,24.1968854006678,15.6474607310089,18.2869715974432,11.8091818920123,35.3790348686075,0,0,45.9930094248035,96.6928528376089,49.0942176058902,55.7417174887239,95.8129859064063,266.067265479646,0,0,0,0,0,0,0,0,472.540400280069,209.197219561232,2394.18599139991,2400.60284415914
"299",2014,1634,24.8333333333333,3489.33466639278,2665.8188136024,773.089581219781,1415.94006012187,343.183892979775,377.99099057089,322.104698529134,900.660018645111,0,0,0,0,0,0,0,0,0,0,1.29786959636101,2.38840759695048,0.666383435617466,0.73166844373492,0.633297248062945,1.76752758294279,0,0,0,0,0,0,0,0,4987.85445649329,3487.6038634586,788.235694087032,1475.13984170911,515.471755065499,578.208543884428,966.30582721106,2723.86037547329,191.641344642006,133.999317702978,30.3881495594797,56.8743399524284,19.8651316884366,22.2834214501751,37.302785402123,105.146588370455,20239.573076383,13964.8860912554,3469.34660527092,6296.0559700829,2483.04149490016,2680.75627605323,3850.48448773786,10574.3978058716,777.632675915605,536.553320744979,135.221397971412,245.93833395204,97.5897537924473,105.463001761527,151.97345200992,417.545549596031,0,0,6.90128856379773,12.7193707740027,5.13532611097375,5.57325570467872,8.45585321668314,23.3011734371619,0,0,0,0,0,0,0,0,365.885239791894,263.455894279877,281.174837842998,553.864665442725,343.45785967475,404.138677389006,212.403129993961,632.916318169619,14.0578893231066,10.1223968797778,10.7927234395846,21.2536284819919,13.1562918754986,15.4808931730179,8.14483186264867,24.2701657777829,300.471856782226,214.532383235038,309.513450508852,626.63536379692,408.681173421052,474.470019256676,309.709093155444,928.872993835803,11.5446022748169,8.24267735309788,11.8799939744042,24.0440255492195,15.656726718178,18.1767697537296,11.873300274325,35.6090902557933,0,0,45.7743940052689,95.9911491669699,49.0666942651824,55.3346482926942,96.5609397764437,268.448337727435,0,0,0,0,0,0,0,0,474.411300187566,209.93448414676,2404.77508002313,2408.86500794265
"300",2014,1634,24.9166666666667,3478.24069586247,2656.81309731309,768.432020573883,1407.17327186021,341.173653926726,374.306033957948,321.648166649682,901.761907195489,0,0,0,0,0,0,0,0,0,0,1.28928539043798,2.37190879444969,0.66249083160286,0.724450259268367,0.632443238570859,1.76982090555701,0,0,0,0,0,0,0,0,4989.76303003573,3486.0935093234,784.735966356345,1466.68147262701,515.325378718874,574.66141615766,972.624071591606,2745.83017790923,191.714675089639,133.941287481792,30.2532496799337,56.5482195343464,19.8595013072111,22.146736297843,37.546869919008,105.99518636704,20239.5091517329,13952.7879534551,3451.62079713699,6256.62159213001,2480.07706266319,2662.25382403932,3876.54703954395,10661.8896050779,777.630271852977,536.088490022023,134.530712446059,244.393240997801,97.4738798779509,104.733172257696,153.00375774095,420.999476970621,0,0,6.86546813448582,12.6376577356532,5.13011443748121,5.53553051839749,8.51346677992374,23.4952596566182,0,0,0,0,0,0,0,0,366.21467381983,263.466759303556,279.9676534818,550.677513733498,343.553059864519,401.770613704769,213.77414758536,637.653734226961,14.0705467887371,10.1228143298109,10.7464189914808,21.1314582525628,13.1599871303602,15.3902974512154,8.19741653887716,24.4519333754358,300.658617783082,214.468536833302,308.160616749122,622.692457065061,408.891862273775,471.604378713071,311.376435495793,934.774805794679,11.5517780250877,8.24022427050043,11.8281236080614,23.892922171443,15.6648961269244,18.0671672416701,11.937345584405,35.8357974060209,0,0,45.5562097745624,95.2960437463918,49.0366817891429,54.9309690646996,97.3080370439718,270.819544496243,0,0,0,0,0,0,0,0,476.28392095589,210.671791372741,2415.35245819521,2417.07919482416
"301",2015,1634,25,3467.31135015653,2647.95276483909,763.890861828805,1398.62256088149,339.172276581335,370.683721831715,321.17017836011,902.737578953001,0,0,0,0,0,0,0,0,0,0,1.28089400529676,2.35580477236236,0.658607854335423,0.717349020237311,0.631542457080946,1.77185434457262,0,0,0,0,0,0,0,0,4991.47746507789,3484.45674064834,781.261241182557,1458.28358784756,515.125467345416,571.097481725183,978.88932065649,2767.57136119498,191.78054642563,133.878400211826,30.1193101300638,56.2244282862851,19.8518079311581,22.0094037460578,37.7889091281925,106.834970700763,20239.4736319322,13940.7610703856,3434.19777929748,6217.77232266359,2476.97927915424,2643.833896815,3902.48879633855,10748.7864192572,777.628958489328,535.626397032859,133.851703524555,242.870907526348,97.3527825359727,104.006607867328,154.029399693755,424.430223256836,0,0,6.83009780854676,12.5569713716114,5.12456633808561,5.49790986595269,8.57077273232873,23.6879350452826,0,0,0,0,0,0,0,0,366.530841228484,263.469380615079,278.763721462048,547.510298226884,343.611261259817,399.389935681853,215.130814201294,642.319614001955,14.0826945286835,10.1229150432606,10.7002382405388,21.01004974946,13.1622620140304,15.2992146565414,8.24944874138896,24.6309541074921,300.847618236899,214.407215034307,306.81348566624,618.789664291655,409.073074526793,468.738575285449,313.043481805221,940.613084414827,11.5590398171566,8.23786818720911,11.7764702025856,23.7433529762681,15.6719322473884,17.9575527368485,12.0013741370504,36.0600574489648,0,0,45.3384659044988,94.6067062343489,49.0040613540612,54.5287711622314,98.0545153802438,273.183772133798,0,0,0,0,0,0,0,0,478.158028222895,211.408974094945,2425.91646479354,2425.24398251923
"302",2015,1634,25.0833333333333,3457.0265192056,2639.41814544671,758.268205274626,1387.65499937277,337.013018354133,365.231218543002,321.053155898853,907.44301191951,0,0,0,0,0,0,0,0,0,0,1.27225258660812,2.33678444476306,0.654422655313859,0.706704834964107,0.631295044454001,1.78066317725534,0,0,0,0,0,0,0,0,4993.98939400179,3483.53612395949,776.722438752139,1447.2006196596,514.631333509647,564.595817872133,985.611753899387,2794.22949480735,191.877058751886,133.843028646419,29.9444582972891,55.7972082613372,19.8327753887304,21.7588542919206,38.0485668000596,107.864278232408,20243.1403611883,13931.7132336125,3412.23473879487,6167.77374209557,2472.5402581213,2611.91809093987,3930.57651580149,10857.6022551742,777.76989005713,535.278763794094,132.997840200111,240.915063696314,97.1790028882334,102.749137763308,155.139189643723,428.721130971579,0,0,6.79290167082355,12.4596775418371,5.11623361921501,5.43218534837032,8.63244229217997,23.9257782134295,0,0,0,0,0,0,0,0,366.92141588318,263.536552641078,277.441106194302,543.615721739817,343.531172066486,395.029329484246,216.750782898022,649.77240616159,14.0977011114625,10.1254958984413,10.6494975377121,20.8607227239274,13.1592364886236,15.1322840302832,8.31157083688119,24.916779314994,301.093102428825,214.397336215838,305.342979461934,614.032741836241,409.025967290693,463.457061002584,315.01365979373,949.70581347242,11.5684718020287,8.2374886255518,11.720077221947,23.5610026135653,15.6702172268425,17.7553854850689,12.0770164650141,36.4090365009701,0,0,45.1106647005008,93.7946583009639,48.9452639076852,53.847858164747,98.8397247865211,275.960662366547,0,0,0,0,0,0,0,0,480.009368844908,212.12481946901,2436.32727722612,2433.1112584233
"303",2015,1634,25.1666666666667,3446.85346842224,2630.99061877322,752.799456318667,1376.99765959605,334.857876592422,359.933358394112,320.897735794848,911.836472306796,0,0,0,0,0,0,0,0,0,0,1.26355747446106,2.31803767030494,0.650255969314046,0.696359283581607,0.630986471528148,1.78896930178529,0,0,0,0,0,0,0,0,4996.37509015542,3482.52920683671,772.268161136601,1436.3047339863,514.096221813105,558.205638942501,992.300935396161,2820.69028914408,191.96872101324,133.80434128033,29.7728454786301,55.3771796624108,19.8121630391298,21.5126008922334,38.3069389363434,108.885975189911,20246.7312641371,13922.6542000673,3390.68264981223,6118.68153033546,2467.95058834977,2580.59526671157,3958.47920795991,10965.0263615182,777.907907645354,534.930700369511,132.159771961496,238.99440060264,96.9993469976587,101.515002524646,156.241817908077,432.957676196827,0,0,6.75499034168662,12.3627866893803,5.10760738931025,5.36766929859504,8.69375799040526,24.1610421144859,0,0,0,0,0,0,0,0,367.297016761557,263.594020295797,276.099969108907,539.733120043147,343.409961539428,390.71374250675,218.33768720159,656.915497377073,14.1121323769355,10.1277038961772,10.5980439899715,20.7118509440512,13.1546327462361,14.9670743402666,8.37242333869178,25.1907320630197,301.335586712818,214.385975553055,303.874175486175,609.32612291515,408.948670660819,458.251463104659,316.974266062399,958.621424543998,11.5777885242851,8.23705212909378,11.6637476387631,23.3805771495552,15.6673415940634,17.5561205349691,12.1522867247063,36.751217039966,0,0,44.8832925213188,92.9909146674357,48.8841322958025,53.178684401557,99.6236959969197,278.718453018635,0,0,0,0,0,0,0,0,481.862641444407,212.84083391649,2446.72062758208,2440.90551800342
"304",2015,1634,25.25,3436.79713595934,2622.67342739045,747.481223991351,1366.64330659719,332.7090033859,354.786554589743,320.705788385589,915.93119936745,0,0,0,0,0,0,0,0,0,0,1.25485941607338,2.29960212859472,0.646105904433221,0.686303048407094,0.630615920864849,1.79677531586806,0,0,0,0,0,0,0,0,4998.6119722324,3481.42077636703,767.889122676104,1425.58010234539,513.516558464875,551.91887694003,998.949236526215,2846.92305058425,192.054665599791,133.761753609118,29.6041165253267,54.9637359954751,19.7898336213551,21.2703331927823,38.5637323967087,109.898881822997,20250.2632896421,13913.5953036703,3369.53728250936,6070.48468883002,2463.21913811831,2549.85699202255,3986.20166971848,11071.0977943139,778.043662459103,534.582642226357,131.337342514484,237.108500574967,96.8141582294086,100.303869734244,157.337470436858,437.141380202403,0,0,6.71662083559869,12.2665239162951,5.09868117149469,5.30433014269175,8.75471048352257,24.3937256854871,0,0,0,0,0,0,0,0,367.657999565343,263.641993687965,274.744987407425,535.867536431454,343.249096242989,386.445298330456,219.893431034264,663.772524948727,14.1260019917349,10.1295471091816,10.5460572579429,20.5636281691022,13.1485070170556,14.8036670958491,8.43207928053759,25.4537183864062,301.576678026308,214.374294425903,302.407942153606,604.671707048491,408.843218418728,453.122744625674,318.925330236467,967.35588972279,11.5870517250184,8.23660331990986,11.6075147867993,23.202149549663,15.6633833189763,17.3597950012569,12.2271861776441,37.0864449662524,0,0,44.6562900328841,92.1954195366364,48.820737506558,52.5210807435454,100.406466641967,281.457570339385,0,0,0,0,0,0,0,0,483.717773132182,213.556991539701,2457.09546839789,2448.62730650797
"305",2015,1634,25.3333333333333,3426.86158949682,2614.46913380375,742.309945374175,1356.58439036574,330.568370856832,349.787086141338,320.479127651446,919.740182277023,0,0,0,0,0,0,0,0,0,0,1.24619963512477,2.28150682813085,0.641971897053656,0.676527485486568,0.630183414041966,1.80408750591814,0,0,0,0,0,0,0,0,5000.68195457866,3480.19881091521,763.577567617208,1415.01365816583,512.889967551278,545.729085014356,1005.55010826733,2872.90057773216,192.134197631787,133.714803742329,29.4379748441375,54.5563765775904,19.7656958810441,21.0318030948294,38.8186954566169,110.901952288948,20253.7502799827,13904.5456785773,3348.79341308407,6023.17037897851,2458.35424299135,2519.69388087828,4013.74822973971,11175.8540592212,778.177686344641,534.2349403134,130.530356979537,235.256874202284,96.6237594177447,99.1153697420353,158.426314960031,441.273704578208,0,0,6.67800243484858,12.1710675044895,5.08945371622526,5.24213830881636,8.81529227148352,24.6238335370152,0,0,0,0,0,0,0,0,368.004631452484,263.680625288074,273.38009507501,532.023028818946,343.049798799544,382.225434032368,221.419691094962,670.364998619547,14.1393202205002,10.1310313956145,10.4936884653304,20.4162103220948,13.140906164402,14.6421174545813,8.4906029733849,25.7065627127934,301.817680208616,214.363229296783,300.945170969543,600.071018610355,408.711332283843,448.071425851758,320.866856723968,975.90692379066,11.5963114998164,8.23617817838298,11.5514128991913,23.0257784052868,15.6584084209652,17.166429037798,12.3017151205235,37.4146329774659,0,0,44.4296322375687,91.4081324051696,48.7551441436057,51.8748618303032,101.188065717953,284.178426644625,0,0,0,0,0,0,0,0,485.574690830859,214.273266769103,2467.45084512654,2456.27728322368
"306",2015,1634,25.4166666666667,3417.0502156243,2606.37978618558,737.282048595577,1346.81337266105,328.437784972407,344.931254650542,320.219481724015,923.275885098457,0,0,0,0,0,0,0,0,0,0,1.23761124704509,2.26377365146965,0.637854377003218,0.667024682741351,0.629689596097974,1.81091473509152,0,0,0,0,0,0,0,0,5002.57074065313,3478.85397092625,759.327116948258,1404.59480323728,512.21502297853,539.631216785409,1012.09793836294,2898.59880471941,192.206767813256,133.663132839326,29.2741765366437,54.1546953122997,19.7396950470048,20.7968163060678,39.0716123260188,111.89426096992,20257.2033390144,13895.5125601577,3328.44532124204,5976.72497708002,2453.363643283,2490.09625495318,4041.12265617897,11279.3300395405,778.31040593405,533.887872624995,129.738601023171,233.439001236688,96.4284504038679,97.9491216263865,159.508497429329,445.356009298181,0,0,6.63930396833885,12.0765571911143,5.07992758658644,5.1810668035372,8.87549715645905,24.8513730397494,0,0,0,0,0,0,0,0,368.337098630724,263.710015866145,272.008578563768,528.202848648496,342.813093622131,378.055092927126,222.917915901816,676.712197399613,14.1520942176347,10.132160627221,10.4410638706191,20.2697223542617,13.1318694415316,14.4824616173056,8.5480499681376,25.9500039101908,302.059630059652,214.353519534537,299.486751867188,595.52527349673,408.554434238613,443.097692583888,322.798822388858,984.273621437338,11.6056076841917,8.23580511224629,11.4954761582166,22.8515104830031,15.652471435327,16.9760299750449,12.3758727900079,37.7357466490529,0,0,44.2033216298444,90.6290296759607,48.6874102154455,51.2398386562875,101.968513863328,286.881406163023,0,0,0,0,0,0,0,0,487.433322623901,214.989634383615,2477.78586942741,2463.85614407323
"307",2015,1634,25.5,3407.36584088666,2598.40701149257,732.393972174173,1337.32276237322,326.318906035087,340.215395800123,319.928503600515,926.550292459095,0,0,0,0,0,0,0,0,0,0,1.22912101007089,2.24641890601081,0.633754428031453,0.657787248877615,0.629135564954475,1.81726773732209,0,0,0,0,0,0,0,0,5004.26707253635,3477.3790586864,755.132484482088,1394.31486009131,511.491012195323,533.621272209804,1018.58789115351,2923.99642270082,192.271943596931,133.606464352437,29.1125195309212,53.7583597077555,19.7118037627745,20.565218747467,39.3222970106667,112.874987987943,20260.63138072,13886.5016721945,3308.4869267567,5931.13431828158,2448.25458673663,2461.05426290727,4068.32825708084,11381.5583393782,778.442163721361,533.541659077918,128.96184614381,231.654340056417,96.2285120069135,96.8047378175337,160.584145920221,449.389566011759,0,0,6.6006629816514,11.9831031627408,5.07010800603057,5.12109062444947,8.93531997346254,25.0763536856851,0,0,0,0,0,0,0,0,368.655529103034,263.730229977436,270.633213572185,524.409631748175,342.539884074534,373.934875764596,224.389366332886,682.831482305543,14.1643289012213,10.1329372843172,10.3882901185357,20.1242655732121,13.1214314548162,14.3247226350462,8.60446861176066,26.1847072816113,302.303348083972,214.345745313563,298.033553538319,591.035421268059,408.373702996223,438.201456249956,324.721183075663,992.456187109445,11.6149718032488,8.23550641272766,11.4397379381411,22.6793823374837,15.6456175752536,16.7885946204641,12.449657611978,38.049794075427,0,0,43.9773805655702,89.8580989072147,48.6175890967565,50.615820387503,102.74782506194,289.566869517166,0,0,0,0,0,0,0,0,489.293597325281,215.70606936535,2488.09970573178,2471.36461019896
"308",2015,1634,25.5833333333333,3397.81078239275,2590.55205485132,727.642177064931,1328.10513855731,324.213255578391,335.635887758651,319.607774436888,929.574917975088,0,0,0,0,0,0,0,0,0,0,1.22075008082074,2.22945400212085,0.629673643951256,0.648808235359307,0.62852279499166,1.82315878991408,0,0,0,0,0,0,0,0,5005.76240428533,3475.76878142753,750.989349962589,1384.166824734,510.717829837795,527.696137419622,1025.01584247031,2949.07475177141,192.329396634016,133.544594925045,28.9528387233502,53.3671014015213,19.6820180040694,20.3368904046338,39.5705908182268,113.843414314336,20264.0413687148,13877.5173972101,3288.91185626947,5886.38381785576,2443.03386775061,2432.55794052531,4095.36792223209,11482.5694080283,778.573227264681,533.19646805557,128.199852249346,229.902332359514,96.0242075424275,95.6818264330192,161.653372257863,453.375562850911,0,0,6.56218963968262,11.8907898721106,5.06000237511184,5.06218652552474,8.99475648240383,25.2987868566026,0,0,0,0,0,0,0,0,368.960003428232,263.741303342922,269.25632429251,520.645480606241,342.230983870562,369.86510267596,225.835133733809,688.738426025667,14.176027366463,10.13336273936,10.3354565146644,19.9799208021789,13.1096233702855,14.1689127891425,8.6599007424103,26.4112695388659,302.549460780945,214.340344385995,296.586414326576,586.602166851199,408.170102750078,433.382387739843,326.633875480538,1000.45579991479,11.6244279281069,8.23529889896384,11.3842304545937,22.5094211421168,15.6378838328968,16.6041105539889,12.5230672725208,38.3568206883355,0,0,43.7518478613182,89.0953362570379,48.5457303683588,50.0026153073381,103.526007366995,292.23515535055,0,0,0,0,0,0,0,0,491.155444296184,216.422546839813,2498.39156671449,2478.80342327231
"309",2015,1634,25.6666666666667,3388.38692120398,2582.81583612975,723.023159088496,1319.15317329741,322.122228585119,331.189158842219,319.258809694121,932.360829864273,0,0,0,0,0,0,0,0,0,0,1.21251506733911,2.21288639190151,0.62561393744883,0.640081023657957,0.627853035917101,1.82860128618538,0,0,0,0,0,0,0,0,5007.05044222665,3474.01942065678,746.894186213147,1374.14503715021,509.895836234789,521.853377334477,1031.37828016768,2973.81749861738,192.378885111512,133.477381686709,28.7949993616638,52.9807035352233,19.6503516470786,20.1117373657158,39.8163585463087,114.79891249755,20267.4386525805,13868.5630136188,3269.71352750576,5842.45862031751,2437.7078872474,2404.59728191591,4122.24418571682,11582.3917561853,778.703802108626,532.852425519737,127.452370915617,228.182408947841,95.81578513816,94.5799940388743,162.716274448095,457.315112798618,0,0,6.52397216142516,11.7996813397982,5.04961961302954,5.00433267633506,9.05380321121084,25.5186854761689,0,0,0,0,0,0,0,0,369.250568539673,263.743252209271,267.879865616364,516.912076425683,341.887158303115,365.845896473313,227.256165647246,694.447014331727,14.1871914166186,10.1334376165722,10.2826381816445,19.8367526827439,13.0964744973135,14.0150367908155,8.7143826771739,26.6302265282568,302.7984323252,214.337635727438,295.146131655201,582.225999420447,407.94442092454,428.639958071212,328.536821082734,1008.27443795235,11.6339938931123,8.23519482650725,11.3289843573791,22.3416457947383,15.6293004252489,16.4225576852458,12.5960988680893,38.6569025207129,0,0,43.5267742702133,88.3407431302344,48.4718809399857,49.4000319107816,104.303063954927,294.886583043826,0,0,0,0,0,0,0,0,493.018793214789,217.139042001373,2508.66070616421,2486.17333910076
"310",2015,1634,25.75,3379.09575897113,2575.19899362406,718.53345839203,1310.45964902364,320.047103167591,326.87169340214,318.883063800679,934.918670987467,0,0,0,0,0,0,0,0,0,0,1.20442881882722,2.19672027687884,0.621577409855007,0.631599252120944,0.627128239130902,1.83360941828604,0,0,0,0,0,0,0,0,5008.12679197902,3472.12857851592,742.844126742373,1364.24493240467,509.025752747888,516.091083849913,1037.67222670057,2998.21055805163,192.420240190263,133.404732507881,28.6388919765546,52.5989912166326,19.6168324498279,19.8896859914405,40.0594855153492,115.740939070139,20270.82722591,13859.6408774388,3250.88521329933,5799.34371139077,2432.28269722954,2377.16229131473,4148.95927453819,11681.0521304103,778.834041698776,532.509621992289,126.719147864543,226.493994072839,95.6034794576158,93.4988476600872,163.772938566549,461.209260437259,0,0,6.48608082702188,11.709825034913,5.03896969908309,4.94750841671183,9.11245734105996,25.7360637740167,0,0,0,0,0,0,0,0,369.527248017516,263.736080249838,266.505484918152,513.210760892018,341.509150512476,361.877238630214,228.653286296756,699.969811922062,14.1978219576802,10.1331620570897,10.2298984313277,19.6948128148312,13.0820132979095,13.86309393164,8.76794599852916,26.8420595924759,303.050589304794,214.337837995581,293.713455799836,577.907217878502,407.697299238159,423.973473085322,330.429928847369,1015.91473546753,11.6436822463177,8.23520259653556,11.2740284903589,22.1760678935581,15.6198919842298,16.2439095828953,12.6687490087235,38.9501407293828,0,0,43.302219195356,87.59432382198,48.3960858345934,48.8078797027344,105.078993928455,297.521454778746,0,0,0,0,0,0,0,0,494.883573929757,217.855530068701,2518.90641424424,2493.4751232706
"311",2015,1634,25.8333333333333,3369.93846559048,2567.70192079751,714.169666838607,1302.01747183627,317.989049156993,322.680036354932,318.481934127698,937.258677182084,0,0,0,0,0,0,0,0,0,0,1.19650106329365,2.18095718199432,0.617566259593051,0.623356767457408,0.626350500835976,1.83819792712522,0,0,0,0,0,0,0,0,5008.98866499031,3470.0949673134,738.836856106788,1354.46283809589,508.108579104071,510.407756868111,1043.89517341775,3022.24183258886,192.453354729638,133.326597913391,28.4844281843615,52.2218237573227,19.5814988770736,19.6706783448732,40.2998750503015,116.669027644728,20274.2099405366,13850.7525728085,3232.42009346856,5757.02400717004,2426.76403705884,2350.24302262889,4175.51514970553,11778.575668846,778.964055612642,532.168118338217,125.999924973889,224.83650890019,95.387513103346,92.437996316292,164.823440354728,465.058987969049,0,0,6.44857114795387,11.6212549170103,5.02806333951369,4.89169407002136,9.17071661542362,25.9509371142157,0,0,0,0,0,0,0,0,369.790050186392,263.719783941336,265.134572207386,509.542600198378,341.097698185366,357.959008616883,230.027214253859,705.318112036897,14.2079193094982,10.1325359255421,10.1772906904194,19.5541422155761,13.0662680286045,13.7130795947794,8.82061823273206,27.0472013103687,303.30614165839,214.341085137443,292.289086690145,573.645955078013,407.429261150152,419.382105115727,332.313097203099,1023.37985787156,11.6535010539218,8.23532735550707,11.21938976776,22.0126926651754,15.609678608483,16.0681346885722,12.7410138936162,39.2366568030691,0,0,43.0782481609273,86.8560837928434,48.3183887608218,48.2259698012905,105.85379297857,300.140057263634,0,0,0,0,0,0,0,0,496.749716368604,218.571986260101,2529.12801413591,2500.70954803637
"312",2015,1634,25.9166666666667,3360.91592094903,2560.32479843121,709.928433999354,1293.81968215173,315.949135935301,318.61079677503,318.056764540459,939.390694544546,0,0,0,0,0,0,0,0,0,0,1.18873895534855,2.1655964493229,0.613582708187329,0.615347585790877,0.625522014488292,1.84238189178778,0,0,0,0,0,0,0,0,5009.63462314054,3467.91822677314,734.87051555208,1344.7958023815,507.14552401769,504.80220602132,1050.04502203487,3045.90106256083,192.478173474766,133.242964060858,28.3315370746832,51.8490880817399,19.5443974352366,19.4546684154842,40.5374462373097,117.582782411753,20277.5886928356,13841.8990425408,3214.31129873144,5715.48442861207,2421.15736482294,2323.82961156249,4201.91354266492,11874.9860444894,779.093916717676,531.827950781774,125.294441979946,223.20937440713,95.1680978299799,91.3970522695704,165.867846635168,468.865220754953,0,0,6.41148657038441,11.5339940214498,5.01691169060962,4.83687078331674,9.22857926184452,26.1633218504465,0,0,0,0,0,0,0,0,370.038974870237,263.694357006143,263.768303027833,505.908438703271,340.653545960588,354.091015195316,231.378578026811,710.502072410123,14.2174834653127,10.131558980733,10.1248601476763,19.4147733801116,13.0492672173018,13.5649864571707,8.87242344845005,27.2460407127595,303.565201105133,214.347440099195,290.873672021291,569.442199602426,407.140735759206,414.864920258463,334.186215956315,1030.67339263547,11.6634546083737,8.23557152191377,11.1650931008845,21.85151979923,15.5986767793511,15.8951973624938,12.8128893843643,39.5165883794283,0,0,42.8549306920735,86.1260282547649,48.2388325796895,47.6541154275338,106.627453965042,302.742663278086,0,0,0,0,0,0,0,0,498.617150476744,219.288385779626,2539.32485929636,2507.87738976949
"313",2016,1634,26,3352.0425204629,2553.03551763784,705.681616455937,1285.95084269431,314.248868008487,315.753966676424,317.213172302719,939.959353245658,0,0,0,0,0,0,0,0,0,0,1.18131788144834,2.15112711137454,0.610251922623014,0.609677961808016,0.623900324336591,1.8436117526652,0,0,0,0,0,0,0,0,5010.25109555086,3465.75168499368,730.874103316318,1335.39087761142,506.654610514499,501.009489864866,1055.53319590236,3067.15978212954,192.501859330615,133.159722061024,28.1775052882043,51.486475562945,19.525491728259,19.3085239248109,40.7495154162207,118.404023331816,20281.6516558558,13833.5932177235,3196.22646091962,5675.32442170895,2417.93693060053,2305.90647355885,4225.40344322842,11961.1537893092,779.250065594293,531.508826957994,124.590199124801,221.636449782499,95.0424887902227,90.6900429717031,166.798158077758,472.269242255991,0,0,6.37578732327439,11.4506788990302,5.01064412187923,4.79966152496385,9.28036971414967,26.3542540252934,0,0,0,0,0,0,0,0,370.300592731845,263.674782665077,262.450671905931,502.431103427758,340.569391452487,351.51720206749,232.361460159128,714.247886620745,14.2275353120445,10.1308069019729,10.074295052244,19.2814193966465,13.0460537590161,13.4664693739816,8.9101087845181,27.389772554953,303.839922857103,214.367111586565,289.500963334994,565.417503388905,407.24890134933,411.850407230479,335.615563217769,1036.25949445874,11.6740099321495,8.23632733055927,11.1124336963932,21.6972133690032,15.6028698036318,15.7798294341166,12.8677558393234,39.7310833447584,0,0,42.6387292953523,85.4239170721513,48.2067221601168,47.2560508660122,107.347878371451,305.14879686044,0,0,0,0,0,0,0,0,500.469342947014,219.998335144006,2549.40755424179,2514.91780894555
"314",2016,1634,26.0833333333333,3343.41471694997,2545.76841898801,701.031684495726,1278.72059049943,313.931386607687,317.647828078663,314.65703561825,934.543842864397,0,0,0,0,0,0,0,0,0,0,1.17460837431981,2.13899770114225,0.60961685125904,0.6132116653767,0.61903301471848,1.83351754350092,0,0,0,0,0,0,0,0,5011.38578007405,3464.04892757119,726.606983222822,1326.7130005971,508.332735523498,504.712480405741,1058.31101635456,3079.04938576482,192.545455724548,133.094299397855,28.0131285569944,51.151980629796,19.5901790929444,19.4512591782308,40.8571288893095,118.864177432793,20288.792030932,13827.6163830711,3177.09451315068,5638.5633939013,2425.29116505683,2322.73782575365,4236.82339222499,12006.9578344779,779.524452423494,531.279186682347,123.846911411043,220.198044583103,95.3326150949823,91.3500402408286,167.254675160981,474.087453664934,0,0,6.34372837416548,11.3792613046758,5.02627772520143,4.83478773236957,9.30705028067584,26.4607563585453,0,0,0,0,0,0,0,0,370.66225636412,263.711123105249,261.30438236636,499.495904250016,342.142919027862,354.353514465258,231.883833331371,712.561650423497,14.2414310746042,10.1322031585685,10.0303030643194,19.1688644529772,13.106336793293,13.5752069680605,8.89183615325943,27.3253714930749,304.17889008122,214.438867954246,288.289794301323,561.98815556678,409.168832889395,415.092492346163,335.157634363504,1035.0634215913,11.6870336673359,8.23908432364425,11.0659716691283,21.5657466754386,15.6764727895168,15.9041748645484,12.8503005233454,39.6856825802491,0,0,42.4510325487681,84.8152719156226,48.3867457586993,47.5725625964387,107.840362518213,306.760144708631,0,0,0,0,0,0,0,0,502.251291355282,220.680545113514,2559.10412619505,2521.67089284804
"315",2016,1634,26.1666666666667,3335.00143814858,2538.6880427569,696.535943621633,1271.73017209139,313.577534371092,319.438848519188,312.136008822144,929.200296038004,0,0,0,0,0,0,0,0,0,0,1.16777942912264,2.1269708396004,0.608924934400248,0.616584646026968,0.614201782741481,1.82345211470911,0,0,0,0,0,0,0,0,5012.20118090243,3462.12463743297,722.375239469582,1318.10106230034,509.91057190769,508.254894257266,1060.89598874394,3090.28714796478,192.576784728338,133.020365093479,27.8501015758412,50.8200187383395,19.6510037063023,19.5878059433416,40.957309489957,119.29921491043,20296.0502838477,13821.7594406415,3158.34664187422,5602.48910444951,2432.38463493964,2339.08366486456,4248.2189938544,12052.675050111,779.803367760806,531.054152868061,123.11838395926,218.78630328334,95.6125960541281,91.991118864545,167.710255080165,475.902354184099,0,0,6.31087515367963,11.3078872060161,5.0413638255715,4.86890709233897,9.33335878183328,26.5660546651774,0,0,0,0,0,0,0,0,371.006485797008,263.737527994221,260.129804143779,496.555261088808,343.651880409537,357.129850804535,231.496628411832,711.219462576058,14.2546569866328,10.1332176754139,9.98522338508236,19.056096907854,13.1641422021047,13.6816411375703,8.87702463295583,27.2741428566863,304.531975877779,214.51955483202,287.096366312748,558.622483782099,411.088441211252,418.324129322598,334.714786154765,1033.87778774354,11.7005998592796,8.2421844412341,11.0201890045847,21.4367195551524,15.7500592140936,16.0281154042086,12.8334198404038,39.6406730640332,0,0,42.2637626066037,84.2132648902512,48.5635760513488,47.8825246495256,108.332001977046,308.370018553166,0,0,0,0,0,0,0,0,504.034937434196,221.362836305518,2568.81873155184,2528.43677088843
"316",2016,1634,26.25,3326.79349432813,2531.78666159112,692.188343471633,1264.97000518759,313.189385952409,321.131260074131,309.649311947555,923.92692944928,0,0,0,0,0,0,0,0,0,0,1.160892634756,2.11509357646027,0.608174781681453,0.619796403732176,0.609410181447732,1.81343038283217,0,0,0,0,0,0,0,0,5012.73895631087,3460.00914918564,718.186909312775,1309.57111660153,511.400542096085,511.652375066398,1063.30611272852,3100.92810937045,192.597446919524,132.939084651992,27.6887344282999,50.4912075882194,19.708442767049,19.7187656644827,41.0507480687394,119.71124764273,20303.3967195238,13816.0011970716,3139.97129658524,5567.08099460789,2439.22087078046,2354.95198139658,4259.58016294146,12098.2732820615,780.085670683789,530.832911232039,122.404175332172,217.40043296738,95.8825649128235,92.6135859640694,168.164505462409,477.712694938109,0,0,6.27747932933144,11.2367543466022,5.05589205243563,4.90201934206242,9.35929168871925,26.6701325311736,0,0,0,0,0,0,0,0,371.33315962284,263.753779863558,258.931343245721,493.612523200193,345.096671717589,359.842331565538,231.18857110296,710.181374733518,14.2672083834525,10.1338420970239,9.93922519491592,18.9432453331989,13.2194849062136,13.7856227590845,8.86524191430741,27.2345547570823,304.895724340466,214.606896721697,285.915558333855,555.311881765933,413.000723017323,421.539650976832,334.291073076841,1032.72265242833,11.714575726622,8.24554025504797,10.9748891176104,21.3098017778297,15.8233607265118,16.1514337946601,12.8172689986601,39.5968229464035,0,0,42.0767623449157,83.6176526012684,48.7371636965798,48.185952058486,108.82266000979,309.978020769314,0,0,0,0,0,0,0,0,505.820197003759,222.04518271936,2578.54979705962,2535.21475461268
"317",2016,1634,26.3333333333333,3318.78263675572,2525.05729032527,687.983205308376,1258.43112070596,312.768972292351,322.72916860358,307.196250073659,918.722193055483,0,0,0,0,0,0,0,0,0,0,1.15399743862906,2.10340234679277,0.607366364306532,0.622848001009427,0.604661157017305,1.80346473273729,0,0,0,0,0,0,0,0,5013.03461954563,3457.72835788861,714.048015474298,1301.13543370768,512.812782454626,514.918137707293,1065.55759882768,3111.02247450798,192.60880677382,132.851453002989,27.5292597639998,50.1660195845631,19.7628857867275,19.8446465917978,41.1380669738503,120.102202467624,20310.8061726354,13810.3236803886,3121.95794242938,5532.32039262001,2445.80397583812,2370.35129109675,4270.89814093452,12143.7242966526,780.370394309751,530.614771262158,121.703883220341,216.039713625212,96.1426772922877,93.2177691654214,168.617085362502,479.517378873506,0,0,6.24374746398221,11.166024377603,5.06986032710146,4.93413193440135,9.38484882361648,26.7729836216543,0,0,0,0,0,0,0,0,371.642316693421,263.759785994575,257.713163296519,490.671139850477,346.478372656226,362.488359529477,230.94968935961,709.411734067642,14.2790867578117,10.1340728609983,9.89246838446056,18.8304421698198,13.2724061271743,13.8870520061914,8.85610563819955,27.2052400600949,305.267167946254,214.698950369454,284.743265563541,552.049237956666,414.899511064923,424.733789863785,333.889700691106,1031.61457980935,11.7288472524594,8.24907710216511,10.9299144365598,21.1847204713405,15.8961409886411,16.2739280635338,12.8019706684672,39.5547663971671,0,0,41.8899230469739,83.0282407138543,48.9074636739763,48.4828635385104,109.312213430661,311.583791022844,0,0,0,0,0,0,0,0,507.606985634312,222.72755793284,2588.29581063725,2542.00414004966
"318",2016,1634,26.4166666666667,3310.96142023974,2518.49357980161,683.915182582154,1252.10509581178,312.318273597146,324.236551384989,304.776199046082,913.584730162458,0,0,0,0,0,0,0,0,0,0,1.14713340302571,2.09192502943276,0.606500646301193,0.625741675628758,0.599957139729706,1.79356543306565,0,0,0,0,0,0,0,0,5013.11849028173,3455.30440492111,709.962966921189,1292.80322659922,514.155539882747,518.063335298073,1067.66506589651,3120.61608820067,192.612029221624,132.758320853667,27.3718481769283,49.8448096997098,19.8146497859971,19.9658778425596,41.2198276047384,120.473839389887,20318.2573056237,13804.7116418017,3104.29688778801,5498.19019486492,2452.13848643908,2385.29049915607,4282.16533355171,12189.0033392152,780.65671882434,530.399147075322,121.017137783572,214.70348582968,96.3931057903238,93.8040113524669,169.067698963234,481.315443631452,0,0,6.20984892769153,11.0958288881399,5.08327243279435,4.96525782061989,9.41003256359023,26.8746095583752,0,0,0,0,0,0,0,0,371.934122355437,263.755553579203,256.479147787072,487.734531635217,347.798537110243,365.066348588458,230.771170014099,708.878749044159,14.2902984625952,10.1339102436625,9.84510210441379,18.7178187852262,13.3229653436111,13.985867931455,8.84927789774107,27.1849797374414,305.643761082935,214.794058341698,283.576253518854,548.828731220318,416.779426130411,427.90171346473,333.513139326363,1030.56706349961,11.7433166303661,8.25273130133524,10.88514080318,21.0612522857269,15.9681938459235,16.3954128894627,12.7876193428966,39.5150198975261,0,0,41.7031748415921,82.4448747475687,49.0744361111449,48.7732821839451,109.800551175912,313.187002326799,0,0,0,0,0,0,0,0,509.39521941836,223.409935422906,2598.05533213477,2548.80422167553
"319",2016,1634,26.5,3303.32307171601,2512.0897147757,679.979219510168,1245.98398421312,311.839215976525,325.657260102974,302.38859224956,908.513340672547,0,0,0,0,0,0,0,0,0,0,1.14033219467959,2.08068273781945,0.605579296059757,0.628480527076399,0.595300131237855,1.78374102043536,0,0,0,0,0,0,0,0,5013.01658927861,3452.75632341347,705.934911893492,1284.58129712243,515.435537947052,521.097414260121,1069.64174601121,3129.75094506034,192.608114022127,132.66041948733,27.2166217584622,49.5278402626389,19.8639933288341,20.0828230113608,41.2965382505261,120.827771055739,20325.7319489412,13799.1520869925,3086.97912814013,5464.67457578864,2458.22925341104,2399.77878434248,4293.37514627916,12234.0886751984,780.943946132802,530.185539408862,120.343595622475,213.391139523562,96.6340353882363,94.3726661824068,169.51608919619,483.106043761233,0,0,6.17592302334039,11.026274956642,5.09613617346188,4.99541374011252,9.43484717968753,26.9750180881425,0,0,0,0,0,0,0,0,372.208838891378,263.741167690762,255.232890254361,484.80600759051,349.059028593327,367.575487729062,230.645204917618,708.554008777865,14.300853575117,10.1333575136693,9.79726438636346,18.6055022876697,13.371233967364,14.0820393967685,8.84445933770212,27.1726844357336,306.023314922634,214.890803913179,282.412010832633,545.645621049288,418.635801983263,431.039026413164,333.163241452436,1029.5909783754,11.7578997621328,8.25644841970766,10.840471822735,20.9392153444063,16.0393404610896,16.5157196999,12.7742858388359,39.4779995659805,0,0,41.5164783059708,81.8674318194497,49.238046535558,49.0572356849651,110.287572787822,314.787356905761,0,0,0,0,0,0,0,0,511.184815512141,224.092288804256,2607.82699657545,2555.61430185464
"320",2016,1634,26.5833333333333,3295.86141907795,2505.84035893638,676.170530681401,1240.06028146181,311.333667907923,326.995019746805,300.032913224647,903.506960471571,0,0,0,0,0,0,0,0,0,0,1.13361868111984,2.06969080822102,0.60460452987242,0.631068342698781,0.59069175341168,1.77399851283143,0,0,0,0,0,0,0,0,5012.75113134297,3450.10039373404,701.965938663414,1276.47440261322,516.658185992941,524.028316525526,1071.49958935868,3138.46543841087,192.597914703728,132.558374421765,27.0636618044155,49.2152950256191,19.9111245380913,20.1957879205589,41.36865810051,121.165472258933,20333.2147373574,13793.6340176913,3069.99626198785,5431.75883066722,2464.08137130352,2413.82552686244,4304.5218962297,12278.9613488895,781.231485886312,529.973525691522,119.682936528306,212.102107937739,96.8656607124977,94.924095297347,169.962034325309,484.888441371649,0,0,6.14208292330435,10.9574482452635,5.10846240031109,5.02461929458944,9.45929846341935,27.0742220382743,0,0,0,0,0,0,0,0,372.466808269526,263.716778519854,253.977688679327,481.888718795424,350.261926744149,370.015605581364,230.564907078062,708.412224907241,14.3107652343475,10.1324204415818,9.74908192581214,18.4936137418319,13.4172917493664,14.1755598673412,8.84138593839476,27.1673845787438,306.403961946627,214.987986406866,281.248662205964,542.49612393094,420.464641765031,434.14177346942,332.841310934992,1028.69484293541,11.7725248947543,8.26018232534985,10.7958355231172,20.8184645013166,16.1094276477536,16.634696792796,12.7620199533179,39.4440312209881,0,0,41.3298197082032,81.295815946895,49.3982660021848,49.3347564297607,110.773187636038,316.384584113012,0,0,0,0,0,0,0,0,512.975692509268,224.774591988103,2617.60951606751,2562.43369634648
"321",2016,1634,26.6666666666667,3288.57080326964,2499.74058671448,672.484573777712,1234.32687891064,310.803437889374,328.253430223367,297.708686958998,898.564637065343,0,0,0,0,0,0,0,0,0,0,1.12701224869117,2.05895998118945,0.60357892935893,0.633509395099084,0.58613330782166,1.76434366803126,0,0,0,0,0,0,0,0,5012.34113075393,3447.35057957105,698.057307629524,1268.4856819248,517.827828415167,526.862727356845,1073.24940541087,3146.79471130773,192.582161825436,132.452722164204,26.9130177272062,48.9072955126823,19.9562106518339,20.305030121656,41.4366026443192,121.488293354702,20340.69266281,13788.1481144183,3053.34038974821,5399.42918681953,2469.70009839735,2427.44022757425,4315.60069769706,12323.6048622721,781.518838301858,529.762747853823,119.034859577399,210.835860291366,97.0881829346247,95.4586651962451,170.405343510329,486.661993688984,0,0,6.10842043002232,10.8894167477629,5.1202638763858,5.05289587961089,9.48339329505354,27.1722380947109,0,0,0,0,0,0,0,0,372.708432234244,263.682586504365,252.716545735172,478.98561252604,351.409424015604,372.387014285716,230.524201687636,708.430889039254,14.3200488759499,10.1311067285439,9.70067008974035,18.3822664054368,13.4612228080848,14.2664414105246,8.83982483631047,27.1682172309877,306.784111183688,215.084590299281,280.08486460196,539.377265421394,422.26255750027,437.206431528654,332.548187344471,1027.88514547886,11.7871309006164,8.26389400022508,10.7511803703659,20.6988856654362,16.178325557705,16.7522090379901,12.7508536966668,39.4133628893006,0,0,41.1432054071921,80.7299525248436,49.5550711339628,49.6058815174924,111.257313853712,317.978437545519,0,0,0,0,0,0,0,0,514.76777079659,225.456819340833,2627.40168025064,2569.2617398225
"322",2016,1634,26.75,3281.44600442347,2493.78582595902,668.917026423843,1228.77702464144,310.250272767292,329.435968131299,295.415472615034,893.685509244654,0,0,0,0,0,0,0,0,0,0,1.12052787121626,2.04849735276964,0.602505305313922,0.635808285583706,0.581625826422155,1.75478119905995,0,0,0,0,0,0,0,0,5011.80290983299,3444.51889436288,694.209640777345,1260.61700523175,518.947953536169,529.606287869995,1074.90098493519,3154.77096006987,192.561482516948,132.343924290163,26.7647143332123,48.6039144462502,19.9993860328302,20.4107670453196,41.5007483384996,121.797471856595,20348.1546988171,13782.68646981,3037.00403200265,5367.67265001382,2475.09079138666,2440.63244039566,4326.60736294945,12368.0048947545,781.805579731627,529.552902082071,118.399079971996,209.591895850544,97.3018072377174,95.9767446161565,170.845852962903,488.426142205203,0,0,6.07500988482146,10.8222339127727,5.13155446359306,5.08026590133156,9.50713930329644,27.2690858095501,0,0,0,0,0,0,0,0,372.934155893078,263.638830008457,251.45217681387,476.099405292481,352.503748400578,374.690383147912,230.517729019575,708.589964778628,14.3287216016711,10.1294255328877,9.65213322252597,18.2715646904884,13.5031126574367,14.3547098382778,8.83957059977572,27.1744142869153,307.162409837103,215.17975881368,278.919715154627,536.28674796646,424.026709197451,440.229893521488,332.284321558067,1027.16663921838,11.8016658031452,8.26755052559997,10.7064717337128,20.5803907291506,16.2459253509791,16.8681372658553,12.7408041917238,39.3861761230775,0,0,40.9566572760924,80.1697837597505,49.7084439983275,49.8706526268376,111.739877413474,319.568692564537,0,0,0,0,0,0,0,0,516.560972826072,226.138945808592,2637.20235463222,2576.09778946658
"323",2016,1634,26.8333333333333,3274.48219122792,2487.97181857108,665.463769768134,1223.40429581078,309.675857188884,330.545988843603,293.152858644996,888.868793432989,0,0,0,0,0,0,0,0,0,0,1.11417680053485,2.03830698174254,0.601386622037226,0.637969851383926,0.577170106844657,1.74531491951608,0,0,0,0,0,0,0,0,5011.15044671194,3441.61565195333,690.423044036062,1252.86920235691,520.021334377622,532.263743663175,1076.46318861714,3162.4236572083,192.536413840438,132.232377074012,26.6187565251425,48.3051845145263,20.0407575682672,20.5131817033105,41.56143599598,122.094140952899,20355.5915436336,13777.2424061067,3020.98007679644,5336.4769045693,2480.25886365624,2453.4117277593,4337.53833056168,12412.1490978384,782.091352794671,529.343731805915,117.775327002884,208.369740062175,97.5067411952847,96.478702803931,171.283423171376,490.180404733902,0,0,6.0419107438941,10.7559407458917,5.142348706553,5.10675235794859,9.53054465757483,27.3647869637774,0,0,0,0,0,0,0,0,373.144456990983,263.585777184283,250.18702378921,473.232576704639,353.547121345023,376.926658610898,230.540771953571,708.871654402759,14.3368017672395,10.1273871574477,9.60356517233983,18.1616039245973,13.5430465864629,14.4404016290369,8.84044244901574,27.1852935220322,307.537716125384,215.272775331212,277.752684205666,533.222853804432,425.754752875083,443.209446941103,332.049831690164,1026.5425640931,11.816085733305,8.27112436783171,10.6616893149766,20.4629138423028,16.3121372059525,16.9823774471659,12.7318758185811,39.362594505797,0,0,40.7702097302374,79.6152656543812,49.8583718593622,50.1291157772178,112.220811451208,321.155144498969,0,0,0,0,0,0,0,0,518.355223259015,226.820946988572,2647.01047727215,2582.9412262821
"324",2016,1634,26.9166666666667,3267.67487002908,2482.2945809421,662.120871943146,1218.20257079342,309.081813154348,331.586728683864,290.92045794892,884.113770093831,0,0,0,0,0,0,0,0,0,0,1.10796727033917,2.0283905097609,0.60022591699071,0.639999069137999,0.5727667476385,1.73594788977551,0,0,0,0,0,0,0,0,5010.3957266442,3438.64971951377,686.697228824379,1245.24228967227,521.050169441202,534.839094148229,1077.94403805547,3169.77978271248,192.50741628851,132.118421206656,26.47513397322,48.0111070840013,20.0804100697734,20.6124284175071,41.6189742665975,122.37933834369,20362.9953605771,13771.8102908572,3005.26172688072,5305.83021345532,2485.2097435529,2465.7876160581,4348.39059236122,12456.0268848285,782.375856399853,529.135020617441,117.163342010155,207.168940688279,97.7031931493213,96.9649077868319,171.717936071559,491.924367273578,0,0,6.00917019386284,10.6905679323753,5.15266138113867,5.1323783957876,9.55361785589626,27.4593649204026,0,0,0,0,0,0,0,0,373.339835163752,263.523717811464,248.923268461977,470.387362806841,354.541715453867,379.096984544019,230.589182947182,709.260163096806,14.3443085694651,10.1250027360202,9.55504980555306,18.0524700922031,13.5811080312249,14.5235608619513,8.84228145491486,27.2002495502293,307.909071741432,215.363044568549,276.583549444411,530.184349692869,427.444788850098,446.142751623864,331.844558547063,1026.01486757428,11.8303538714353,8.2745926551823,10.6168246201676,20.3464077560545,16.3768883393572,17.0948398440977,12.7240623409853,39.3426921192485,0,0,40.5839067231336,79.0663649850919,50.0048469531432,50.3813211010681,112.700055571682,322.73760678731,0,0,0,0,0,0,0,0,520.150449105353,227.502799198709,2656.82505558118,2589.79145642368
"325",2017,1634,27,3261.21973577592,2476.8647035257,659.031047129962,1214.77878218507,308.674511422143,333.065377340805,288.077378823751,877.120990199313,0,0,0,0,0,0,0,0,0,0,1.1026221004112,2.02177616562901,0.599424952339303,0.642874405925588,0.567285928545087,1.72270932301506,0,0,0,0,0,0,0,0,5009.73085050713,3435.82917950487,683.297352177763,1239.39699458526,522.382725659729,538.149720170547,1078.54572621659,3174.20637663941,192.481870684074,132.010051548993,26.3440950096559,47.7857399721956,20.1317654076159,20.7400089534129,41.6426093516571,122.551559987063,20371.1692368419,13767.1745956848,2990.94173927862,5282.8055423367,2491.60476554833,2481.52623878435,4355.52468695691,12488.0862188397,782.689946340802,528.956909173473,116.606234090057,206.266199918567,97.9564745877178,97.5834537815877,172.006956074158,493.205952037903,0,0,5.98074172058298,10.6420813148117,5.16594345427226,5.16498808115797,9.56895882416526,27.5292987033948,0,0,0,0,0,0,0,0,373.536287612655,263.473073073441,247.810351708322,468.269176743678,355.727688513033,381.805253400454,230.263551668065,708.513465767831,14.3518566462245,10.1230568831358,9.51232295784372,17.9712349377965,13.6264966851875,14.6273235080496,8.82977482554718,27.1716536164027,308.287024673704,215.463070928275,275.584472668486,527.952267246689,429.381246779375,449.709511917244,331.200237305871,1024.12890848899,11.8448754879638,8.27843582679996,10.5784858309195,20.2608450737643,16.4510762415313,17.2315687088101,12.6994095892264,39.2706842814973,0,0,40.4246673071022,78.6413047386558,50.1812536329036,50.7041100977674,113.1173704236,324.123596174536,0,0,0,0,0,0,0,0,521.946052208008,228.178609706359,2666.64338805278,2596.59069485937
