"","year","sim_id","time","N_1_1_1_1","N_1_1_1_2","N_1_1_2_1","N_1_1_2_2","N_1_1_3_1","N_1_1_3_2","N_1_1_4_1","N_1_1_4_2","N_1_2_1_1","N_1_2_1_2","N_1_2_2_1","N_1_2_2_2","N_1_2_3_1","N_1_2_3_2","N_1_2_4_1","N_1_2_4_2","N_2_1_1_1","N_2_1_1_2","N_2_1_2_1","N_2_1_2_2","N_2_1_3_1","N_2_1_3_2","N_2_1_4_1","N_2_1_4_2","N_2_2_1_1","N_2_2_1_2","N_2_2_2_1","N_2_2_2_2","N_2_2_3_1","N_2_2_3_2","N_2_2_4_1","N_2_2_4_2","N_3_1_1_1","N_3_1_1_2","N_3_1_2_1","N_3_1_2_2","N_3_1_3_1","N_3_1_3_2","N_3_1_4_1","N_3_1_4_2","N_3_2_1_1","N_3_2_1_2","N_3_2_2_1","N_3_2_2_2","N_3_2_3_1","N_3_2_3_2","N_3_2_4_1","N_3_2_4_2","N_4_1_1_1","N_4_1_1_2","N_4_1_2_1","N_4_1_2_2","N_4_1_3_1","N_4_1_3_2","N_4_1_4_1","N_4_1_4_2","N_4_2_1_1","N_4_2_1_2","N_4_2_2_1","N_4_2_2_2","N_4_2_3_1","N_4_2_3_2","N_4_2_4_1","N_4_2_4_2","N_5_1_1_1","N_5_1_1_2","N_5_1_2_1","N_5_1_2_2","N_5_1_3_1","N_5_1_3_2","N_5_1_4_1","N_5_1_4_2","N_5_2_1_1","N_5_2_1_2","N_5_2_2_1","N_5_2_2_2","N_5_2_3_1","N_5_2_3_2","N_5_2_4_1","N_5_2_4_2","N_6_1_1_1","N_6_1_1_2","N_6_1_2_1","N_6_1_2_2","N_6_1_3_1","N_6_1_3_2","N_6_1_4_1","N_6_1_4_2","N_6_2_1_1","N_6_2_1_2","N_6_2_2_1","N_6_2_2_2","N_6_2_3_1","N_6_2_3_2","N_6_2_4_1","N_6_2_4_2","N_7_1_1_1","N_7_1_1_2","N_7_1_2_1","N_7_1_2_2","N_7_1_3_1","N_7_1_3_2","N_7_1_4_1","N_7_1_4_2","N_7_2_1_1","N_7_2_1_2","N_7_2_2_1","N_7_2_2_2","N_7_2_3_1","N_7_2_3_2","N_7_2_4_1","N_7_2_4_2","N_8_1_1_1","N_8_1_1_2","N_8_1_2_1","N_8_1_2_2","N_8_1_3_1","N_8_1_3_2","N_8_1_4_1","N_8_1_4_2","N_8_2_1_1","N_8_2_1_2","N_8_2_2_1","N_8_2_2_2","N_8_2_3_1","N_8_2_3_2","N_8_2_4_1","N_8_2_4_2","HIV_neg_male","HIV_neg_female","HIV_pos_male","HIV_pos_female"
"1",1990,1695,0,9632.09992565378,9703.64126052408,430.147861497498,814.526800786665,177.703059682053,252.653066989068,0,0,0,0,0,0,0,0,0,0,0,0,0.657818472463799,1.26371775264622,0.318049688928294,0.452905674841616,0,0,0,0,0,0,0,0,0,0,1872.02902146874,1897.47942102423,56.3321953219345,106.111755002266,17.5852199142479,24.9876769082569,0,0,71.9263486960992,72.9041937465177,2.17029900560236,4.0884257560612,0.677669794813474,0.96294714026972,0,0,32354.6865922677,32861.6322819775,1160.57844610629,2184.80026604259,415.158968155265,587.819077253498,0,0,1243.03551178503,1262.59856014336,44.9265289732921,84.6195010585071,16.1820239440542,22.9201979585662,0,0,0,0,1.77001743945086,3.37751109736416,0.726686987824787,1.0307057987283,0,0,0,0,0,0,0,0,0,0,202.098611203829,204.850067301465,25.3204595070006,48.4732607109572,17.0840594390751,24.2880210634124,0,0,7.76481308286845,7.8706707269687,0.967991394157726,1.85259536131097,0.649687285285038,0.923502563249138,0,0,826.00407657429,839.406995179619,62.7882443041511,122.780123504037,46.1545640300465,66.1269115255042,0,0,31.7356066778488,32.2513829238474,2.40508684522004,4.70205985487065,1.76096424664967,2.52277314018811,0,0,0,0,6.88803197450815,13.8949902904083,4.83979045904617,7.01214133977514,0,0,0,0,0,0,0,0,0,0,0,0,0,0
"2",1990,1695,0.0833333333333333,9619.23298194224,9680.59037930651,443.161527101328,838.742642980451,180.563384541203,257.332836143768,0,0,0,0,0,0,0,0,0,0,0,0,0.668141789159475,1.28466285380007,0.323151411387598,0.461284299224575,0,0,0,0,0,0,0,0,0,0,1873.14853418213,1896.59379287753,58.7223664165625,110.527328846861,18.0124137733436,25.6556596998469,0,0,71.9693621648378,72.8701664968522,2.26226592055773,4.25834733453387,0.694130830976168,0.988687152910309,0,0,32290.0308679148,32761.3167592868,1203.69266187499,2264.88195005847,424.225201946204,602.066762240813,0,0,1240.55183280161,1258.7442626577,46.5907559110171,87.7129876769274,16.5365415681664,23.4774607023127,0,0,0,0,1.80744992245416,3.45201885795187,0.742520681469176,1.05567604582627,0,0,0,0,0,0,0,0,0,0,200.119763500084,203.5097441668,25.6642278984182,49.4277948280184,17.3097032597359,24.7791965235251,0,0,7.68878480617445,7.81917332297526,0.981147686272224,1.88909496317718,0.658243831372206,0.942141874513129,0,0,823.225283308503,835.710402951176,64.624771225221,126.428253727193,47.3387087424639,67.9978252730318,0,0,31.6288466823618,32.1093537093981,2.4754494038631,4.8417786052986,1.80606860531596,2.5940362471288,0,0,0,0,7.049431899266,14.242078399942,4.96989472210188,7.21904162281918,0,0,0,0,0,0,0,0,0,0,2.2565502159513,1.31326300420264,0.745815761818943,0.735929880022457
"3",1990,1695,0.166666666666667,9606.64342943933,9657.91503111802,455.923077585267,862.553184268241,183.534364339088,262.172178376261,0,0,0,0,0,0,0,0,0,0,0,0,0.680280174750995,1.30878503267182,0.328353530058942,0.469823095046714,0,0,0,0,0,0,0,0,0,0,1873.75990459631,1895.19834867176,61.0202044572535,114.786022951028,18.4494061518628,26.3380672326666,0,0,71.9928519938356,72.8165512989151,2.35069974559934,4.42226726734012,0.710969535096836,1.01498328026039,0,0,32226.0520898693,32661.9141040238,1246.02841748592,2343.72822589664,433.67501358735,616.872281746256,0,0,1238.0941597702,1254.92503911226,48.2254342074982,90.7597033011539,16.9059279320359,24.0563878141944,0,0,0,0,1.85082320306932,3.53701738014808,0.758759998472977,1.08128131174602,0,0,0,0,0,0,0,0,0,0,198.273278185146,202.242712449392,26.0707729032575,50.476664178891,17.5555881442931,25.2937934518484,0,0,7.61784199740344,7.77049189406829,0.996708356230739,1.92920849263915,0.667570158909924,0.961671540915718,0,0,820.418767200838,832.039253825246,66.4387867144837,130.065125989784,48.5401268549027,69.9094129790594,0,0,31.5210215252271,31.9683020621306,2.5449477190011,4.98106009111019,1.85183214351461,2.66684905618653,0,0,0,0,7.21442464548544,14.5970342716715,5.10264789923956,7.43065448805739,0,0,0,0,0,0,0,0,0,0,4.49164923844388,2.6181445077281,1.50232257166777,1.4869430778861
"4",1990,1695,0.25,9594.30947161632,9635.59205307584,468.437245717339,885.964681561461,186.611828854262,267.166077561777,0,0,0,0,0,0,0,0,0,0,0,0,0.693862810379471,1.3354547928505,0.333685961206667,0.478561365285554,0,0,0,0,0,0,0,0,0,0,1873.95447665947,1893.38752689874,63.2329008360525,118.90044084067,18.8963856140236,27.0354630937414,0,0,72.0003277636556,72.746976630585,2.43587458787875,4.5806660489784,0.728193275730377,1.04185733334253,0,0,32162.6886604567,32563.3595246427,1287.59611678989,2421.35106969841,443.496058875475,632.221137599509,0,0,1235.66012613351,1251.13840010882,49.8309486281183,93.7600847304865,17.2897153600305,24.65643203653,0,0,0,0,1.89888728022631,3.63037100311239,0.775495268350621,1.10764127362612,0,0,0,0,0,0,0,0,0,0,196.548378316663,201.042481388548,26.5303754765779,51.605378337722,17.8214149017708,25.8319595534143,0,0,7.55157059615838,7.72437705474742,1.01430010438019,1.97237891810326,0.677655069878373,0.982097335137859,0,0,817.58480110856,828.389611644613,68.2351817219515,133.697396201392,49.7595934878887,71.8623820849344,0,0,31.4121416915054,31.8280767484178,2.61376912143707,5.1201593775843,1.89828417916944,2.74123827124243,0,0,0,0,7.3838081562849,14.9612746838693,5.23812693303934,7.64710474959493,0,0,0,0,0,0,0,0,0,0,6.7067208017432,3.91509463678324,2.27088216307353,2.2541461261983
"5",1990,1695,0.333333333333333,9582.21159047682,9613.60066750396,480.708597004979,908.983165798549,189.791729702686,272.309644645609,0,0,0,0,0,0,0,0,0,0,0,0,0.708582223801293,1.36414765398741,0.339169295452348,0.487526466214688,0,0,0,0,0,0,0,0,0,0,1873.8119184784,1891.24351252797,65.3672205944909,122.882434329132,19.3535082255513,27.7483403913672,0,0,71.9948504503644,72.6646001698182,2.51804843509597,4.73399572909113,0.745808140503572,1.06932837760044,0,0,32099.887077806,32465.596701863,1328.40616362731,2497.76261476939,453.676263934021,648.099097111516,0,0,1233.24767637517,1247.38218176748,51.4076842494588,96.7145751445258,17.687446212215,25.2770559025614,0,0,0,0,1.95061139145977,3.73031027139465,0.792786955123159,1.13483723759956,0,0,0,0,0,0,0,0,0,0,194.93535712702,199.903328217303,27.034562276887,52.8012417770598,18.1068165573278,26.3937394518952,0,0,7.48959765940544,7.68060892706527,1.03359754871126,2.0181183138522,0.688484707391085,1.00342101944353,0,0,814.723884410575,824.75810392447,70.0179754754637,137.330452637808,50.99790435487,73.8575037255758,0,0,31.3022263690961,31.6885481918527,2.68206747543343,5.25928281956621,1.94545484423505,2.81723304947132,0,0,0,0,7.55817622658192,15.3358707053135,5.3764280025,7.86854296384826,0,0,0,0,0,0,0,0,0,0,8.90307368267345,5.20452420824245,3.05269107749295,3.03851000395852
"6",1990,1695,0.416666666666667,9570.33228838317,9591.92221038802,492.741546777346,931.61446915856,193.070134384997,277.598110891723,0,0,0,0,0,0,0,0,0,0,0,0,0.724183639935504,1.39442686637391,0.34481693100273,0.496736490261408,0,0,0,0,0,0,0,0,0,0,1873.40161113825,1888.83771055596,67.4294980323079,126.743098925048,19.8209063596294,28.4771362413583,0,0,71.9790857862048,72.572165410769,2.59746296119396,4.88267969445948,0.763819280045609,1.09741329581558,0,0,32037.6009596667,32368.5767561157,1368.46896056586,2572.97514941241,464.203822784351,664.49219089413,0,0,1230.85502851478,1243.65450605424,52.9560264192829,99.6236240390284,18.0986727952805,25.9177316538037,0,0,0,0,2.00514623470493,3.83537009627796,0.810672833857836,1.16292120240581,0,0,0,0,0,0,0,0,0,0,193.425465444641,198.820204738009,27.575963612147,54.0531607955556,18.4113759750858,26.9790938639289,0,0,7.43158703604771,7.63899355111169,1.05431774923936,2.06600040865808,0.700043242713607,1.0256410934322,0,0,811.836702879123,821.141854607882,71.7904366024162,140.968586884177,52.2558593995906,75.8955910874921,0,0,31.1913019070256,31.5496058896023,2.7499678360103,5.39859464086059,1.99337445210006,2.89486416655576,0,0,0,0,7.73795586789918,15.7216090180625,5.51765969429122,8.09513668075149,0,0,0,0,0,0,0,0,0,0,11.0819125637374,6.48680923190482,3.84879982405084,3.84088594324509
"7",1990,1695,0.5,9558.65581890367,9570.53984871376,504.540378509571,953.864252915586,196.443217550904,283.026818117214,0,0,0,0,0,0,0,0,0,0,0,0,0.740455187212425,1.4259274097684,0.350636876483399,0.506202546266042,0,0,0,0,0,0,0,0,0,0,1872.78407253844,1886.23225126388,69.4256502974352,130.492799681864,20.2986958362617,29.2222443597936,0,0,71.9553589656515,72.4720594981969,2.67434402022232,5.02711361580774,0.782231187583439,1.12612727799207,0,0,31975.7900463768,32272.2571960254,1407.79490872044,2647.00111130796,475.067185696152,681.386700876943,0,0,1228.48063580175,1239.95374037998,54.4763607451559,102.487687011168,18.5229569282648,26.5779407924524,0,0,0,0,2.06178948616003,3.9443329520647,0.829173960750452,1.19192344037291,0,0,0,0,0,0,0,0,0,0,192.010792291019,197.78864227543,28.1481649338108,55.3514376761256,18.7346413064433,27.5879175664938,0,0,7.37723477930742,7.5993592331595,1.07621448835675,2.11565264932816,0.712313477558424,1.04875349368897,0,0,808.92409102984,817.538415224398,73.5552025153747,144.615163916142,53.5342498554521,77.9774809383519,0,0,31.0794003689539,31.4111557674077,2.81757103740016,5.53822347730047,2.04207299687514,2.97416330451628,0,0,0,0,7.92344096055276,16.1190475950422,5.66193760070239,8.32706346521282,0,0,0,0,0,0,0,0,0,0,13.2443499692785,7.76229558298058,4.66013280479119,4.66202189027275
"8",1990,1695,0.583333333333333,9547.16801685597,9549.43840187489,516.109254344512,975.738024068827,199.907256896883,288.591213953332,0,0,0,0,0,0,0,0,0,0,0,0,0.757221779048009,1.45834597601643,0.356632848014076,0.515930152412755,0,0,0,0,0,0,0,0,0,0,1872.0118629155,1883.48094899068,71.3611825401649,134.141181133172,20.7869798880774,29.9840222988603,0,0,71.9256894370443,72.3663500650626,2.74890182630522,5.16766580002505,0.801047854874479,1.15548410346897,0,0,31914.4195655478,32176.6012472948,1446.39440540734,2719.85308294366,486.255056532274,698.769157566801,0,0,1226.12316230656,1236.27847181508,55.9690730083715,105.307225594064,18.9598698437461,27.257173977238,0,0,0,0,2.11996431458208,4.05619340054874,0.84829826220183,1.22185707388522,0,0,0,0,0,0,0,0,0,0,190.684190944329,196.804691581213,28.7456119595121,56.6876394068087,19.0761367469166,28.220051848737,0,0,7.32626630599175,7.56155423669789,1.09907461738421,2.16675114022278,0.725277262634578,1.07275207783879,0,0,805.987006284138,813.945720601618,75.3143571878393,148.272733384119,54.8338490095784,80.1040205980376,0,0,30.9665585405041,31.2731184779497,2.88495668232498,5.67826665796641,2.09157979651916,3.05516254967812,0,0,0,0,8.11481340200064,16.5285507269105,5.80938095782038,8.56450652221902,0,0,0,0,0,0,0,0,0,0,15.3914135004956,9.03130190827372,5.48750107737154,5.50257311626758
"9",1990,1695,0.666666666666667,9535.85610408389,9528.60413819137,527.452226685664,997.241152871704,203.458627387906,294.286845390026,0,0,0,0,0,0,0,0,0,0,0,0,0.774338553901204,1.49143019604996,0.36280539425714,0.525920667322569,0,0,0,0,0,0,0,0,0,0,1871.13061117544,1880.63038492232,73.2412045739015,137.697197267831,21.2858533385045,30.7627993741888,0,0,71.8918303359205,72.2568268350218,2.82133157236114,5.30467830663735,0.820272936477951,1.18549644982031,0,0,31853.4595137315,32081.5770964942,1484.27783946291,2791.54378032025,497.756385831337,716.626333164808,0,0,1223.78145532227,1232.62747803459,57.4345489826514,108.082706826714,19.4089919310514,27.9549307668675,0,0,0,0,2.17919642264462,4.1701200757731,0.868044197122839,1.25272275176409,0,0,0,0,0,0,0,0,0,0,189.439192792734,195.864854909946,29.3635017531743,58.0544450832214,19.4353731572052,28.8752973588229,0,0,7.27843308662562,7.52544417268542,1.12271386373761,2.21901476329051,0.73891591141628,1.0976291240645,0,0,803.026501884749,810.362039177709,77.0695165870641,151.943152466982,56.1554036645843,82.276055070201,0,0,30.8528168886882,31.1354274917743,2.95218642482663,5.81879493042822,2.14192316268387,3.137893897017,0,0,0,0,8.31216549097751,16.9503262662134,5.96010937454878,8.80765041737519,0,0,0,0,0,0,0,0,0,0,17.5240544621283,10.2941229487288,6.33161692523437,6.3631143161216
"10",1990,1695,0.75,9524.70852238479,9508.02459996087,538.573247565271,1018.37888694198,207.093796472522,300.109353480057,0,0,0,0,0,0,0,0,0,0,0,0,0.791685630388828,1.52496998281193,0.369152730441266,0.536172357771096,0,0,0,0,0,0,0,0,0,0,1870.1798954897,1877.72083545436,75.0704486812763,141.16914293571,21.7954053476691,31.558882386407,0,0,71.8553023189191,72.1450372916006,2.89181409525082,5.43846812314391,0.83990985838046,1.21617611632657,0,0,31792.8840406359,31987.1572433104,1521.455585329,2862.08604004094,509.560365258931,734.94523628295,0,0,1221.45452170606,1228.99970243057,58.8731742058465,110.814602761969,19.8699125312437,28.6707194240383,0,0,0,0,2.23909580340519,4.28542532179516,0.888403419328569,1.28451207135996,0,0,0,0,0,0,0,0,0,0,188.269933180657,194.966028224508,29.9976884176242,59.4455126311938,19.8118566766059,29.5534249528225,0,0,7.23350979637087,7.49090977898726,1.14697320212883,2.27220004503572,0.753210535495519,1.12337575240507,0,0,800.043703824573,806.785930006007,78.8219013275272,155.62769121029,57.4996276904344,84.4944166998158,0,0,30.7382186755225,30.9980274453381,3.01930676144045,5.95985651143259,2.19313015143803,3.22238885212621,0,0,0,0,8.51551767080536,17.3844553258415,6.11424051523863,9.0566779985395,0,0,0,0,0,0,0,0,0,0,19.6431553225677,11.5510323594448,7.19310646133592,7.24415010799697
"11",1990,1695,0.833333333333333,9513.71480398703,9487.68846798688,549.476175387814,1039.15636125132,210.80932035461,306.054469279534,0,0,0,0,0,0,0,0,0,0,0,0,0.809164399714945,1.55879137312633,0.375671269678913,0.546681084525956,0,0,0,0,0,0,0,0,0,0,1869.19392290273,1874.78698759406,76.8532876956293,144.564685316474,22.3157208517976,32.372559174735,0,0,71.8174196753906,72.0323141650886,2.96051655522786,5.56932834880978,0.859961875583854,1.24753416319828,0,0,31732.6709745827,31893.3180021475,1557.93799665946,2931.49280584446,521.656423066639,753.713107826817,0,0,1219.14150964731,1225.3942349628,60.2853337327337,113.503389951696,20.3422297701535,29.4040567638116,0,0,0,0,2.29934394177136,4.4015437583298,0.909362430163543,1.31720972094203,0,0,0,0,0,0,0,0,0,0,187.171093616584,194.105457010771,30.6446094901671,60.8553735945297,20.2050946820285,30.254183671651,0,0,7.1912920945778,7.45784522270475,1.17171602365877,2.32609710645715,0.768142276608177,1.14998223422731,0,0,797.039793529326,803.21620933778,80.5723917968251,159.327113242433,58.8671980740168,86.7599180778646,0,0,30.6228092927004,30.8608728570638,3.08635114845846,6.10148019000321,2.24522641053375,3.30867815845075,0,0,0,0,8.72483090851566,17.8309131628094,6.27188874181902,9.3117685468751,0,0,0,0,0,0,0,0,0,0,21.7495355851232,12.8022848654323,8.07251944959083,8.1461232392541
"12",1990,1695,0.916666666666667,9502.86543849914,9467.58542263079,560.164781606763,1059.57860787612,214.601840063964,312.118009568304,0,0,0,0,0,0,0,0,0,0,0,0,0.826693686359681,1.59275015805621,0.382356183509075,0.55744102360329,0,0,0,0,0,0,0,0,0,0,1868.20222723205,1871.85867271663,78.593755405177,147.89089954003,22.8468822583081,33.2041025948105,0,0,71.7793171418339,71.9198036246266,3.02759320414413,5.69752953713109,0.880432139525312,1.27958106710493,0,0,31672.8013352128,31800.0389909051,1593.73539892351,2999.77711311592,534.034219155058,772.917416499365,0,0,1216.84168994565,1221.81029251674,61.671411848841,116.1495488539,20.8255503767812,30.154467987967,0,0,0,0,2.35968054087618,4.51801007978869,0.930904339285807,1.35079575352386,0,0,0,0,0,0,0,0,0,0,186.137842076704,193.280690834462,31.3012101902068,62.2793246937646,20.6146016645764,30.9773086660634,0,0,7.1515943311766,7.42615635417742,1.19682522209573,2.38052548840433,0.783692535728855,1.1774382999557,0,0,794.015990446816,799.651916566995,82.3215844176815,163.041758133493,60.2587509855103,89.0733448594951,0,0,30.5066355926792,30.7239268188817,3.15334216291071,6.24367849385942,2.29823602730125,3.39679152123491,0,0,0,0,8.94001952334525,18.289590795355,6.43316366735267,9.5730958162462,0,0,0,0,0,0,0,0,0,0,23.8439578713071,14.0481184825976,8.97033940508626,9.06942302156453
"13",1991,1695,1,9489.28452357685,9443.0382541006,573.331269665927,1084.35770882813,218.464292904174,318.340609994538,0,0,0,0,0,0,0,0,0,0,0,0,0.844472873776761,1.62731246076247,0.389176912510776,0.568501588308586,0,0,0,0,0,0,0,0,0,0,1866.78397420257,1868.2405834329,80.7166322548669,151.886558693997,23.3891243187633,34.0592725209268,0,0,71.7248255924145,71.7807908484082,3.10936570191866,5.85145929953522,0.901329478578403,1.31253850737008,0,0,31605.6092604269,31694.9248410901,1636.12361816617,3079.65222627907,546.676531316158,792.660324295649,0,0,1214.2605450065,1217.77162453187,63.3109456321982,119.241623208099,21.3191950703283,30.9259300410426,0,0,0,0,2.42065303533747,4.6361098374487,0.952949993063396,1.38538563065455,0,0,0,0,0,0,0,0,0,0,185.086800185542,192.430535618722,32.0165121316239,63.8335909353557,21.0359565464993,31.7317683743267,0,0,7.11121302028717,7.39349199851989,1.22418566518444,2.43994747526335,0.799693195252339,1.20608476956682,0,0,790.798784462956,795.811788391768,84.2352995077387,167.068871142534,61.6712740680081,91.4452876859178,0,0,30.383031197909,30.5763827374427,3.22665078918811,6.39787046927627,2.35204414135541,3.48713275898957,0,0,0,0,9.16068732855394,18.7612813158762,6.5977210664401,9.8417717011666,0,0,0,0,0,0,0,0,0,0,25.9528560025606,15.2509104388705,9.89883231372965,9.98606243336457
"14",1991,1695,1.08333333333333,9474.93938781041,9417.25794384119,587.095023117632,1110.21191100626,222.428802842992,324.731882761513,0,0,0,0,0,0,0,0,0,0,0,0,0.8630681601571,1.66337172615814,0.396157971252638,0.579837535779095,0,0,0,0,0,0,0,0,0,0,1865.26954605351,1864.45018898746,82.9213757236542,156.031164717247,23.9474797486563,34.94136119024,0,0,71.6666388411005,71.6351578323322,3.19429029417268,6.01112461862475,0.922847437344373,1.34653283283732,0,0,31536.3103886634,31586.4486000945,1680.03429861244,3162.28545242245,559.666755671469,812.971540763145,0,0,1211.59845629175,1213.603779508,65.0092837407135,122.440326404644,21.8263860927109,31.7195639539881,0,0,0,0,2.48385625934043,4.75834774496216,0.97555864923309,1.42092000137932,0,0,0,0,0,0,0,0,0,0,184.071228866394,191.592956376397,32.7670320967458,65.4558199045673,21.4725681375701,32.5122635325633,0,0,7.07219450558298,7.36131083252952,1.25289430090432,2.50196993905913,0.816274053362308,1.23572050268306,0,0,787.506248562103,791.887885612949,86.2005719491633,171.208557596836,63.1093471825174,93.8734392898482,0,0,30.2565325513477,30.4256199010503,3.30193641980042,6.55637583353675,2.40682574702018,3.57961415337,0,0,0,0,9.38718034391261,19.2457171001187,6.76593897276625,10.1173658103268,0,0,0,0,0,0,0,0,0,0,28.0583269018893,16.4362356770673,10.8517234345745,10.9162577529637
"15",1991,1695,1.16666666666667,9460.75302625149,9391.75263770317,600.581892944871,1135.61048033316,226.497047849116,331.278476726893,0,0,0,0,0,0,0,0,0,0,0,0,0.882302889800362,1.70058557460617,0.403317506200147,0.591444573283988,0,0,0,0,0,0,0,0,0,0,1863.82926453961,1860.74678164369,85.0740320702648,160.092012140551,24.5223831730091,35.8494684978062,0,0,71.6113009220827,71.4928669998094,3.27721937308653,6.16758268496585,0.945002859453453,1.38152946840057,0,0,31467.3714194127,31478.6131587174,1723.10605281862,3243.54766123765,573.007700442804,833.816681620633,0,0,1208.95019284926,1209.46055513066,66.6756964392442,125.586978188603,22.3472437446316,32.534043403616,0,0,0,0,2.54876525490641,4.88370891392719,0.998775792601912,1.45739109594194,0,0,0,0,0,0,0,0,0,0,183.113394821876,190.785393004399,33.5339119429256,67.1039622766021,21.925889271261,33.3163629064502,0,0,7.03539429920485,7.3302829250628,1.28222622006999,2.56497829436883,0.833490382893589,1.2662531304215,0,0,784.195491477646,787.970151642746,88.164741333636,175.365950531574,64.5749198796647,96.355882852121,0,0,30.1293338098308,30.2750940818231,3.37717542220702,6.71554952743903,2.46265504223644,3.67416236933915,0,0,0,0,9.61981428846436,19.7430238475634,6.93807075119605,10.3997618781874,0,0,0,0,0,0,0,0,0,0,30.1525460019334,17.6164838121702,11.8260021653716,11.8697937271119
"16",1991,1695,1.25,9446.71657460715,9366.51248087925,613.79676410236,1160.55996519883,230.664754208439,337.975136979214,0,0,0,0,0,0,0,0,0,0,0,0,0.901995234338288,1.73864109966319,0.410660334532657,0.603329428612501,0,0,0,0,0,0,0,0,0,0,1862.48480200287,1857.15185667543,87.1793493113636,164.077302631062,25.1135993880495,36.7834975656451,0,0,71.5596445213979,71.3547442336356,3.35833433355451,6.32114686455295,0.967786770124501,1.41752478823558,0,0,31398.779169403,31371.4036188511,1765.35147677916,3323.45493227004,586.687010201129,855.180920291812,0,0,1206.31524820749,1205.34137898914,68.3106526501924,128.682171930791,22.8812983601341,33.3688069360478,0,0,0,0,2.61484729464858,5.01127471332284,1.02261234590985,1.49481506094353,0,0,0,0,0,0,0,0,0,0,182.209724222782,190.006355683209,34.3134486469078,68.7722647477592,22.3958754508414,34.1443729877196,0,0,7.00067509211359,7.30035103482948,1.31203923088373,2.62875144957745,0.851340479860582,1.29769427603803,0,0,780.867373044934,784.057573134935,90.1285853610489,179.541718992074,66.0685155874647,98.8933205207977,0,0,30.0014680092184,30.1247663453301,3.45239741008346,6.87541684421063,2.51955181774168,3.77080392607113,0,0,0,0,9.85869957316676,20.2534261958356,7.11422623555436,10.6891382555581,0,0,0,0,0,0,0,0,0,0,32.2361514182441,18.7918354872182,12.8222221433904,12.8471197538387
"17",1991,1695,1.33333333333333,9432.82195841535,9341.52844861734,626.744398092654,1185.06676096023,234.927753003573,344.816712046365,0,0,0,0,0,0,0,0,0,0,0,0,0.921995703964517,1.77727947406752,0.418187611090885,0.615494084123971,0,0,0,0,0,0,0,0,0,0,1861.25427877879,1853.68323953272,89.2416894429966,167.994577137425,25.7209321845549,37.7433890364442,0,0,71.5123658513141,71.2214744161066,3.43780187857796,6.47210537007758,0.991191673645042,1.4545165841726,0,0,31330.522807641,31264.8075050802,1806.78312399853,3402.02343518103,600.692593142044,877.049681805508,0,0,1203.69320626895,1201.2457717566,69.9146200398816,131.726504924969,23.4280900458758,34.2233023290408,0,0,0,0,2.68166750413482,5.14029060518777,1.04706896614378,1.53319476692174,0,0,0,0,0,0,0,0,0,0,181.356972714542,189.254531662189,35.1024886010355,70.4558028514215,22.8824234960426,34.9965084131801,0,0,6.96791223399375,7.27146472381153,1.34221228454884,2.69310023517433,0.869820373406941,1.33005202696076,0,0,777.522824078125,780.149359542075,92.0925809321935,183.736073470813,67.5906504502302,101.486467391666,0,0,29.8729709123921,29.9746063174324,3.52762045542878,7.03598546840907,2.57753558808746,3.86956583342676,0,0,0,0,10.1038627149549,20.7770036469229,7.29451549665559,10.9856741329966,0,0,0,0,0,0,0,0,0,0,34.309741556185,19.9624625073001,13.8408734094125,13.8486353166554
"18",1991,1695,1.41666666666667,9419.06176213822,9316.79220929232,639.429446375856,1209.13712852367,239.281971713941,351.798145227759,0,0,0,0,0,0,0,0,0,0,0,0,0.942180036531523,1.81628428205817,0.425897972386159,0.627937225438171,0,0,0,0,0,0,0,0,0,0,1860.15290296441,1850.35575364483,91.2650699153987,171.85078627312,26.3442194843679,38.7291173201145,0,0,71.4700492312391,71.0936270870806,3.51577559086532,6.62072392934725,1.01521137125118,1.49250392722767,0,0,31262.5934192439,31158.8143105115,1847.41349602951,3479.26940452901,615.012607824655,899.408631271363,0,0,1201.08372455253,1197.17332974003,71.4880646381994,134.720577403457,23.9871681941043,35.0969861731967,0,0,0,0,2.74886685187346,5.27012990955709,1.07213942267756,1.57252408278247,0,0,0,0,0,0,0,0,0,0,180.552175203434,188.528751944436,35.8983325857787,72.1503431105091,23.3853881897895,35.8729132311673,0,0,6.93699180398296,7.24357907724168,1.372641813509,2.75786208749642,0.888924469451302,1.36333175593218,0,0,774.162825662833,776.244904166246,94.0569685471507,187.94886165753,69.1418243000145,104.136037475737,0,0,29.743880213674,29.82459068779,3.60285356483277,7.19724916104469,2.63662524411088,3.97047505332933,0,0,0,0,10.3552673050422,21.3137254225616,7.47904623390728,11.2895461253738,0,0,0,0,0,0,0,0,0,0,36.3738803775199,21.1285292625304,14.8823935451616,14.8746989723348
"19",1991,1695,1.5,9405.4291732545,9292.29606592676,651.856453845424,1232.77720001372,243.723433375834,358.914473624393,0,0,0,0,0,0,0,0,0,0,0,0,0.962446164090107,1.85547652823051,0.433788006671611,0.640654841046624,0,0,0,0,0,0,0,0,0,0,1859.19325531254,1847.18151995026,93.2531765593201,175.652311595525,26.9833306806836,39.7406882184131,0,0,71.4331780338152,70.9716679523983,3.59239641999939,6.76724658748623,1.0398408612315,1.53148707913293,0,0,31194.983808741,31053.4152906277,1887.25503290447,3555.20912460517,629.635466456742,922.243678222718,0,0,1198.48652663642,1193.12371695982,73.0314504765628,137.664991965697,24.5580916091071,35.9893240360897,0,0,0,0,2.81615279827695,5.4002783584955,1.09781195245998,1.61278960516404,0,0,0,0,0,0,0,0,0,0,179.792625781841,187.827976731321,36.6986940308955,73.8522828658649,23.904590573636,36.7736712966845,0,0,6.90780983937578,7.21665414435917,1.40324012346135,2.82289872874687,0.908645871176458,1.39753652230755,0,0,770.788397830936,772.343766341337,96.0217830179869,192.17961458618,70.7225151854173,106.842735498327,0,0,29.6142351037097,29.6747025252752,3.67809786085074,7.35918953640302,2.69683884280349,4.0735581852343,0,0,0,0,10.6128232652122,21.8634658216062,7.66792251791606,11.6009265834509,0,0,0,0,0,0,0,0,0,0,38.4290992997145,22.2901932775508,15.9471726578882,15.9256324642567
"20",1991,1695,1.58333333333333,9391.91791075011,9268.03288161533,664.029864934172,1255.99298729513,248.24825286021,366.160824302125,0,0,0,0,0,0,0,0,0,0,0,0,0.98271052532883,1.89470855872421,0.441852806125836,0.653640925755796,0,0,0,0,0,0,0,0,0,0,1858.38564082575,1844.17032360763,95.2093877310208,179.405006461122,27.6381636196867,40.7781364458697,0,0,71.4021481937205,70.855972973502,3.66779359775401,6.9118972564092,1.06507622552027,1.57146740021787,0,0,31127.6882599513,30948.6032135557,1926.32010464772,3629.8589113485,644.549830400317,945.540973335825,0,0,1195.90139293256,1189.09665555466,74.5452392563238,140.560352880554,25.1404283445842,36.8997903457232,0,0,0,0,2.88328794730172,5.53031532458966,1.12407086222044,1.65397269808622,0,0,0,0,0,0,0,0,0,0,179.075850580349,187.151277476557,37.5016462977394,75.558573248344,24.439826911265,37.6988179498542,0,0,6.88027129257046,7.19065424889833,1.4339333627433,2.88809319761646,0.928976725496247,1.43266752283309,0,0,767.400587820285,768.445649763268,97.9868890800154,196.427600159262,72.33317453465,109.607249014861,0,0,29.4840758184032,29.5249304453848,3.75334795117413,7.52177812190484,2.75819342144585,4.17884116393175,0,0,0,0,10.8763977213361,22.4260223820356,7.86124355516732,11.9199819351198,0,0,0,0,0,0,0,0,0,0,40.4759000058051,23.4476059514711,17.0355595991038,17.001725780743
"21",1991,1695,1.66666666666667,9378.52214987411,9243.99600110862,675.954029593849,1278.79039032279,252.852633253512,373.53241059228,0,0,0,0,0,0,0,0,0,0,0,0,1.00290433150082,1.93385788698155,0.450086498358374,0.666888160358816,0,0,0,0,0,0,0,0,0,0,1857.73845863069,1841.32999962963,97.1368008565506,183.114240879925,28.3086411649043,41.8415226836886,0,0,71.3772824188325,70.7468431841082,3.74208564470764,7.05488141645647,1.09091450032722,1.61244723944832,0,0,31060.7022834433,30844.3720976106,1964.62100093669,3703.23509128103,659.744606328718,969.286906044803,0,0,1193.32815098403,1185.09191569751,76.0298899468298,143.407265275806,25.7337555662108,37.8278683079982,0,0,0,0,2.95007859765991,5.65989482537133,1.15089805362685,1.69605144187535,0,0,0,0,0,0,0,0,0,0,178.399579272284,186.497818269328,38.3055669001493,77.2666372269282,24.9908778363456,38.6483521359258,0,0,6.85428893624128,7.1655472737984,1.46465937429496,2.95334669089376,0.949908576621113,1.46872455939026,0,0,764.000457665431,764.55037945487,99.9520187397208,200.691879674219,73.9742224066878,112.430240330483,0,0,29.353443162149,29.3752677251931,3.82859336439954,7.68497853330327,2.82070481531007,4.28634895011732,0,0,0,0,11.1458259768768,23.0011342779609,8.05910254087277,12.2468711161425,0,0,0,0,0,0,0,0,0,0,42.5147573938412,24.60091331487,18.1478685644426,18.1032425403341
"22",1991,1695,1.75,9365.23647501882,9220.17920171289,687.633206930186,1301.17520206451,257.532863448135,381.024529710376,0,0,0,0,0,0,0,0,0,0,0,0,1.02297151106383,1.97282375855594,0.458482484736682,0.680388221895336,0,0,0,0,0,0,0,0,0,0,1857.25843078464,1838.66667106019,99.0382513693877,186.784933475437,28.9947085919834,42.9309311010066,0,0,71.3588389813413,70.6445138413571,3.81538108922695,7.19638733010982,1.11735357753312,1.65442984105393,0,0,30994.0224610077,30740.7170500413,2002.16992402164,3775.35398673676,675.208943200647,993.46810268028,0,0,1190.76666948973,1181.1093094,77.4858585091575,146.206334568668,26.337659443398,38.7730498425266,0,0,0,0,3.01636852593508,5.78873509497402,1.17827367258972,1.73900147924537,0,0,0,0,0,0,0,0,0,0,177.761727047331,185.866844698268,39.1091025271831,78.9743174150801,25.5575133970071,39.6222435249032,0,0,6.82978267074598,7.14130423333964,1.49536634958933,3.01857655333538,0.971432560919249,1.50570631350465,0,0,760.589076860596,760.657887150851,101.916793698713,204.971342363305,75.646045503861,115.312342365751,0,0,29.222378225941,29.2257117418187,3.90381941159806,7.84874780316285,2.88438758164395,4.39610537257219,0,0,0,0,11.4209173906515,23.5884923272314,8.26158628739854,12.5817450043729,0,0,0,0,0,0,0,0,0,0,44.5461214904548,25.7502564805071,19.284383254901,19.2304233938778
"23",1991,1695,1.83333333333333,9352.05583182557,9196.57664348163,699.071568832197,1323.15311331696,262.285315587953,388.632560233126,0,0,0,0,0,0,0,0,0,0,0,0,1.04286660614054,2.01152363960297,0.467033690050682,0.69413210708007,0,0,0,0,0,0,0,0,0,0,1856.9508343122,1836.18499007752,100.916332974848,190.421585810392,29.6963310536814,44.0464670123058,0,0,71.3470206329714,70.5491636893751,3.88777923722634,7.33658734625165,1.14439210877002,1.69741925637086,0,0,30927.6462880406,30637.6341039234,2038.97898117075,3846.23190000825,690.93222888778,1018.07142430971,0,0,1188.21685224875,1177.14868424553,78.9135976010718,148.958165854191,26.9517350283453,39.7348355075707,0,0,0,0,3.08203261292215,5.91660790825802,1.20617679940483,1.78279690894856,0,0,0,0,0,0,0,0,0,0,177.160376148646,185.257672575815,39.9111333941822,80.6798227614383,26.1394980235898,40.6204395783899,0,0,6.80667881476185,7.11789883991494,1.52601145662053,3.08371422444134,0.993539598920898,1.54361061892588,0,0,757.167515122356,756.768196532292,103.880747925891,209.264740182127,77.3489952829884,118.254154575865,0,0,29.0909221093119,29.0762634051092,3.97900805359218,8.01303771894734,2.94925492747667,4.50813297248919,0,0,0,0,11.7014613909303,24.1877492216248,8.46877482998346,12.9247458253439,0,0,0,0,0,0,0,0,0,0,46.5704194238169,26.8957721016292,20.4453611147266,20.3834894875289
"24",1991,1695,1.91666666666667,9338.97548126318,9173.18282149588,710.273203456253,1344.72971724969,267.106442507423,396.351959589044,0,0,0,0,0,0,0,0,0,0,0,0,1.06255278758325,2.04988990001738,0.475732792872578,0.708110430821736,0,0,0,0,0,0,0,0,0,0,1856.81972280378,1833.88836796964,102.773418009255,194.028316941423,30.413491152014,45.1882546413883,0,0,71.3419831191484,70.4609237953028,3.95937094585532,7.47563921366518,1.17202941350445,1.74142025964104,0,0,30861.5720232277,30535.1200628447,2075.06017721302,3915.88509749938,706.904086573689,1043.08396437233,0,0,1185.67863238521,1173.20991742187,80.3135562853086,151.663363293327,27.5755861266557,40.7127344174845,0,0,0,0,3.14697083656209,6.04332850989364,1.23458608494151,1.82741110955691,0,0,0,0,0,0,0,0,0,0,176.593758022614,184.669677239715,40.7107390406823,82.3816772095184,26.7365950647962,41.6428721178915,0,0,6.78490941946108,7.09530709297643,1.55655952363584,3.14870326116058,1.01622057069454,1.58243471500595,0,0,753.736835689505,752.881409090157,105.843348958712,213.570720743702,79.0833864085672,121.256239296367,0,0,28.9591156629111,28.9269266144947,4.05413871932201,8.17779608968886,3.01531865061983,4.6224528642656,0,0,0,0,11.9872331178136,24.7985291471631,8.6807410933801,13.2760066358765,0,0,0,0,0,0,0,0,0,0,48.5880573500027,28.037592808673,21.6310373964761,21.5626457827882
"25",1992,1695,2,9325.92990563355,9149.87457428732,721.322057587049,1366.04394793603,271.991524172951,404.175580749741,0,0,0,0,0,0,0,0,0,0,0,0,1.0819983913151,2.0878612310604,0.484570088664183,0.722308759554641,0,0,0,0,0,0,0,0,0,0,1856.85606197485,1831.75851988719,104.623748694122,197.628836966498,31.1460453670086,46.356130622907,0,0,71.3433793282134,70.3790916259877,4.03070315920564,7.61445341872682,1.20025994725763,1.78642653763305,0,0,30795.5986154888,30432.8268918593,2110.62814309307,3984.66468617548,723.111057574375,1068.48598239307,0,0,1183.14428568638,1169.27963684994,81.693967421747,154.335392613887,28.2086958976764,41.7059884365858,0,0,0,0,3.21109780062328,6.16872987041971,1.26347420071349,1.87280468518078,0,0,0,0,0,0,0,0,0,0,176.057513758139,184.097572536886,41.5081438559356,84.0797309205613,27.3481862153648,42.6886038888628,0,0,6.76430701181954,7.07332588998081,1.58701947538505,3.21353852866634,1.03945185295333,1.6221428190336,0,0,750.293230929679,748.989612711342,107.808261553369,217.89469174047,80.8491225800271,124.318294978611,0,0,28.8268125949626,28.7773973737224,4.12935214671011,8.34323058221067,3.08257487348007,4.73905321867549,0,0,0,0,12.277969357737,25.4203511042165,8.89750997779067,13.6355611090519,0,0,0,0,0,0,0,0,0,0,50.6011231265504,29.1783910437412,22.8426721552738,22.7708192489423
"26",1992,1695,2.08333333333333,9310.35754619849,9121.6954718324,735.573033074725,1392.69847080439,276.902531289365,412.007979300484,0,0,0,0,0,0,0,0,0,0,0,0,1.10159991185692,2.12598723174256,0.493443752089172,0.736512718527068,0,0,0,0,0,0,0,0,0,0,1856.52864533796,1828.90024956149,106.968535566218,202.051067856677,31.8898509156123,47.5393053125248,0,0,71.3307994574295,70.2692723092162,4.12103501590391,7.7848418483846,1.22892381246934,1.83202199501833,0,0,30721.304590523,30316.2045632759,2154.19740541173,4066.63790037846,739.448048062725,1094.01967851808,0,0,1180.29026520279,1164.79880640025,83.3819367984247,157.514631392629,28.846941830268,42.7045062298774,0,0,0,0,3.27545063353317,6.294189667035,1.29257297872371,1.91841808244779,0,0,0,0,0,0,0,0,0,0,175.437429374646,183.345829657108,42.3526182979502,85.8330267118475,27.9583303661399,43.7219260875769,0,0,6.74048337589898,7.04444269865622,1.61928898910014,3.28050285123877,1.06262761635094,1.66137808859709,0,0,746.633503892382,744.751870520071,109.953630847449,222.522084619362,82.6308513070001,127.405186771272,0,0,28.686205929461,28.6145763343744,4.2114941592689,8.52031240783754,3.15043844640792,4.85659496426715,0,0,0,0,12.572255607583,26.0492198857905,9.11732442181214,13.9995352813146,0,0,0,0,0,0,0,0,0,0,52.6812611608995,30.4251596285414,24.1251787518017,24.125175807574
"27",1992,1695,2.16666666666667,9294.928258068,9093.7975884919,749.527755799267,1418.85604407101,281.90899671367,419.984450223547,0,0,0,0,0,0,0,0,0,0,0,0,1.12180192228269,2.16513857683728,0.502460796001128,0.750942113803403,0,0,0,0,0,0,0,0,0,0,1856.34886417549,1826.19771785228,109.275646632746,206.416155493433,32.6531062057268,48.7535563077122,0,0,71.3238919776668,70.1654367191424,4.20992443380201,7.95304423943753,1.25833679499163,1.87881446876166,0,0,30647.4029459129,30200.3123251308,2196.89857968798,4147.15506794129,756.096424917245,1120.03779987183,0,0,1177.45131794291,1160.34602729372,85.0368038969056,160.638452988341,29.4973810221663,43.7220337046328,0,0,0,0,3.34124891959951,6.42210176999879,1.32215928048428,1.96481783752838,0,0,0,0,0,0,0,0,0,0,174.853143631466,182.622648002627,43.208315712228,87.6075191332574,28.5844968492353,44.7814205593086,0,0,6.71803515416784,7.01665687584142,1.6519858860121,3.34827290063554,1.0864120091852,1.70160683018745,0,0,742.9701711909,740.519340153824,112.094398406127,227.15394983178,84.4458235375993,130.55359831361,0,0,28.5454607086326,28.4519555432662,4.29345345010552,8.69755157273803,3.21956727184967,4.97647672077894,0,0,0,0,12.8714255719167,26.6889325087334,9.34202471008065,14.3719367676641,0,0,0,0,0,0,0,0,0,0,54.7542791173709,31.6669281563555,25.4347308647809,25.509211878909
"28",1992,1695,2.25,9279.63514579715,9066.17309198067,763.191144395086,1444.52339568809,287.006499606088,428.099431677902,0,0,0,0,0,0,0,0,0,0,0,0,1.14242417405646,2.20501279044584,0.51162905837651,0.765606916014619,0,0,0,0,0,0,0,0,0,0,1856.3284571911,1823.6619288743,111.549002781947,210.730789709731,33.4357471708674,49.9990363957052,0,0,71.3231079086924,70.068007651453,4.29752124186745,8.11931627920774,1.28849650649976,1.92680993538497,0,0,30573.8870886857,30085.1416515007,2238.74474952882,4226.23386154726,773.044078790844,1146.52542319335,0,0,1174.62719063066,1155.92097194952,86.6590570506826,163.707512363645,30.1595518337801,44.7580038062432,0,0,0,0,3.4080012478845,6.55164546961998,1.352252329394,2.01202859767445,0,0,0,0,0,0,0,0,0,0,174.302867667843,181.926883990585,44.0724678546359,89.3986725809794,29.2267998471112,45.8673879264193,0,0,6.69689361733692,6.98992448322684,1.68500383994812,3.41667447164463,1.11080940839005,1.74284051034088,0,0,739.303536687938,736.291849211954,114.230977849979,231.790690037415,86.2942525715222,133.764006758761,0,0,28.4045886074634,28.2895283764597,4.37524582611595,8.87496333177957,3.28996927140701,5.09871632671524,0,0,0,0,13.1755750231638,27.3396428441528,9.57167454071669,14.7528842792593,0,0,0,0,0,0,0,0,0,0,56.8205844237216,32.9038826531401,26.771825848814,26.9234272991452
"29",1992,1695,2.33333333333333,9264.47173478463,9038.81449447858,776.568225424717,1469.70748705598,292.190649070543,436.347355256546,0,0,0,0,0,0,0,0,0,0,0,0,1.16331746953441,2.24535807729941,0.520952150827074,0.780511726448055,0,0,0,0,0,0,0,0,0,0,1856.47682989482,1821.30152081452,113.79221597763,215.001130191658,34.2377144062718,51.275887109677,0,0,71.3288086252422,69.9773169991043,4.38396350528188,8.2838934566537,1.31940072030004,1.97601391784983,0,0,30500.751556238,29970.684912258,2279.74959179622,4303.89309326608,790.278929128004,1173.46752553589,0,0,1171.81767341974,1151.52334720475,88.2492075645004,166.722508334499,30.8329932311235,45.81184493429,0,0,0,0,3.47530404866789,6.68214294264613,1.38285995753364,2.06006064011325,0,0,0,0,0,0,0,0,0,0,173.784950589882,181.257486251623,44.9427160931537,91.2025877264355,29.8852869474822,46.9800418251263,0,0,6.67699533693766,6.96420512549438,1.71825230501102,3.48555788002268,1.13582163080585,1.78508725654461,0,0,735.633991999643,732.06935182675,116.363571314991,236.432356263147,88.1763309265031,137.036851009335,0,0,28.2636046724882,28.1272930716181,4.45687898024384,9.0525494549957,3.36165158238255,5.22333017293931,0,0,0,0,13.4847200262846,28.0013697479575,9.80633593955854,15.1424924280801,0,0,0,0,0,0,0,0,0,0,58.8805697543535,34.1362055722782,28.1368951288487,28.3682579049595
"30",1992,1695,2.41666666666667,9249.43202707906,9011.71481138595,789.663910285207,1494.41513920528,297.457158327931,444.722757656774,0,0,0,0,0,0,0,0,0,0,0,0,1.18435927988814,2.28596640419102,0.530430520630479,0.795657122544623,0,0,0,0,0,0,0,0,0,0,1856.80144558076,1819.12317372304,116.008578494125,219.232793070971,35.0589670819959,52.5842626983441,0,0,71.3412808790115,69.8936214203036,4.46937710534494,8.44699053798029,1.35104790997143,2.0264324118271,0,0,30427.9921198352,29856.9357266564,2319.92669636008,4380.15157717951,807.789171716293,1200.84936583497,0,0,1169.02260386854,1147.15290789977,89.8077637847014,169.684140299147,31.5172544692105,46.8829958964279,0,0,0,0,3.54282859238266,6.81303873675897,1.41398166752529,2.1089137599903,0,0,0,0,0,0,0,0,0,0,173.29789084815,180.613503928804,45.8170729446565,93.0159491495832,30.5599613454822,48.1195394972634,0,0,6.65828262245113,6.93946226917549,1.75165502578105,3.55479592961558,1.16144878397975,1.82835302724172,0,0,731.961998985444,727.851914845044,118.492200629375,241.078704218501,90.0922471738456,140.372567338064,0,0,28.1225266490237,27.9652521970808,4.53835368821021,9.23030038634995,3.43462119590177,5.35033455437123,0,0,0,0,13.7988148764847,28.6740279924686,10.0460703623091,15.5408747969768,0,0,0,0,0,0,0,0,0,0,60.934608810294,35.3640724596771,29.5303298516083,29.8441027341801
"31",1992,1695,2.5,9234.51042367063,8984.86748042352,802.483005462894,1518.65304622336,302.801837353457,453.220273076287,0,0,0,0,0,0,0,0,0,0,0,0,1.2054480868419,2.32666438612385,0.540062390430507,0.811040826899988,0,0,0,0,0,0,0,0,0,0,1857.30818672212,1817.13198014547,118.201100785959,223.430915000781,35.8994809812512,53.9243297699137,0,0,71.3607506840273,69.8171165787977,4.55387717898544,8.60880400362453,1.38343717712075,2.07807187561854,0,0,30355.6055432728,29743.888715984,2359.28955803769,4455.02810731859,825.563264878742,1228.65647171492,0,0,1166.24185766795,1142.8094473748,91.335230771765,172.593107371045,32.2118945821158,47.9709054245292,0,0,0,0,3.61030474363369,6.94387368033062,1.44561122732711,2.15858047161319,0,0,0,0,0,0,0,0,0,0,172.840312926522,179.994068817492,46.6938577916379,94.8359284111155,31.2507930564286,49.2859945951716,0,0,6.64070262566706,6.91566255643671,1.78514755853159,3.62428017378654,1.18768969954157,1.87264210684819,0,0,728.288073163855,723.639695811268,120.61674777146,245.729257410809,92.0421794301487,143.771580687206,0,0,27.981374343996,27.8034118059376,4.61966536490529,9.408197672205,3.50888470686572,5.47974533617722,0,0,0,0,14.1177674418457,29.3574531460849,10.2909367622141,15.9481414995154,0,0,0,0,0,0,0,0,0,0,62.9830587091948,36.5876528568887,30.952488199531,31.3513307854003
"32",1992,1695,2.58333333333333,9219.70169048087,8958.26632646663,815.030214540208,1542.42777827624,308.220592311832,461.834632612607,0,0,0,0,0,0,0,0,0,0,0,0,1.2265008672655,2.3673092272344,0.549844167010174,0.826658218628043,0,0,0,0,0,0,0,0,0,0,1858.00152348828,1815.33161935969,120.372525599429,227.600176704772,36.7592473166226,55.296266742775,0,0,71.387389791346,69.7479438383267,4.63756865401002,8.76951294195772,1.41656820744527,2.130939210846,0,0,30283.5894681167,29631.5393854514,2397.85156644151,4528.54144089984,843.589931837897,1256.87464282089,0,0,1163.47534423223,1138.49279293179,92.8321099140953,175.450107743166,32.9164824749802,49.075032301329,0,0,0,0,3.67751376040721,7.07427329097112,1.47773777829464,2.20904738481985,0,0,0,0,0,0,0,0,0,0,172.410957551572,179.398387517319,47.5716675774995,96.6601402339711,31.9577245627326,50.4794836480283,0,0,6.62420696451647,6.89277550354565,1.81867614137475,3.69391922546396,1.21454215140267,1.91795735576474,0,0,724.612775063942,719.432932133724,122.736975019625,250.383338635609,94.0262912653564,147.234298996558,0,0,27.8401692936594,27.6417810197782,4.70080483984507,9.58621517379323,3.5844481572888,5.6115777368425,0,0,0,0,14.4414462808425,30.0514130988279,10.5409905864333,16.3643978600198,0,0,0,0,0,0,0,0,0,0,65.0262608470526,37.8071106181867,32.4036988243337,32.8902842351554
"33",1992,1695,2.66666666666667,9205.00091205858,8931.90551359772,827.310143170744,1565.74578806179,313.709421986093,470.560660601406,0,0,0,0,0,0,0,0,0,0,0,0,1.24744982444278,2.40778343713791,0.559770956413825,0.842502976863248,0,0,0,0,0,0,0,0,0,0,1858.88473138092,1813.72458021989,122.525351893881,231.744843452273,37.6382714545785,56.7002635703245,0,0,71.4213240509804,69.6861988246479,4.72054715864304,8.92928058902807,1.45044122358712,2.18504175403802,0,0,30211.9422679233,29519.8839752508,2435.62599790899,4600.71028072485,861.858155034608,1285.48994586443,0,0,1160.72300109818,1134.20280011194,94.2988986106983,178.25583800546,33.6305967162093,50.1948451806552,0,0,0,0,3.74427895113465,7.20393271748488,1.51034724066054,2.26029694617746,0,0,0,0,0,0,0,0,0,0,172.008667916469,178.825730945319,48.4493377219312,98.4865832416659,32.6806774763011,51.700053788634,0,0,6.60875119377792,6.87077309794857,1.85219618762312,3.76363647211866,1.24200311318631,1.96430050900698,0,0,720.9367000816,715.23192765217,124.85254950905,255.040108615848,96.0447277366572,150.761107624399,0,0,27.6989343738691,27.4803715125974,4.78175930173949,9.76432055389772,3.66131688429435,5.74584611466529,0,0,0,0,14.7696895307061,30.7556225335377,10.796282726597,16.7897430544524,0,0,0,0,0,0,0,0,0,0,67.0645422793149,39.0226044173121,33.884265323027,34.461282603894
"34",1992,1695,2.75,9190.40344821175,8905.77950022452,839.327303410363,1588.6134163889,319.264414662137,479.393271474717,0,0,0,0,0,0,0,0,0,0,0,0,1.26823946342721,2.44799008365002,0.569836994996748,0.858567622147748,0,0,0,0,0,0,0,0,0,0,1859.9600949321,1812.31236962166,124.661858159485,235.868804436399,38.5365714699168,58.1365211500904,0,0,71.4626412383052,69.6319394351002,4.8028999082715,9.08825582675981,1.48505693129477,2.24038725591726,0,0,30140.6629119267,29408.9193214904,2472.62600683949,4671.55325700189,880.357171433847,1314.48871084072,0,0,1157.98478868799,1129.93934735251,95.7360899321554,181.010992441789,34.3538253670064,51.3298224516308,0,0,0,0,3.81045735993959,7.33260328239804,1.54342347232646,2.31230888245041,0,0,0,0,0,0,0,0,0,0,171.632376849082,178.275424703162,49.3259052608559,100.313583694795,33.4195586048238,52.9477299195868,0,0,6.59429431206202,6.84962942816424,1.88567086538199,3.83336790708105,1.27006899251463,2.01167245302574,0,0,717.260468917719,711.037039885499,126.963066099413,259.698602344581,98.0976119497288,154.352364290472,0,0,27.5576934327104,27.3191970208301,4.86251317786629,9.94247667487466,3.73949538857031,5.88256377458995,0,0,0,0,15.1023128084348,31.4697558615256,11.0568586978259,17.2242690193181,0,0,0,0,0,0,0,0,0,0,69.098217008538,40.2342882074166,35.3944704705459,36.0646267130403
"35",1992,1695,2.83333333333333,9175.90490528945,8879.88300933903,851.086116618449,1611.03689580191,324.881745878994,488.327467559757,0,0,0,0,0,0,0,0,0,0,0,0,1.28882485176781,2.48784994125472,0.580035862774638,0.874843788764453,0,0,0,0,0,0,0,0,0,0,1861.22904056995,1811.0956481424,126.784119377052,239.975601354425,39.4541768631928,59.6052504772127,0,0,71.5113961589702,69.5851910501235,4.88470635076026,9.24657427084339,1.52041647119321,2.29698385012237,0,0,30069.7508766971,29298.6427663777,2508.86461980082,4741.08891452598,899.076468706408,1343.85752800485,0,0,1155.26068691519,1125.70233253595,97.1441723887568,183.716262532904,35.0857658427831,52.4794521304582,0,0,0,0,3.87593488595954,7.46008450184547,1.57694881723439,2.36506089572294,0,0,0,0,0,0,0,0,0,0,171.281098324447,177.746842944345,50.2005843656137,102.139757572316,34.1742636394596,54.2225192654249,0,0,6.58079843571125,6.82932044815138,1.91907015481847,3.9030606689398,1.29873577325042,2.06007340130308,0,0,713.584721417848,706.848671572244,129.068061890072,264.357752644307,100.185043380817,158.008396298068,0,0,27.4164710538151,27.1582730183238,4.94304869186314,10.1206425043416,3.8189872704881,6.0217428625357,0,0,0,0,15.4391137756418,32.1934548084769,11.3227583545938,17.668060034353,0,0,0,0,0,0,0,0,0,0,71.1275868636974,41.4423115207351,36.9345790307108,37.7006013284599
"36",1992,1695,2.91666666666667,9161.50110699227,8854.21099835866,862.590916408475,1633.02235419589,330.55767603133,497.358336730451,0,0,0,0,0,0,0,0,0,0,0,0,1.30916981763188,2.52729854358135,0.59036071408783,0.891322517190905,0,0,0,0,0,0,0,0,0,0,1862.69227131971,1810.07436721661,128.894024908373,244.068458660564,40.3911274052302,61.1066720128353,0,0,71.5676158243294,69.5459518037536,4.9660388473855,9.40435942265225,1.55652137543248,2.35484003017886,0,0,29999.2060566563,29189.0520674845,2544.35472937534,4809.33569917285,918.005781042466,1373.58324449737,0,0,1152.5506917466,1121.49166950371,98.5236296880895,186.372336432444,35.8260247609705,53.6432317392929,0,0,0,0,3.94062121083853,7.58621581295639,1.61090470992285,2.41852942345702,0,0,0,0,0,0,0,0,0,0,170.953918775633,177.239402131332,51.0727413764224,103.963971850255,34.944680819438,55.5244158860033,0,0,6.56822846495449,6.80982373744796,1.95236988659179,3.9726715498435,1.32799915693998,2.10950306856109,0,0,709.910110434453,702.667262173798,131.167030851673,269.01641391436,102.307096215453,161.729497750927,0,0,27.275292320545,26.9976163898781,5.02334642602728,10.2987740281394,3.89979516687689,6.16339425958254,0,0,0,0,15.7798768765674,32.9263362693088,11.5940155667101,18.1211922581839,0,0,0,0,0,0,0,0,0,0,73.1529424077931,42.6468197771165,38.5048406174067,39.3694778514077
"37",1993,1695,3,9146.22470196363,8827.39644377413,874.514351532084,1655.72420427977,336.306030976141,506.531592179747,0,0,0,0,0,0,0,0,0,0,0,0,1.32929845965837,2.56644235105017,0.600834471963893,0.908083589882565,0,0,0,0,0,0,0,0,0,0,1864.24197484372,1809.08328090186,131.09830089418,248.328340306198,41.3497269745785,62.6474192352221,0,0,71.62715791196,69.5078726826259,5.05099826800876,9.56856543052586,1.59346040251369,2.41421139348073,0,0,29927.1860067096,29077.3665521118,2580.83717178865,4879.26890040805,937.183712633828,1403.79294013874,0,0,1149.78401650302,1117.2005202456,99.9413544904736,189.093592695986,36.5761146158577,54.8261339834733,0,0,0,0,4.00459951323476,7.71133610176502,1.64535441371895,2.47293303183312,0,0,0,0,0,0,0,0,0,0,170.647779137106,176.758586953676,51.9620795203428,105.837801024459,35.7360179132022,56.8700452691511,0,0,6.55646686187807,6.79135002685508,1.98632576573348,4.04417597209294,1.35805701035821,2.16059304224178,0,0,706.205392641742,698.441882408372,133.298085580928,273.74520818873,104.469096870607,165.532314368981,0,0,27.1329568403982,26.8352703498353,5.10487031055237,10.4795827683254,3.9821219222125,6.30815197381647,0,0,0,0,16.1247824147949,33.6696573696246,11.8712532756933,18.5855620094549,0,0,0,0,0,0,0,0,0,0,75.1571904954975,43.8125274426376,40.0917041677357,41.0209618944427
"38",1993,1695,3.08333333333333,9127.25342961445,8795.46308066745,888.779455104128,1682.45258295474,342.195109463675,516.018410865577,0,0,0,0,0,0,0,0,0,0,0,0,1.34986821132853,2.6065794380127,0.611544780578562,0.925391536542874,0,0,0,0,0,0,0,0,0,0,1865.59634142978,1807.67214784192,133.700099108509,253.2717169325,42.3416652456479,64.2536072599005,0,0,71.6791948420582,69.4536546938224,5.15123675178428,9.75904573621292,1.63168344560453,2.47610353813348,0,0,29848.2865828845,28955.4676827607,2623.30153823226,4959.44148040382,956.797531294881,1434.95870969903,0,0,1146.75303406626,1112.51695722618,101.589154581825,192.208973041259,37.3433167765079,56.0465658301115,0,0,0,0,4.06969997452737,7.83908066457265,1.68054002512055,2.52899774224712,0,0,0,0,0,0,0,0,0,0,170.353949094501,176.317463713592,52.9346041283505,107.923512544841,36.5638946635852,58.3079548869564,0,0,6.54517818303913,6.77440134529455,2.02346981901991,4.12379079945452,1.38950316993242,2.2151881034246,0,0,702.37527662992,694.022841705328,135.574627522697,278.758967944542,106.688289426605,169.469870005154,0,0,26.9858034426171,26.6654835436181,5.191975908153,10.6713161206161,4.06662488679417,6.45803633785855,0,0,0,0,16.4749235602333,34.4282094194446,12.1562757850093,19.0667726428748,0,0,0,0,0,0,0,0,0,0,77.0895987186891,44.8359102149491,41.6553457274853,42.5056140998107
"39",1993,1695,3.16666666666667,9108.38414022953,8763.79030666999,902.727814826174,1708.64338050179,348.165996797887,525.63344297232,0,0,0,0,0,0,0,0,0,0,0,0,1.37088084088894,2.64743752765714,0.622383246930558,0.942910239135867,0,0,0,0,0,0,0,0,0,0,1867.20408752555,1806.51127880136,136.283804290699,258.195599072611,43.3613361726567,65.9049707815031,0,0,71.7409670181155,69.409052248858,5.25078553318463,9.94878715531113,1.67097433067722,2.53973530680504,0,0,29769.7721859839,28834.3303868315,2664.88582047442,5038.12003763603,976.682671567425,1466.56769580697,0,0,1143.73684254483,1107.86265517195,103.203335095374,195.267379588959,38.1212015149026,57.2844912488453,0,0,0,0,4.13589583661392,7.96857446473139,1.71616717926655,2.58581394085694,0,0,0,0,0,0,0,0,0,0,170.079892551007,175.889680248185,53.9139489838105,110.018306491716,37.4079485478511,59.7733881364895,0,0,6.53464922336473,6.75796519938531,2.06087398638288,4.20375023659607,1.42156409777625,2.27082843138546,0,0,698.544387406592,689.613223314618,137.844728284212,283.77760105485,108.945275074958,173.481400478789,0,0,26.8386203157323,26.4960587592043,5.27882759506332,10.8632193486979,4.15256456150118,6.61073143563987,0,0,0,0,16.8288524559452,35.195768897678,12.4468316660635,19.5578862399359,0,0,0,0,0,0,0,0,0,0,79.0187891381108,45.8567743831479,43.2509665407566,44.022239344125
"40",1993,1695,3.25,9089.61276139824,8732.37301052419,916.364757577633,1734.30402300771,354.214052264448,535.370719669035,0,0,0,0,0,0,0,0,0,0,0,0,1.39217633210895,2.6887520632781,0.633354833329335,0.960645375602047,0,0,0,0,0,0,0,0,0,0,1869.0625680326,1805.59718581232,138.852060364612,263.10434851472,44.4083876333201,67.6013285047779,0,0,71.8123728112212,69.3739313344296,5.34974555327535,10.1379562712155,1.71131964389165,2.60509990675609,0,0,29691.6451236514,28713.9542471795,2705.60463494779,5115.32527442506,996.827298576599,1498.60510225182,0,0,1140.7355306244,1103.23759805465,104.78444382084,198.269584020226,38.9093161160586,58.5393459196581,0,0,0,0,4.20275643741666,8.09911280187224,1.75225074340824,2.64339962075184,0,0,0,0,0,0,0,0,0,0,169.825296198668,175.475433946076,54.8983666528188,112.119902830659,38.2686801544145,61.2672535828657,0,0,6.5248679455601,6.74204917311102,2.09847109988827,4.28396656975991,1.45425898598783,2.3275487764217,0,0,694.713234678178,685.213100847986,140.108454377292,288.800373670231,111.239986563725,177.56693251152,0,0,26.6914270433738,26.3269988248581,5.36542804259629,11.055264546961,4.23993824186143,6.76623804854592,0,0,0,0,17.1866271237077,35.972398396641,12.7429496883113,20.0589748575234,0,0,0,0,0,0,0,0,0,0,80.9449840354101,46.8751978358729,44.8789612122317,45.5711616365786
"41",1993,1695,3.33333333333333,9070.9354024313,8701.2062804205,929.69549001573,1759.4417881897,360.334735636117,545.22436920317,0,0,0,0,0,0,0,0,0,0,0,0,1.41362308850853,2.73030419013972,0.644460943215726,0.978598221620909,0,0,0,0,0,0,0,0,0,0,1871.16873412244,1804.92600141414,141.407277638381,268.001939019047,45.4825294701764,69.3425681568548,0,0,71.8932950805091,69.3481433565143,5.44820885877269,10.3267048845601,1.75270833027246,2.67219317042873,0,0,29613.9078695943,28594.3390063802,2745.47247063035,5191.077814838,1017.2198312975,1531.05638636358,0,0,1137.74919337014,1098.64177598276,106.333024025466,201.216355507624,39.7072173063883,59.8105748535129,0,0,0,0,4.26993023267249,8.23011716695703,1.7887957734563,2.70176076309911,0,0,0,0,0,0,0,0,0,0,169.589857026804,175.074894104582,55.8863844161624,114.2263876633,39.146491305076,62.7903354069772,0,0,6.51582270793567,6.72665977114265,2.13620459158486,4.36436623647556,1.48760323556158,2.38537912069544,0,0,690.882366895583,680.822621826766,142.365736940135,293.826387899829,113.572381840829,181.726528491753,0,0,26.5442446977632,26.1583094085705,5.45177471912256,11.2474175002197,4.32874419782554,6.92455833424554,0,0,0,0,17.5482388276481,36.7580515412724,13.0446599541126,20.570111409574,0,0,0,0,0,0,0,0,0,0,82.868402236355,47.8912595552486,46.5397037845886,47.1526936471079
"42",1993,1695,3.41666666666667,9052.34833127236,8670.285380494,942.725103455129,1784.06381204868,366.523605244246,555.188615355271,0,0,0,0,0,0,0,0,0,0,0,0,1.43511289299173,2.77191283922585,0.65570034539961,0.996766767583778,0,0,0,0,0,0,0,0,0,0,1873.51923211084,1804.4935783187,143.951653232938,272.891990652862,46.5835271329021,71.1286402220441,0,0,71.9836049720674,69.3315289696698,5.54625937764145,10.5151713182835,1.79513145330976,2.74101331925728,0,0,29536.5630012041,28475.4845053771,2784.50367622525,5265.39818142681,1037.84894397173,1563.90726258088,0,0,1134.77792982998,1094.07518284424,107.849613960563,204.10845982511,40.5144713158064,61.097632535531,0,0,0,0,4.33713037861208,8.36111276373943,1.82580016600608,2.76089451706123,0,0,0,0,0,0,0,0,0,0,169.373280150913,174.688202340564,56.8767666980073,116.336164415737,40.0417017304898,64.3433120053417,0,0,6.50750218099211,6.71180243462396,2.17402703947776,4.44488793301094,1.52160909867473,2.44434539448736,0,0,687.052362765747,676.441996417608,144.616397469782,298.854615059702,115.942433142529,185.960272769916,0,0,26.3970955135811,25.9899985852668,5.53786088250336,11.4396389683049,4.4189812551187,7.08569530163176,0,0,0,0,17.9136261886085,37.5525951396021,13.351991582758,21.0913668166938,0,0,0,0,0,0,0,0,0,0,84.7892591593122,48.9050394311818,48.2335507000903,48.7671387783327
"43",1993,1695,3.5,9033.84795139077,8639.60572672825,955.458581501272,1808.17709889867,372.776313164082,565.257772798569,0,0,0,0,0,0,0,0,0,0,0,0,1.4565564856013,2.81342771880936,0.667069889179075,1.015146590225,0,0,0,0,0,0,0,0,0,0,1876.11048790353,1804.29557358238,146.487194194932,277.777808333109,47.7111947014067,72.959550784525,0,0,72.0831651634794,69.3239213110571,5.64397379745569,10.7034818837138,1.83858193042751,2.81156069287118,0,0,29459.6131490429,28357.390633557,2822.71245570602,5338.30678222929,1058.70355869419,1597.1436963426,0,0,1131.82184109402,1089.53781438833,109.334746677501,206.946658834655,41.3306536075974,62.3999827062979,0,0,0,0,4.40412221636562,8.49170882251119,1.86325667443498,2.82079163784158,0,0,0,0,0,0,0,0,0,0,169.175277064691,174.315474058038,57.8684783678915,118.447905661371,40.9545644335572,65.926773821751,0,0,6.49989528026268,6.69748159755927,2.21189874912796,4.52548074904984,1.55628626977172,2.50447016188048,0,0,683.22382371576,672.071486625434,146.86017108527,303.883925504616,118.350118261823,190.268260294195,0,0,26.2500025984314,25.8220764215834,5.6236764764094,11.6318858374253,4.5106484603173,7.24965237558848,0,0,0,0,18.2826870753006,38.3558280580211,13.6649711904406,21.6228081282619,0,0,0,0,0,0,0,0,0,0,86.7077669641442,49.9166180826989,49.9608437565667,50.4147931644449
"44",1993,1695,3.58333333333333,9015.43078904088,8609.16287396626,967.900802375493,1831.78852464222,379.088604428891,575.426246421706,0,0,0,0,0,0,0,0,0,0,0,0,1.47788106281466,2.85472534481138,0.678564900728805,1.03373133766213,0,0,0,0,0,0,0,0,0,0,1878.93876018042,1804.32750211274,149.015729783443,282.66240225989,48.8653908667311,74.8353574842961,0,0,72.1918319072437,69.3251480562529,5.74142203197516,10.8917516572741,1.88305438067344,2.88383759622878,0,0,29383.0609632857,28240.0572957154,2860.1128604398,5409.82389707434,1079.77284709124,1630.75190701809,0,0,1128.88102900521,1085.02966695634,110.788949725727,209.731709963861,42.1553489460842,63.717098475534,0,0,0,0,4.47071621238231,8.62158747396792,1.9011540134225,2.88143782913055,0,0,0,0,0,0,0,0,0,0,168.995564765687,173.956799130493,58.8606635015929,120.560525192157,41.8852748189489,67.5412338821461,0,0,6.49299113272087,6.68370071302936,2.24978693287953,4.60610308656714,1.59164223684969,2.56577302602771,0,0,679.397369036769,667.711399747883,149.096720836291,308.913107402688,120.79541471639,194.650588828803,0,0,26.1029897462658,25.6545547243762,5.70920868167035,11.8241118449538,4.60374485760356,7.41643309962135,0,0,0,0,18.6552855230099,39.1674922089994,13.9836219490293,22.1644973114066,0,0,0,0,0,0,0,0,0,0,88.6241345534453,50.9260767293203,51.7219118889177,52.0959469463683
"45",1993,1695,3.66666666666667,8997.09347741629,8578.95249951198,980.056543650713,1854.9048429455,385.456314088424,585.688528563747,0,0,0,0,0,0,0,0,0,0,0,0,1.49902728107119,2.89570427549744,0.690179643241642,1.05251329208706,0,0,0,0,0,0,0,0,0,0,1882.00019864522,1804.58479443458,151.538928613111,287.548516503147,50.0460139024116,76.7561643717297,0,0,72.3094572688193,69.3350336387118,5.83866787281634,11.08008556812,1.92854493395905,2.95784810485204,0,0,29306.9090789522,28123.4843781177,2896.7187842029,5479.96966577071,1101.04622637245,1664.71836517832,0,0,1125.95559482356,1080.55073617762,112.212744953669,212.46436574494,42.9881512548405,65.0484622271779,0,0,0,0,4.53675951329981,8.75049042012669,1.93947814617087,2.94281530498051,0,0,0,0,0,0,0,0,0,0,168.833864737846,173.612243222224,59.8526192922659,122.673143561167,42.8339813908085,69.1871403833514,0,0,6.4867790376898,6.67046230395914,2.28766470194892,4.68672132636836,1.62768269295931,2.62827111314715,0,0,675.573630525148,663.362080636112,151.325654096048,313.940887923206,123.278293714735,199.107350801438,0,0,25.9560812314927,25.4874467433687,5.79444254767835,12.0162683969396,4.69826925761595,7.58604082410467,0,0,0,0,19.0312597755278,39.9872853757995,14.3079626421191,22.7164900579569,0,0,0,0,0,0,0,0,0,0,90.5385676482861,51.9334970429037,53.5170733090547,53.8108857310249
"46",1993,1695,3.75,8978.83274324197,8548.97038924725,991.930486140396,1877.5326902738,391.875364799304,596.039196821252,0,0,0,0,0,0,0,0,0,0,0,0,1.51994682048375,2.93628121508149,0.701907658453187,1.07148379056169,0,0,0,0,0,0,0,0,0,0,1885.29089254238,1805.0628446935,154.058314062481,292.438654592728,51.2529970524286,78.7221171080804,0,0,72.4358909907249,69.3534010941429,5.93576957525084,11.2685793718216,1.97505105591924,3.03359788291397,0,0,29231.1600873285,28007.671720828,2932.54395825976,5548.76407687895,1122.5133561765,1699.02979072067,0,0,1123.04563812821,1076.10101590641,113.606648313187,215.145373377597,43.8286635045534,66.3935655560561,0,0,0,0,4.60212912726296,8.87820811053169,1.97821322338677,3.00490393843734,0,0,0,0,0,0,0,0,0,0,168.689902265758,173.281849235065,60.8437734225838,124.785058014056,43.8007948147132,70.8648875580922,0,0,6.48124844049667,6.65776801870351,2.32551019276029,4.76730866524173,1.66441188461829,2.69197949004542,0,0,671.75324783398,659.023904878104,153.546536537249,318.965951443902,125.798715269892,203.638626429221,0,0,25.8093016303765,25.3207669092432,5.87936153041532,12.2083052702376,4.79422005050156,7.75847844378848,0,0,0,0,19.4104287536654,40.8148716090414,14.638007036824,23.2788349622627,0,0,0,0,0,0,0,0,0,0,92.4512688388556,52.9389610024833,55.3466373890659,55.5598918741727
"47",1993,1695,3.83333333333333,8960.64539732103,8519.21242780062,1003.52721681169,1899.67858958731,398.341764907726,606.472912354603,0,0,0,0,0,0,0,0,0,0,0,0,1.54060076627498,2.97638840372135,0.71374196144684,1.09063346813234,0,0,0,0,0,0,0,0,0,0,1888.80690302546,1805.75704244337,156.575276235582,297.335099305452,52.4863049393934,80.7333991405187,0,0,72.5709817361807,69.3800732818324,6.03278031311164,11.4573204034243,2.02257141133104,3.11109403801927,0,0,29155.8165175967,27892.6191001899,2967.60194794634,5616.22695940985,1144.16413563474,1733.67315102445,0,0,1120.15125611163,1071.68049754874,114.971169722423,217.775474404665,44.6764976080954,67.7519092047419,0,0,0,0,4.66672743970891,9.00457256436523,2.01734210330558,3.06768190674379,0,0,0,0,0,0,0,0,0,0,168.563406117721,172.9656386985,61.8336676437133,126.89572049094,44.7857942329323,72.5748234711767,0,0,6.47638892029646,6.64561868445746,2.36330593342051,4.84784426591886,1.70183285445487,2.7569114634974,0,0,667.936865191267,654.697273801133,155.758901881965,323.986952329368,128.356625132538,208.244479115541,0,0,25.6626756949485,25.1545306416275,5.96394786748999,12.4001711048717,4.89159508878904,7.93374822234822,0,0,0,0,19.7925962501016,41.6498880537639,14.9737636235268,23.8515731508055,0,0,0,0,0,0,0,0,0,0,94.3624376192809,53.9425507754318,57.2109060453839,57.3432454112847
"48",1993,1695,3.91666666666667,8942.52832515752,8489.67458880256,1014.85123177732,1921.34895410695,404.851606436179,616.984418112717,0,0,0,0,0,0,0,0,0,0,0,0,1.56095796709073,3.01597097562289,0.725675245915884,1.10995251237497,0,0,0,0,0,0,0,0,0,0,1892.54429483362,1806.66280360546,159.091084188547,302.239932932907,53.7459300266634,82.7902279531579,0,0,72.7145783061723,69.4148740741456,6.129748643868,11.6463883489489,2.07110572958367,3.19034497887969,0,0,29080.8808190309,27778.3262119796,3001.90614931109,5682.37797444844,1165.98870015144,1768.63565885264,0,0,1117.27254289565,1067.28916941512,116.30681293042,220.355404384348,45.5312743051511,69.1230029911283,0,0,0,0,4.73047765236418,9.12945008666309,2.05684690827648,3.13112637659911,0,0,0,0,0,0,0,0,0,0,168.454108238433,172.663613210883,62.8219413487796,129.004715604949,45.7890335116042,74.3172577465096,0,0,6.47219017826653,6.63401436263031,2.40103820987654,4.92831240599235,1.73994768129596,2.82307887703198,0,0,664.125128179899,650.382609506105,157.962261552853,329.00252754737,130.951951796111,212.924950913121,0,0,25.5162282292896,24.9887541583063,6.04818294940247,12.5918138901806,4.99039157302449,8.11185161950564,0,0,0,0,20.1775551883539,42.4919518669607,15.3152353312775,24.4347378856899,0,0,0,0,0,0,0,0,0,0,96.2722704269511,54.9443485979265,59.1101751233669,59.1612249859046
"49",1994,1695,4,8923.42998481081,8458.53974830261,1027.11832707288,1944.52176375025,411.385088249407,627.54440733219,0,0,0,0,0,0,0,0,0,0,0,0,1.5810276827446,3.05503187785013,0.737666916912782,1.12938189628295,0,0,0,0,0,0,0,0,0,0,1896.31420507054,1807.4817254382,161.78696278386,307.441423550226,55.0297003765845,84.8894820399806,0,0,72.8594242861993,69.4463383605541,6.23363735541411,11.8468585549867,2.12057029753085,3.27123040424347,0,0,29003.5098242915,27660.2180901329,3038.31401359843,5751.7727877925,1187.92994293301,1803.83368461968,0,0,1114.30026498848,1062.75125378092,117.723334142747,223.060145508625,46.3907653405164,70.5035826982946,0,0,0,0,4.79338632177773,9.25281274227623,2.09661533702865,3.19507562044758,0,0,0,0,0,0,0,0,0,0,168.327596606235,172.325381766496,63.824404472957,131.136768891935,46.8043335183524,76.0827042703929,0,0,6.4673300647908,6.6210189496915,2.43931632193066,5.00966703798308,1.77852161533847,2.89012149399527,0,0,660.258745306168,645.985377648383,160.209415244892,334.096157470143,133.578674453593,217.670710931407,0,0,25.3676812058513,24.8198052965157,6.1340960509774,12.7864425742349,5.09038003658496,8.29243308253593,0,0,0,0,20.5646314559387,43.3397310340929,15.6617157922701,25.0272711466226,0,0,0,0,0,0,0,0,0,0,98.1965132800365,55.9598207737212,61.0607396501058,61.0429688138907
"50",1994,1695,4.08333333333333,8902.73535769932,8424.74240960997,1041.03064486411,1970.34378133606,417.95180577595,638.161191646277,0,0,0,0,0,0,0,0,0,0,0,0,1.60140523040379,3.09453618240821,0.749695325043604,1.14888839341756,0,0,0,0,0,0,0,0,0,0,1899.98250941554,1808.012290554,164.762421835743,313.097863736439,56.3386811604961,87.0318196651903,0,0,73.0003664053739,69.4667235207664,6.34827316973828,12.0648182206872,2.17100589582752,3.35377539751746,0,0,28922.0085640244,27535.5786191734,3078.48289039254,5827.0593691673,1210.00288275021,1839.27479648334,0,0,1111.16930221117,1057.96239302228,119.284446560376,225.99148940916,47.2555243051612,71.8939039172339,0,0,0,0,4.85693323049178,9.37700707285883,2.13658511683287,3.25943536846817,0,0,0,0,0,0,0,0,0,0,168.16518348201,171.923227668543,64.8607359767774,133.323313005822,47.8287777613318,77.866471762751,0,0,6.46109057531165,6.60556752554898,2.4788972689573,5.09311787311555,1.81744411535104,2.95786151539653,0,0,656.302412981387,641.448989951031,162.53181361607,339.317490495178,136.233386452873,222.476056600853,0,0,25.2156782305573,24.6455098429955,6.22289622161993,12.9859662626153,5.19143107978658,8.47527590011084,0,0,0,0,20.953443815291,44.1924178998688,16.0127080891709,25.6284267838552,0,0,0,0,0,0,0,0,0,0,100.144195609952,56.9979160434083,63.0735458166989,63.0076879921776
"51",1994,1695,4.16666666666667,8882.14647223281,8391.22733305435,1054.61635202796,1995.60654412471,424.583529846772,648.880659191103,0,0,0,0,0,0,0,0,0,0,0,0,1.62215827438013,3.13461028190794,0.761821893502487,1.16855986636354,0,0,0,0,0,0,0,0,0,0,1903.84355488053,1808.72383766531,167.7240211507,318.742805903052,57.6776850751571,89.2244649305197,0,0,73.1487139466041,69.4940622986672,6.46238262494503,12.2823474705212,2.22259798202066,3.43825833166776,0,0,28840.9918854316,27411.8310368745,3117.78747001359,5900.86132912789,1232.29780830229,1875.08933113933,0,0,1108.05695539637,1053.20780014952,120.81248646087,228.866099403894,48.1290749664878,73.2990598254792,0,0,0,0,4.92131408815161,9.50239640095233,2.17692787097633,3.32445113580675,0,0,0,0,0,0,0,0,0,0,168.022668097141,171.539620741124,65.907629100208,135.528600923691,48.8731123116656,79.6854319615742,0,0,6.45561558104764,6.59082871355556,2.51888270981335,5.17728531978611,1.85712375082427,3.02694017010172,0,0,652.353531116092,636.927490351467,164.843301665695,344.528906234923,138.925803956425,227.356287952087,0,0,25.0639614874079,24.471786415524,6.31127275774825,13.1850960848607,5.29391503460462,8.6609630076492,0,0,0,0,21.3448280020475,45.0516165297486,16.3693363593027,26.239964022312,0,0,0,0,0,0,0,0,0,0,102.090113544103,58.0336420346488,65.1237774482841,65.0099486310828
"52",1994,1695,4.25,8861.65821931751,8357.98830176215,1067.88077761298,2020.31757970943,431.27549633758,659.696556584588,0,0,0,0,0,0,0,0,0,0,0,0,1.64313528248572,3.17500830318745,0.774051094960715,1.18840104404482,0,0,0,0,0,0,0,0,0,0,1907.9005698248,1809.61877256345,170.674608606003,324.380982960855,59.0468372483135,91.4679599359913,0,0,73.3045909486164,69.528447128606,6.57607448766727,12.4996271376498,2.2753514468006,3.52470016233517,0,0,28760.4571864953,27288.9693869903,3156.24232469032,5973.19988170399,1254.80331699392,1911.26276105366,0,0,1104.96312459538,1048.48724631314,122.30800093103,231.684768078555,49.0109796761523,74.7184939550136,0,0,0,0,4.98614831856501,9.62837361561745,2.21765482009606,3.39013526786331,0,0,0,0,0,0,0,0,0,0,167.899499732522,171.174153313517,66.9630782662478,137.749685820106,49.9376004789703,81.5401150703995,0,0,6.45088392281338,6.57678685034593,2.55919563317433,5.26205626035802,1.8975706862189,3.0973778441832,0,0,648.412312032253,632.420992896298,167.144190512146,349.730359933031,141.655781852351,232.311311395735,0,0,24.9125391343229,24.298639395936,6.39923777603803,13.3838307006608,5.39782633670738,8.84949076300722,0,0,0,0,21.7388210828144,45.9173320523126,16.731596314101,26.8619009441448,0,0,0,0,0,0,0,0,0,0,104.034494192932,59.0671093570487,67.2119675163039,67.0502456758905
"53",1994,1695,4.33333333333333,8841.26578927174,8325.0194142664,1080.82913833184,2044.48428305673,438.023048946481,670.602738541727,0,0,0,0,0,0,0,0,0,0,0,0,1.66421192059565,3.21552734795514,0.786383942964142,1.20841242734796,0,0,0,0,0,0,0,0,0,0,1912.1557433705,1810.69849230976,173.61675793067,330.016663525641,60.4462657689437,93.762830753307,0,0,73.468081520985,69.5699316879141,6.6894470763795,12.7168203475392,2.32927128085192,3.61312121461021,0,0,28680.402490086,27166.9883401315,3193.86191124225,6044.09617827307,1277.50828377,1947.78085495239,0,0,1101.88773386728,1043.80052674856,123.771532990737,234.448286117686,49.9008111645107,76.1516608335914,0,0,0,0,5.05112638944718,9.75444235027849,2.25876864067462,3.45648992086865,0,0,0,0,0,0,0,0,0,0,167.795176933109,170.826452040682,68.0253887637863,139.984065380414,51.0224542460584,83.4309965635295,0,0,6.44687633420675,6.56342759140262,2.5997710023419,5.34733470778552,1.9387931130238,3.16919282381359,0,0,644.479031624709,627.929684438996,169.434633755401,354.921586730816,144.423186780242,237.341045854638,0,0,24.7614217717207,24.1260759634251,6.48679734284901,13.582160319032,5.50315988515191,9.04085602417998,0,0,0,0,22.1354011136915,46.7894760388815,17.0994847418298,27.4942557942507,0,0,0,0,0,0,0,0,0,0,105.977558520501,60.098426247363,69.3386194898185,69.129052902863
"54",1994,1695,4.41666666666667,8820.96462748164,8292.31503956552,1093.46654483072,2068.11392387734,444.821634387701,681.593163140789,0,0,0,0,0,0,0,0,0,0,0,0,1.68528564907658,3.25599913848926,0.798818970339616,1.22859145768867,0,0,0,0,0,0,0,0,0,0,1916.61042326104,1811.96358243592,176.552800602878,335.653707127217,61.8761032717007,96.1095929838792,0,0,73.6392374461665,69.6185384736541,6.80258947521104,12.934074621136,2.38436263837559,3.7035413992203,0,0,28600.8263141747,27045.8830650398,3230.66055870214,6113.57128147007,1300.40185288973,1984.62966956287,0,0,1098.83072629244,1039.1474558302,125.203621108119,237.157441293246,50.7981522376524,77.5980256814308,0,0,0,0,5.11599531950645,9.88019485309883,2.30026600451266,3.52351003364928,0,0,0,0,0,0,0,0,0,0,167.709239078988,170.496171035125,69.093127630349,142.229613968075,52.1278441117888,85.358506024498,0,0,6.44357511775787,6.55073764717112,2.64055385933076,5.43303918582196,1.98079763001508,3.24240163717729,0,0,640.554016799573,623.45381075341,171.714659243387,360.102145264364,147.227889080994,242.445413218169,0,0,24.6106219598949,23.954105561002,6.57395269732542,13.7800683777552,5.60991073312469,9.2350557831238,0,0,0,0,22.5345010683064,47.6678879022209,17.4729974096078,28.1370444924887,0,0,0,0,0,0,0,0,0,0,107.919521977579,61.1276987957619,71.5042124344569,71.2468268654488
"55",1994,1695,4.5,8800.75040374547,8259.86978590093,1105.79800600855,2091.21365183091,451.666799179825,692.661888599358,0,0,0,0,0,0,0,0,0,0,0,0,1.70627224111082,3.29628459847393,0.811352805130891,1.24893321065268,0,0,0,0,0,0,0,0,0,0,1921.26525120685,1813.41395199546,179.484848274123,341.295602659296,63.3364873812291,98.5087547490717,0,0,73.8180833797025,69.6742639915181,6.91558238716652,13.151523339345,2.44063085600219,3.79598032930423,0,0,28521.7275830754,26925.6491402967,3266.65245991349,6181.64614763628,1323.47343253886,2021.79554426409,0,0,1095.7920605625,1034.52786367921,126.60479887056,239.813017784518,51.7025955790215,79.0570642141949,0,0,0,0,5.1805494191427,10.0052977532899,2.3421390423387,3.59118505535857,0,0,0,0,0,0,0,0,0,0,167.641260798479,170.182987395863,70.1650895541885,144.484535246765,53.2539059565666,87.3230336225797,0,0,6.44096393027267,6.53870461127565,2.6814980095826,5.51910090046112,2.02358950812831,3.31701930453326,0,0,636.637636648423,618.993666725159,173.984190937947,365.271448013015,150.069757396107,247.624331635555,0,0,24.4601538799214,23.7827395186321,6.66070109288659,13.9775327119036,5.71807388080587,9.43208690900904,0,0,0,0,22.9360177099412,48.5523486327065,17.8521278973997,28.7902792171695,0,0,0,0,0,0,0,0,0,0,109.860594926997,62.1550310912786,73.7092046132946,73.4040097090273
"56",1994,1695,4.58333333333333,8780.6189882548,8227.6784764533,1117.82843172361,2113.79049970559,458.554187691142,703.80307134258,0,0,0,0,0,0,0,0,0,0,0,0,1.72710305486275,3.33626960030868,0.823980611945453,1.26943092867142,0,0,0,0,0,0,0,0,0,0,1926.12027073096,1815.048941004,182.414810946487,346.945499559801,64.8275611046104,100.96081918674,0,0,74.0046209938169,69.7370828838506,7.02849882581695,13.3692869307189,2.49808146934566,3.89045741785169,0,0,28443.1055564504,26806.2824840708,3301.85166286377,6248.34161018344,1346.71269221828,2059.26509875008,0,0,1092.77170825269,1029.94159346428,127.975594648958,242.415795537721,52.6137436548351,80.528262557943,0,0,0,0,5.24462305086109,10.129480913749,2.38437645879457,3.65950026476588,0,0,0,0,0,0,0,0,0,0,167.59084761077,169.88659773739,71.2402695783283,146.747324184728,54.4007465485257,89.3249353602008,0,0,6.4390276154167,6.52731682715637,2.72256496920732,5.60546227369518,2.06717290285443,3.39305954079896,0,0,632.730295357542,614.549588472024,176.243066497939,370.428785791348,152.948654181907,252.877709767342,0,0,24.3100330612265,23.6119907504877,6.74703647383411,14.1745264968445,5.82764410353288,9.63194592849429,0,0,0,0,23.3398185793556,49.4425916403209,18.2368666967244,29.4539672895213,0,0,0,0,0,0,0,0,0,0,111.800982958341,63.1805253236221,75.9540363932403,75.6010314601467
"57",1994,1695,4.66666666666667,8760.56642536585,8195.73612272564,1129.56263661296,2135.85138782859,465.479538958801,715.010962858698,0,0,0,0,0,0,0,0,0,0,0,0,1.74772213956724,3.37586044430489,0.836696545074373,1.29007656826268,0,0,0,0,0,0,0,0,0,0,1931.17504101079,1816.86743316602,185.344418252854,352.606244267119,66.3494732797339,103.46628721744,0,0,74.1988333514012,69.806952260792,7.14140492544537,13.5874742606652,2.55672023177157,3.98699198558099,0,0,28364.9597551839,26687.7792809623,3336.27206345305,6313.67836378139,1370.10955679692,2097.02522716766,0,0,1089.76965097396,1025.38849859079,129.316531312613,244.966549651078,53.5312084948286,82.0111170332688,0,0,0,0,5.30808296640708,10.2525256110325,2.4269646762357,3.72843812337312,0,0,0,0,0,0,0,0,0,0,167.55763125733,169.606714570084,72.3178333279499,149.016725349149,55.5684492947173,91.3645386544493,0,0,6.43775202434185,6.51656324899892,2.76372281695528,5.69207533450478,2.11155107602327,3.47053497088876,0,0,628.832424781449,610.121945055694,178.491055750669,375.573353529463,155.864431371514,258.205441143714,0,0,24.1602760962578,23.4418734365001,6.83295018596039,14.3710192404829,5.93861578552428,9.83462880993247,0,0,0,0,23.7457492661139,50.3383140713176,18.6272003701345,30.1281101434488,0,0,0,0,0,0,0,0,0,0,113.740887258502,64.2042819054339,78.239133372302,77.8383124674554
"58",1994,1695,4.75,8740.5889129857,8164.03790358181,1141.00534307541,2157.40312746267,472.438684176789,726.279907299191,0,0,0,0,0,0,0,0,0,0,0,0,1.7680840942264,3.41498048920904,0.849494046961951,1.31086116435772,0,0,0,0,0,0,0,0,0,0,1936.42872554614,1818.86794355167,188.275237056023,358.280410157893,67.9023785494835,106.025659223971,0,0,74.4006883127799,69.8838150689634,7.25436061109999,13.8061837722661,2.6165531146152,4.08560332675115,0,0,28287.289904,26570.1359255609,3369.92739948707,6377.67695118839,1393.65420165191,2135.06309354349,0,0,1086.78587816832,1020.86844053235,130.628125992137,247.46604986263,54.4546115138078,83.505133987839,0,0,0,0,5.37082268896783,10.3742558063551,2.46988856791519,3.79797915252921,0,0,0,0,0,0,0,0,0,0,167.541266169164,169.343063651992,73.397093236398,151.291699354141,56.757078774683,93.4421469446368,0,0,6.43712387995368,6.50643333998574,2.80494527802611,5.77890042516249,2.15672657042151,3.54945730719946,0,0,624.944478516776,605.711131830122,180.727875133639,380.704270682137,158.816927214576,263.607399810778,0,0,24.0109004127983,23.2724027667929,6.91843153181701,14.5669775683076,6.05098279892614,10.0401307971154,0,0,0,0,24.1536386965443,51.2391851212836,19.0231110843327,30.8127027294727,0,0,0,0,0,0,0,0,0,0,115.68050489579,65.2263995600125,80.5649088769244,80.1162653546656
"59",1994,1695,4.83333333333333,8720.68278634138,8132.57914872437,1152.16118373667,2178.45242355853,479.427544533462,737.604339460535,0,0,0,0,0,0,0,0,0,0,0,0,1.7881524556866,3.45356760152044,0.862366051103848,1.33177508005413,0,0,0,0,0,0,0,0,0,0,1941.88016093519,1821.04868634352,191.208686195668,363.970322530735,69.4864371684608,108.639436160941,0,0,74.6101411781951,69.9676026944033,7.36742016017658,14.0255044384626,2.67758630069256,4.18631075280368,0,0,28210.0958873005,26453.3489792197,3402.83124600612,6440.35775261282,1417.33704821717,2173.36612767082,0,0,1083.82038541213,1016.38128716984,131.910889893963,249.915060135434,55.3835833482863,85.0098296460742,0,0,0,0,5.43275831406837,10.4945315847176,2.51313194567097,3.86810252194431,0,0,0,0,0,0,0,0,0,0,167.541426770577,169.095382043002,74.4774895545649,153.571395866685,57.9666842665733,95.5580434143831,0,0,6.4371306733185,6.49691699753418,2.84621099251155,5.86590516081971,2.202701345505,3.62983749284519,0,0,621.066927241519,601.317565180757,182.953198914743,385.820597239294,161.805964021897,269.083437031908,0,0,23.8619240948978,23.103594739554,7.00346820191457,14.7623658389181,6.16473841759274,10.2484462834658,0,0,0,0,24.5633030397583,52.1448522282853,19.4245763628661,31.5077331821572,0,0,0,0,0,0,0,0,0,0,117.62002904496,66.2469753874434,82.9317659521962,82.4352965763294
"60",1994,1695,4.91666666666667,8700.84450204776,8101.35532249512,1163.03470394607,2199.00587751102,486.442128971309,748.978782702002,0,0,0,0,0,0,0,0,0,0,0,0,1.80789809434267,3.49157162052543,0.875305189181297,1.3528082603325,0,0,0,0,0,0,0,0,0,0,1947.52792407448,1823.40764082793,194.146051391422,369.678083889536,71.1018149051282,111.308120794382,0,0,74.8271372697361,70.0582374980616,7.48063277004529,14.2455167258126,2.73982618144332,4.28913364096243,0,0,28133.3777061207,26337.4151280687,3434.99701071824,6501.74097510206,1441.1487592566,2211.92202072898,0,0,1080.87317276239,1011.92691117833,133.165328118443,252.31433824328,56.3177636828999,86.5247299489643,0,0,0,0,5.49382432174126,10.6132426226147,2.55667806448336,3.93878665488304,0,0,0,0,0,0,0,0,0,0,167.557804828364,168.863416211758,75.5585715978713,155.855126904285,59.1973031488402,97.7124945825699,0,0,6.43776056181592,6.48800448056114,2.88750279292529,5.95306340025723,2.24947690837072,3.71168583989533,0,0,617.200254179513,596.941677397869,185.166670148634,390.921349360876,164.831346006325,274.633378081018,0,0,23.7133657086146,22.935465964061,7.08804669578358,14.9571467450937,6.27987523455067,10.4595686897605,0,0,0,0,24.974549592383,53.0549472247863,19.8315688311852,32.2131824818463,0,0,0,0,0,0,0,0,0,0,119.559649213231,67.2661049310219,85.3400993250536,84.7958079519576
"61",1995,1695,5,8679.32929723403,8068.11617617736,1174.80693613493,2221.32665786937,493.415914240579,760.561092928268,0,0,0,0,0,0,0,0,0,0,0,0,1.8272775113469,3.52948776705226,0.888184805159158,1.37423777784934,0,0,0,0,0,0,0,0,0,0,1953.15624355284,1825.69395615635,197.248232307182,375.715205406086,72.7397220141447,114.057103443736,0,0,75.0433863047301,70.146081389185,7.60017939346451,14.4781944611478,2.80293397008186,4.39505026312935,0,0,28053.7883268905,26218.3938988033,3468.83461883805,6566.65832620161,1464.89112184292,2251.19787743894,0,0,1077.8156467612,1007.35391314052,134.48394704556,254.849788157271,57.2494050534312,88.0681094754188,0,0,0,0,5.55382470108451,10.7317859915268,2.6001610934553,4.01084813683157,0,0,0,0,0,0,0,0,0,0,167.514698230954,168.668512283157,76.6354890607956,158.282014476028,60.4250785111534,99.9674568719749,0,0,6.43610497582714,6.48051594188998,2.92864068242534,6.0456988946454,2.29614681398459,3.79735609224169,0,0,613.289711487558,592.524265552681,187.400470891595,396.121380242648,167.869929398488,280.316644018326,0,0,23.5631217941605,22.7657417679088,7.17340563378312,15.1557265563872,6.39551166422969,10.6757610768498,0,0,0,0,25.3854718741972,53.9747507274287,20.2413311712297,32.93591262757,0,0,0,0,0,0,0,0,0,0,121.545587439445,68.2116863633571,87.8488754959916,87.0275139404862
"62",1995,1695,5.08333333333333,8656.53813023772,8033.38617686038,1187.18044004176,2244.85674402205,500.375626314629,772.335572094246,0,0,0,0,0,0,0,0,0,0,0,0,1.84672909428132,3.56791147004243,0.901027779405582,1.3960058977291,0,0,0,0,0,0,0,0,0,0,1958.82347364369,1827.97082990405,200.477111562371,382.011432674731,74.4056514243051,116.887560531954,0,0,75.2611303476807,70.2335625196778,7.72459807448863,14.7208412084546,2.8671209756696,4.5041054609165,0,0,27972.0914890988,26097.1959749364,3503.74904047791,6633.94691339034,1488.62991871227,2291.13502550735,0,0,1074.67715034912,1002.69728300435,135.843929768936,257.476725135564,58.1810554695921,89.6376553095324,0,0,0,0,5.61375801016077,10.8513939425226,2.64364643312602,4.08412572127523,0,0,0,0,0,0,0,0,0,0,167.434236171345,168.501629711233,77.7179087985689,160.821932530016,61.6568679730983,102.308291520704,0,0,6.433014146387,6.4741040290822,2.96999415791138,6.1426610454128,2.3429719090301,3.88629282696063,0,0,609.342805632763,588.081397610939,189.644010522787,401.403980857316,170.924000976482,286.127073160138,0,0,23.4114807543247,22.5950395083665,7.25913863817146,15.3574632555974,6.51173536067253,10.8967885376479,0,0,0,0,25.7962838083552,54.9030550503702,20.6542865944079,33.6746875040426,0,0,0,0,0,0,0,0,0,0,123.566572707592,69.1001408975865,90.4461207282129,89.1668199449403
"63",1995,1695,5.16666666666667,8633.82623763522,7998.91567300214,1199.23342509093,2267.82972412792,507.370232702822,784.176603805641,0,0,0,0,0,0,0,0,0,0,0,0,1.86628695460052,3.60645813536193,0.913929123451559,1.41789413069832,0,0,0,0,0,0,0,0,0,0,1964.69899055152,1830.43332108173,203.709016057928,388.32788969089,76.1075950613085,119.782551119364,0,0,75.4868771032255,70.3281753686647,7.84913811879281,14.9642754469193,2.93269519922698,4.61564646362417,0,0,27890.8961635046,25976.8919023411,3537.86786272832,6699.85124127737,1512.51180794685,2331.36539128192,0,0,1071.55792053007,998.074996154368,137.173394972993,260.050640910083,59.1184482695833,91.2189745145276,0,0,0,0,5.67377934082674,10.9709863665573,2.68741015465001,4.15798351243146,0,0,0,0,0,0,0,0,0,0,167.376038885236,168.344994916561,78.8104420671982,163.366025819627,62.9119113293767,104.687661987762,0,0,6.43077875745318,6.46808585233121,3.0117355126011,6.23978488161902,2.39068356576073,3.97669834146869,0,0,605.401843932394,583.660200700704,191.871465768181,406.680448582051,174.010598838537,292.020000213925,0,0,23.2600680727641,22.4251698860023,7.34425241156939,15.5589544158963,6.62919557573786,11.1209501396829,0,0,0,0,26.2082851527659,55.8354591195545,21.0724869175835,34.4242385770778,0,0,0,0,0,0,0,0,0,0,125.586722052466,69.9877428744412,93.0871680780324,91.3463535772107
"64",1995,1695,5.25,8611.18983860792,7964.69982675684,1210.97105236732,2290.25285477807,514.395230617809,796.078028802285,0,0,0,0,0,0,0,0,0,0,0,0,1.88584607606572,3.644955418964,0.926888968443907,1.43990130453377,0,0,0,0,0,0,0,0,0,0,1970.78150371579,1833.0796993018,206.945467589863,394.66722837867,77.8455590901282,122.742614014346,0,0,75.7205769859649,70.4298534518863,7.97385760610433,15.2085984829963,2.99965695864795,4.72969412010102,0,0,27810.2020668832,25857.4778192615,3571.20532312674,6764.39230202716,1536.52693205451,2371.87610254656,0,0,1068.45794644019,993.486904214972,138.472878963181,262.572322234909,60.0612032383955,92.8115716492881,0,0,0,0,5.73365876475431,11.0901947929732,2.73145289774141,4.2324206177486,0,0,0,0,0,0,0,0,0,0,167.339431103171,168.198765142016,79.9116776716078,165.91375854657,64.1903812206309,107.106496169288,0,0,6.42937286442816,6.46246745316368,3.05381068272785,6.33704976656232,2.43928857411303,4.06860823557565,0,0,601.467691370248,579.260687834242,194.083209228555,411.949280645173,177.129595855547,297.99485474236,0,0,23.1089169832105,22.2561334007558,7.42876142750825,15.7601431058288,6.74788755687204,11.3482243964797,0,0,0,0,26.6214255618561,56.7718163239781,21.495893945453,35.184537083503,0,0,0,0,0,0,0,0,0,0,127.606300091104,70.8745467163086,95.7726328557278,93.5664668873395
"65",1995,1695,5.33333333333333,8588.62528221006,7930.73394361455,1222.39837386617,2312.13326417207,521.446218992746,808.033784672588,0,0,0,0,0,0,0,0,0,0,0,0,1.90532082421042,3.68326180775584,0.939905189738758,1.46202349551748,0,0,0,0,0,0,0,0,0,0,1977.06945668753,1835.90797684313,210.187849583115,401.031838561682,79.6195749911902,125.768296874222,0,0,75.9621701946403,70.5385203979188,8.09880934861685,15.4539016273935,3.06800753215711,4.84626960558185,0,0,27730.0090342323,25738.950000618,3603.7754806285,6827.59091922194,1560.6656846029,2412.65455264379,0,0,1065.37722175724,988.932864061885,139.74291152151,265.042549861728,61.0089495733862,94.4149611296349,0,0,0,0,5.79321101185626,11.208720512787,2.7757703385612,4.30743029128734,0,0,0,0,0,0,0,0,0,0,167.323780008674,168.063079010634,81.0204125259663,168.464740616776,65.4924082827821,109.565651236065,0,0,6.42877215380307,6.45725415770181,3.09617360976784,6.43444071573416,2.48879210632067,4.16205541037156,0,0,597.541200746281,574.882919836356,196.279494307611,417.208964004538,180.28086002613,304.051085487574,0,0,22.95806025126,22.0879323896023,7.51267559030116,15.9609719830766,6.86780638550658,11.5785905756156,0,0,0,0,27.035620287734,57.7119251163044,21.924468532831,35.9555515444074,0,0,0,0,0,0,0,0,0,0,129.625563390434,71.7606076430976,98.5031081658369,95.8275154989134
"66",1995,1695,5.41666666666667,8566.12902783417,7897.01345227827,1233.52034057973,2333.47796199554,528.518892357305,820.037900187566,0,0,0,0,0,0,0,0,0,0,0,0,1.92464072543903,3.72126005238743,0.95297411675475,1.48425487238039,0,0,0,0,0,0,0,0,0,0,1983.56109893047,1838.91597994609,213.437425476456,407.423884919366,81.4296969575212,128.860157232291,0,0,76.2115894708487,70.6540926874408,8.22404159005772,15.7002676035973,3.13774906087299,4.9653944637353,0,0,27650.3169748684,25621.3048142,3635.59221665337,6889.46774077724,1584.91869800847,2453.68838797899,0,0,1062.31574301385,984.412736139009,140.984015929598,267.462098246606,61.9613254306399,96.0286667669617,0,0,0,0,5.85228550215648,11.3263193285196,2.82035483560799,4.38300183831269,0,0,0,0,0,0,0,0,0,0,167.328489686263,167.938057408908,82.1356163816744,171.018699167844,66.8180909631939,112.065924568106,0,0,6.42895372984415,6.45245061060131,3.1387848804754,6.53194729029777,2.53919809560828,4.2570704877769,0,0,593.623210511872,570.526996710048,198.460479476222,422.457987325761,183.464248871075,310.188151445312,0,0,22.8075300912042,21.920570694807,7.59600116744322,16.1613837601481,6.98894676058688,11.8120283568738,0,0,0,0,27.4507594902377,58.6555433783229,22.358169410442,36.7372464227136,0,0,0,0,0,0,0,0,0,0,131.644761242159,72.6459815447913,101.279168782377,98.1298591122673
"67",1995,1695,5.5,8543.69763653439,7863.53389592159,1244.34180436403,2354.29384185353,535.609040098129,832.084494832868,0,0,0,0,0,0,0,0,0,0,0,0,1.94374847703861,3.75885405636967,0.966090848851907,1.5065880750533,0,0,0,0,0,0,0,0,0,0,1990.25452387577,1842.10138698502,216.69534701232,413.845323732822,83.2760003136721,132.018762712486,0,0,76.4687615611667,70.7764811198814,8.34959832061207,15.9477711856908,3.20888448939116,5.08709061626172,0,0,27571.1258480991,25504.5386969862,3666.66922988971,6950.04322840355,1609.27684340732,2494.96550844306,0,0,1059.27350866285,979.926383548642,142.196708767967,269.831735146171,62.9179779238681,97.6522217865441,0,0,0,0,5.91076167322065,11.4427943687654,2.86519614693429,4.45912145378593,0,0,0,0,0,0,0,0,0,0,167.352998762656,167.823803819384,83.2564144704512,173.575464155016,68.1675006941503,114.608059282143,0,0,6.42989602396482,6.44806078783,3.18161105785315,6.62956303737775,2.59050943563892,4.35368202274097,0,0,589.714543000279,566.193053116892,200.626240798317,427.69484839759,186.679605932812,316.405516384667,0,0,22.6573580980433,21.7540534902743,7.67874127082077,16.3613214918844,7.11130286413208,12.0485176233203,0,0,0,0,27.8667127798022,59.6023954776611,22.7969526207092,37.5295814086555,0,0,0,0,0,0,0,0,0,0,133.664135942033,73.5307249037035,104.101373133749,100.473861933428
"68",1995,1695,5.58333333333333,8521.32776092907,7830.29092187369,1254.86752132209,2374.58768542411,542.712544187593,844.167776883661,0,0,0,0,0,0,0,0,0,0,0,0,1.96259775230807,3.79596543842299,0.979249593362604,1.52901461998881,0,0,0,0,0,0,0,0,0,0,1997.14770861933,1845.46176798011,219.962664529667,420.297923444234,85.1585797498662,135.24469129994,0,0,76.7336087423834,70.9055923315308,8.47551966821347,16.1964799817932,3.28141749937779,5.21138037476886,0,0,27492.4356386597,25388.6481310718,3697.02003385079,7009.33764970221,1633.73122663791,2536.4740637316,0,0,1056.25051813356,975.473671126535,143.381499815868,272.152221307656,63.8785629774873,99.2851686934488,0,0,0,0,5.96854383606096,11.5579881656022,2.91028219810598,4.53577311917538,0,0,0,0,0,0,0,0,0,0,167.39677750529,167.720404967218,84.3820677458617,176.134952370739,69.5406873959144,117.192750558344,0,0,6.43157868324766,6.44408802150982,3.22462391978915,6.72728486957894,2.6427281926819,4.45191674589028,0,0,585.816003019255,561.881253380451,202.776785659819,432.918061193763,189.92675754349,322.702643265481,0,0,22.5075751934141,21.5883870895704,7.76089638397438,16.5607288495076,7.23486823679155,12.2880382481631,0,0,0,0,28.2833340790884,60.55217984082,23.2407709912772,38.3325107758206,0,0,0,0,0,0,0,0,0,0,135.683923182619,74.4148947061184,106.970265545408,102.859893027441
"69",1995,1695,5.66666666666667,8499.01613547019,7797.28027163413,1265.10215530008,2394.36616670242,549.825376749356,856.282041373307,0,0,0,0,0,0,0,0,0,0,0,0,1.98115112071933,3.83253026633297,0.992443973402813,1.55152527001727,0,0,0,0,0,0,0,0,0,0,2004.23855128718,1848.99462171483,223.240337403904,426.783285360006,87.0775474837355,138.538531490799,0,0,77.0060502571397,71.0413302216499,8.60184229549094,16.4464552230459,3.3553524403174,5.33828644795951,0,0,27414.2463338836,25273.6296213549,3726.65795492324,7067.37107079576,1658.2731836033,2578.20244910246,0,0,1053.24677095468,971.054464584585,144.538891969094,274.424310178303,64.8427451566575,100.927059117856,0,0,0,0,6.02555631461015,11.6717751501483,2.95559977799565,4.61293941634153,0,0,0,0,0,0,0,0,0,0,167.459324945294,167.627931622892,85.5119534742787,178.697151915952,70.9376846927617,119.820651906174,0,0,6.43398245990547,6.44053503075834,3.26779971137268,6.82511246220837,2.69585580670433,4.55179980373506,0,0,581.928376641908,557.591786563598,204.912066075371,438.126162361694,193.205509960576,329.078988858683,0,0,22.3582115791353,21.4235787567859,7.84246487298587,16.7595503723854,7.35963566748579,12.5305698893997,0,0,0,0,28.7004661770154,61.504576077095,23.6895736994694,39.145982844487,0,0,0,0,0,0,0,0,0,0,137.704352457767,75.2985483496533,109.886378460617,105.288326631924
"70",1995,1695,5.75,8476.75956955958,7764.49777373173,1275.05028055273,2413.63585519908,556.943598177481,868.421668613905,0,0,0,0,0,0,0,0,0,0,0,0,1.99937865636383,3.86849685041221,1.00566720381464,1.57411024893519,0,0,0,0,0,0,0,0,0,0,2011.52489668505,1852.69740124971,226.529242059393,433.302859280382,89.0330315704389,141.90088198357,0,0,77.2860032994257,71.183596932751,8.72859970442012,16.6977523592004,3.43069426557188,5.46783193082965,0,0,27336.557908394,25159.4796806354,3755.59613116156,7124.16335100434,1682.89427639566,2620.13930197527,0,0,1050.26226616614,966.668629938294,145.669381187468,276.648747694441,65.81019752553,102.577453691623,0,0,0,0,6.0817402298885,11.784056639197,3.00113492247111,4.69060198344837,0,0,0,0,0,0,0,0,0,0,167.540166741852,167.546439437357,86.6455508629974,181.262110960765,72.3585135932435,122.4923799935,0,0,6.437089129228,6.43740395377634,3.31111859169138,6.92304781738763,2.74989323315346,4.65335494358353,0,0,578.052430477408,553.324862744083,207.031988343425,443.31771553465,196.515647657549,335.533999848345,0,0,22.2092967091877,21.2596365634378,7.9234433568631,16.9577316351411,7.48559712752033,12.7760918411778,0,0,0,0,29.1179436917102,62.4592496823156,24.1433061083318,39.9699397605625,0,0,0,0,0,0,0,0,0,0,139.725647380039,76.1817435641648,112.850234116976,107.759542352014
"71",1995,1695,5.83333333333333,8454.55494154359,7731.93933746242,1284.71638423403,2432.40321889893,564.063355340012,880.58112281351,0,0,0,0,0,0,0,0,0,0,0,0,2.0172567334795,3.90382382865315,1.01891223624461,1.59675941887528,0,0,0,0,0,0,0,0,0,0,2019.00455818181,1856.56753564445,229.830179364878,439.857957839357,91.0251743191898,145.332351316903,0,0,77.5733838553758,71.3322936851969,8.85582251755628,16.9504216051115,3.5074484723977,5.60004029168213,0,0,27259.3703112498,25046.1948171706,3783.8475114268,7179.73413821523,1707.5862894126,2662.27349854682,0,0,1047.29700182528,962.316033028646,146.773456455556,278.826272097118,66.780601505094,104.235921925432,0,0,0,0,6.13705072431888,11.8947564975974,3.04687322879167,4.7687418892871,0,0,0,0,0,0,0,0,0,0,167.638853246427,167.475969802499,87.7824281893758,183.829927800328,73.8031856554059,125.208519006438,0,0,6.44088141520735,6.43469638090834,3.35456413851655,7.02109487846398,2.80484106490132,4.75660468043548,0,0,574.188911135683,549.080709663141,209.136421573998,448.491314888412,199.856932006348,342.067109403184,0,0,22.0608592691481,21.0965692597028,8.00382703456927,17.1552193854413,7.61274371974325,13.0245829030949,0,0,0,0,29.5355956011141,63.4158560769358,24.6019096660507,40.8043173515867,0,0,0,0,0,0,0,0,0,0,141.74802597794,77.0645383367159,115.862346062571,110.273925315292
"72",1995,1695,5.91666666666667,8432.39919295695,7699.60094686338,1294.10486892125,2450.6746272441,571.180879741149,892.754950678915,0,0,0,0,0,0,0,0,0,0,0,0,2.03476685829793,3.93847831046096,1.03217190084461,1.61946245303194,0,0,0,0,0,0,0,0,0,0,2026.67533841548,1860.60245047204,233.143881962285,446.449770682373,93.0541307511407,148.833557517733,0,0,77.8681074988295,71.4873215653846,8.98353875677009,17.204508481094,3.5856210435096,5.73493535949524,0,0,27182.6834539082,24933.7715230698,3811.42485472211,7234.10286449327,1732.34122526038,2704.59415022146,0,0,1044.35097454436,957.996539076205,147.85159975063,280.957613756599,67.7536467231148,105.902042079166,0,0,0,0,6.19145426776154,12.0038169310829,3.0928001648858,4.84734000012429,0,0,0,0,0,0,0,0,0,0,167.754957592253,167.416550743097,88.9222302784658,186.400741245211,75.2717059793728,127.969624876714,0,0,6.445342917134,6.43241338891301,3.39812286639914,7.11925915735197,2.86069964756465,4.86157045879595,0,0,570.338544781017,544.859569460864,211.225205912918,453.64558841595,203.229100113201,348.677733887406,0,0,21.9129271590393,20.9343861489854,8.08361000037347,17.3519616708586,7.74106563356708,13.2760212548122,0,0,0,0,29.9532476851876,64.3740445054953,25.0653218166676,41.6490449984099,0,0,0,0,0,0,0,0,0,0,143.771700994791,77.9469908369679,118.923220637793,112.831866311648
"73",1996,1695,6,8409.20930182437,7666.02526134508,1303.87950285716,2469.77585206178,578.273992396316,905.055153791575,0,0,0,0,0,0,0,0,0,0,0,0,2.0519300547001,3.97280995607672,1.04540116615556,1.64241645927209,0,0,0,0,0,0,0,0,0,0,2034.49755335936,1864.77791345924,236.485132180052,453.140786323401,95.1171500482311,152.425218215138,0,0,78.1686495060192,71.6477495306251,9.11231587392192,17.462417171133,3.66510593372483,5.8733153579369,0,0,27105.6335047243,24821.415683481,3838.70531418873,7288.50380861261,1757.08872737354,2747.43892223072,0,0,1041.39099426675,953.679636950932,148.918269848002,283.090375874983,68.7265822674441,107.589040360552,0,0,0,0,6.24485971476072,12.1120441635592,3.13878697284072,4.9269989129446,0,0,0,0,0,0,0,0,0,0,167.856351375737,167.380546319158,90.068116341898,189.066041467789,76.7559343256447,130.824755976706,0,0,6.4492392149333,6.43103002521598,3.44191828830565,7.22104022611805,2.91715978286529,4.97011642835745,0,0,566.504065532263,540.67702948769,213.289079030539,458.801615272618,206.623982543632,355.410916816224,0,0,21.7656054259436,20.7736861225022,8.16243730023209,17.5487637958603,7.87025192078236,13.5321222211496,0,0,0,0,30.3701655257029,65.3375909175576,25.5325433611246,42.5094161382354,0,0,0,0,0,0,0,0,0,0,145.809332764767,78.7858712696259,122.052756218601,115.306178921232
"74",1996,1695,6.08333333333333,8385.69133316327,7632.16631276283,1313.59604791448,2488.82271604659,585.358995693556,917.412242966581,0,0,0,0,0,0,0,0,0,0,0,0,2.06891705719043,4.00690894126671,1.05862058041216,1.6654844634224,0,0,0,0,0,0,0,0,0,0,2042.50267555912,1869.11134267958,239.850008088702,459.901009335073,97.2177074216761,156.09808670541,0,0,78.4762191024791,71.8142468111574,9.24200359612855,17.72299341004,3.74603693741583,6.01482379927055,0,0,27028.777431861,24709.6305182883,3865.45436386959,7342.14804170536,1781.86566456167,2790.58413298866,0,0,1038.43846081946,949.384661141968,149.964468460443,285.194118306909,69.7008481058635,109.288160345335,0,0,0,0,6.29742984583308,12.2191082747248,3.18489393529108,5.00731275464165,0,0,0,0,0,0,0,0,0,0,167.965630529531,167.358673280693,91.2178067435186,191.760675219836,78.2616892816884,133.741713389143,0,0,6.45343847735419,6.43018961216658,3.48586149161546,7.32394646058429,2.97444281301038,5.0810198777809,0,0,562.681420523704,536.522217828505,215.333978288478,463.950751736412,210.045089925794,362.239957009739,0,0,21.6187383543576,20.6140514636851,8.24053710844375,17.7452967149089,8.0004365651062,13.7918693006143,0,0,0,0,30.7865305685442,66.3035960057866,26.0040651198086,43.3820280082074,0,0,0,0,0,0,0,0,0,0,147.852559888735,79.6095991521772,125.238973769326,117.779233080621
"75",1996,1695,6.16666666666667,8362.2177208901,7598.52604130354,1323.02734860044,2507.35927788665,592.439641631608,929.781825413056,0,0,0,0,0,0,0,0,0,0,0,0,2.08569687281246,4.04061288458375,1.07184026374796,1.68859019693928,0,0,0,0,0,0,0,0,0,0,2050.70190525379,1873.60776636458,243.234420299114,466.710739066372,99.3571538183377,159.846347507516,0,0,78.7912466193046,71.9870065996777,9.37244493692893,17.9854791181921,3.82846613676327,6.15923663657086,0,0,26952.415032055,24598.6871955754,3891.55584289314,7394.62957602588,1806.68689695364,2833.90111930069,0,0,1035.5048929813,945.122030348582,150.985733861803,287.253161228484,70.6770271263777,110.99436794362,0,0,0,0,6.34917096414326,12.3246844154077,3.23114957026139,5.08805442554492,0,0,0,0,0,0,0,0,0,0,168.093656440228,167.346586596692,92.3700837018223,194.453212923628,79.7919384673804,136.704377482317,0,0,6.45835801483952,6.42972520656177,3.52990513161669,7.42677599892675,3.03266171969867,5.193668820673,0,0,558.870358345518,532.389980060149,217.362864991924,469.084346876344,213.494752444092,369.148950480593,0,0,21.472316284997,20.4552841312492,8.31802323757242,17.941230616037,8.13170856472972,14.054657443187,0,0,0,0,31.2023819361026,67.2703358831719,26.4801371266557,44.2649771031004,0,0,0,0,0,0,0,0,0,0,149.897231373319,80.4332434215662,128.475765304298,120.295458848634
"76",1996,1695,6.25,8338.78588575188,7565.10092506915,1332.17789188172,2525.39199987174,599.512164140421,942.158366038459,0,0,0,0,0,0,0,0,0,0,0,0,2.10222639307768,4.07384674389382,1.08505615284036,1.71172712931809,0,0,0,0,0,0,0,0,0,0,2059.09191601196,1878.26371922008,246.638420707175,473.570081266258,101.535579538004,163.67057988406,0,0,79.1136042496809,72.1658957540424,9.50364185182368,18.249878312394,3.91239703833356,6.30657623146024,0,0,26876.5468096847,24488.5828053497,3917.02213665442,7445.96740902322,1831.54516154542,2877.37977555892,0,0,1032.59031014329,940.891632763604,151.982534565314,289.268219499638,71.6548366460987,112.707270719738,0,0,0,0,6.40005456598715,12.428718675925,3.27754236032273,5.16920855313753,0,0,0,0,0,0,0,0,0,0,168.239937371388,167.344377180136,93.5249162979124,197.144724603786,81.3467101922167,139.71352059813,0,0,6.46397893427273,6.42964030142744,3.57404817396287,7.52957001952109,3.09181776553471,5.30809298474025,0,0,555.071799006752,528.280608372479,219.375545119339,474.200511632512,216.972698696148,376.137116666907,0,0,21.3263745656099,20.2973953515923,8.39488846938506,18.136493817278,8.26405783384067,14.3204574654386,0,0,0,0,31.6175660498871,68.2374915843444,26.9606828158743,45.1581725821004,0,0,0,0,0,0,0,0,0,0,151.943572365136,81.2568524728246,131.763644016679,122.855197560371
"77",1996,1695,6.33333333333333,8315.39324807521,7531.88745525228,1341.05206998618,2542.92722913089,606.572880846711,954.536409153462,0,0,0,0,0,0,0,0,0,0,0,0,2.11847112882062,4.1065498246537,1.09826340296542,1.73488770458814,0,0,0,0,0,0,0,0,0,0,2067.66963318992,1883.07597182691,250.062078448899,480.479155427705,103.753100018156,167.571392744296,0,0,79.4431738608797,72.3507901948034,9.6355969618912,18.5161955411418,3.99783411127639,6.45686607989809,0,0,26801.1730642857,24379.3142703978,3941.86540460771,7496.18025711984,1856.43339449529,2921.01021019257,0,0,1029.69472382599,936.693350154992,152.95533066971,291.239997580509,72.634001480869,114.426484190308,0,0,0,0,6.45006060590445,12.5311717250514,3.32406053775908,5.25075935767493,0,0,0,0,0,0,0,0,0,0,168.404003973136,167.352115948684,94.6822848491446,199.836189638116,82.9260265152829,142.769876446214,0,0,6.47028320265236,6.42993762153691,3.61829001248375,7.63236624011427,3.15191197286984,5.42432063293713,0,0,551.286615619162,524.194391498566,221.371823681721,479.297470693643,220.478628399238,383.203659737631,0,0,21.1809467420916,20.140396218297,8.47112555556209,18.3310189961944,8.39747319799269,14.5892396224638,0,0,0,0,32.0319280402027,69.2047404766059,27.4456224073714,46.061517920565,0,0,0,0,0,0,0,0,0,0,153.991802036421,82.0804751099198,135.103123101036,125.458804484814
"78",1996,1695,6.41666666666667,8292.03723343374,7498.88214056234,1349.65418819493,2559.97120795163,613.618188317707,966.910574600401,0,0,0,0,0,0,0,0,0,0,0,0,2.13440325377018,4.13867259950429,1.11145667468223,1.75806369931482,0,0,0,0,0,0,0,0,0,0,2076.4321946759,1888.04149421234,253.505475373643,487.438089996508,106.00985085686,171.549418988546,0,0,79.77984548599,72.5415735055624,9.76831337981006,18.7844357005111,4.08478259689268,6.61013059593251,0,0,26726.2939197118,24270.8783727164,3966.0975945057,7545.28657250768,1881.34472024938,2964.78273533004,0,0,1026.81813879986,932.527058881329,153.904574389101,293.169190153931,73.6142535406646,116.151631445442,0,0,0,0,6.49917549973642,12.6320154604062,3.37069229956465,5.33269093413341,0,0,0,0,0,0,0,0,0,0,168.585407751929,167.369856968727,95.8421796896764,202.528509931392,84.5299060502802,145.874146620194,0,0,6.47725358829965,6.43061924421062,3.66263042166712,7.73519941875817,3.21294523185116,5.54237881196985,0,0,547.515639553941,520.131614930298,223.351506219126,484.373548811112,224.01221384261,390.347767082044,0,0,21.0360647566122,19.9842977004148,8.54672727414829,18.5247426660243,8.53194244841338,14.8609735496018,0,0,0,0,32.4453132634453,70.1717589528366,27.9348730345723,46.9749111038341,0,0,0,0,0,0,0,0,0,0,156.042134101429,82.9041604292691,138.494715856715,128.10664726701
"79",1996,1695,6.5,8268.7152764708,7466.08151080931,1357.98846546967,2576.53007505804,620.644562930256,979.275559132399,0,0,0,0,0,0,0,0,0,0,0,0,2.15000084330051,4.1701754678434,1.12463024324816,1.78124636008088,0,0,0,0,0,0,0,0,0,0,2085.37693701498,1893.15744314768,256.968704035523,494.44702004917,108.30598569897,175.605313245142,0,0,80.1235167908144,72.7381364449265,9.90179463269262,19.0546039449474,4.17324842775759,6.76639502518562,0,0,26651.9093336508,24163.2717630682,3989.73044106022,7593.30454067044,1906.27245352222,3008.68786998974,0,0,1023.96055345088,928.392630258982,154.830710002294,295.056482033716,74.5953319079794,117.882343271273,0,0,0,0,6.54739134334736,12.7312316963646,3.41742589199176,5.4149873637855,0,0,0,0,0,0,0,0,0,0,168.783720935956,167.397638638941,97.0046006838744,205.2225144984,86.1583652760481,149.027003039878,0,0,6.48487365568731,6.43168664479003,3.7070695375817,7.83810152771062,3.27491835091622,5.66229344569815,0,0,543.759661727031,516.092560776932,225.314399830845,489.427166872532,227.573099735174,397.568607527264,0,0,20.8917589969996,19.8291106370314,8.62168646855889,18.7176050253088,8.667452336127,15.1356281950888,0,0,0,0,32.8575680899408,71.1382238135903,28.4283487444077,47.8982445624373,0,0,0,0,0,0,0,0,0,0,158.094776907003,83.7279577588072,141.938935831363,130.799105546995
"80",1996,1695,6.58333333333333,8245.42482491891,7433.48212022463,1366.05903815072,2592.60987066086,627.648559141658,991.626135377436,0,0,0,0,0,0,0,0,0,0,0,0,2.16524678128298,4.20102696957326,1.13777814722363,1.80442659053022,0,0,0,0,0,0,0,0,0,0,2094.50137292667,1898.42114147788,260.451864946113,501.506084317832,110.641673173793,179.739748413119,0,0,80.474092210059,72.9403761523172,10.0360445564532,19.3267055728787,4.26323811051666,6.92568531262531,0,0,26578.0191140661,24056.4909762513,4012.77547169934,7640.25208668255,1931.21009509214,3052.71633672489,0,0,1021.12196041222,924.289931148782,155.734174066374,296.902548397779,75.5769826836213,119.618258029658,0,0,0,0,6.59470480006435,12.8288102887291,3.46424971738259,5.49763285630093,0,0,0,0,0,0,0,0,0,0,168.998535629982,167.435485564338,98.1695563857545,207.918967135284,87.8114201182712,152.22909175111,0,0,6.49312773296808,6.43314076864179,3.7516078252523,7.94110204513599,3.33783211772654,5.78408948007688,0,0,540.019435426148,512.077507704445,227.260314279491,494.456834174525,231.160903992603,404.865330020353,0,0,20.7480584053568,19.6748457349361,8.69599608918381,18.9095496618592,8.80398860147547,15.4131717697728,0,0,0,0,33.2685407967859,72.1038138721617,28.925960591094,48.8314052747281,0,0,0,0,0,0,0,0,0,0,160.14993371586,84.5519165810861,145.436296966412,133.536570121179
"81",1996,1695,6.66666666666667,8222.16334301308,7401.08055027814,1373.86996282907,2608.2165403983,634.626808279253,1003.95715128202,0,0,0,0,0,0,0,0,0,0,0,0,2.18012791492335,4.23120239876256,1.15089429641936,1.82759508801422,0,0,0,0,0,0,0,0,0,0,2103.80317325526,1903.83006161229,263.955064362477,508.615422777284,113.017094370551,183.953412809253,0,0,80.8314822538365,73.1481955136601,10.1710672107218,19.6007459338885,4.3547586292409,7.08802799342581,0,0,26504.6229323712,23950.5324434123,4035.24401081354,7686.14687965282,1956.15132863029,3096.85905930344,0,0,1018.30234707046,920.218824429108,156.615395573872,298.708054952277,76.5589588711251,121.359021575972,0,0,0,0,6.64111624319824,12.9247476838828,3.51115240827098,5.58061184954088,0,0,0,0,0,0,0,0,0,0,169.229463073442,167.483410094956,99.3370632808496,210.618572670488,89.4890871266684,155.481035981512,0,0,6.50200088347026,6.4349820902766,3.79624604932782,8.04422819286341,3.40168734452173,5.90779099967966,0,0,536.295678595691,508.086730802974,229.189062939571,499.461142131491,234.775218471219,412.23706249919,0,0,20.6049905658512,19.5215135635291,8.76964922906865,19.1005233115638,8.94153600172084,15.6935717040925,0,0,0,0,33.6780822507246,73.0682111999748,29.4276167341889,49.7742748696559,0,0,0,0,0,0,0,0,0,0,162.207802944376,85.3760864686186,148.98731375143,136.31944227303
"82",1996,1695,6.75,8198.92831440395,7368.87341202107,1381.42521894202,2623.35593884565,641.576017389636,1016.2635296075,0,0,0,0,0,0,0,0,0,0,0,0,2.19463438875122,4.26068270232877,1.16397254519463,1.85074243798631,0,0,0,0,0,0,0,0,0,0,2113.28015149463,1909.38181142449,267.478412474332,515.77517468659,115.432440666472,188.247007718289,0,0,81.1956029130854,73.3615026196327,10.3068668090498,19.876730353298,4.44781736225657,7.25345009922718,0,0,26431.7203347965,23845.3925026558,4057.14718373446,7731.00633683912,1981.09001748121,3141.10716027952,0,0,1015.50169600227,916.179169403524,157.47479609982,300.473658083246,77.5410202591292,123.104287172588,0,0,0,0,6.68662908589541,13.0190457753546,3.55812287051847,5.66390907022912,0,0,0,0,0,0,0,0,0,0,169.476132875099,167.541413676981,100.507145028557,213.321982436775,91.1913843261226,158.78343873364,0,0,6.51147887629259,6.43721066526146,3.84098524490806,8.14750514466692,3.46648490090795,6.03342132649265,0,0,532.589075889433,504.120501408426,231.100463622055,504.438758651792,238.415609801121,419.682910991751,0,0,20.4625817835809,19.3691245479674,8.84263915482771,19.2904756425886,9.08007834247215,15.9767946137362,0,0,0,0,34.0860464081779,74.0311020687934,29.9332225606505,50.7267297619961,0,0,0,0,0,0,0,0,0,0,164.268578390789,86.2005170274499,152.592501390328,139.148133182824
"83",1996,1695,6.83333333333333,8175.71724475822,7336.85734812855,1388.72871121829,2638.0338327912,648.492968122942,1028.54026745762,0,0,0,0,0,0,0,0,0,0,0,0,2.20875907056335,4.28945352855024,1.17700675259649,1.87385919173986,0,0,0,0,0,0,0,0,0,0,2122.93024993624,1915.07412167858,271.022021809983,522.985476865072,117.887911766443,192.62124515345,0,0,81.5663751273528,73.5802102825621,10.443447657512,20.1546640657402,4.54242200705766,7.42197907241836,0,0,26359.3107526079,23741.0674085664,4078.49592056228,7774.84762758869,2006.02020142346,3185.45195850642,0,0,1012.71998536704,912.170822166627,158.312789943102,302.200005001612,78.5229333028435,124.853715400011,0,0,0,0,6.73124920489294,13.1117109182191,3.60515031658439,5.7475095814963,0,0,0,0,0,0,0,0,0,0,169.738192250868,167.609488077307,101.679831740144,216.02979922313,92.9183318851581,162.136885088618,0,0,6.52154815702083,6.43982617726944,3.88582668978724,8.25095621480571,3.53222573961265,6.16100310763295,0,0,528.900280559123,500.179086901326,232.994339301421,509.388422980251,242.081620263201,427.20195887951,0,0,20.3208571571374,19.2176889614359,8.91495933383574,19.4793590573591,9.21959851079183,16.2628062715057,0,0,0,0,34.4922907251054,74.9921777385721,30.4426808114466,51.6886412960835,0,0,0,0,0,0,0,0,0,0,166.332449454096,87.025257846441,156.252375964312,142.023063389807
"84",1996,1695,6.91666666666667,8152.52766404094,7305.02903463986,1395.78427195937,2652.25590425738,655.37451565386,1040.78243583765,0,0,0,0,0,0,0,0,0,0,0,0,2.22249707712691,4.31750443690812,1.1899908266424,1.8969359244031,0,0,0,0,0,0,0,0,0,0,2132.75152747357,1920.90483500017,274.586005884761,530.246462233483,120.383713970043,197.076845858603,0,0,81.9437243162224,73.8042356126751,10.5808141026116,20.4345521589015,4.63858051390874,7.59364268964619,0,0,26287.3935111538,23637.5533406266,4099.3009598288,7817.68767708634,2030.93609340608,3229.88496657989,0,0,1009.95718925451,908.193635927476,159.129784261607,303.887733880919,79.5044710044382,126.606974065229,0,0,0,0,6.77498446694722,13.2027531147263,3.65222428596837,5.83139881376492,0,0,0,0,0,0,0,0,0,0,170.015305263396,167.687616478839,102.855159286083,218.742581693399,94.6699525935827,165.541944206416,0,0,6.53219581851191,6.4428279801627,3.93077187788241,8.35460302633694,3.59891091488687,6.29055839145539,0,0,525.229916177656,496.262750485644,234.870518744084,514.308941014971,245.772768709184,434.793266322475,0,0,20.1798406448123,19.0672169166497,8.98660345765106,19.6671285126216,9.36007850995169,16.5515715852939,0,0,0,0,34.8966764678945,75.951135077387,30.955891715426,52.6598759012715,0,0,0,0,0,0,0,0,0,0,168.399601343654,87.8503584523802,159.967454592799,144.944662307924
"85",1997,1695,7,8131.14132257961,7274.6426797058,1403.24149222145,2667.35166479594,661.839636929892,1052.53492493261,0,0,0,0,0,0,0,0,0,0,0,0,2.23533045345097,4.34412491109932,1.20222047526857,1.91912580846559,0,0,0,0,0,0,0,0,0,0,2142.75269791237,1926.93780769708,278.046211671897,537.38624196945,122.84204212927,201.515689335329,0,0,82.3279852780454,74.0360320714349,10.7141866195552,20.7097763432637,4.73329562417796,7.76466137960887,0,0,26217.4028793252,23536.6176161914,4118.41503009433,7858.18157804389,2054.64018226201,3272.97313504617,0,0,1007.26841497163,904.315513883708,159.881217695838,305.484384375659,80.438748555733,128.30788195592,0,0,0,0,6.81585199006319,13.2893070312736,3.69718371478123,5.91297762470889,0,0,0,0,0,0,0,0,0,0,170.157545277518,167.664696711557,103.877407112491,221.213892934227,96.2829207435516,168.783575634166,0,0,6.53766150887343,6.4419473496761,3.96987347409685,8.44904080986975,3.66033149051214,6.41391580023177,0,0,521.574603454317,492.391545207244,236.632290473349,519.043489601974,249.341297380915,442.260783340852,0,0,20.0394024103248,18.9184788840496,9.0538678664401,19.8477813681485,9.49589178310537,16.8356285742336,0,0,0,0,35.2888041846927,76.890903090112,31.4544686061166,53.616901319696,0,0,0,0,0,0,0,0,0,0,170.672623353557,88.8261435973743,164.105701890714,148.453291835727
"86",1997,1695,7.08333333333333,8109.95350055555,7244.57017298649,1410.51459590706,2682.1187040069,668.243321223664,1064.22104166824,0,0,0,0,0,0,0,0,0,0,0,0,2.24800088871374,4.37044982763196,1.21432855139606,1.94118390525593,0,0,0,0,0,0,0,0,0,0,2152.80975265549,1933.00686330768,281.501224444583,544.52944885207,125.318580643208,206.003199455293,0,0,82.7143934042089,74.2692148934414,10.8473607036563,20.9851367513222,4.82871365039454,7.93755717245622,0,0,26148.0933906802,23436.6854532081,4136.94503095329,7897.64480841767,2078.2090564224,3315.99996514952,0,0,1004.60580921966,900.475950356197,160.610045398257,307.041194285556,81.3679027073175,130.006739772911,0,0,0,0,6.85566917699945,13.3740741007404,3.74195383464485,5.99454672529903,0,0,0,0,0,0,0,0,0,0,170.312445565836,167.650331528153,104.899487938101,223.684177315694,97.9121334600429,172.064408029681,0,0,6.54361362351092,6.44139540006336,4.00897118285833,8.54344526429592,3.72237561029193,6.53877482547005,0,0,517.941081633697,488.55079434189,238.36313591659,523.728193016102,252.91393658741,449.773271178333,0,0,19.8998013812613,18.7709109601795,9.11995125911254,20.0265313273612,9.63186548929705,17.1214028397695,0,0,0,0,35.6778109185663,77.8263654442258,31.9546437456585,54.5804083528187,0,0,0,0,0,0,0,0,0,0,172.964621436399,89.8144314031336,168.329926979069,152.059445905565
"87",1997,1695,7.16666666666667,8088.81061755461,7214.70149377199,1417.55262483416,2696.45057750224,674.614625055292,1075.87426572272,0,0,0,0,0,0,0,0,0,0,0,0,2.26051683952738,4.39647510442302,1.22637372907409,1.9631794737515,0,0,0,0,0,0,0,0,0,0,2162.92893435581,1939.11298292068,284.96291390107,551.693397298828,127.821145473204,210.55006163482,0,0,83.1031885474194,74.5038217736917,10.980793075194,21.2612995264661,4.92513543271015,8.11274128046434,0,0,26079.3378143903,23337.5985986855,4154.9978305433,7936.20639973769,2101.73684148502,3359.07598320408,0,0,1001.96448356623,896.668865008074,161.320408624663,308.563175188223,82.2956172987096,131.707880096311,0,0,0,0,6.89462251153864,13.4573108774955,3.78670327352849,6.07630634279361,0,0,0,0,0,0,0,0,0,0,170.491524352145,167.653221264555,105.933406735558,226.172899097835,99.5701755591811,175.401422715259,0,0,6.55049470544957,6.44150641224603,4.04852355535349,8.63855928191393,3.78552161161636,6.66578068813173,0,0,514.330175725846,484.738906344659,240.071616794896,528.375794222114,256.502689194705,457.346181218979,0,0,19.7610692554577,18.624451995301,9.18518166405762,20.2038666870171,9.76845698095028,17.4094831677579,0,0,0,0,36.0644231272653,78.7586425427025,32.4578287879897,55.5521906692337,0,0,0,0,0,0,0,0,0,0,175.258869559002,90.8026858668528,172.610171236684,155.718735684952
"88",1997,1695,7.25,8067.70784424423,7185.03116675268,1424.35899161968,2710.35227677209,680.950520500556,1087.48977649663,0,0,0,0,0,0,0,0,0,0,0,0,2.27284008527493,4.42213068801443,1.23835503072167,1.98511007864203,0,0,0,0,0,0,0,0,0,0,2173.12052223701,1945.26557917853,288.433091174187,558.881782081768,130.351416852849,215.159320609213,0,0,83.4947656518894,74.740214360961,11.1145532608128,21.5384064455117,5.02262544401215,8.29033059158419,0,0,26011.1268288826,23239.3453106327,4172.58215121488,7973.88005501206,2125.21828097498,3402.19289562105,0,0,999.34407988074,892.893806692555,162.012638287613,310.050843171074,83.2216852908135,133.410977185536,0,0,0,0,6.93273255130534,13.5390343687286,3.83142247158459,6.15824269723915,0,0,0,0,0,0,0,0,0,0,170.693392064818,167.672479737377,106.977850899328,228.67845900582,101.255856198859,178.793489085522,0,0,6.55825136559,6.44224633763635,4.08848053381872,8.73432194315725,3.84972419772792,6.79489044752009,0,0,510.742261162512,480.955830228123,241.758328069051,532.98617272687,260.107404463214,464.978781607803,0,0,19.6232204575056,18.4791000303843,9.24958195024567,20.3797832352175,9.90566074096585,17.6998422709377,0,0,0,0,36.4485198898297,79.6874653860519,32.9639119294908,56.532088942092,0,0,0,0,0,0,0,0,0,0,177.555683832279,91.7910060657369,176.947260607634,159.431833333643
"89",1997,1695,7.33333333333333,8046.6407119615,7155.55406281779,1430.93707598203,2723.82878278498,687.248073207754,1099.06286100657,0,0,0,0,0,0,0,0,0,0,0,0,2.28493988273917,4.44735961480928,1.25027045137975,2.00697184803391,0,0,0,0,0,0,0,0,0,0,2183.39327214041,1951.47262721614,291.913303121392,566.097752205017,132.910848608954,219.833662708694,0,0,83.8894611310438,74.9786990726866,11.2487006561959,21.8165783675902,5.12123948424136,8.47042826386709,0,0,25943.452146005,23141.9148472852,4189.7066767946,8010.67952290848,2148.64836534956,3445.34273374366,0,0,996.744279736904,889.150362693177,162.687064023996,311.504716424161,84.1459090821567,135.115717637825,0,0,0,0,6.97001916243133,13.6192634799072,3.87610272030901,6.24034299763694,0,0,0,0,0,0,0,0,0,0,170.916797883749,167.707314826751,108.031710387541,231.19953107974,102.968181141279,182.239731842821,0,0,6.56683554585605,6.44358474171745,4.12879980460665,8.8306827877465,3.91494559566468,6.92607095114617,0,0,507.177722309921,477.20155658024,243.423773148465,537.559143103673,263.727849525768,472.670247483409,0,0,19.4862697552342,18.334854703794,9.31317149342891,20.5542742855325,10.0434681251026,17.9924493199869,0,0,0,0,36.8299867088228,80.6125732531744,33.4727802082937,57.5199408274547,0,0,0,0,0,0,0,0,0,0,179.855362210363,92.7794860240802,181.341971668647,163.199387871517
"90",1997,1695,7.41666666666667,8025.60504987868,7126.26533928939,1437.29022295916,2736.88505917057,693.504434661619,1110.58890480404,0,0,0,0,0,0,0,0,0,0,0,0,2.29679131192596,4.47211518574685,1.26211728219516,2.02875990783036,0,0,0,0,0,0,0,0,0,0,2193.75470628581,1957.74093981518,295.404882579378,573.344013145515,135.500709726343,224.575480982106,0,0,84.287564000597,75.2195376668345,11.3832864511665,22.0959191501008,5.22102627110889,8.65312621794513,0,0,25876.3063137,23045.2972789768,4206.38003593984,8046.61855705422,2172.02230507749,3488.51781699649,0,0,994.164796831384,885.438151495626,163.344013540657,312.925313653273,85.068099480492,136.821798982745,0,0,0,0,7.00650158602325,13.698018449879,3.92073597344505,6.32259523220535,0,0,0,0,0,0,0,0,0,0,171.160607920745,167.757012597309,109.09403802155,233.735006620301,104.706312827991,185.739477326223,0,0,6.57620368085398,6.44549419394639,4.16944527923176,8.9275996676705,3.98115402764308,7.05929677757924,0,0,503.636945504636,473.476106634841,245.068383115572,542.094473739508,267.363726297464,480.419680900187,0,0,19.3502319921481,18.1917168313597,9.3759669102357,20.7273313933951,10.18186800858,18.2872707071295,0,0,0,0,37.2087149380648,81.5337134035496,33.9843197199345,58.5155812483257,0,0,0,0,0,0,0,0,0,0,182.158187073346,93.7682154652268,185.795041879408,167.022030901049
"91",1997,1695,7.5,8004.59696147436,7097.16041753379,1443.42174037889,2749.52604756532,699.716841643664,1122.06339143303,0,0,0,0,0,0,0,0,0,0,0,0,2.30837461455935,4.49635983505058,1.27389223946585,2.05046855607023,0,0,0,0,0,0,0,0,0,0,2204.21122933553,1964.0762784044,298.908967985905,580.622866480897,138.122100233676,229.386899870376,0,0,84.6893203379175,75.4629515067111,11.5183543811084,22.37651716601,5.32202804779475,8.83850608091296,0,0,25809.6826367009,22949.4834130922,4222.61078997744,8081.7108922981,2195.33552461959,3531.71074431363,0,0,991.605373936925,881.756819904288,163.983812146586,314.31315316886,85.9880754738485,138.52892935363,0,0,0,0,7.04219845551636,13.7753206137001,3.9653147797763,6.40498809288144,0,0,0,0,0,0,0,0,0,0,171.423797175804,167.820931259428,110.16403353937,236.283971329078,106.469554120618,189.292231310762,0,0,6.58631638882076,6.44795003573527,4.21038648402995,9.0250378711994,4.04832308833134,7.19454938543345,0,0,500.120315259267,469.779527214809,246.692524737814,546.591895570349,271.014678429171,488.2261190646,0,0,19.2151219416494,18.0496882120839,9.43798236402985,20.8989446898207,10.3208470523498,18.5842703626762,0,0,0,0,37.5846016939068,82.4506412237903,34.4984157095942,59.5188424518617,0,0,0,0,0,0,0,0,0,0,184.464426122468,94.7572800748231,190.307173796989,170.900379122121
"92",1997,1695,7.58333333333333,7983.61278811473,7068.23494840318,1449.33489708544,2761.75666268683,705.882612492749,1133.48189815626,0,0,0,0,0,0,0,0,0,0,0,0,2.31967423390277,4.52006348312831,1.28559164391878,2.0720915053534,0,0,0,0,0,0,0,0,0,0,2214.76829997155,1970.48351588187,302.4265334612,587.93627119318,140.775976172404,234.269814411065,0,0,85.0949398742962,75.7091278168528,11.6539418793335,22.6584476519147,5.42428153858496,9.02664068688084,0,0,25743.5750593927,22854.4646829242,4238.40742092653,8115.97021734381,2218.58364768706,3574.9143739276,0,0,989.0657784018,878.106038771956,164.606782285329,315.668751823866,86.9056636680728,140.236826716362,0,0,0,0,7.07712783568987,13.8511920785886,4.00983217992068,6.48751085955041,0,0,0,0,0,0,0,0,0,0,171.705436517867,167.898491722359,111.241019981824,238.845671954831,108.257324495425,192.897646891235,0,0,6.59713797140597,6.45093001748746,4.25159765663807,9.12296884521996,4.1164308333029,7.33181588222931,0,0,496.628210170655,466.111884262443,248.296511873898,551.051113187319,274.680301196422,496.088545728011,0,0,19.0809541498307,17.908771379569,9.49923000029713,21.0691033055195,10.4603900812272,18.8834101919443,0,0,0,0,37.9575495489456,83.3631201136934,35.0149527079089,60.5295541645984,0,0,0,0,0,0,0,0,0,0,186.774333916604,95.7467619440371,194.879041167196,174.835037762557
"93",1997,1695,7.66666666666667,7962.64908109315,7039.4847856795,1455.03292148877,2773.58178841485,711.999144368101,1144.84009294331,0,0,0,0,0,0,0,0,0,0,0,0,2.33067809185512,4.54320229015619,1.2972115477473,2.09362205604435,0,0,0,0,0,0,0,0,0,0,2225.43056385936,1976.96676280464,305.958412128451,595.285891286265,143.463169032028,239.225920797178,0,0,85.5046011036307,75.9582245314348,11.7900809705145,22.9417745319983,5.52781869279067,9.21759524671434,0,0,25677.9780749141,22760.2330615603,4253.77832193677,8149.41015296266,2241.76248584631,3618.12180785127,0,0,986.545798657482,874.485499691231,165.21324316179,316.992624168604,87.820697852529,141.945218277556,0,0,0,0,7.11130725496373,13.925655486705,4.05428163252009,6.57015331620597,0,0,0,0,0,0,0,0,0,0,172.00468237697,167.989170181784,112.324425419502,241.419490574875,110.069141642515,196.555499659263,0,0,6.60863601762941,6.45441401379957,4.29305704684464,9.22136921003365,4.18545907440951,7.47108807272211,0,0,493.160999917771,462.473257890798,249.880614263125,555.471813259479,278.360149068803,504.00589975451,0,0,18.9477428201342,17.7689694118809,9.55972028201387,21.2377956922876,10.6004803732057,19.1846504037667,0,0,0,0,38.3274662906329,84.2709213895301,35.5338146431841,61.5475437187979,0,0,0,0,0,0,0,0,0,0,189.08815309859,96.7367399191189,199.511293613988,178.826603204579
"94",1997,1695,7.75,7941.70257831952,7010.90596388696,1460.51900051725,2785.00627468797,718.06391082952,1156.13373191355,0,0,0,0,0,0,0,0,0,0,0,0,2.34137700948259,4.56575764921307,1.3087478265334,2.11505322345268,0,0,0,0,0,0,0,0,0,0,2236.20196492852,1983.52947301576,309.505315546258,602.673135582065,146.184402034775,244.256742009494,0,0,85.9184555580014,76.2103743526303,11.9267990152557,23.2265519425505,5.63266730817607,9.41142832934521,0,0,25612.886648988,22666.7809897248,4268.73178973907,8182.04423421623,2264.86802849512,3661.32637840524,0,0,984.045241292176,870.894912222078,165.803510446621,318.285281760073,88.7330186184343,143.653839971373,0,0,0,0,7.14475373620918,13.9987338351151,4.09865695894745,6.65290568693545,0,0,0,0,0,0,0,0,0,0,172.320767798104,168.092491775191,113.4137677449,244.004923357198,111.904606237591,200.265667233869,0,0,6.6207810601578,6.45838377969098,4.33474633477081,9.32021994584489,4.25539279663889,7.6123616740319,0,0,489.719043038939,458.863738377275,251.445064787687,559.853671251236,282.053741926657,511.977082002444,0,0,18.8155017279534,17.6302857776165,9.61946226661985,21.4050098790498,10.7410998968815,19.4879497741421,0,0,0,0,38.6942646978457,85.1738241605964,36.0548849419181,62.5726361721576,0,0,0,0,0,0,0,0,0,0,191.406115476344,97.7272899049827,204.204560507529,182.875665114327
"95",1997,1695,7.83333333333333,7920.77018401356,6982.4946789632,1465.79627879706,2796.03493486198,724.074459601453,1167.3586570325,0,0,0,0,0,0,0,0,0,0,0,0,2.35176420795643,4.58771531692364,1.32019625554463,2.13637784380663,0,0,0,0,0,0,0,0,0,0,2247.08584261452,1990.17453582227,313.067850818045,610.09919285425,148.940304563646,249.363650586476,0,0,86.33663154386,76.4656882922368,12.064119365715,23.5128255779971,5.73885158337808,9.60819273360442,0,0,25548.2961532784,22574.1013127371,4283.27601828205,8213.8858950635,2287.89643367044,3704.52163595208,0,0,981.563928490362,867.334001469668,166.377896026317,319.547232563113,89.642473009058,145.36243599264,0,0,0,0,7.17748382508236,14.0704503241462,4.14295229661235,6.73575858180257,0,0,0,0,0,0,0,0,0,0,172.652994420175,168.208024946979,114.508641372067,246.601562069247,113.763388660027,204.028111443101,0,0,6.63354626712505,6.46282273410191,4.37665012206031,9.4195056844902,4.32621964950508,7.75563563236919,0,0,486.302685198492,455.283422779826,252.990065765027,564.196357060082,285.760570415827,520.000961117759,0,0,18.6842441540386,17.4927242058929,9.67846384591855,21.5707336865584,10.882229515823,19.793265868036,0,0,0,0,39.057862330586,86.0716151959611,36.5780466230777,63.6046544232386,0,0,0,0,0,0,0,0,0,0,193.728443002042,98.7184851376574,208.959454320602,186.982808266541
"96",1997,1695,7.91666666666667,7899.84895146855,6954.24727182135,1470.86785809322,2806.67254360059,730.028410546568,1178.51079410288,0,0,0,0,0,0,0,0,0,0,0,0,2.36183489625198,4.60906469123699,1.33155256761402,2.15758865562708,0,0,0,0,0,0,0,0,0,0,2258.08501475478,1996.90435454251,316.646535169554,617.565061853935,151.731424527955,254.54788817077,0,0,86.759237327027,76.7242586895874,12.2020619242731,23.8006338413498,5.84639259142988,9.80793623674342,0,0,25484.2023084977,22482.1872267256,4297.41909365962,8244.9484555697,2310.84401977421,3747.70133798086,0,0,979.101695846949,863.802506017838,166.936707803129,320.778980451807,90.5489142051192,147.070758381841,0,0,0,0,7.20951361631062,14.140828237789,4.18716206222648,6.81870295385586,0,0,0,0,0,0,0,0,0,0,173.00072540303,168.335376540537,115.608705936035,249.209078482967,115.645217769256,207.842863323677,0,0,6.64690717037869,6.46771577132343,4.41875549961221,9.51921411214281,4.39792951726195,7.90091154775565,0,0,482.912257928907,451.732412160832,254.515794246294,568.499539575295,289.480100433331,528.076378256354,0,0,18.5539828361708,17.3562885796842,9.73673194798622,21.7349549007664,11.0238491596062,20.1005552199686,0,0,0,0,39.418181333471,86.9640887800555,37.103182385668,64.6434193230429,0,0,0,0,0,0,0,0,0,0,196.05534864689,99.7103964247225,213.776573451427,191.148614050591
"97",1998,1695,8,7879.0117324538,6926.2140426425,1475.75331961534,2816.99973171024,735.898005150425,1189.57330663488,0,0,0,0,0,0,0,0,0,0,0,0,2.37154537931107,4.62977427414253,1.34276599945097,2.17865474280797,0,0,0,0,0,0,0,0,0,0,2269.2152984866,2003.74585612398,320.221492575016,625.047935308221,154.552877028172,259.807769302474,0,0,87.1868806272111,76.9871201210666,12.3398624155271,24.0891000695917,5.95510208997825,10.0105938596842,0,0,25420.7676411472,22391.2993116017,4310.97078949556,8275.04654181619,2333.62647161785,3790.81848887846,0,0,976.664787676234,860.310437775318,167.472602704044,321.973373311771,91.4490356082013,148.776959867952,0,0,0,0,7.24073044072849,14.2098097593912,4.231134611514,6.90165570858532,0,0,0,0,0,0,0,0,0,0,173.353627814648,168.472266908155,116.702235447862,251.820313365255,117.537755212884,211.703238362281,0,0,6.66046676580186,6.47297530363239,4.46061449132273,9.61907225518029,4.47005337315829,8.04793576011454,0,0,479.550657305749,448.216893456816,256.013720609716,572.753253139083,293.201626846199,536.196421554448,0,0,18.4248290444731,17.2212166110744,9.79393973444467,21.8972917394635,11.1655514469993,20.4095554134438,0,0,0,0,39.774457549118,87.8505676457765,37.628876057907,65.6880481535735,0,0,0,0,0,0,0,0,0,0,198.39929076556,100.706809585234,218.6823160994,195.389630288478
"98",1998,1695,8.08333333333333,7858.84680882071,6898.80931100485,1480.58828932617,2827.61485258606,741.487039051644,1200.44833771116,0,0,0,0,0,0,0,0,0,0,0,0,2.38064353989347,4.64979358549186,1.35347191069111,2.19938677622922,0,0,0,0,0,0,0,0,0,0,2280.55392055101,2010.86694825481,323.634873200222,632.361373897074,157.357715113478,265.113798409651,0,0,87.6225286193016,77.2607238685647,12.4714500970039,24.3710565087422,6.0631716748422,10.2150299259433,0,0,25359.2851026377,22303.4934986534,4322.43085822378,8302.69232534765,2355.60581749952,3833.5432126908,0,0,974.302879513341,856.936789003891,167.927683805622,323.07306185605,92.3178350586226,150.468093307642,0,0,0,0,7.26995564393983,14.2765459108458,4.27372100713664,6.98402304113039,0,0,0,0,0,0,0,0,0,0,173.639367481183,168.604654074918,117.70217398847,254.37986795886,119.34916929496,215.557313584359,0,0,6.67144588390489,6.47806181582844,4.49889991814543,9.71696519829151,4.53909874645222,8.19473466448559,0,0,476.23709119014,444.784380585361,257.414976373471,576.884655966478,296.84250585163,544.314707596754,0,0,18.2975207641017,17.0893338614741,9.84744774445587,22.054950690103,11.3041896005872,20.7185016062606,0,0,0,0,40.1212515539277,88.7271986273979,38.1448025660934,66.7328051769713,0,0,0,0,0,0,0,0,0,0,200.854827895412,101.736553674391,223.875764560691,199.83012216041
"99",1998,1695,8.16666666666667,7838.69276085765,6871.56146256666,1485.23129367866,2837.85586881104,747.017727995685,1211.24769602108,0,0,0,0,0,0,0,0,0,0,0,0,2.3895196364759,4.66940864741874,1.36407316432176,2.21998578582678,0,0,0,0,0,0,0,0,0,0,2291.9658506784,2018.03266019339,327.064609888242,639.711033228041,160.189613221182,270.486662949592,0,0,88.0609932244038,77.5360419804316,12.6036663614247,24.6544074399207,6.17228437728216,10.4220418588153,0,0,25298.3055403627,22216.4311032688,4333.55781951139,8329.65431162347,2377.47733812877,3876.22208913159,0,0,971.960294554756,853.591703592282,168.369782292529,324.146172029056,93.1825563809953,152.157759423676,0,0,0,0,7.29820091205334,14.3416054486719,4.31618160954795,7.06643553334081,0,0,0,0,0,0,0,0,0,0,173.945750796071,168.749998916924,118.709843493458,256.94677270907,121.186935927643,219.465104230396,0,0,6.68321815589306,6.48364618278332,4.53748310493684,9.81514488695528,4.60915293387206,8.34358985229159,0,0,472.948970084308,441.382388192269,258.79419537511,580.978601225073,300.488652112401,552.480483271251,0,0,18.1711900829616,16.9586237588408,9.90011759254756,22.2111873845237,11.4430357312935,21.0292690101347,0,0,0,0,40.4644288732013,89.5978781233963,38.66211941505,67.7836622074258,0,0,0,0,0,0,0,0,0,0,203.314556749473,102.767146554929,229.131555856229,204.33192777324
"100",1998,1695,8.25,7818.54636059072,6844.46666624048,1489.68513096607,2847.72716500992,752.487959291871,1221.96754367275,0,0,0,0,0,0,0,0,0,0,0,0,2.39815850308796,4.6885831932999,1.3745679657714,2.24044815993527,0,0,0,0,0,0,0,0,0,0,2303.45691540544,2025.24835150906,330.511143702031,647.098271127116,163.049716812734,275.928608650961,0,0,88.502498307374,77.8132803798912,12.7365283289124,24.939205216945,6.2824841513171,10.6317158995391,0,0,25237.8224488071,22130.1035062378,4344.35839854644,8355.94394884297,2399.23828361754,3918.84963344525,0,0,969.636782860984,850.274850376121,168.799155124806,325.193137592936,94.0430882628577,153.845738720244,0,0,0,0,7.3255484460106,14.4050933165684,4.35850605252165,7.14887894400337,0,0,0,0,0,0,0,0,0,0,174.27165920834,168.907710796678,119.724731187901,259.521061422652,123.050000398065,223.425895393094,0,0,6.69574060564655,6.4897057112561,4.57634467444399,9.91361296416049,4.68017588520897,8.49447432642417,0,0,469.686758276687,438.010899305184,260.151846758431,585.034403551524,304.139902498047,560.692604662577,0,0,18.0458548395529,16.8290856510625,9.95196726178575,22.365975905435,11.5820838536589,21.3418147402865,0,0,0,0,40.803883334245,90.4623688723716,39.180706336621,68.8404292989911,0,0,0,0,0,0,0,0,0,0,205.778761471302,103.798665560188,234.450423619989,208.89562474302
"101",1998,1695,8.33333333333333,7798.4045784697,6817.52127796215,1493.95257006666,2857.23310724995,757.895691702671,1232.60413095315,0,0,0,0,0,0,0,0,0,0,0,0,2.40654829826286,4.70728813378263,1.38495409808018,2.2607695562556,0,0,0,0,0,0,0,0,0,0,2315.03214436468,2032.51863262952,333.974817285607,654.52418005246,165.939012701979,281.441619902581,0,0,88.9472371147385,78.0926162069495,12.8700493266926,25.2254919946888,6.39380887482718,10.8441282772376,0,0,25177.8298719744,22044.5026262283,4354.83924233603,8381.57262848141,2420.88606786373,3961.42059494348,0,0,967.332115605204,846.985918857197,169.216056388603,326.214390388645,94.8993257008389,155.531820626175,0,0,0,0,7.35206821476719,14.4671002590267,4.40068605211365,7.23134124488727,0,0,0,0,0,0,0,0,0,0,174.616075628082,169.077257369401,120.746395239073,262.102808068855,124.937469317831,227.43915605068,0,0,6.7089741553144,6.49621994770548,4.61546793890192,10.012372587851,4.75213371888514,8.64736814150833,0,0,466.450891453929,434.669905246021,261.488364695765,589.051438631491,307.796018098869,568.949863024562,0,0,17.9215317734486,16.7007192047067,10.0030134130295,22.5192926848567,11.7213250974472,21.6560934412039,0,0,0,0,41.1395240089121,91.3204543805344,39.7004422064395,69.9029140869856,0,0,0,0,0,0,0,0,0,0,208.247711100702,104.831184597171,239.833069486166,213.521785343351
"102",1998,1695,8.41666666666667,7778.26456309588,6790.72182195402,1498.0363478129,2866.37803794431,763.238954204618,1243.15379537971,0,0,0,0,0,0,0,0,0,0,0,0,2.41467994455627,4.72550039164968,1.39522904414999,2.28094509722632,0,0,0,0,0,0,0,0,0,0,2326.69587296495,2039.84746167241,337.455891625321,661.989626809461,168.858348796928,287.027451432171,0,0,89.395376219837,78.3742015388153,13.004239532996,25.5133012524852,6.50629110424865,11.059346420335,0,0,25118.3223330982,21959.6208545867,4365.00691019859,8406.55166305755,2442.41825905757,4003.92994372417,0,0,965.046082372759,843.724616698362,169.620736926776,327.210359477504,95.7511696399326,157.215802989995,0,0,0,0,7.37781998419218,14.5277050797326,4.44271493727856,7.31381214458722,0,0,0,0,0,0,0,0,0,0,174.978075134402,169.258158440454,121.774454540551,264.692114950655,126.848587045949,231.504508809232,0,0,6.72288326830061,6.50317044228208,4.65483851176251,10.1114279796087,4.82499781899886,8.80225724342808,0,0,463.241775871478,431.359402480783,262.804152386916,593.029140751758,311.456696259111,577.250997788531,0,0,17.7982364934311,16.5735242839854,10.0532715353321,22.671116407986,11.8607481676462,21.9720577854297,0,0,0,0,41.4712730648794,92.1719364796568,40.2212055411378,70.9709223031543,0,0,0,0,0,0,0,0,0,0,210.721660764257,105.864774442164,245.28016756687,218.210978363945
"103",1998,1695,8.5,7758.12361663977,6764.06496763551,1501.93916871738,2875.16627351703,768.515841729897,1253.61295677874,0,0,0,0,0,0,0,0,0,0,0,0,2.4225465594406,4.7432017017596,1.40539009192806,2.30096954140177,0,0,0,0,0,0,0,0,0,0,2338.45185756217,2047.2382530436,340.954563068798,669.495294767298,171.808456617456,292.687664839631,0,0,89.8470599478715,78.6581675624229,13.1391066315495,25.8026594145648,6.61995893597352,11.2774303545617,0,0,25059.2947549346,21875.4509797245,4374.86787096214,8430.89227323769,2463.83256472464,4046.37284929863,0,0,962.778488098727,840.490666818375,170.013444222134,328.181470630405,96.598526400606,158.897491264442,0,0,0,0,7.40285538084729,14.5869769785415,4.4845872283097,7.39628265268507,0,0,0,0,0,0,0,0,0,0,175.356812905612,169.449978450903,122.808577746854,267.289102330301,128.782710133017,235.621698259139,0,0,6.73743548552551,6.51054046011184,4.69444389126966,10.2107840296622,4.89874385708537,8.95913225571346,0,0,460.059789235972,428.079389889012,264.099586746911,596.966997703455,315.121583151934,585.594709060565,0,0,17.6759835113968,16.4475008458429,10.102756122494,22.8214278155086,12.0003398245243,22.2896589521404,0,0,0,0,41.7990634745176,93.016632546998,40.7428748750558,72.0442582220989,0,0,0,0,0,0,0,0,0,0,213.200853350086,106.899503140514,250.792369434086,222.963770840969
"104",1998,1695,8.58333333333333,7737.979184581,6737.54751994821,1505.66370369241,2883.60210202621,773.724514840259,1263.97811729183,0,0,0,0,0,0,0,0,0,0,0,0,2.43014317795469,4.760378026923,1.41543438685826,2.32083736874184,0,0,0,0,0,0,0,0,0,0,2350.30332999197,2054.69392912732,344.470971630917,677.041704223972,174.789961849554,298.42364555329,0,0,90.3024124711347,78.9446265604475,13.2746561308831,26.0935866314936,6.73483640990695,11.498433351484,0,0,25000.7424217802,21791.9861517126,4384.42849810624,8454.60557626952,2485.12682679438,4088.74467370092,0,0,960.529151608653,837.283806031529,170.394422208722,329.128145881813,97.441307491781,160.576698243999,0,0,0,0,7.42721888099894,14.644976672639,4.52629844437079,7.4787448793906,0,0,0,0,0,0,0,0,0,0,175.751518838873,169.652323009419,123.848478054149,269.89390303735,130.739294671971,239.790574836868,0,0,6.75260121870468,6.5183148480462,4.73427326211824,10.31044609119,4.97335130770471,9.11798786045466,0,0,456.905280547995,424.829867169121,265.37502053058,600.864548836458,318.790280129231,593.979664137571,0,0,17.5547862363173,16.3226488786862,10.1514807527792,22.9702096274409,12.1400851260929,22.6088468768482,0,0,0,0,42.1228379678782,93.8543743056701,41.2653289791063,73.122724880543,0,0,0,0,0,0,0,0,0,0,215.685520224305,107.935436180143,256.370306527247,227.78072902655
"105",1998,1695,8.66666666666667,7717.82884054654,6711.16640510563,1509.21258955483,2891.68978126873,778.863197482129,1274.24585900988,0,0,0,0,0,0,0,0,0,0,0,0,2.43746639112925,4.77701879283664,1.42535899604693,2.3405428857646,0,0,0,0,0,0,0,0,0,0,2362.25307166444,2062.21699017134,348.005211877411,684.629239804997,177.803399151654,304.236626898307,0,0,90.7615406558506,79.2336745964066,13.410891782971,26.3860978319539,6.85094407592191,11.7224028495816,0,0,24942.6609279014,21709.2198336684,4393.69506702397,8477.70257599317,2506.29901228766,4131.04095830037,0,0,958.297903637173,834.103783179879,170.763911161082,330.050803137392,98.2794292550106,162.253243562187,0,0,0,0,7.45094911239906,14.7017578779057,4.56784485233579,7.56119177429904,0,0,0,0,0,0,0,0,0,0,176.161489574104,169.864833948992,124.89390616837,272.506656068408,132.717879611691,244.011074099972,0,0,6.76835344389672,6.52647984473296,4.77431722840856,10.4104197366234,5.04880280965934,9.27882200330651,0,0,453.778570818865,421.610833149958,266.630785331453,604.721381412213,322.462351863799,602.404505387362,0,0,17.43465700178,16.1989683375123,10.1994582016814,23.1174464015127,12.2799677387427,22.9295705529926,0,0,0,0,42.4425475911489,94.685006087136,41.7884471050757,74.2061243613532,0,0,0,0,0,0,0,0,0,0,218.175882336504,108.972636752773,262.014593357603,232.662419476504
"106",1998,1695,8.75,7697.67027484619,6684.91865976552,1512.5884286578,2899.43353733622,783.930175355104,1284.41284241086,0,0,0,0,0,0,0,0,0,0,0,0,2.44451407536012,4.79311631197648,1.43516095255909,2.36008029903778,0,0,0,0,0,0,0,0,0,0,2374.30347097384,2069.80956855094,351.557341036485,692.258171310724,180.849223669808,310.127708820077,0,0,91.2245362679461,79.5253935995689,13.547815895383,26.680203523204,6.96829943446549,11.9493811708601,0,0,24885.0461374065,21627.1457639578,4402.67375295159,8500.19415502632,2527.34720600632,4173.25741355935,0,0,956.084585286276,830.950357680982,171.122147610218,330.949855867079,99.112812585577,163.926953301641,0,0,0,0,7.47407982208177,14.7573684191505,4.60922329587139,7.64361694652109,0,0,0,0,0,0,0,0,0,0,176.586082055858,170.08718538483,125.944644945883,275.127502106657,134.718073834459,248.283200757518,0,0,6.7846674541415,6.53502292915447,4.81456761015145,10.5107105871387,5.12508367131387,9.44163528081785,0,0,450.679953832138,418.422284557182,267.867193916584,608.537127414659,326.137332632766,610.867856158276,0,0,17.3156070952483,16.0764590965102,10.2467005296315,23.2631244093222,12.4199701767545,23.2517782578641,0,0,0,0,42.7581506270821,95.5083835229399,42.3121091620808,75.2942580055029,0,0,0,0,0,0,0,0,0,0,220.672151118176,110.011165963124,267.725829962042,237.60940982431
"107",1998,1695,8.83333333333333,7677.50128485773,6658.80142190646,1515.79378872286,2906.83756355408,788.923794434697,1294.47580502045,0,0,0,0,0,0,0,0,0,0,0,0,2.45128517179923,4.80866531079785,1.44483728808787,2.37944377028264,0,0,0,0,0,0,0,0,0,0,2386.45657200253,2077.47347487714,355.127385564331,699.928671015953,183.927820850905,316.097873858454,0,0,91.691477844334,79.8198531365049,13.6854295840757,26.9759104555035,7.08691731212106,12.1794061323558,0,0,24827.8941500674,21545.7579239621,4411.37062965009,8522.09106867163,2548.26960400179,4215.38990996247,0,0,953.889046712142,827.823298289439,171.46936428871,331.825712864698,99.9413826834558,165.597659649154,0,0,0,0,7.49664066132592,14.8118511384314,4.65043106983999,7.72601453071639,0,0,0,0,0,0,0,0,0,0,177.024707801128,170.319080258009,127.000504924641,277.756580197595,136.739545272544,252.607015356622,0,0,6.8015206392215,6.54393268782924,4.85501727363273,10.6113241862924,5.20218145401305,9.6064304295967,0,0,447.609697043205,415.264215070129,269.084542231174,612.311460469673,329.814731577887,619.368325538609,0,0,17.1976467926263,15.9551209128249,10.293219157262,23.4072315167671,12.5600740026018,23.5754177342818,0,0,0,0,43.0696117062038,96.3243724536827,42.8361958515828,76.3869265852854,0,0,0,0,0,0,0,0,0,0,223.174529290799,111.051083014156,273.504603952259,242.622269358281
"108",1998,1695,8.91666666666667,7657.31976670536,6632.8119229065,1518.83120279927,2913.90601966769,793.842459599795,1304.43156021801,0,0,0,0,0,0,0,0,0,0,0,0,2.45777949769631,4.82366252412728,1.45438505952244,2.39862746156295,0,0,0,0,0,0,0,0,0,0,2398.71411707926,2085.21023829953,358.715346722193,707.640828632925,187.039515089804,322.148001254139,0,0,92.1624323280713,80.1171119595872,13.8237329882079,27.273222196912,7.20681019259887,12.4125115862219,0,0,24771.2012713496,21465.0505098144,4419.79166855271,8543.40393994199,2569.06450759167,4257.4344697529,0,0,951.711145973714,824.722382010976,171.805790093936,332.678778050792,100.765068825266,167.265200581693,0,0,0,0,7.51865785614517,14.865244673762,4.69146581738895,7.80837907707146,0,0,0,0,0,0,0,0,0,0,177.476827709565,170.560247241864,128.061320439257,280.394025103653,138.78201144632,256.982622796894,0,0,6.81889228626337,6.55319869595037,4.89565998397623,10.7122658995693,5.2800856099337,9.77321188556859,0,0,444.568042543803,412.136614574047,270.283111176518,616.044092917483,333.494037245713,627.904512318034,0,0,17.080785395317,15.8349533978259,10.3390249321392,23.5497570704334,12.700259999675,23.9004363415739,0,0,0,0,43.376901038141,97.1328479782125,43.3605887816059,77.4839304573643,0,0,0,0,0,0,0,0,0,0,225.68321160224,112.092445373973,279.351492284419,247.701569473093
"109",1999,1695,9,7637.21957057389,6606.95273095361,1521.67645722382,2920.56206094943,798.724935106194,1314.23521059218,0,0,0,0,0,0,0,0,0,0,0,0,2.4640570673955,4.83802760948127,1.46387543580489,2.41754878603532,0,0,0,0,0,0,0,0,0,0,2411.15917534599,2093.11131932498,362.261229863848,715.286815988396,190.194146869098,328.268452097405,0,0,92.6405913684335,80.4206841277511,13.9604220468531,27.5679944156226,7.32835724183,12.6483261393599,0,0,24715.7204170991,21385.8024570677,4427.41814303071,8563.14913408579,2589.86047616385,4299.24994528048,0,0,949.579809894609,821.677536835514,172.111545078554,333.471181988074,101.588910669368,168.924025396509,0,0,0,0,7.54031549230932,14.9173057500327,4.73256513742344,7.89045536270609,0,0,0,0,0,0,0,0,0,0,177.961963424448,170.80259052968,129.143718453158,283.009902020949,140.866471284283,261.385579318359,0,0,6.83753244146769,6.56250989966369,4.93713097857102,10.8123915238427,5.3595953018312,9.94105047133475,0,0,441.57190689163,409.059993804025,271.4559502527,619.702773952078,337.191974442156,636.454639629157,0,0,16.9656728558294,15.7167446070277,10.3838496768559,23.6894643243455,12.8411653535499,24.2260058885072,0,0,0,0,43.6810976585561,97.9321320840406,43.887396652225,78.5825828193801,0,0,0,0,0,0,0,0,0,0,228.179964359039,113.146382024563,285.223673184629,252.90277493463
"110",1999,1695,9.08333333333333,7617.34113254174,6581.22411417244,1524.29571161136,2926.69361157374,803.630671264514,1323.81868181404,0,0,0,0,0,0,0,0,0,0,0,0,2.47017249684857,4.85161977786397,1.47342022585597,2.43608305787817,0,0,0,0,0,0,0,0,0,0,2423.91713429593,2101.31307544299,365.679996220768,722.710873424543,193.405445202187,334.441120899449,0,0,93.1307725534262,80.7358087138013,14.0922293257329,27.8542379084906,7.45208762254177,12.8861523745749,0,0,24662.5982859262,21309.1936522683,4433.47733101609,8579.85207385446,2610.84352745216,4340.60262913719,0,0,947.539094359451,818.734095951249,172.357003613226,334.146130432615,102.420216801333,170.564956218293,0,0,0,0,7.56145598893601,14.9670561944498,4.77409654591352,7.97184138228073,0,0,0,0,0,0,0,0,0,0,178.508215208329,171.035904827055,130.264625242896,285.554931521714,143.023198125318,265.779699803809,0,0,6.85852075262398,6.57147419522787,4.98007571308257,10.9098157147149,5.44186262681677,10.1085701933748,0,0,438.648206098674,406.063161517169,272.596137604938,623.235505149192,340.937455074769,644.981452503012,0,0,16.8533433172803,15.6016014193345,10.4274250713115,23.8243596920882,12.9838911255473,24.5507089265013,0,0,0,0,43.9838911849799,98.7196316030246,44.4200228983197,79.6787132257466,0,0,0,0,0,0,0,0,0,0,230.637090894983,114.229915791915,291.055279638636,258.311109370943
"111",1999,1695,9.16666666666667,7597.43674154567,6555.60849248792,1526.76101483793,2932.51334789382,808.454970653583,1333.28428161701,0,0,0,0,0,0,0,0,0,0,0,0,2.475962449201,4.86463248262625,1.48282730153995,2.45441786898081,0,0,0,0,0,0,0,0,0,0,2436.78007831299,2109.58449928049,369.127117887429,730.190947021902,196.648811876806,340.691684386587,0,0,93.6249874325864,81.0536100450447,14.2251253111844,28.1426347435905,7.57705356501614,13.1269796923267,0,0,24609.9063761097,21233.2186892099,4439.32175035008,8596.06975458923,2631.67433850535,4381.82722059259,0,0,945.514906873376,815.815008340077,172.593993888264,334.802033953116,103.245678452444,172.201140804577,0,0,0,0,7.58154505456525,15.0150316536978,4.81543973088494,8.0531510403599,0,0,0,0,0,0,0,0,0,0,179.063313611703,171.280958749884,131.377819406995,288.104598438418,145.197009768135,270.228289998477,0,0,6.87984896169352,6.5808895461099,5.02272816378756,11.0074238527699,5.5247882297539,10.2781790011219,0,0,435.755390793842,403.092911886602,273.723485178854,626.721724966533,344.687582547683,653.533376553288,0,0,16.7422004078731,15.4874795810726,10.4705151859234,23.9574910681637,13.1268039354398,24.8763894150439,0,0,0,0,44.2823697775634,99.4990229979914,44.9527520378627,80.7783780947337,0,0,0,0,0,0,0,0,0,0,233.101809223869,115.314966120407,296.957350982562,263.788240587292
"112",1999,1695,9.25,7577.50531012176,6530.10406597658,1529.07470713987,2938.02531206991,813.196608265035,1342.62937786737,0,0,0,0,0,0,0,0,0,0,0,0,2.48143939712271,4.87707519808779,1.49209305455336,2.47254750602614,0,0,0,0,0,0,0,0,0,0,2449.74716325438,2117.92486261078,372.60131761626,737.724691577565,199.924443558741,347.020375098972,0,0,94.1232035725982,81.3740601418471,14.359061297746,28.4330953260426,7.70326260638971,13.3708170452049,0,0,24557.6426902767,21157.8734146673,4444.95667668671,8611.81209478617,2652.35233836735,4422.92119791723,0,0,943.50717069935,812.920114428124,172.822719353827,335.439271664114,104.065267915109,173.832472620023,0,0,0,0,7.60071230768368,15.0614128156593,4.85658374448223,8.13437036845751,0,0,0,0,0,0,0,0,0,0,179.62709549784,171.53731699146,132.484882745759,290.659872141438,147.387854721774,274.731007391038,0,0,6.90151080077428,6.59073922712667,5.06514909295967,11.1052534906401,5.6083702587498,10.4498642515725,0,0,432.893522324759,400.149618373619,274.837194823169,630.161374339101,348.44154019232,662.109572893799,0,0,16.6322464845878,15.3743934412208,10.5130895198115,24.0888563471121,13.2698729903013,25.2030161038625,0,0,0,0,44.5764391872637,100.270105527779,45.4854658598448,81.8813760589355,0,0,0,0,0,0,0,0,0,0,235.574240152296,116.401606036263,302.930105103518,269.334755270793
"113",1999,1695,9.33333333333333,7557.54573102121,6504.70901953012,1531.23908459309,2943.23348551396,817.854401425395,1351.85139499538,0,0,0,0,0,0,0,0,0,0,0,0,2.4866143458884,4.88895695018795,1.50121424692711,2.49046651029491,0,0,0,0,0,0,0,0,0,0,2462.81774536495,2126.33361667975,376.101447554801,745.310014229297,203.23251763273,353.427451200083,0,0,94.6253962393595,81.697137920198,14.4939935059054,28.7255396888054,7.83072155060719,13.6176743747278,0,0,24505.805104049,21083.1535904487,4450.38721808636,8627.08873757756,2672.87701496363,4463.88211817818,0,0,941.515804220665,810.049251376952,173.043377080876,336.058212254774,104.878959794554,175.458848138721,0,0,0,0,7.61906595354839,15.1063517755597,4.89752061518582,8.21548838788185,0,0,0,0,0,0,0,0,0,0,180.199406299125,171.804570476482,133.587185783559,293.221559920915,149.595711530671,279.287557740815,0,0,6.92350033119859,6.60100752094794,5.10739114425557,11.203335924057,5.69260801967032,10.6236151419076,0,0,430.06263182863,397.233603824993,275.936616311198,633.554462799779,352.198496650571,670.709126520699,0,0,16.5234827436935,15.2623554040658,10.555123245702,24.2184560717771,13.4130669299923,25.530554846149,0,0,0,0,44.866027076035,101.032709526908,46.0180450448691,82.9875033651892,0,0,0,0,0,0,0,0,0,0,238.054502306351,117.489905880954,308.97379124237,274.951245978062
"114",1999,1695,9.41666666666667,7537.55688974742,6479.42153397236,1533.25640151199,2948.14179318691,822.427210320098,1360.94781578772,0,0,0,0,0,0,0,0,0,0,0,0,2.49149709207173,4.90028637835332,1.5101879426208,2.50816964760078,0,0,0,0,0,0,0,0,0,0,2475.99133220921,2134.8103481982,379.626472398833,752.945038020342,206.573190074904,359.913184888567,0,0,95.131546512711,82.0228275008655,14.6298824405981,29.0198961017637,7.95943638505972,13.8675621653083,0,0,24454.3913977858,21009.0549218506,4455.61832650845,8641.90907088915,2693.2479135833,4504.707618876,0,0,939.540722160504,807.202254176848,173.256158198844,336.659214758549,105.686730954686,177.080166915464,0,0,0,0,7.63669685257651,15.1499773510698,4.93824457695838,8.29649636513996,0,0,0,0,0,0,0,0,0,0,180.78010012748,172.082335165374,134.685917477933,295.790332621869,151.820582046078,283.897690545136,0,0,6.94581194777598,6.61167967215615,5.14949998478235,11.3016971802398,5.77750171682111,10.7994225360772,0,0,427.262724513036,394.345146091838,277.021225221204,636.901055833883,355.957612967494,679.331057302417,0,0,16.4159093852205,15.1513761450892,10.5965963599373,24.346292943398,13.5563540987112,25.8589690164248,0,0,0,0,45.1510789428935,101.786691107671,46.5503699821308,84.0965547792368,0,0,0,0,0,0,0,0,0,0,240.542712236332,118.579933478646,315.088685845561,280.638309838987
"115",1999,1695,9.5,7517.53767387055,6454.23979408611,1535.1288731736,2952.7541082045,826.913937733952,1369.91618179617,0,0,0,0,0,0,0,0,0,0,0,0,2.49609642522498,4.9110717876195,1.51901145751228,2.52565188429168,0,0,0,0,0,0,0,0,0,0,2489.26754530098,2143.35474590499,383.175454950596,760.628071412405,209.946594790027,366.477854285728,0,0,95.6416398506089,82.3511169246985,14.7666923413522,29.3160999080261,8.08941225379335,14.1204911318021,0,0,24403.3992799856,20935.5730778829,4460.65480931333,8656.28224725792,2713.46463460793,4545.39541737705,0,0,937.581836481059,804.37895642393,173.461248333886,337.242629308756,106.488560432652,178.696331569143,0,0,0,0,7.65368162457482,15.1923991706034,4.97875154123878,8.37738729552288,0,0,0,0,0,0,0,0,0,0,181.369039535461,172.370250530944,135.782110347392,298.366745640199,154.062485896643,288.561194199177,0,0,6.96844036961473,6.62274182871735,5.19151527079254,11.4003588274449,5.86305223989671,10.9772787797731,0,0,424.493783195372,391.484482949672,278.090604443589,640.201264838999,359.718047683161,687.974329243927,0,0,16.3095257489493,15.0414648000032,10.6374929720634,24.472371432586,13.699702739922,26.1882198627105,0,0,0,0,45.4315550134308,102.531928050114,47.0823212927166,85.2083241857309,0,0,0,0,0,0,0,0,0,0,243.038984561244,119.671754320957,321.275089068314,286.396547679895
"116",1999,1695,9.58333333333333,7497.48698024066,6429.1619948198,1536.85867718527,2957.07425439865,831.313529721069,1378.75409495425,0,0,0,0,0,0,0,0,0,0,0,0,2.5004202590578,4.92132118206884,1.52768232871435,2.54290837393951,0,0,0,0,0,0,0,0,0,0,2502.64609447725,2151.96657773265,386.747546695933,768.357588142074,213.352843020197,373.121737591822,0,0,96.1556651045257,82.681997275294,14.9043908235398,29.6140927549885,8.22065343384318,14.3764719943926,0,0,24352.8264031357,20862.7037054232,4465.50133542849,8670.21719454532,2733.5268326001,4585.9433117867,0,0,935.63905699246,801.579190863938,173.658827843817,337.808797548368,107.284429406601,180.307247820717,0,0,0,0,7.67008467112247,15.2337103414305,5.01903876364741,8.45815557628675,0,0,0,0,0,0,0,0,0,0,181.966095371547,172.667978667595,136.876657082518,300.951252863046,156.321456494125,293.277892503274,0,0,6.99138063456183,6.6341810077556,5.23347128598778,11.4993385122912,5.94926101007936,11.1571775667768,0,0,421.755770593822,388.651815187817,279.144431808573,643.455240374156,363.478960593494,696.637856873371,0,0,16.2043304024325,14.9326290834509,10.6778008293843,24.5966975174113,13.8430811401173,26.5182667490782,0,0,0,0,45.7074282191402,103.268317162553,47.6137802012644,86.3226050062084,0,0,0,0,0,0,0,0,0,0,245.543432054604,120.765431675091,327.533322459191,292.22656343923
"117",1999,1695,9.66666666666667,7477.40372206266,6404.18634730052,1538.44795555611,2961.10600980756,835.624975529178,1387.45921820239,0,0,0,0,0,0,0,0,0,0,0,0,2.50447577902413,4.931042303779,1.53619827962409,2.55993444073306,0,0,0,0,0,0,0,0,0,0,2516.12675087319,2160.64566679874,390.341976690642,776.132203862982,216.792023107809,379.845107047106,0,0,96.6736134811092,83.0154617565457,15.0429484552589,29.9138217027582,8.35316332512106,14.6355152459371,0,0,24302.670380405,20790.4424435841,4470.1624440659,8683.72263076195,2753.43421439569,4626.34918038201,0,0,933.712291994137,798.802789944282,173.849072150117,338.358053195225,108.074321124248,181.912824476112,0,0,0,0,7.68596043016376,15.2739904289504,5.05910448014541,8.53879664932274,0,0,0,0,0,0,0,0,0,0,182.571146461886,172.975202951972,137.970329751117,303.544222471132,158.597536838336,298.047640496487,0,0,7.01462808697576,6.64598504409281,5.27539767951282,11.5986505690499,6.03612981835487,11.3391137796204,0,0,419.048631965818,385.847310379076,280.182465931917,646.663164743615,367.239516475783,705.320512663249,0,0,16.1003212423671,14.8248754338432,10.717510773216,24.7192783958041,13.9864577712656,26.8490674374996,0,0,0,0,45.9786819342235,103.995771284851,48.1446289059149,87.4391906366652,0,0,0,0,0,0,0,0,0,0,248.056165764788,121.861026734441,333.863726227461,298.128963521241
"118",1999,1695,9.75,7457.28683449281,6379.31108354223,1539.89881636065,2964.85310944433,839.84730757789,1396.02927614916,0,0,0,0,0,0,0,0,0,0,0,0,2.50826955377777,4.94024266328952,1.54455719544198,2.57672556774424,0,0,0,0,0,0,0,0,0,0,2529.70932659316,2169.3918734232,393.95804257782,783.950657505041,220.264200712397,386.648224577114,0,0,97.1954777611081,83.3515050017221,15.1823384153749,30.2152385126768,8.48694445794228,14.8976309840892,0,0,24252.9287979788,20718.7849342983,4474.64255172243,8696.80707576497,2773.18653732381,4666.61098084874,0,0,931.801448748714,796.049586220728,174.032152004393,338.890722487848,108.858220836255,183.512973401157,0,0,0,0,7.70135505596822,15.3133076904662,5.09894766267122,8.61930675831115,0,0,0,0,0,0,0,0,0,0,183.184079226045,173.291626798237,139.0637952312,306.145949383344,160.890776141255,302.870320613267,0,0,7.03817836296289,6.65814254242449,5.31732005888955,11.6983064994478,6.12366069538904,11.5230833425706,0,0,416.372297194026,383.07110594246,281.204534866233,649.825246257992,370.998887873381,714.021133188044,0,0,15.9974955747409,14.7182091310339,10.756616302945,24.8401222628362,14.129801397141,27.1805783214972,0,0,0,0,46.2453082856524,104.714217037228,48.6747508323552,88.5578747646377,0,0,0,0,0,0,0,0,0,0,250.577295122365,122.958598749347,340.266656999257,304.104356304862
"119",1999,1695,9.83333333333333,7437.13527934667,6354.53446036017,1541.21333525483,2968.31924776456,843.979601370831,1404.46205562264,0,0,0,0,0,0,0,0,0,0,0,0,2.51180762824097,4.94892956579244,1.55275710373357,2.59327738745894,0,0,0,0,0,0,0,0,0,0,2543.39365808058,2178.2050804856,397.595102667048,791.811795027407,223.769419273412,393.531338335243,0,0,97.721251660417,83.6901225108693,15.3225361919956,30.5182990272308,8.62199851012028,15.1628287779455,0,0,24203.5992249916,20647.7268307535,4478.94595848593,8709.47886163526,2792.78360740062,4706.72674924234,0,0,929.906433863633,793.319412681475,174.208233728291,339.407124580658,109.636115728414,185.107609485692,0,0,0,0,7.7163078070738,15.3517209285123,5.1385678323732,8.69968276144538,0,0,0,0,0,0,0,0,0,0,183.804787246711,173.616972430418,140.157628685506,308.756665933423,163.201226951337,307.745839031958,0,0,7.06202737384525,6.67064283015144,5.3592605076594,11.7983153843349,6.2118558006576,11.7090830819352,0,0,413.72668258451,380.323311864766,282.210526226824,652.941714411684,374.756257319109,722.738524627134,0,0,15.8958501839192,14.6126344008866,10.7951131967599,24.9592381234568,14.2730811581086,27.5127546347971,0,0,0,0,46.5073067530378,105.423592943388,49.2040308280362,89.6784516257492,0,0,0,0,0,0,0,0,0,0,253.10692804207,124.058205150214,346.742485816523,310.153351730658
"120",1999,1695,9.91666666666667,7416.94804910884,6329.8547626618,1542.39355687216,2971.50808089353,848.020975359291,1412.75540613802,0,0,0,0,0,0,0,0,0,0,0,0,2.51509560278062,4.95711013391425,1.5607961584576,2.60958567394092,0,0,0,0,0,0,0,0,0,0,2557.17959234483,2187.08518136194,401.252568886082,799.714555108414,227.307700596493,400.494679881856,0,0,98.2509293008919,84.0313101873226,15.4635193141612,30.8229626239025,8.75832632890954,15.4311175592015,0,0,24154.6792216201,20577.2638041814,4483.07685376481,8721.74614198,2812.22527753707,4746.69459876897,0,0,928.027153602087,790.612103008006,174.377479431401,339.907571898037,110.407994854216,186.696650600568,0,0,0,0,7.73085221775897,15.3892810592896,5.17796491013425,8.77992198076519,0,0,0,0,0,0,0,0,0,0,184.433170818661,173.950979689735,141.252325409485,311.376551115706,165.528942714223,312.674122266446,0,0,7.08617128883128,6.68347591155525,5.40123804052022,11.8986842402178,6.30071732836539,11.8971105956526,0,0,411.111692429231,377.60401313583,283.200378540919,656.012815798306,378.510819116739,731.471467701747,0,0,15.7953813926786,14.5081545088415,10.8329991793934,25.0766356337891,14.4162666389509,27.8455506383747,0,0,0,0,46.7646829833061,106.123847833902,49.7323553173488,90.8007162196287,0,0,0,0,0,0,0,0,0,0,255.645171018356,125.15990166295,353.291596338728,316.276560944837
"121",2000,1695,10,7397.49573646247,6305.75844577277,1543.6928639216,2974.80252407361,851.88382821963,1420.65895787559,0,0,0,0,0,0,0,0,0,0,0,0,2.5180307600583,4.96439676575115,1.56851060063844,2.62518402161975,0,0,0,0,0,0,0,0,0,0,2571.10306014863,2196.05742422288,404.889018242666,807.567332634819,230.853187125568,407.463184761636,0,0,98.7858911998953,84.3760381061751,15.6036938516969,31.125701146789,8.89493183092871,15.6996054770537,0,0,24106.9465590826,20507.9259724091,4486.84295454623,8733.0719840406,2831.21982271928,4785.6716758798,0,0,926.19349101017,787.948025179377,174.532392747532,340.371009295482,111.162398851573,188.246934004241,0,0,0,0,7.74461711553727,15.4246853610912,5.21660008355444,8.85846193433852,0,0,0,0,0,0,0,0,0,0,185.048239178408,174.245540629515,142.310622113652,313.85387405971,167.82276733169,317.489748521199,0,0,7.10980361788083,6.69479340203881,5.44182881012448,11.9936172317489,6.38829815001532,12.0808717974043,0,0,408.529751394514,374.915770093242,284.153247593896,658.97074261933,382.222375122746,740.08767365532,0,0,15.6961823594405,14.4048678271906,10.8694759913301,25.1897213655386,14.5578270959155,28.1739310642516,0,0,0,0,47.0150245798818,106.805542395232,50.2544320502631,91.9082984652047,0,0,0,0,0,0,0,0,0,0,258.231202164079,126.326512189507,360.015966686025,322.827704563898
"122",2000,1695,10.0833333333333,7378.91507093537,6282.33479124071,1545.15527369176,2978.27333955424,855.562091981847,1428.14281430137,0,0,0,0,0,0,0,0,0,0,0,0,2.52074030544522,4.97100336782872,1.57587519936151,2.63999507017798,0,0,0,0,0,0,0,0,0,0,2585.10501509613,2205.06848205749,408.486096473985,815.328821402951,234.3879083474,414.398891341872,0,0,99.3238687004744,84.7222573583877,15.7423537802749,31.4249254302362,9.03112393110394,15.9668322135923,0,0,24060.5615693335,20439.8253436445,4490.2339727176,8743.40763936558,2849.72377773648,4823.52012389157,0,0,924.411606219414,785.331482731568,174.672565373919,340.795500916875,111.897611418128,189.753013402718,0,0,0,0,7.75756868203716,15.4578346011975,5.25437999176695,8.93502053848516,0,0,0,0,0,0,0,0,0,0,185.648944192173,174.497697167106,143.330389273999,316.179965545132,170.077500497744,322.174264208318,0,0,7.1328840903361,6.7044816473207,5.48095112856263,12.0827826694862,6.47440003868773,12.2596637571283,0,0,405.984638992721,372.259782692755,285.066242035182,661.798313025849,385.883610306701,748.556676312443,0,0,15.5983982974373,14.3028204601759,10.9044331796102,25.2978390504758,14.6974841816419,28.4967367956431,0,0,0,0,47.258013515363,107.467165205851,50.7692823900268,92.9980569945923,0,0,0,0,0,0,0,0,0,0,260.871192317648,127.567924142463,366.931038643386,329.865754515187
"123",2000,1695,10.1666666666667,7360.31144133343,6259.01808369048,1546.4904983416,2981.48412845111,859.158567228654,1435.49740824906,0,0,0,0,0,0,0,0,0,0,0,0,2.52337942012579,4.97744589144527,1.58308087329922,2.65455770512923,0,0,0,0,0,0,0,0,0,0,2599.12841797044,2214.07549423277,412.088670466162,823.097943257673,237.938919870437,421.383347539372,0,0,99.8626702647004,85.0683211698988,15.8812256824256,31.7244458742858,9.16794497536185,16.2359396283046,0,0,24014.623942945,20372.3441101998,4493.48675989513,8753.40218765181,2868.07629777045,4861.21398427948,0,0,922.646908087582,782.738738499913,174.807226935386,341.206479428426,112.626943004532,191.253191842444,0,0,0,0,7.77019528283939,15.4903426143326,5.29192686255939,9.011396155674,0,0,0,0,0,0,0,0,0,0,186.259939647952,174.764116459747,144.356274825811,318.534660843519,172.352692346129,326.920602959802,0,0,7.15635993383804,6.71471789062204,5.52031097113913,12.1730498408059,6.56128955716941,12.4408273368858,0,0,403.474297131317,369.633431461509,285.963847889747,664.573642047966,389.539568565343,757.027227830111,0,0,15.501950132431,14.2019117634249,10.9388086648682,25.4039769536639,14.8369537132334,28.8196311068759,0,0,0,0,47.4964889539645,108.119603361431,51.282800044578,94.088454194337,0,0,0,0,0,0,0,0,0,0,263.519812644016,128.811182651193,373.919044921207,336.982039974317
"124",2000,1695,10.25,7341.6820372611,6235.80501986171,1547.7001747386,2984.43780389891,862.672272175446,1442.72058289374,0,0,0,0,0,0,0,0,0,0,0,0,2.52592520183282,4.98368005627659,1.59012973941832,2.66887384371718,0,0,0,0,0,0,0,0,0,0,2613.18250034473,2223.08669194267,415.698348365395,830.878028747523,241.508346921982,428.42020804691,0,0,100.402650584377,85.4145457963437,16.0203713509029,32.0243903205395,9.3054764943129,16.5070679299784,0,0,23969.1247565327,20305.4722714411,4496.60379884935,8763.06062950331,2886.27677175199,4898.75053849407,0,0,920.899053774657,780.169408243625,174.936474079898,341.604136561573,113.350365098712,192.74735537493,0,0,0,0,7.78251684505699,15.5222266249693,5.32924012558164,9.08758553374769,0,0,0,0,0,0,0,0,0,0,186.880646222792,175.043910887708,145.387718132584,320.915220070401,174.647182436572,331.726170331127,0,0,7.18020889000336,6.72546802816796,5.55988690473867,12.2643140199928,6.64892241598737,12.6242636948843,0,0,400.998183037739,367.036624385597,286.846249991336,667.298398039622,393.189566433014,765.498769653241,0,0,15.4068170105463,14.1021382016054,10.9726095118995,25.5081988928306,14.9762098381627,29.1425931932853,0,0,0,0,47.7304695799798,108.762843290348,51.794875858429,95.1792856954203,0,0,0,0,0,0,0,0,0,0,266.177205525151,130.056386066706,380.980555638219,344.177533591562
"125",2000,1695,10.3333333333333,7323.02438018409,6212.69258841374,1548.7859622336,2987.13734194215,866.102296605893,1449.81029216597,0,0,0,0,0,0,0,0,0,0,0,0,2.52835911414144,4.98966978848294,1.59702308970579,2.68294419362563,0,0,0,0,0,0,0,0,0,0,2627.27511016669,2232.10908465745,419.316428480492,838.671797930039,245.097951194669,435.512546770959,0,0,100.944111190205,85.7612005527785,16.1598406886738,32.3248631966415,9.4437860859696,16.7803350710925,0,0,23924.0560288778,20239.2006863932,4499.5876583431,8772.38816394704,2904.32476115185,4936.12735807825,0,0,919.167736639184,777.623140751402,175.060406815546,341.988671842053,114.067855922509,194.235401293772,0,0,0,0,7.79455092770899,15.5535031915033,5.36631989776178,9.16358632482726,0,0,0,0,0,0,0,0,0,0,187.510560238222,175.336282997654,146.424268734405,323.319276319978,176.960040134898,336.588792588528,0,0,7.20441160682232,6.736701420521,5.59966171315087,12.3564847513766,6.73726313272906,12.8098900946653,0,0,398.555798420512,364.469281645774,287.713626695971,669.974081456302,396.83289441555,773.970626338309,0,0,15.3129797869156,14.0034967079244,11.005842534473,25.6105622566154,15.115225691443,29.4655977646562,0,0,0,0,47.9599779366902,109.396876874947,52.3054034134488,96.2703502126953,0,0,0,0,0,0,0,0,0,0,268.843505505146,131.303626650702,388.116105829494,351.453152338536
"126",2000,1695,10.4166666666667,7304.33626943389,6189.67802211009,1549.74953485604,2989.58576555269,869.447795249315,1456.76459086977,0,0,0,0,0,0,0,0,0,0,0,0,2.53066609972075,4.99538559600345,1.60376162234307,2.69676858731457,0,0,0,0,0,0,0,0,0,0,2641.41295766357,2241.14867856702,422.943960706198,846.481477904039,248.709195696315,442.662959425305,0,0,101.487309899846,86.1085162066247,16.2996740638911,32.6259500208558,9.58292989863303,17.0558406755927,0,0,23879.4105536685,20173.5209246326,4502.44096463057,8781.39013139351,2922.21997169571,4973.34226000956,0,0,917.452679812091,775.099612112504,175.179127408359,342.360290382587,114.779399340246,195.717236414015,0,0,0,0,7.80631315040276,15.5841882186061,5.4031667587498,9.23939680929466,0,0,0,0,0,0,0,0,0,0,188.1492408088,175.640512379703,147.465561020523,325.744768920247,179.290513816552,341.506634125784,0,0,7.22895114488602,6.74839038837674,5.63962142680331,12.4494832935878,6.82628308458367,12.9976367413905,0,0,396.146680282508,361.931329406149,288.566153314998,672.602051288539,400.468830999786,782.442032854117,0,0,15.2204206727171,13.9059844454792,11.0385144270057,25.7111190164784,15.2539739346659,29.788616093002,0,0,0,0,48.1850397237662,110.021700831868,52.814278971994,97.3614494430256,0,0,0,0,0,0,0,0,0,0,271.518840531273,132.552991346104,395.32620369853,358.809767462979
"127",2000,1695,10.5,7285.61575147525,6166.7587703885,1550.5925766586,2991.78613529415,872.707984567966,1463.58163006907,0,0,0,0,0,0,0,0,0,0,0,0,2.53283407362364,5.00080363413191,1.61034556621683,2.71034616403436,0,0,0,0,0,0,0,0,0,0,2655.60175834602,2250.21060403796,426.581781935431,854.308870349779,252.343282237349,449.873622199151,0,0,102.03246631236,86.4566898747713,16.4399036676937,32.9277199906737,9.72295406618683,17.3336682849053,0,0,23835.1818018752,20108.4251792844,4505.16638440497,8790.07197959805,2939.96223714192,5010.39328144297,0,0,915.753632445879,772.598522373928,175.292739723096,342.719201567074,115.484984234082,197.192776100449,0,0,0,0,7.81781744210957,15.6142969766578,5.43978163679208,9.31501575317218,0,0,0,0,0,0,0,0,0,0,188.796302252241,175.955947938418,148.51129996298,328.189904552384,181.638001400057,346.478149138475,0,0,7.25381268577176,6.76050991560271,5.67975477619341,12.5432411307345,6.91595937841206,13.1874449302244,0,0,393.770395527891,359.422696125495,289.404003720845,675.183540750278,404.096650794574,790.912151021208,0,0,15.1291230279695,13.8095986655321,11.0706318260498,25.8099163269374,15.3924270689822,30.1116166429354,0,0,0,0,48.4056833910944,110.637316365457,53.3214014594803,98.4523880288794,0,0,0,0,0,0,0,0,0,0,274.203332686482,133.804562229953,402.611335222593,366.248210270615
"128",2000,1695,10.5833333333333,7266.8610913376,6143.93247394677,1551.31677740379,2993.74154059972,875.882139614999,1470.25965258261,0,0,0,0,0,0,0,0,0,0,0,0,2.53485345304198,5.00590483668543,1.61677479417556,2.7236755356826,0,0,0,0,0,0,0,0,0,0,2669.8463662304,2259.29923399175,430.230549092249,862.155414703456,256.001187026636,457.146347635781,0,0,102.579766926817,86.8058895718534,16.5805547808752,33.2302284042412,9.86389607112683,17.6138874974111,0,0,23791.3638306186,20043.9061859816,4507.76660908924,8798.43923208855,2957.55150383122,5047.27865555611,0,0,914.070366213289,770.119592426712,175.401348615679,343.065617829548,116.184603908837,198.661943338074,0,0,0,0,7.8290762735869,15.6438441238057,5.47616570644803,9.39044227979698,0,0,0,0,0,0,0,0,0,0,189.451406937309,176.282000531515,149.561248009766,330.653120788894,184.00202309069,351.502036470548,0,0,7.2789832572482,6.7730373664061,5.72005268976644,12.6376985762675,7.00627380554362,13.3792653162654,0,0,391.426536094708,356.943309405548,290.227351659561,677.719672049343,407.715631595706,799.380084343512,0,0,15.0390711745223,13.7143365864167,11.1022013605387,25.9069970906405,15.5305577067566,30.4345656403208,0,0,0,0,48.6219397559431,111.24372882889,53.8266724364276,99.5429735119216,0,0,0,0,0,0,0,0,0,0,276.897098881004,135.058416949334,409.97196834097,373.7692775177
"129",2000,1695,10.6666666666667,7248.07074528125,6121.19694048016,1551.92382862207,2995.45509164031,878.96959073266,1476.79698823724,0,0,0,0,0,0,0,0,0,0,0,0,2.53671671522486,5.01067409683243,1.62304892603837,2.73675493793639,0,0,0,0,0,0,0,0,0,0,2684.15090070631,2268.41829638262,433.890770319929,870.022248056152,259.683694952813,464.48263859627,0,0,103.129370016753,87.1562585318347,16.7216469699528,33.533518956448,10.0057860574593,17.8965560348995,0,0,23747.9511962588,19979.9571455561,4510.2443405105,8806.49745902397,2974.98781566358,5083.99678788118,0,0,912.402671968124,767.662561035593,175.505059378723,343.399753525982,116.878255512652,200.12466782087,0,0,0,0,7.84010087850507,15.6728437330572,5.51232029735981,9.46567575459513,0,0,0,0,0,0,0,0,0,0,190.114258395958,176.618135733679,150.61521296548,333.133051232116,186.382195974127,356.577196816958,0,0,7.30445146863301,6.78595220730764,5.76050782967072,12.7328034382541,7.09721186751354,13.5730562748245,0,0,389.114714462771,354.49309333115,291.036371791363,680.211470711802,411.325060400165,807.844891606332,0,0,14.9502502234655,13.6201952913422,11.1332296916169,26.0024005063381,15.668338802887,30.7574275934901,0,0,0,0,48.8338416363086,111.84094737854,54.3299960495658,100.633016267276,0,0,0,0,0,0,0,0,0,0,279.600251522134,136.314629158387,417.408556780127,381.373736538504
"130",2000,1695,10.75,7229.24333942647,6098.55012567215,1552.41542058623,2996.92991301549,881.969720948998,1483.19205022495,0,0,0,0,0,0,0,0,0,0,0,0,2.53841805840414,5.0150996338072,1.62916740085857,2.74958233755432,0,0,0,0,0,0,0,0,0,0,2698.51884655895,2277.57096289366,437.562829115788,877.910251620441,263.391426693566,471.88373072172,0,0,103.681409473189,87.5079186158519,16.863195012912,33.8376255203256,10.1486478691137,18.1817213688196,0,0,23704.938885675,19916.5716628842,4512.60227996697,8814.25225466256,2992.27130212411,5120.54623748352,0,0,910.750357104959,765.227182489348,175.603977318035,343.721824061543,117.565939575346,201.580885227601,0,0,0,0,7.85090142719586,15.7013093246102,5.54824683552058,9.54071570904646,0,0,0,0,0,0,0,0,0,0,190.784595776498,176.963867887071,151.67303897946,335.628497937436,188.778214608417,361.702699226404,0,0,7.33020729767538,6.7992357785528,5.8011142465776,12.8285099636679,7.18876203172758,13.7687826179821,0,0,386.834560212731,352.071966641737,291.831240162062,682.659877248412,414.924237515171,816.30559739973,0,0,14.8626459429257,13.5271716581386,11.1637235306278,26.0961625150141,15.8057438127837,31.0801656962185,0,0,0,0,49.0414235605546,112.428984686097,54.8312789812411,101.722329446077,0,0,0,0,0,0,0,0,0,0,282.312899054275,137.573268883404,424.92154282355,389.062329253828
"131",2000,1695,10.8333333333333,7210.3776514423,6075.99011691033,1552.7932397724,2998.16913838786,884.881963668782,1489.44333192083,0,0,0,0,0,0,0,0,0,0,0,0,2.5399531140761,5.019172453518,1.63512953545106,2.76215551974389,0,0,0,0,0,0,0,0,0,0,2712.95314005429,2286.75992517845,441.247004884351,885.820090438585,267.12486222797,479.350629260175,0,0,104.235998112159,87.8609732415397,17.0052096876706,34.142573669482,10.2924999507037,18.4694221308757,0,0,23662.3222569786,19853.7436941531,4514.84311908431,8821.70921828876,3009.40216781994,5156.92570047931,0,0,909.113243281329,762.813224574693,175.698207398175,344.032045151339,118.247659604952,203.030536587769,0,0,0,0,7.86148717590752,15.7292538981057,5.58394679797714,9.61556178127267,0,0,0,0,0,0,0,0,0,0,191.462189000823,177.318754822361,152.73459905897,338.13840757426,191.189834699071,366.877752392724,0,0,7.35624190448904,6.8128710912853,5.84186709294437,12.9247779258461,7.28091510534016,13.9664144946273,0,0,384.585717149809,349.679841365855,292.612134437646,685.065757407507,418.51247964879,824.761200925853,0,0,14.7762446475579,13.4352623067928,11.1936896480186,26.1883161918864,15.9427468111599,31.4027421647449,0,0,0,0,49.2447215157408,113.007856679544,55.3304303977488,102.81072892133,0,0,0,0,0,0,0,0,0,0,285.035146430342,138.83440285057,432.511359556923,396.835775600042
"132",2000,1695,10.9166666666667,7191.4725949828,6053.51511944079,1553.05896676314,2999.17590597638,887.705800635724,1495.54940412651,0,0,0,0,0,0,0,0,0,0,0,0,2.54131870537404,5.02288589364441,1.64093457089143,2.77447215802111,0,0,0,0,0,0,0,0,0,0,2727.45624247537,2295.98745992359,444.943490249328,893.75224696585,270.88436103096,486.884140682904,0,0,104.793230500092,88.215509882838,17.1476984363015,34.4483819658348,10.4373561213006,18.7596893241985,0,0,23620.0969887387,19791.4675017019,4516.96953228439,8828.87393826875,3026.38068340946,5193.13399571374,0,0,907.491164466914,760.420466841199,175.787853950258,344.330632201962,118.923421737902,204.473567730851,0,0,0,0,7.87186659389497,15.7566899642953,5.61942167908904,9.69021367100877,0,0,0,0,0,0,0,0,0,0,192.146834563463,177.682393195415,153.799788938817,340.661850978455,193.616859550946,372.101680294957,0,0,7.38254747014566,6.8268426483752,5.88276238825789,13.0215718418477,7.37366371560777,14.1659264571291,0,0,382.367840921544,347.316621850503,293.37923394725,687.42991114288,422.089122123816,833.210683298701,0,0,14.6910331070177,13.3444635621546,11.2231348748997,26.2788920892076,16.0793225770775,31.7251185168445,0,0,0,0,49.4437727312016,113.577582311372,55.8273618976323,103.898033238005,0,0,0,0,0,0,0,0,0,0,287.767095520179,140.098094778965,440.178432648325,404.694776433377
"133",2001,1695,11,7171.88646652862,6030.19485523585,1553.59362069626,3000.54618107455,890.506432506264,1501.54825803354,0,0,0,0,0,0,0,0,0,0,0,0,2.54263550266394,5.02635116972601,1.64670161586012,2.78660100743887,0,0,0,0,0,0,0,0,0,0,2741.96727600631,2305.13729074004,448.738970970134,901.82907543783,274.691417651315,494.499642193733,0,0,105.35076761395,88.5670610149343,17.2939940884396,34.7597533020968,10.584044435914,19.053115176119,0,0,23577.4193515141,19728.3539181375,4519.82436338629,8836.94550833844,3043.43070263092,5229.3057834053,0,0,905.851703701994,757.995535231675,175.905385373643,344.663725883212,119.602016786573,205.915271016653,0,0,0,0,7.88240465713519,15.7839424844049,5.65508511720221,9.76492109004765,0,0,0,0,0,0,0,0,0,0,192.851472252979,178.042844095645,154.909485373633,343.237875250633,196.101156817519,377.402403492083,0,0,7.4096211571635,6.84069173779128,5.92536507680722,13.1203871274001,7.46860255560024,14.3683818289344,0,0,380.174739809001,344.96861577505,294.15260285094,689.77611411929,425.684949527791,841.674328867392,0,0,14.6067734280567,13.2542493432258,11.2528281819139,26.3688018501669,16.2166439695368,32.0480674560986,0,0,0,0,49.6404202251699,114.139626195567,56.3260853799657,104.986735497673,0,0,0,0,0,0,0,0,0,0,290.480139722823,141.355054560431,447.84246812851,412.581728515671
"134",2001,1695,11.0833333333333,7151.90792657296,6006.45217356507,1554.21634295373,3001.99863739713,893.257691000176,1507.42564694754,0,0,0,0,0,0,0,0,0,0,0,0,2.54395379645758,5.02969720976709,1.65237827084564,2.79851063962858,0,0,0,0,0,0,0,0,0,0,2756.52875419996,2314.27159841392,452.598192814644,910.00424250688,278.541762535197,502.198965052034,0,0,105.910242892418,88.9180157230689,17.4427422204339,35.0749083131187,10.7323999929538,19.349769574344,0,0,23534.6543861101,19665.0173376916,4523.01452473969,8845.36775491607,3060.46225864028,5265.3899367551,0,0,904.208886242121,755.562035765674,176.035672836588,345.009941880108,120.279900013631,207.353617432572,0,0,0,0,7.89319643854221,15.8112797126326,5.69076326192529,9.83958179050037,0,0,0,0,0,0,0,0,0,0,193.568649749451,178.405144149024,156.044249902766,345.849283578323,198.621848346416,382.765858728377,0,0,7.43717663830866,6.85461187474719,5.96893145028077,13.2205659447316,7.56493685030281,14.5732457492266,0,0,378.008471915846,342.640399436572,294.925641820068,692.095326448334,429.287332923095,850.1411834252,0,0,14.5235446856317,13.1647954787046,11.2825164741442,26.4576987223069,16.3542300105833,32.3711721921765,0,0,0,0,49.8339351161422,114.693400706709,56.824741713235,106.075479149587,0,0,0,0,0,0,0,0,0,0,293.187189976886,142.609357282317,455.540804283423,420.523169000573
"135",2001,1695,11.1666666666667,7131.89391920493,5982.80512313495,1554.71477428827,3003.20196112843,895.923009619987,1513.1589406768,0,0,0,0,0,0,0,0,0,0,0,0,2.54520427345041,5.03285881396251,1.657898789729,2.81016136343797,0,0,0,0,0,0,0,0,0,0,2771.17875311825,2323.45829430121,456.473380506059,918.21080379658,282.42441164628,509.975367017072,0,0,106.473119278687,89.2709832701399,17.5921062187633,35.3912742102163,10.8819996454312,19.6493928558885,0,0,23492.2664321403,19602.2253656894,4526.07057088865,8853.47552383602,3077.35288335702,5301.31189493052,0,0,902.580552499718,753.14946108061,176.160636063843,345.343688484332,120.952254414987,208.785663143227,0,0,0,0,7.90405240315742,15.8385460957858,5.72623448973658,9.91406451794004,0,0,0,0,0,0,0,0,0,0,194.290780269863,178.775503986408,157.18120270515,348.473636619602,201.15554677023,388.176240891252,0,0,7.46492242012255,6.86884168160416,6.01258563270086,13.3212491428961,7.66177615154215,14.7799170325656,0,0,375.871955481888,340.339280805797,295.687706501996,694.375513542341,432.878354265049,858.598182079201,0,0,14.4414590021011,13.0763827525801,11.3117917627052,26.545121155801,16.4913982525253,32.6939356199976,0,0,0,0,50.023391323968,115.238182564529,57.3209756977608,107.162604693753,0,0,0,0,0,0,0,0,0,0,295.90432321153,143.866238335623,463.319069920041,428.552346654726
"136",2001,1695,11.25,7111.8439486955,5959.25234392499,1555.09093637925,3004.15980224022,898.501788957853,1518.74672058635,0,0,0,0,0,0,0,0,0,0,0,0,2.54636443902905,5.03579812933774,1.66326376531058,2.82155263658546,0,0,0,0,0,0,0,0,0,0,2785.91713207946,2332.6974755385,460.364180296457,926.447908933883,286.33898980758,517.828347986912,0,0,107.039391367539,89.6259673882915,17.7420724567713,35.7088182788558,11.0328290427017,19.9519659181124,0,0,23450.2529615374,19539.9737216977,4528.99571473941,8861.27522693375,3094.10279531342,5337.07074874394,0,0,900.966605346773,750.757646715093,176.280399663224,345.665212505042,121.619084636978,210.211364990894,0,0,0,0,7.91492960470688,15.8656766223961,5.76150434054672,9.98837445898079,0,0,0,0,0,0,0,0,0,0,195.01790668417,179.153651228699,158.320510661056,351.110426986901,203.702687962284,393.633743685094,0,0,7.49286014975145,6.88337069311925,6.05633396107698,13.4224173004642,7.75913726168252,14.9884035165039,0,0,373.764840420304,338.065243040909,296.438782342582,696.617384150556,436.457202648186,867.044254262043,0,0,14.36050292681,12.9890105177539,11.3406534816811,26.6310962390318,16.6281179252893,33.0163172963631,0,0,0,0,50.2088644222504,115.774059401528,57.8147100052947,108.247944128586,0,0,0,0,0,0,0,0,0,0,298.631609124325,145.125753487476,471.177603514613,436.669916267781
"137",2001,1695,11.3333333333333,7091.75756348825,5935.79251359986,1555.34682047967,3004.87577231447,900.993473898207,1524.18763578681,0,0,0,0,0,0,0,0,0,0,0,0,2.54741622083895,5.03848467479948,1.66847332141005,2.83268334867767,0,0,0,0,0,0,0,0,0,0,2800.74370584777,2341.98919952552,464.270257643387,934.71476240181,290.285124974302,525.757425132531,0,0,107.609052041918,89.9829702829122,17.8926280440704,36.0275099048649,11.1848739428052,20.2574703040802,0,0,23408.6114692538,19478.2581764987,4531.79309303552,8868.77314326324,3110.71223318479,5372.66562614435,0,0,899.366948539641,748.386430175524,176.39508533998,345.974755739709,122.280396168612,211.630681307736,0,0,0,0,7.9257934401337,15.8926190162821,5.79657695821036,10.0625150762011,0,0,0,0,0,0,0,0,0,0,195.75006768945,179.539332013033,159.462312907795,353.759174980485,206.263641467674,399.138506363371,0,0,7.52099131401247,6.89818915547315,6.1001817149983,13.5240520544351,7.85703443926752,15.1987109351161,0,0,371.686782216345,335.818248618971,297.178872373973,698.821594902836,440.023125315243,875.4783586547,0,0,14.2806632231974,12.9026773325255,11.3691017293129,26.7156490532611,16.7643604732191,33.3382778924475,0,0,0,0,50.3904219800518,116.301107846052,58.30587023388,109.331332797182,0,0,0,0,0,0,0,0,0,0,301.36911799743,146.387956612373,479.116755975939,444.876528987274
"138",2001,1695,11.4166666666667,7071.63435652585,5912.42434758072,1555.48439046828,3005.35344886023,903.397551528869,1529.48040061214,0,0,0,0,0,0,0,0,0,0,0,0,2.54834497907098,5.04089372728697,1.6735272746834,2.84355202172936,0,0,0,0,0,0,0,0,0,0,2815.65824136896,2351.33348129075,468.191292888605,943.010611009548,294.262447064329,533.762127091367,0,0,108.182092347509,90.3419925314205,18.043760661093,36.3473200948036,11.3381201692905,20.5658879822266,0,0,23367.3394746447,19417.0745514847,4534.46577231389,8875.97543011801,3127.18145486405,5408.09569155633,0,0,897.781486772191,746.035650912832,176.504812123848,346.272555392447,122.936195303795,213.043571890255,0,0,0,0,7.93661574092595,15.9193308815198,5.83145550000243,10.1364886079063,0,0,0,0,0,0,0,0,0,0,196.487298086947,179.932308822175,160.606725760766,356.41942647548,208.838720026361,404.690622364608,0,0,7.54931725003817,6.91328794287175,6.14413330351516,13.626136018251,7.9554797636409,15.4108432512342,0,0,369.637441852392,333.598242151988,297.907993980854,700.988757483971,443.575419361714,883.899478541693,0,0,14.2019268659171,12.8173810687903,11.3971371452886,26.798802947878,16.9000992373534,33.659779013527,0,0,0,0,50.5681254525937,116.81939630375,58.7943844531912,110.412608886742,0,0,0,0,0,0,0,0,0,0,304.11692061541,147.652899894709,487.136888094807,453.172832152737
"139",2001,1695,11.5,7051.47396720775,5889.14660053403,1555.50558356509,3005.59637646693,905.713551614004,1534.62379589625,0,0,0,0,0,0,0,0,0,0,0,0,2.54913908935704,5.04300563901231,1.67842520100644,2.85415689444546,0,0,0,0,0,0,0,0,0,0,2830.66045495282,2360.73029121796,472.126979329065,951.334738228004,298.270587235844,541.841990758107,0,0,108.75850138448,90.7030329959135,18.1954584852248,36.6682212590766,11.492553584191,20.8772012241669,0,0,23326.4345224088,19356.4187195327,4537.01674966786,8882.88812462359,3143.51073757133,5443.36014679239,0,0,896.210125711959,743.705150356061,176.60969639803,346.558844135387,123.586489147147,214.44999803745,0,0,0,0,7.94737397152246,15.9457784957563,5.86614229879654,10.2102962690073,0,0,0,0,0,0,0,0,0,0,197.229628764754,180.332359655877,161.753844756626,359.090752110503,211.428183422327,410.290142720337,0,0,7.57783914461109,6.92865852570848,6.18819234273064,13.7286527502123,8.05448328211654,15.6248027872205,0,0,367.616485892778,331.405151449615,298.626177502851,703.119441643456,447.113428463786,892.306620091491,0,0,14.124281044096,12.7331189528701,11.4247608575166,26.8805796553952,17.03530932947,33.9807831309666,0,0,0,0,50.7420309793944,117.328986178568,59.280183079183,111.49161330481,0,0,0,0,0,0,0,0,0,0,306.87508822576,148.920633893911,495.238369290032,461.559469050574
"140",2001,1695,11.5833333333333,7031.27608231858,5865.95806697347,1555.41231181205,3005.6080689239,907.941045995551,1539.6166686393,0,0,0,0,0,0,0,0,0,0,0,0,2.54978940622218,5.04480495732821,1.68316651699268,2.86449602470413,0,0,0,0,0,0,0,0,0,0,2845.75001050329,2370.17955370468,476.077020762743,959.686457007815,302.309177139237,549.99655765879,0,0,109.338266239483,91.0660887716234,18.3477100968116,36.9901869369411,11.6481600603026,21.1913924669431,0,0,23285.894182982,19296.2866046466,4539.44895538401,8889.51714859014,3159.70037745467,5478.45823104973,0,0,894.652772015263,741.394771898649,176.709851999565,346.833850293108,124.231285598667,215.849922552422,0,0,0,0,7.95805020022951,15.9719352596707,5.90063906832837,10.2839385040275,0,0,0,0,0,0,0,0,0,0,197.977086786039,180.739276736949,162.903747410143,361.77274580383,214.032243984851,415.937080800848,0,0,7.60655803755365,6.94429292084958,6.2323617605736,13.8315866961563,8.15405322051781,15.8405904074299,0,0,365.623586423485,329.23888911708,299.333464375621,705.214179549706,450.636538118564,900.698809909109,0,0,14.0477131590175,12.6498876269084,11.4519744114867,26.9609994582287,17.1699674494467,34.3012534864185,0,0,0,0,50.9121904019072,117.829933396327,59.7631986696492,112.568189467223,0,0,0,0,0,0,0,0,0,0,309.643692482328,150.191207656297,503.421576023987,470.037078743774
"141",2001,1695,11.6666666666667,7011.04043679479,5842.85758172966,1555.2064633153,3005.39201097269,910.07964809967,1544.45793180819,0,0,0,0,0,0,0,0,0,0,0,0,2.5502888266209,5.04627970638795,1.68775054317355,2.87456736937625,0,0,0,0,0,0,0,0,0,0,2860.92651849034,2379.68114647091,480.041129451204,968.065103805792,306.377848271616,558.225370860855,0,0,109.92137194615,91.4311551603571,18.5005044011103,37.3131915677531,11.8049254572556,21.5084441956209,0,0,23245.7160525045,19236.6741813251,4541.76525516417,8895.86831252705,3175.7506891923,5513.38922081139,0,0,893.10933332594,739.104360874115,176.805390303845,347.097797995122,124.87059333861,217.243309740432,0,0,0,0,7.96863026460558,15.9977804348497,5.93494706316926,10.3574151848752,0,0,0,0,0,0,0,0,0,0,198.729695457455,181.152865356091,164.056495520657,364.465023298741,216.651071322928,421.631416260353,0,0,7.6354748243566,6.96018364725057,6.27664388450139,13.934923133417,8.25419616437337,16.0582056699173,0,0,363.658420955168,327.099353932643,300.029905562528,707.273469637186,454.14417156329,909.075093066317,0,0,13.9722108203951,12.5676832017939,11.4787797106681,27.0400813360269,17.3040517286289,34.6211540144677,0,0,0,0,51.0786520862882,118.322289640892,60.2433657670814,113.642183141428,0,0,0,0,0,0,0,0,0,0,312.422805391659,151.464668812804,511.686890427142,478.606295924417
"142",2001,1695,11.75,6990.76681424911,5819.84402021996,1554.88990330175,3004.95165975641,912.129012465709,1549.14656414774,0,0,0,0,0,0,0,0,0,0,0,0,2.55063195004513,5.04742082326227,1.69217654722104,2.88436883973712,0,0,0,0,0,0,0,0,0,0,2876.18953579503,2389.23490063187,484.019024470206,976.470033746421,310.476231423553,566.527972396732,0,0,110.507801479144,91.798225673291,18.6538305650771,37.6372103056338,11.9628356010156,21.8283388454207,0,0,23205.8977522744,19177.577473522,4543.96845207125,8901.94731905099,3191.66200555571,5548.15242957389,0,0,891.579718254353,736.833764516132,176.896420298533,347.35090730511,125.504421810869,218.630125400263,0,0,0,0,7.97910312645129,16.0232981596239,5.96906718985314,10.4307257499362,0,0,0,0,0,0,0,0,0,0,199.487474382436,181.572942809513,165.212137077191,367.167220639305,219.284796457429,427.373098306227,0,0,7.66459025822676,6.97632368513805,6.32104051401973,14.0386481123102,8.35491721706889,16.2776469521949,0,0,361.720672277803,324.986432051097,300.715560243961,709.29778007316,457.635786233884,917.434531531569,0,0,13.8977618407874,12.4865013034018,11.5051789666901,27.1178430984083,17.4375415938784,34.9404492807466,0,0,0,0,51.2414615549499,118.806103309187,60.7206207896123,114.713442345817,0,0,0,0,0,0,0,0,0,0,315.212499260863,152.741063666832,520.034699100286,487.267750796753
"143",2001,1695,11.8333333333333,6970.45504734636,5796.91629859724,1554.46447508411,3004.29044611524,914.088834269702,1553.68160996764,0,0,0,0,0,0,0,0,0,0,0,0,2.55081478674805,5.04822167263294,1.69644377934228,2.8938983469994,0,0,0,0,0,0,0,0,0,0,2891.53856596076,2398.84060112252,488.010430268435,984.900616405755,314.60395618415,574.903900989228,0,0,111.097535763809,92.1672920472827,18.8076779621198,37.9622188579562,12.1218762655475,22.1510587153188,0,0,23166.4369279927,19118.9925534415,4546.06128834245,8907.75976599843,3207.43467694656,5582.74720746536,0,0,890.063836348386,734.582831912232,176.983048652413,347.593394338819,126.13278120534,220.010336811362,0,0,0,0,7.98946031933041,16.048476603826,6.00300009886913,10.5038693192844,0,0,0,0,0,0,0,0,0,0,200.250439513561,181.999337407009,166.370707936042,369.878992674539,221.933515555166,433.162048559042,0,0,7.69390495209885,6.99270643789806,6.36555298456914,14.1427483987773,8.45622014278174,16.4989115612895,0,0,359.810028291511,322.899998101753,301.390494656867,711.287551951397,461.110870576965,925.776202849967,0,0,13.8243542290985,12.4063371147793,11.5311746552472,27.1943015072635,17.570417645189,35.2591044297498,0,0,0,0,51.4006620250785,119.281420325665,61.1949019400079,115.781817270658,0,0,0,0,0,0,0,0,0,0,318.012846646086,154.020437275268,528.465392029538,496.022068973047
"144",2001,1695,11.9166666666667,6950.10501802985,5774.07337377838,1553.93200093111,3003.41177572348,915.958848843187,1558.06217890534,0,0,0,0,0,0,0,0,0,0,0,0,2.55083451585123,5.04867764255702,1.70055149904516,2.90315383706123,0,0,0,0,0,0,0,0,0,0,2906.97305985565,2408.49798747817,492.015075439543,993.356232236494,318.760650498831,583.352690078967,0,0,111.690553701619,92.5383442748624,18.9620361250112,38.2881933483684,12.2820331564288,22.4765858931318,0,0,23127.3312487942,19060.9155401644,4548.04644706625,8913.31114923471,3223.06907090869,5617.17294075487,0,0,888.561598056212,732.351413951021,177.065379779006,347.825471370323,126.755682439319,221.383912716765,0,0,0,0,7.99969549250414,16.0733072674774,6.03674625553353,10.5768447838594,0,0,0,0,0,0,0,0,0,0,201.018603202948,182.431887549787,167.532233267702,372.600011582877,224.597293270185,438.998163508301,0,0,7.72341938057194,7.00932569664508,6.4101822226628,14.2472114178841,8.55810749439848,16.7219958282867,0,0,357.926181814895,320.839916180104,302.054781086926,713.243202211357,464.568941215364,934.099199069377,0,0,13.7519761832134,12.3271854142476,11.5567694778162,27.2694723885637,17.7026615468713,35.5770851422036,0,0,0,0,51.5562948500918,119.748284810978,61.6661491346806,116.847160222685,0,0,0,0,0,0,0,0,0,0,320.823920301695,155.302833522705,536.979361614098,504.869871382657
"145",2002,1695,12,6930.17875886411,5751.28851686718,1553.88858069981,3003.17900766621,917.689827167388,1562.01732174661,0,0,0,0,0,0,0,0,0,0,0,0,2.55069109178152,5.04847209565331,1.70440151925349,2.91162049393272,0,0,0,0,0,0,0,0,0,0,2922.42534371216,2418.06442440282,496.098618281779,1001.87787822306,322.923386719652,591.761877459911,0,0,112.284255158203,92.9059020798591,19.1194263937747,38.616698600487,12.4424233156194,22.8005880710652,0,0,23088.5463482695,19002.5215633881,4550.72703803244,8919.39118831281,3238.38537386771,5650.44081608794,0,0,887.071683685594,730.107817764435,177.174209706956,348.077016400288,127.366046001043,222.71186595264,0,0,0,0,8.00969254980561,16.096562121864,6.06995771164032,10.6477734224049,0,0,0,0,0,0,0,0,0,0,201.777261902876,182.805897394995,168.68329193681,375.164088835034,227.238059116056,444.651871684571,0,0,7.75256861470663,7.02369574331614,6.45441695619068,14.345687134962,8.65912865084588,16.9381549831404,0,0,356.060440947484,318.787561649012,302.708065567435,715.112801579002,467.983613987524,942.234771828941,0,0,13.6802937494714,12.2483306133018,11.5819510928328,27.3413727146179,17.8332679959966,35.8879644115032,0,0,0,0,51.7069413365173,120.196182024406,62.1307632828241,117.888580359884,0,0,0,0,0,0,0,0,0,0,323.669452565818,156.654158315907,545.648963847129,514.269819001337
"146",2002,1695,12.0833333333333,6910.32733174971,5728.59846128893,1553.86028191805,3002.91108234495,919.330213914418,1565.7730460557,0,0,0,0,0,0,0,0,0,0,0,0,2.5505618989669,5.04816851449883,1.70807432569286,2.91970537234526,0,0,0,0,0,0,0,0,0,0,2937.90198752468,2427.61099968064,500.198163869815,1010.40948187591,327.099444410985,600.19751004436,0,0,112.878892563254,93.2726967686228,19.2774340649106,38.9455893504122,12.6033278703382,23.1256112771661,0,0,23050.1366222376,18944.4846557418,4553.46835881922,8925.38428483391,3253.54021459943,5683.34076505068,0,0,885.59618260089,727.877940790048,177.285216948659,348.324767823872,127.970020902001,224.025307463999,0,0,0,0,8.0198177230065,16.1196703603334,6.10291050761403,10.7181152081549,0,0,0,0,0,0,0,0,0,0,202.538646653468,183.175669314419,169.838540818863,377.719042457661,229.887277648629,450.312015268628,0,0,7.78182258644797,7.0379029621478,6.49881633768145,14.443824164306,8.76048239050753,17.1545817183167,0,0,354.22211741727,316.757510488936,303.35268749994,716.932772201979,471.377054726881,950.30747375659,0,0,13.609664696475,12.1703327445452,11.6068080617107,27.4113930605933,17.9630816569756,36.1964859769055,0,0,0,0,51.8538954967584,120.633601285045,62.5915161257493,118.922064186755,0,0,0,0,0,0,0,0,0,0,326.530823483731,158.022451665753,554.417640512444,523.863622963552
"147",2002,1695,12.1666666666667,6890.4508862753,5706.00836492807,1553.71954171888,3002.42429408774,920.890901478925,1569.38772158926,0,0,0,0,0,0,0,0,0,0,0,0,2.55042983731753,5.04780840559179,1.71159433361136,2.92752297162809,0,0,0,0,0,0,0,0,0,0,2953.41889590512,2437.16972296536,504.299974879251,1018.94268521847,331.294170260211,608.68428618284,0,0,113.475076997393,93.6399582032382,19.4355314787356,39.2745464067234,12.764952588157,23.4526067002229,0,0,23012.1058867104,18886.9782912857,4556.09855755514,8931.12405268692,3268.57320114166,5716.0853406938,0,0,884.135241264947,725.668448185362,177.391814090631,348.562435621798,128.569162261319,225.332608797671,0,0,0,0,8.03006509898723,16.1428502385665,6.1356836289985,10.7882762018819,0,0,0,0,0,0,0,0,0,0,203.305786817298,183.554957416999,171.000491044555,380.299634185433,232.552663050216,456.026923013716,0,0,7.81129768769374,7.05247580806934,6.5434758399296,14.5429504858428,8.86246255864869,17.3731168581392,0,0,352.412704207121,314.753590285807,303.989037947603,718.715444448722,474.754440907017,958.352504824156,0,0,13.540146386712,12.0933388699729,11.6313550236268,27.4800042057518,18.0922998749726,36.5039906671009,0,0,0,0,51.9975525051544,121.062928706834,63.0491141948412,119.951923301911,0,0,0,0,0,0,0,0,0,0,329.403012171842,159.393545895244,563.270440308068,533.553570024327
"148",2002,1695,12.25,6870.54814616267,5683.51613028341,1553.46811066225,3001.72176401924,922.371364994388,1572.86025649769,0,0,0,0,0,0,0,0,0,0,0,0,2.55026477680749,5.04734127029606,1.7149639382343,2.93507591519493,0,0,0,0,0,0,0,0,0,0,2968.9812649889,2446.74528246236,508.405425081307,1027.48001346443,335.508808363049,617.224434926543,0,0,114.073008104454,94.0078665120536,19.5937712212127,39.6036664313234,12.927345196825,23.7816598445781,0,0,22974.4478563072,18829.9951609594,4558.61959745686,8936.61431134152,3283.48385653794,5748.67275208183,0,0,882.688618190437,723.479059124239,177.494077345,348.790167107452,129.163448930706,226.633693964682,0,0,0,0,8.04038442413233,16.1660216003696,6.16828018439822,10.8582581092438,0,0,0,0,0,0,0,0,0,0,204.078485224356,183.943234887352,172.168428635322,382.90325202516,235.233629572446,461.794656805381,0,0,7.8409863428898,7.06739403998834,6.58836802010916,14.642966002145,8.96504676087054,17.5936865306502,0,0,350.631575413439,312.775593712153,304.617213580832,720.462295108362,478.115167601775,966.369477080066,0,0,13.471714772401,12.0173410237188,11.6555955946991,27.547262441034,18.2208996130373,36.8104637918475,0,0,0,0,52.1379795894579,121.484258128492,63.5035023881917,120.978016530897,0,0,0,0,0,0,0,0,0,0,332.286098667336,160.767510178087,572.207852865085,543.340569840131
"149",2002,1695,12.3333333333333,6850.6180788291,5661.11986630804,1553.10775117026,3000.80665530517,923.771146946982,1576.18966610331,0,0,0,0,0,0,0,0,0,0,0,0,2.55004224157876,5.04672595721392,1.71818472328333,2.94236575614502,0,0,0,0,0,0,0,0,0,0,2984.59334812191,2456.34156127749,512.515623505839,1036.02350061062,339.744323143153,625.819716447452,0,0,114.672849304788,94.3765708902047,19.7521957364622,39.9330272664359,13.0905426967275,24.1128382334755,0,0,22937.1568745917,18773.5285217852,4561.03351615576,8941.85904009234,3298.2718331127,5781.10142859511,0,0,881.256096054519,721.309514530364,177.592085829545,349.008115866026,129.752864817985,227.928495573059,0,0,0,0,8.05073517485275,16.1891198003515,6.20070247961186,10.9280618815172,0,0,0,0,0,0,0,0,0,0,204.856577456082,184.340027794719,173.341760955837,385.527623572436,237.929711021964,467.61355995973,0,0,7.87088223484332,7.08263944872445,6.63347009588879,14.7437836315334,9.06821718617144,17.8162276314359,0,0,348.878150385326,310.823324007208,305.237287487785,722.174629529311,481.458658312626,974.357961721865,0,0,13.4043475444267,11.9423316459071,11.6795324772146,27.6132174778064,18.3488588967953,37.1158890674863,0,0,0,0,52.2752358006547,121.897671778459,63.9546287246684,122.000207236527,0,0,0,0,0,0,0,0,0,0,335.180160386114,162.144409860501,581.230341174841,553.225481525753
"150",2002,1695,12.4166666666667,6830.65985178666,5638.81785102631,1552.64023186622,2999.68216049922,925.089849717351,1579.37506134214,0,0,0,0,0,0,0,0,0,0,0,0,2.54974214768504,5.04592862157905,1.72125771687156,2.94939331246619,0,0,0,0,0,0,0,0,0,0,3000.25864636543,2465.96180100909,516.631469848937,1044.57479238343,344.001458445061,634.471519936031,0,0,115.274735114767,94.7461958850845,19.9108394488722,40.2626918779143,13.2545736256581,24.446195160375,0,0,22900.2277852236,18717.5720848101,4563.34240091102,8946.86232969402,3312.93688742036,5813.36997833891,0,0,879.837476748383,719.159572771787,177.685920609175,349.216439880846,130.337397917013,229.216953218232,0,0,0,0,8.06108427581878,16.2120921236763,6.23295225758125,10.9976879337964,0,0,0,0,0,0,0,0,0,0,205.639924267097,184.744905967415,174.519988901091,388.170750444461,240.640527214498,473.482192201741,0,0,7.90098001355409,7.09819550639105,6.67876287703588,14.8453267935575,9.17195932044318,18.0406853330746,0,0,347.151885174368,308.896590512613,305.849316398836,723.853611818131,484.784366072416,982.317501612757,0,0,13.3380238038309,11.8683034111262,11.7031677386687,27.6779136074277,18.4761568603277,37.4202491001514,0,0,0,0,52.4093740330347,122.303243279561,64.402443824272,123.018362640367,0,0,0,0,0,0,0,0,0,0,338.085272692491,163.524307015346,590.338347962088,563.209122960157
"151",2002,1695,12.5,6810.67281758099,5616.60851842201,1552.06732475237,2998.3514958834,926.327134231279,1582.4156469301,0,0,0,0,0,0,0,0,0,0,0,0,2.54934831986648,5.04492194173686,1.72418348817655,2.95615879609299,0,0,0,0,0,0,0,0,0,0,3015.97998039477,2475.60866390132,520.753675572623,1053.13518508441,348.280759830643,643.180899804813,0,0,115.878773909249,95.1168437843707,20.0697295711343,40.5927098430155,13.4194589132035,24.7817710758938,0,0,22863.6558828438,18662.1199731208,4565.5483772431,8951.6283607689,3327.47887120197,5845.47717351096,0,0,878.432579490239,717.029008047786,177.775664257507,349.415300700421,130.917039960066,230.499012920771,0,0,0,0,8.07140523238935,16.2348964189943,6.26503078360537,11.0671362238471,0,0,0,0,0,0,0,0,0,0,206.428408526259,185.157479694776,175.702696046077,390.830883474032,243.365770533732,479.399304317863,0,0,7.93127517868469,7.11404723967875,6.72423034861498,14.9475284575422,9.2762614307255,18.2670121136384,0,0,345.452269386319,306.995206664139,306.453343644316,725.500276301343,488.091774482668,990.247616783683,0,0,13.2727239408512,11.7952491512678,11.7265029259429,27.7413901412851,18.6027737867881,37.7235255970608,0,0,0,0,52.5404418011784,122.701038844728,64.8469007691043,124.032353660811,0,0,0,0,0,0,0,0,0,0,341.001509107715,164.907260618493,599.532297952203,573.292274051972
"152",2002,1695,12.5833333333333,6790.65648953352,5594.4904376109,1551.39080174553,2996.81789390146,927.482716174018,1585.31071565865,0,0,0,0,0,0,0,0,0,0,0,0,2.54884777481564,5.04368395443326,1.72696228492946,2.96266199491641,0,0,0,0,0,0,0,0,0,0,3031.75959924775,2485.28432612696,524.882795701407,1061.7056843522,352.582608627397,651.948631799269,0,0,116.485052099862,95.4885982001014,20.2288873220527,40.9231196012007,13.5852131857934,25.1195957380415,0,0,22827.4368392027,18607.166657991,4567.65359410243,8956.16137497773,3341.89771706533,5877.42192674815,0,0,877.041237987101,714.917607935555,177.861400283544,349.604862322567,131.491785864294,231.774626212682,0,0,0,0,8.0816768493734,16.2574990788972,6.29693897149855,11.1364063680299,0,0,0,0,0,0,0,0,0,0,207.221930819895,185.577394422125,176.889532785153,393.506484625729,246.105187119475,485.363800996391,0,0,7.96176391063,7.13018102602756,6.7698590617338,15.0503296821257,9.38111384358391,18.4951663331344,0,0,343.778821349168,305.118987565425,307.049403167082,727.115545458391,491.380397829314,998.147811374754,0,0,13.2084294492725,11.7231617623058,11.7495392203219,27.8036820992407,18.7286911147103,38.0256996340638,0,0,0,0,52.6684823705624,123.091118976901,65.287954836151,125.042054569927,0,0,0,0,0,0,0,0,0,0,343.928941623261,166.293326865423,608.812601265523,583.475681959889
"153",2002,1695,12.6666666666667,6770.61052329305,5572.46229698936,1550.61243199219,2995.08459729082,928.556363164871,1588.05964422346,0,0,0,0,0,0,0,0,0,0,0,0,2.54823017676844,5.04219716608752,1.72959413223806,2.96890240461068,0,0,0,0,0,0,0,0,0,0,3047.59926378836,2494.99054933269,529.01925322853,1070.28705011312,356.907248083138,660.775255977794,0,0,117.093637341816,95.8615268175595,20.3883288613165,41.2539501759135,13.7518457693095,25.4596898594094,0,0,22791.5666463551,18552.7069098615,4569.66021242161,8960.46565272535,3356.19342746914,5909.20327296171,0,0,875.663298252293,712.825171506766,177.943212689086,349.785290331523,132.061633306156,233.043749436323,0,0,0,0,8.0918822674163,16.2798735152558,6.32867747326396,11.205497724328,0,0,0,0,0,0,0,0,0,0,208.020406072825,186.004326582166,178.080204278845,396.196197349074,248.858562897098,491.374712521521,0,0,7.99244294069136,7.14658443346236,6.81563767055264,15.1536784784201,9.48650840911842,18.7251111490902,0,0,342.131084404869,303.267748254262,307.637522468308,728.700244176345,494.649780725498,1006.01757879505,0,0,13.1451227839511,11.6520341376842,11.7722775513401,27.8648207567862,18.8538914257058,38.3267518543238,0,0,0,0,52.7935356033082,123.473539747129,65.7255633047067,126.047342748353,0,0,0,0,0,0,0,0,0,0,346.867640932221,167.682559420643,618.179655855255,593.760065068363
"154",2002,1695,12.75,6750.53470181315,5550.52289131751,1549.73397975838,2993.15485437982,929.547892366585,1590.66188975553,0,0,0,0,0,0,0,0,0,0,0,0,2.5474874040813,5.04044783948399,1.73207890299567,2.97487932391513,0,0,0,0,0,0,0,0,0,0,3063.50031469071,2504.72873890333,533.163358890391,1078.87983282927,361.254804482717,669.6611112618,0,0,117.704581145957,96.2356836338766,20.548066046896,41.5852225630307,13.9193614987363,25.8020664315159,0,0,22756.0415703421,18498.7357582938,4571.5703960309,8964.5454953464,3370.36606574937,5940.82035455636,0,0,874.298616825877,710.75150778894,178.021185617301,349.95675120809,132.626582374751,234.306343174127,0,0,0,0,8.10200820961153,16.3019989589962,6.36024674176764,11.2744094516395,0,0,0,0,0,0,0,0,0,0,208.823760818445,186.437980057439,179.274460864713,398.898821961478,251.625712996866,497.431172301049,0,0,8.02330944618897,7.1632460846747,6.86155656395936,15.2575288661673,9.59243809494592,18.9568136556657,0,0,340.508623863287,301.441302472866,308.217724802981,730.255111978102,497.899497194189,1013.85640566695,0,0,13.082787243782,11.581859121069,11.794718681689,27.9248341143087,18.9783584104374,38.6266626200705,0,0,0,0,52.9156386120056,123.848353787218,66.1596853105215,127.048098498963,0,0,0,0,0,0,0,0,0,0,349.817676607463,169.075009633288,627.633849292729,604.146116213489
"155",2002,1695,12.8333333333333,6730.42892228535,5528.6711105001,1548.75720263338,2991.03191502211,930.457168325659,1593.11698671884,0,0,0,0,0,0,0,0,0,0,0,0,2.54661317504151,5.03842537648629,1.73441637649831,2.98059193417241,0,0,0,0,0,0,0,0,0,0,3079.4637315822,2514.49999455954,537.315328363605,1087.48440499314,365.625305557727,678.606365583686,0,0,118.317921151133,96.6111109020801,20.7081070937361,41.9169509372596,14.087761424096,26.1467318805228,0,0,22720.8581108623,18445.2484571094,4573.38630387773,8968.4052097505,3384.41574824342,5972.27240843261,0,0,872.947059225199,708.696434426022,178.095403051577,350.119411734721,133.186635267519,235.562371747208,0,0,0,0,8.11204433434759,16.3238594273085,6.39164708328618,11.3431405595475,0,0,0,0,0,0,0,0,0,0,209.63193083891,186.878083029379,180.47208980898,401.613293989825,254.406472873827,503.532397474418,0,0,8.05436095979404,7.18015553595875,6.90760754874683,15.36184004338,9.69889664542871,19.1902441408188,0,0,338.911024347798,299.639461714793,308.790030993568,731.780813928887,501.129149562581,1021.66377509412,0,0,13.0214068697135,11.5126294697291,11.8168632773959,27.9837473156082,19.1020768272409,38.9254121382813,0,0,0,0,53.0348263177986,124.215611136528,66.5902817199691,128.044204887199,0,0,0,0,0,0,0,0,0,0,352.779117250058,170.470726731019,637.17556023019,614.634505483058
"156",2002,1695,12.9166666666667,6710.29318513659,5506.90593014276,1547.68385007472,2988.71902722462,931.284101069543,1595.42454421846,0,0,0,0,0,0,0,0,0,0,0,0,2.54560273833934,5.03612180467459,1.73660628293143,2.98603936030657,0,0,0,0,0,0,0,0,0,0,3095.49018280834,2524.30515289411,541.475296674265,1096.10098745387,370.018695884994,687.611041066108,0,0,118.93368303625,96.9878407654019,20.8684571256895,42.2491436605749,14.2570434010169,26.4936870326195,0,0,22686.0129673106,18392.2404549922,4575.11008365827,8972.04909573902,3398.34263763329,6003.55875499152,0,0,871.608498640058,706.659776548894,178.165948568861,350.2734385038,133.741796033021,236.811802791371,0,0,0,0,8.12198270639065,16.3454428757752,6.42287869730449,11.4116899465044,0,0,0,0,0,0,0,0,0,0,210.444859199626,187.32438523363,181.672908509383,404.338665659642,257.200691319699,509.677672916341,0,0,8.0855952940109,7.19730317175576,6.95378358853807,15.4665756767277,9.80587831347682,19.425375473597,0,0,337.337887545575,297.86203455404,309.354460827363,733.277950173016,504.338367149556,1029.43916925419,0,0,12.9609663583106,11.4443378287593,11.8387119619423,28.0415830138085,19.2250324526639,39.2229805603068,0,0,0,0,53.1511319015619,124.575359927539,67.0173150284069,129.035547613119,0,0,0,0,0,0,0,0,0,0,355.752030605865,171.869757991211,646.805159506278,625.225882559837
"157",2003,1695,13,6690.12985553755,5485.22727541947,1546.51733985862,2986.22198271873,932.028350443999,1597.58329233507,0,0,0,0,0,0,0,0,0,0,0,0,2.54445222321333,5.0335298652464,1.73864778794259,2.99121893534989,0,0,0,0,0,0,0,0,0,0,3111.57996032232,2534.14451034856,545.643458067013,1104.72971936591,374.434733178268,696.674623901593,0,0,119.551878018614,97.3658846136001,21.0291235381352,42.581805927073,14.4271980926704,26.8429120789685,0,0,22651.5038089061,18339.7061040807,4576.74561382626,8975.4831343139,3412.14586817547,6034.67521152508,0,0,870.282845524033,704.64131715733,178.232971889911,350.419061119815,134.292028271508,238.054465777155,0,0,0,0,8.1318161042211,16.3667356698568,6.453939685813,11.4800496276292,0,0,0,0,0,0,0,0,0,0,211.262407273432,187.776449022277,182.876628988888,407.073443269401,260.007982578982,515.865425217845,0,0,8.11700712260514,7.21467217693035,7.000073622203,15.571678565895,9.91336840849535,19.6621478076054,0,0,335.788806238726,296.10878172161,309.911000393357,734.746873461768,507.526645656852,1037.18145593614,0,0,12.9014500639958,11.3769750050498,11.8602640693012,28.0983543999772,19.347205960152,39.5193246096639,0,0,0,0,53.2645787356014,124.927609643341,67.4407280749861,130.021937741897,0,0,0,0,0,0,0,0,0,0,358.736618965443,173.272376277976,656.523455088642,635.922622941673
"158",2003,1695,13.0833333333333,6670.83244992848,5463.9812163658,1545.91170466271,2984.53785685627,932.582774197658,1599.23378716834,0,0,0,0,0,0,0,0,0,0,0,0,2.54311130993105,5.0302567751683,1.74033060370672,2.99544207589525,0,0,0,0,0,0,0,0,0,0,3127.65774179965,2543.86800719913,549.861487849356,1113.37198531639,378.818664708537,705.618029316786,0,0,120.169612094068,97.7394769121162,21.1917039641909,42.9149756919118,14.5961167458241,27.1875085868567,0,0,22617.6548941408,18287.1595866177,4578.9768162241,8979.37993486777,3425.41921642775,6064.23917149773,0,0,868.98255908823,702.622390327932,178.322613700529,350.58149575858,134.821335704897,239.235802362623,0,0,0,0,8.14119314115249,16.3861036068525,6.48404447284051,11.5455618982034,0,0,0,0,0,0,0,0,0,0,212.051377327193,188.155679157047,184.035847717899,409.576160087685,262.73564653017,521.745546223848,0,0,8.14732094372256,7.22924279639406,7.04466544956656,15.6679167525854,10.0178323846764,19.8872163444895,0,0,334.255387213798,294.362195574001,310.44727386745,736.111275138146,510.633010632127,1044.64771935015,0,0,12.8425355086199,11.309868326813,11.8810467726538,28.1511449377419,19.4662727982776,39.8051880534326,0,0,0,0,53.3720150473393,125.258097690552,67.852320612834,130.97323679405,0,0,0,0,0,0,0,0,0,0,361.785376648701,174.767042117575,666.501644337808,647.403345297078
"159",2003,1695,13.1666666666667,6651.51918244555,5442.8353007247,1545.20718099279,2982.66654881174,933.067068578062,1600.754661336,0,0,0,0,0,0,0,0,0,0,0,0,2.54181364499223,5.02702834802759,1.74187160789316,2.99940782410653,0,0,0,0,0,0,0,0,0,0,3143.73797476224,2553.57444507266,554.072772552199,1121.99451759234,383.208982708658,714.587620375105,0,0,120.787440359505,98.1124137774543,21.3540273386906,43.2473907034693,14.7652830581449,27.5331170397673,0,0,22584.175394564,18235.1183427337,4581.11917209837,8983.07665445847,3438.58685488126,6093.65526591417,0,0,867.696464502421,700.622876967367,178.408728371937,350.735934461998,135.346405132942,240.411206392317,0,0,0,0,8.15071458028916,16.4056282622687,6.51398179765671,11.6108755992829,0,0,0,0,0,0,0,0,0,0,212.846744733933,188.544791751568,185.204095030572,412.109315775417,265.479976105021,527.680621905705,0,0,8.17788055839404,7.24419311587923,7.08960571451378,15.7653264303098,10.1229412581587,20.1144001247629,0,0,332.748692682907,292.640268131555,310.97714962479,737.44367014066,513.720066670195,1052.07481925073,0,0,12.7846477173171,11.2437090763624,11.9015898366904,28.2027254653203,19.5846192605014,40.0895952137096,0,0,0,0,53.4768050585966,125.581481531623,68.2603246237441,131.919392838194,0,0,0,0,0,0,0,0,0,0,364.84553462164,176.26476042961,676.56724607732,658.988326329132
"160",2003,1695,13.25,6632.18854481284,5421.7872944526,1544.4052285778,2980.61062482856,933.480766607845,1602.14508297285,0,0,0,0,0,0,0,0,0,0,0,0,2.54052511553412,5.02378622627222,1.74327440044253,3.00312098538759,0,0,0,0,0,0,0,0,0,0,3159.82877310329,2563.27094258199,558.279578241924,1130.60177569218,387.608050642995,723.587639457211,0,0,121.405674563678,98.4849687181033,21.5161804923341,43.5792218399067,14.9347876988632,27.8799001672817,0,0,22551.057241439,18183.5739894912,4583.17368651347,8986.57511416198,3451.64775924042,6122.92094763199,0,0,866.424251759591,698.64245498945,178.491354943295,350.882447585417,135.867195094124,241.580573911545,0,0,0,0,8.16033012147479,16.425224109077,6.54375394155754,11.6759912634282,0,0,0,0,0,0,0,0,0,0,213.648123739737,188.943125534573,186.380155453933,414.669231235144,268.239687270565,533.667314743385,0,0,8.20867114539213,7.25949772828323,7.13484776120095,15.8637665969024,10.228645868514,20.3435716258684,0,0,331.268022622342,290.942704932592,311.500795111097,738.745754088106,516.787360668825,1059.46274439295,0,0,12.7277597945406,11.1784859399959,11.9218995372548,28.2531605291475,19.7022279322916,40.3725454246466,0,0,0,0,53.5790043379358,125.897849606803,68.6646998155843,132.860288185158,0,0,0,0,0,0,0,0,0,0,367.917193010641,177.765609994531,686.720891213557,670.678678278697
"161",2003,1695,13.3333333333333,6612.83938162161,5400.83514949461,1543.50743986468,2978.37292043682,933.823546302013,1603.40447016116,0,0,0,0,0,0,0,0,0,0,0,0,2.53921769780892,5.02048231090187,1.74454170555241,3.00658523237102,0,0,0,0,0,0,0,0,0,0,3175.93684727702,2572.96345536072,562.483763068276,1139.1974371628,392.017755856874,732.621487552297,0,0,122.02457253297,98.8573705590308,21.6782346222608,43.9106100121315,15.1047030774092,28.2279884319976,0,0,22518.2929545826,18132.5184775279,4585.14161024928,8989.87766151889,3464.60120671091,6152.03415818539,0,0,865.165633466766,696.680815124459,178.570542065447,351.021126164912,136.383675980911,242.743820160288,0,0,0,0,8.16999884236097,16.4448215401206,6.57336283862451,11.7409093478064,0,0,0,0,0,0,0,0,0,0,214.455178530855,189.350079534253,187.563004111557,417.252693072193,271.013723653856,539.702742358324,0,0,8.23967980227001,7.27513354330516,7.18035224732182,15.9631140990243,10.3349057771885,20.5746207444028,0,0,329.8127107287,289.269212601968,312.018339088555,740.019038885231,519.834468898591,1066.81144849578,0,0,12.6718461403432,11.1141876457574,11.9419806554562,28.3025076135831,19.8190824785545,40.6540366012473,0,0,0,0,53.6786636785376,126.207286195805,69.0654126430411,133.795815526079,0,0,0,0,0,0,0,0,0,0,371.000435935055,179.269661718221,696.963076202639,682.475333424547
"162",2003,1695,13.4166666666667,6593.47083328011,5379.97706505078,1542.51543553517,2975.95634198508,934.095158594769,1604.53235906023,0,0,0,0,0,0,0,0,0,0,0,0,2.53786858818683,5.01707732279003,1.74567546609192,3.00980316857835,0,0,0,0,0,0,0,0,0,0,3192.06769608441,2582.65692000451,566.686829281792,1147.78449130808,396.439582504727,741.691863975613,0,0,122.644345540107,99.2298089721359,21.8402472858511,44.2416697546366,15.2750861398766,28.5774853895782,0,0,22485.8758694858,18081.9444693569,4587.024322485,8992.98691639772,3477.44664813178,6180.99314169646,0,0,863.920353569844,694.737675454082,178.646343379048,351.15207184515,136.895824955601,243.900872181131,0,0,0,0,8.17968779167728,16.4643644615737,6.60281001302131,11.8056300756696,0,0,0,0,0,0,0,0,0,0,215.267621395636,189.765115282374,188.751785115789,419.856920889598,273.801227960293,545.784451472513,0,0,8.27089547473745,7.29107987213161,7.2260863163617,16.0632623813041,10.4416881769268,20.8074538060697,0,0,328.38214269392,287.619516745982,312.529874427036,741.264845207468,522.860986055821,1074.12082943548,0,0,12.6168831525043,11.0508036509883,11.9618365919182,28.3508168720772,19.9351672464123,40.9340644901802,0,0,0,0,53.775827849144,126.509866635484,69.4624325647987,134.725872663293,0,0,0,0,0,0,0,0,0,0,374.095342944545,180.776981894667,707.294254216524,694.379152656939
"163",2003,1695,13.5,6574.08228175439,5359.21144187135,1541.43085566838,2973.36384811232,934.295418336173,1605.52838944491,0,0,0,0,0,0,0,0,0,0,0,0,2.53645909421885,5.01353897033751,1.74667707871101,3.0127766473722,0,0,0,0,0,0,0,0,0,0,3208.22584660922,2592.35545680933,570.889996026485,1156.36537934812,400.874694529725,750.800909349565,0,0,123.265167522888,99.6024422657792,22.0022651895504,44.5724945953698,15.445981549068,28.9284731675811,0,0,22453.799974856,18031.8452010996,4588.82329654189,8995.90570296118,3490.18367381599,6209.79638636148,0,0,862.688181111847,692.812776098965,178.718816190245,351.275394245975,137.403624627776,245.051666553149,0,0,0,0,8.18937018361589,16.4838072765436,6.63209668302358,11.8701534764516,0,0,0,0,0,0,0,0,0,0,216.085202738313,190.187746245918,189.945774906794,422.479485230462,276.601491831321,551.910323054696,0,0,8.3023085729746,7.3073180213833,7.27202219031314,16.1641183395161,10.5489659689668,21.041989930985,0,0,326.975746367103,285.993355924795,313.035467788121,742.484335658803,525.866529381981,1081.39074614801,0,0,12.5628488485354,10.9883239107385,11.9814697397314,28.3981324003738,20.0504674274562,41.212623323588,0,0,0,0,53.8705370617388,126.805659597268,69.8557315666434,135.650361798647,0,0,0,0,0,0,0,0,0,0,377.201989857642,182.287632860238,717.714844674845,706.390938444159
"164",2003,1695,13.5833333333333,6554.67332858867,5338.53686362604,1540.25535534865,2970.59844097156,934.424201644092,1606.39230058009,0,0,0,0,0,0,0,0,0,0,0,0,2.53497416030184,5.00984116391454,1.74754749347384,3.0155069090408,0,0,0,0,0,0,0,0,0,0,3224.41495562554,2602.06245576603,575.094230392875,1164.94205379243,405.323971029789,759.950265819712,0,0,123.887178980421,99.9754006888297,22.1643253784644,44.903159330239,15.6174230396857,29.2810147724988,0,0,22422.0598436946,17982.2144244472,4590.54008373342,8998.6370181805,3502.81199931502,6238.44260037257,0,0,861.468907584862,690.90587698877,178.788020847248,351.391209746291,137.907062505273,246.196148463431,0,0,0,0,8.19902463117244,16.5031136003267,6.66122380246471,11.934479401827,0,0,0,0,0,0,0,0,0,0,216.907706728897,190.617533525583,191.144366434697,425.11827285441,279.413933817507,558.078531309731,0,0,8.33391080449411,7.32383112784476,7.31813656244714,16.2656009888105,10.6567169180766,21.2781594615359,0,0,325.592987716486,284.390478884105,313.535163961451,743.678528898874,528.850740912011,1088.62102648907,0,0,12.5097227105347,10.9267387714028,12.0008816515502,28.4444927792512,20.1649691456483,41.4897061226607,0,0,0,0,53.9628276022796,127.094728091772,70.2452839988599,136.569189312418,0,0,0,0,0,0,0,0,0,0,380.320449096443,183.801673234725,728.225237101063,718.511440009841
"165",2003,1695,13.6666666666667,6535.24376278947,5317.95206989389,1538.99059912828,2967.66315472719,934.481440818151,1607.12392314423,0,0,0,0,0,0,0,0,0,0,0,0,2.53340170229755,5.00596291148343,1.74828734821999,3.01799476452839,0,0,0,0,0,0,0,0,0,0,3240.6379536135,2611.78069798634,579.300291353601,1173.51606274411,409.788056675396,769.14116372795,0,0,124.510492506438,100.348791096048,22.3264569196471,45.2337232530268,15.7894353506871,29.6351574111948,0,0,22390.6505355365,17933.0463238666,4592.17629224035,9001.18398995897,3515.33144478755,6266.93067663333,0,0,860.262343174003,689.016754681118,178.854019923783,351.499639863697,138.40613019608,247.334270342019,0,0,0,0,8.20863407643746,16.5222544670853,6.69019212000668,11.9986075500419,0,0,0,0,0,0,0,0,0,0,217.734945229903,191.054079412015,192.3470471521,427.771436769159,282.238069645395,564.287486692939,0,0,8.36569494079641,7.34060391088416,7.36440975251451,16.3676395475004,10.7649225122109,21.515901778518,0,0,324.233365035721,282.810641137574,314.028991588046,744.848320290107,531.813289241271,1095.81147686986,0,0,12.4574854625856,10.8660388394123,12.020073260043,28.4899318672775,20.2786595276192,41.765305070331,0,0,0,0,54.052732695858,127.377130821607,70.63106630397,137.482265361243,0,0,0,0,0,0,0,0,0,0,383.450790180063,185.319158315661,738.825796585763,730.741361005188
"166",2003,1695,13.75,6515.79353659281,5297.45593578857,1537.63825681064,2964.56104677485,934.467120516271,1607.72317322194,0,0,0,0,0,0,0,0,0,0,0,0,2.53173210779302,5.00188748435578,1.74889706250713,3.02024072502824,0,0,0,0,0,0,0,0,0,0,3256.89715385452,2621.51244763333,583.508763007614,1182.08861353606,414.267399895981,778.374487098012,0,0,125.135196980911,100.722700480201,22.4886821758261,45.5642325935211,15.9620356890448,29.9909350006763,0,0,22359.5675223157,17884.3354538574,4593.7335711196,9003.54984534883,3527.74191938606,6295.25966608311,0,0,859.068313909111,687.145199950874,178.916877600878,351.600810024609,138.900822804505,248.465990830367,0,0,0,0,8.21818500040402,16.5412069992833,6.7190022209395,12.0625374847692,0,0,0,0,0,0,0,0,0,0,218.566753169593,191.497022377094,193.553382506746,430.43735785881,285.073490421363,570.535793233397,0,0,8.39765463960239,7.35762248001081,7.41082507308345,16.470171965633,10.8735671264796,21.7551636655842,0,0,322.896404588084,281.253602558626,314.516967335511,745.99449817867,534.753870190141,1102.96188918131,0,0,12.4061189034014,10.806214888707,12.0390450387248,28.5344794258082,20.3915267300613,42.0394117790365,0,0,0,0,54.1402831396033,127.652923175875,71.013056817837,138.389503584044,0,0,0,0,0,0,0,0,0,0,386.593080092894,186.840140387073,749.516867703602,743.08136527334
"167",2003,1695,13.8333333333333,6496.32274557061,5277.04745524309,1536.20000005192,2961.29519059387,934.381274515964,1608.19004726343,0,0,0,0,0,0,0,0,0,0,0,0,2.52995783162778,4.99760173707372,1.74937690630697,3.02224509786147,0,0,0,0,0,0,0,0,0,0,3273.19434191751,2631.25952728498,587.720081738366,1190.6606246078,418.762284056889,787.650826978037,0,0,125.761361008253,101.097198867647,22.6510178460104,45.894722505178,16.1352349250386,30.3483702128053,0,0,22328.8066275143,17836.0766873844,4595.2135974151,9005.737884776,3540.04340848253,6323.42875587767,0,0,857.886659326812,685.291015808856,178.97665916834,351.694848566481,139.391138437075,249.59127393764,0,0,0,0,8.2276667969588,16.5599533476111,6.7476545584131,12.1262686512741,0,0,0,0,0,0,0,0,0,0,219.402984735424,191.946032814696,194.763002618335,433.114612909781,287.919845643119,576.822214245024,0,0,8.42978429859984,7.37487417122821,7.45736831811446,16.5731436989793,10.9826373714601,21.9958979951824,0,0,321.581657046965,279.719125607893,314.99909912893,747.117757886609,537.672206614381,1110.07204603464,0,0,12.3556057695656,10.7472577926319,12.0577971264162,28.5781616559728,20.5035599340168,42.3120174933455,0,0,0,0,54.2255077965805,127.922158008741,71.3912356102002,139.290820863222,0,0,0,0,0,0,0,0,0,0,389.747383582961,188.364668986949,760.29877751514,755.532081557394
"168",2003,1695,13.9166666666667,6476.83161141914,5256.7257265773,1534.67749945473,2957.86866958289,934.223982822928,1608.52461761245,0,0,0,0,0,0,0,0,0,0,0,0,2.52807304803743,4.99309552092853,1.74972705666792,3.0240080657796,0,0,0,0,0,0,0,0,0,0,3289.53085305155,2641.02338300106,591.934559682154,1199.23277032847,423.272854458361,796.970527681864,0,0,126.38903589087,101.472341818317,22.8134758647565,46.2252187825742,16.30903862748,30.7074762469806,0,0,22298.3639735021,17788.2651712625,4596.61806513698,9007.75145988093,3552.2359625799,6351.43725041755,0,0,856.717230447259,683.454015787647,179.033430598352,351.78188587973,139.877077773561,250.7100883071,0,0,0,0,8.23707123854204,16.5784797844894,6.77614948002075,12.1898003909263,0,0,0,0,0,0,0,0,0,0,220.243510078849,192.400809270799,195.975590858293,435.801946679314,290.776828933733,583.145642947195,0,0,8.46207892883662,7.39234740218873,7.50402732458637,16.6765066380765,11.0921215459447,22.2380626026979,0,0,320.288694431624,278.206973936373,315.475388843066,748.21871412112,540.568047841797,1117.14172500557,0,0,12.3059296177988,10.6891584702678,12.0763294309482,28.6210016748367,20.61474932462,42.5831132540642,0,0,0,0,54.3084340135303,128.184886297368,71.7655843463139,140.186137117057,0,0,0,0,0,0,0,0,0,0,392.913763416716,189.892791146647,771.17183805736,768.094107561893
"169",2004,1695,14,6457.28851867045,5236.38953744034,1533.13407603646,2954.36485822685,933.456072172133,1607.34591022794,0.55649881881122,1.36179292733853,0,0,0,0,0,0,0,0,0,0,2.52609759122062,4.9883333652485,1.74893710516358,3.02293210883156,0.00104286585065834,0.00256147459353197,0,0,0,0,0,0,0,0,3305.91269262288,2650.79225444264,596.161679277137,1207.81087357244,427.552634195205,805.642387956271,0.256019440441348,0.68558277893939,127.018452364534,101.847677481181,22.9764211609354,46.5559441481487,16.4739497709638,31.0416207919556,0.00986463395647449,0.0264156814912019,22268.2307148268,17740.751981699,4598.03884526274,9009.66456486385,3562.26093302343,6373.80623203707,2.12462998740179,5.40224364239159,855.55968738869,681.628477994959,179.090744562994,351.864731581096,140.277571211672,251.606147157633,0.0836665430593635,0.213256068838388,0,0,8.24646831994492,16.5966782335545,6.80055698690372,12.2426094812862,0.0040585442593654,0.010382525208901,0,0,0,0,0,0,0,0,221.095329211122,192.854328439089,197.202479476438,438.484488818066,293.48502341911,588.984340421868,0.173851258159053,0.496028948274393,8.49480748094992,7.40977232621357,7.55123611310717,16.7796920023599,11.1959381821387,22.4617603159398,0.00663209586388932,0.0189167057660548,319.017474027652,276.715625684396,315.948752281314,749.293722126831,543.126927481838,1123.20423272191,0.324128056979506,0.952422883946281,12.2570888072857,10.6318584493127,12.0947534258554,28.6628597978746,20.7131019399506,42.8158488806185,0.0123611674293114,0.0363057061979749,0,0,54.3895784704774,128.440364691557,72.0943969577197,140.954177258662,0.0430318243457173,0.119540849970345,0,0,0,0,0,0,0,0,396.084081926812,191.429369591067,782.107684667929,780.807409916003
"170",2004,1695,14.0833333333333,6437.52931620253,5215.64810688698,1531.7666691912,2951.03383383806,930.238212602955,1599.93395206239,3.57751258003778,8.75087326993508,0,0,0,0,0,0,0,0,0,0,2.52415309222827,4.98329784860792,1.7435544121731,3.01012710469219,0.00671334692581303,0.016477970734581,0,0,0,0,0,0,0,0,3322.42291738447,2660.57230596686,600.452470302712,1216.45115732928,430.758886809695,811.27927353549,1.70323782022196,4.56232479659696,127.652801602519,102.2234427007,23.1418168886759,46.8890562228782,16.5974952072234,31.2588236329176,0.0656271977175133,0.175787695287847,22238.3144517833,17692.97630791,4599.76975179207,9011.68983701218,3563.02341841356,6371.60431105906,13.7417770066448,34.9421002997031,854.410479950093,679.792855176652,179.159964228882,351.951428476334,140.313161815831,251.531961378514,0.541204178902233,1.37950816952846,0,0,8.25616559627298,16.614324602603,6.80731422358105,12.2482844119181,0.026356566895855,0.0674183816014135,0,0,0,0,0,0,0,0,221.981071831033,193.28365395959,198.481070590601,441.118361203157,295.483364214763,592.513724074979,1.09130974569211,3.12025526956943,8.52883942089339,7.42626769161661,7.60042735737512,16.8810218874077,11.2726826407084,22.5974039651692,0.0416325439222906,0.118998412843967,317.765664488885,275.235603115768,316.427502726929,750.31549236799,544.250071025595,1124.87176390456,2.10559577510048,6.18279363145448,12.2089937649433,10.5749935799245,12.1133873191161,28.7026921820577,20.7567119701306,42.8810759800934,0.08030245461831,0.235690628220828,0,0,54.4705753076243,128.685634373619,72.2327008918485,141.172904896319,0.279950024223118,0.777206844553682,0,0,0,0,0,0,0,0,399.230098923203,192.991066629697,792.995497759848,793.788855941426
"171",2004,1695,14.1666666666667,6417.66726804902,5194.92761496184,1530.28932810743,2947.50002494153,927.01059450202,1592.53136214303,6.55219708726383,16.0206710027857,0,0,0,0,0,0,0,0,0,0,2.52214212187419,4.97814058713489,1.73814740890771,2.99732570075301,0.0123110887933235,0.0301979011630007,0,0,0,0,0,0,0,0,3339.0615702256,2670.43815694271,604.77168830803,1225.14171434029,433.998528258065,816.975080129616,3.22433459956786,8.63900567186745,128.292085252699,102.602504472359,23.3083063354978,47.2241022773861,16.7223253416268,31.4782936022744,0.124236943323975,0.33286488301176,22208.6011187203,17645.5542774219,4601.39722177054,9013.49586208193,3563.78897862316,6369.44998347913,25.324570035517,64.3971568805948,853.269067863776,677.970819944863,179.225101616467,352.029399590341,140.348679081448,251.459248867843,0.997490487413118,2.54266148445814,0,0,8.26583914411702,16.6319100996881,6.8140987449941,12.2540799727043,0.0487607905430899,0.124719015987744,0,0,0,0,0,0,0,0,222.867829400405,193.719443680717,199.758290492922,443.768344039648,297.481057234057,596.058582420202,1.95481444000852,5.60001900648939,8.56291035478588,7.44301142203739,7.64956831920268,16.9829739504149,11.3494093972311,22.7336502486807,0.0745768509594632,0.213577122978544,316.530200398506,273.770436883239,316.898238910738,751.297930501678,545.34268162108,1126.4597807995,3.89269438035484,11.4234462716754,12.1615267135864,10.5186995154408,12.1317179065646,28.7410297569695,20.7991675433178,42.9432914394841,0.148461919004082,0.43547890612671,0,0,54.5492228839539,128.924212845152,72.3672615794954,141.384824007851,0.51886434702786,1.43960358309319,0,0,0,0,0,0,0,0,402.388700818877,194.556262599458,803.955768106411,806.848154528437
"172",2004,1695,14.25,6397.71120894926,5174.23426428361,1528.70584884079,2943.770442702,923.773453680001,1585.13863749563,9.48067732225017,23.171640590124,0,0,0,0,0,0,0,0,0,0,2.52004619765712,4.97282681357424,1.73271668636389,2.98452893872358,0.0178345825781337,0.0437189857399133,0,0,0,0,0,0,0,0,3355.80175758162,2680.36827504657,609.111444145911,1233.86618382036,437.263302800117,822.713636080581,4.81670288459822,12.9085062141575,128.935270021311,102.984035489849,23.4755865079755,47.5604539326005,16.8481230926686,31.6994095497493,0.185594015276121,0.497374559762656,22179.1052490076,17598.4959118974,4602.92695057902,9015.09371414458,3564.5592513323,6367.34587462598,36.8754633992769,93.7742885075676,852.136009515004,676.162757347907,179.286377725032,352.099075361483,140.384189520088,251.388117044539,1.45261774078107,3.70297500802032,0,0,8.27547218419265,16.6493978437811,6.82091456947406,12.2600022417165,0.0712654120926049,0.182274949856884,0,0,0,0,0,0,0,0,223.756006727619,194.16159083207,201.034981593264,446.433997946605,299.479850401348,599.620520802188,2.77073457899146,7.95154703383739,8.59703583601604,7.45999941518417,7.69869130410981,17.0855315172192,11.4261854197836,22.8705610270325,0.105708185359748,0.303272236130166,315.312134120479,272.321482643148,317.362117084581,752.246194317267,546.40735575063,1127.97582924992,5.68003537983087,16.6597761406967,12.1147280867622,10.4630283423429,12.1497892951524,28.7780694570976,20.8405673965763,43.0027822213975,0.216634086379017,0.635113798053063,0,0,54.6255900983354,129.156258096976,72.4981634421803,141.590087693922,0.759744028763283,2.10665264330489,0,0,0,0,0,0,0,0,405.559905059684,196.125009407488,814.988481741563,819.985712763625
"173",2004,1695,14.3333333333333,6377.66906853064,5153.57350092047,1527.0197923163,2939.85165847024,920.526939140757,1577.75610250044,12.3630922146907,30.2042706950645,0,0,0,0,0,0,0,0,0,0,2.51785092939803,4.96732930653931,1.72726262852315,2.97173757131086,0.023282592565042,0.0570394333912386,0,0,0,0,0,0,0,0,3372.62065579259,2690.34451254672,613.465175038146,1242.61099965306,440.54646558649,828.481784475053,6.47765639498093,17.3634907394345,129.581478986841,103.367338488297,23.6434052850098,47.8975900033538,16.974629337622,31.921665980143,0.249595460208985,0.66903559187341,22149.8386203171,17551.8089933095,4604.3639511393,9016.49311047587,3565.33534347333,6365.293590821,48.3968016087021,123.080065500772,851.011757412729,674.368966381603,179.343987194425,352.160833777824,140.419739015183,251.318633712103,1.90667406418165,4.8606962206324,0,0,8.28505030325145,16.6667559004962,6.8277632071025,12.266052593381,0.0938654827852715,0.240078069732625,0,0,0,0,0,0,0,0,224.645882915125,194.609918693143,202.311672521387,449.114465913569,301.480879589845,603.200125305849,3.54478268309703,10.189483555769,8.63122658814869,7.47722488117052,7.7478165687115,17.1886618458723,11.5030541720068,23.0081589678194,0.135244639341404,0.388642729024865,314.112311310538,270.889868334488,317.82014429044,753.164809354505,547.446454247575,1129.42674107374,7.46295783668232,21.8790876528896,12.0686303760244,10.4080233978466,12.1676398913945,28.8139840557093,20.8810013106863,43.0598081428758,0.284641245094626,0.834111389043044,0,0,54.69973820608,129.381911377312,72.6254857188513,141.788838875146,1.00255801079585,2.77827574090125,0,0,0,0,0,0,0,0,408.743733914217,197.697357800892,826.093671278311,833.201942898559
"174",2004,1695,14.4166666666667,6357.54801497056,5132.95013434559,1525.23451713728,2935.7498668949,917.27113317424,1570.38394530207,15.1995928724538,37.1190796739243,0,0,0,0,0,0,0,0,0,0,2.51554528306092,4.96162705723376,1.72178546154083,2.95895211777858,0.0286541169672986,0.0701578741803255,0,0,0,0,0,0,0,0,3389.49886268601,2700.3515628271,617.82742597081,1251.36493126849,443.842521713594,834.26886364885,8.20446491210061,21.9965016484363,130.229966686796,103.751825363037,23.8115530394439,48.235078900812,17.1016329103877,32.1446531402985,0.316136590792869,0.847562035977577,22120.8106940529,17505.499428523,4605.71266140012,9017.70262956087,3566.11793176221,6363.29391360313,59.8908132551053,152.3207370848,849.896675072905,672.589673997075,179.398102454656,352.21500880138,140.455356716334,251.25083458417,2.35974319457899,6.01606044429197,0,0,8.29456120913315,16.683956811073,6.83464434727732,12.272229014677,0.116556721122451,0.298121267162193,0,0,0,0,0,0,0,0,225.537634602575,195.064197186818,203.588649250653,451.808592936542,303.484808253447,606.797217172719,4.28207563616026,12.3270269737002,8.66548939796336,7.49467898006379,7.79695505040824,17.2923207209178,11.580040973609,23.1464373174624,0.163381559896723,0.470192376645453,312.931400995165,269.476524890553,318.273187448492,754.057724749338,548.462108880903,1130.81867321096,9.23745006766301,27.0703982011999,12.0232592866039,10.3537204498917,12.1853027456163,28.8489242924282,20.9205503472507,43.1146033378628,0.352330456831046,1.03205310669581,0,0,54.7717219654352,129.601299696226,72.7493029443574,141.981211280611,1.24727500534323,3.45439474807331,0,0,0,0,0,0,0,0,411.940212875487,199.273356876796,837.271398089282,846.497246932212
"175",2004,1695,14.5,6337.35457735866,5112.36843953296,1523.35320767484,2931.47093986848,914.006068292065,1563.02224855163,17.9903411540519,43.9166119240736,0,0,0,0,0,0,0,0,0,0,2.51312096080173,4.95570414366009,1.71628529449486,2.94617291158122,0.0339483538872577,0.0830733000398047,0,0,0,0,0,0,0,0,3406.4198437891,2710.37649675156,622.1936627416,1260.11869039785,447.147004010328,840.066264379054,9.99438412348927,26.8000392818805,130.880097840289,104.13699935598,23.9798554722446,48.572563558727,17.2289620830653,32.3680400437578,0.385112134615886,1.03266621317006,22092.0289910008,17459.5715604346,4606.97703611365,9018.72989718503,3566.90734776522,6361.34696408898,71.3596070273638,181.502220717651,848.791051451267,670.825047055276,179.448877269306,352.261897559767,140.491058335408,251.184729654602,2.81190432167402,7.169290415876,0,0,8.30399450010277,16.7009771413097,6.84155640637025,12.2785271518038,0.139335360093658,0.356398150699194,0,0,0,0,0,0,0,0,226.431355676723,195.524156747663,204.866013782535,454.515023409069,305.491942368368,610.411061197957,4.98719121769538,14.3760577051728,8.69982787274056,7.5123513547273,7.84611061990411,17.3964561941488,11.6571574134573,23.2853679068026,0.190293706394255,0.548374629182751,311.769921497604,268.082212901676,318.721983237301,754.928366664955,549.456231980411,1132.15715018602,11.0000781751061,32.2242582459613,11.9786347335178,10.3001487215683,12.2028059272532,28.8830209102183,20.9592872048616,43.1673778525411,0.419570828183213,1.22857885438787,0,0,54.8415906369201,129.814538013191,72.8696854010094,142.167330374732,1.49386354740516,4.13493169761762,0,0,0,0,0,0,0,0,415.14936933151,200.853053701165,848.521738191645,859.872004927568
"176",2004,1695,14.5833333333333,6317.09474635078,5091.83224092443,1521.37889728425,2927.02047102597,910.731740964016,1555.67101442523,20.7355085447263,50.5974349907682,0,0,0,0,0,0,0,0,0,0,2.51057190054005,4.94954881813356,1.71076215132462,2.9334001396429,0.0391646726817821,0.0957850145548422,0,0,0,0,0,0,0,0,3423.36947545778,2720.40838046533,626.560117688955,1268.86460594396,450.45629069454,845.867065996987,11.8446799088491,31.76662717906,131.53132979433,104.522440370944,24.1481676987457,48.9097489694079,17.356477574898,32.5915605187831,0.456417169746452,1.22406122299826,22063.4994015505,17414.0284245437,4608.1606224072,9019.58173961392,3567.70364709356,6359.45233671828,82.80516971022,210.630096677119,847.695112862326,669.075202184831,179.496449653542,352.301766266599,140.526848828558,251.120308382869,3.2632320055779,8.32059606412567,0,0,8.31334144884449,16.7177970512749,6.84849693166106,12.2849410801621,0.162198029442138,0.414902831193077,0,0,0,0,0,0,0,0,227.327073363109,195.989499418349,206.143730156503,457.232275940626,307.502320248122,614.040527395846,5.66421965951279,16.3472559216198,8.73424305852999,7.53023055716226,7.89528184751435,17.5010114592349,11.7344047985058,23.4249073631329,0.216137218526137,0.623597105029803,310.628262116097,266.707545133042,319.167148616492,755.779688696827,550.430528851866,1133.44710918797,12.7479219076635,37.3325888577076,11.9347716744738,10.247331756287,12.2201729254665,28.9163865783737,20.9972766847612,43.2183193469309,0.486251061944566,1.42338081039887,0,0,54.90938883046,130.021731095732,72.9866995406794,142.347314217547,1.74229203134377,4.81980876840908,0,0,0,0,0,0,0,0,418.371231509937,202.436493036785,859.844771874145,873.326567069522
"177",2004,1695,14.6666666666667,6296.77405775385,5071.34498213239,1519.31448769799,2922.40381283061,907.448122841963,1548.33018514164,23.4352752760667,57.1621372830234,0,0,0,0,0,0,0,0,0,0,2.50789386676563,4.94315275855026,1.70521599635058,2.92063387515618,0.0443025897066791,0.108292590186813,0,0,0,0,0,0,0,0,3440.33566413087,2730.43795722023,630.923661162351,1277.59635262274,453.767454363737,851.665734666531,13.7526480138311,36.8888651900308,132.183197894957,104.907792748857,24.3163693211275,49.2463917799549,17.4840667617737,32.8150016382091,0.529947883224962,1.42146299114837,22035.2264445252,17368.8719626232,4609.26662264236,9020.26431091099,3568.50666620502,6357.60920905315,94.2293657511232,239.70960682632,846.609032923838,667.34021399162,179.540944301535,352.33485514288,140.562724598694,251.057543952652,3.71379615529591,9.47017444872118,0,0,8.32259480461723,16.7343998957028,6.85546290431425,12.2914638799954,0.185141663737366,0.473629759984189,0,0,0,0,0,0,0,0,228.224761484792,196.459907793225,207.421660856485,459.958801135851,309.515783354158,617.684217303777,6.31681062090104,18.2502098134938,8.76873394957255,7.54830439213453,7.94446340101517,17.6059270724049,11.8117768733428,23.5650019647167,0.241051409573729,0.696225722837498,309.506701443145,265.353005737903,319.609191464024,756.614219009286,551.386511655121,1134.69294570072,14.478517072277,42.3885349894837,11.8916808137191,10.1952881559816,12.2374230547126,28.9491176918539,21.034576214606,43.267594822318,0.552277258458181,1.61619782727487,0,0,54.9751572265255,130.222975105591,73.1004083722102,142.521274250286,1.99252873796976,5.50894826329584,0,0,0,0,0,0,0,0,421.605827635432,204.023717153822,871.240576053676,886.861248409958
"178",2004,1695,14.75,6276.39766282772,5050.90978455552,1517.16276543218,2917.6261078729,904.155170033765,1540.99965998912,26.0898296261643,63.6113262416328,0,0,0,0,0,0,0,0,0,0,2.50508411124999,4.93651044558541,1.69964675500074,2.90787410532033,0.0493617475556123,0.120595831489401,0,0,0,0,0,0,0,0,3457.30802490543,2740.45737903817,635.281693151718,1286.30872180058,457.078135458872,857.457870282093,15.7156300492665,42.1594728925611,132.835303137594,105.292754957854,24.4843602733177,49.5822915053561,17.6116388235029,33.0381940123428,0.605602188440829,1.62459194481255,22007.213485935,17324.1032029797,4610.29794735021,9020.78320004615,3569.31606958018,6355.81643296686,105.633938006878,268.745656535163,845.532940961518,665.620121984686,179.582474630827,352.361382557709,140.598675325426,250.996396810001,4.16366205299783,10.6182098218815,0,0,8.33174861289163,16.750771855579,6.86245096950978,12.2980880718708,0.208163429674783,0.532573605888534,0,0,0,0,0,0,0,0,229.124351517688,196.935052301158,208.699595932654,462.693026512167,311.5320327175,621.340563535004,6.94821616614701,20.0935154625694,8.8032979130641,7.56656019699259,7.99364716396661,17.7111426794311,11.8892619874211,23.7055914681571,0.265160407217298,0.766588513681763,308.405423057879,264.01896687163,320.04852105811,757.434104319448,552.325513964405,1135.89855858354,16.1898035440139,47.3863322735343,11.8493692049605,10.1440322194473,12.2545718547981,28.9812960510676,21.0712363999599,43.3153523313427,0.617570930669013,1.8068103473547,0,0,55.0389331955047,130.418358964384,73.2108718155958,142.689316010742,2.24454185516966,6.20227258370814,0,0,0,0,0,0,0,0,424.853185251269,205.614765702545,882.709218637779,900.476325555106
"179",2004,1695,14.8333333333333,6255.97038736065,5030.52949664132,1514.92641565528,2912.69231525689,900.852830734178,1533.67930941468,28.6993673613628,69.9456268626431,0,0,0,0,0,0,0,0,0,0,2.50214109242016,4.92961864577786,1.69405433052784,2.8951207547188,0.0543418973163652,0.13269474352909,0,0,0,0,0,0,0,0,3474.2776103731,2750.45998053541,639.632052077167,1294.99742831656,460.386436496827,863.239994668037,17.73102635234,47.5713247127822,133.487301748501,105.677070903231,24.6520573234462,49.9172831205301,17.7391206869965,33.2610036646389,0.683280221961843,1.83317436936349,21979.4629237429,17279.7224124308,4611.2572597411,9021.14352083589,3570.13138876972,6354.07261011258,117.020509436708,297.742819145027,844.4669291079,663.914936415419,179.621144501487,352.381548505686,140.634685480332,250.936817592867,4.61289041505687,11.7648737888031,0,0,8.34079805149418,16.7669016000094,6.86945760787488,12.3048059393386,0.23126066913289,0.591729163569931,0,0,0,0,0,0,0,0,230.025741781727,197.41459709431,209.97727609341,465.433390833836,313.55067347902,625.007907281232,7.56133003389134,21.8848688293815,8.83793104229453,7.58498506792412,8.04282312263783,17.8165983363,11.9668448061762,23.8466120889998,0.288574652906435,0.834979132634183,307.324528986425,262.705703086609,320.485458249704,758.241150747252,553.248705570307,1137.06739394729,17.8800783795594,52.321186217465,11.8078407685289,10.0935744954164,12.2716314794459,29.0129904226342,21.1073015863821,43.361722645095,0.682067214028483,1.99503579158059,0,0,55.100751328877,130.607965527636,73.3181470245466,142.851539782428,2.49829949342445,6.89970420252221,0,0,0,0,0,0,0,0,428.113330678716,207.209675636924,894.250754500386,914.17203488631
"180",2004,1695,14.9166666666667,6235.49678036107,5010.20673451058,1512.60803369865,2907.60723242431,897.541051339504,1526.36898640577,31.2640913000754,76.1656805279776,0,0,0,0,0,0,0,0,0,0,2.4990642487738,4.9224759923141,1.68843861706906,2.88237370463634,0.0592428836555145,0.144589505201411,0,0,0,0,0,0,0,0,3491.23668605491,2760.4400917766,643.972939546738,1303.6589508259,463.690835588815,869.009378146811,19.7963059436861,53.1174773603244,134.138896556629,106.060522737005,24.8193911881944,50.2512309369608,17.8664537085643,33.4833253778474,0.762884728780983,2.04694346973697,21951.9763410922,17235.7292220808,4612.14701238745,9021.34998593117,3570.95205391667,6352.37615284185,128.390585628837,326.705342680632,843.411058189471,662.224643110081,179.657049633145,352.395537467986,140.670735550892,250.878749497189,5.06153748549813,12.9103255555028,0,0,8.3497392831983,16.782779978701,6.87647925440264,12.3116097507162,0.254430856520915,0.65109129011655,0,0,0,0,0,0,0,0,230.928804905003,197.898204652703,211.25441028773,468.178368819053,315.571248586912,628.684555722478,8.15872327591071,23.6311499607147,8.8726284434324,7.60356603687045,8.09198004148407,17.9222354602607,12.0445076058806,23.9879987106718,0.31139226273713,0.901660073696077,306.264051089976,261.413403661195,320.920245241473,759.036861475387,554.157107308402,1138.20248747735,19.5479538735625,57.189163449019,11.7670967289229,10.0439222562559,12.2886110701167,29.044257978888,21.1428104237581,43.406820863601,0.745713265121665,2.18072440822993,0,0,55.1606438872297,130.791872577899,73.4222886774438,143.008041177953,2.75376969669893,7.60116563563592,0,0,0,0,0,0,0,0,431.386288603396,208.808481184314,905.865222904443,927.948572137563
"181",2005,1695,15,6214.5158288357,4989.38537732241,1510.1790545029,2902.4242730817,892.451976760006,1514.70173901352,35.612092131385,86.7244939331136,0,0,0,0,0,0,0,0,0,0,2.49592803100989,4.91521478795429,1.67947383748787,2.86138460647878,0.0675069260285408,0.164695717449192,0,0,0,0,0,0,0,0,3508.25933977419,2770.43936226313,648.282556149226,1312.3124913157,466.075799038454,872.265114540247,22.8788172053047,61.3960569422113,134.792934134628,106.444710699623,24.985526504291,50.5848767939419,17.9583605465655,33.6087963033553,0.881688776097949,2.36600676535828,21924.6749209952,17191.8447475787,4612.80244212093,9021.45862800445,3564.70943712579,6332.45089235699,147.059023050399,374.280692429923,842.362299547823,660.538526891971,179.683937702952,352.405657633788,140.428353469662,250.100351557302,5.79777642891565,14.7910686076429,0,0,8.35880907780262,16.798840689897,6.86989657313067,12.2830536972319,0.291796448310901,0.746891660184256,0,0,0,0,0,0,0,0,231.855300035386,198.397200657404,212.567428939366,470.99972864197,317.003995257822,630.613881000361,9.37919030128986,27.1576795488968,8.90822613412269,7.62273825467317,8.14251289357348,18.0308009800424,12.0997396464274,24.0627225556702,0.357995088067112,1.03628034559872,305.228610612884,260.145229436467,321.357543090941,759.836118834822,553.948288660893,1136.01645373605,22.3308631394521,65.3360933560197,11.7273146412328,9.99519694653912,12.3056884008029,29.0756673557953,21.1357000757955,43.3252731098276,0.85190721724527,2.49147855907601,0,0,55.2203864566974,130.973609118496,73.3776046440732,142.746431101101,3.16186637546426,8.72773396098884,0,0,0,0,0,0,0,0,434.641260079391,210.389019259891,917.438790768891,941.607225415146
"182",2005,1695,15.0833333333333,6193.15633347762,4968.24959254541,1507.63352897874,2897.08301552064,886.404686007675,1500.71192406821,40.9041844565,99.5581691863272,0,0,0,0,0,0,0,0,0,0,2.49267125201118,4.90776292916281,1.66870084931298,2.83599069860137,0.0775655073152578,0.189135833706205,0,0,0,0,0,0,0,0,3525.41785021132,2780.52010035454,652.603044198058,1321.01454259613,467.968399104521,874.149076216236,26.6174281271034,71.4291733446047,135.452191544985,106.832028777901,25.152080964953,50.9203893324467,18.0312942232305,33.6814087335873,1.02577797627051,2.75268665870761,21897.4802254203,17148.0979176356,4613.27472569739,9021.39993092354,3554.57916396884,6302.52399718468,169.793354809612,432.16627377079,841.317639714063,658.857699244031,179.703729825498,352.409152016355,140.032579104173,248.926398294927,6.69433155457545,17.0793460828331,0,0,8.36778404903177,16.8148214382604,6.85581903395717,12.2350492294845,0.337255659532924,0.863343762405698,0,0,0,0,0,0,0,0,232.793600377136,198.904967949823,213.89467454756,473.857314821596,318.097101742061,631.542774891692,10.8963727523865,31.5346344995782,8.94427739617939,7.6422474794823,8.19359211844666,18.1407577738513,12.142012266982,24.0992771851075,0.415928228592732,1.2033657258052,304.209390372025,258.893753646523,321.790555009011,760.620856118323,553.096493924759,1131.93928641454,25.7335918229598,75.2870411480083,11.688155737206,9.94711321799838,12.3226033654218,29.106527215845,21.1040615902889,43.1716047891806,0.981757779256536,2.87105846729251,0,0,55.2790443114266,131.151282159277,73.2482166488127,142.249054988048,3.65782613938967,10.0965532821852,0,0,0,0,0,0,0,0,437.891751301078,211.960911307767,929.003990509059,955.205522114659
"183",2005,1695,15.1666666666667,6171.68005627799,4947.11451053211,1504.98905094165,2891.5548120067,880.418997674355,1486.92007584474,46.0882023447763,112.100424700115,0,0,0,0,0,0,0,0,0,0,2.48924562869044,4.9000343055897,1.65803600093684,2.81094903821868,0.0874377672360108,0.213060716405317,0,0,0,0,0,0,0,0,3542.65417899584,2790.64586808882,656.942695767773,1329.74563913084,469.886087804111,876.078860180371,30.4673282925381,81.7510148713795,136.114438860693,107.221076967069,25.3193719249263,51.257018456198,18.1051938417895,33.7557855641385,1.17416108038107,3.15050700660081,21870.4338005199,17104.642606398,4613.66077514917,9021.14644725993,3544.61843633762,6273.08611986901,192.412303793823,489.691424963683,840.278675179684,657.188072253258,179.720105916272,352.404881170012,139.643239608477,247.771209161279,7.5864860105437,19.353720132588,0,0,8.3765244344335,16.8304676872381,6.84205702991262,12.1879271882101,0.382750926945002,0.979753876835902,0,0,0,0,0,0,0,0,233.731174557844,199.414667520019,215.215328023589,476.70921782299,319.187297773929,632.472993102208,12.3439150551791,35.7137540129875,8.98030075635154,7.66183094556031,8.24442051869804,18.2505017813867,12.184177854436,24.1358861522748,0.471208932126898,1.36291908858556,303.203884702965,257.657442982401,322.217079956853,761.384996398499,552.233919558812,1127.85701878347,29.1006433184517,85.1113911905985,11.6495237459798,9.89961215843455,12.3392718589511,29.136604946109,21.0720149973064,43.0177417693031,1.11025563347803,3.24583720160641,0,0,55.3356271573382,131.322972405742,73.1175901713564,141.752210438998,4.15564516376554,11.4672160813234,0,0,0,0,0,0,0,0,441.155364837365,213.536828805107,940.621834483338,968.850468223781
"184",2005,1695,15.25,6150.10031395224,4925.98990541352,1502.25031693657,2885.84852091958,874.494388795077,1473.32379015273,51.1652549892808,124.35507274183,0,0,0,0,0,0,0,0,0,0,2.48565294369769,4.89202418571966,1.64747649940096,2.78625303576402,0.0971237046560124,0.236473564696712,0,0,0,0,0,0,0,0,3559.93295259566,2800.7889707348,661.291188053145,1338.48506963287,471.818650788686,878.035167694697,34.422770238024,92.3453464325533,136.778316974082,107.610791191265,25.4870028674103,51.5939684931415,18.1796669264173,33.8311852437085,1.32661741764279,3.55884441417297,21843.5556621544,17061.4931294415,4613.96706744881,9020.71091770683,3534.82695196094,6244.13363512957,214.920887264526,546.871288489745,839.246174972387,655.530195947045,179.733317953879,352.393341655165,139.260329225112,246.634655981428,8.47442961704138,21.6147662117201,0,0,8.38505140990628,16.8457888696085,6.82860504026496,12.1416743605321,0.42827720903036,1.09611619464266,0,0,0,0,0,0,0,0,234.668332916878,199.926325067893,216.530477137798,479.556429862898,320.276175706412,633.40704132568,13.7301854215927,39.71714484097,9.01630813835332,7.68148964033773,8.29503979349077,18.3600710277196,12.2262972328685,24.1726452171148,0.52415672319481,1.51578430828896,302.213654337727,256.437778821536,322.638556849247,762.133002188707,551.364406011478,1123.77836072112,32.4264885908612,94.7944150763041,11.6114786334004,9.85275068473462,12.3557488350407,29.1660709508311,21.0397065391862,42.8640156224186,1.23718985201065,3.6152529498866,0,0,55.3901864729964,131.488833280926,72.9858528271544,141.256128999758,4.65526853744877,12.8396070783037,0,0,0,0,0,0,0,0,444.43209299933,215.11678725354,952.292148653346,982.542035333246
"185",2005,1695,15.3333333333333,6128.42915661083,4904.88450433568,1499.42170309629,2879.97239510461,868.630211085296,1459.92044306429,56.1364670681941,136.325942135017,0,0,0,0,0,0,0,0,0,0,2.48189590005269,4.8837308952298,1.63701986793302,2.76189646895699,0.10662360818311,0.259378075384177,0,0,0,0,0,0,0,0,3577.22425034786,2810.92615852022,665.63998567058,1347.21577523699,473.757946245704,880.002770079778,38.4779958972774,103.195938217932,137.442676285433,108.00027815706,25.6546458435889,51.9305838970377,18.2544005398384,33.9070224279281,1.48292583597105,3.97707548442608,21816.8621437869,17018.6608555582,4614.19918449627,9020.10432305684,3525.20372904215,6215.66167731394,237.32387911205,603.720284758908,838.220766638808,653.884507132599,179.743583306019,352.37496190425,138.88381564429,245.516561983996,9.35834299346644,23.8630324547776,0,0,8.39338169546381,16.8607910248972,6.81545607380478,12.0962741589475,0.473829969262274,1.2124252611193,0,0,0,0,0,0,0,0,235.605239148636,200.439867207784,217.840808852155,482.399275272564,321.364646459952,634.346191642121,15.0626667319054,43.5646955005547,9.05230583156518,7.70122074421948,8.34547624751741,18.4694778740381,12.2684050635069,24.2096027605236,0.575057303881945,1.66272052826395,301.239969931743,255.235966255555,323.056211089257,762.868672897549,550.491315319961,1119.71090217863,35.7065561675859,104.323967681327,11.5740692201774,9.8065750984414,12.3720810845588,29.1950702858643,21.0072642278734,42.7107152684724,1.36238605056468,3.97884245710223,0,0,55.4427705859148,131.649004782525,72.8531213414649,140.761020370975,5.15664234694358,14.2136148175763,0,0,0,0,0,0,0,0,447.721931235013,216.700801902481,964.014803069476,996.280223927093
"186",2005,1695,15.4166666666667,6106.67753742836,4883.80612770754,1496.50730413482,2873.93415694965,862.825717319727,1446.70723953678,61.0029751752396,148.016869181396,0,0,0,0,0,0,0,0,0,0,2.47797791001338,4.87515522973513,1.62666387944529,2.73787340051274,0.115938020344937,0.281778378118133,0,0,0,0,0,0,0,0,3594.50282935676,2821.03798714155,669.982072162384,1355.92379847555,475.697561810902,881.969824015051,42.6272903091539,114.286711130333,138.106546922328,108.388790783217,25.8220311810911,52.2663281246548,18.3291481279429,33.9828417238264,1.64286676910788,4.40458241626481,21790.3664245509,16976.1546379892,4614.36194420843,9019.33614580271,3515.74723602961,6187.66439162377,259.625801505073,660.252091498523,837.202956533386,652.2513459656,179.751089791695,352.35011233559,138.513645036494,244.416711551527,10.2383972248517,26.0990388470828,0,0,8.40152843620475,16.8754777298575,6.80260217166952,12.0517077530456,0.519405043202131,1.32867574897703,0,0,0,0,0,0,0,0,236.54193733625,200.955141911712,219.146694517741,485.23756445132,322.453100492714,635.290785291372,16.3480294404638,47.2742457904481,9.08829552971218,7.72101841604689,8.39574406211883,18.5787149293478,12.3105160255168,24.246771412018,0.624165337386749,1.80440863140913,300.283848709341,254.052968795755,323.471068448707,763.595201330205,549.617562846796,1115.66119960645,38.9371299772487,113.690220507354,11.5373345898508,9.76112241919393,12.3883077627749,29.2237248110214,20.9747990427797,42.5580902438894,1.48570248710115,4.33623084488528,0,0,55.4934249043817,131.803615057987,72.7195026309103,140.267074510432,5.65971358278407,15.5891312351092,0,0,0,0,0,0,0,0,451.024876430322,218.288887100705,975.789693356422,1010.06504509948
"187",2005,1695,15.5,6084.85546934931,4862.76181859183,1493.51096981437,2867.74106841395,857.080084665563,1433.6812561945,65.7659249032008,159.431690467184,0,0,0,0,0,0,0,0,0,0,2.47390291136277,4.86629993351927,1.61640649939119,2.71417810896833,0.125067703312492,0.303678973291726,0,0,0,0,0,0,0,0,3611.74740932589,2831.10822926922,674.311702987124,1364.59777637695,477.632503809872,883.927253445091,46.8650251203982,125.601854187235,138.769111261743,108.775705589784,25.9889380149423,52.600764202119,18.4037176024862,34.0582939852896,1.80622391255183,4.84075752796757,21764.0790166776,16933.9812110628,4614.45952114064,9018.41461048016,3506.45550750544,6160.13515704451,281.830922485897,716.479639700826,836.193148545753,650.630971189666,179.756000340019,352.319114647088,138.149746549803,243.334858879542,11.1147537570958,28.3232770330659,0,0,8.40950197663853,16.8898508855223,6.79003482445797,12.0079550098137,0.564998527431115,1.44486228249845,0,0,0,0,0,0,0,0,237.478376284429,201.471936712605,220.448264682513,488.070728159911,323.541546875112,636.240493158124,17.5922065796291,50.8617639586754,9.12427526577087,7.74087449249462,8.44584816773072,18.6877602078394,12.3526301563234,24.2841380540531,0.671707312178772,1.94145800420636,299.346088936534,252.889541017538,323.883970985129,764.315232830919,548.745652939828,1111.63486815632,42.1152490874363,122.885398542321,11.5013054132799,9.71642163897888,12.4044609952794,29.252135445271,20.9424062811882,42.4063541964259,1.60702623317147,4.68712156590682,0,0,55.5421921686198,131.952781925133,72.5850948595654,139.774463694018,6.16443005538734,16.9660512652094,0,0,0,0,0,0,0,0,454.340925474922,219.881055773798,987.616725519474,1023.89650587528
"188",2005,1695,15.5833333333333,6062.97218061022,4841.75797112067,1490.43634119483,2861.40000056999,851.39243761784,1420.83948339543,70.4264680549243,170.574235979199,0,0,0,0,0,0,0,0,0,0,2.46967519301271,4.85716919612448,1.60624583290539,2.69080502669468,0.134013603617806,0.325084667588967,0,0,0,0,0,0,0,0,3628.93996068319,2841.1232892763,678.624159845717,1373.22843617547,479.55889103845,885.868141620014,51.1857000231319,137.125936353457,139.429676578691,109.160500211032,26.155184869033,52.933535389969,18.4779595965668,34.1331129945447,1.97278582104388,5.28500756920613,21738.0082511006,16892.1455848723,4614.49556618081,9017.34692204816,3497.32625763979,6133.06680400827,303.943255919101,772.415116131112,835.19166275815,649.023575300528,179.758457613603,352.282251034949,137.792036714208,242.270736434308,11.987564382143,30.5362103752798,0,0,8.41731059803505,16.9039114388256,6.77774534694203,11.9649953392753,0.610606679914139,1.5609792939267,0,0,0,0,0,0,0,0,238.414433488073,201.989996533043,221.745480924873,490.897946054371,324.629744622504,637.194560904091,18.8004738433348,54.3415371916318,9.16024033288182,7.76077917307981,8.49578700240465,18.7965820657196,12.3947378951506,24.3216732378081,0.717884600488407,2.07441381036112,298.427304712584,251.746261535437,324.295595440014,765.030929688558,547.877719779978,1107.63668406998,45.2386026584927,131.903503655201,11.4660052853812,9.67249498908414,12.4205665792192,29.2803846240699,20.9101671081427,42.2556887717031,1.72626916247724,5.031285843876,0,0,55.5891127316815,132.096614442775,72.4499885281632,139.283344651073,6.67074030742976,18.3442724354279,0,0,0,0,0,0,0,0,457.67007389535,221.477318940733,999.495802299574,1037.77459630484
"189",2005,1695,15.6666666666667,6041.03620951996,4820.80040886746,1487.28687280676,2854.91747602051,845.761861556536,1408.17885018059,74.9857609864986,181.44832506291,0,0,0,0,0,0,0,0,0,0,2.465299303787,4.84776837280744,1.59618009904328,2.6677487128844,0.142776828893526,0.3460005309216,0,0,0,0,0,0,0,0,3646.06526939362,2851.07184577952,682.915601469017,1381.80828892589,481.473772895388,887.787371147898,55.583965300872,148.843967379715,140.087658325612,109.542739661311,26.3206239345047,53.264353433646,18.5517604872075,34.2071016516758,2.14234677958836,5.73675607195195,21712.1605747038,16850.6512864171,4614.47327888625,9016.13940971805,3488.35694617352,6106.45174016056,325.966565238543,828.069975537759,834.198746865963,647.429293811039,179.758586803421,352.239769757396,137.440422005815,241.224059846096,12.8569713728895,32.7382743971976,0,0,8.4249609093135,16.9176597140966,6.76572503559375,11.9228080516783,0.656225877260121,1.67702098800929,0,0,0,0,0,0,0,0,239.349929289132,202.509034041645,223.038175135233,493.718216195178,325.717270867965,638.151934905975,19.9775076727429,57.7263119230272,9.19618382827892,7.78072141807077,8.54555402075365,18.9051418720834,12.4368227019252,24.3593360225965,0.762875677195184,2.20376234983812,297.527948039736,250.623554003777,324.706468602755,765.744019329827,547.015561308115,1103.6706652537,48.3054569299381,140.740120746936,11.4314515730764,9.62935874697801,12.4366445700536,29.3085381401942,20.8781498480113,42.1062466797941,1.84336516259685,5.36855527270186,0,0,55.63422478436,132.235213964915,72.3142672107757,138.793860030175,7.1785935461681,19.7236945751184,0,0,0,0,0,0,0,0,461.012315133729,223.07768548596,1011.42681735737,1051.69928447784
"190",2005,1695,15.75,6019.05549925296,4799.89446314703,1484.06585493574,2848.29971148529,840.187416097385,1395.69624876862,79.4449631095554,192.057762792611,0,0,0,0,0,0,0,0,0,0,2.46077996105352,4.8381037045688,1.58620760515304,2.64500382679245,0.151358624508621,0.36643185317775,0,0,0,0,0,0,0,0,3663.11050034033,2860.94449363662,687.182913955192,1390.33132218125,483.374948253904,889.681266247615,60.0546425814159,160.741453737583,140.742563356795,109.922062580016,26.4851353306791,53.5929867776436,18.6250354461221,34.2801182482754,2.31470760585016,6.19544551373273,21686.5408487992,16809.5006012341,4614.39548003799,9014.79767111604,3479.54484391522,6080.28207483556,347.904368561751,883.4549566616,833.214587645528,645.848214535067,179.756498432244,352.191890711697,137.094801392692,240.194532753285,13.7231076707318,34.9298773722573,0,0,8.43245823929783,16.9310957450496,6.75396532701625,11.8813727175989,0.701852572229062,1.79298130740627,0,0,0,0,0,0,0,0,240.284640969127,203.028739920695,224.326088390876,496.530423559443,326.803588072443,639.111386129793,21.127444685509,61.027437883785,9.23209719474655,7.80068934298566,8.59513918728088,19.0133966415361,12.4788636390948,24.3970787357983,0.806838390121159,2.32993656101228,296.648331127752,249.521708312608,325.116983199218,766.455843926084,546.160673844891,1099.7401530796,51.314581331852,149.392221266413,11.3976562722621,9.58702405069077,12.4527098885285,29.3366470389778,20.8464113028483,41.9581548092999,1.95826731337861,5.69881431528307,0,0,55.6775645812963,132.368675201035,72.1780082945491,138.306139866823,7.68793958423188,21.1042195469175,0,0,0,0,0,0,0,0,464.367639849617,224.68216194542,1023.40964963602,1065.67051176972
"191",2005,1695,15.8333333333333,5997.0374846371,4779.04504471829,1480.77643409243,2841.55265686443,834.668147097161,1383.38855658506,83.8052355833352,202.406336830839,0,0,0,0,0,0,0,0,0,0,2.45612196995122,4.82818206719695,1.57632672472947,2.6225651054189,0.159760351838206,0.386384103915307,0,0,0,0,0,0,0,0,3680.06479679956,2870.73341590505,691.423573969951,1398.79271908831,485.26080156384,891.547269649053,64.5927419162572,172.804444595239,141.393974539548,110.298168627713,26.6486218588492,53.9192497919723,18.6977221510029,34.3520640693558,2.48967631148591,6.66053909843399,21661.1526230997,16768.694794832,4614.26467791934,9013.32670383616,3470.88709157999,6054.54973048352,369.759945153526,938.580101918795,832.239321480446,644.280386095347,179.752290915846,352.138810523964,136.755068622902,239.181851141018,14.5860971254343,37.1114010554194,0,0,8.43980698539302,16.9442195586892,6.74245793064487,11.8406694707514,0.747483258328207,1.90885391111784,0,0,0,0,0,0,0,0,241.218315461116,203.548792054776,225.608905255371,499.33340005481,327.88810240431,640.071617192315,22.2539388134864,64.2550073772956,9.26797070903375,7.82067057163459,8.64453029404126,19.1213013405274,12.5208376142944,24.4348510869697,0.849912142928865,2.45332134086176,295.788647160273,248.440900327578,325.527413530285,767.167408364193,545.314285843559,1095.84789135202,54.2651785964353,157.85797675132,11.3646268056813,9.54549765725251,12.4687729183834,29.3647494516549,20.8149980385856,41.81151723517,2.07094521818084,6.02199318527625,0,0,55.7191666573645,132.497087204418,72.041283671909,137.82030295905,8.19872878722895,22.4857510044724,0,0,0,0,0,0,0,0,467.736035326061,226.290752337007,1035.44415881533,1079.68818921801
"192",2005,1695,15.9166666666667,5974.98915480109,4758.25669569492,1477.42162784519,2834.68202342994,829.203094936129,1371.25265157471,88.0677403552911,212.497815173521,0,0,0,0,0,0,0,0,0,0,2.45133017731442,4.81801081261443,1.5665358864914,2.60042735568816,0.16798347138647,0.405862900748549,0,0,0,0,0,0,0,0,3696.91899053446,2880.43214653914,695.63555102785,1407.18865771216,487.130189255798,893.383719434605,69.193471367785,185.019557594744,142.041539615551,110.670809368586,26.8110052537657,54.2429950734983,18.7697764249845,34.4228748263359,2.66706847546935,7.13152176060759,21635.9983342798,16728.2342728691,4614.08311541195,9011.73099865201,3462.38073932643,6029.24651683152,391.536343582565,993.454781528695,831.273041990445,642.725824077765,179.746052383599,352.080706156908,136.421113764633,238.185706234993,15.4460548012701,39.2832015890707,0,0,8.44701081806404,16.9570312934455,6.73119486870748,11.8006791024834,0.793114458353793,2.02463219954165,0,0,0,0,0,0,0,0,242.150678060017,204.068861659508,226.886274569055,502.125959940416,328.970195801387,641.031319759799,23.3602103419079,67.4179763882924,9.30379381651869,7.84065247159547,8.69371375975471,19.2288102496134,12.5627206127392,24.4726023752555,0.892219768974231,2.57425817219346,294.948986073414,247.381206965781,325.937930121678,767.879422189501,544.477389485585,1091.99609792584,57.1568269619681,166.136603282663,11.3323666291584,9.50478252193129,12.4848400669081,29.3928721996591,20.7839475913487,41.6664179513376,2.1813827969099,6.33806190912389,0,0,55.759064024702,132.620534156893,71.9041602981885,137.336457992637,8.71091202441463,23.8681941813037,0,0,0,0,0,0,0,0,471.117485149266,227.903458101815,1047.53018410554,1093.75219730461
"193",2006,1695,16,5952.90836303617,4737.48949916082,1473.98083508011,2827.69671094947,823.2524940845,1357.95136282685,92.7789491340637,223.672976071927,0,0,0,0,0,0,0,0,0,0,2.44641786192461,4.8076023767409,1.5558153536012,2.57605464759006,0.177060343964561,0.427410861583095,0,0,0,0,0,0,0,0,3713.70253804852,2890.06584649007,699.787362135253,1415.48957781892,488.66313398902,894.312006690324,74.1777349373424,198.259424033438,142.686390350775,111.040951526618,26.9710759272821,54.5630864750743,18.8288688854344,34.4586964516135,2.85924913349083,7.64201721597921,21611.2355000769,16688.2201679982,4613.69215765399,9009.88507191391,3451.7625798031,5998.46825391351,415.524550336711,1053.9982476018,830.321801092056,641.188414163922,179.731698831197,352.01276571817,136.003768372974,236.972861202437,16.3932451870385,41.6791124245116,0,0,8.45409912762341,16.9695437335152,6.71577154820739,11.7498346365277,0.843197758070865,2.15189472552765,0,0,0,0,0,0,0,0,243.086112218869,204.58987592662,228.161168943655,504.908683379478,329.838161748395,641.361083931645,24.6666050233639,71.1523662835106,9.33973493591587,7.86067066706382,8.74280317254533,19.3359451060276,12.5964272373585,24.4863018822921,0.942176035809071,2.7170289650074,294.132175582868,246.34528726856,326.346946657149,768.58992617365,543.29450852646,1087.11674522321,60.3497330432331,175.299715657583,11.3009843879581,9.46498080934826,12.500850124947,29.4209395519784,20.7396897073629,41.4821026563661,2.30333054210832,6.68791093780654,0,0,55.7974958517521,132.739216643789,71.7197116972533,136.720259429907,9.27202631900192,25.3862680314645,0,0,0,0,0,0,0,0,474.50817429769,229.519419525304,1059.65352101192,1107.85414997773
"194",2006,1695,16.0833333333333,5930.70758093281,4716.54230359806,1470.36107938583,2820.58403103054,814.990144673109,1338.98355293056,99.7928161600725,240.451045336989,0,0,0,0,0,0,0,0,0,0,2.44139248484864,4.79697970926437,1.54071367588059,2.54090188446458,0.190505127827547,0.459621862611603,0,0,0,0,0,0,0,0,3730.62363156374,2899.80088838674,703.802053579595,1423.65476246787,488.776922520063,891.345709058573,80.721522083335,215.707103710122,143.336525823322,111.414987404268,27.1258770004983,54.8779589677594,18.8332785869576,34.3444546462145,3.11153072275797,8.31467149749048,21587.3195640191,16648.9323223525,4612.52217705818,9007.30962568224,3431.28437071444,5942.07738151523,449.604387450702,1140.45966433537,829.403097136732,639.678908346889,179.687365244363,351.916576429458,135.197699928184,234.747662077452,17.7381929237761,45.0992001542234,0,0,8.46098229827427,16.981657125199,6.68111000604157,11.6486561331294,0.91318433297162,2.33060454513517,0,0,0,0,0,0,0,0,244.03964187779,205.115611717964,229.440578313603,507.683420216101,329.756409388543,638.884329278091,26.8830236554745,77.5046934179662,9.37637130921488,7.88087027113494,8.79206530476168,19.4427755635526,12.5938636836122,24.3928450646084,1.02689299612168,2.9597703801179,293.342753941023,245.337425335826,326.74366312246,769.277222217733,540.527929530518,1077.51682663658,65.0916820813428,189.032587960095,11.2706544487354,9.4262571214786,12.5163881660877,29.4481192244158,20.6349729169434,41.1176441084465,2.48442400770194,7.21217146791351,0,0,55.8350657736324,132.853297325432,71.326074868413,135.510570680576,10.0472532093589,27.5049167946509,0,0,0,0,0,0,0,0,477.894909082999,231.135635349607,1071.75003483234,1121.94008242551
"195",2006,1695,16.1666666666667,5908.39656626995,4695.58939595522,1466.66270453838,2813.31605376451,806.875629588503,1320.45152703121,106.624276050617,256.722190242997,0,0,0,0,0,0,0,0,0,0,2.43620202431909,4.78611688211846,1.52587668211239,2.50653957211776,0.203624958276819,0.490912496517516,0,0,0,0,0,0,0,0,3747.53801321568,2909.51709816203,707.82285899182,1431.81970579089,488.918606617758,888.464878255996,87.3856620182594,233.435360528106,143.986403415349,111.788299721698,27.2809099532324,55.1928174641724,18.838762381927,34.2335045365689,3.3684607164367,8.99816637932462,21563.5087232904,16609.8809910353,4611.29362709578,9004.5767792069,3411.20459659914,5886.88088711823,483.4206306445,1226.02072976366,828.488429639652,638.178489828245,179.640685549889,351.814089211944,134.40708817255,232.569088976559,19.0729084918969,48.4840327358016,0,0,8.46745830221721,16.9932489862039,6.64715907156059,11.5496233291216,0.982979180700358,2.50836069128738,0,0,0,0,0,0,0,0,244.989703609431,205.64018741399,230.707574621676,510.441082759,329.6764584617,636.43901508561,29.0042701147056,83.5688390722739,9.41287443756899,7.90102530254737,8.84085218865106,19.5489541473668,12.5913671524877,24.3005778894788,1.10798356645477,3.19153390103868,292.566074586108,244.343722085531,327.133539653225,769.94705578811,537.786374206734,1068.04035845036,69.7511143971254,202.467258479355,11.2408140696828,9.38807743330212,12.5316646140682,29.4746325109575,20.5312060530699,40.7578725465691,2.66238206740376,7.72509825446358,0,0,55.8707573272852,132.96210008292,70.9360276068298,134.317471267033,10.8220657458379,29.6143019221711,0,0,0,0,0,0,0,0,481.294878210952,232.755994425051,1083.87238117649,1136.02978249698
"196",2006,1695,16.25,5885.99273182566,4674.64379970472,1462.89117107017,2805.90327225355,798.90648845304,1302.34573602708,113.276553126279,272.497656342979,0,0,0,0,0,0,0,0,0,0,2.43085330415746,4.77501205263889,1.51129812263749,2.47294896366168,0.216423017714743,0.521298108932258,0,0,0,0,0,0,0,0,3764.40442607292,2919.18274147492,711.837312918374,1439.95964522877,489.076789691943,885.647904509628,94.1607704467997,251.417465566202,144.634437969573,112.159669194779,27.4356960642282,55.5067107243945,18.8448823259738,34.1250156753278,3.62967842337067,9.69147440476547,21539.827344075,16571.0838313926,4610.01358863816,9001.70070518029,3391.51845741455,5832.85822481263,516.982559899662,1310.71292758361,827.578734773725,636.687837031573,179.59193590818,351.705857623886,133.63175357231,230.436355515239,20.3977468710349,51.8348230069235,0,0,8.47358175824478,17.0043620946694,6.61390314929974,11.4526924927287,1.05257962218552,2.6851719328878,0,0,0,0,0,0,0,0,245.936468531557,206.16358510164,231.963463473977,513.182843419454,329.599796633101,634.027663893519,31.0412543062593,89.3750014853677,9.44925089558144,7.92113507305232,8.88921389247507,19.6545257622493,12.5889944964429,24.2095969520222,1.18586438746941,3.41347235676196,291.80403471295,243.365838203734,327.518403702467,770.6047620849,535.074059161851,1058.69535536871,74.3228766267814,215.591390574261,11.211536144084,9.35050555103019,12.5467493013095,29.5006832400259,20.4285498175839,40.403093555821,2.83700778548198,8.22621956313267,0,0,55.9046130462764,133.065789130175,70.5496679562605,133.140994526314,11.596427508706,31.7144743624398,0,0,0,0,0,0,0,0,484.708034819631,234.380487598316,1096.02036231275,1150.12345114211
"197",2006,1695,16.3333333333333,5863.5117988466,4653.71715614499,1459.0515104106,2798.35536461342,791.080129922271,1284.65651636967,119.752851833865,287.788531577644,0,0,0,0,0,0,0,0,0,0,2.42535345421284,4.7636664915983,1.49697218610551,2.44011187960316,0.228902828757283,0.550794503235258,0,0,0,0,0,0,0,0,3781.18856428441,2928.77165607759,715.835289255721,1448.05456939287,489.242718331914,882.878364303048,101.037590654054,269.627164543615,145.279311400336,112.528090628111,27.5898463514344,55.818869796201,18.8513019303254,34.018356692848,3.89482795570455,10.3935860800933,21516.2951065212,16532.5548052146,4608.68799111549,8998.69331863216,3372.22038301449,5779.9876700165,550.29900259861,1394.56625947409,826.67476866986,635.207486391238,179.54134792273,351.592347748211,132.871486351632,228.348628676644,21.713045868403,55.1527274042706,0,0,8.47939648755325,17.0150293495553,6.58132569342658,11.3578169400348,1.12198318419699,2.86104622526954,0,0,0,0,0,0,0,0,246.879945632605,206.685673088476,233.209050602312,515.909049098198,329.527149335882,631.651369049191,33.0036893660296,94.9502485506024,9.48550102858731,7.94119452281531,8.93718128327244,19.7595035946502,12.5867733021121,24.119943967685,1.26090636039132,3.62661896161112,291.058151479529,242.405092266307,327.899784871778,771.254784258224,532.394486147358,1049.48825007403,78.8030431337152,228.396014061492,11.1828789636698,9.31359213645212,12.5617006706858,29.5264411300539,20.3271376613043,40.0535524413809,3.00815110353274,8.71519216908508,0,0,55.9366757661905,133.164515461973,70.167078191631,131.98114384742,12.3703040355976,33.8054901429636,0,0,0,0,0,0,0,0,488.134333379293,236.009105156244,1108.19382861558,1164.22132221327
"198",2006,1695,16.4166666666667,5840.96804396224,4632.81992635163,1455.14838351031,2790.68130638017,783.393871909271,1267.37416345714,126.056350631645,302.605731900442,0,0,0,0,0,0,0,0,0,0,2.41970973290741,4.75208381650507,1.48289339055445,2.40801060673675,0.241068195356568,0.579417821508764,0,0,0,0,0,0,0,0,3797.86192702634,2938.26232179502,719.808589529701,1456.08837629526,489.409744920829,880.14393642871,108.007079448978,288.038912193739,145.919928660411,112.892737182156,27.7430457908743,56.1286757463933,18.8577655534482,33.9130537264232,4.16356153767351,11.1035188995772,21492.9277893576,16494.3048084369,4607.32181316205,8995.56467507172,3353.3042340505,5728.24670962828,583.378324695568,1477.60922924406,825.777137562705,633.737856546515,179.489116388555,351.473953587498,132.12605429225,226.305043979826,23.019125756212,58.4388452814602,0,0,8.48493778559469,17.025276210541,6.54940980841517,11.2649486585701,1.19118746796018,3.03599052494018,0,0,0,0,0,0,0,0,247.820020258157,207.206235167061,234.444770781756,518.619453418998,329.458714691147,629.310245915248,34.9002022422272,100.318786741617,9.52162043136576,7.96119534480049,8.98477097690984,19.8638780301897,12.584710910897,24.0316230992338,1.33343887098061,3.83189758518074,290.329617685938,241.462511344768,328.27893864613,771.900765187257,529.750511193351,1040.42406574191,83.1887533510916,240.875083616449,11.1548883578792,9.27737665129268,12.5765666783705,29.5520452889961,20.2270784049069,39.7094407722992,3.17570262709415,9.19178449333586,0,0,55.9669880547405,133.258418271772,69.7883268226065,130.837896559202,13.1436625590023,35.8874093259641,0,0,0,0,0,0,0,0,491.573727529453,237.641835962676,1120.39265266936,1178.32363615216
"199",2006,1695,16.5,5818.37453363973,4611.96158289621,1451.18613747099,2782.88947878336,775.844974544549,1250.48898732265,132.19019844571,316.959996920931,0,0,0,0,0,0,0,0,0,0,2.41392940703731,4.74026936909734,1.46905650009866,2.3766278203399,0.252923146811481,0.607184439573363,0,0,0,0,0,0,0,0,3814.40076164203,2947.63700502544,723.750569077314,1464.04811001749,489.572859237287,877.435464160159,115.060463206438,306.628020214145,146.555377134741,113.252927503574,27.8950389847477,56.4356303914913,18.8640804324148,33.8087544413985,4.43554166873319,11.8203230586131,21469.7379910039,16456.3422476152,4605.91926459672,8992.32333063276,3334.76346755685,5677.61235078244,616.228443126886,1559.86889246083,824.88632549643,632.279270490689,179.435406323719,351.351010997477,131.39520917697,224.304717518969,24.3162897224408,61.6942207400064,0,0,8.49023433517269,17.0351226438645,6.51813862852139,11.1740393601997,1.26019007470212,3.21001076815709,0,0,0,0,0,0,0,0,248.756486773296,207.72499505604,235.670792345145,521.313402064157,329.394342107265,627.00377187459,36.7384639512417,105.502287811272,9.5576012030803,7.98112692383597,9.03198935193898,19.9676237722066,12.5828012780825,23.9446140158513,1.40375476665461,4.03013523320886,289.619355391274,240.538879671824,328.656878247243,772.545653248997,527.144429880801,1031.50661664745,87.4780429126946,253.025017935689,11.1275997538936,9.24188922702012,12.5913860090907,29.5776082527887,20.1284594822482,39.3709040106558,3.33958717521568,9.65585900465653,0,0,55.995591871867,133.347626547854,69.413470634612,129.711207911054,13.9164717142139,37.960294984729,0,0,0,0,0,0,0,0,495.026168561595,239.278666902293,1132.61671203624,1192.43062342558
"200",2006,1695,16.5833333333333,5795.74324704094,4591.15071050698,1447.16883457995,2774.98772432966,768.430660409398,1233.99134991877,138.157511402649,330.861882012746,0,0,0,0,0,0,0,0,0,0,2.4080196868581,4.72822987552648,1.45545648498643,2.34594655625238,0.264471904194258,0.634110898557094,0,0,0,0,0,0,0,0,3830.78548756721,2956.88129091053,727.655930700752,1471.92353853597,489.728427639597,874.746432308767,122.18928000501,325.370771388017,147.184904506737,113.608107750457,28.0456222506247,56.739340110565,18.8701066767014,33.7052079668914,4.71044274878483,12.5430858567286,21446.7355247602,16418.6733571504,4604.48388591975,8988.97653937046,3316.59123259943,5628.06130508672,648.856825766295,1641.3708619005,824.002709508313,630.831967759343,179.380356812535,351.223805317896,130.678690507172,222.346753136878,25.6048238546587,64.9198427935542,0,0,8.49530922880352,17.0445841454148,6.48749550065712,11.0850409985887,1.32898857899111,3.38311189963157,0,0,0,0,0,0,0,0,249.689067403364,208.24163063264,236.887074830031,523.989936053247,329.333627293156,624.730966296322,38.5252604495267,110.520064594653,9.59343267117073,8.00097688344934,9.07883476392398,20.070703809419,12.5810286230633,23.8588788077625,1.47211306487728,4.22206876490776,288.928045299464,239.634765410107,329.03439389127,773.191763635182,524.578029308957,1022.73862976323,91.6697454079032,264.844430691546,11.1010393056804,9.2071516933443,12.6061888111418,29.6032183269909,20.0313489188716,39.0380461400468,3.49976002693683,10.1073619435153,0,0,56.0225283936313,133.432259970024,69.0425557965935,128.60101330811,14.6887013614978,40.0242125271159,0,0,0,0,0,0,0,0,498.49160446218,240.919582517695,1144.86588070431,1206.54249638829
"201",2006,1695,16.6666666666667,5773.08523011941,4570.3951319791,1443.10028956636,2766.98341795864,761.148136022087,1217.87170136412,143.961370850859,344.321756122278,0,0,0,0,0,0,0,0,0,0,2.40198765481778,4.71597304809706,1.44208847308345,2.31595017114988,0.275718840569724,0.660213828854638,0,0,0,0,0,0,0,0,3846.9999919381,2965.98351451097,731.520475130008,1479.70664382635,489.873888742368,872.072363323175,129.385411561469,344.244502564802,147.807891694403,113.957829737182,28.1946340535027,57.0394962918547,18.8757455920418,33.6022417241935,4.98795231349527,13.2709349099359,21423.9279007801,16381.3025835183,4603.01866916338,8985.53049228594,3298.78047736858,5579.5701866534,681.270504290509,1722.13935358502,823.126578146623,629.396119193091,179.324085675577,351.092580621234,129.976229671986,220.430250151831,26.88499761709,68.1166470855578,0,0,8.50018119861529,17.0536729586661,6.45746419320334,10.9979063635544,1.39758049643716,3.5552979098237,0,0,0,0,0,0,0,0,250.617433752501,208.755789962565,238.093435244229,526.647908672658,329.276020430904,622.4905947475,40.2665870431825,115.389309175492,9.62910221813022,8.02073170176188,9.12530009074995,20.1730739079803,12.5793715843175,23.7743698308333,1.53874256121733,4.40835399349938,288.25616339619,238.75055381342,329.412077965903,773.840857496555,522.052651767394,1014.12189053138,95.7633730684407,276.333803981255,11.0752253016343,9.17317885232463,12.6209976579974,29.6289426106844,19.9357977569055,38.7109352153943,3.65620236357803,10.5463108514337,0,0,56.0478378282384,133.51243005109,68.6756192430873,127.507231027078,15.4603224114084,42.0792290490676,0,0,0,0,0,0,0,0,501.969978985712,242.564564683821,1157.14001961458,1220.65944051785
"202",2006,1695,16.75,5750.41072320575,4549.70201261599,1438.98410040284,2758.88352578384,753.994609472863,1202.12060966511,149.60482159491,357.349799797786,0,0,0,0,0,0,0,0,0,0,2.39584021881048,4.70350727878696,1.42894771686424,2.286622320127,0.286668446241491,0.685509883725307,0,0,0,0,0,0,0,0,3863.03104486212,2974.93428861449,735.340895128071,1487.39120116021,490.007507800718,869.410331813454,136.641106585208,363.227664088934,148.423830384111,114.301732792042,28.3419471101882,57.335859197503,18.880930254545,33.4997427944997,5.26777194016902,14.0030404587205,21401.3207264617,16344.2329043283,4601.52615714084,8981.99051336964,3281.32403439126,5532.11566811216,713.476088797426,1802.19723695577,822.25814685406,627.971839196335,179.266693305625,350.957547299809,129.28755326904,218.554309454003,28.1570643963531,71.2855177695946,0,0,8.50486557569984,17.0623989821245,6.4280290127346,10.9125894337156,1.465963275127,3.72657192166601,0,0,0,0,0,0,0,0,251.541224131591,209.267104119088,239.289598681447,529.286073965525,329.220903367406,620.281313233855,41.9677354077457,120.125314097857,9.66459594727248,8.04037720401835,9.17137467724973,20.2746860120002,12.5778061851718,23.6910352489951,1.60384515552179,4.58957414042253,287.604012269984,237.886475593704,329.790349746187,774.494215732522,519.56925584806,1005.65738036068,99.7590095622795,287.495193516236,11.050169367977,9.13997956827466,12.635828493091,29.6548298173051,19.8418423851988,38.3896086032126,3.80891717346216,10.972783312313,0,0,56.071559317724,133.588241170099,68.3126898758518,126.429764621553,16.2313066617919,44.1254127354274,0,0,0,0,0,0,0,0,505.461231007492,244.213592400508,1169.43897115115,1234.78160980641
"203",2006,1695,16.8333333333333,5727.72924651628,4529.07793038318,1434.82366901823,2750.69464448417,746.967301548769,1186.7287788865,155.090870860258,369.956004750853,0,0,0,0,0,0,0,0,0,0,2.38958409396413,4.69084146022087,1.41602957806555,2.2579469502532,0.297325304355136,0.710015693655956,0,0,0,0,0,0,0,0,3878.86790894053,2983.72618877056,739.114639809531,1494.97250202553,490.128221398335,866.758659947373,143.948990603193,382.299842481775,149.03230802783,114.639531655775,28.4874631849918,57.6282473341103,18.8856195480842,33.3976462237031,5.54961763258686,14.7386162605613,21378.9179738868,16307.4660410009,4600.00850849356,8978.36118772082,3264.21467251838,5485.67457304764,745.479783158532,1881.56608543606,821.397568243032,626.559193908658,179.208265182714,350.81888702625,128.612385134994,216.718037129643,29.4212620791673,74.4272894160261,0,0,8.50937486843049,17.0707702710698,6.39917482671774,10.8290454747581,1.53413430651106,3.8969362994998,0,0,0,0,0,0,0,0,252.46005437109,209.775195060463,240.475227230524,531.903136081715,329.167628109788,618.101738609124,43.6333610235356,124.741645797214,9.69989909817821,8.05989886525003,9.21704544632671,20.3754901410515,12.5763073135525,23.6088217411534,1.66759842997161,4.7662464647644,286.971743011605,237.042626746086,330.169475731723,775.152696500123,517.128465048548,997.345383606384,103.657230786102,298.332009515698,11.0258773101622,9.10755752947211,12.6506914079409,29.6809124745745,19.7495063948271,38.074077063487,3.95792622628592,11.3869085851387,0,0,56.0937309287519,133.659791349442,67.9537894229353,125.368504672738,17.0016266770014,46.1628324235821,0,0,0,0,0,0,0,0,508.965294248763,245.86664173366,1181.7625578387,1248.90912638197
"204",2006,1695,16.9166666666667,5705.04968671173,4508.52894682392,1430.62222235855,2742.4230413416,740.063456655276,1171.68706662613,160.422487552814,382.150174289542,0,0,0,0,0,0,0,0,0,0,2.38322578123052,4.67798479884033,1.40332951069511,2.22990829191107,0.307694066476414,0.733747820792882,0,0,0,0,0,0,0,0,3894.50194306498,2992.35343444824,742.839777044065,1502.44707314799,490.235481441771,864.116612922416,151.302072862668,401.44177483691,149.632992620358,114.971004231137,28.6311078119771,57.9165266737108,18.8897921754528,33.2959233310139,5.83322009364627,15.4769201642594,21356.7222513576,16271.0026741331,4598.46756376949,8974.64649163221,3247.44514914434,5440.22396810505,777.287402071957,1960.26623188928,820.544942528374,625.158209479526,179.148874429136,350.676757790273,127.950448385204,214.920548072558,30.677813695928,77.5427491082963,0,0,8.51371936423742,17.0787935716549,6.37088710249247,10.7472311802995,1.60209093207832,4.06639274536917,0,0,0,0,0,0,0,0,253.373528707041,210.279683539851,241.64994962439,534.497799722194,329.115557456669,615.950523064313,45.2675508687708,129.250318990005,9.73499646495311,8.07928211418659,9.26229803838199,20.4754363295119,12.5748502833469,23.5276773639408,1.73015823698793,4.93882892931977,286.359377491671,236.218988655627,330.549589857465,775.816792957048,514.730614863167,989.185590824217,107.459026456083,308.848799803695,11.0023499688131,9.07591202069247,12.6655914154984,29.7072091335508,19.6588023766907,37.7643286889027,4.10326707818335,11.7888593213809,0,0,56.1143896301598,133.727173023145,67.5989332913731,124.323330508562,17.7712556868087,48.1915572245116,0,0,0,0,0,0,0,0,512.48209701174,247.523685762311,1194.11058061608,1263.04207967026
"205",2007,1695,17,5681.75227124712,4487.46791559415,1426.15305395716,2733.82813891503,732.663885061984,1155.33483196756,166.293699291831,395.723951864758,0,0,0,0,0,0,0,0,0,0,2.37687421447565,4.66517965875328,1.38967556178964,2.19934858771013,0.319091208548301,0.760117082062866,0,0,0,0,0,0,0,0,3910.04769053464,3000.92494837639,746.445053434905,1509.78793405672,489.921388973411,860.261567704159,159.161971630682,421.979566559043,150.230285098424,115.300335503558,28.7701474066894,58.1996702375917,18.877730284356,33.1474630556716,6.13636640485372,16.2690491520199,21334.7657592134,16234.8703423289,4596.42509807348,8970.54988599272,3228.2913145428,5388.03322523887,811.954969138545,2046.64235773482,819.701506374967,623.769943998044,179.070270231672,350.520085577512,127.19441756288,212.85645311855,32.0471251812791,80.9615523709439,0,0,8.51828979673342,17.0873581076881,6.33782306623765,10.6518727022624,1.6758288381097,4.25142620782587,0,0,0,0,0,0,0,0,254.322448389533,210.817848801216,242.874750480932,537.229192723917,328.851860672811,613.080217197153,47.1906888329368,134.629196927808,9.77145569247842,8.09995927909589,9.30946894065012,20.5806187984028,12.5653026397597,23.4190499855374,1.80376608085821,5.14467421061405,285.776678772027,235.425757248735,330.939138650753,776.519871940225,511.943755869926,979.772646476969,111.649643293036,320.565175023147,10.9799624555057,9.04543478575568,12.6808512507674,29.7349961102189,19.553232259178,37.4067085568012,4.26347296637827,12.2366515130404,0,0,56.1363492059759,133.797696161844,67.1915391111088,123.117844582954,18.6037862194911,50.4021998679467,0,0,0,0,0,0,0,0,515.959634260777,249.137730147854,1206.29993714783,1276.77934757923
"206",2007,1695,17.0833333333333,5657.31312685883,4465.40938124699,1421.23518746753,2724.69979591826,724.332198080241,1136.53712554761,173.18868552131,411.898047797353,0,0,0,0,0,0,0,0,0,0,2.37045913757695,4.65240677301707,1.37425638860931,2.16412378019107,0.332444747088505,0.791468187454533,0,0,0,0,0,0,0,0,3925.73496088224,3009.62980844787,749.924975457516,1517.06918448657,488.926559095627,854.38482132486,167.917853583453,445.007921381971,150.833015111779,115.63479014805,28.9043722026795,58.4805309958875,18.8394349715865,32.9210969889492,6.47405106499868,17.1571815612863,21312.9556595722,16198.9980889396,4593.50582274963,8965.80418925078,3204.78984327476,5323.65668151145,851.698592705802,2146.61564564765,818.863692503883,622.391671203295,178.958100306337,350.338803244119,126.266925974889,210.310572807926,33.6165406133549,84.9176825233036,0,0,8.52297732941643,17.0966971392404,6.29616779856475,10.5322364408367,1.75979092981438,4.46398360903043,0,0,0,0,0,0,0,0,255.333522268194,211.414256122999,244.179919759362,540.189454160924,328.208595429441,608.926880960885,49.6024166750035,141.480233743277,9.81030297471926,8.12287419732183,9.35971807244549,20.6945658373769,12.541246624845,23.2613946361432,1.89605106672338,5.40677917885666,285.223867092402,234.664842254677,331.340650482895,777.279629702624,508.444864053802,968.089318195713,116.584966226996,334.567423936136,10.958723232608,9.01619919950847,12.6965671480755,29.764950256647,19.4204564102997,36.9623730098976,4.45213853382714,12.771765251125,0,0,56.1614463590809,133.876253645878,66.6904874241796,121.626661385685,19.54627978061,52.932293475274,0,0,0,0,0,0,0,0,519.358877369144,250.67323649285,1218.18424193638,1289.80239589268
"207",2007,1695,17.1666666666667,5632.83111134162,4443.39237446085,1416.27428597976,2715.46905085553,716.169242854974,1118.25547738572,179.871894308044,427.47665837929,0,0,0,0,0,0,0,0,0,0,2.36375949287121,4.63919757908515,1.35915785009043,2.12986855640854,0.345411617316147,0.821718305029821,0,0,0,0,0,0,0,0,3941.37597217481,3018.28718039439,753.412495077004,1524.35274763044,487.981533425561,848.675544329318,176.753403078434,468.172557484308,151.433967778264,115.967420222838,29.0388824775953,58.7614701393407,18.8030560438587,32.701178768348,6.81482000304731,18.050603455806,21291.2080184194,16163.3128879332,4590.55685570853,8960.93245866824,3181.7773463251,5260.86313860169,891.098362199901,2245.34243724114,818.028276988231,621.020585296325,178.844690170965,350.152440235434,125.358538554518,207.826855257472,35.1725144517308,88.8247253308528,0,0,8.52701362659316,17.1051489700569,6.25541511146268,10.4155389174428,1.84334835510819,4.67474861246834,0,0,0,0,0,0,0,0,256.332644556593,212.001128842421,245.452910016953,543.087437256496,327.560467302269,604.814625205178,51.9314295698651,148.055089140669,9.84869105681185,8.1454227809136,9.40873308033203,20.8061265834045,12.5169995180942,23.1052902935612,1.98518409351322,5.65835958099844,284.681818580735,233.916639166614,331.737974925117,778.035938601888,505.000559632832,956.638705720316,121.403709192668,348.150404158908,10.937897532974,8.9874520253804,12.7121215158703,29.7947706936209,19.28975399893,36.5268843447995,4.63636853277787,13.2909234337712,0,0,56.1846463398076,133.949895398003,66.1964907197973,120.164477143921,20.4859759902318,55.4426670469696,0,0,0,0,0,0,0,0,522.771526923694,252.213045649211,1230.08191554492,1302.81181708231
"208",2007,1695,17.25,5608.32428531605,4421.43025895928,1411.27562142887,2706.14645991883,708.171821046958,1100.47575800521,186.347974492105,442.476502534062,0,0,0,0,0,0,0,0,0,0,2.35681179665951,4.62559686339993,1.34436814233683,2.09655018854598,0.357997956578994,0.850893238698972,0,0,0,0,0,0,0,0,3956.92762386651,3026.86450978747,756.893824640175,1531.611453222,487.073632136878,843.109473041293,185.658172278697,491.444148236887,152.031487105983,116.296974934721,29.17314900268,59.0414443932342,18.7681063869484,32.4867761339987,7.15827126542243,18.9481864716965,21269.5493409787,16127.8339035628,4587.58549803026,8955.94987636638,3159.24695188602,5199.61869953464,930.165183069302,2342.86476179167,817.196278187789,619.657422598483,178.73032519801,349.961589963054,124.468992525733,205.403984453423,36.7154671580157,92.6843148570682,0,0,8.53050320549878,17.1128267588496,6.21554157320699,10.3017080223406,1.92650266615251,4.88374988202724,0,0,0,0,0,0,0,0,257.320422905719,212.578891876453,246.697201243434,545.928804114269,326.910902096072,600.749835306558,54.1866217222999,154.380532613041,9.88664328562245,8.16762135586151,9.45664745247675,20.9155180680034,12.4926924464246,22.9509816591927,2.07150482024271,5.90043730567343,284.152177661009,233.182446827386,332.13169792686,778.790815063574,501.613159666718,945.422527681153,126.104504391425,361.313462410762,10.9175485380696,8.95924316698705,12.7275366353427,29.824534214755,19.1612134351866,36.1003086036462,4.81611024901227,13.7940992584799,0,0,56.2059670975769,134.018750780273,65.7095692750076,118.730970332843,21.4228856762043,57.9336577745271,0,0,0,0,0,0,0,0,526.197427754348,253.75708989802,1241.99226248738,1315.80744143111
"209",2007,1695,17.3333333333333,5583.80882128599,4399.53487474424,1406.24398825176,2696.74166432212,700.336620871198,1083.18391850158,192.621502375673,456.913898013081,0,0,0,0,0,0,0,0,0,0,2.34964776770883,4.61164479242051,1.32987695665382,2.06413814178193,0.370210094337606,0.879018796400116,0,0,0,0,0,0,0,0,3972.35442939788,3035.33524215209,760.357778772374,1538.8233537757,486.193041856256,837.667819030441,194.622109282941,514.794639601676,152.624209644571,116.622434018305,29.306742352246,59.3196108275543,18.7342088938474,32.2771669627348,7.50401802659592,19.8488509072669,21248.0009792906,16092.5763013569,4584.59774945526,8950.8690762429,3137.19098741374,5139.88860844779,968.909380535499,2439.22255716208,816.368516471743,618.302765793671,178.615240391747,349.766747090241,123.597993702626,203.040610267869,38.2457970393827,96.4980049362729,0,0,8.53353072692893,17.1198213375867,6.17652380843758,10.1906702140041,2.00925499172077,5.09101365937305,0,0,0,0,0,0,0,0,258.297264197057,213.147822838762,247.915492255742,548.717866817428,326.262284136874,596.736886279173,56.3758972598873,160.480559819448,9.92417529413494,8.1894805885273,9.50356468445467,21.0229054953681,12.4684165824895,22.7986363189379,2.15531505145445,6.13392821618217,283.636215645151,232.463244145396,332.522300032838,779.545796416177,498.284426785434,934.441402435231,130.686854669584,374.058391220757,10.8977250938552,8.93161023555018,12.742830777804,29.8542993270158,19.0349020028793,35.6826699178567,4.99134423175569,14.2813593631409,0,0,56.2254340658032,134.082944745313,65.2297268689859,117.325793935171,22.357020663067,60.4056008312778,0,0,0,0,0,0,0,0,529.636431612523,255.305304134775,1253.91471471351,1328.78921959766
"210",2007,1695,17.4166666666667,5559.29931341529,4377.71678877431,1401.18377864805,2687.26353411921,692.660260814261,1066.3660588694,198.696979574011,470.804764667447,0,0,0,0,0,0,0,0,0,0,2.34229512306143,4.59737752527657,1.31567509858699,2.03260362396076,0.382054511750729,0.906120703055101,0,0,0,0,0,0,0,0,3987.6270984861,3043.67769209093,763.795265533825,1545.97069401306,485.332172292129,832.336001181818,203.635606543126,538.197380359565,153.211010014524,116.942964285944,29.4393134008113,59.59528735134,18.7010717930491,32.0717906433343,7.85169045928095,20.751570756019,21226.5801055344,16057.5520148278,4581.5985620887,8945.70064259949,3115.60121605467,5081.63768134883,1007.34071663992,2534.4537422266,815.545651614793,616.957073386497,178.499630187215,349.568326817241,122.745225675888,200.735365230102,39.7638808799891,100.267271885707,0,0,8.53616535195185,17.1262063751831,6.13833888476141,10.0823520101287,2.0916060660773,5.29656395141834,0,0,0,0,0,0,0,0,259.263422471779,213.70808821752,249.109885527232,551.4579152416,325.616258503617,592.778722501397,58.5062778763993,166.37667586053,9.96129684296714,8.21100687565344,9.54956537489424,21.1284148261865,12.4442347437439,22.6483669912609,2.2368828511836,6.35965297434939,283.13489652216,231.759747942992,332.910156308671,780.301997694511,495.015632527224,923.694998535567,135.150986086305,386.389008443749,10.8784642384957,8.90458077252535,12.7580181935587,29.8841084079332,18.9108682570334,35.2739562071507,5.16207865982513,14.7528477618682,0,0,56.2430779576024,134.142597544665,64.7569536195231,115.948580562605,23.2883934458285,62.8588283197544,0,0,0,0,0,0,0,0,533.088394449248,256.857624785029,1265.8487925129,1341.75718332749
"211",2007,1695,17.5,5534.80898903285,4355.98546638082,1396.09903395963,2677.72026627585,685.139318923425,1050.00847265326,204.578831459941,484.164627595524,0,0,0,0,0,0,0,0,0,0,2.33477813577361,4.58282767490626,1.30175425957705,2.00191931696413,0.393537808468014,0.932224533383559,0,0,0,0,0,0,0,0,4002.72157582781,3051.87427590979,767.198943207123,1553.03921683599,484.485230032732,827.102808457877,212.689530526795,561.627198989743,153.790963972616,117.25789014399,29.5705801669348,59.8679261047862,18.6684723005365,31.8702159597498,8.20093688323873,21.6553766875232,21205.3003714589,16022.770265148,4578.59201090086,8940.45344478493,3094.46898997443,5024.83058008614,1045.46840737889,2628.59428591469,814.728208133134,615.620699669122,178.383655036792,349.366677826756,121.910355776676,198.486875210019,41.2700745797595,103.993517101039,0,0,8.53846354325245,17.132041643447,6.10096447735217,9.97668071055855,2.17355627683367,5.50042276168624,0,0,0,0,0,0,0,0,260.219030706445,214.259767293691,250.282006416503,554.151428130413,324.973913339554,588.877205729579,60.5839893145103,172.088125687284,9.998013041244,8.23220326334193,9.59471180329857,21.2321408814434,12.4201883903337,22.5002448846552,2.31644584920844,6.57834584738963,282.648922563577,231.072453075781,333.29554144768,781.060159659574,491.807616123073,913.182168325154,139.497735172145,398.310834325755,10.8597929545869,8.87817379105035,12.7731093022766,29.9139895330561,18.7891442574757,34.8741242555268,5.32834503298014,15.2087735062675,0,0,56.2589334199378,134.197824746141,64.2912279984812,114.598946204283,24.2170169122928,65.2936684028686,0,0,0,0,0,0,0,0,536.553174702897,258.413989131162,1277.79408177008,1354.71142278241
"212",2007,1695,17.5833333333333,5510.34986524449,4334.34939820208,1390.9934826094,2668.11945701618,677.770355305168,1034.09768271506,210.271405661972,497.008617562705,0,0,0,0,0,0,0,0,0,0,2.32711805793702,4.56802466167094,1.28810685208557,1.97205918811723,0.404666674619803,0.957355652418328,0,0,0,0,0,0,0,0,4017.61831662121,3059.91093363938,770.562960844449,1560.0176384945,483.647899918797,821.959777948555,221.77524339687,585.060459471568,154.363320576308,117.566671385937,29.7003178675882,60.1370933376398,18.6362443972837,31.6721172313169,8.55142460615725,22.5593582149032,21184.1724067,15988.237953592,4575.58142231083,8935.13488945484,3073.7853663378,4969.43202191786,1083.30113603838,2721.6782588189,813.916594430374,614.293909799468,178.267446377114,349.162092042001,121.093039587348,196.293767590351,42.7647136520642,107.678068993411,0,0,8.54047115085204,17.1373754369331,6.06437897574828,9.87358489718967,2.25510571010589,5.70261029195717,0,0,0,0,0,0,0,0,261.16412495672,214.802870307994,251.433092294065,556.800230949474,324.335912779511,585.03336800097,62.6145289542346,177.63207389775,10.0343252742377,8.25307014505809,9.63905135230758,21.3341534033769,12.3963027278428,22.3543094051809,2.39421382533818,6.79066158140803,282.178769127558,230.401663018822,333.678635202073,781.820688379603,488.660832260878,902.90105444986,143.728460635081,409.830837761037,10.841729506377,8.85240095111567,12.7881108972458,29.943957983452,18.6697473853802,34.4831037613287,5.49019479742602,15.6494009900634,0,0,56.2730380369018,134.248737280784,63.8325183597767,113.276493133788,25.1429041444924,67.7104446192939,0,0,0,0,0,0,0,0,540.030632015107,259.974334811293,1289.75021763504,1367.65207021723
"213",2007,1695,17.6666666666667,5485.93292066382,4312.81623914401,1385.87058206499,2658.46818190432,670.549934094125,1018.62047181421,215.778972219735,509.351478547274,0,0,0,0,0,0,0,0,0,0,2.31933358402363,4.5529951104719,1.27472583623488,1.94299828615698,0.415447861334323,0.981539158424063,0,0,0,0,0,0,0,0,4032.30150322533,3067.77650641505,773.882679432804,1566.89708500571,482.817012747883,816.900553114475,230.884611366955,608.475077135906,154.927472086539,117.86887927036,29.8283482286036,60.4024477999331,18.6042660815661,31.4772496917143,8.90284025381687,23.4626643306845,21163.2043571453,15953.9600836993,4572.56951250688,8929.75119184593,3053.54122478252,4915.40698141672,1120.84707735455,2813.73792105888,813.111123482083,612.976896021414,178.151111973749,348.954815123349,120.29292551461,194.154679150645,44.2481141374766,111.322186323711,0,0,8.54222563615852,17.1422471406041,6.02856158014871,9.77299491747925,2.33625420105365,5.90314517001023,0,0,0,0,0,0,0,0,262.098669593534,215.337357363372,252.564086051197,559.405660869593,323.702633202743,581.24767070857,64.6027446242703,183.023816898555,10.0702321729812,8.27360598789372,9.68262009822192,21.4345033901342,12.3725919371063,22.2105780995742,2.47037172298479,6.99718351252119,281.724722703756,229.747523073765,334.059529707081,782.583700644219,485.575403193701,892.849201858322,147.844949181482,420.957166302942,10.8242849015051,8.82726783543616,12.8030264222112,29.9740179767959,18.55268232616,34.1008015977167,5.64769574663179,16.0750396333162,0,0,56.2854312978388,134.295441559487,63.3807845830398,111.980812932827,26.0660682558111,70.1094753734055,0,0,0,0,0,0,0,0,543.520625966976,261.538599329921,1301.71686775611,1380.57928329208
"214",2007,1695,17.75,5461.56822637797,4291.39291457348,1380.7335508488,2648.77305682313,663.474639707153,1003.56390417105,221.105723680314,521.207574360265,0,0,0,0,0,0,0,0,0,0,2.31144121306594,4.53776317952663,1.26160460649599,1.91471260836422,0.425888154997877,1.00479983528028,0,0,0,0,0,0,0,0,4046.75845009663,3075.46226366613,777.154461714137,1573.67066811707,481.990301889997,811.920416994042,240.010005561047,631.850513196081,155.48293110444,118.164178354774,29.9545314259222,60.6637244807177,18.5724500294854,31.2854315750171,9.25488981176514,24.3645033219215,21142.4022938503,15919.9400816858,4569.55849134107,8924.30757911198,3033.72735166292,4862.72083106834,1158.11392114863,2904.80380669734,812.312028546775,611.669789975529,178.034739936624,348.745054338133,119.509658073742,192.068261570629,45.7205734989031,114.927061408924,0,0,8.54375766589494,17.1466890334181,5.99349231910513,9.67484309029397,2.41700138715975,6.10204467719187,0,0,0,0,0,0,0,0,263.02257584245,215.86315224909,253.675702752037,561.968683888139,323.0742521365,577.520173053975,66.5529034399733,188.276969863036,10.1057303265807,8.29380786371097,9.72544537065883,21.5332275934988,12.3490625870713,22.0690531208523,2.54508228191474,7.19843071599543,281.286910614596,229.110046248229,334.438238504363,783.349064933728,482.5511672784,883.023659636488,151.849336765526,431.698919329415,10.8074640321668,8.80277494377817,12.817856314569,30.0041642310017,18.4379429198092,33.7271056929577,5.80092901175193,16.4860352154162,0,0,56.2961539046225,134.338039690965,62.935979376709,110.711488956344,26.9865222507206,72.4910734949023,0,0,0,0,0,0,0,0,547.023015248467,263.106719744993,1313.69372192321,1393.49323482757
"215",2007,1695,17.8333333333333,5437.26504491204,4270.08570064156,1375.5853928049,2639.04028414388,656.541088294076,988.915339015732,226.255775538617,532.590895594593,0,0,0,0,0,0,0,0,0,0,2.30345552723876,4.52235082475756,1.24873691750479,1.88717901265536,0.435994356392197,1.02716211611794,0,0,0,0,0,0,0,0,4060.97915653016,3082.96154842622,780.375515606644,1580.33316996441,481.166228615695,807.015960866843,249.144295682881,655.167749329178,156.029313386933,118.452312867882,30.0787600811144,60.9207225131487,18.540736890503,31.0965313966929,9.60729838971935,25.2641418157675,21121.7705204111,15886.1800366887,4566.55013955097,8918.8084411669,3014.33449882887,4811.33943458503,1195.1088954529,2994.90480479622,811.519474975504,610.372671929657,177.918401705457,348.532984400607,118.742880183939,190.033185093955,47.1823714996992,118.493823207306,0,0,8.54509225120699,17.1507275532141,5.95915203009081,9.57906376639078,2.49734675605536,6.29932494840739,0,0,0,0,0,0,0,0,263.935715156655,216.380152355149,254.768476552186,564.489976796778,322.450805308497,573.850639933313,68.4687498380137,193.403625698077,10.1408147960266,8.31367183006999,9.76754755459682,21.6303516670884,12.3257158250306,21.9297253690596,2.61848825813216,7.39486408588493,280.865323938286,228.489133143825,334.814705638417,784.116436568796,479.587720282779,873.42106542331,155.744045803768,442.065966627728,10.7912665558487,8.77891845708918,12.8325983522978,30.0343833070535,18.3255137373276,33.3618882504351,5.94998666229057,16.8827629437134,0,0,56.3052473097466,134.376629728924,62.4980492833362,109.468098249726,27.9042789264049,74.8555459380258,0,0,0,0,0,0,0,0,550.537657141537,264.678632480822,1325.68048580146,1406.39410664747
"216",2007,1695,17.9166666666667,5413.03192862418,4248.90030406826,1370.42892129263,2629.27569876561,649.745938702533,974.662442748173,231.233167042489,543.515067747979,0,0,0,0,0,0,0,0,0,0,2.29538946771667,4.50677805941145,1.23611680733234,1.86037512581583,0.445773260755899,1.04865004913495,0,0,0,0,0,0,0,0,4074.95586123758,3090.26942482771,783.543738498081,1586.88072941927,480.343810427189,802.184760479088,258.280839956343,678.409251647421,156.566320732908,118.733093165759,30.2009532902937,61.1732931442542,18.5090886985759,30.9104555257126,9.95980984264275,26.1609034171574,21101.3118792927,15852.6809396324,4563.54588566268,8913.25748091555,2995.35344128159,4761.22923695077,1231.8387914221,3084.06824573211,810.733571981334,609.085579956525,177.802155023057,348.318753288549,117.992235419991,188.048142064533,48.6337711512925,122.023540608534,0,0,8.54624989662875,17.1543845784782,5.92552235041149,9.48559342030771,2.57728968980486,6.49500115857883,0,0,0,0,0,0,0,0,264.837932422193,216.888238444911,255.842807466094,566.970008753507,321.832244526998,570.238651616501,70.353563047112,198.414512817988,10.17547962156,8.33319330570881,9.80894188652602,21.7258932991838,12.3025495982236,21.7925787000558,2.69071462218992,7.58689236901324,280.459840417109,227.88459176296,335.188814485655,784.885292391274,476.684454312107,864.037723892317,159.531724606983,452.068773353781,10.775687775498,8.75569099850715,12.8472479907507,30.0646549341295,18.2153715661485,33.0050087418513,6.0949693916945,17.2656207662272,0,0,56.3127532439667,134.411305900768,62.0669356636293,108.250213395162,28.8193507997139,77.2031935617436,0,0,0,0,0,0,0,0,554.064407023168,266.254273149388,1337.676874407,1419.28208313171
"217",2008,1695,18,5388.48926592044,4227.407547761,1365.01720779132,2619.24210289435,642.97098415609,960.139554744464,236.224406769594,554.719916983278,0,0,0,0,0,0,0,0,0,0,2.28734690947728,4.49119898336448,1.22352242854968,1.83303356180943,0.455579737453819,1.0706762414981,0,0,0,0,0,0,0,0,4088.89223125736,3097.56890401404,786.515457626919,1593.18795513873,479.440965804263,796.888765594003,267.554328852602,702.177019775549,157.101778355683,119.0135508292,30.3155951889234,61.4166250600512,18.4743421140598,30.7064704360299,10.3176138745232,27.0779837644912,21081.5775345576,15819.8638436565,4559.75819762186,8906.94720807274,2976.24425066896,4709.14786378202,1269.15970370711,3175.89716629588,809.975495483749,607.824691606048,177.655867173401,348.075389182077,117.236463771716,185.985089873836,50.1084935792909,125.65851225955,0,0,8.5475917691358,17.158203182005,5.89154328233868,9.38798046316874,2.65851783661716,6.69623820852823,0,0,0,0,0,0,0,0,265.78178608116,217.417706783281,256.961346491351,569.513734329119,321.225785181191,566.377332326788,72.3160560040104,203.773239254027,10.2117441783096,8.35353632164333,9.85202911312655,21.823872417016,12.2798395490335,21.6458848855177,2.76591717705649,7.79223312840149,280.085403940219,227.311007065649,335.565075511526,785.668899861941,473.756242898526,854.285618396177,163.350052151097,462.366442597149,10.7613018580438,8.73365294554811,12.8619768720616,30.0954855154445,18.104263399631,32.6340054663675,6.24113797249071,17.6597847402199,0,0,56.3215798251492,134.446952747289,61.6316189645587,106.984430539068,29.7494327397396,79.6158121676056,0,0,0,0,0,0,0,0,557.547393722533,267.801444174992,1349.49339274178,1431.89447412854
"218",2008,1695,18.0833333333333,5363.68447118088,4205.66729919824,1359.39397084669,2608.97554428135,636.231019107946,945.476154725826,241.195831194208,566.056381072075,0,0,0,0,0,0,0,0,0,0,2.27920299297712,4.47547999005698,1.21099311486751,1.80541112575721,0.465352277640953,1.09296344537076,0,0,0,0,0,0,0,0,4102.81745082868,3104.87464173496,789.341372611637,1599.324654585,478.487875713745,791.259334416233,276.950903339359,726.396375045229,157.636807560396,119.294248955549,30.4246303905837,61.6533966251387,18.4376585088088,30.489634898187,10.6801754305027,28.0125024683911,21062.4292849448,15787.620873584,4555.31922707233,8899.98478090425,2957.08249683734,4655.70711445962,1306.92290318445,3269.70128998111,809.239935735279,606.585862137671,177.48457649251,347.806951308525,116.47855729687,183.868201601505,51.600681347358,129.371483092773,0,0,8.5486321612347,17.1616686461731,5.85740037174417,9.28747601824608,2.74074877911666,6.90171495166428,0,0,0,0,0,0,0,0,266.755302200441,217.962143967918,258.098837178831,572.08586734474,320.622355795787,562.314669893044,74.3321998793455,209.365760366102,10.249148409661,8.37445446468293,9.89584055907467,21.9229363892665,12.2572389239188,21.4914772590743,2.8431771673338,8.00652763899897,279.737216783612,226.76282296333,335.942958217241,786.460859413982,470.816428207774,844.269634414699,167.17792137811,472.840681622567,10.74792446811,8.71259082438255,12.8767648230684,30.1266300767414,17.9926989334825,32.2528836475534,6.38768579867207,18.0607367822221,0,0,56.3311334480677,134.482534579739,61.1939801696876,105.684829728166,30.6914961235344,82.078051581876,0,0,0,0,0,0,0,0,560.995776793204,269.325251917157,1361.16069025298,1444.26942249958
"219",2008,1695,18.1666666666667,5338.94974837908,4184.05046568711,1353.77386900774,2598.68563733859,629.620775413105,931.224630939786,245.994149056886,576.909591905402,0,0,0,0,0,0,0,0,0,0,2.27087574515189,4.45950423778416,1.19870675183674,1.77856071085829,0.474798350531366,1.11433576261608,0,0,0,0,0,0,0,0,4116.55558265788,3112.02952177196,792.143955875276,1605.39763467485,477.554128767488,785.754704033739,286.348850407957,750.536903991432,158.164648554872,119.569150888435,30.5327604238462,61.8877054452441,18.4017196424706,30.2776067029854,11.0428042853403,28.9440205552082,21043.3973651145,15755.5909508445,4550.90108868815,8892.97608655025,2938.31104218437,4603.6311368218,1344.40989010519,3362.43970688627,808.508844192037,605.355218322133,177.313999837899,347.536542621579,115.735966871397,181.805081816791,53.0820272591006,133.042341496681,0,0,8.54905324253967,17.1643118768408,5.82396491512448,9.18950965807029,2.8225499272221,7.10534288700183,0,0,0,0,0,0,0,0,267.713169519759,218.495510914393,259.200823386772,574.596017378389,320.015152980883,558.312152985957,76.3128321600377,214.80575906913,10.2859513881815,8.39494727150344,9.93828928277949,22.0196226656204,12.2344876617942,21.3393495003332,2.91908557688226,8.21501036361966,279.402079941131,226.226897982045,336.317805009066,787.247896030404,467.936254839532,834.4860627589,170.902786492337,482.943949327969,10.7350484803105,8.69199971852754,12.8914341867327,30.157581168311,17.8834006462986,31.8806016756363,6.53031164197993,18.447559504848,0,0,56.3389226078092,134.513941159707,60.7633133070276,104.413592524491,31.6305280241695,84.520500781636,0,0,0,0,0,0,0,0,564.456665790385,270.852831788162,1372.83836927562,1456.62812301372
"220",2008,1695,18.25,5314.2953981093,4162.56407621119,1348.15984221117,2588.37885998144,623.137583599958,917.372333283133,250.62343412287,587.294336470894,0,0,0,0,0,0,0,0,0,0,2.26239708729031,4.44330826653265,1.18665513517013,1.75245611096892,0.483924529875448,1.13481835672123,0,0,0,0,0,0,0,0,4130.08945965417,3119.02144791579,794.917031042389,1611.39508502525,476.635407551484,780.365529374853,295.74158268458,774.580377985314,158.684641752029,119.837791872154,30.6397484153187,62.1190981253006,18.3663595488871,30.0700265078737,11.4052464583643,29.8718352034501,21024.4913517971,15723.7801456313,4546.50670334814,8885.9281383419,2919.92276909038,4552.88554809726,1381.62732709616,3454.14358839526,807.782588805409,604.132993385867,177.144253317428,347.264439876115,115.008416752779,179.79438711581,54.5527899291887,136.672308603349,0,0,8.54895985228556,17.1662398948358,5.79121449151618,9.09401073198815,2.90392184443723,7.30714633564974,0,0,0,0,0,0,0,0,268.655739951134,219.017956512492,260.270302688239,577.047996161241,319.405787685444,554.371707070246,78.261122565583,220.106034362078,10.3221666348396,8.41502046268918,9.97949024482916,22.1140772718413,12.2116473146209,21.1895755321457,2.99376324465136,8.4181693574282,279.080157611255,225.703447386415,336.688806026212,788.02954276252,465.115125152105,824.93154990417,174.527298928476,492.686155155292,10.7226802036341,8.67188789878831,12.9059537981155,30.1883206066542,17.7763457377226,31.5170321929994,6.66911625045946,18.8206293811378,0,0,56.344942076086,134.541237451643,60.3395601213848,103.170215701603,32.5665512845735,86.9435519810852,0,0,0,0,0,0,0,0,567.929860409119,272.384106849434,1384.52568493588,1468.97058768515
"221",2008,1695,18.3333333333333,5289.73073717938,4141.21437666342,1342.55457865118,2578.06119320178,616.778766366855,903.906900354091,255.087677459456,597.22497122563,0,0,0,0,0,0,0,0,0,0,2.25379427487581,4.42692425528458,1.17483105329815,1.72707257850311,0.492737384714972,1.15443601967067,0,0,0,0,0,0,0,0,4143.40543995047,3125.84104191316,797.655628099887,1617.30762277992,475.728459741101,775.084488601202,305.123023152331,798.51012752784,159.19626300952,120.099811579218,30.7454037440658,62.3472143927516,18.3314531568993,29.8666126524079,11.767267557475,30.7953034379058,21005.7184657496,15692.1927505085,4542.13836727896,8878.84672909001,2901.91035286713,4503.43627070388,1418.58145678814,3544.84241624487,807.06144700786,602.91935225592,176.975428821494,346.990872468221,114.295622981533,177.834785612966,56.0132118261871,140.262540258884,0,0,8.54843761857681,17.1675401525844,5.75912868304749,9.00091067470689,2.9848647674124,7.50714799792728,0,0,0,0,0,0,0,0,269.583277419485,219.52957565372,261.309761840324,579.444891961599,318.795477051954,550.494516182403,80.1798514089512,225.277985213369,10.3578042900025,8.43467768412404,10.019538799892,22.20641846985,12.1887643502085,21.0422008618218,3.06731612066042,8.6164391645203,278.771466305664,225.192549751925,337.055268491216,788.805263727244,462.352273634462,815.602398633739,178.05424580831,502.077771269529,10.7108202727206,8.65225838415468,12.9202969983485,30.2188276003517,17.6715050048855,31.1620347264324,6.8042055599338,19.1803444191686,0,0,56.3491989279512,134.564494163666,59.9226547323042,101.954190850878,33.4995878809335,89.3475880602866,0,0,0,0,0,0,0,0,571.415164440924,273.919001043765,1396.22197835879,1481.29688469338
"222",2008,1695,18.4166666666667,5265.26426328829,4120.0069621086,1336.96055548076,2567.73819968745,610.541654767823,890.816268338486,259.390791849845,606.715447801565,0,0,0,0,0,0,0,0,0,0,2.24509082261763,4.4103807903326,1.1632280172456,1.70238655150676,0.501243467932455,1.17321314459179,0,0,0,0,0,0,0,0,4156.49268070684,3132.48107365163,800.355728426934,1623.1277675354,474.830825743863,769.905756056717,314.487566954651,822.310937481558,159.699095728092,120.354932217145,30.8495722705878,62.571766967945,18.2969058412671,29.6671409384213,12.1286513191723,31.7138381271539,20987.0840707408,15660.8316654626,4537.79788440485,8871.73669071593,2884.26635480854,4455.24966592976,1455.27814219805,3634.56413130541,806.345624884526,601.714406354261,176.807599137408,346.716032482298,113.597297007881,175.924962173161,57.4635208198299,143.814132736738,0,0,8.54755734579691,17.1682851063253,5.727688665115,8.91014305862866,3.06537872780998,7.70536928988865,0,0,0,0,0,0,0,0,270.495981306155,220.030425617114,262.321291282807,581.789247142582,318.185163350057,546.681251710565,82.0714645337992,230.331797163573,10.3928720141739,8.45392113656068,10.0585150920393,22.2967435733965,12.1658747137688,20.8972513575371,3.13983736753303,8.81020795343732,278.475907546817,224.694176597156,337.416590793379,789.574465549664,459.646800356702,806.49464203428,181.486505785462,511.129663327345,10.6994649041488,8.63311008031886,12.9344406367375,30.2490791797197,17.5688441151256,30.8154585006147,6.93568900624359,19.5271176931547,0,0,56.3517092952734,134.583785745181,59.512525475244,100.765006922783,34.4296589120883,91.7329827871706,0,0,0,0,0,0,0,0,574.912384512776,275.457438793447,1407.92665571945,1493.60712062631
"223",2008,1695,18.5,5240.90373266667,4098.94683963114,1331.38005776242,2557.41505999158,604.423598105786,878.088683501634,263.53661198388,615.779317679621,0,0,0,0,0,0,0,0,0,0,2.2363069588287,4.39370324757653,1.15184014224806,1.67837554435991,0.50944930515683,1.19117369597601,0,0,0,0,0,0,0,0,4169.34277819781,3138.9361770371,803.014138558432,1628.84968128548,473.940703530243,764.824738818407,323.830068509496,845.969013101469,160.192817023177,120.602947612018,30.9521314990672,62.7925315942183,18.2626482356266,29.4714345203551,12.4891991186908,32.6269066944778,20968.5919221778,15629.6985909706,4533.4866318346,8864.60202194895,2866.98327144528,4408.29261714485,1491.72288361054,3723.33519343375,805.6352667257,600.518221015775,176.640820478363,346.440079630493,112.91314761142,174.06362166915,58.9039308247021,147.32812501939,0,0,8.54637711503911,17.1685343897138,5.69687701100297,8.82164359329237,3.14546361472867,7.90183052839553,0,0,0,0,0,0,0,0,271.393998264096,220.520534381979,263.306641027551,584.083144286987,317.575567069275,542.932174503098,83.9381025993253,235.276540194048,10.4273754419518,8.47275189500926,10.0964862004089,22.3851322546464,12.143005864703,20.7547371661143,3.21140848124828,8.99982126136739,278.193284828373,224.208207793529,337.772250772059,790.336506439131,456.997693608039,797.604094673862,184.827020722817,519.852983222488,10.688606548081,8.61443837174245,12.9483646194659,30.2790505403678,17.4683244691283,30.477144387821,7.06367844283885,19.861373244671,0,0,56.3524967939642,134.599189434503,59.1090958442695,99.6021518043539,35.356784557441,94.1001006425111,0,0,0,0,0,0,0,0,578.421329502986,276.999344822856,1419.63917890303,1505.90143255698
"224",2008,1695,18.5833333333333,5216.65624486747,4078.03849670318,1325.81519935006,2547.09661263251,598.421972889397,865.712708919274,267.528896065208,624.429743253167,0,0,0,0,0,0,0,0,0,0,2.22746011280724,4.37691420820767,1.14066202351845,1.65501802617855,0.517361384425828,1.20834118654383,0,0,0,0,0,0,0,0,4181.94938504194,3145.20254950727,805.628356255759,1634.46889309054,473.056810765831,759.837811722404,333.145818899882,869.471916377364,160.677183018226,120.843711663312,31.0529854444903,63.0093364814954,18.2286309416654,29.2793537368106,12.8487291065904,33.5340286882,20950.2444310685,15598.7942316521,4529.20562940928,8857.44602397675,2850.05358249549,4362.53260081273,1527.92084179197,3811.18066532965,804.930465168576,599.330823312888,176.475135170561,346.163146501933,112.242882771902,172.2494917675,60.3346426887413,150.805502011219,0,0,8.54494450788992,17.1683371109675,5.66667748196821,8.73535010080131,3.22511923804433,8.09655112538609,0,0,0,0,0,0,0,0,272.277434387051,220.999909059998,264.267279656704,586.328296120255,316.967241569154,539.247239556742,85.7816339182485,240.120279949137,10.4613186495875,8.4911702327124,10.13350840415,22.4716499964132,12.1201788726692,20.6146567290121,3.28210054772436,9.18558624866403,277.923321489201,223.734447792319,338.121793251826,791.090705921032,454.403852230896,788.926401577159,188.078768641908,528.259064748718,10.6782345750083,8.59623574512447,12.9620514296068,30.3087154119432,17.3699040526097,30.1469267740368,7.18828710704618,20.1835420951774,0,0,56.3515908859226,134.610784290136,58.7122854639605,98.4651138238314,36.2809840770044,96.4492968584708,0,0,0,0,0,0,0,0,581.941809952712,278.54464398721,1431.35905559688,1518.17997984214
"225",2008,1695,18.6666666666667,5192.52832525526,4057.28596768522,1320.26794326827,2536.78739326648,592.534190856721,853.677228333385,271.371327779643,632.679510719434,0,0,0,0,0,0,0,0,0,0,2.21856538606432,4.36003386597464,1.12968862170703,1.63229330637231,0.524986145966424,1.22473865717647,0,0,0,0,0,0,0,0,4194.30784134184,3151.27766316392,808.196441845966,1639.98203511661,472.178256500622,754.94207290987,342.430519145846,892.808488953854,161.152014672532,121.077127245135,31.1520597013929,63.2220521850136,18.194819604539,29.0907867285584,13.2070751871141,34.4347728363502,20932.0429182745,15568.1184918138,4524.9556065601,8850.27143061567,2833.4697945503,4317.93774623253,1563.87686347965,3898.12430504769,804.231270965914,598.152209568724,176.310574236992,345.885343600961,111.58621137535,170.481325278627,61.7558451696539,154.247198086674,0,0,8.54329872185348,17.1677340309656,5.63707482479997,8.6512024678069,3.3043453880466,8.28954977778584,0,0,0,0,0,0,0,0,273.146366648324,221.468543724942,265.204450508881,588.526130185567,316.360622655517,535.626190489437,87.6036879761461,244.870192013389,10.4947045944822,8.50917592197523,10.1696293394131,22.5563513429428,12.0974103187371,20.4770004058899,3.35197552550573,9.36777607032175,277.665678034877,223.272641358905,338.464818335904,791.836355136566,451.864107403525,780.457085405722,191.244738148604,536.359323759405,10.6683359412676,8.57849239393626,12.9754856763887,30.3380464490921,17.2735382673868,29.8246353576081,7.3096286428873,20.4940584306152,0,0,56.3490253356594,134.618650298473,58.3220110144157,97.353383165518,37.202275830523,98.7809175357346,0,0,0,0,0,0,0,0,585.473637541075,280.093261129713,1443.08583004443,1530.44293663057
"226",2008,1695,18.75,5168.52598321373,4036.69288089363,1314.74011613242,2526.49166235855,586.757704117572,841.97144664973,275.067517762598,640.541040579661,0,0,0,0,0,0,0,0,0,0,2.20963587972153,4.34308032142695,1.11891519730661,1.61018146619933,0.532329973467974,1.24038866399148,0,0,0,0,0,0,0,0,4206.41491901705,3157.1600647903,810.716929786373,1645.38666233032,471.30445795525,750.135185939949,351.680257291862,915.968783726852,161.61718795808,121.303138522577,31.24929805384,63.4305846903717,18.1611917178472,28.9056433764178,13.5640861420169,35.3287544313475,20913.9877904255,15537.6706104216,4520.73704826188,8843.08049718131,2817.22446830286,4274.47686773885,1599.59550228984,3984.18864305556,803.537699744875,596.982350542929,176.147159173965,345.606762788182,110.942844280505,168.757901433991,63.1677157355498,157.654100045475,0,0,8.54147195963159,17.1667589763259,5.6080546364292,8.5691425610473,3.38314187217723,8.48084460473081,0,0,0,0,0,0,0,0,274.000850396344,221.926424408899,266.119209228887,590.677843670335,315.75605651587,532.068612534561,89.4056821153902,249.53265363877,10.5275354031774,8.52676842612856,10.2048894409331,22.6392820049717,12.0747133663868,20.341752506781,3.42108726698182,9.54663338520416,277.419964385769,222.822484758048,338.800974084582,792.572726136896,449.377240436354,772.191584955901,194.32790929273,544.165182772698,10.6588956596315,8.56119664817796,12.9886538132937,30.3670155853953,17.1791806112436,29.5100966189295,7.42781636990048,20.7933567205436,0,0,56.3448372223135,134.622867847879,57.938186862771,96.2664528851329,38.1206772980704,101.095299750206,0,0,0,0,0,0,0,0,589.016624796276,281.645121021623,1454.81907744761,1542.69048763155
"227",2008,1695,18.8333333333333,5144.65476254136,4016.2624993691,1309.23342067206,2516.2134292217,581.090009184134,830.584888693386,278.621005085248,648.026398002977,0,0,0,0,0,0,0,0,0,0,2.20068297610826,4.32606983837929,1.10833725773781,1.58866330169782,0.53939918649973,1.2553132688856,0,0,0,0,0,0,0,0,4218.2686023417,3162.84920462793,813.188753081905,1650.68109886696,470.435072191909,745.415251441206,360.891485360296,938.943995163721,162.072625427459,121.521724373036,31.3446595778785,63.6348695209502,18.1277339997218,28.7238503725301,13.9196247487856,36.2156326642309,20896.0786908927,15507.4492765346,4516.5502343529,8835.87507631205,2801.31024033112,4232.11948695966,1635.08103876041,4069.39505627055,802.849737807585,595.821195866849,175.98490347155,345.327480217036,110.312495173371,167.078026775502,64.5704213329323,161.027049953789,0,0,8.53949060213415,17.1654400274513,5.57960324851792,8.48911414176998,3.46150854497157,8.67045326473496,0,0,0,0,0,0,0,0,274.840925576522,222.373533176661,267.012455491889,592.784449001751,315.153821719172,528.573974085786,91.1888456691902,254.113327229936,10.5598126104091,8.54394705607328,10.2393231599604,22.7204806103785,12.0520986046766,20.208892884729,3.48948244203502,9.72237355000769,277.185750472262,222.383635436525,339.129950451982,793.299080487114,446.941998110731,764.125288035181,197.331237506116,551.688006745614,10.6498972063922,8.5443353464007,13.00154390465,30.3955943613991,17.0867832641567,29.2031350760827,7.54296266970708,21.0818692643492,0,0,56.3390661152981,134.623517304056,57.5607255984985,95.2038197655368,39.0362051110287,103.392771695765,0,0,0,0,0,0,0,0,592.570584882356,283.200148328821,1466.55839936141,1554.92282474155
"228",2008,1695,18.9166666666667,5120.9197906132,3995.99776063735,1303.74944797166,2505.95647553003,575.528650657031,819.507397042259,282.035258860607,655.14730370543,0,0,0,0,0,0,0,0,0,0,2.19171661270883,4.30901709325946,1.09795050494992,1.56772026631702,0.546200033569834,1.26953403179013,0,0,0,0,0,0,0,0,4229.8678746369,3168.34527028652,815.611169953475,1655.86428911769,469.569930823382,740.780685284976,370.060995101789,961.726385739044,162.51828801824,121.732892004778,31.4381158302305,63.8348660261829,18.0944398856287,28.5453465422097,14.2735668524752,37.0951078091222,20878.3146465484,15477.452741237,4512.39527773511,8828.65669159796,2785.71984370859,4190.8358521352,1670.33750084886,4153.76384370658,802.167347769794,594.668678344115,175.823814090911,345.04755918565,109.694881376177,165.440535930415,65.9641191726047,164.366848048897,0,0,8.53737635286166,17.1638006784599,5.55170761492749,8.41106278589092,3.53944533668595,8.8583930663427,0,0,0,0,0,0,0,0,275.666622689672,222.809851995868,267.884963756494,594.846817902463,314.554150761626,525.141667364626,92.9542435090322,258.617242137471,10.5915373880394,8.56071111897754,10.2729601448866,22.7999803956441,12.0295748738561,20.0783984945014,3.55720143921709,9.89518774840797,276.96257653499,221.955721425986,339.451473341432,794.014677491883,444.557106766144,756.25356144752,200.25763879922,558.93904310342,10.6413229171117,8.52789419697954,13.0141453968363,30.423754238299,16.9962976266704,28.9035744300105,7.65517842077316,21.3600239003191,0,0,56.3317532713471,134.620678594603,57.1895385509391,94.1649851257788,39.9488750919182,105.673652862543,0,0,0,0,0,0,0,0,596.135331404666,284.7582675857,1478.30341914604,1567.1401437005
"229",2009,1695,19,5096.71878363857,3975.2106914802,1297.94746428227,2495.35663593279,569.540836768346,807.477076251242,285.951428514576,663.251219251643,0,0,0,0,0,0,0,0,0,0,2.18289596409482,4.29209504769363,1.08674308822872,1.54494248843108,0.553958144068348,1.28563344146373,0,0,0,0,0,0,0,0,4241.53538720341,3173.90736470798,817.805507012398,1660.78204698714,468.281682141438,735.102561521285,379.728144507428,985.566030714662,162.966572509373,121.946596567181,31.5228101267381,64.0246596224782,18.0448408959715,28.3266282093764,14.6466954288473,38.0153480862975,20861.4251215954,15448.107354774,4507.2722771484,8820.47123869772,2767.86713897583,4144.15932537006,1708.48536788492,4244.20644689743,801.518555975603,593.54117904954,175.625690066368,344.730619316197,108.988171514781,163.59015559671,67.4716927829267,167.946342807984,0,0,8.53574949301977,17.1625332727027,5.5192278677672,8.32202360673308,3.62319118313604,9.05857063645628,0,0,0,0,0,0,0,0,276.573903040827,223.27620430065,268.856632160544,597.012538067069,313.774902595275,521.059353516666,95.0835325137207,263.949983378409,10.6263967166119,8.57862911654354,10.3103966816401,22.8834360251445,12.0001763473845,19.923033087097,3.63884107916795,10.0997018171029,276.771020696272,221.556645602521,339.779556473247,794.737204084098,441.808912175926,747.405032421939,203.606907030533,567.170607487739,10.6339634347572,8.51256105707313,13.0269941489512,30.4521709598385,16.8919084966262,28.5666446502496,7.78357177351931,21.6756832139024,0,0,56.3279830765251,134.62086327475,56.7716057414442,93.0047710166469,40.9229651363472,108.093512553629,0,0,0,0,0,0,0,0,599.608423958465,286.274706150631,1489.715959168,1578.9904668811
"230",2009,1695,19.0833333333333,5072.39664520904,3954.30773488124,1292.03888069113,2484.63035985462,563.470152614349,795.323817539151,289.951163003255,671.446394054025,0,0,0,0,0,0,0,0,0,0,2.17399227904612,4.27506218824263,1.07537930050681,1.52192486955754,0.561880909667465,1.3019166292651,0,0,0,0,0,0,0,0,4253.16885570283,3179.44429171283,819.921224065051,1665.60124076221,466.86641846873,729.151359781896,389.587916515386,1009.74135191756,163.413548973006,122.159334157191,31.6044771032105,64.2106533043075,17.9903450554655,28.0973825235237,15.027255322515,38.9485438437546,20844.8779254095,15419.0864230364,4501.79965791553,8811.89051329214,2749.39935801582,4096.28891245273,1747.53048381995,4336.22203714162,800.882915399938,592.426145861139,175.414134553335,344.398425625127,108.25723235856,161.692645632514,69.0146257467777,171.587870446175,0,0,8.53374913427363,17.1607480968492,5.48547802400009,8.23045446163352,3.70881790481211,9.2620521347652,0,0,0,0,0,0,0,0,277.497875017845,223.745666285188,269.833168407154,599.170127645658,312.921003983189,516.776846672737,97.3092697410104,269.4703393874,10.6618973609468,8.59666659304159,10.348017332622,22.9665752323438,11.9679158059371,19.7599946046463,3.72417296191024,10.3113985997996,276.59503342155,221.170269302113,340.106043353695,795.446040967052,438.95840000073,738.32550443817,207.065348678563,575.577048205428,10.6272021121323,8.49771585336416,13.0397783207425,30.4800555462289,16.7835933573251,28.2208484496217,7.91614999008895,21.9980563203463,0,0,56.3244183843313,134.619629933365,56.3407911499569,91.8174258515132,41.9178296993734,110.551771336518,0,0,0,0,0,0,0,0,603.05358543525,287.777096409089,1501.00156210362,1590.68403145373
"231",2009,1695,19.1666666666667,5048.19168494675,3933.55818724037,1286.15791438863,2473.9229927843,557.521656188876,783.529601169788,293.788273197297,679.219316946377,0,0,0,0,0,0,0,0,0,0,2.16495634009777,4.25786610637654,1.06424664591571,1.49958649640924,0.569497017070573,1.31739761619814,0,0,0,0,0,0,0,0,4264.63796425283,3184.85193079999,822.025205810134,1670.37653554141,465.487500788161,723.360416822025,399.430288924312,1033.76241021518,163.854210464543,122.36710429865,31.6856836469089,64.394944148057,17.937248077109,27.8743090809061,15.4071535056799,39.8758155252267,20828.3920823728,15390.2244056282,4496.36642050917,8803.2878862799,2731.31442966337,4049.71430061807,1786.26698895574,4427.1426982887,800.249630841856,591.317218445447,175.204010566675,344.065219358064,107.541361823864,159.846296863736,70.5454305232676,175.18610499506,0,0,8.5311763032797,17.1582218227634,5.45243933753459,8.14135131791737,3.79391236713455,9.46345772444053,0,0,0,0,0,0,0,0,278.40142635605,224.202565165308,270.769290811561,601.264439918001,312.06422982875,512.572700196503,99.4837671615404,274.82971570827,10.6966134109127,8.61422137500929,10.3840862499931,23.0472851487424,11.9355383853385,19.5999341296886,3.80754839507121,10.5169483566585,276.426420948884,220.789394101456,340.424815843485,796.133614460443,436.16517217061,729.466899138147,210.440921562729,583.67994280801,10.6207241326272,8.48308201089906,13.0522637857637,30.5071182793104,16.6774542813098,27.8834590038832,8.04557021867091,22.308855852654,0,0,56.3190700182307,134.614485586688,55.9176210642926,90.6590140389316,42.9085929021365,112.98825360054,0,0,0,0,0,0,0,0,606.510109291992,289.282599831941,1512.2891213745,1602.35543763693
"232",2009,1695,19.25,5024.11316615754,3912.96819846678,1280.30693188009,2463.24014633183,551.692805985783,772.08264915152,297.467094156088,686.58450315517,0,0,0,0,0,0,0,0,0,0,2.15581815817783,4.24053953107034,1.05333713090078,1.47790246261922,0.576813059515676,1.33210052730486,0,0,0,0,0,0,0,0,4275.92337810019,3190.11657395121,824.109963641738,1675.09327214111,464.139084082427,717.717438945579,409.249070789496,1057.61455539342,164.287814111845,122.569380307575,31.7661426587079,64.5769696434881,17.8853253685176,27.6569352643719,15.7861514927001,40.7965985292824,20811.9796597459,15361.5292874681,4490.97563231021,8794.67096444258,2713.60560744201,4004.40116233254,1824.7022903793,4517.00044089439,799.61916594419,590.214703595689,174.995440115916,343.731300382809,106.840296602351,158.049761929449,72.0643958432178,178.742305368534,0,0,8.52813581391042,17.1550595802588,5.4200908010911,8.05464300339104,3.87847839822468,9.66282302476187,0,0,0,0,0,0,0,0,279.285308372159,224.647217209398,271.66884512433,603.299970996163,311.206995392268,508.448612801038,101.611389300612,280.041000941809,10.7305737332455,8.63130561398431,10.4187509982306,23.1257382073106,11.9031366063781,19.4429172435404,3.88913408446484,10.7168430920258,276.265430379713,220.414515797548,340.735225997406,796.800873303084,433.428553268599,720.826162635849,213.734859705967,591.488028190271,10.6145389904336,8.46867857898767,13.0644256216158,30.533395322404,16.5734656337642,27.5543605931765,8.17187896230256,22.6084134925613,0,0,56.311945996946,134.605515591935,55.5020013348216,89.5289150866004,43.8953080933142,115.4034617106,0,0,0,0,0,0,0,0,609.977746349119,290.791133072022,1523.57786058613,1614.00487698802
"233",2009,1695,19.3333333333333,5000.16931300538,3892.54310224411,1274.48803785001,2452.58690638909,545.981048837075,760.971487658018,300.99185057081,693.555970431699,0,0,0,0,0,0,0,0,0,0,2.1466032389366,4.22311121476295,1.0426437437972,1.45684935690019,0.583835684062909,1.34604916654852,0,0,0,0,0,0,0,0,4287.0097069867,3195.22753161297,826.169430832123,1679.73972273847,462.816590821823,712.212474374815,419.038594168155,1081.28472825967,164.713768596582,122.765751474226,31.8456215418993,64.7562797029526,17.8344009868191,27.4448783533941,16.1640308618977,41.7103893230613,20795.6500468258,15333.0070513308,4485.62963638885,8786.04592018006,2696.26586578216,3960.31546370623,1862.84333368434,4605.82551651354,798.991881459453,589.118831179508,174.788517136219,343.396912930891,106.153762456207,156.301704834364,73.5717926254837,182.257662179614,0,0,8.52471295359321,17.1513466481465,5.38841286988196,7.97025989892711,3.96251927476959,9.86018128318661,0,0,0,0,0,0,0,0,280.150148439199,225.07986782039,272.535036125302,605.280343027103,310.351151354964,504.405400565914,103.69601454423,285.115731065758,10.76380243257,8.6479287387401,10.4521345380471,23.2020732921165,11.8707813444318,19.2889756589637,3.96907813739979,10.9115230897495,276.112163401385,220.045977389714,341.036772050999,797.448601828521,430.747753505589,712.399894123747,216.948642864568,599.010476452491,10.6086505927127,8.45451873620864,13.0762445305222,30.5589165774466,16.4715974222829,27.2334242464701,8.29513214581629,22.8970776528152,0,0,56.3030656106817,134.592808599523,55.0938315330644,88.4265094917125,44.8780263853665,117.797882514429,0,0,0,0,0,0,0,0,613.456256217297,292.302614721726,1534.86711583382,1625.63259839064
"234",2009,1695,19.4166666666667,4976.36749989353,3872.28756649329,1268.70312243733,2441.96792512693,540.383836694953,750.184949272488,304.366665723168,700.147279880763,0,0,0,0,0,0,0,0,0,0,2.13733351201838,4.20560664954192,1.03216017726119,1.43640497206798,0.590571561089607,1.35926696709053,0,0,0,0,0,0,0,0,4297.8846529675,3200.17647081144,828.198652926873,1684.30643946826,461.51639006597,706.837310264657,428.793663771774,1104.76129864248,165.131601412043,122.955897632423,31.9239303393729,64.9325116925213,17.7843353305124,27.2378223956884,16.5405913297181,42.6167392410961,20779.4105452243,15304.6621277096,4480.33021257987,8777.41781155387,2679.28801086711,3917.42360749923,1900.69665502035,4693.64660555276,798.368057929008,588.029771423382,174.583313712453,343.062257980137,105.481478528546,154.600806518947,75.0678759824014,185.733305001024,0,0,8.52097815350191,17.1471533570771,5.35738719554686,7.88813418559471,4.04603788106672,10.0555638676048,0,0,0,0,0,0,0,0,280.996479955643,225.500711447162,273.370573752771,607.208526386359,309.498145077445,500.443275046913,105.741104273341,290.06427787791,10.796320002862,8.66409822031396,10.484340835509,23.2764042673865,11.8385280153899,19.138117893048,4.04751270801313,11.1013841207866,275.966611330014,219.684002804597,341.329061636553,798.077439232114,428.121887949165,704.184413700468,220.083940107245,606.256755232701,10.6030586059944,8.44061108617748,13.0877054238222,30.5837064125827,16.3718160238413,26.9205103177958,8.41539295537187,23.1752081281538,0,0,56.2924561801555,134.576454861083,54.6930067418027,87.3511807707911,45.8567968409745,120.171988400218,0,0,0,0,0,0,0,0,616.945405400437,293.816964759659,1546.15630775402,1637.23888731416
"235",2009,1695,19.5,4952.71432141325,3852.20564964748,1262.95387861288,2431.38745397298,534.89863609447,739.712185976146,307.59556180429,706.371539744065,0,0,0,0,0,0,0,0,0,0,2.12802769563503,4.18804834806212,1.02188073045783,1.41654821782146,0.597027364748204,1.37177694739103,0,0,0,0,0,0,0,0,4308.53867108829,3204.95714910286,830.193664246506,1688.78599346205,460.235666350266,701.585224253649,438.509547608444,1128.03402763823,165.540945825822,123.139578937493,32.0009170018402,65.105380429623,17.7350201096964,27.0355086756262,16.9156503961228,43.5152530489642,20763.2666055618,15276.497577038,4475.07864218081,8768.79070995727,2662.66473141061,3875.69252134276,1938.26839502518,4780.49086549366,797.74790477711,586.947641913895,174.379882576053,342.727498189779,104.823159318407,152.945768302884,76.5528857526159,189.170304207314,0,0,8.51698879157711,17.1425369697676,5.3269965270338,7.80819994152914,4.12903677650692,10.249000474682,0,0,0,0,0,0,0,0,281.824754535884,225.909899928127,274.17773090642,609.086928216577,308.649081183696,496.561947804233,107.749730355689,294.895923324952,10.8281437958258,8.67981989258075,10.5154570810116,23.348823376809,11.8064189004789,18.9903332797384,4.12455504969615,11.2867802879531,275.828669900562,219.328710917097,341.611797646709,798.687889524071,425.549990423978,696.175805504036,223.142580181892,613.236545883231,10.5977590244334,8.42696019625377,13.0987968777628,30.6077840390507,16.2740847132015,26.6154701282871,8.53273070436789,23.4431729647145,0,0,56.2801517558357,134.556545544721,54.2994183579362,86.3023168438063,46.8316664681975,122.526237205502,0,0,0,0,0,0,0,0,620.444966611698,295.334104352073,1557.44493119778,1648.8240578639
"236",2009,1695,19.5833333333333,4929.21569686618,3832.30088395785,1257.24182826979,2420.84939410307,529.522937997434,729.542672290533,310.682464147025,712.241425861648,0,0,0,0,0,0,0,0,0,0,2.11870182073098,4.17045625821986,1.0118001691859,1.39725897693422,0.603209751610395,1.38360167522688,0,0,0,0,0,0,0,0,4318.96449010883,3209.56504220778,832.151313760751,1693.1726084597,458.972244217401,696.450657462114,448.181946582161,1151.09396722304,165.941522465241,123.316621559385,32.0764607156858,65.2746641379864,17.6863716146137,26.8377231690046,17.2890421826044,44.4055851027374,20747.2221604428,15248.5153433481,4469.87579866968,8760.16787955597,2646.38866044683,3835.0897400712,1975.56432973382,4866.38404062804,797.131573104232,585.872517343681,174.178260609795,342.39276484259,104.178517085375,151.335315099171,78.0270476905927,192.569675207519,0,0,8.5127917380063,17.1375443288718,5.29722456051733,7.73039322655142,4.21151828549281,10.440519417991,0,0,0,0,0,0,0,0,282.635358749883,226.307553526166,274.958424641959,610.917513978349,307.804805181448,492.76077233449,109.724618113409,299.618976700381,10.8592886640579,8.69509837623297,10.545556806108,23.4194059099444,11.7744863541788,18.8455974171297,4.20030915959238,11.4680285098631,275.698159402082,218.980135012543,341.884758546798,799.28033655949,423.031028687258,688.369965828586,226.126515387352,619.959651651193,10.5927449434349,8.41356734530871,13.1095103758108,30.631164081423,16.1783642394388,26.3181477980051,8.64721945028896,23.7013449446525,0,0,56.2661913586991,134.533171867091,53.9129551164833,85.2793113746203,47.8026803287323,124.861072725968,0,0,0,0,0,0,0,0,623.954717773972,296.853955579218,1568.73254047887,1660.3884421553
"237",2009,1695,19.6666666666667,4905.87695245899,3812.57634108445,1251.56834275505,2410.35733613292,524.254265339938,719.666206775834,313.631204558405,717.769198373937,0,0,0,0,0,0,0,0,0,0,2.10936964470458,4.15284809710101,1.00191362360763,1.37851799910574,0.609125342749131,1.39476323916511,0,0,0,0,0,0,0,0,4329.15673566228,3213.99705149783,834.069128307515,1697.46187339829,457.724454103837,691.428966397222,457.806967513733,1173.93337095051,166.33312483853,123.486906443842,32.1504666615029,65.4401934292457,17.6383255699578,26.6442870235953,17.6606164008785,45.2874359321364,20731.2798864148,15220.7164534948,4464.72221895341,8751.55191780107,2630.45242231239,3795.58346573707,2012.5898970999,4951.35055584877,796.519165751816,584.804437165959,173.978471600621,342.058163281605,103.547263679264,149.768197761287,79.4905744869237,195.932382061198,0,0,8.50842531546045,17.1322138827812,5.26805581934835,7.65465211531655,4.29348456784559,10.6301478585682,0,0,0,0,0,0,0,0,283.428627129874,226.693769387969,275.714279340188,612.701900580147,306.965965239499,489.038847238371,111.668182784409,304.240874277731,10.8897674607854,8.70993740380206,10.5747023084724,23.4882137777905,11.7427551741108,18.7038761269881,4.27486717422995,11.645412333293,275.57484061249,218.638238297244,342.147783457027,799.855058044589,420.56391797555,680.762644570597,229.037791602507,626.435921684362,10.5880071718929,8.40043111966554,13.1198397345242,30.6538571100889,16.084613341513,26.0283818255164,8.75893684735352,23.9500986768279,0,0,56.250617639086,134.506424464008,53.5335038931351,84.2815648514725,48.769881633522,127.176925141951,0,0,0,0,0,0,0,0,627.474441267901,298.376441242526,1580.01873824882,1671.93238257766
"238",2009,1695,19.75,4882.70288823902,3793.03468558622,1245.93465961527,2399.91459250676,519.090178640503,710.072910848634,316.445524238438,722.966717074037,0,0,0,0,0,0,0,0,0,0,2.10004298539997,4.13523963161678,0.992216518081826,1.36030682401658,0.614780708364087,1.40528322833059,0,0,0,0,0,0,0,0,4339.11162814192,3218.25126972872,835.945203120814,1701.65051333993,456.491029255603,686.516233203238,467.381097938199,1196.54561011185,166.715607727156,123.650360311488,32.2228618186633,65.6018425197929,17.5908331785881,26.4550492761504,18.0302373892508,46.1605490318049,20715.4414137204,15193.1011763353,4459.61816026722,8742.94486707585,2614.84866764466,3757.14260673866,2049.35022116084,5035.41360289108,795.910745361194,583.743411710443,173.780528438699,341.723777231282,102.929111905153,148.243194619698,80.943666697495,199.259340802875,0,0,8.50392080165001,17.1265772173531,5.23947555646611,7.58091666788232,4.37493767218956,10.8179119933746,0,0,0,0,0,0,0,0,284.204852346692,227.06862798251,276.446676338636,614.441427326549,306.13305620173,485.395087570767,113.582562630694,308.768270097437,10.9195914308563,8.72434006703489,10.6029465572901,23.5552982370543,11.7112442894733,18.5651281933491,4.34831063691262,11.8191854073372,275.458427571828,218.302926536394,342.400761006905,800.412239660116,418.147534507971,673.349484500086,231.87852200943,632.675185206083,10.583534722957,8.38754789866798,13.1297806745579,30.6758701793362,15.9927892633089,25.7460065867827,8.86796314059348,24.1898080767034,0,0,56.2334758793532,134.476392981516,53.1609503372245,83.3084854528518,49.7333118294959,129.474211415591,0,0,0,0,0,0,0,0,631.00392336819,299.901484738581,1591.30316726843,1683.4562265537
"239",2009,1695,19.8333333333333,4859.69783651106,3773.67822160322,1240.34189722961,2389.52422584089,514.028280479974,700.753226023127,319.129076582612,727.845456197892,0,0,0,0,0,0,0,0,0,0,2.09073201149839,4.11764492576386,0.982704513031502,1.34260771531817,0.620182354676239,1.41518271726618,0,0,0,0,0,0,0,0,4348.82672097823,3222.32677852867,837.778107147077,1705.7361917925,455.271019243833,681.709107923517,476.901181040321,1218.92509117073,167.088877130005,123.80694787701,32.2935913364324,65.7595216507187,17.5438578019995,26.2698807974686,18.3977831538173,47.0247077001267,20699.7075080008,15165.6691602027,4454.56364935946,8734.34831097796,2599.57010218652,3719.73680617326,2085.85013509167,5118.59522240802,795.306341354855,582.689427465317,173.584435018752,341.389672524768,102.32377664776,146.759112598822,82.3865136302154,202.551422607264,0,0,8.49930371487229,17.1206603603537,5.21146966862566,7.50912889039232,4.45587958130115,11.0038372168313,0,0,0,0,0,0,0,0,284.964293889977,227.432198489963,277.156796518779,616.137215814746,305.306455941753,481.828282820106,115.469649140465,313.207118907815,10.948770544247,8.73830902394455,10.630334828231,23.6207021901336,11.6799681554645,18.4293075876622,4.42071165389599,11.9895746573845,275.348598636694,217.974059078992,342.643619968687,800.951988346455,415.780727198874,666.126055135941,234.650864301043,638.687195392295,10.5793152387609,8.37491227827526,13.139330460175,30.6972073339507,15.9028482006586,25.4708536287305,8.97438029335501,24.4208442176428,0,0,56.2148131520215,134.443165748498,52.7951794108137,82.3594897608428,50.6930106905778,131.753335702986,0,0,0,0,0,0,0,0,634.542953774684,301.429009964244,1602.58550345119,1694.96032228658
"240",2009,1695,19.9166666666667,4836.86571146573,3754.50893254628,1234.7910672614,2379.18907307472,509.066218870222,691.697909679794,321.685429779632,732.416518432603,0,0,0,0,0,0,0,0,0,0,2.0814454868221,4.10007655381443,0.973373461138336,1.32540360756734,0.625336712960679,1.42448225603668,0,0,0,0,0,0,0,0,4358.30068152845,3226.2234791858,839.56680396474,1709.71734627942,454.063720584186,677.004683007537,486.364391577602,1241.06717673101,167.452881844811,123.956665347741,32.3626155028277,65.9131707819212,17.4973722967409,26.0886694741499,18.7631444471168,47.8797320123074,20684.0782222645,15138.419547527,4449.55852351202,8725.76345428649,2584.6095091345,3683.33645918581,2122.09420270506,5200.91638074808,794.705955775254,581.642451481158,173.390187826258,341.055900200534,101.73097574508,145.31478790589,83.8192941719783,205.809456750847,0,0,8.49459486031675,17.1144848330411,5.18402462352687,7.43923267799493,4.53631224832386,11.1879482548558,0,0,0,0,0,0,0,0,285.707185160441,227.784543076608,277.845655373113,617.790217922252,304.486453158054,478.337139929033,117.331114387739,317.562751461104,10.9773137685584,8.75184666305905,10.6569060497598,23.6844620279465,11.6489378192325,18.296365119701,4.49213394178701,12.1567831666099,275.245005706706,217.651458184857,342.876321830167,801.474344852401,413.462328152465,659.087882652849,237.357001004567,644.481581853418,10.575335344917,8.36251742942121,13.1484876134083,30.7178700882248,15.8147457022667,25.2027528121419,9.07827123410109,24.6435735116011,0,0,56.1946776519706,134.4068295469,52.4360758312365,81.4340033316069,51.6490164058977,134.01468975996,0,0,0,0,0,0,0,0,638.091325244959,302.958941255546,1613.86545033749,1706.44501565363
"241",2010,1695,20,4813.23034688462,3734.48699866332,1228.79065478742,2368.2679605185,503.013330793586,677.888917503048,325.468988700578,741.802504719743,0,0,0,0,0,0,0,0,0,0,2.07242396127449,4.08272795819303,0.961954981183781,1.29907980015704,0.632841151927575,1.44301881187472,0,0,0,0,0,0,0,0,4368.04918673496,3230.34769871314,841.107764490554,1713.40098687116,451.823725391684,667.488878036617,497.034770678962,1268.17489200757,167.827435004355,124.115124457307,32.4221291191254,66.0553890104505,17.4110896161432,25.7220458612795,19.1750299491691,48.9261183341719,20669.458479735,15111.8607306216,4443.34638880066,8715.74641664237,2563.89491626162,3621.06647696271,2165.0214885855,5309.85432916462,794.144356215226,580.622017023183,173.149874682125,340.667363158821,100.91171300836,142.849931335054,85.515152999561,210.117508889566,0,0,8.49083115386223,17.1089602205827,5.14498764657061,7.31695373908575,4.63022200106425,11.4259632902176,0,0,0,0,0,0,0,0,286.60065107244,228.185106234341,278.728868936679,619.614594291083,303.135046509665,471.540956450461,120.040179109356,325.408024269062,11.0116423013197,8.76723693691487,10.6909281700229,23.7547850118843,11.5975704125718,18.0369868622829,4.59598761801098,12.4574776513191,275.174707303366,217.357672741387,343.128275694439,801.998449395116,410.215671995028,647.402120298463,241.106600943868,654.978428124145,10.572634671543,8.3512297164508,13.1583783057038,30.7385897262301,15.6911240767714,24.7568971170481,9.22208093737879,25.0461382261337,0,0,56.1815945134123,134.376386987389,51.9603846845268,79.9373864836363,52.742800934526,136.867329636254,0,0,0,0,0,0,0,0,641.468699997245,304.426091164655,1624.5663033525,1717.40784331421
"242",2010,1695,20.0833333333333,4789.59061115016,3714.48674661759,1222.76907448644,2357.30416061839,496.973790402155,664.088331026056,329.217489553037,751.138682387608,0,0,0,0,0,0,0,0,0,0,2.06327948382039,4.06522245734705,0.950567556628555,1.2727597314828,0.640289848872479,1.46149323186925,0,0,0,0,0,0,0,0,4377.80132950815,3234.47216656625,842.649961815867,1717.08829632048,449.551392549698,657.810676545256,507.84227146317,1295.70747538553,168.202127925028,124.273593107945,32.481682074338,66.1977332919138,17.3235568515129,25.3491582769895,19.5922029580959,49.9888816584402,20654.8742863968,15085.4127833183,4437.03254688666,8705.53673153513,2543.00026862816,3558.09745654173,2208.26740539287,5419.71779316606,793.584121269492,579.605842380986,172.905605231019,340.271289575214,100.085374760684,140.357538214799,87.2235829160965,214.462034654063,0,0,8.48651869021022,17.1026863161906,5.10556741643622,7.19313763826653,4.72491293508067,11.6662636237501,0,0,0,0,0,0,0,0,287.486615894599,228.578612043281,279.585896941217,621.394300051808,301.72844322538,464.562051726117,122.748915760184,333.206479456641,11.0456826287395,8.78235605618278,10.7239437706127,23.8233908574245,11.5440846898051,17.7705998027835,4.69983116688057,12.7563880977168,275.106418168838,217.062985826637,343.370887835165,802.482282650099,406.926542727192,635.543032138031,244.886475389392,665.582345585661,10.5700111912668,8.33990736764958,13.1679075401606,30.7577578207566,15.5658634860648,24.3043725073889,9.36705612127678,25.4528200820778,0,0,56.1675497751021,134.342898538917,51.481047292179,78.4253038375702,53.8454857303245,139.744703880601,0,0,0,0,0,0,0,0,644.836968648807,305.888715900819,1635.19527178496,1728.26535629503
"243",2010,1695,20.1666666666667,4766.06510059423,3694.63012424619,1216.78315765989,2346.37454184966,491.076175101182,650.833179680146,332.786791062339,759.880211740693,0,0,0,0,0,0,0,0,0,0,2.05401164064816,4.04756664536404,0.939451387666064,1.24747017397615,0.647403394384591,1.47885064474194,0,0,0,0,0,0,0,0,4387.46241548164,3238.52411828994,844.201948163296,1720.77229170397,447.349733256327,648.485174040901,518.64069629909,1323.07202694865,168.573322297841,124.429275572926,32.541602178471,66.3399350447943,17.2387452281778,24.9898588856036,20.0090308286094,51.0451779981512,20640.2522367554,15059.0380021722,4430.76036732069,8695.30547712492,2522.58612721793,3497.33766325949,2251.082819999,5527.54454731048,793.022430687692,578.592478925739,172.662852958558,339.874220179072,99.2779621254526,137.952353885216,88.9150921479803,218.726152184222,0,0,8.4816444944654,17.0956718368414,5.06707629607368,7.07365550396471,4.8188656907252,11.9028117551189,0,0,0,0,0,0,0,0,288.347945219816,228.959154976234,280.397642858056,623.111591747485,300.329140919767,457.775019155558,125.367711851221,340.592710680092,11.078776420437,8.79697712105382,10.7552207738778,23.889599965653,11.4908720604351,17.5115335039317,4.80023592094548,13.0395371346933,275.03866190848,216.766496712202,343.601629413638,802.928712621444,403.703075221408,624.040116551844,248.574741446588,675.751247589739,10.5674081788579,8.3285157755872,13.1769784597918,30.7754844151456,15.443100370714,23.8654281130137,9.50853413448701,25.8428875439231,0,0,56.1516335139377,134.305509365578,51.0114956681129,76.9622478827818,54.9417082192931,142.580818713142,0,0,0,0,0,0,0,0,648.215487421458,307.353818883133,1645.81384423517,1739.07166240604
"244",2010,1695,20.25,4742.66826677245,3674.92739695012,1210.83638974549,2335.48691336584,485.317313280015,638.100422112874,336.182711088939,768.053835495595,0,0,0,0,0,0,0,0,0,0,2.04465131979757,4.02979566988864,0.928596320797836,1.22316590086894,0.654189710306561,1.49513317357329,0,0,0,0,0,0,0,0,4396.99139200816,3242.47359834489,845.749371275266,1724.42401298047,445.207167707178,639.484469703102,529.418946332623,1350.23778945472,168.939440814436,124.581020912524,32.6013387547373,66.4808825591709,17.1562097436218,24.6430744240394,20.4250868186694,52.0938252026175,20625.6208219181,15032.7565688482,4424.53616628468,8685.06674432803,2502.64409494644,3438.71168784479,2293.48116084006,5633.41738473322,792.460379138496,577.582702069256,172.421866269877,339.476707489478,98.4891463242292,135.63141272598,90.5902051018863,222.9131144018,0,0,8.47631741456341,17.0880318069223,5.02948677043327,6.95835206815291,4.91209084127751,12.1357196738166,0,0,0,0,0,0,0,0,289.185915456419,229.327266445305,281.168996205639,624.771899908679,298.94033356101,451.179628301768,127.904761871467,347.605029772207,11.1109727180025,8.81112054923112,10.7849468530226,23.9536207656947,11.4380549750357,17.2597802136038,4.89751532017443,13.3083898845342,274.972948207777,216.46994598533,343.82126288822,803.343303976242,400.546120877384,612.888234803664,252.171800285687,685.490836531143,10.5648836388779,8.31712181640857,13.1856202728035,30.7919827238184,15.3228676641918,23.4398691853814,9.64652968338173,26.2165561289211,0,0,56.133892075767,134.264387747487,50.5515971932114,75.5467590487279,56.0316145268749,145.377062154212,0,0,0,0,0,0,0,0,651.60397493937,308.821318879486,1656.42140335515,1749.82808175421
"245",2010,1695,20.3333333333333,4719.41265425283,3655.38733521708,1204.93177336638,2324.6481340625,479.693979351802,625.867844251508,339.41086434671,775.685072530965,0,0,0,0,0,0,0,0,0,0,2.03522504999257,4.01194086138092,0.917993411522436,1.19980413628462,0.660656910851263,1.51038233802191,0,0,0,0,0,0,0,0,4406.35515559622,3246.296704026,847.280744732784,1728.02048150089,443.11467738198,630.785637694978,540.166982175471,1377.17709230827,169.299211585732,124.727910746586,32.6604510292964,66.6196935728642,17.0756037092444,24.3079226730699,20.8399847888784,53.1337593684182,20611.003004832,15006.5845426637,4418.36483944257,8674.83179258581,2483.16514394109,3382.14555178434,2335.47493176605,5737.4142907663,791.898848892022,576.577128836146,172.182838531484,339.079194199605,97.7185739745759,133.391805240812,92.2494104017393,227.025987135067,0,0,8.47062523267169,17.0798578131141,4.99277215876349,6.84707550512582,5.0045974745782,12.3650912728748,0,0,0,0,0,0,0,0,290.001563973467,229.683333937543,281.903902292629,626.379285756295,297.564260007993,444.774086119407,130.367351548141,354.277808697821,11.1423113787594,8.82480122858717,10.8132734257217,24.0156090951909,11.3857192343487,17.0152721552842,4.99194800830247,13.5642606857562,274.910429632717,216.174727125999,344.030467467053,803.730728871552,397.456086497113,602.081404161979,255.678541113553,694.809050825832,10.5624818548135,8.30577902984169,13.1938590168289,30.8074317986615,15.205181305326,23.027468670009,9.78107619060959,26.5741270800462,0,0,56.1143776349726,134.219692849255,50.1012088984052,74.177401109986,57.1153439551532,148.134769935847,0,0,0,0,0,0,0,0,655.002163710311,310.291137669092,1667.0174651398,1760.53597265748
"246",2010,1695,20.4166666666667,4696.30925904221,3636.01749760011,1199.07191939279,2313.86428811607,474.202926480056,614.114035910803,342.476681846607,782.798327314891,0,0,0,0,0,0,0,0,0,0,2.02575582091884,3.99403028485362,0.907634588122268,1.17734418547228,0.666813222926427,1.52463889113886,0,0,0,0,0,0,0,0,4415.52686756294,3249.97428898653,848.786815307479,1731.54336804762,441.065159612745,622.369454120598,550.87571011053,1403.86511628274,169.651603426613,124.86920944185,32.7185838821903,66.7556642074861,16.9966539937,23.9836636148054,21.2533748515393,54.1640258678904,20596.4174013585,14980.534753106,4412.25018017734,8664.60968728624,2464.13983858129,3327.56692240777,2377.0758230558,5839.60892343664,791.338555198138,575.576252155733,171.945920370186,338.682037842493,96.9658757553367,131.230686396897,93.8931651787205,231.067667738713,0,0,8.46463981461999,17.0712240878947,4.95690675190236,6.73967824504582,5.09639356181156,12.5910236571392,0,0,0,0,0,0,0,0,290.795747176189,230.027640427111,282.605597500568,627.936826679771,296.202499251837,438.555582617564,132.761985712015,360.642008797944,11.1728253071144,8.838030031442,10.8403246870853,24.0756830011517,11.333925321212,16.7779024812136,5.08378272846711,13.8083333460227,274.851977490265,215.881956451939,344.229836039393,804.094899701146,394.433006588167,591.612972387397,259.096237411978,703.715555117478,10.5602363037495,8.29453030659722,13.2017174339157,30.8219816001742,15.0900429902882,22.627973854214,9.91222181767822,26.915967836415,0,0,56.0931459081956,134.17157514415,49.6601802705832,72.8527632176889,58.1930296539535,150.855229229274,0,0,0,0,0,0,0,0,658.409796815734,311.763199022102,1677.60163967187,1771.19670169076
"247",2010,1695,20.5,4673.36767042649,3616.82434352926,1193.25908309974,2303.14075363814,468.84090453058,602.818407866674,345.385413775076,789.41690814498,0,0,0,0,0,0,0,0,0,0,2.01626342060298,3.97608896631759,0.897512527052257,1.15574733799473,0.672666941449525,1.53794269836696,0,0,0,0,0,0,0,0,4424.48525424311,3253.4914207943,850.260296698029,1734.97843020396,439.053150835506,614.219852983506,561.536954025124,1430.27985785639,169.995798968842,125.004343270394,32.7754576419674,66.8882473997008,16.919150406133,23.6696785559308,21.6649423033384,55.1837780156167,20581.8787719631,14954.6171741756,4406.19501346361,8654.40756747853,2445.55843970562,3274.90528268395,2418.29474453284,5940.07073390694,790.78006517778,574.580455244965,171.711224842445,338.285521143225,96.2306704576815,129.145282252546,95.5218963432789,235.040889706807,0,0,8.45841917943273,17.0621899330398,4.9218658479898,6.63601730970507,5.18748612651827,12.813607712058,0,0,0,0,0,0,0,0,291.569165409557,230.360381746091,283.276706917189,629.446778753482,294.856087363872,432.520506330354,135.094441031799,366.725391821985,11.2025414113936,8.8508144819777,10.8662013585984,24.1339289813278,11.2827128909218,16.5475335485494,5.17324034288176,14.0416692205497,274.79821401739,215.592502500817,344.419875991364,804.43902905083,391.476585673735,581.475728232484,262.426491961933,712.221472848062,10.5581708931197,8.28340901727926,13.209214998342,30.8357552876043,14.9774417855287,22.2411105825596,10.0400273580591,27.2425017905806,0,0,56.070255194542,134.120176591929,49.2283546266536,71.5714624214731,59.2647986928562,153.53967857982,0,0,0,0,0,0,0,0,661.826626598078,313.237428278675,1688.17361614872,1781.81163118048
"248",2010,1695,20.5833333333333,4650.59626127897,3597.813383723,1187.49521256379,2292.48229573653,463.604677863359,591.961180621579,348.14213927907,795.563083853198,0,0,0,0,0,0,0,0,0,0,2.00676488486521,3.95813921163063,0.887620488944068,1.13497669322046,0.678226382062198,1.55033264007709,0,0,0,0,0,0,0,0,4433.21370041061,3256.83668345492,851.69552931894,1738.31479472115,437.074489449817,606.323275198201,572.143387939306,1456.40197659388,170.33115982886,125.132873611456,32.8308550446031,67.0170253867306,16.8429327624194,23.3654451468503,22.0744050463529,56.192271248601,20567.3986586063,14928.8394051615,4400.20136659257,8644.23098739274,2427.41102219026,3224.09204606501,2459.14188903234,6038.86523579458,790.223822293097,573.590030080536,171.478834032322,337.889865234948,95.5125695561946,127.132894424763,97.1360030355454,238.948233091592,0,0,8.45201017174842,17.0528028344653,4.88762578646127,6.53595462889471,5.27788144887768,13.0329288542582,0,0,0,0,0,0,0,0,292.322394021054,230.681687577033,283.919367436976,630.910776230434,293.525663377927,426.664709549656,137.369841186358,372.552829592443,11.2314817973229,8.86315956280547,10.890985414706,24.1904096452356,11.2321063710999,16.3240071051934,5.26051671157696,14.2652190648017,274.749554049185,215.307024527292,344.601011348306,804.765711552106,388.58624489883,571.662010521679,265.671175599346,720.339085599344,10.5563015616582,8.27244049150378,13.2163679949957,30.8488523478367,14.8673559048108,21.8665874186565,10.1645638896714,27.554196770864,0,0,56.0457652254705,134.065630999951,48.8055706724086,70.3321451157475,60.3307724351938,156.189309738366,0,0,0,0,0,0,0,0,665.252412973834,314.713751847205,1698.73314362362,1792.38210492609
"249",2010,1695,20.6666666666667,4628.00237463484,3578.98932778702,1181.78199613887,2281.89315770876,458.491042623261,581.523371226957,350.751775933075,801.258140978041,0,0,0,0,0,0,0,0,0,0,1.99727494473004,3.94020093870493,0.877952170705435,1.11499700087457,0.683499833157553,1.56184651781182,0,0,0,0,0,0,0,0,4441.69936110959,3260.00149421073,853.088148074778,1741.5442565699,435.125993776407,598.668053522031,582.688465029888,1482.21462385086,170.657192482923,125.254470701762,32.884608497552,67.1416828292887,16.7678785287342,23.0705137750092,22.4815108753961,57.1888565926872,20552.986008749,14903.2071414043,4394.27063552437,8634.08424871648,2409.68758674383,3175.06065718162,2499.62679805116,6136.0542866295,789.670170322495,572.605195486394,171.248805481117,337.495242518953,94.811181558121,125.190904015603,98.7358591581663,242.792135383484,0,0,8.44545099804291,17.0431013826503,4.85416394863714,6.43935723636791,5.36758526754094,13.2490678037676,0,0,0,0,0,0,0,0,293.055913425999,230.991641609378,284.535345013898,632.33001905379,292.211601408818,420.983744437252,139.592736135993,378.146630869793,11.259664923186,8.87506848940763,10.9147445852267,24.2451709159524,11.1821200335675,16.1071533580629,5.34578572846606,14.4798355470827,274.706246285493,215.026010802281,344.773587721184,805.077011711511,385.761173509777,562.16382696351,268.832363231918,728.081520952317,10.5546378649257,8.26164348941778,13.2231897055269,30.8613519540195,14.7597546740156,21.5041001823384,10.2859103224465,27.851553083759,0,0,56.0197361150411,134.008064495385,48.3916640565882,69.1334885521195,61.3910669074187,158.805269457009,0,0,0,0,0,0,0,0,668.686921857164,316.192096755781,1709.28001362689,1802.90943595931
"250",2010,1695,20.75,4605.59243199878,3560.3561700059,1176.12089003899,2271.37711406296,453.496835584644,571.486776934736,353.219085861399,806.522424328082,0,0,0,0,0,0,0,0,0,0,1.98780629339689,3.9222919022551,0.868501641463514,1.09577457785452,0.6884955284878,1.57252101701182,0,0,0,0,0,0,0,0,4449.9326575877,3262.97971622811,854.434896249614,1744.66088689615,433.205292342397,591.244094371758,593.16636830229,1507.70330608479,170.973528900047,125.368898754351,32.9365929434073,67.2619917749544,16.6938963066166,22.7844953456834,22.8860355923352,58.1729754435617,20538.6475289624,14877.7244404618,4388.40367741315,8623.97058454391,2392.3781158406,3127.74661424983,2539.75840600437,6231.69628972903,789.119366946766,571.626107360231,171.021175765677,337.101783788618,94.1261141843289,123.316772497372,100.321815081988,246.574899313623,0,0,8.4387725260495,17.0331167065895,4.82145870388778,6.34609716868547,5.45660289186421,13.4621010834779,0,0,0,0,0,0,0,0,293.770125381712,231.290292086057,285.126095422799,633.705365074869,290.914068515274,415.472960003145,141.767156758827,383.526768855885,11.2871062251036,8.88654311535489,10.9375346890764,24.2982455733443,11.1327602161559,15.8967946992731,5.42920141424844,14.6862819590963,274.668397176818,214.749801179507,344.937879579186,805.374525570807,383.000366881199,552.972938969977,271.912292038067,735.462553097895,10.5531838930421,8.25103106874217,13.229690685523,30.8733153254,14.6545999851891,21.1533351945204,10.4041517961533,28.1350958750654,0,0,55.9922279135126,133.947596016069,47.9864682673413,67.9742015506564,62.4457930341531,161.388660786665,0,0,0,0,0,0,0,0,672.129924378631,317.672390468616,1719.81405266696,1813.39490273986
"251",2010,1695,20.8333333333333,4583.37204713639,3541.91727938056,1170.51314731386,2260.93752628784,448.618943074785,561.833956267651,355.548682599506,811.375381380833,0,0,0,0,0,0,0,0,0,0,1.97836986603575,3.90442792504781,0.859263270310136,1.07727721425509,0.693221619330394,1.58239166990043,0,0,0,0,0,0,0,0,4457.90674521754,3265.76725053865,855.733429431023,1747.66061989069,431.310646658969,584.042548622102,603.571954658579,1532.85572852514,171.279906098701,125.476000280301,32.98671834154,67.3777958129971,16.6209190304813,22.5070486412482,23.2877808670228,59.1441535940605,20524.3880586676,14852.3940028204,4382.60090824234,8613.89235353642,2375.47263223608,3082.08748927092,2579.54508875325,6325.84641335253,788.571598108614,570.652869458869,170.795964274442,336.709585749018,93.4569766502655,121.508042509552,101.894199517885,250.298701329577,0,0,8.43199968779335,17.0228740353774,4.78948936595815,6.25605140911088,5.54493931826298,13.6721015245845,0,0,0,0,0,0,0,0,294.465370139612,231.57766289799,285.692828880783,635.037428261392,289.633088293059,410.127610372761,143.896671448212,388.711117397056,11.3138187760443,8.89758435857478,10.95940211611,24.3496570271365,11.0840277640484,15.6927498649087,5.51090008442727,14.8852412594625,274.635996198998,214.478610925249,345.09409731474,805.65944453055,380.302663126847,544.080941125231,274.913320124552,742.496403061368,10.551939241778,8.24061150034891,13.2358790337424,30.8847881701393,14.5518476962964,20.8139723170875,10.519378095828,28.4053674763597,0,0,55.9633001075942,133.884337786025,47.589815549794,66.8530251093756,63.4950569259331,163.940544606152,0,0,0,0,0,0,0,0,675.581196061229,319.154560693027,1730.33511386231,1823.83974462381
"252",2010,1695,20.9166666666667,4561.34613145604,3523.67548301169,1164.95984468905,2250.57739455848,443.854308698754,552.548207933373,357.745037820139,815.835606523165,0,0,0,0,0,0,0,0,0,0,1.96897509960644,3.88662311769351,0.850231662917934,1.05947408458144,0.697686149643491,1.59149282832825,0,0,0,0,0,0,0,0,4465.61702426671,3268.36166131421,856.982136310113,1750.54087556166,429.440792715473,577.05551925539,613.900699096306,1557.66163439805,171.576147349811,125.5756816912,33.0349227963567,67.4889956050616,16.5488978829624,22.2378690942413,23.6865721026827,60.1019950887801,20510.2109136997,14827.2174294879,4376.86239196897,8603.85121691295,2358.9612503831,3038.02293432971,2618.9947110674,6418.55680791016,788.026991212827,569.685543295402,170.573176655886,336.31871787316,92.8033816714479,119.762338114561,103.453321347625,253.965599998282,0,0,8.42515274583018,17.0123940954588,4.7582361451915,6.16910180181159,5.63259933449353,13.8791387354415,0,0,0,0,0,0,0,0,295.14194192875,231.853763464017,286.236568001379,636.326665204079,288.368596042166,404.942947655193,145.984440257041,393.715677997766,11.3398138807269,8.9081925809543,10.9803860529746,24.3994226406519,11.0359201475163,15.4948375021811,5.59100242341863,15.0773247656035,274.60893922073,214.212552850511,345.242394581259,805.932616409738,377.666777234104,535.47933388906,277.837888509115,749.197554929374,10.55089991037,8.23038911861434,13.2417606720901,30.8958030228573,14.451448936733,20.4856877349886,10.6316821946975,28.6629203645399,0,0,55.9330111894807,133.818395793541,47.2015377395,65.7687328381317,64.5389601683632,166.461941197699,0,0,0,0,0,0,0,0,679.040516099154,320.638535224736,1740.84306964389,1834.24515829992
"253",2011,1695,21,4539.39622688564,3505.50656079635,1159.08582954291,2239.09097488905,439.616754069969,544.38343528435,359.71502707886,820.287319200642,0,0,0,0,0,0,0,0,0,0,1.95915452465565,3.86699445804094,0.842200399901985,1.04381228793455,0.70164280655891,1.60034850436108,0,0,0,0,0,0,0,0,4473.11801522877,3270.80305213055,857.919913126984,1752.39620931004,428.000730340941,571.083849760415,623.983696258455,1582.19904132802,171.864347417928,125.669483830561,33.0711479833664,67.5606891991033,16.4934398177837,22.0078184869817,24.0759029368716,61.0495202879835,20496.2538395988,14802.2607566264,4369.8601330696,8589.39035743095,2345.05899018147,2999.74006593316,2657.12575217741,6510.02369645708,787.490838547892,568.726666086696,170.301210207024,335.755137179448,92.2524687775213,118.244713055372,104.960151630336,257.581920578912,0,0,8.41620591220251,16.9933655417161,4.73217001765179,6.09375954362055,5.71748911352678,14.0833543366945,0,0,0,0,0,0,0,0,295.821579990873,232.12889411439,286.710901291036,637.293728939261,287.414471066659,400.499985189821,147.859655438224,398.339855510147,11.3659267945852,8.91876353766648,10.9987057731699,24.4368304470613,10.9996844043894,15.3252905977452,5.66297829033027,15.2548816273212,274.5912406901,213.954985420616,345.296352332509,805.797365675632,375.447914628857,527.907424858755,280.437154890861,755.25140964741,10.5502201402377,8.2204929611485,13.244020772808,30.8911526581396,14.3669963619127,20.1967672322285,10.7315494472089,28.8957485229864,0,0,55.8878908546758,133.684389577093,46.8659529099484,64.8118998975895,65.5496918986222,168.931065430285,0,0,0,0,0,0,0,0,682.485273904204,322.113204256598,1751.27028502311,1844.53552693735
"254",2011,1695,21.0833333333333,4516.33102545263,3486.17236833893,1149.15798686978,2214.46231378581,440.023416130331,544.8661925816,360.510125936548,828.51578024495,0,0,0,0,0,0,0,0,0,0,1.94394269084391,3.82624165804725,0.843089565393893,1.04477375466979,0.702656189862166,1.61430780142248,0,0,0,0,0,0,0,0,4480.92938567657,3273.45998257419,855.911467612705,1744.05966220554,431.050075250943,574.132058150101,632.075329269319,1607.32151709694,172.164472762236,125.771567347087,32.9938699971199,67.2395129424414,16.61098700468,22.1253660819506,24.3885368191766,62.0197831338008,20483.9638270392,14778.2382092021,4348.2537000539,8525.66228122579,2356.01358039443,3009.27069606195,2684.05377543277,6602.37325523672,787.018734601728,567.803679519061,169.461581417639,333.26724110675,92.6795554169783,118.612149916545,106.021634789514,261.217327601124,0,0,8.38386540832103,16.880851202747,4.75626997650703,6.11551451874493,5.7786380468048,14.2870902997859,0,0,0,0,0,0,0,0,296.71654683585,232.505430693377,286.609129658704,635.066865292591,289.733879560615,402.656197780443,147.861853202158,400.62839047949,11.4003129732377,8.93323067248758,10.9949200742139,24.3517582550643,11.0887254987718,15.4082510305728,5.6633488251594,15.3433467205672,274.634245550227,213.7443934511,344.392956715235,801.250123643784,377.258345795812,528.84182930196,280.188508188535,757.466279802365,10.5518726837153,8.21240167615313,13.209555441238,30.7173503218278,14.4367212444518,20.2332607032686,10.7225283479117,28.9820589080424,0,0,55.6906071815456,132.818495889027,47.0301752491467,64.8941557498788,66.2467932127858,171.133899993677,0,0,0,0,0,0,0,0,685.688189947283,323.466332402911,1760.95592499678,1853.94956699584
"255",2011,1695,21.1666666666667,4493.57311976148,3467.1325658963,1139.46669279026,2190.46059132018,440.304155680296,545.126113686964,361.255150265406,836.452709505397,0,0,0,0,0,0,0,0,0,0,1.92861721613419,3.78568739119143,0.843774559674764,1.04537103828924,0.703684205864325,1.62810829645201,0,0,0,0,0,0,0,0,4488.37462666413,3275.84257380416,853.886356797021,1735.6997376098,433.99033840734,576.982075634683,639.972487229765,1632.05091434078,172.450530827179,125.863110312309,32.9159384863167,66.9174212264616,16.7243316041238,22.2352744580606,24.6936876029876,62.974929052045,20471.8629291772,14754.4509104046,4327.05633971532,8463.02470028536,2366.58268074777,3018.11312217927,2710.99226950889,6694.44948813929,786.553895652046,566.889731603951,168.637640112686,330.821415577163,93.0917001320744,118.952877322051,107.083592973499,264.842291376036,0,0,8.35072835322969,16.7681835620571,4.7796371647188,6.1358904262012,5.83981893490871,14.4906735460381,0,0,0,0,0,0,0,0,297.580558177717,232.865589363585,286.442045503722,632.760066999624,292.007270660324,404.761178539621,148.014248587892,403.161812217895,11.4335097917244,8.94706854188341,10.9886260334194,24.2636130887081,11.176001065527,15.4892406740199,5.66946190302546,15.4411651545941,274.696342836141,213.546099792728,343.51081738405,796.764020657455,379.088311957739,529.796002305931,279.94289356026,759.667855566235,10.554258783354,8.2047829120527,13.1759015915592,30.5458786534904,14.5071877625723,20.2704957100893,10.7136216899438,29.0678566709601,0,0,55.4927655118134,131.955960364267,47.1913242272649,64.9695623089713,66.9456937196209,173.339717164507,0,0,0,0,0,0,0,0,688.900613241582,324.821605962142,1770.67796545722,1863.36237600753
"256",2011,1695,21.25,4471.11491122788,3448.37984847518,1130.00470905287,2167.06719530127,440.464586471993,545.174907942717,361.950585566828,844.102579477582,0,0,0,0,0,0,0,0,0,0,1.91326114651704,3.74546752045241,0.844254632069783,1.04560841752685,0.704709349947639,1.64169161111448,0,0,0,0,0,0,0,0,4495.48648691166,3277.97652422397,851.853800529785,1727.33830041068,436.832615238394,579.652915675434,647.6883617391,1656.40958538923,172.723779870957,125.945100099986,32.8377087383087,66.595255548902,16.8338999341833,22.3382747736411,24.9918605723843,63.9158129886492,20459.9273828931,14730.8801451732,4306.25602901797,8401.44853390462,2376.77401065526,3026.28593401042,2737.93044045369,6786.23171504789,786.095408695177,565.984103278472,167.828928648909,328.416549596293,93.4891964412015,119.267608478857,108.145607590442,268.456005200228,0,0,8.31703972913242,16.655680042802,4.80225919992773,6.15489509032453,5.90096982767313,14.6939268038422,0,0,0,0,0,0,0,0,298.414323673605,233.20939916491,286.216567222796,630.381793227385,294.232122927385,406.807576188987,148.29937531109,405.911238260486,11.4655445161321,8.9602782616138,10.9800891084029,24.1727194126078,11.2614139243544,15.5679772071942,5.68064884791371,15.5472317106556,274.774114656588,213.358025127999,342.642857841243,792.32770571471,380.931648368531,530.763127820008,279.71113115711,761.873868521497,10.5572471185943,8.19755677813833,13.1427877829316,30.3763026463895,14.5781598988608,20.3082114189655,10.7052430533697,29.1538185807784,0,0,55.2942580723217,131.096671787254,47.3493309094608,65.0381064308281,67.6463090424764,175.548249687513,0,0,0,0,0,0,0,0,692.122212974231,326.178929611634,1780.43456843192,1872.77276815513
"257",2011,1695,21.3333333333333,4448.94973172583,3429.90766140356,1120.76521749989,2144.26444907404,440.510182847156,545.023879180553,362.596989446148,851.469994449804,0,0,0,0,0,0,0,0,0,0,1.89794144393225,3.70568986528512,0.844531446228295,1.04549354416943,0.70571722893427,1.6550105304161,0,0,0,0,0,0,0,0,4502.29264776523,3279.88366594486,849.820877997823,1718.99259714497,439.586091072512,582.160684600712,655.235399525429,1680.41841008422,172.985283455154,126.018375534745,32.7594537936499,66.2736800609234,16.9400450436494,22.4349866201971,25.2835326298485,64.8432337963549,20448.1370286267,14707.5099299086,4285.84178486259,8340.90703914069,2386.59565976387,3033.80804006538,2764.85840849426,6877.70107087845,785.642499180967,565.08618042688,167.035029388812,326.051622171136,93.8723525147528,119.557069476461,109.207295299443,272.057732576826,0,0,8.28300087031448,16.5436006707357,4.82413307712943,6.17254712304329,5.96203990591842,14.8967032128284,0,0,0,0,0,0,0,0,299.218623031491,233.536980598613,285.939110801429,627.940238210291,296.406854273223,408.789925629825,148.701612203954,408.850638824455,11.4964471040196,8.97286446153048,10.9695554954521,24.0793915739867,11.3449030293376,15.6442508002227,5.69631163228986,15.6605503411539,274.864572284712,213.178367959425,341.783280361983,787.9318654286,382.782619252112,531.73663824383,279.502225802769,764.099199129745,10.5607228580287,8.19065405799072,13.1099916319228,30.208265413929,14.6494180032634,20.3461564275154,10.6977365511296,29.2405123901831,0,0,55.0950228712834,130.240583752195,47.5041306494233,65.0997836083573,68.3485517562419,177.759221161849,0,0,0,0,0,0,0,0,695.352666273541,327.538208422084,1790.22397290276,1882.17957419455
"258",2011,1695,21.4166666666667,4427.07169359047,3411.71008333071,1111.74177382145,2122.03551786797,440.446271322462,544.683921310382,363.194981262219,858.559669694643,0,0,0,0,0,0,0,0,0,0,1.88271177025373,3.66643909101966,0.844608485988091,1.04503654950583,0.706696079079679,1.66802724146157,0,0,0,0,0,0,0,0,4508.81651112383,3281.58256321799,847.792932365584,1710.67609627397,442.258329936608,584.518995940838,662.62531490549,1704.09685591617,173.235940718153,126.083649884804,32.6813799688377,65.9532137925518,17.0430577751548,22.5259338969748,25.5691527563483,65.7579365092779,20436.4747571714,14684.326596733,4265.80349323383,8281.37544540569,2396.05597807281,3040.69850869996,2791.76714950585,6968.84038890631,785.194509757913,564.195437907154,166.255558100048,323.725688181306,94.2414869233978,119.821993128444,110.268305745158,275.64680268698,0,0,8.24877659277285,16.4321571734619,4.84526269905885,6.18887286607901,6.02298775004878,15.0988815818463,0,0,0,0,0,0,0,0,299.99428238832,233.848525788971,285.615573940259,625.443213211774,298.5306167013,410.704298194664,149.207022573889,411.956616585866,11.5262492968267,8.98483452335593,10.9572515189792,23.9839292689542,11.4264355824148,15.7179106776206,5.7159167286177,15.7802257479891,274.965107330893,213.005569931522,340.927405741239,783.568973404782,384.635941790802,532.710304879484,279.323564851186,766.356155657316,10.5645857833881,8.18401487709578,13.0773336665631,30.0414785857466,14.7207597311734,20.3840922590256,10.6913844054995,29.3284075115047,0,0,54.8950349237954,129.387701820348,47.6556642246975,65.1545988840312,69.0523324667207,179.972349320399,0,0,0,0,0,0,0,0,698.59165909464,328.89934839711,1800.04450267058,1891.58165572751
"259",2011,1695,21.5,4405.47553053373,3393.7817008628,1102.92825167489,2100.36429125862,440.278031532487,544.165536039449,363.745230762717,865.376409206505,0,0,0,0,0,0,0,0,0,0,1.86761534219821,3.62778171254753,0.844490515248445,1.04424924581289,0.707636248904625,1.68071145782155,0,0,0,0,0,0,0,0,4515.07804381176,3283.08915433032,845.773978346333,1702.39934374298,444.855592418137,586.739436646561,669.869135735187,1727.46309516247,173.476518817274,126.141535524633,32.6036424998781,65.63426347921,17.1431789480557,22.6115626850887,25.8491437492829,66.6606167891198,20424.9259147886,14661.3183452416,4246.13173128534,8222.83056700468,2405.16347491215,3046.97643265623,2818.64840261226,7059.63401752122,784.750877416854,563.311422328595,165.490157089187,321.437863414619,94.5969247121144,120.063113695895,111.328317990296,279.222603294311,0,0,8.21450268749978,16.321522677546,4.8656566956848,6.20390373610963,6.08377947474977,15.3003612968097,0,0,0,0,0,0,0,0,300.742153626563,234.144279255869,285.251358987116,622.898086691977,300.603098276582,412.547945793342,149.803131213966,415.208081645787,11.5549838251825,8.99619784193555,10.9433845088488,23.8866152396733,11.5059994212392,15.7888514441336,5.73898657292077,15.9054509480331,275.073432700728,212.838275513078,340.071480398264,779.232985734792,386.486775521794,533.678284820984,279.181169813104,768.654849008945,10.5687480210573,8.1775871537726,13.0446699276379,29.8757106363854,14.7919996545972,20.421795184264,10.6864165812844,29.4178893584341,0,0,54.6942974429777,128.538070684171,47.8038783139458,65.2025668880696,69.7575607792613,182.187348956648,0,0,0,0,0,0,0,0,701.838886391719,330.262256835184,1809.89456644188,1900.97791366536
"260",2011,1695,21.5833333333333,4384.15652083334,3376.117548746,1094.31881920254,2079.23533582164,440.010491880535,543.478831055093,364.248452589144,871.925093919154,0,0,0,0,0,0,0,0,0,0,1.85268628533628,3.58976847415633,0.844183321701711,1.04314474236602,0.708529952506757,1.69303952411271,0,0,0,0,0,0,0,0,4521.09418060028,3284.41705745097,843.766903847354,1694.17038414525,447.382992782114,588.831796304547,676.977208397913,1750.53403083898,173.70766841351,126.192555686071,32.5263532816524,65.3171397205773,17.2406053799695,22.692250034196,26.1239024012036,67.551921897319,20413.478021037,14638.4750302196,4226.81768526339,8165.25062511814,2413.92676162524,3052.66084481697,2845.49463520957,7150.06775230602,784.311122649639,562.433743895553,164.738492027488,319.187317677748,94.9389951807751,120.281163619856,112.387039166928,282.784578120079,0,0,8.18028949410493,16.2118363614956,4.88532742214503,6.21767498859596,6.14438782493115,15.5010598717495,0,0,0,0,0,0,0,0,301.463103236281,234.42452813612,284.851383085104,620.311752896176,302.624424335352,414.31912433567,150.478822902654,418.586106478331,11.5826839809682,9.00696544952532,10.928143187796,23.7877140644774,11.5835992211438,15.8570062980143,5.76509567937397,16.0355017245885,275.187555757165,212.675313426736,339.212577911566,774.91918470767,388.330720888403,534.635150388715,279.079821427691,771.003380077751,10.5731330109239,8.17132588566849,13.0118881920879,29.7107808949862,14.8629692158195,20.4590573624823,10.6830155753465,29.5092665177609,0,0,54.4928374558444,127.691767645813,47.9487257709767,65.243711870436,70.4641458850778,184.403933692783,0,0,0,0,0,0,0,0,705.094052426474,331.626842574759,1819.77265824519,1910.36729290452
"261",2011,1695,21.6666666666667,4363.11039152998,3358.71303470233,1085.90790637634,2058.63382732796,439.648529080429,542.633529073622,364.705399050297,878.210666236857,0,0,0,0,0,0,0,0,0,0,1.83795135291303,3.55243736380151,0.843693402406759,1.04173698050135,0.709370953506899,1.70499327156384,0,0,0,0,0,0,0,0,4526.87933841238,3285.57796050939,841.773714909444,1685.99527401416,449.84469856827,590.804360363704,683.959224768234,1773.32536888107,173.929943428098,126.237159438056,32.4495902709602,65.0020766775725,17.3354975381654,22.7683152063376,26.3938005171901,68.4324534317663,20402.1204063944,14615.78788913,4207.85304624689,8108.61502041187,2422.35448733921,3057.77063025943,2872.29898387262,7240.12871822471,783.874835526075,561.56206593709,164.000247924681,316.97326600964,95.2680293883051,120.476870095956,113.444202197033,286.332222286447,0,0,8.14622645469942,16.1032093868994,4.90428972252748,6.23022421374975,6.20479102653667,15.7009098264328,0,0,0,0,0,0,0,0,302.15799994009,234.689590525895,284.420099983501,617.690607839862,304.59503956835,416.01687795732,151.224198043309,422.073713689117,11.6093831418477,9.01714956788915,10.9116985062786,23.6874712312069,11.6592519613766,15.9223387381431,5.79386511366237,16.1697285071698,275.305741395642,212.515671679455,338.348473817989,770.623980884106,390.163806017162,535.575909759131,279.023225043587,773.408089721881,10.5776740876682,8.16519219038907,12.9789031705142,29.5465519582129,14.9335162309699,20.4956876461477,10.681322748219,29.6027803145067,0,0,54.2907004344321,126.848894760218,48.0901658008751,65.2780675424667,71.171997166035,186.62181780257,0,0,0,0,0,0,0,0,708.356870848116,332.993016215527,1829.67735598254,1919.74878643608
"262",2011,1695,21.75,4342.33323484196,3341.563873925,1077.69017652223,2038.5454917441,439.196867931945,541.638976526135,365.11685360943,884.238115520902,0,0,0,0,0,0,0,0,0,0,1.82343139947756,3.51581619809526,0.843027708572365,1.04004035766309,0.710154288517411,1.7165590189949,0,0,0,0,0,0,0,0,4532.44586601055,3286.5819620169,839.795746012386,1677.8785241915,452.244108610434,592.664173386585,690.824247459585,1795.85168338094,174.143818320239,126.275734781542,32.3734055619775,64.6892490511469,17.4279863651384,22.8400297726001,26.6591858667498,69.3027697977042,20390.8438956373,14593.2493039035,4189.22992197056,8052.90413938862,2430.45528281724,3062.32444901494,2899.05519886733,7329.80525974338,783.441663528941,560.696095754539,163.275125722524,314.794961196557,95.5843579693235,120.65095206307,114.499563654448,289.865078072091,0,0,8.11238606450251,15.9957300826889,4.92255995871537,6.24159016033104,6.2649717741654,15.8998559478791,0,0,0,0,0,0,0,0,302.827704446659,234.939805512491,283.961527916521,615.040542550129,306.515609006623,417.640853120628,152.030436410664,425.655673358528,11.6351143775806,9.02676322530351,10.8942047099912,23.5861128724908,11.7329831169981,15.9848354180514,5.8249572764338,16.3075486172894,275.426478599228,212.358475192759,337.477529145485,766.344727992646,391.982467706939,536.49601532358,279.01416649293,775.87379856846,10.5823131957608,8.15915244601679,12.945652039494,29.3829225940689,15.0035041700348,20.531511912602,10.6814442917865,29.6986139880683,0,0,54.0879456591478,126.009572016986,48.2281639696156,65.3056767266604,71.8810247314295,188.840717828059,0,0,0,0,0,0,0,0,711.627064680698,334.36069029409,1839.60731841758,1929.12143762236
"263",2011,1695,21.8333333333333,4321.82145582796,3324.66604802685,1069.66050788542,2018.95656680365,438.660082257226,540.504151846947,365.483626548392,890.012467912142,0,0,0,0,0,0,0,0,0,0,1.8091422720021,3.47992418552242,0.842193510603009,1.03806953156411,0.710876092718252,1.72772694566157,0,0,0,0,0,0,0,0,4537.80432747785,3287.43778591439,837.833786587872,1669.82336879139,454.583968458443,594.417212262145,697.580730773053,1818.12646510978,174.3496989789,126.308616904291,32.2978302468478,64.3787824101136,17.5181777058597,22.9076242594407,26.9203829748183,70.1633880448252,20379.6406083534,14570.8526505907,4170.94078451365,7998.09923749391,2438.23772679538,3066.34069049058,2925.7576027646,7419.08685973631,783.011303889439,559.835578844936,162.562840273384,312.651689253484,95.888309821619,120.80411841996,115.552902172546,293.38273178512,0,0,8.07882631791057,15.8894672006929,4.94015553691971,6.25181217253341,6.32491658614374,16.0978535588222,0,0,0,0,0,0,0,0,303.473063952485,235.175527283063,283.479278580599,612.366957415047,308.386961744798,419.191186298219,152.889697594252,429.318351791335,11.6599102387709,9.03582003020557,10.8758004499217,23.4838463120599,11.8048244930586,16.0445018270555,5.8580720913633,16.448440480299,275.548457643995,212.202970898321,336.598609144207,762.079592647356,393.783529277352,537.391355299661,279.054623869403,778.403983915768,10.5870000136586,8.15317771845942,12.9120913238552,29.2198227466467,15.0728113126307,20.566372748205,10.6834555085604,29.7968994611212,0,0,53.8846434060841,125.173933181942,48.3626920129222,65.3265908568151,72.5911397456623,191.060353565839,0,0,0,0,0,0,0,0,714.904366169434,335.729779359195,1849.56128097026,1938.48433983216
"264",2011,1695,21.9166666666667,4301.57171951299,3308.01576360078,1061.81397495713,1999.85376316367,438.042596008863,539.237674341964,365.806550469055,895.538775539096,0,0,0,0,0,0,0,0,0,0,1.79509572939748,3.4447735388475,0.841198254023816,1.03583921082459,0.711533421513482,1.73849044936109,0,0,0,0,0,0,0,0,4542.96379151276,3288.15300050507,835.888208724861,1661.8320361032,456.866487579954,596.068561650958,704.236544506105,1840.16217712518,174.547933837977,126.336096592614,32.2228793219429,64.0707635931556,17.6061568033333,22.9712948807481,27.1776940222852,71.0147859758519,20368.5037549718,14548.5921458707,4152.97841714174,7944.18232067594,2445.71031200254,3069.83742795161,2952.40104684092,7507.96405322595,782.583495750387,558.980293003595,161.863118286514,310.542764846824,96.1802107806116,120.937066243034,116.604016766286,296.884810435562,0,0,8.04559321901525,15.7844732452435,4.95709439185228,6.26092957569463,6.38461514725717,16.2948667506056,0,0,0,0,0,0,0,0,304.094906581746,235.397119134969,282.976585800166,609.674775700028,310.210033995277,420.668390506439,153.795019640089,433.049557285243,11.6838025432371,9.04433394106102,10.8566098806427,23.3808605793869,11.8748120331683,16.1013579274314,5.89294312415422,16.5919377229676,275.67054666536,212.048512446468,335.711002016407,757.827424427567,395.564177785933,538.258244652812,279.145880392314,781.000957753726,10.5916910534469,8.14724317392619,12.8781937787834,29.0572085545555,15.1413298794589,20.6001291057864,10.687405132347,29.8977241507971,0,0,53.6808720717736,124.342121573992,48.4937276654417,65.34086949832,73.3022547445561,193.280449022785,0,0,0,0,0,0,0,0,718.188516615434,337.10020004616,1859.5380515879,1947.83663615934
"265",2012,1695,22,4281.60690594911,3291.55511643914,1053.8741409589,1981.03920356196,437.328601833058,537.671856014931,366.143332826894,901.000070983517,0,0,0,0,0,0,0,0,0,0,1.78130217569619,3.41042950664587,0.840011758529612,1.03302641515705,0.712230144731559,1.74919105509035,0,0,0,0,0,0,0,0,4548.17687155857,3288.91062298714,833.73279003052,1653.7615634817,459.073202440224,597.427929816937,710.857312712568,1862.17781661451,174.748228709934,126.365205659942,32.1398620056841,63.7597049103201,17.6912122302361,23.0237084020654,27.433647325283,71.8654010753311,20358.3640181943,14527.0666820408,4134.27562842575,7890.466371011,2452.76965972234,3071.82671246328,2979.27853402399,7597.47882860396,782.193997055543,558.153248636607,161.134975311732,308.44189921463,96.4559890644741,121.010862422837,117.664412379053,300.412382565935,0,0,8.01272833611115,15.6810560312168,4.97317158644688,6.26693177362001,6.44466192454233,16.4930204465888,0,0,0,0,0,0,0,0,304.732556934796,235.624972666803,282.471934756334,607.004252595612,311.999376100874,421.956353767681,154.788659214913,437.008277178648,11.7083022035855,9.05308843571669,10.8373413123946,23.2786986603156,11.9435028598741,16.1509597477049,5.93118903855824,16.7441267862543,275.806996683989,211.906407091857,334.802735811193,753.590773832675,397.304113149201,538.916810644274,279.330841674059,783.853219764854,10.5969338615866,8.1417832552332,12.8434993595669,28.8951771627505,15.2082827188464,20.6258967670534,10.6949356078,30.0083011332281,0,0,53.4770929107699,123.516695645619,48.6190707095966,65.327198975138,74.0198477528359,195.523522408519,0,0,0,0,0,0,0,0,721.45140579155,338.459589681987,1869.45175322885,1957.09373163446
"266",2012,1695,22.0833333333333,4261.94961487359,3275.16830918374,1045.36143781028,1962.16930598104,436.479150168966,535.505485330016,366.591997042099,906.705807956056,0,0,0,0,0,0,0,0,0,0,1.76758867556399,3.37684860909637,0.838574084282143,1.02905983833035,0.71315339729775,1.76043010108696,0,0,0,0,0,0,0,0,4553.9402273587,3290.06540812542,830.991863168994,1645.39451596717,461.17443966954,598.165383144044,717.569133223704,1884.60080187041,174.969666056357,126.409574351652,32.0343399464224,63.4372560321848,17.7722000407234,23.0521490665728,27.6931012761099,72.7317005872071,20350.8732157618,14507.3345052007,4112.94284814017,7835.73336486249,2459.19425206617,3070.53189783415,3006.91061951257,7689.47089983078,781.906272636264,557.395105262352,160.305807660784,306.302448007603,96.7069510699527,120.955509946143,118.754537150946,304.037973160404,0,0,7.97941235812066,15.5790699558083,4.98800143218587,6.26623459834853,6.50615168395111,16.6961640387938,0,0,0,0,0,0,0,0,305.453358059155,235.894646995319,281.973628387556,604.403662940444,313.774757550983,422.842101810416,155.945594358502,441.46445095104,11.7359966450276,9.06344975233563,10.8183108222689,23.1792095619259,12.0116539775945,16.1851558066988,5.9756818639173,16.9153418325194,275.983888039053,211.795843506866,333.85282662279,749.371314144393,398.968721419328,539.044842037503,279.685939109384,787.29184644193,10.6037304854252,8.13753522187643,12.8072015834871,28.733791390149,15.2723447272467,20.6313433884002,10.7089732850909,30.1413008094982,0,0,53.2739020661665,122.701812210492,48.7347143763857,65.2476182121178,74.7538811246005,197.829863374711,0,0,0,0,0,0,0,0,724.642995576666,339.785803398894,1879.14787773735,1966.10123954788
"267",2012,1695,22.1666666666667,4242.51533943334,3259.00039563932,1037.04832134789,1943.75958618137,435.551140310186,533.247246320644,366.989748671298,912.148191846809,0,0,0,0,0,0,0,0,0,0,1.75389014358211,3.34381117002785,0.836994206727061,1.02491581171595,0.713998889675226,1.7712155366392,0,0,0,0,0,0,0,0,4559.58387166936,3291.13290319348,828.317697248143,1637.15448658216,463.228972625845,598.839206069845,724.218933238503,1906.87141462859,175.186503895915,126.450589219272,31.9313712701995,63.1196800094573,17.8513853868162,23.0781325409498,27.9501552938297,73.5921122156766,20343.372442611,14487.6775186147,4091.98800608021,7781.87086110747,2465.29150594194,3068.81967317701,3034.44693869983,7780.94151535875,781.618164208332,556.639850837842,159.491128516394,304.196635888434,96.9451868293485,120.883928082465,119.841008912217,307.643395689969,0,0,7.94535020614209,15.4775498534373,5.00221007245161,6.26469036279862,6.56738195014572,16.8981823641102,0,0,0,0,0,0,0,0,306.147897858179,236.149543774195,281.43074546421,601.767564664757,315.496030033692,423.656008251908,157.121249355955,445.917621927738,11.762682083834,9.07324329188718,10.7975672584754,23.0783524178173,12.0777286957043,16.2165920723956,6.02088452411929,17.0864257398214,276.157596136613,211.682416529145,332.892862495375,745.158397488868,400.606397158792,539.138743574353,280.092024964974,790.783734870354,10.610404800298,8.1331771724609,12.770514555256,28.5726456538243,15.3353682929904,20.6354675760564,10.7249558904418,30.2763202786658,0,0,53.0700896534354,121.890579027905,48.846775029554,65.1628619888909,75.4885942694628,200.134599215135,0,0,0,0,0,0,0,0,727.841987050066,341.113492223444,1888.86399473229,1975.09324780752
"268",2012,1695,22.25,4223.3047729543,3243.05073578965,1028.93014557701,1925.7992501909,434.549324098327,530.90449953512,367.337871469084,917.333453580871,0,0,0,0,0,0,0,0,0,0,1.74025812286918,3.31135040776436,0.835275161845357,1.0206046297219,0.714764075742603,1.7815467530766,0,0,0,0,0,0,0,0,4565.09863148525,3292.10727930697,825.703020367925,1629.02999687799,465.235036654846,599.447409943531,730.809436515087,1928.98944253995,175.398389787076,126.488026307744,31.8306783045125,62.8065378213931,17.9287007175677,23.1015830982877,28.2049142574766,74.4466278045337,20335.8678668242,14468.0993074807,4071.40633243212,7728.86738569447,2471.07221148055,3066.70816688838,3061.88583122215,7871.89035584625,781.32990876407,555.887623111959,158.690760881854,302.124030721575,97.1711111397449,120.796817150302,120.923761587561,311.228632201287,0,0,7.91079112261141,15.3766850713872,5.01579800633126,6.26232525220349,6.62834446868777,17.0990581128101,0,0,0,0,0,0,0,0,306.817428021821,236.390247288679,280.850272227103,599.103916331112,317.165048365993,424.400874075043,158.312442920292,450.364268509881,11.7884066118935,9.08249150354522,10.7753788950887,22.9764328644015,12.1417981993758,16.2453763096115,6.06667540328733,17.2572441609349,276.327980507357,211.566380572683,331.921788626831,740.952875795476,402.2157985635,539.197527810011,280.548359118729,794.327336495723,10.6169514092205,8.12871888197746,12.7333978022191,28.4117728041875,15.3973020374397,20.63823174111,10.7428547974927,30.4132994802181,0,0,52.8656079497018,121.083082757063,48.9552613286821,65.0730280914936,76.2239281407654,202.437544002173,0,0,0,0,0,0,0,0,731.048112140189,342.442574702097,1898.59856944089,1984.06886368447
"269",2012,1695,22.3333333333333,4204.31827217328,3227.31844857163,1021.00232402875,1908.27764171182,433.478246128896,528.484236968573,367.637625598671,922.267743786306,0,0,0,0,0,0,0,0,0,0,1.72673403327386,3.27949088536647,0.833421245180846,1.01613702744633,0.71544733243636,1.79142528919198,0,0,0,0,0,0,0,0,4570.47702059004,3292.98393987716,823.141460037847,1621.01127146242,467.191235046401,599.988594720449,737.343298399244,1950.95491242286,175.605036097437,126.52170900878,31.7320177066451,62.4974555887067,18.0040925905912,23.1224475433492,28.4574804412209,75.2952484065003,20328.3644795803,14448.6026304218,4051.1927162576,7676.71092565713,2476.54672254114,3064.21471661425,3089.22575936612,7962.31718226228,781.041698077667,555.138528075236,157.904514397701,300.084179119132,97.3851221573639,120.694847162275,122.002733773168,314.793667817964,0,0,7.87593729489702,15.2766256294651,5.02877041947177,6.25916645078744,6.68903331248449,17.2987779842118,0,0,0,0,0,0,0,0,307.463082540925,236.617283545719,280.238213124093,596.419511973893,318.783460496798,425.079185097206,159.516365766579,454.801260197055,11.8132137989104,9.09121459733805,10.7519763170106,22.8737118345163,12.2039257447577,16.2716041747688,6.11294712653943,17.4276777002788,276.494903618163,211.447947994553,330.939060540697,736.755894227932,403.795731675068,539.220373116903,281.053900898144,797.920723794577,10.623365028021,8.12416850952311,12.6958304528906,28.251216966634,15.4581002624615,20.6396046827917,10.762629911532,30.5521639540266,0,0,52.660445957128,120.279429929414,49.0601803079155,64.9782139739153,76.9598214278532,204.738509640378,0,0,0,0,0,0,0,0,734.261115317153,343.772972517355,1908.3502027226,1993.02728311691
"270",2012,1695,22.4166666666667,4185.55591061431,3211.80245357812,1013.26033960202,1891.18426381001,432.342254040491,525.993100618527,367.890249965716,926.957134280367,0,0,0,0,0,0,0,0,0,0,1.71335107244832,3.24825015740571,0.831437614873867,1.01152391918602,0.716047771688603,1.80085439438749,0,0,0,0,0,0,0,0,4575.71295853737,3293.75930795991,820.627429629081,1613.08997589566,469.096475747008,600.461843500025,743.823069907416,1972.76800489287,175.806209206524,126.551499890464,31.6351761321125,62.1921145492805,18.0775192456575,23.1406911753258,28.7079521310046,76.1379810015982,20320.8662978156,14429.1895681691,4031.3417795601,7625.3890698651,2481.72498945853,3061.35592708046,3116.46531274341,8052.22185947068,780.753686491671,554.392645672531,157.132188194734,298.076611880508,97.5876026551468,120.578660043625,123.077868935063,318.33849168536,0,0,7.84095298854469,15.1774900225515,5.04113577713904,6.25524156996469,6.74944437799292,17.4973318704977,0,0,0,0,0,0,0,0,308.085892863619,236.831129153523,279.599734751025,593.7201642532,320.352741876131,425.693172591129,160.73053752593,459.225812714682,11.8371432747367,9.09943088531541,10.7275579442935,22.7704125857279,12.2641679747821,16.2953615399848,6.1596049102414,17.5976201972088,276.65823540328,211.327297335041,329.944537885754,732.568806981024,405.345142706168,539.206608701098,281.607374497499,801.561682330458,10.6296406594353,8.11953291489969,12.6578071586314,28.0910303054275,15.5177226544112,20.6395610072015,10.7842321714386,30.6928283555852,0,0,52.4546208177071,119.47974067221,49.1615388195288,64.8785174187724,77.6962114338321,207.037307559652,0,0,0,0,0,0,0,0,737.480752379445,345.104610169823,1918.11761162533,2001.96777770675
"271",2012,1695,22.5,4167.01752280096,3196.50150510502,1005.69974989184,1874.50879050693,431.145510420044,523.437404038745,368.096964297121,931.407620615895,0,0,0,0,0,0,0,0,0,0,1.7001357250078,3.21764007982191,0.829330016031885,1.00677622893192,0.716565094219697,1.80983868660993,0,0,0,0,0,0,0,0,4580.80153955124,3294.43065221785,818.156025911355,1605.2589931429,470.949921328378,600.866637921005,750.251177245573,1994.42899487562,176.001720626579,126.577294010447,31.5399663254745,61.8902425081298,18.1489486864743,23.1562945490709,28.9564228340993,76.9748362093305,20313.3765302225,14409.8616444345,4011.84793749546,7574.88911896092,2486.616591515,3058.14772828294,3143.60320666879,8141.6043678395,780.465997294877,553.650034447108,156.373573217941,296.100848250615,97.7789212668519,120.448871863146,124.149115360888,321.863097443714,0,0,7.80597169641957,15.0793712911933,5.0529048655512,6.2505782942181,6.80957499537067,17.6947122253945,0,0,0,0,0,0,0,0,308.686801235313,237.032218795045,278.939290712709,591.010859129902,321.874223459468,426.244860979058,161.952766229909,463.635446023229,11.8602312419162,9.1071570686917,10.7022948242798,22.666726636341,12.3225759916383,16.3167263225482,6.2065650106499,17.7669771196877,276.817855842686,211.204579833537,328.938398430244,728.393112971748,406.863108293914,539.155700322426,282.207322548024,805.247783920941,10.635773692171,8.11481790896508,12.619334790623,27.9312705517472,15.5761339087653,20.638080573999,10.8076055978448,30.8351992478696,0,0,52.2481712981035,118.684144151583,49.2593444320125,64.7740369124884,78.4330347115482,209.333749894559,0,0,0,0,0,0,0,0,740.706789292415,346.437414682867,1927.89961255906,2010.88968375844
"272",2012,1695,22.5833333333333,4148.70273180627,3181.41421378144,998.316192504977,1858.2410785583,429.891998045276,520.82314223453,368.258970127105,935.625121790845,0,0,0,0,0,0,0,0,0,0,1.6871087157249,3.18766764378153,0.827104608000985,1.00190478053817,0.716999496884841,1.81838393312914,0,0,0,0,0,0,0,0,4585.73888690041,3294.99597657037,815.722964638127,1597.51228150371,472.75095823233,601.202804681226,756.629906877252,2015.93821315438,176.191421407389,126.59901467612,31.4462246630666,61.5916084036938,18.2183575015338,23.1692514277465,29.2029807026506,77.8058268094576,20305.8976827673,14390.6199031501,3992.70543974092,7525.19816113513,2491.23075337244,3054.60540504868,3170.63828176815,8230.46481192633,780.178726776455,552.910734508336,155.628453818927,294.156398847279,97.9594331173112,120.306073965371,125.216426155447,325.367483583513,0,0,7.77110062835298,14.9823408355782,5.06409021003864,6.24520416185916,6.86942367895568,17.8909136673513,0,0,0,0,0,0,0,0,309.266668905905,237.220949891616,278.260701481425,588.295854303901,323.349109211049,426.736097711037,163.181122470406,468.027957836903,11.8825107910182,9.11440841703014,10.6763336963807,22.5628175431213,12.3791960270531,16.3357696309348,6.25375373434526,17.9356645509922,276.973656637187,211.079923561174,327.921080828593,724.230412184031,408.348829872202,539.067241991622,282.852142767015,808.976436689531,10.6417599652673,8.11002841241561,12.5804302417732,27.771999325516,15.6333035131629,20.6351481739102,10.8326886946876,30.9791770119602,0,0,52.0411536040553,117.89277556876,49.3536060007586,64.6648718544321,79.1702275053756,211.627650353087,0,0,0,0,0,0,0,0,743.939001516034,347.771315436444,1937.69511073403,2019.79239554321
"273",2012,1695,22.6666666666667,4130.6109809339,3166.53907099229,991.105388670941,1842.37117537065,428.585528788324,518.156008087133,368.377452131677,939.615481446097,0,0,0,0,0,0,0,0,0,0,1.67428609073896,3.15833591785392,0.824767778240208,0.996920186221923,0.717351568865076,1.82649680523708,0,0,0,0,0,0,0,0,4590.52198576013,3295.45389466162,813.324503598613,1589.84471138557,474.499160648487,601.470454314471,762.961393383027,2037.2960054379,176.375195714564,126.616608621474,31.3538082173086,61.2960160650627,18.2857294791691,23.1795664390738,29.4477080641601,78.6309661672718,20298.4316791898,14371.4649957817,3973.90841535948,7476.30315218244,2495.57636893967,3050.74363984725,3197.56950116381,8318.80342761427,779.891948855701,552.17477088639,154.896609487314,292.24276876229,98.1294807358901,120.150834610187,126.279759143492,328.851653740843,0,0,7.73642579370461,14.886452720477,5.07470543522251,6.23914633589977,6.92898985140795,18.0859325345494,0,0,0,0,0,0,0,0,309.826286050395,237.397688051023,277.567247418776,585.578792792722,324.778496616539,427.168587113427,164.413908074717,472.401391416021,11.9040122818032,9.12119897756663,10.6498005623113,22.4588252603684,12.4340702279507,16.3525570635164,6.30110623870083,18.1036079575766,277.125542638476,210.953438045905,326.893221910818,720.082359581198,409.801625397082,538.940944777832,283.540127665538,812.744938912359,10.6475958230396,8.10516863348898,12.5411180181926,27.6132803637166,15.6892054288252,20.6307530952042,10.8594159671975,31.1246579011706,0,0,51.8336367778129,117.105772975297,49.4443342340688,64.5511227525732,79.9077262105957,213.918825088053,0,0,0,0,0,0,0,0,747.177173136479,349.106243953176,1947.50308775702,2028.67535736211
"274",2012,1695,22.75,4112.74155814888,3151.87446773662,984.063145824434,1826.88932470973,427.229750907707,515.441406078453,368.453578990619,943.384468139336,0,0,0,0,0,0,0,0,0,0,1.66168002791672,3.12964475774975,0.822326017775039,0.991832776281847,0.717622214878153,1.83418469451345,0,0,0,0,0,0,0,0,4595.14855497209,3295.8035336424,810.957379913618,1582.25193656189,476.194263659871,601.669934821402,769.247613426506,2058.50270537224,176.552955902354,126.630042310248,31.2625923642747,61.0032992879339,18.3510545779345,23.1872533001875,29.6906811868151,79.4502671945989,20290.9799535052,14352.3972481256,3955.45090854609,7428.19097771977,2499.6620201067,3046.5765467753,3224.39594621523,8406.62058465322,779.605718636081,551.442156098705,154.177816230464,290.359459972524,98.2893947724134,119.983700272925,127.339076714672,332.315616811258,0,0,7.70201576389345,14.7917468492592,5.08476484933109,6.23243146828997,6.98827364045671,18.2797665587142,0,0,0,0,0,0,0,0,310.366379648439,237.56277128553,276.861742864997,582.862791781463,326.163392332348,427.543915386492,165.649630015982,476.75400888882,11.9247636459681,9.1275417372731,10.6228035297076,22.3548695501363,12.4872372559573,16.3671496680602,6.34856553276273,18.2707411684207,277.273432473905,210.825217709486,325.85560843373,715.950630937852,411.220921668271,538.776627452434,284.269495762368,816.550520537288,10.6532781390845,8.1002422000187,12.5014283859735,27.4551782066747,15.7438177949968,20.6248887613526,10.8877191149655,31.2715356241951,0,0,51.6256993395853,116.323275009711,49.531542017075,64.4328912880407,80.6454677093795,216.207093335675,0,0,0,0,0,0,0,0,750.421096167063,350.442133732244,1957.32259188297,2037.53805744569
"275",2012,1695,22.8333333333333,4095.09361673147,3137.41871053308,977.185359341126,1811.78597056467,425.828155856819,512.684465232878,368.488504026047,946.937775320346,0,0,0,0,0,0,0,0,0,0,1.64929950749871,3.10159139521867,0.819785827828909,0.986652550260629,0.717812592391449,1.84145556121273,0,0,0,0,0,0,0,0,4599.61693898527,3296.04445331791,808.618754543658,1574.730283586,477.836140919685,601.801792907191,775.490383464173,2079.55861503606,176.724638361843,126.639298829452,31.1724686662799,60.7133176048894,18.414328070711,23.1923333336713,29.931970188832,80.2637415983721,20283.5435279183,14333.4167162966,3937.32690921014,7380.84850518998,2503.49599346597,3042.11770205747,3251.11681130662,8493.9167866311,779.320075398801,550.712892301117,153.471847754643,288.505973357069,98.4394946352949,119.805196810248,128.394345630479,335.759386961895,0,0,7.66792475859175,14.6982515583078,5.09428313784399,6.22508560969352,7.0472757140007,18.4724146003024,0,0,0,0,0,0,0,0,310.887620359672,237.716513603348,276.146600294955,580.150518531533,327.504725432164,427.863571053943,166.886976995644,481.084267367733,11.9447906513063,9.13344876084714,10.5954352745701,22.2510528959313,12.5387327949431,16.379604726954,6.3960815804271,18.4370054612969,277.417258713083,210.695344676797,324.809136908089,711.836895427941,412.606246775792,538.574207843009,285.038417916236,820.390377709633,10.6588043226804,8.09525226737265,12.4613958280674,27.2977571439615,15.7971226382865,20.6175523964023,10.9175280381926,31.4197026609143,0,0,51.4174265805989,115.545419126618,49.6152446098775,64.3102803118346,81.3833896382165,218.492277921474,0,0,0,0,0,0,0,0,753.670569926888,351.778920105521,1967.15272964273,2046.38002278837
"276",2012,1695,22.9166666666667,4077.66619301718,3123.17003504493,970.468013625924,1797.05175960297,424.38408469567,509.89005138495,368.483365681497,950.28102113049,0,0,0,0,0,0,0,0,0,0,1.63715088016688,3.07417093748001,0.817153646317964,0.981389141364376,0.717924058978162,1.8483178062255,0,0,0,0,0,0,0,0,4603.92601523223,3296.17657706609,806.306162815131,1567.27665571688,479.424785529667,601.866740868437,781.691360014401,2100.46399061547,176.890199962194,126.644375235145,31.0833429839432,60.4259526106345,18.4755498115753,23.1948341998577,30.1716390463422,81.0713993283499,20276.123079579,14314.5232344494,3919.53037936655,7334.26262781749,2507.0862955264,3037.38017184141,3277.7313981581,8580.69266938944,779.03504516762,549.986973121396,152.778476485046,286.68181040388,98.5800890714728,119.615830521907,129.4455368118,339.182983581514,0,0,7.63419524484734,14.60598579609,5.10327512283773,6.21713414429062,7.10599714325591,18.6638764278828,0,0,0,0,0,0,0,0,311.39062860333,237.859208116855,275.423886369054,577.444256030646,328.80335892291,428.12896212896,168.124798390542,485.390797517555,11.9641171352972,9.13893131013515,10.5677751927125,22.1474630227909,12.588589992313,16.389976416561,6.44361049415755,18.6023487428671,277.556967741633,210.563891117581,323.754779825371,707.742793373876,413.957222766429,538.333694736187,285.845039681532,824.261701780276,10.6641723139374,8.0902016084265,12.4210577469066,27.1410803586557,15.8491055905395,20.6087447118247,10.9487716917727,31.5690513673323,0,0,51.208908320409,114.772340169228,49.6954597705439,64.1833938032874,82.1214306053286,220.774205669921,0,0,0,0,0,0,0,0,756.92540048289,353.116540111077,1976.99265857108,2055.20081470422
"277",2013,1695,23,4060.6954876127,3109.20933148339,963.435636083727,1782.22892957117,422.853106681203,506.654816962774,368.548038099978,953.977913843538,0,0,0,0,0,0,0,0,0,0,1.62517538253338,3.04713983425728,0.814346310430022,0.975267423522642,0.718158959112421,1.8558274540084,0,0,0,0,0,0,0,0,4608.49104011516,3296.51815843745,803.605770961004,1559.46385895745,480.907816104423,601.382568283384,787.967694929132,2121.85023977965,177.065595518443,126.65749933768,30.979312495575,60.1247757753951,18.5327012476417,23.1761724888065,30.4142032129633,81.8975757298128,20270.4311075132,14296.9225771999,3900.14744657304,7286.50319484932,2510.16000502494,3029.93367528793,3304.81404494351,8670.03451941191,778.816424362732,549.310726357977,152.024122926577,284.812467146114,98.7004446886574,119.319887998631,130.515178977678,342.707778939808,0,0,7.60055796913855,14.5138190095922,5.11119359721134,6.20360583185052,7.16560376560451,18.8604580138226,0,0,0,0,0,0,0,0,311.928204996951,238.01793674157,274.68888475105,574.703709142768,330.053048178993,428.010477591088,169.442471348718,490.08443264285,11.9847717805605,9.14502991566022,10.53964077601,22.042552860771,12.6365698584484,16.3856464422421,6.49419320418041,18.782503373356,277.717493940117,210.451393085008,322.662972550301,703.598867428267,415.227746400345,537.620934487271,286.767565566015,828.661522621204,10.6703401307795,8.08587925120004,12.379278627469,26.9824830024271,15.8980015773325,20.5818453414049,10.984445418645,31.7386132007215,0,0,50.9991661682611,113.996048230954,49.766725898176,64.0007383393099,82.8699257909705,223.114939872861,0,0,0,0,0,0,0,0,760.156548025589,354.446648688985,1986.75401905141,2063.944647131
"278",2013,1695,23.0833333333333,4044.2167919063,3095.53873699181,955.984657460635,1767.21006376321,421.219209307242,502.896471117798,368.704470330414,958.142250631573,0,0,0,0,0,0,0,0,0,0,1.61316553606162,3.02029437513225,0.811347405504468,0.968134771706189,0.71856578211733,1.86421728776283,0,0,0,0,0,0,0,0,4613.45693475021,3297.17438882172,800.443009377162,1551.22330138753,482.273978032325,600.246005536826,794.362601292363,2143.92288528152,177.256393131628,126.682712758467,30.857504923528,59.8071429414827,18.5853485617067,23.1323680981885,30.6613278215957,82.7501901248146,20266.8771305512,14280.8982765469,3878.72812309232,7237.10948376116,2512.62184572956,3019.2191481082,3332.49452724555,8762.63115154157,778.6799472498,548.695045765397,151.191452841015,282.880129661935,98.7968363562463,118.895348988889,131.608373277477,346.360886000453,0,0,7.56600729971259,14.4207423423317,5.11790400641711,6.18338752286785,7.22640432341298,19.0636954474069,0,0,0,0,0,0,0,0,312.511972377968,238.199441511202,273.919674030653,571.903204752825,331.248032041055,427.426853104824,170.851772033733,495.222785535172,12.0072011548076,9.15200361714313,10.5101896932705,21.935336511092,12.6824519021734,16.363503908744,6.54828108246555,18.9796763445924,277.904796646105,210.361519875922,321.525837301724,699.384158839313,416.40502825126,536.327660075842,287.824548552325,833.701963421931,10.6775367403839,8.082426175947,12.3357558933209,26.8211610835895,15.9433209433625,20.5327093226187,11.0252599752837,31.9326820601595,0,0,50.7878542062437,113.214473149456,49.8276223032988,63.7504151111956,83.6314833218783,225.529089978674,0,0,0,0,0,0,0,0,763.357042709074,355.7672459038,1996.41243409225,2072.59160688991
"279",2013,1695,23.1666666666667,4027.9228538884,3082.04784291267,948.715921176949,1752.5614428738,419.543498816704,499.141666373116,368.813759548727,962.061144036992,0,0,0,0,0,0,0,0,0,0,1.60117159281651,2.99390585774992,0.808271874421226,0.961003434674493,0.718888312450679,1.87215074832858,0,0,0,0,0,0,0,0,4618.30054432807,3297.74406374936,797.344396595524,1543.09780382284,483.588350129538,599.072412283057,800.732971622193,2165.89122233512,177.442492357361,126.704600580193,30.7381527114499,59.493929168488,18.6359999200532,23.0871363087594,30.907497489086,83.5987684210977,20263.2930255198,14264.9208754006,3857.69849807105,7188.51467985697,2514.82355054661,3008.35842623207,3360.04005469218,8854.54712802107,778.542311761823,548.081167143929,150.373735199483,280.978723468844,98.8830926100275,118.46514681039,132.69637597565,349.987534879844,0,0,7.5307882063924,14.3280924191224,5.1241102259331,6.16286202869433,7.28692414106584,19.2655752874214,0,0,0,0,0,0,0,0,313.075770163979,238.369999746566,273.121102387658,569.09457199949,332.396338774594,426.799483463424,172.248111649048,500.270845427476,12.0288632646107,9.15855673529526,10.4796098720723,21.8278039346797,12.7265435635709,16.3396813843549,6.60186779227349,19.1733810812593,278.087598974147,210.268348163212,320.381642378514,695.18897731712,417.546956588718,535.005507623145,288.912856900172,838.741606620983,10.6845604359971,8.07884636696014,12.291959408559,26.6605799056653,15.9872801564697,20.482455167673,11.0672653276089,32.1266979673325,0,0,50.5762171433574,112.437895959689,49.8850925800916,63.4982412783557,84.3929245766638,227.937416149973,0,0,0,0,0,0,0,0,766.563418283467,357.088819238302,2006.07703186258,2081.20910725643
"280",2013,1695,23.25,4011.81549627797,3068.73708947044,941.625188687602,1738.27460280887,417.829644256265,495.393962468536,368.877433449356,965.741951643654,0,0,0,0,0,0,0,0,0,0,1.58924022422166,2.96799764719538,0.805121851723127,0.95387814689631,0.719126493027509,1.87963483514968,0,0,0,0,0,0,0,0,4623.00962758426,3298.21910924907,794.302770857744,1535.07636927665,484.849117953792,597.858902255825,807.076887843295,2187.74493127786,177.623422866685,126.72285258797,30.6209821822054,59.1847133016461,18.6845856184983,23.0403663403854,31.1526388733723,84.442914435083,20259.6873648985,14248.9957818318,3837.05348644549,7140.70838920793,2516.77483033296,2997.36308935176,3387.45208527187,8945.79152225831,778.403847271261,547.469298280167,149.570780915491,279.107856166073,98.9595879601115,118.029730179378,133.779241764144,353.588073525271,0,0,7.49513887869766,14.2360425674893,5.1298101534831,6.14203966136231,7.34715837892054,19.4660928986712,0,0,0,0,0,0,0,0,313.620404477777,238.529944889422,272.298448464688,566.282586729056,333.498985920023,426.130428854457,173.63185382042,505.233814446586,12.0497890824753,9.16470208148234,10.4481040444744,21.7201385836883,12.7688838561186,16.3142579999027,6.65496744883128,19.3638171972617,278.266405891435,210.172513859117,319.230465056006,691.015435695262,418.653975978192,533.65616821854,290.030541500621,843.776183843559,10.6914306192958,8.07516425700402,12.2478921596647,26.500820683386,16.0298963607667,20.4311480564298,11.1103868702267,32.3204975509032,0,0,50.3642139421825,111.666357915122,49.939173260879,63.2443192012508,85.1542166836785,230.339855535097,0,0,0,0,0,0,0,0,769.775474251622,358.411308928736,2015.74664955542,2089.79673025611
"281",2013,1695,23.3333333333333,3995.89609261628,3055.60658693607,934.708254804151,1724.3411339721,416.081121052488,491.65666217786,368.896973891315,969.191852323492,0,0,0,0,0,0,0,0,0,0,1.57740888199263,2.94258674267309,0.801900540547384,0.946763927310657,0.719280849542107,1.88667768367416,0,0,0,0,0,0,0,0,4627.57427340946,3298.59314395093,791.312023600419,1527.14993204131,486.055035316697,596.603515386738,813.392689977545,2209.47472062334,177.79880385893,126.737223599361,30.5057599192514,58.8791481574383,18.7310577828838,22.9919829688098,31.3966885124019,85.2822713678606,20256.0670862227,14233.1272522903,3816.78762739365,7093.67959989016,2518.48492307819,2986.24399036571,3414.73191619999,9036.3727540598,778.264820333839,546.859602713572,148.782386158849,277.267111023646,99.026678778561,117.589519779585,134.857019098408,357.162824670814,0,0,7.45925214523173,14.144729862516,5.13500645162958,6.12093246503392,7.40710353614244,19.6652451860376,0,0,0,0,0,0,0,0,314.146583016525,238.67956033424,271.456198087872,563.471202838173,334.556855124433,425.421432282834,175.003320784912,510.116332715435,12.0700057992383,9.17045054417312,10.4158445010772,21.6124923453532,12.8095065758978,16.2873006912738,6.70759256998823,19.5511627436009,278.441632026757,210.07455050715,318.072643261403,686.865528122657,419.726447517154,532.281162448363,291.175699212016,848.801877671881,10.6981632210137,8.07140034567286,12.2035671500502,26.3419600950534,16.0711835050152,20.3788466368082,11.1545517775199,32.5139347609586,0,0,50.1518377554815,110.899917432057,49.9898971967998,62.9887461423836,85.9153235891948,232.736340092064,0,0,0,0,0,0,0,0,772.99301797734,359.734656945093,2025.42021894849,2098.35411299444
"282",2013,1695,23.4166666666667,3980.16564446356,3042.65617516542,927.960960558298,1710.75270836179,414.301226615896,487.932834133891,368.873822054167,972.417858273138,0,0,0,0,0,0,0,0,0,0,1.56570768721126,2.91768508788252,0.798611842546038,0.939665892158009,0.719352344355423,1.89328826240625,0,0,0,0,0,0,0,0,4631.98647207914,3298.86116000199,788.366922957802,1519.31098632409,487.205299629186,595.305014082898,819.678920848854,2231.07218645288,177.968327587672,126.747521204645,30.3922860195449,58.5769463022642,18.7753855843978,22.9419387112859,31.6395907047689,86.1165164223531,20252.4378005362,14217.3186151231,3796.89517938048,7047.41685686016,2519.96265141706,2975.01134997191,3441.88071596577,9126.29868600727,778.12544653971,546.252208324413,148.008336027258,275.456053756964,99.0847055161783,117.144911912875,135.929751449833,360.712089584699,0,0,7.42328513523137,14.0542630469388,5.13970509498883,6.09955360572013,7.4667571099222,19.8630302194432,0,0,0,0,0,0,0,0,314.654933087971,238.819090468463,270.598184314884,560.663719218585,335.570735415035,424.674010172542,176.362798860647,514.92254728779,12.0895375170488,9.17581151312397,10.3829784676089,21.5049919515148,12.8484419627831,16.2588676800294,6.75975428669614,19.7355768516667,278.61361915414,209.974907035744,316.908704484389,682.741118756235,420.76466959115,530.881861686205,292.346482798712,853.815278204715,10.7047713726904,8.06757188151424,12.1590046687793,26.1840698431423,16.1111531359789,20.3256038350849,11.1996893812536,32.7068791961919,0,0,49.9391071883212,110.13864433062,50.0372952582518,62.7316155072859,86.6762070045247,235.126798385811,0,0,0,0,0,0,0,0,776.215863548913,361.058806688359,2035.09674990929,2106.88093684441
"283",2013,1695,23.5,3964.6248285985,3029.88546019663,921.379201903445,1697.50109780378,412.493089390927,484.225326590994,368.809381259928,975.426820747099,0,0,0,0,0,0,0,0,0,0,1.5541605554319,2.89330036009693,0.795260157954588,0.932589157692841,0.719342291496569,1.89947619310883,0,0,0,0,0,0,0,0,4636.23985392543,3299.0193280403,785.463002632844,1511.55335577843,488.29947860829,593.962760279053,825.934294693183,2252.52973241533,178.131749320084,126.753598273615,30.2803898452264,58.2778712258126,18.8175524256417,22.8902091093954,31.8812963066971,86.945357742435,20248.8039804864,14201.5724071187,3777.37018055496,7001.90837116168,2521.21645555502,2963.67481209964,3468.89954262901,9215.57668064243,777.985897740322,545.647212580011,147.24840687788,273.674236756296,99.1339939716248,116.696280638295,136.997478021465,364.236150291873,0,0,7.38736494088932,13.964727145027,5.14391459566834,6.07791704318481,7.52611740105197,20.0594470346339,0,0,0,0,0,0,0,0,315.146012649981,238.948747361031,269.727674416811,557.862880065134,336.541346284931,423.889502376821,177.71054187849,519.656158054791,12.1084056735239,9.18079313636275,10.3496314441194,21.3977428300352,12.8857175870265,16.2290103954759,6.81146247506065,19.9172014936157,278.782646739338,209.873958706757,315.739322333853,678.643938219588,421.768891862892,529.459504932391,293.541106467291,858.813350525123,10.7112658118836,8.06369328268804,12.1142306213408,26.0272165148765,16.1498149333376,20.2714674979676,11.2457313804883,32.8992148514953,0,0,49.7260611908332,109.382616531097,50.0813972370077,62.4730175172034,87.4368269638703,237.511156640332,0,0,0,0,0,0,0,0,779.443831098932,362.38370281806,2044.77532064575,2115.37692138756
"284",2013,1695,23.5833333333333,3949.27403884669,3017.29384665894,914.958937161448,1684.57818960916,410.659677138424,480.536780042763,368.705019457725,978.225435189629,0,0,0,0,0,0,0,0,0,0,1.54278619638876,2.86943667314121,0.791850212969552,0.92553875768684,0.719252281889112,1.9052515917452,0,0,0,0,0,0,0,0,4640.32945593256,3299.06482338178,782.596462435557,1503.87198950508,489.337445156493,592.57660672903,832.157669128248,2273.84049533462,178.288878369164,126.755346277389,30.1699262214536,57.9817295282094,18.8575534402796,22.8367885578817,32.1217616578199,87.768531566559,20245.1691285608,14185.8904952914,3758.20650254673,6957.14211622067,2522.25442275615,2952.24349332699,3495.78936042042,9304.21365381114,777.846308512291,545.044687213885,146.502368404317,271.921202816835,99.1748564276652,116.243979678546,138.060234397536,367.735271647208,0,0,7.35159362789735,13.8761875382662,5.1476453326388,6.05603724564259,7.58518334416497,20.2544954618261,0,0,0,0,0,0,0,0,315.620320189233,239.068716690062,268.847447954621,555.070963751353,337.469357478281,423.069115205141,179.046774348341,524.320460393652,12.1266294213041,9.18540254793959,10.3159102023264,21.2908325173442,12.9213591091168,16.1977751285058,6.862725878194,20.0961631179326,278.948941397598,209.772016989387,314.565278055816,674.575581195298,422.739327988533,528.01521449277,294.757850430852,863.793404303094,10.7176552455513,8.05977651633814,12.0692750510158,25.8714614867691,16.1871771960456,20.2164809907841,11.2926120144664,33.0908389479467,0,0,49.5127545537256,108.63191715357,50.1222326164887,62.2130397833961,88.1971423281486,239.889339705055,0,0,0,0,0,0,0,0,782.676746199238,363.709291103073,2054.45506906148,2123.84181912412
"285",2013,1695,23.6666666666667,3934.11342663896,3004.88056902584,908.696193019436,1671.97599937598,408.803806152753,476.869640963436,368.56207176752,980.82024727012,0,0,0,0,0,0,0,0,0,0,1.53159906946004,2.84609524965338,0.7883869030938,0.91851957186564,0.719084113516016,1.91062492006589,0,0,0,0,0,0,0,0,4644.25149608208,3298.99565864201,779.76407124436,1496.26276723651,490.319315564881,591.146794480809,838.348018406605,2294.99826842464,178.439569423714,126.752688857481,30.0607717269085,57.6883634587462,18.8953931200676,22.781686370332,32.3609475563065,88.5857992894763,20241.53593945,14170.2741938535,3739.39790090988,6913.10591678226,2523.0843175452,2940.72603272086,3522.55105585924,9392.21612905464,777.706782395607,544.444682720012,145.76998558656,270.196488588044,99.207592813752,115.788344342242,139.118053173695,371.209703447263,0,0,7.31605300136585,13.7886938305702,5.15090893430893,6.03392892802544,7.64395435027235,20.4481759670738,0,0,0,0,0,0,0,0,316.078304279284,239.179163339506,267.959872590124,552.289867343985,338.355406908585,422.213960532103,180.371694713161,528.918389143076,12.1442259952896,9.18964608295959,10.2819056960847,21.1843339036591,12.9553909679167,16.165204534972,6.91355223149761,20.2725743360777,279.112686018291,209.669339219289,313.38742491531,670.537506227486,423.676167507316,526.550011665312,295.995064119081,868.75306184395,10.7239467006338,8.05583146971103,12.024170770232,25.7168609142723,16.2232472971871,20.1606837965122,11.340268183656,33.2816607034497,0,0,49.2992536979165,107.886631864361,50.1598312519376,61.9517678350662,88.9571112570735,242.261271962399,0,0,0,0,0,0,0,0,785.914439262578,365.03551828012,2064.13518438421,2132.27541044798
"286",2013,1695,23.75,3919.1429329713,2992.64471624268,902.587068901962,1659.6866804185,406.928149065931,473.22617357307,368.381842374036,983.217657392589,0,0,0,0,0,0,0,0,0,0,1.52061011104001,2.82327493734505,0.784875189825866,0.911536283589215,0.718839740310381,1.91560687522973,0,0,0,0,0,0,0,0,4648.00319660896,3298.81055280931,776.963088609685,1488.72234628937,491.245403269271,589.673874915191,844.504413923852,2315.99744075216,178.583715757561,126.745576795373,29.9528216969013,57.3976450538033,18.9310835385866,22.7249237866188,32.5988185121658,89.3969451463421,20237.9064270482,14154.7243554585,3720.93805493763,6869.78751738926,2523.7136053278,2929.13063110658,3549.18544977285,9479.59028112372,777.567396773156,543.847231858542,145.051020230917,268.499627231932,99.2324916143341,115.329693037872,140.170964427123,374.659682117966,0,0,7.28080817326973,13.7022827204273,5.15371786979189,6.01160687838652,7.70243019435359,20.6404895459396,0,0,0,0,0,0,0,0,316.520371082864,239.280235663609,267.06696443499,549.521171212922,339.200112225225,421.325082235184,181.685478065297,533.452556665612,12.16121100089,9.19352944143,10.2476953782611,21.0783077141216,12.987836825049,16.1313386525274,6.96394836727591,20.4465353825117,279.274026835865,209.566136296121,312.206661432043,666.531038664954,424.579585431821,525.064831110119,297.251167607031,873.690228458411,10.730145795731,8.05186624590794,11.9789523320313,25.5634658425929,16.2580320510096,20.1041120651887,11.3886395028208,33.4716001930757,0,0,49.0856335834194,107.146847003032,50.1942237901674,61.6892854691096,89.7166915600405,244.626878000425,0,0,0,0,0,0,0,0,789.156745076341,366.362331952667,2073.8149007694,2140.677500022
"287",2013,1695,23.8333333333333,3904.36231587848,2980.58525286088,896.627740291586,1647.70253104077,405.03524207111,469.608470723515,368.165606129061,985.423924678365,0,0,0,0,0,0,0,0,0,0,1.50982734885764,2.8009726465465,0.781320020454301,0.904593349871643,0.71852123011388,1.92020829832562,0,0,0,0,0,0,0,0,4651.58263242506,3298.50881923965,774.191196500234,1481.24803115662,492.116180229579,588.158644540096,850.626008107587,2336.83294342311,178.721243405739,126.733983709104,29.8459876141881,57.1094711417246,18.9646428675525,22.6665314695592,32.8353421301895,90.2017741541211,20234.282033264,14139.2414490964,3702.82060149381,6827.17463952407,2524.14947306674,2917.46508531478,3575.69330745098,9566.3419746396,777.428207051393,543.252352648663,144.345232279486,266.83015064338,99.2498306632458,114.868328593635,141.218996113639,378.08543221297,0,0,7.24591055092121,13.6169803973777,5.15608512704426,5.98908582091277,7.76061092441448,20.8314376396107,0,0,0,0,0,0,0,0,316.946890790004,239.372069058039,266.170440130608,546.766193406609,340.004079626584,420.403476749862,182.988278601797,537.92528753113,12.1775986613878,9.19705782546893,10.2133452001982,20.9728045970272,13.0187199035324,16.0962156914353,7.01392030932154,20.6181354452389,279.433079467896,209.462579369032,311.02390939148,662.557374834006,425.449750311066,523.560533810336,298.524652114882,878.603064891901,10.7362569730939,8.04788742075208,11.9336551849908,25.4113223650896,16.2915380215936,20.0467991097862,11.4376683186736,33.6605872888225,0,0,48.8719751608405,106.412648079397,50.2254419759774,61.4256750192087,90.4758409882743,246.986083175321,0,0,0,0,0,0,0,0,792.403502402645,367.689680509803,2083.49349188039,2149.04791380314
"288",2013,1695,23.9166666666667,3889.7711739548,2968.70103709699,890.814461146361,1636.01599995682,403.127491613487,466.018463976232,367.914609896412,987.445170474207,0,0,0,0,0,0,0,0,0,0,1.49925641692868,2.77918371822968,0.777726267208366,0.897694981551646,0.718130730490431,1.92444009939141,0,0,0,0,0,0,0,0,4654.98860188816,3298.09027042063,771.446440122664,1473.83766308391,492.932245007798,586.602090991103,856.712021289852,2357.50020195434,178.852106199233,126.717902394147,29.7401948466118,56.8237591129646,18.9960941502502,22.6065474314202,33.0704886072979,91.0001102896889,20230.6637206594,14123.8256261518,3685.0391635255,6785.25502880051,2524.39884735051,2905.73681799073,3602.07534713159,9652.47679823875,777.28925021964,542.660050906642,143.652380914771,265.187591286011,99.2598778372074,114.404539405778,142.262174399498,381.487167735888,0,0,7.21140032051466,13.5328045249523,5.15802396343574,5.96638030950682,7.81849678901185,21.0210220697503,0,0,0,0,0,0,0,0,317.358203107844,239.454788919463,265.271761505267,544.026035022869,340.767910370655,419.450108647318,184.28023183801,542.338649973487,12.193402028865,9.20023605301676,10.1789113262637,20.8678668663529,13.0480632379703,16.059872634096,7.06347335821135,20.7874538726815,279.589934033444,209.358805612479,309.840096089157,658.617587185651,426.286830867909,522.037918625101,299.814079725593,883.489961821077,10.7422836952792,8.0439002647045,11.8883149907733,25.2604718194082,16.3237717770195,19.9887758485256,11.4872996977249,33.8485606790551,0,0,48.6583632943142,105.684118589672,50.2535188639119,61.1610175569145,91.2345174746889,249.338814074445,0,0,0,0,0,0,0,0,795.654553637578,369.017513062507,2093.17026632848,2157.38649662532
"289",2014,1695,24,3875.98038084122,2957.35876807335,884.502502893501,1623.80504931548,401.103482472073,461.625782642165,367.818133362944,990.590160915961,0,0,0,0,0,0,0,0,0,0,1.48871178747303,2.75702951584073,0.773902159911035,0.889242540946641,0.718015025667219,1.93072210954769,0,0,0,0,0,0,0,0,4658.76931070879,3298.0150622906,768.127070400033,1465.59289442972,493.568464937554,583.951928808066,862.967233010954,2379.49225079658,178.997367078115,126.71501277752,29.6123124806454,56.5059318364468,19.0206151905608,22.5044185468419,33.3121507840413,91.8494994039688,20229.5192198854,14110.3959070028,3664.84372470219,6740.07055917263,2523.81893690536,2888.73300980523,3629.33913654375,9745.1566790877,777.245339853082,542.144058475586,142.866609861153,263.418503052671,99.237360761153,113.733083753414,143.340000817894,385.146290334524,0,0,7.17637489590238,13.4454382187443,5.15823656186573,5.93279303885723,7.87812844487161,21.2238710198385,0,0,0,0,0,0,0,0,317.797715543456,239.554078812895,264.308156671312,541.079977289192,341.409101742597,417.697624648272,185.67581786106,547.566777314044,12.2102888882013,9.20405092772818,10.1419829983266,20.7550258900948,13.0727077668009,15.9929290089698,7.11699323485256,20.987970132992,279.776451516278,209.283551257186,308.594827166499,654.481261967006,426.981777800242,519.556573347741,301.258744434995,889.473639706506,10.7494501112992,8.04100886972359,11.8406128535791,25.102075082713,16.3505575532883,19.894033967176,11.5428700359959,34.0785222859015,0,0,48.4403508216074,104.92918124633,50.2657018318764,60.7855149488924,92.0104864941687,251.82493863877,0,0,0,0,0,0,0,0,798.906085658057,370.353406720308,2102.83254313707,2165.73775833047
"290",2014,1695,24.0833333333333,3862.71717110328,2946.38880679134,877.96713255019,1611.41639904608,399.001359907151,456.799564328838,367.793847520791,994.283833681639,0,0,0,0,0,0,0,0,0,0,1.47808502044642,2.73475693231525,0.769932135534046,0.879948174934021,0.718032479113343,1.93802405701983,0,0,0,0,0,0,0,0,4662.73178201582,3298.11444634825,764.500195892762,1456.91189595394,494.073136523171,580.656828083951,869.318697188639,2402.25187724047,179.149611562394,126.718831271947,29.4726008477581,56.1713067977981,19.0400674536918,22.3774359955444,33.5575173490621,92.7284649996541,20229.8482714701,14098.170000085,3643.37299490241,6693.26479058388,2522.6453788002,2868.66800982086,3657.06362488677,9841.34085491263,777.258044643947,541.674318457403,142.031718266789,261.586570037011,99.1915642155323,112.941138343353,144.435981033203,388.943363998909,0,0,7.14025008411027,13.3558752476194,5.1572518564185,5.8928915269648,7.93869919338139,21.4339577243564,0,0,0,0,0,0,0,0,318.248150665562,239.660406715364,263.288331610427,538.006712226497,341.959906179039,415.466399684798,187.120343312028,553.180045110997,12.2275954132595,9.20813621403127,10.102894271349,20.6373000500797,13.0938883711909,15.9076512745131,7.1723848652728,21.2032305527979,279.979442576176,209.224172706324,307.310429488309,650.237329618076,427.575917491275,516.503854843351,302.800354135833,896.079345262372,10.7572494661,8.03872744858908,11.791406068014,24.93954372037,16.3734778666024,19.7774051624893,11.6021464180502,34.3322894980075,0,0,48.219696926902,104.160944403495,50.2671163395369,60.3456346221347,92.7966592234746,254.386340852667,0,0,0,0,0,0,0,0,802.159941241467,371.69450811867,2112.48123488102,2174.07267232906
"291",2014,1695,24.1666666666667,3849.60515673083,2935.56331467893,871.600528326382,1599.34617055956,396.885765985044,452.055449681844,367.726782178783,997.72673366951,0,0,0,0,0,0,0,0,0,0,1.4674906730943,2.71289479409854,0.76593705221441,0.870804058811442,0.717971864794678,1.94486694615296,0,0,0,0,0,0,0,0,4666.53618351962,3298.10398082419,760.932159851648,1448.34145385217,494.521144516936,577.362318179074,875.639767213172,2424.86181826893,179.295782752052,126.718429169777,29.3351418938976,55.8409297340259,19.0573368720698,22.2504774851793,33.8017076175568,93.6016548434409,20230.152377074,14085.9803436127,3622.30502086652,6647.25070917033,2521.27490222524,2848.75495558461,3684.63302963181,9936.64046932537,777.269790255748,541.205971253958,141.212298865915,259.785340803593,99.1380842064415,112.155206457338,145.525973672354,392.705943939288,0,0,7.10359459756243,13.2667584513682,5.15586153460478,5.85326217852581,7.99896017368623,21.6423187351564,0,0,0,0,0,0,0,0,318.683532292721,239.758422757902,262.251107530119,534.942028965565,342.470855974561,413.228555090654,188.543081458927,558.63793932324,12.2443235581852,9.21190214540423,10.0631360240278,20.5198993189843,13.1135399058563,15.8221161139309,7.22693889468353,21.4125338266253,280.180128411189,209.163611274858,306.023981861795,646.027675016945,428.136394003324,513.457781555004,304.351772093028,902.61228191549,10.764960248697,8.03640057932897,11.7421183292295,24.7783208644146,16.3951039496082,19.6610220907613,11.6617908666225,34.5832512331295,0,0,47.9990838287686,103.399038642722,50.2655932851504,59.9089419223929,93.5821893483074,256.937319087721,0,0,0,0,0,0,0,0,805.418328092678,373.036181332166,2122.12199120672,2182.36135279086
"292",2014,1695,24.25,3836.64661850943,2924.88329856937,865.398615115781,1587.5868564849,394.759404739803,447.393466868345,367.61859747469,1000.92790047603,0,0,0,0,0,0,0,0,0,0,1.45696895814841,2.69146004088185,0.761918289001922,0.861809543668467,0.717833764497957,1.9512595834033,0,0,0,0,0,0,0,0,4670.17188174932,3297.97679611579,757.417135158002,1439.87279453637,494.91176575095,574.066301675953,881.926773691784,2447.3066109166,179.435472092134,126.71354252989,29.1997130539748,55.5144647086203,19.0723956010086,22.1234622720748,34.0445806672348,94.4684744882426,20230.4391536341,14073.8317179669,3601.63385010027,6602.01680996289,2519.7159160426,2828.9972194217,3712.04983425331,10031.0725787072,777.280869347658,540.739200535012,140.408128815177,258.014378220471,99.077245761443,111.375418040223,146.610073799935,396.434691477348,0,0,7.06662507289531,13.1782545774326,5.15406371896388,5.81390104789358,8.05890469022392,21.8489491685735,0,0,0,0,0,0,0,0,319.104201899112,239.848203763912,261.200352648363,531.888906829603,342.942224623167,410.985050862898,189.945148727143,563.951182924415,12.2604864429561,9.215351673525,10.0228568327885,20.4029381633072,13.1316728044569,15.7363603399233,7.28069818608762,21.6162908375866,280.379194153546,209.102520228106,304.736002198265,641.854114104049,428.66439206132,510.420378299742,305.91178252964,909.068759452458,10.7726087829798,8.03405336144109,11.6927695248655,24.6184762834473,16.4154812584973,19.5449626128995,11.7217569740365,34.8312665318028,0,0,47.7784778117224,102.64345443502,50.2611804936777,59.4754613249442,94.3670647133956,259.477957516624,0,0,0,0,0,0,0,0,808.681093974154,374.378380067073,2131.75393314782,2190.60383433143
"293",2014,1695,24.3333333333333,3823.84338314034,2914.34942947398,859.357356428685,1576.13100370252,392.62480906935,442.813516481771,367.470894782043,1003.89608789634,0,0,0,0,0,0,0,0,0,0,1.44655196152669,2.670464572032,0.757878098505722,0.852964198571456,0.717619262004566,1.95721197473895,0,0,0,0,0,0,0,0,4673.63055865521,3297.72768101038,753.950241801297,1431.49882595232,495.244801826318,570.767509963779,888.176506208601,2469.57239275976,179.568359989868,126.703971129163,29.0661279747906,55.1916402002133,19.0852359732714,21.9963414661384,34.2860131715744,95.3283908400399,20230.7145955454,14061.7277745591,3581.35323396662,6557.55111159193,2517.97639450367,2809.39768559097,3739.31624015134,10124.6530573851,777.291512238574,540.274146593498,139.618973576611,256.273226305158,99.0093571896256,110.601884141087,147.688365549187,400.13022226106,0,0,7.02951637732974,13.0904952448174,5.15186102694088,5.77480646679253,8.11852746839208,22.0538463375938,0,0,0,0,0,0,0,0,319.510439993099,239.929797683407,260.139331554605,528.849748961894,343.374276215649,408.736664375957,191.327513880787,569.129336719947,12.2760948451469,9.21848664070959,9.98218209566211,20.286508921879,13.1482971377073,15.6504137447971,7.33369993342544,21.814867906999,280.577191170307,209.041430839866,303.447124733333,637.718229617416,429.160881720893,507.393342679278,307.479239598256,915.445942424979,10.7802162533704,8.03170620731386,11.6433840180359,24.4600708119117,16.4346470228673,19.429292043402,11.782001012503,35.0762271788699,0,0,47.5578760294044,101.894200201564,50.2539214889021,59.0452115581685,95.151268864514,262.00832987709,0,0,0,0,0,0,0,0,811.948089914642,375.721058391711,2141.37624440353,2198.80018345497
"294",2014,1695,24.4166666666667,3811.19690646987,2903.96210624513,853.472764911059,1564.97123591622,390.484359117067,438.315390875235,367.285223838378,1006.63978849424,0,0,0,0,0,0,0,0,0,0,1.43626546986121,2.64991638744007,0.753819275886115,0.844267681440244,0.717329799794822,1.96273496113817,0,0,0,0,0,0,0,0,4676.90573922238,3297.35273678793,750.527359136078,1423.21376342268,495.52043856706,567.465281962262,894.38613096891,2491.64669607217,179.694197664827,126.689565172537,28.934229335083,54.8722347706262,19.0958651008438,21.8690895353441,34.5258962442464,96.1809242806639,20230.9834140796,14049.6712780534,3561.45671884572,6513.84131925037,2516.06394270291,2789.95884405165,3766.43421903263,10217.396766765,777.301899948034,539.810915652097,138.844590448398,254.561416551599,98.9347126081707,109.834700543795,148.760924158838,403.793112815247,0,0,6.9924113394326,13.0035853057588,5.14925911766742,5.7359783153246,8.17782429943168,22.2570092287803,0,0,0,0,0,0,0,0,319.902481987312,240.003233271803,259.070828292047,525.826521580802,343.767292402577,406.484064005494,192.691023453642,574.180969514926,12.2911578096825,9.22130815178697,9.94121875806755,20.1706871530411,13.1634236498219,15.564301930521,7.38597663751774,22.0085933185753,280.774563108694,208.980775481602,302.158055745519,633.621394228201,429.626665972912,504.378102245772,309.053062879979,921.741702151004,10.7877997055253,8.02937572934989,11.5939889452285,24.303157233339,16.4526320689776,19.31406533839,11.8424817601915,35.3180520289612,0,0,47.3372978969583,101.151296283619,50.2438572598217,58.6182071586532,95.9347821737695,264.52850188539,0,0,0,0,0,0,0,0,815.21916946535,377.064170562538,2150.98815923369,2206.95049074919
"295",2014,1695,24.5,3798.70830907328,2893.7214832909,847.740910279373,1554.10026964922,388.340288039069,433.89878238505,367.06308484281,1009.16723799735,0,0,0,0,0,0,0,0,0,0,1.42612976369919,2.62982009234985,0.749745021780866,0.835719689050905,0.716967115672619,1.96784004927257,0,0,0,0,0,0,0,0,4679.99258366854,3296.84922358436,747.145040995347,1415.01295868718,495.739184044796,564.159463511522,900.553157703403,2513.51837624197,179.812799164835,126.670219390053,28.8038855986911,54.5560705152917,19.104302493913,21.7417004420109,34.7641341716013,97.0256459339346,20231.249187595,14037.6642145619,3541.93769240328,6470.87490690887,2513.98581954668,2770.68282883214,3793.40553453769,10309.3176205424,777.312169967495,539.349584020272,138.084730349666,252.878471112822,98.853592830508,109.073949253711,149.827816814711,407.423903065289,0,0,6.95542490774179,12.9176064072992,5.14626610317455,5.69741772203626,8.2367918921657,22.4584383048141,0,0,0,0,0,0,0,0,320.28052548727,240.068524673445,257.99720069198,522.820814416373,344.121581647999,404.227837585658,194.036413205081,579.113732912181,12.305682928879,9.22381675020534,9.90005739879678,20.0555339554705,13.177064114826,15.4780474035526,7.43755654570644,22.1977601864948,280.971657427449,208.920897897202,300.869552686211,629.564782652513,430.062404677842,501.375844186926,310.632235481213,927.954543359645,10.7953724893878,8.02707513473845,11.5446134140735,24.1477807428729,16.4694617366749,19.1993282321146,11.9031604273083,35.5566841928645,0,0,47.1167812827596,100.41477226681,50.2310269935212,58.1944591210027,96.7175823384295,267.038532238308,0,0,0,0,0,0,0,0,818.494188412953,378.407670960547,2160.58895793174,2215.05486801247
"296",2014,1695,24.5833333333333,3786.3784218181,2883.62750561905,842.15792607382,1543.51092844818,386.19469165762,429.563294313805,366.805931919527,1011.48642648924,0,0,0,0,0,0,0,0,0,0,1.41616060438099,2.61017752166694,0.745658780203934,0.827319899291657,0.716533167009536,1.97253921274308,0,0,0,0,0,0,0,0,4682.88762608181,3296.21536884425,743.800410412033,1406.89269352511,495.901793840941,560.850288894768,906.675394739823,2535.17749758042,179.924031324016,126.645865677297,28.6749869882575,54.2430051572836,19.1105771893031,21.6141830925766,35.0006426914637,97.8621732981107,20231.5145496615,14025.7079258811,3522.78943608507,6428.6392092552,2511.74897092115,2751.57146726794,3820.23177123604,10400.4286803279,777.322423488358,538.890203251843,137.339139851583,251.223906369001,98.7662666467228,108.319700404718,150.889103777316,411.023100037908,0,0,6.91864932051272,12.8326214092228,5.14289183294801,5.6591266995501,8.29542768991628,22.6581352511186,0,0,0,0,0,0,0,0,320.644738992918,240.125676671437,256.920448490972,519.833914510015,344.437489380391,401.968525841979,195.364322948199,583.934462493998,12.3196766767705,9.22601261973915,9.85877484528583,19.9410988021674,13.1892317272347,15.391670860713,7.4884642209697,22.3826303351815,281.168740116203,208.862066329754,299.582400389202,625.549387897693,430.468643135449,498.387551082408,312.215800910098,934.083513508279,10.8029448247301,8.02481472980743,11.4952875887788,23.9939795681987,16.4851569739826,19.0851186063536,11.9640005354791,35.7920875603753,0,0,46.8963779310603,99.6846638229471,50.215468931524,57.7739756813931,97.4996450011909,269.538473928189,0,0,0,0,0,0,0,0,821.773004420476,379.751514020556,2170.17796079858,2223.11344455909
"297",2014,1695,24.6666666666667,3774.20782410526,2873.6799382343,836.72001496544,1533.19615414847,384.049536947766,425.308450467179,366.515176007386,1013.60510809821,0,0,0,0,0,0,0,0,0,0,1.40637004812259,2.59098825723291,0.741564112831289,0.819067929001731,0.716030069665065,1.9768447302703,0,0,0,0,0,0,0,0,4685.58855567348,3295.45020730072,740.491071203369,1398.85000929065,496.009210629147,557.538285328679,912.750910974772,2556.61523184586,180.027805358171,126.616466947172,28.5474421038845,53.932925516857,19.1147254286922,21.4865576687807,35.2353475362892,98.6901663644077,20231.7813463673,14013.8032214501,3504.00516853733,6387.1214966566,2509.36005726031,2732.62632044559,3846.91435923697,10490.7422396085,777.332731445899,538.432804446613,136.607562858269,249.597235838729,98.6729918872961,107.572013825715,151.944839338745,414.591181108916,0,0,6.88215833798423,12.7486779893837,5.13914733137604,5.62110785513601,8.35372972331619,22.8561027762134,0,0,0,0,0,0,0,0,320.995269019406,240.174688897855,255.842270174227,516.866865993823,344.715404318971,399.706646904224,196.675309355693,588.649267062966,12.3331446827008,9.22789574625197,9.8174363560525,19.827421836128,13.1999413457059,15.3051921321748,7.53872103346504,22.5634377214362,281.366008182852,208.804484697851,298.297392176295,621.576036575156,430.8458362452,495.414031883612,313.802860027387,940.128123843981,10.8105242809366,8.0226023494346,11.4460419637047,23.8417855551466,16.4997352629104,18.9714676772642,12.0249678001617,36.024243773678,0,0,46.6761497521099,98.9610101862892,50.1972210254526,57.3567629381038,98.2809442637879,272.028375339131,0,0,0,0,0,0,0,0,825.055476751053,381.095654185845,2179.75452328441,2231.12636434802
"298",2014,1695,24.75,3762.1968749415,2863.87839000994,831.42345258948,1523.14901514872,381.90666948884,421.133703378929,366.192187177,1015.53080924976,0,0,0,0,0,0,0,0,0,0,1.39676707858387,2.57225003350823,0.737464616343109,0.810963311221633,0.71546005280339,1.98076906353625,0,0,0,0,0,0,0,0,4688.09404100392,3294.55345263771,737.215035712597,1390.88257142533,496.062519028552,554.224200690402,918.778005253313,2577.82377076524,180.124070111262,126.582012198956,28.4211751597202,53.6257423204932,19.1167889229063,21.3588528502919,35.4681832601601,99.5093242708656,20232.0507623846,14001.9504678017,3485.57808003857,6346.30903313453,2506.82547535966,2713.8487148415,3873.45459409758,10580.2698955245,777.343139362894,537.977401687214,135.889741941098,247.997972433707,98.5740162641547,106.83094026632,152.995072596346,418.128596777124,0,0,6.84601047193145,12.665811374333,5.13504441753554,5.5833641921058,8.41169650193069,23.0523444715802,0,0,0,0,0,0,0,0,321.332245583754,240.215558953624,254.764108637346,513.920515441899,344.955759912499,397.442710660591,197.96985683519,593.2636071906,12.3460919421299,9.22946603756739,9.77609737380159,19.7145356120813,13.2092095489629,15.2186307341499,7.58834557802506,22.7403914468039,281.56359988898,208.748301837119,297.015316216108,617.645404273986,431.194368622273,492.455949216832,315.392567754185,946.088280292377,10.8181161702658,8.0204437121221,11.3969068387923,23.6912247561034,16.5132113904809,18.8584010418993,12.0860300039011,36.2531495777472,0,0,46.4561660574344,98.2438523434103,50.1763213550727,56.9428252919385,99.061453082985,274.508281093939,0,0,0,0,0,0,0,0,828.34146607941,382.440045891082,2189.31803238388,2239.0937840383
"299",2014,1695,24.8333333333333,3750.34574008312,2854.22233451095,826.264590474494,1513.36271287561,379.767820363448,417.038441751252,365.838296676991,1017.27083634508,0,0,0,0,0,0,0,0,0,0,1.38735814923293,2.55395908626003,0.733363856254282,0.803005478861624,0.714825421164898,1.98432475454502,0,0,0,0,0,0,0,0,4690.40357721267,3293.52538624264,733.970661958789,1382.98855378068,496.062907899696,550.908943472952,924.755179295821,2598.79624447472,180.212806185741,126.542512244006,28.2961235803899,53.3213857688208,19.1168134020828,21.2311035068256,35.6990922016422,100.319382182048,20232.3234303828,13990.1496659306,3467.50136174476,6306.18912484199,2504.15137750422,2695.2397694944,3899.85365443888,10669.0226145525,777.353671553409,537.523995011709,135.185419473082,246.425630346198,98.4695781076643,106.096522449471,154.039848137179,421.635773201895,0,0,6.81025173843846,12.5840466605976,5.13059539341009,5.54589894544392,8.46932692348227,23.2468646949382,0,0,0,0,0,0,0,0,321.655786829048,240.248284961695,253.68719067955,510.995549959598,345.15903434051,395.177229244975,199.248387211184,597.782366511184,12.3585229943028,9.23072342156601,9.73480504173154,19.6024665593694,13.2170546363509,15.1320062727777,7.63735404586971,22.9136784918567,281.761603760512,208.693619659118,295.736944525764,613.758029926713,431.514571866459,489.513843280385,316.984129939052,951.964222082988,10.8257238940533,8.01834273347436,11.3479118965538,23.5423179800328,16.5255981107169,18.7459395944078,12.1471568758158,36.4788144675917,0,0,46.2365012375158,97.5332315395034,50.1528084532298,56.5321658066946,99.8411436114196,276.978232792348,0,0,0,0,0,0,0,0,831.630834346433,383.784643557989,2198.8679035849,2247.01587140156
"300",2014,1695,24.9166666666667,3738.65441528957,2844.71112780523,821.239858115243,1503.83058652626,377.634612501151,413.021997133116,365.454798700269,1018.83228280307,0,0,0,0,0,0,0,0,0,0,1.37814763337652,2.53611044314051,0.729265318631129,0.795193755572945,0.714128525026686,1.98752434299191,0,0,0,0,0,0,0,0,4692.51735643647,3292.36676311081,730.756599995006,1375.16654228273,496.011640258241,547.593534814219,930.681114415766,2619.52664692682,180.29402096381,126.497996090446,28.1722359496082,53.0198018454211,19.11484745839,21.1033488537526,35.9280235918553,101.120108434785,20232.5995236061,13978.4005165041,3449.76822984834,6266.74915924478,2501.34368782406,2676.80041873001,3926.11261711295,10757.0107915172,777.364334679777,537.072572919113,134.494338567197,244.87972657706,98.3599069962314,105.368795951684,155.079206627104,425.113114481828,0,0,6.7749179185387,12.5034007121703,5.12581280712885,5.50871545519676,8.52662020130964,23.4396684783405,0,0,0,0,0,0,0,0,321.966002779297,240.272867549993,252.612560337291,508.092527966363,345.325748880238,392.910723446148,200.511268215436,602.209915823801,12.370442066517,9.23166792237364,9.69359948337259,19.4912361642749,13.2234965655079,15.0453386911566,7.68576055060558,23.0834661747947,281.960066350241,208.640500215966,294.463024663137,609.91432939448,431.806739077908,486.588152642197,318.576800310542,957.756467657138,10.8333492409599,8.01630179763238,11.299085882458,23.3950813128077,16.5369067011843,18.6341003236581,12.2083199744703,36.7012586149081,0,0,46.0172328981908,96.8291881181907,50.1267215303252,56.1247864871515,100.619987479529,279.438269628488,0,0,0,0,0,0,0,0,834.92344465721,385.12940160392,2208.4035783927,2254.89280411468
"301",2015,1695,25,3727.5523171237,2835.52444521258,815.316702788425,1492.24941689203,375.357711417521,407.364981174286,365.383270438678,1023.66006436329,0,0,0,0,0,0,0,0,0,0,1.36877934223259,2.51582683712752,0.724889019542548,0.784220505412101,0.713991892145524,1.99663379935164,0,0,0,0,0,0,0,0,4695.18861437483,3291.72148173254,726.735849311191,1365.30353821076,495.720417638567,541.995519321711,936.948299156591,2643.98721954842,180.396654965596,126.473203347979,28.0173326881846,52.6396004397721,19.1036341001558,20.8876262326251,36.1701049260938,102.064612489488,20235.8654841301,13969.0720665591,3428.42809428105,6218.37011042349,2497.41572087193,2647.33404780093,3954.09200069387,10862.766879337,777.48987194476,536.714157998525,133.664332577493,242.986145211132,98.2062119208798,104.20701734929,156.186072242585,429.288128706811,0,0,6.73830637941115,12.4097048345215,5.11870767791415,5.44878955010263,8.58736046126439,23.6686254447587,0,0,0,0,0,0,0,0,322.341809789167,240.357638866344,251.46348270874,504.675069053402,345.356340747901,389.044088674112,201.985633266081,608.834560016215,12.3848812496572,9.23492497041958,9.64953317422683,19.360264733567,13.2247227869489,14.8973949624105,7.74226792679754,23.3374216313474,282.201088595544,208.628294395472,293.09487785009,605.399751115821,431.899684531246,481.636401725416,320.425067634196,966.233047077102,10.8426097952648,8.01583282865763,11.2466402305235,23.2221034166125,16.5405812530964,18.4446654722955,12.2792703451882,37.0265292470339,0,0,45.7897364348528,96.024857076039,50.0784657393862,55.4858356524541,101.430636459067,282.239192879224,0,0,0,0,0,0,0,0,838.184622269808,386.442860100328,2217.82271343373,2262.53373222486
"302",2015,1695,25.0833333333333,3716.67052572379,2826.4927289736,809.300358605409,1480.42716148006,373.04407360277,401.441112641653,365.352547923412,1029.00391975795,0,0,0,0,0,0,0,0,0,0,1.35928133034056,2.49513561480846,0.720453432066135,0.772732925285745,0.713937635585144,2.00674261134837,0,0,0,0,0,0,0,0,4697.92358946641,3291.15107807548,722.585561333511,1355.08794264031,495.342804816377,535.929184649738,943.283902558449,2669.25184230587,180.501737082302,126.451287527303,27.8574393774699,52.245804003072,19.0890907288308,20.6538547912901,36.4148192902768,103.040104307526,20239.7975553029,13960.3213984319,3406.52418135964,6168.51641094038,2493.08698132651,2615.65417964567,3982.34567909376,10971.7435684265,777.641001454301,536.377942395164,132.812575675956,241.035138177373,98.0368045290409,102.958110004466,157.303780199542,433.589822772847,0,0,6.70062885856607,12.3129496569616,5.11080364204319,5.38428481282485,8.64868613614397,23.9044477763472,0,0,0,0,0,0,0,0,322.721707946793,240.449265087203,250.276920359083,501.132312955169,345.323454181651,384.823121376289,203.484183109855,615.733869553316,12.3994776200984,9.23844539488483,9.60402584688837,19.224481703381,13.2235150966206,14.7358793128145,7.79969978978307,23.6018967877432,282.449394573504,208.624706179877,291.703245852759,600.757582820977,431.917828213107,476.248735519828,322.330633967072,975.226818002603,10.8521502005794,8.01569496188002,11.1932909571185,23.0442253666136,16.5413866554397,18.2385300745259,12.3524102396809,37.3716020543287,0,0,45.560444687048,95.2022731129025,50.022884813092,54.7998996338924,102.248156438035,285.108163722279,0,0,0,0,0,0,0,0,841.441089905893,387.749044440322,2227.19834932753,2270.06378573182
"303",2015,1695,25.1666666666667,3705.90346336034,2817.57141489344,803.445151751107,1468.93273686193,370.732465647007,395.680033984397,365.278836592801,1034.01050087436,0,0,0,0,0,0,0,0,0,0,1.34976789310292,2.4747705359202,0.716027071419913,0.761555458901059,0.713810417300977,2.01628688407202,0,0,0,0,0,0,0,0,4700.52149312,3290.48618577217,718.508332978913,1345.03637936879,494.922574459758,529.960317877457,949.585840738366,2694.31683851487,180.601552695161,126.425741301734,27.7003459652393,51.8583139507146,19.0729047572075,20.4238396935102,36.6582328894823,104.007900286073,20243.667199103,13951.5685805579,3385.03448902301,6119.57496081383,2488.60764112485,2584.55891349351,4010.41431487311,11079.3399874197,777.789731786313,536.041644207423,131.976740110333,239.119543718196,97.8615174170729,101.732216159661,158.414326174265,437.837581812766,0,0,6.66244026724686,12.2167781369753,5.10258928779006,5.32094586491823,8.70965285342626,24.1377012061197,0,0,0,0,0,0,0,0,323.086475966574,240.530945345337,249.07420509533,497.600159840615,345.252539312805,380.648838984697,204.951124693607,622.344575154115,12.4134926657256,9.24158367957385,9.55789687996695,19.0891013800283,13.2208481072343,14.5761477057673,7.85591845518106,23.8553126031794,282.695621411695,208.620791703062,290.312901819262,596.166485890937,431.905282775671,470.936634195132,324.229713396588,984.041020241212,10.8616107206402,8.0155445596545,11.1399891571438,22.8683009318766,16.5410123424329,18.0352817545335,12.4252958032338,37.7097836854309,0,0,45.3314317579628,94.3879430748416,49.9648963272852,54.1256403243841,103.064484940282,287.958055309775,0,0,0,0,0,0,0,0,844.701316389092,389.055699459741,2236.5543755029,2277.52837993034
"304",2015,1695,25.25,3695.25595512324,2808.7636141218,797.747452551347,1457.75831758571,368.425199407388,390.077982671293,365.164123875595,1038.69385849056,0,0,0,0,0,0,0,0,0,0,1.34028529899561,2.45476486878114,0.711609387833665,0.7506790631663,0.713610117306413,2.02527303104093,0,0,0,0,0,0,0,0,4702.96222202737,3289.71327549389,714.496024592746,1335.13504557917,494.456599253044,524.081898257678,955.84708338767,2719.1536816965,180.695329402921,126.396044852829,27.545741100459,51.4766013229785,19.0549560562766,20.1973108125393,36.900075543567,104.966903769273,20247.4892626009,13942.8234655391,3363.95386433837,6071.53294479231,2483.98642888896,2554.03926264763,4038.302531212,11185.5946023759,777.936633391736,535.70564198793,131.15663408688,237.238873979542,97.6806886616193,100.528981690707,159.517889302419,442.032904738832,0,0,6.6239606213149,12.1213789670787,5.09406274658555,5.25874328034403,8.77025282993108,24.3683881526126,0,0,0,0,0,0,0,0,323.436524504576,240.602908447666,247.859494193354,494.08306442344,345.144526810503,376.522435830157,206.388377361215,628.689203907223,12.4269421645989,9.24434861561432,9.51130596223625,18.9542948960573,13.2167574825173,14.4182459906117,7.91099751443943,24.0985321860503,282.941024872102,208.617476422876,288.924671039249,591.627931093481,431.864191650481,465.701293454825,326.122125697978,992.672529600456,10.8710396038224,8.0154171795516,11.0867665034977,22.6943866186186,16.5395404598803,17.8349665560283,12.4979202778395,38.040954764766,0,0,45.1026701727593,93.5818314849973,49.9045676524925,53.4628775739444,103.879653544191,290.789287909994,0,0,0,0,0,0,0,0,847.965151113688,390.362771770888,2245.8899809263,2284.9280244207
"305",2015,1695,25.3333333333333,3684.73205996315,2800.07185979802,792.20360485736,1446.89606036725,366.124400054618,384.631199053564,365.01030238973,1043.06748623632,0,0,0,0,0,0,0,0,0,0,1.33087075573406,2.43514388388355,0.707200973416759,0.740095522676408,0.713337331668655,2.03371036046037,0,0,0,0,0,0,0,0,4705.22975620196,3288.82172809197,710.541956151631,1325.372786742,493.942858112689,518.288498985524,962.061596632804,2743.73709867571,180.782451692079,126.361790175912,27.3933693075293,51.1002386499851,19.0351669824367,19.9740592531014,37.1401152916638,105.916142830084,20251.2756671567,13934.0938684288,3343.27661669986,6024.37668426588,2479.23142770647,2524.08588184245,4066.01435275421,11290.543174332,778.082164311599,535.370236003432,130.352044752754,235.392607205702,97.494631402196,99.3480386258064,160.614625458027,446.177185631186,0,0,6.58536719617183,12.0268999594036,5.08522612381045,5.19765024276134,8.83047961959423,24.596514149377,0,0,0,0,0,0,0,0,323.772164281446,240.665320202587,246.636243695263,490.584598472228,345.000144117955,372.444612703765,207.79759453462,634.78789541368,12.4398380551005,9.24674657363,9.46438585401227,18.8201994763315,13.2112710803552,14.2622010665602,7.96500035380773,24.3323271042012,283.186610668706,208.615492566588,287.539401693533,587.143102206627,431.796320971021,460.543460453921,328.007681146642,1001.11971184183,10.8804754912641,8.01534095491374,11.0336555609249,22.5225279410019,16.5370387036868,17.6376133354213,12.5702765376268,38.3650529931658,0,0,44.8741615822526,92.7839205514074,49.8419590110915,52.8114267226526,104.693684780805,293.602252105962,0,0,0,0,0,0,0,0,851.232447211641,391.670209087152,2255.2044292677,2292.26327189469
"306",2015,1695,25.4166666666667,3674.33521462505,2791.49821734455,786.809950003149,1436.33814797129,363.83203060654,379.335942010702,364.819183163046,1047.14437390072,0,0,0,0,0,0,0,0,0,0,1.32155445897937,2.41592667023274,0.702803155450608,0.72979719075471,0.712993169190335,2.04161025518379,0,0,0,0,0,0,0,0,4707.31131102599,3287.80322078497,706.640591696613,1315.74048304795,493.38015108453,512.575865875223,968.224162092697,2768.04464200648,180.862428357177,126.322657496411,27.2430189053458,50.7288764421339,19.0134914365861,19.753921181072,37.3781514573839,106.854753905383,20255.0360242306,13925.3860028033,3322.99666985132,5978.09191097472,2474.35019532339,2494.68920792876,4093.55331893598,11394.2191371683,778.226693837314,535.035664989364,129.562744081921,233.580198359767,97.3036384892326,98.1890105967557,161.704671660505,450.271728382943,0,0,6.54680470204809,11.9334580692724,5.07608425511694,5.13764193710111,8.89032782168802,24.8220870860392,0,0,0,0,0,0,0,0,324.093633529563,240.718301859856,245.407365461216,487.107670164199,344.820005592476,368.41574582892,209.180212828649,640.658755831338,12.4521894904974,9.2487822122303,9.41724841740516,18.6869268604522,13.2044124145766,14.10802737221,8.01798203897354,24.5573909592547,283.433183959292,208.615417980405,286.157937744905,582.712933311887,431.703131048933,455.463515632198,329.886184984307,1009.38212898323,10.889949318419,8.01533808751608,10.9806887422382,22.3527608457264,16.5335630551545,17.4432368922428,12.6423572588302,38.6820618896292,0,0,44.6459283398014,91.9942038430838,49.7771256858896,52.1711006701889,105.506594089241,296.397313968633,0,0,0,0,0,0,0,0,854.503060397635,392.977959838979,2264.49704169007,2299.53470476573
"307",2015,1695,25.5,3664.06828712265,2783.04432594751,781.562840239182,1426.07681505638,361.549899043078,374.188498879632,364.592499220019,1050.93701492039,0,0,0,0,0,0,0,0,0,0,1.31236037952184,2.3971268437287,0.698417844515791,0.719776906080957,0.712579170359029,2.04898583204213,0,0,0,0,0,0,0,0,4709.1970086666,3286.65148714872,702.787412427615,1306.23079960789,492.767984734875,506.940745497228,974.330312416455,2792.0565671602,180.934879876079,126.278406048289,27.0945171481327,50.3622336172755,18.9899104652064,19.5367712259895,37.6140121798153,107.781977107753,20258.7778749744,13916.7046519672,3303.10762927098,5932.66389060208,2469.34980478772,2465.83952348294,4120.92252549093,11496.6537153592,778.370511716139,534.702112727822,128.78849147511,231.8010839071,97.1079840575511,97.0515153095711,162.788147687843,454.317751252674,0,0,6.5083891279376,11.8411431661959,5.0666442460329,5.07869533260981,8.9497929782214,25.0451169664166,0,0,0,0,0,0,0,0,324.401109473649,240.76193791387,244.175287912887,483.65460823959,344.60464518904,364.435947617443,210.537471727965,646.317989516152,12.4640032800457,9.25045877782499,9.36998694858066,18.5545665343125,13.1962019110537,13.9557292202546,8.06999007021116,24.7743444347051,283.681368659438,208.617691464119,284.781107984213,578.338127585072,431.585809242959,450.461514578362,331.757437774888,1017.46040444592,10.8994850571305,8.01542543674798,10.9278978864559,22.185112430168,16.5291590392671,17.25183957145,12.7141549325031,38.992005620262,0,0,44.418010157167,91.2126837982292,49.7101188622945,51.5417108566473,106.318390546879,299.174816682086,0,0,0,0,0,0,0,0,857.776848538267,394.285973033933,2273.76719132215,2306.74293036484
"308",2015,1695,25.5833333333333,3653.93365906018,2774.71146178211,776.458653375467,1416.10437520505,359.279672052895,369.185195350365,364.331912713178,1054.45743410978,0,0,0,0,0,0,0,0,0,0,1.30330742490319,2.37875358492142,0.694047321265358,0.710027864926524,0.712097194062175,2.05585147354344,0,0,0,0,0,0,0,0,4710.87938781894,3285.36196229711,698.978734604125,1296.83783630778,492.106410922511,501.380651249548,980.376225837231,2815.75557793233,180.999519573521,126.228860441322,26.9477232537717,50.0000840833802,18.9644260718038,19.3225135006968,37.8475503726054,108.697146484628,20262.507046633,13908.0534212009,3283.60287113739,5888.07758161319,2464.23691036294,2437.52703611783,4148.12469079046,11597.8761472476,778.513841844591,534.369717739332,128.029037202747,230.054687978018,96.9079260759796,95.9351676205687,163.865158655934,458.316395510509,0,0,6.47021341100913,11.7500235816169,5.05691480845252,5.02078884946681,9.0088714147938,25.2656155212173,0,0,0,0,0,0,0,0,324.694724067715,240.796286635483,242.942045059524,480.227283300785,344.354561112581,360.505152603361,211.870443223156,651.780116103675,12.4752844936285,9.25177850927336,9.32267959609283,18.4231903879087,13.1866586231553,13.8053040984891,8.12106551972923,24.9837436199834,283.931636656713,208.622635697814,283.409712215018,574.019183099227,431.445315942856,445.537241716736,333.621237445135,1025.35603869438,10.9091008380862,8.01561540049395,10.8753137266037,22.0196019288443,16.5238634851463,17.0634133184971,12.7856619419748,39.2949419309795,0,0,44.1904594125019,90.4393682792617,49.6409868150695,50.9230684470378,107.129078003611,301.935083467705,0,0,0,0,0,0,0,0,861.053671055579,395.594198065609,2283.01429444883,2313.88857395594
"309",2015,1695,25.6666666666667,3643.9332895055,2766.5005870993,771.493804071308,1406.41324169988,357.02288590462,364.322403182652,364.039020359224,1057.71720926462,0,0,0,0,0,0,0,0,0,0,1.29441032444716,2.36081243333446,0.689694085589897,0.700543534285775,0.711549333350196,2.06222247388759,0,0,0,0,0,0,0,0,4712.35302370276,3283.93150813367,695.211568985078,1287.55686068926,491.395905473148,495.893689694525,986.358643333552,2839.12661773788,181.056139020771,126.173900104824,26.8025230222951,49.642246501981,18.9370565590901,19.1110749330982,38.07864054943,109.599682033407,20266.2279286746,13899.4349329432,3264.47561069885,5844.31775605554,2459.01779717406,2409.74193716705,4175.16220792139,11697.9138657418,778.656852877799,534.038580782067,127.284125051483,228.340427056915,96.7037082678258,94.83958181387,164.935797042981,462.268732431459,0,0,6.43235169699577,11.6601502539443,5.04690578092054,4.96390210891268,9.06756012196511,25.4835959339473,0,0,0,0,0,0,0,0,324.974575908763,240.821387995342,241.7093441724,476.82719790661,344.070245444594,356.623176450124,213.180055525693,657.058148899664,12.4860369195001,9.25274294231155,9.27539195942871,18.292856175106,13.1758013702349,13.6567449366968,8.17124394186918,25.1860868514304,284.18433082027,208.630475280282,282.044512148794,569.756415511096,431.282422338443,440.690254953097,335.477380593223,1033.07125916434,10.9188098348828,8.01591660819832,10.8229655387454,21.856241581226,16.5177059723877,16.8779413890681,12.8568706124563,39.5909563947834,0,0,43.9633376607402,89.6742680748822,49.5697757656037,50.3149852166591,107.93865595858,304.678419837875,0,0,0,0,0,0,0,0,864.33338851619,396.902584587458,2292.23780428518,2320.97227378651
"310",2015,1695,25.75,3634.06876788373,2758.41239086219,766.664752595124,1396.99594341911,354.780955970583,359.596546200661,363.715357967306,1060.72749056276,0,0,0,0,0,0,0,0,0,0,1.28568033198716,2.34330592173625,0.685360754054849,0.69131759685271,0.710937851762397,2.06811476491804,0,0,0,0,0,0,0,0,4713.61421686398,3282.35818875067,691.483505995589,1278.38409356568,490.637273944867,490.478426773511,992.27479950497,2862.15668339754,181.104596078886,126.113450658126,26.6588244391888,49.2885760716632,18.9078329100562,18.9024001272368,38.3071761748807,110.489082576186,20269.9436985202,13890.8509860029,3245.71895688261,5801.36909432164,2453.69842079197,2382.47444565854,4202.03718798,11796.7926574945,778.799666902309,533.708770969014,126.553494440077,226.657713665203,96.4955616421097,93.7643733093535,166.000144371995,466.175769452176,0,0,6.39486264355021,11.571559908036,5.0366277892964,4.90801574488396,9.12585666333191,25.6990726457679,0,0,0,0,0,0,0,0,325.240739523245,240.83726976888,240.478619713275,473.45555574762,343.752201926988,352.789755094493,214.467113376653,662.163754926455,12.4962634210858,9.25335314411598,9.22817915979837,18.1636101703375,13.1636494214844,13.5100416108124,8.22055615265006,25.3818208502205,284.439684241965,208.64135178983,280.686226266127,565.549980364399,431.097743874031,435.919926408819,337.325663033832,1040.60888860281,10.9286210033002,8.01633449952559,10.770880943514,21.6950374854734,16.5107101125607,16.6953999097981,12.9277732315656,39.8801573651917,0,0,43.7367130072705,88.9173951256701,49.4965304937385,49.7172742126941,108.74712026868,307.405115435508,0,0,0,0,0,0,0,0,867.615862356874,398.211082435692,2301.43720654835,2327.9946776362
"311",2015,1695,25.8333333333333,3624.34136037805,2750.44732436414,761.968012019859,1387.84513772736,352.555185404869,355.00410517874,363.36240447469,1063.49901882604,0,0,0,0,0,0,0,0,0,0,1.27712583254595,2.3262341244063,0.681049976042934,0.682343906355033,0.710265129731428,2.07354468385727,0,0,0,0,0,0,0,0,4714.66072144532,3280.64107475186,687.792616615444,1269.31652629932,489.831572007506,485.133776683035,998.122360820015,2884.83464986764,181.144804458439,126.047476392335,26.5165538806482,48.9389575247974,18.8767957298821,18.6964470942324,38.5330672977002,111.364919051745,20273.6565185117,13882.3026941303,3227.3259587175,5759.21626471352,2448.28444152595,2355.71484431552,4228.75149858992,11894.5368096297,778.942367003913,533.380331092111,125.836882219401,225.005959456275,96.283705819867,92.7091600611884,167.058272707659,470.038455845478,0,0,6.35779225286817,11.4842777734362,5.02609196161299,4.85311124113331,9.18375909602723,25.9120611889735,0,0,0,0,0,0,0,0,325.493273200777,240.843952642484,239.251079617905,470.113319977104,343.400959188105,349.004575792339,215.732316025518,667.107400378748,12.5059662379664,9.25360990949063,9.18108761741293,18.035489408885,13.1502230045681,13.3651821357632,8.26902891992535,25.5713463009526,284.697837244172,208.655337060469,279.33552620348,561.39989319416,430.891769615537,431.22547764324,339.165880460686,1047.97222964463,10.938539734768,8.01687183445282,10.719085766372,21.5359903681916,16.5028946742976,16.5157592281131,12.9983620744957,40.1626715524135,0,0,43.5106578900285,88.1687610556698,49.4212948419044,49.1297502964532,109.554463772541,310.115445685046,0,0,0,0,0,0,0,0,870.900954678835,399.519641576062,2310.61201578048,2334.95643995705
"312",2015,1695,25.9166666666667,3614.75204955375,2742.60563162344,757.400153864633,1378.95362038626,350.346772945544,350.541621655267,362.981585441111,1066.04214240472,0,0,0,0,0,0,0,0,0,0,1.26875284384308,2.30959511174513,0.676764372817053,0.673616456601468,0.709533622218983,2.07852878671471,0,0,0,0,0,0,0,0,4715.4915155178,3278.78007824493,684.137369343813,1260.35177031731,488.980041518595,479.85891388164,1003.89937224372,2907.15110936878,181.176724895284,125.97597393049,26.3756529342955,48.5932993594698,18.8439927901009,18.4931838708359,38.7562385050062,112.226828357378,20277.36770213,13873.7906026359,3209.28964333904,5717.84398741947,2442.78125296577,2329.45350729093,4255.3067970288,11991.1692420403,779.085003653953,533.053282102936,125.134024147683,223.3845777076,96.068350137839,91.6735636358489,168.110245943478,473.857687835419,0,0,6.32117617698818,11.3983197806533,5.01530971027555,4.79917079968832,9.24126590536563,26.1225780560355,0,0,0,0,0,0,0,0,325.732225273164,240.841454251824,238.027743444821,466.801259831752,343.017078514628,345.267298740898,216.976272818672,671.898481461731,12.5151472271278,9.25351391602606,9.13415651644125,17.9085234775239,13.1355436047166,13.2221534962369,8.3166855618325,25.7550228698604,284.958851996867,208.672444564072,277.993035007849,557.306048095438,430.66488777943,426.6060104255,340.99782895228,1055.16496443501,10.9485684179772,8.01752913059039,10.6676039697432,21.3790962956498,16.4942745615304,16.3389850918844,13.0686294233007,40.4386401765862,0,0,43.2852473259486,87.4283760699666,49.3441120936483,48.5522305600847,110.360676816618,312.809673210429,0,0,0,0,0,0,0,0,874.188528116579,400.828212076719,2319.76177255078,2341.85821972464
"313",2016,1695,26,3605.43417397154,2734.76831474823,752.29839878604,1370.8525370242,350.012850648739,352.506129390741,360.297219221623,1060.55400997284,0,0,0,0,0,0,0,0,0,0,1.26138434386323,2.29601911004832,0.6761053138817,0.677260996641207,0.704462323770164,2.06840454618506,0,0,0,0,0,0,0,0,4716.98105248458,3277.49738850756,680.163270241885,1252.20334134962,490.685827085366,483.32352342219,1006.58773463916,2918.81709602805,181.23395528757,125.926690939543,26.2225674388347,48.2792154404832,18.9097439431344,18.6267302092831,38.8603762357792,112.678268921134,20284.7216643913,13868.0367752566,3189.90590428003,5680.46894387076,2450.25682010791,2345.84895906007,4267.13150226916,12038.4259597668,779.367600313405,532.832210058051,124.380863612258,221.921605398696,96.3634738280637,92.3167814547794,168.583709005036,475.73589618468,0,0,6.28928794495618,11.3268415883496,5.03115063500885,4.83309508704173,9.26852750186697,26.2312253656592,0,0,0,0,0,0,0,0,326.14982219414,240.928970240132,237.041951997025,464.144469233732,344.59451322993,347.938537232226,216.451157522488,670.18347307027,12.5311920327424,9.25687641901158,9.09633628813582,17.8066894695958,13.195967516924,13.324537337513,8.29658609549352,25.6895096278565,285.288824716567,208.748216758811,276.833445626627,553.905028436548,432.746579973313,429.830749694876,340.432588552877,1053.88059321575,10.9612465738362,8.02044041803099,10.6231366833266,21.2487728590753,16.5740677048525,16.4626388028502,13.0470675812335,40.389886092604,0,0,43.0945649182809,86.8019131514403,49.5300501779904,48.8653296624649,110.885385539316,314.516033798912,0,0,0,0,0,0,0,0,877.326743137057,402.075735142377,2328.47923531976,2348.40808775993
"314",2016,1695,26.0833333333333,3596.32864997178,2727.11257607027,747.3457878457,1363.01616136252,349.671244738114,354.475329955795,357.604579689058,1054.98555913831,0,0,0,0,0,0,0,0,0,0,1.25389684290623,2.28259883346582,0.675446885296784,0.680955439316393,0.699343127137312,2.05801591655078,0,0,0,0,0,0,0,0,4718.17331575744,3276.00909491057,676.214372102084,1244.12633937005,492.341245568472,486.793441148615,1009.03354262497,2929.66459870669,181.279763949144,125.869508319513,26.0704421355196,47.9678786274444,18.9735564731705,18.7604814168119,38.9551661704443,113.098172592026,20292.2500170015,13862.4452115851,3170.8787179934,5643.84848439361,2457.7073853617,2362.531671829,4278.65959789774,12084.6946504756,779.656896752512,532.617372455417,123.641428573421,220.487988057199,96.6577231764857,92.9714870234748,169.045540550714,477.575359066733,0,0,6.25665328246788,11.2556240738247,5.046941122031,4.86762419256259,9.29486694188569,26.3368386255573,0,0,0,0,0,0,0,0,326.549520720402,241.006684657661,236.027867670838,461.486800072812,346.153843053543,350.676554839228,215.990186458115,668.701785580918,12.5465491528318,9.2598623299879,9.05742838112447,17.7048179104537,13.2556938238532,13.4294730166391,8.2789402200763,25.6329232618367,285.635783935141,208.834793518391,275.696056649524,550.580771855278,434.867064290532,433.187046232726,339.83799821111,1052.44544283013,10.9745773766458,8.02376683416023,10.579519614945,21.1213900344043,16.6553422244103,16.5913265765594,13.024377587375,40.3353459951961,0,0,42.9048886502338,86.1840761831277,49.7175662127973,49.1879068848644,111.404032533862,316.202848496963,0,0,0,0,0,0,0,0,880.466113418981,403.322570211089,2337.19775587514,2354.95296793302
"315",2016,1695,26.1666666666667,3587.42473524847,2719.63365872538,742.548723598078,1355.42510536049,349.289614180409,356.336217279094,354.945065446535,1049.48039834269,0,0,0,0,0,0,0,0,0,0,1.24633845809808,2.26933382514104,0.674720769537082,0.684473456107312,0.694259014896602,2.04765115642958,0,0,0,0,0,0,0,0,4719.09306934908,3274.33168884374,672.305391375874,1236.12387258018,493.91058581978,490.123540532535,1011.30853334215,2939.93249273179,181.315102352976,125.805059695969,25.9198423767368,47.6594054414189,19.0340525988957,18.8888429999255,39.0433701416284,113.49573644201,20299.8576684308,13856.9458482296,3152.22832094286,5607.90303328758,2464.89574175536,2378.72962277731,4290.14855832273,12130.834937272,779.949239426935,532.406077347023,122.916472614404,219.080583371355,96.9417638243421,93.6072908568064,169.505856676797,479.409886734807,0,0,6.22343921550905,11.1846177531941,5.06217491954768,4.90114924472945,9.32082653343526,26.4412309910629,0,0,0,0,0,0,0,0,326.927964192603,241.072678343281,234.985711431208,458.820268186642,347.657591647592,353.359505537646,215.614502988341,667.533765418822,12.5610896192307,9.26239791171449,9.01744142528144,17.6026026193162,13.3132870931259,13.5322938188426,8.26455732387272,25.5883396860007,285.994989090478,208.928839860509,274.572344428905,547.312783829654,436.97767503006,436.527010385745,339.262465710427,1051.03382215743,10.9883786865544,8.02738024362263,10.5364256997076,20.9961616827687,16.736234193353,16.7193841141881,13.0024135863464,40.2816962771972,0,0,42.7154316947004,85.5726789090306,49.9017486656822,49.5037230383231,111.921599789661,317.887593667572,0,0,0,0,0,0,0,0,883.609226177806,404.569777091453,2345.92381234951,2361.49823822181
"316",2016,1695,26.25,3578.71418362188,2712.32461877268,737.901394805,1348.07007496664,348.870112184084,358.093102955667,352.317976683883,1044.03701386022,0,0,0,0,0,0,0,0,0,0,1.23876292891451,2.25626371684359,0.673926789251314,0.687815993637269,0.689213253465586,2.03732379882791,0,0,0,0,0,0,0,0,4719.77632906474,3272.49146322096,668.442599937989,1228.20872511389,495.404109442448,493.327050799962,1013.42887353488,2949.67025171529,181.3413542839,125.73435528471,25.7710103444087,47.3542880068237,19.0916266143774,19.0123237118685,39.1256087910793,113.872859154729,20307.519371174,13851.5206563016,3133.94410744994,5572.61371259278,2471.82595583202,2394.45136292558,4301.58964057117,12176.8188226053,780.243658296699,532.197632033943,122.205590787548,217.698663442911,97.215749808149,94.2245218645639,169.964316780627,481.238390582395,0,0,6.18985920521815,11.1139901315184,5.07684849035793,4.93367633511074,9.34640646372655,26.5443980453982,0,0,0,0,0,0,0,0,327.285539383299,241.126994230401,233.92006689783,456.148790640306,349.105773489481,355.984035290172,215.313437305917,666.642757993386,12.5748282923488,9.26448481376157,8.97655141574227,17.5001939661113,13.3687477020862,13.6328709209921,8.25302845169007,25.5543538812406,286.363242802264,209.028284913737,273.457863548713,544.093521510991,439.072813282727,439.845800192596,338.709657571176,1049.66332692811,11.0025276551871,8.0312010802247,10.4936843344655,20.8727984647343,16.8165291065993,16.8466258056718,12.9813158896954,40.2296104505614,0,0,42.5260797945875,84.9675219679222,50.0825496624759,49.8127963590679,112.437957404383,319.569891525454,0,0,0,0,0,0,0,0,886.755878660933,405.817295189063,2354.65618460362,2368.04338448821
"317",2016,1695,26.3333333333333,3570.18962102023,2705.17919645585,733.3983388344,1340.94235465683,348.414848360567,359.750174138691,349.722697042301,1038.65411879429,0,0,0,0,0,0,0,0,0,0,1.23121317510214,2.243418803708,0.673065880822603,0.690985296789007,0.684208546594008,2.02704508023785,0,0,0,0,0,0,0,0,4720.25368360916,3270.51078017155,664.63058303714,1220.39047736838,496.83014883685,496.415106727476,1015.40909221925,2958.92286657288,181.359695008867,125.658254274504,25.6241233713339,47.0528953954552,19.1465988024096,19.1313519241172,39.2024400452599,114.23126785861,20315.2138379325,13846.1544272338,3116.01634542423,5537.96327411375,2478.50255574083,2409.70585584106,4312.97529418956,12222.6218320534,780.539335478684,531.99145217853,121.508411792039,216.341563353954,97.4798532594389,94.8235251228902,170.42062651224,483.059918500907,0,0,6.15608776485277,11.0438772393939,5.09096464003414,4.96521747343491,9.37160946915038,26.6463430359202,0,0,0,0,0,0,0,0,327.622739212578,241.169769242701,232.835183518738,453.476219353988,350.499011693821,358.547891361723,215.077581788096,665.996142831649,12.5877841109552,9.26612829695593,8.93492153353704,17.3977398496735,13.4220994407409,13.7311178337322,8.24399304668149,25.5297155129579,286.73779048819,209.13135706425,272.349092229918,540.916801641121,441.147555480505,443.13891976113,338.18244176685,1048.34841382161,11.016918447164,8.03516127572884,10.4511603689156,20.7510632031406,16.896038314322,16.972879277874,12.9611942132901,40.1796417491307,0,0,42.3367596152915,84.3684480620826,50.2599265708021,50.1151495801271,112.952988521058,321.249400258415,0,0,0,0,0,0,0,0,889.905872428368,407.065064383626,2363.39372496707,2374.58790156139
"318",2016,1695,26.4166666666667,3561.84438015565,2698.19168842563,729.03438994727,1334.03372003362,347.92588382037,361.311496692701,347.158676027412,1033.33060452981,0,0,0,0,0,0,0,0,0,0,1.22372374469641,2.2308222368709,0.672139738894126,0.693984527565356,0.679247144589228,2.01682441554831,0,0,0,0,0,0,0,0,4720.55135707058,3268.40883981008,660.872648595104,1212.67625975813,498.195522794553,499.397154010594,1017.26233038015,2967.73148494409,181.371132099285,125.577494364458,25.4793096541658,46.7555025465325,19.1992313641259,19.2462911649895,39.2743686704408,114.572542578553,20322.9229643739,13840.8342197493,3098.43599265419,5503.93575745951,2484.93039489541,2424.50234597464,4324.29896630552,12268.2224708621,780.835575383894,531.787040556058,120.824590881244,215.008667946051,97.734259119146,95.4046567742018,170.874530209421,484.8736337992,0,0,6.12226887146535,10.97439018238,5.10453032845193,4.99578857142172,9.39644009106067,26.7470748596952,0,0,0,0,0,0,0,0,327.940130528796,241.20120940395,231.734974801017,450.806252019088,351.838336286739,361.049646924626,214.898597314647,665.564750876866,12.5999788542623,9.26733627706015,8.89270207555609,17.2953822734737,13.4733817612544,13.8269798205394,8.2371315244924,25.5133065921511,287.116245287891,209.236531574777,271.243260110573,537.777556776107,443.197588370722,446.402233355975,337.683027930127,1047.10090966185,11.0314593555611,8.03920224728962,10.408747496666,20.6307615334439,16.9745965416938,17.0979859494506,12.9421330523638,40.1322426490504,0,0,42.147428890422,83.7753322325878,50.433842280604,50.4108101614388,113.466587401971,322.925808709919,0,0,0,0,0,0,0,0,893.059014171193,408.313025481302,2372.1353590307,2381.13130076455
"319",2016,1695,26.5,3553.67243072548,2691.35689417269,724.804660315374,1327.33640530166,347.405226546131,362.781012581001,344.625421177395,1028.06551904363,0,0,0,0,0,0,0,0,0,0,1.21632186466673,2.21849096709029,0.67115066627589,0.696817599178526,0.67433089204174,2.00666960375419,0,0,0,0,0,0,0,0,4720.69166435072,3266.20200992134,657.17101326493,1205.07109410151,499.505723352215,502.281129095038,1019.00043615446,2976.13364004866,181.376522929363,125.492704431038,25.3366553955206,46.4623033645958,19.2497355808585,19.3574470116006,39.3418499120631,114.898124977014,20330.6314960521,13835.5491225473,3081.19461970185,5470.5163452601,2491.11458589012,2438.85029117755,4335.55502254339,12313.6020103863,781.131791920065,531.583977936746,120.153806880164,213.69940621725,97.979162581596,95.9682814192613,171.3258078308,486.67880692366,0,0,6.08851958587338,10.9056179935875,5.11755577598421,5.0254085909922,9.42090434325949,26.8466071562884,0,0,0,0,0,0,0,0,328.238338567868,241.221578127459,230.623016356745,448.142391266239,353.12509221156,363.488575053935,214.769132625341,665.322628028532,12.6114365448275,9.26811887483492,8.85003037766849,17.1932557749079,13.5226462426305,13.9204290553779,8.23216218140858,25.5041324108067,287.496556911657,209.342508650657,270.13826656817,534.671719998458,445.219181164524,449.631976937096,337.213032653347,1045.93024255013,11.0460716050283,8.04327405471656,10.3663651210781,20.5117374822581,17.0520608272769,17.2218014807823,12.9241941856826,40.0877737322096,0,0,41.9580720036145,83.1880774622035,50.6042653360191,50.6998103947125,113.978658700294,324.598834418094,0,0,0,0,0,0,0,0,896.215116308663,409.561120493563,2380.88008626532,2387.67311347355
"320",2016,1695,26.5833333333333,3545.66828645876,2684.67004434286,720.704511818976,1320.84305542429,346.854828095825,364.162540617589,342.122488205238,1022.85803953004,0,0,0,0,0,0,0,0,0,0,1.20902880451314,2.20643696130903,0.670101385092657,0.699488968552606,0.669461290381865,1.99658709644875,0,0,0,0,0,0,0,0,4720.69361574257,3263.90426283456,653.527031246261,1197.57831590959,500.765155324589,505.073697515493,1020.6341068164,2984.16361116487,181.376597904959,125.404421313477,25.1962135898398,46.1734269242495,19.2982809967922,19.4650762273504,39.4052949267725,115.20933213403,20338.3265857269,13830.2899396106,3064.28430968247,5437.69117557491,2497.0604217421,2452.75928376843,4346.7386341951,12358.74417338,781.427491483243,531.381910994743,119.4957583135,212.413244066474,98.2147660410243,96.5147690596252,171.774270579088,488.474803256348,0,0,6.05493477874582,10.8376313574857,5.1300533333724,5.05409848531241,9.4450093025667,26.9449571778937,0,0,0,0,0,0,0,0,328.518028582382,241.231181988387,229.50255150413,445.48790357537,354.360830023492,365.864493308156,214.682709807982,665.246689668169,12.6221827427136,9.26848786938802,8.80703102788684,17.0914858444269,13.5699523899045,14.0114586500206,8.22883680374498,25.5013082970536,287.876968257744,209.448183287517,269.0325770508,531.596078049343,447.209140242862,452.824759262961,336.773564979187,1044.84375309266,11.0606876849585,8.0473342419736,10.3239543768149,20.3938678340433,17.1283087935096,17.3441958243688,12.9074199531047,40.0465156180136,0,0,41.7686944298098,82.6066091622467,50.7711699714323,50.9821874094467,114.489116346119,326.268220566038,0,0,0,0,0,0,0,0,899.373997454386,410.809292898314,2389.62697903738,2394.21289460161
"321",2016,1695,26.6666666666667,3537.82691855848,2678.12673399834,716.729529783802,1314.54668154141,346.276580630286,365.459777270928,339.649471836122,1017.70744694299,0,0,0,0,0,0,0,0,0,0,1.20186111713061,2.19466830405017,0.668994874531376,0.702003453453619,0.664639556609049,1.98658224637546,0,0,0,0,0,0,0,0,4720.5734814066,3261.52758327042,649.941403447442,1190.19996191593,501.977359994327,507.780480391797,1022.17302351206,2991.8527648792,181.371982151656,125.31310548391,25.05801205647,45.8889523437112,19.3450039956113,19.5693954469103,39.4650759364675,115.507369589643,20345.9973801646,13825.0488964024,3047.69756764325,5405.4471714625,2502.77330336633,2466.23897631078,4357.84567054303,12403.634832544,781.722257082055,531.180541019774,118.850159903119,211.149677699416,98.441276278379,97.044492221481,172.21975672583,490.261071432856,0,0,6.02159147144056,10.7704860687954,5.14203653903471,5.08188030077728,9.46876274472623,27.0421447636615,0,0,0,0,0,0,0,0,328.779889056728,241.230357617924,228.376503261025,442.84579089185,355.547210500046,368.177621713169,214.633612697437,665.316381787784,12.6322439005876,9.26845619462801,8.76381632457653,16.9901878319634,13.6153639670752,14.1000771953945,8.2269363886958,25.5040466229462,288.255974060712,209.552616652143,267.925121858294,528.548127152384,449.164759214091,455.977555936785,336.365310590611,1043.84700320701,11.0752497606923,8.05134673758655,10.2814742452558,20.2770566006643,17.2032367381459,17.4650530036256,12.891836483249,40.0086808024018,0,0,41.5793176396148,82.0308700778912,50.9345360200168,51.2579830627228,114.997882483857,327.93373309522,0,0,0,0,0,0,0,0,902.535482796054,412.057487867924,2398.37518020239,2400.75022499031
"322",2016,1695,26.75,3530.14370301818,2671.72288192668,712.875506370595,1308.44063283411,345.672315771751,366.676298149776,337.206000312128,1012.61311075281,0,0,0,0,0,0,0,0,0,0,1.19483134280198,2.18318981282186,0.667834294234386,0.704366139024164,0.659866659571905,1.97665945544163,0,0,0,0,0,0,0,0,4720.34513480212,3259.08221655129,646.414296967743,1182.9369940919,503.145149312656,510.406196068157,1023.62593850881,2999.22977733456,181.363208709946,125.219150584006,24.9220580314301,45.6089173866922,19.3900129480389,19.6705866098234,39.5215295656206,115.793339836578,20353.6347690231,13819.8194611408,3031.42726907431,5373.7719431472,2508.25869857859,2479.29903818337,4368.87262920979,12448.2618128372,782.015738689518,530.97961705018,118.216740576958,209.908229840876,98.6589028678527,97.5578242699776,172.662128912698,492.037135688673,0,0,5.98855135914857,10.7042250973343,5.15351971562293,5.1087767718158,9.49217295386792,27.1381917709922,0,0,0,0,0,0,0,0,329.024622379884,241.219464193684,227.247491876891,440.218788508001,356.68595760975,370.428502580683,214.616811553236,665.513448117717,12.6416470053535,9.26803765073323,8.72048694756969,16.8894668623421,13.6589471874991,14.1863056782413,8.2262682560223,25.5116478754719,288.632294293787,209.655017878167,266.81522913185,525.525976221548,451.083777266707,459.087694753277,335.988588595857,1042.94398882834,11.0897086515944,8.05528115520407,10.2388989825526,20.1612313080509,17.2767580406611,17.5842705544553,12.8774558703426,39.97442181216,0,0,41.3899761836061,81.4608173081822,51.0943486602527,51.5272436945189,115.504886776316,329.595158840064,0,0,0,0,0,0,0,0,905.699404195915,413.305652367959,2407.12389935997,2407.28471151667
"323",2016,1695,26.8333333333333,3522.61436634059,2665.45468873508,709.138423466113,1302.5185675403,345.043803504054,367.815559570461,334.791729799568,1007.57447336189,0,0,0,0,0,0,0,0,0,0,1.18794874657416,2.17200368429807,0.666622900297229,0.706582277579048,0.655143357158535,1.96682232764959,0,0,0,0,0,0,0,0,4720.02040840837,3256.57692539739,642.94546702167,1175.78952824816,504.270743979674,512.954806395662,1025.00076678541,3006.32086955665,181.350732202606,125.122893291488,24.7883428529323,45.3333272401541,19.4333935081184,19.7688025723351,39.574960344919,116.068251313793,20361.2311245036,13814.596159737,3015.46660700513,5342.65368761,2513.52209989001,2491.94911086854,4379.81656344465,12492.6146842256,782.307643240071,530.778928762589,117.59524142356,208.688445847985,98.8678565360213,98.0551376731826,173.101271333714,493.802587834428,0,0,5.9558634420728,10.6388807281877,5.16451751699774,5.1348108764594,9.5152485215706,27.2331214799885,0,0,0,0,0,0,0,0,329.252935264165,241.198875714165,226.11785223029,437.609361993599,357.778809868286,372.617918362724,214.627885391714,665.821689444231,12.650419210026,9.26724660732388,8.67713262429411,16.7894177143971,13.7007688424501,14.2701743224302,8.22666306976112,25.5234914279214,289.004846536173,209.754725174771,265.70255728681,522.528249523694,452.964336650954,462.152839991511,335.643409317809,1042.13735698904,11.1040227693627,8.059112067764,10.1962155261883,20.046339261776,17.3488015352184,17.7017589262882,12.8642783894882,39.9438395266132,0,0,41.2007146642706,80.8964192387024,51.2505981829268,51.7900198909733,116.010065673534,331.25230355573,0,0,0,0,0,0,0,0,908.865600284338,414.553735255689,2415.87240916066,2413.81598727294
"324",2016,1695,26.9166666666667,3515.23493571393,2659.31859835956,705.514436697981,1296.77442590549,344.392751472419,368.880900440188,332.406339306137,1002.59103593408,0,0,0,0,0,0,0,0,0,0,1.18121998182344,2.16111007319268,0.665363973398445,0.708657201061541,0.650470230441255,1.95707380823218,0,0,0,0,0,0,0,0,4719.60942037672,3254.01922569925,639.534365456179,1168.75703852678,505.355898649405,515.429651423044,1026.30467276853,3013.15003189862,181.334941385191,125.024622378891,24.6568461326645,45.0621623676479,19.4752134162923,19.8641722753853,39.6256440293604,116.333026984442,20368.7800623402,13809.3744059011,2999.8090447081,5312.0810985492,2518.56898714601,2504.19876797396,4390.67501364754,12536.6845651499,782.59772544646,530.578299944265,116.98541386329,207.489890224333,99.0683477078209,98.5368024484122,173.537087082197,495.55707964817,0,0,5.92356640839756,10.5744765118874,5.17504455200986,5.16000546374824,9.53799817148523,27.3269580635836,0,0,0,0,0,0,0,0,329.465530326279,241.168974112022,224.989652789311,435.019708944428,358.82747949078,374.7468190047,214.662948364628,666.226733804488,12.6585875102606,9.26609773886335,8.63383285599966,16.6901248852118,13.7408947291205,14.3517197951404,8.22797201501606,25.5390267280041,289.372720048294,209.851188176425,264.587032248151,519.553995879111,454.804940364884,465.17097414133,335.329528502996,1041.42861131168,11.1181571219581,8.06281832934194,10.1534210857553,19.9323440632473,17.4193098909114,17.8174407839865,12.8522945745694,39.9169910548237,0,0,41.0115850177236,80.3376527769768,51.4032797252006,52.0463662165211,116.513361720429,332.90499005271,0,0,0,0,0,0,0,0,912.033916491489,415.801687353479,2424.62004126006,2420.34371131888
"325",2017,1695,27,3508.09327763946,2653.36545656615,702.072532862789,1291.96366220552,343.821798251598,370.123297062389,329.74300577359,996.56845661078,0,0,0,0,0,0,0,0,0,0,1.17499145356363,2.15193594736698,0.664256108747603,0.711072351404563,0.645307894829826,1.94552877058237,0,0,0,0,0,0,0,0,4719.19707766064,3251.49975581376,636.288609013245,1162.52738317792,506.550749344072,518.18033595647,1027.20778529532,3018.63065329186,181.319098518633,124.927820316832,24.5317280329484,44.8219554839726,19.5212587308441,19.9701694208643,39.6608648067165,116.545776186522,20376.6331032685,13804.49903129,2984.93197264106,5285.17948100694,2524.14672322947,2517.74310565932,4399.82973958503,12575.3308278782,782.899491250016,530.390979580131,116.406107645224,206.43488144004,99.2897700945016,99.0695120387365,173.906216261722,497.099344454352,0,0,5.89341000489257,10.5180104306692,5.18664034692597,5.18785675053046,9.55717701130778,27.4093856857783,0,0,0,0,0,0,0,0,329.669409909903,241.140560012098,223.923924463154,432.742903459632,359.939903719786,377.075964694773,214.548487473558,666.199435791267,12.6664209472122,9.26500602263366,8.59292945554315,16.6028324003063,13.7834584053966,14.440928766138,8.22354537118892,25.5379697743788,289.739812348016,209.949512772123,263.541639154476,516.941111708068,456.738781899546,468.454187874935,334.835139936221,1040.16937003898,11.1322614581894,8.06659611636015,10.1133162794525,19.8322087459871,17.4933845205545,17.9432701456338,12.8333862851381,39.8690199566025,0,0,40.8346428425868,79.8375866477834,51.5675585449802,52.3313838429313,116.987598657261,334.466181454201,0,0,0,0,0,0,0,0,915.203788943599,417.044709037137,2433.36522885603,2426.84307578361
