"","year","sim_id","time","N_1_1_1_1","N_1_1_1_2","N_1_1_2_1","N_1_1_2_2","N_1_1_3_1","N_1_1_3_2","N_1_1_4_1","N_1_1_4_2","N_1_2_1_1","N_1_2_1_2","N_1_2_2_1","N_1_2_2_2","N_1_2_3_1","N_1_2_3_2","N_1_2_4_1","N_1_2_4_2","N_2_1_1_1","N_2_1_1_2","N_2_1_2_1","N_2_1_2_2","N_2_1_3_1","N_2_1_3_2","N_2_1_4_1","N_2_1_4_2","N_2_2_1_1","N_2_2_1_2","N_2_2_2_1","N_2_2_2_2","N_2_2_3_1","N_2_2_3_2","N_2_2_4_1","N_2_2_4_2","N_3_1_1_1","N_3_1_1_2","N_3_1_2_1","N_3_1_2_2","N_3_1_3_1","N_3_1_3_2","N_3_1_4_1","N_3_1_4_2","N_3_2_1_1","N_3_2_1_2","N_3_2_2_1","N_3_2_2_2","N_3_2_3_1","N_3_2_3_2","N_3_2_4_1","N_3_2_4_2","N_4_1_1_1","N_4_1_1_2","N_4_1_2_1","N_4_1_2_2","N_4_1_3_1","N_4_1_3_2","N_4_1_4_1","N_4_1_4_2","N_4_2_1_1","N_4_2_1_2","N_4_2_2_1","N_4_2_2_2","N_4_2_3_1","N_4_2_3_2","N_4_2_4_1","N_4_2_4_2","N_5_1_1_1","N_5_1_1_2","N_5_1_2_1","N_5_1_2_2","N_5_1_3_1","N_5_1_3_2","N_5_1_4_1","N_5_1_4_2","N_5_2_1_1","N_5_2_1_2","N_5_2_2_1","N_5_2_2_2","N_5_2_3_1","N_5_2_3_2","N_5_2_4_1","N_5_2_4_2","N_6_1_1_1","N_6_1_1_2","N_6_1_2_1","N_6_1_2_2","N_6_1_3_1","N_6_1_3_2","N_6_1_4_1","N_6_1_4_2","N_6_2_1_1","N_6_2_1_2","N_6_2_2_1","N_6_2_2_2","N_6_2_3_1","N_6_2_3_2","N_6_2_4_1","N_6_2_4_2","N_7_1_1_1","N_7_1_1_2","N_7_1_2_1","N_7_1_2_2","N_7_1_3_1","N_7_1_3_2","N_7_1_4_1","N_7_1_4_2","N_7_2_1_1","N_7_2_1_2","N_7_2_2_1","N_7_2_2_2","N_7_2_3_1","N_7_2_3_2","N_7_2_4_1","N_7_2_4_2","N_8_1_1_1","N_8_1_1_2","N_8_1_2_1","N_8_1_2_2","N_8_1_3_1","N_8_1_3_2","N_8_1_4_1","N_8_1_4_2","N_8_2_1_1","N_8_2_1_2","N_8_2_2_1","N_8_2_2_2","N_8_2_3_1","N_8_2_3_2","N_8_2_4_1","N_8_2_4_2","HIV_neg_male","HIV_neg_female","HIV_pos_male","HIV_pos_female"
"1",1990,2892,0,7658.40914971315,7695.67195974946,361.324188711633,684.167956337851,150.299463865165,213.77112214787,0,0,0,0,0,0,0,0,0,0,0,0,0.553334409803641,1.06364932082698,0.270904732547211,0.385920218488924,0,0,0,0,0,0,0,0,0,0,2486.79190148621,2519.79275804595,77.4785415768175,146.126097021181,25.1253735125885,35.7249774025854,0,0,95.5465216562718,96.8144673392523,2.98492880393236,5.63002796768205,0.968202564416192,1.37667667369382,0,0,33719.2736244832,34241.760826651,1214.70461811324,2285.52287821334,431.526449023968,611.049868642472,0,0,1295.50624515731,1315.62537776479,47.0177291283265,88.5095501487947,16.8167265168082,23.8204665728562,0,0,0,0,1.86678628863567,3.5626945897118,0.766577057206207,1.08746630784896,0,0,0,0,0,0,0,0,0,0,167.534757513551,169.774703899645,18.3068066472043,34.8438616202935,12.0446521270789,17.1175380196271,0,0,6.43690757101628,6.52301797402395,0.700642359965339,1.33325230446214,0.459017015036186,0.65225979857782,0,0,765.147432951387,776.936736754958,74.1035160028969,144.914245510718,56.6391695730861,81.0712890499201,0,0,29.3979073530684,29.8511663379063,2.83946092679791,5.55175605794328,2.16329476948117,3.09622785990836,0,0,0,0,7.16400537483172,14.444601621845,5.00539489248458,7.25037019551069,0,0,0,0,0,0,0,0,0,0,0,0,0,0
"2",1990,2892,0.0833333333333333,7650.5918475379,7679.95110230613,371.59827526802,703.28503246611,152.512439849753,217.434286374173,0,0,0,0,0,0,0,0,0,0,0,0,0.561781974574639,1.0807067705575,0.274853913236427,0.392493071065586,0,0,0,0,0,0,0,0,0,0,2487.20131265184,2517.52033143824,80.6376830025847,151.979788938629,25.7339665947693,36.6768416127386,0,0,95.5622518879729,96.7271570749892,3.10649383456605,5.85531051148864,0.991652315634394,1.413354085023,0,0,33649.7979636505,34135.0765466854,1259.38281719168,2368.56238097985,441.042683893695,625.983342883058,0,0,1292.83715838142,1311.52638052898,48.7424071024545,91.7172909953695,17.1886694849401,24.40427682245,0,0,0,0,1.90863571378941,3.64540187476229,0.783346048966575,1.11390354127745,0,0,0,0,0,0,0,0,0,0,165.964458180475,168.724425266121,18.7431255426932,35.7604757620896,12.2062460943069,17.4635813222515,0,0,6.37657491369854,6.48266455805077,0.717356818184323,1.36834968632305,0.465163005799772,0.665427118786589,0,0,762.551502384299,773.499273552696,76.1211430353515,148.945916206718,58.0538075494916,83.3092397886577,0,0,29.2981698043082,29.7190933735801,2.91677709677509,5.70620360246086,2.21725449320419,3.18159070451862,0,0,0,0,7.33169225149059,14.8049052887351,5.13961125324564,7.46380208718975,0,0,0,0,0,0,0,0,0,0,1.87098436841992,1.08858571725464,0.373663477229588,0.34993639510741
"3",1990,2892,0.166666666666667,7643.00550839647,7664.54422373964,381.667236819031,722.070420388447,154.810682851418,221.219432677522,0,0,0,0,0,0,0,0,0,0,0,0,0.571612077395536,1.10018529109573,0.278884827693752,0.399193288105285,0,0,0,0,0,0,0,0,0,0,2487.09402583653,2514.73311380582,83.6814995226174,157.6384717046,26.3570163253688,37.6503218737355,0,0,95.5581297569591,96.6200677163189,3.22364617820121,6.07313332856087,1.01565927029889,1.45086478729304,0,0,33581.0501350193,34029.3680355504,1303.24879206872,2450.3109939492,450.955759260322,641.494894001505,0,0,1290.19603401243,1307.46487403039,50.4362470970345,94.8761474916055,17.5759952120261,25.0105353207999,0,0,0,0,1.95630260537285,3.73841880749455,0.800582494777028,1.14106311916078,0,0,0,0,0,0,0,0,0,0,164.535820523231,167.749903748166,19.2253591577913,36.7516492905348,12.3929358109201,17.8354596655362,0,0,6.32168507762799,6.44522185303367,0.735831776819029,1.40630615761016,0.472266007632182,0.679579466025587,0,0,759.916143957485,770.084367499736,78.1474456014896,153.014876715897,59.4863972928498,85.5926233786965,0,0,29.1969173757521,29.5878870919506,2.99442444930597,5.86207600572708,2.2718999149991,3.26868672493549,0,0,0,0,7.5034602241437,15.1739771968361,5.27656324221005,7.68209428955466,0,0,0,0,0,0,0,0,0,0,3.72515850792828,2.17066470295162,0.754396369497952,0.708256111630313
"4",1990,2892,0.25,7635.62279200764,7649.42277686045,391.534627447762,740.528625118196,157.190540326421,225.122084303054,0,0,0,0,0,0,0,0,0,0,0,0,0.582538665949506,1.1215988612131,0.283019600716612,0.406049962469972,0,0,0,0,0,0,0,0,0,0,2486.59538255276,2511.56021575502,86.620732215649,163.121050259058,26.9952167043721,38.6468320134591,0,0,95.5389710845814,96.4981598992062,3.33679577045083,6.28421807368327,1.04025024833416,1.48926330389492,0,0,33512.9424494704,33924.5439526758,1346.3122653717,2530.77913469896,461.252436420949,657.56886487418,0,0,1287.57950298996,1303.43734881297,52.0996068174095,97.9864949252381,17.9782015846976,25.6386502104759,0,0,0,0,2.00854294017492,3.83961515637139,0.818370022179041,1.16905639982313,0,0,0,0,0,0,0,0,0,0,163.233872432538,166.84262251469,19.7420869547752,37.798867897041,12.6021944013965,18.2314331057641,0,0,6.27166281463931,6.41036262858485,0.755628486203827,1.44641018723071,0.48022974540897,0.694650537647213,0,0,757.242785702684,766.686750628096,80.1877244483614,157.129022775499,60.9398370992837,87.9238808293129,0,0,29.0942049348306,29.4573450891541,3.07260622197172,6.01967611954736,2.32734150508139,3.35760893849063,0,0,0,0,7.68006932403759,15.5531729115112,5.41633557133109,7.90538178935393,0,0,0,0,0,0,0,0,0,0,5.56402636497214,3.2466962101306,1.14296452777636,1.07553479180241
"5",1990,2892,0.333333333333333,7628.4204256987,7634.56240549593,401.203930731407,758.664095780095,159.648499774034,229.137922871555,0,0,0,0,0,0,0,0,0,0,0,0,0.594324586847229,1.14454255372838,0.287273196727448,0.413082995604593,0,0,0,0,0,0,0,0,0,0,2485.80933768262,2508.10848631459,89.4652073808225,168.444794108199,27.6491036718216,39.6675107680324,0,0,95.508769983652,96.3655389342053,3.44631774557026,6.48922414581667,1.06544596032633,1.52859354735854,0,0,33445.4023751249,33820.5286904224,1388.5831875698,2609.97780335234,471.919828838348,674.189974151973,0,0,1284.9847786051,1299.44089990575,53.7328530726791,101.04873137369,18.3947996745801,26.2880436696553,0,0,0,0,2.06433187949522,3.94722759633651,0.836763447626228,1.19795767351084,0,0,0,0,0,0,0,0,0,0,162.045494605679,165.995296309122,20.2841510321024,38.8872458537614,12.8318453495692,18.6499804701646,0,0,6.2260040639707,6.37780697338923,0.776395175254589,1.48808977753746,0.488971244164298,0.710582310939739,0,0,754.533286345734,763.302294894769,82.2454959673767,161.293405954916,62.4166790674182,90.305269723272,0,0,28.9901038966199,29.3273087590943,3.15145711089119,6.17919749562392,2.3836765575082,3.44844339137125,0,0,0,0,7.86207735261621,15.9435047185991,5.5590311721286,8.13382414069389,0,0,0,0,0,0,0,0,0,0,7.38893383302997,4.3170885240808,1.54000222803054,1.45224765377345
"6",1990,2892,0.416666666666667,7621.37851208626,7619.9422295729,410.678564608567,776.481229574766,162.181176129541,233.262772749865,0,0,0,0,0,0,0,0,0,0,0,0,0.606773133972391,1.16867881002063,0.291655108493304,0.420305226115366,0,0,0,0,0,0,0,0,0,0,2484.82215131061,2504.46637435662,92.2238860791079,173.625434861444,28.3190931712005,40.7132834792526,0,0,95.4708407045613,96.2256031684264,3.55255430034984,6.68875237032816,1.09126247580205,1.56889119584993,0,0,33378.369915212,33717.2596366579,1430.07170656592,2687.91852540638,482.945384588304,691.343293247334,0,0,1282.40955575635,1295.47312164653,55.3363606113385,104.063275518708,18.8253130662221,26.9581510259318,0,0,0,0,2.12282482470272,4.05979577803029,0.855795908398818,1.22781317596665,0,0,0,0,0,0,0,0,0,0,160.9591643646,165.20167530951,20.8442292177563,40.0048543827762,13.0800141111098,19.0897735886071,0,0,6.18426610938109,6.34731475919492,0.797850632108689,1.53088662410389,0.498419002321454,0.727324080052368,0,0,751.789796300085,759.92779381296,84.3228901530455,165.510860042574,63.9191648026985,92.7388667907663,0,0,28.884696883076,29.1976549033589,3.23105856801284,6.34074847314784,2.44099053637262,3.5412692395641,0,0,0,0,8.04987818306464,16.3457046439883,5.70476435616687,8.36759666563272,0,0,0,0,0,0,0,0,0,0,9.20108857404459,5.38220644908897,1.94603663085775,1.8387887197309
"7",1990,2892,0.5,7614.4799467509,7605.54424405599,419.961886545237,793.98437607344,164.785299497932,237.492586027852,0,0,0,0,0,0,0,0,0,0,0,0,0.619720968516767,1.1937258761947,0.296170670659136,0.427724094160311,0,0,0,0,0,0,0,0,0,0,2483.70548329893,2500.70716181066,94.9049262511974,178.677282325829,29.0055101533602,41.7849100355443,0,0,95.4279365338113,96.0811682107935,3.65581704342168,6.88334939767503,1.11771234286766,1.61018554075093,0,0,33311.7954106632,33614.6848829317,1470.78814016666,2764.61329670564,494.316865584707,709.014220653377,0,0,1279.85192652375,1291.53201962618,56.9105110585998,107.030564530259,19.2692770667378,27.6484197753485,0,0,0,0,2.18332502962859,4.17610887040135,0.875484328959451,1.25864803430639,0,0,0,0,0,0,0,0,0,0,159.964730377964,164.456378086142,21.4164831985719,41.1421645090496,13.3450849665487,19.5496534078664,0,0,6.14605892364619,6.31867922277704,0.819770673272701,1.57443468419862,0.508511359699296,0.744831559311856,0,0,749.0146516863,756.560783080731,86.4209683315356,169.782503852064,65.4492598552564,95.2265751821788,0,0,28.778073651162,29.0682888394813,3.31145101240724,6.50437151112482,2.49935837864535,3.63615901453094,0,0,0,0,8.24373327621461,16.7602766528383,5.85365575701351,8.60688389438273,0,0,0,0,0,0,0,0,0,0,11.0015778880769,6.44237780592675,2.36150808108077,2.23548672277325
"8",1990,2892,0.583333333333333,7607.70999693924,7591.35288447877,429.057196034144,811.177838590017,167.457707024886,241.823432401677,0,0,0,0,0,0,0,0,0,0,0,0,0.633032987877432,1.21944940499456,0.300821986121386,0.435342818844129,0,0,0,0,0,0,0,0,0,0,2482.51863502658,2496.89130477742,97.5157317212967,183.613314947532,29.7086087183928,42.8830185259104,0,0,95.3823359252165,95.9345568813752,3.75638885004709,7.07351113199268,1.1448053661778,1.65250078413474,0,0,33245.6379476518,33512.7615641446,1510.74295128385,2840.07453705265,506.022335933242,727.188466962893,0,0,1277.31031898547,1287.61594689602,58.4556919649148,109.951052289756,19.7262382606895,28.3583090062503,0,0,0,0,2.24526019186064,4.2951668407699,0.895833240007843,1.29047113584457,0,0,0,0,0,0,0,0,0,0,159.053249005954,163.754770540385,21.9963039774892,42.2916425743682,13.6256691448806,20.0286122994437,0,0,6.11103888068952,6.29172231457369,0.841978356435622,1.61844461924951,0.519195291010896,0.763066218194954,0,0,746.210298022511,753.199411081781,88.5399519172499,174.108104803507,67.0086792845875,97.7701300687596,0,0,28.6703281609607,28.93913942537,3.39264262159817,6.67005716697825,2.55884546222154,3.73317882904784,0,0,0,0,8.44379456680158,17.1875346127983,6.00582872785215,8.85187486210678,0,0,0,0,0,0,0,0,0,0,12.791381692343,7.49789812909315,2.78678485100593,2.64261667927532
"9",1990,2892,0.666666666666667,7601.05590682451,7577.35462055364,437.967736509702,828.065874198089,170.195334484186,246.251488874681,0,0,0,0,0,0,0,0,0,0,0,0,0.646597520057805,1.24565455979836,0.305608746204396,0.443161444165082,0,0,0,0,0,0,0,0,0,0,2481.31064563789,2493.06861881933,100.063012587931,188.445289556046,30.4285904210015,44.0081362061094,0,0,95.3359230411233,95.7876831737436,3.85452615389357,7.25968690029675,1.17254931414569,1.69585723282721,0,0,33179.8638687882,33411.4543092089,1549.94671996597,2914.31503651892,518.050148230538,745.852038220561,0,0,1274.78344001686,1283.72354443962,59.9722957285106,112.825207327699,20.1957539900462,29.0872887639456,0,0,0,0,2.30816063829432,4.41614423995517,0.916838126893984,1.32327941071331,0,0,0,0,0,0,0,0,0,0,158.216824804927,163.092850993888,22.5800768092429,43.4473751754729,13.920573475158,20.5257759152327,0,0,6.07890262754343,6.26629028362869,0.864334943112397,1.66268937047041,0.530425218086308,0.781994597521155,0,0,743.379225568716,749.842320500768,90.6794273276196,178.486405485716,68.5989137972821,100.371106394309,0,0,28.5615560915406,28.810154510777,3.47461720585998,6.83775665080684,2.61950859743019,3.83238866696541,0,0,0,0,8.65012561696018,17.6276375659099,6.16140631160006,9.10275911861984,0,0,0,0,0,0,0,0,0,0,14.5713853995023,8.54903518539635,3.22217678565108,3.06041055347129
"10",1990,2892,0.75,7594.50655200729,7563.53760056857,446.696696925633,844.652693517643,172.99520887884,250.773030766225,0,0,0,0,0,0,0,0,0,0,0,0,0.660322121798389,1.27217907861738,0.310528899131337,0.451177696369645,0,0,0,0,0,0,0,0,0,0,2480.12212674262,2489.28019122255,102.552845710268,193.183849849996,31.1656184861849,45.1607141724712,0,0,95.2902582445244,95.6421257271382,3.95046124408053,7.44228357594301,1.20095046876433,1.74027225052317,0,0,33114.4454698206,33310.7338852925,1588.41011551334,2987.34790245902,530.388931905079,764.991222128672,0,0,1272.27022521683,1279.85368908246,61.4607185216096,115.653510789305,20.677391912951,29.8348395253609,0,0,0,0,2.37164037219852,4.53835859559314,0.93848811211102,1.35706128402601,0,0,0,0,0,0,0,0,0,0,157.448466442335,162.467148559642,23.1649787982685,44.6047443858126,14.2287717865457,21.0403863242086,0,0,6.04938154839561,6.24224977284456,0.886732118258573,1.70699167029254,0.542161925022655,0.801587672522302,0,0,740.523917264078,746.488546000544,92.8385183397205,182.915400070532,70.2212548576274,103.030928089572,0,0,28.4518528406571,28.6812970058913,3.5573408304391,7.00739245039855,2.68139698129429,3.93384273090902,0,0,0,0,8.86271994512833,18.0806204576683,6.32050887649712,9.35972356820884,0,0,0,0,0,0,0,0,0,0,16.3423916994111,9.59603300121796,3.6679471272294,3.48906647651048
"11",1990,2892,0.833333333333333,7588.05221681727,7549.89142243321,455.247212558814,860.942460034248,175.854443455653,255.38442574297,0,0,0,0,0,0,0,0,0,0,0,0,0.674130873920982,1.29888877805922,0.315579031998445,0.459387478360926,0,0,0,0,0,0,0,0,0,0,2478.98644397686,2485.55961127075,104.990723408538,197.838612587622,31.9198254808221,46.3411413015659,0,0,95.2466234965147,95.4991750955531,4.04440411684433,7.62166885775363,1.23001392286091,1.78576079628716,0,0,33049.3601601392,33210.5763257112,1626.14387446964,3059.18651779935,543.027585326925,784.592579197012,0,0,1269.76980665382,1276.00545998406,62.9213594424235,118.436454832617,21.1707297068597,30.6004518638353,0,0,0,0,2.43538499133194,4.66125012544919,0.96076744477062,1.39179861186819,0,0,0,0,0,0,0,0,0,0,156.74198860756,161.874656401464,23.7488519951368,45.7602223932352,14.5493851592505,21.5717898806831,0,0,6.02223799586591,6.21948525470463,0.90908711312537,1.75121614735424,0.554371807966131,0.821820393284596,0,0,737.646820606272,743.13745004004,95.0159892384139,187.392501245813,71.8768131815291,105.750876599499,0,0,28.3413124443306,28.5525424153573,3.64076577781186,7.17886474672871,2.74455290189224,4.03758976653284,0,0,0,0,9.08151262975924,18.5464137641914,6.48325289219405,9.62295078331068,0,0,0,0,0,0,0,0,0,0,18.1051287496954,10.6391145463266,4.12431999619407,3.92875454819119
"12",1990,2892,0.916666666666667,7581.68433818687,7536.40687073558,463.622365408339,876.939288336916,178.770231861467,260.08212677536,0,0,0,0,0,0,0,0,0,0,0,0,0.687961262734489,1.32567238204204,0.320754830443501,0.467785461734165,0,0,0,0,0,0,0,0,0,0,2477.93107517774,2481.9343827463,107.381610102015,202.418268504455,32.6913235370012,47.5497623103611,0,0,95.2060745395395,95.3598880182896,4.13654462979324,7.79817511098191,1.25974397561578,1.83233612159103,0,0,32984.5894978429,33110.9619285533,1663.15877467699,3129.84449169659,555.955266214628,804.642931794614,0,0,1267.28147579234,1272.17810016356,64.3546195151058,121.1745407327,21.6753547070317,31.3836260338178,0,0,0,0,2.49913770769451,4.78435832350677,0.983657320281635,1.42746903240736,0,0,0,0,0,0,0,0,0,0,156.091900076379,161.312755096024,24.3300561248633,46.9111340177407,14.8816594600865,22.1194233382214,0,0,5.99726099028575,6.197896086719,0.931337044651237,1.79526019560907,0.567026022225209,0.842671159201957,0,0,734.75031466784,739.788649349637,97.2103652128658,191.914733980317,73.5665390184647,108.53209954765,0,0,28.2300263095844,28.4238760133401,3.72483517308259,7.35205886155292,2.8090125102926,4.14367339135932,0,0,0,0,9.30639374121319,19.0248661461274,6.64974940934574,9.89261693281205,0,0,0,0,0,0,0,0,0,0,19.8602594919196,11.6784848106517,4.59148902922816,4.37962353726276
"13",1991,2892,1,7575.06996529388,7522.54518970242,472.130227237905,893.181065586187,181.738436772926,264.866366242363,0,0,0,0,0,0,0,0,0,0,0,0,0.701764223976489,1.35245582682667,0.32604849908731,0.476371672989795,0,0,0,0,0,0,0,0,0,0,2476.90153741797,2478.302728356,109.803643524747,207.058559919797,33.4799700500657,48.7875979008128,0,0,95.1665180524036,95.2203540489843,4.22988420558764,7.97701667079374,1.29013510012999,1.88003751575943,0,0,32919.0643088082,33010.1694718081,1700.47097946432,3201.09088342695,569.157119072304,825.141100721163,0,0,1264.76415441632,1268.30547742459,65.7995263123213,123.935725150253,22.1906969987141,32.1843293472669,0,0,0,0,2.56269708253209,4.90736967437459,1.00712832018389,1.46406681912144,0,0,0,0,0,0,0,0,0,0,155.484148131599,160.772091219035,24.9133437367118,48.0675514719425,15.2245494298449,22.683681543061,0,0,5.97391060734985,6.17712289527096,0.953664692345002,1.83951084426421,0.580084637645289,0.86415487740306,0,0,731.815294581667,736.407495798644,99.4402826677106,196.515612525502,75.2905979986516,111.377120078689,0,0,28.117260403539,28.2939665626455,3.81026490947571,7.52826197732908,2.87478199053393,4.25218971933671,0,0,0,0,9.53717991552092,19.5158965190636,6.82004501392058,10.1690265830687,0,0,0,0,0,0,0,0,0,0,21.6112789184482,12.7101508533641,5.07044096289501,4.83993348362148
"14",1991,2892,1.08333333333333,7565.63136056291,7504.10759202375,483.169362316177,913.870599057152,184.762133292691,269.78569263694,0,0,0,0,0,0,0,0,0,0,0,0,0.715973540135052,1.38009792506961,0.331434472928738,0.485193205448635,0,0,0,0,0,0,0,0,0,0,2475.30354951272,2473.69471805608,112.832778111263,212.761354296131,34.2879582049046,50.0658976237511,0,0,95.1051208016309,95.0433069242729,4.34655566229919,8.19669506026083,1.32127129551126,1.92929781374322,0,0,32844.407946599,32894.6732706468,1746.00054820493,3286.76808006415,582.643571429408,846.240978957482,0,0,1261.89600737461,1263.86791259478,67.5604099339421,127.2519993061,22.7171364817958,33.0085307160887,0,0,0,0,2.62757204112343,5.03327506739,1.03109673906751,1.50173344159277,0,0,0,0,0,0,0,0,0,0,154.843628470516,160.194221185569,25.5552818554596,49.3403409647607,15.5749125501034,23.2713166399164,0,0,5.94930123520003,6.15492018392925,0.978243882532252,1.88822680959713,0.593427992605257,0.886528879802035,0,0,728.672288976254,732.721027175452,101.866905289945,201.488647882185,77.045026869213,114.300534254289,0,0,27.9965034230329,28.1523264138508,3.90324737347175,7.71874974863955,2.94171021447181,4.36369613006457,0,0,0,0,9.77343958917972,20.0204244746819,6.99372036462847,10.4533891767038,0,0,0,0,0,0,0,0,0,0,23.3812147849319,13.700844128976,5.56810947445126,5.29491449070025
"15",1991,2892,1.16666666666667,7556.29583678603,7485.87342022935,493.976409005203,934.176230974604,187.865890510844,274.823274128647,0,0,0,0,0,0,0,0,0,0,0,0,0.730811655452589,1.40885929404382,0.336947819939067,0.494208021670759,0,0,0,0,0,0,0,0,0,0,2473.85469956973,2469.25098005887,115.801081500076,218.368383024338,35.1210222934155,51.3834117432846,0,0,95.0494536698649,94.8725714041308,4.46089845496981,8.41271006769785,1.35337330672704,1.98006855562206,0,0,32770.0895001465,32779.8117792785,1790.64893271209,3371.00304079179,596.492116176134,867.892400958554,0,0,1259.04084197891,1259.45473444829,69.2877499381525,130.51349811746,23.257681606184,33.8542577700572,0,0,0,0,2.6945291584185,5.16294032371659,1.05567136485997,1.54034315725325,0,0,0,0,0,0,0,0,0,0,154.251207435435,159.641119155284,26.207169568009,50.6295827651077,15.9368964780472,23.8751312528159,0,0,5.92653987285256,6.13366909938022,1.00320295216964,1.93757015101049,0.607214276971386,0.909519182216197,0,0,725.513302694475,729.038839501925,104.309778339855,206.507749650051,78.837252999577,117.292279752495,0,0,27.8751324341475,28.0108507466895,3.9968487282589,7.91099417007043,3.01008088213313,4.47780850193137,0,0,0,0,10.0157667785426,20.5377644671146,7.17142355406521,10.744744608022,0,0,0,0,0,0,0,0,0,0,25.1441224835096,14.6880473686305,6.07785426729954,5.7617824103369
"16",1991,2892,1.25,7547.05465590811,7467.83311141227,504.555470205634,954.103452023139,191.046032089612,279.974533794479,0,0,0,0,0,0,0,0,0,0,0,0,0.746110645292115,1.43845228919344,0.342595078110629,0.503424854102205,0,0,0,0,0,0,0,0,0,0,2472.57773809522,2464.99387674843,118.714600393912,223.890071315769,35.9789077158032,52.7400975618637,0,0,95.0003907679368,94.7090066871151,4.5731435483208,8.62545994789996,1.38643146066195,2.03234826332283,0,0,32696.0943516486,32665.568718362,1834.42914447761,3453.81230322785,610.689767075673,890.07974368281,0,0,1256.19809662112,1255.06531750487,70.9820304019346,133.720831064664,23.8118384239561,34.7209183813371,0,0,0,0,2.76295751591891,5.2953174494202,1.08087225577701,1.57992374310915,0,0,0,0,0,0,0,0,0,0,153.703034032856,159.111300306892,26.8651361531893,51.9290668493531,16.3104890791394,24.4955395912451,0,0,5.90547856037927,6.11331259237984,1.02839315827508,1.98730216278887,0.621443075634722,0.933141628930978,0,0,722.339625056258,725.359985522669,106.768965573969,211.572420987466,80.6679183243455,120.353118923146,0,0,27.753196974309,27.8695031660754,4.09107127669092,8.10497590073901,3.07991838710819,4.59455576667781,0,0,0,0,10.2643220261104,21.0682218696587,7.35325772701369,11.0432626840107,0,0,0,0,0,0,0,0,0,0,26.9005283812967,15.6719087883885,6.59995241630716,6.24075856359334
"17",1991,2892,1.33333333333333,7537.90016488143,7449.97822018021,514.910564738881,973.657663175946,194.298981792123,285.234998694251,0,0,0,0,0,0,0,0,0,0,0,0,0.761731937158086,1.46863815963711,0.348379177174047,0.512847785808639,0,0,0,0,0,0,0,0,0,0,2471.49029938426,2460.94052480369,121.578803704622,229.335841471996,36.8613760865092,54.1359093694678,0,0,94.9586096336629,94.5532704234025,4.68349988580994,8.83530471766468,1.42043667976537,2.08613530892294,0,0,32622.4113980513,32551.9313986812,1877.35424131515,3535.21266055323,625.223824947528,912.787666707484,0,0,1253.36734473186,1250.69917422279,72.6437375752748,136.874617935236,24.3791236562819,35.6079308393334,0,0,0,0,2.83235666994831,5.4295428994232,1.1067068665867,1.62048679283131,0,0,0,0,0,0,0,0,0,0,153.195700388068,158.60349203705,27.5261558414641,53.2339300849277,16.6956175817316,25.1328268252834,0,0,5.8859863630547,6.09380176743995,1.05369826611802,2.03723597448364,0.636111623640465,0.95740709908359,0,0,719.15264612915,721.683860520773,109.243982162188,216.681297201268,82.5376542652266,123.483863500665,0,0,27.6307504517839,27.7282604378042,4.18589624649475,8.30064224868377,3.15124672854047,4.71396874521425,0,0,0,0,10.5191702474227,21.6119379426344,7.53932829860603,11.3491165834993,0,0,0,0,0,0,0,0,0,0,28.650917281252,16.6525680602618,7.13464937108961,6.73204082692699
"18",1991,2892,1.41666666666667,7528.82559980863,7432.30121839816,525.045628747087,992.844175812658,197.621258682891,290.600294144359,0,0,0,0,0,0,0,0,0,0,0,0,0.777561234928338,1.49921878902626,0.354300360068206,0.522477409971079,0,0,0,0,0,0,0,0,0,0,2470.60589505128,2457.10382152412,124.398634475718,234.714205430328,37.7682121879027,55.5708122127706,0,0,94.9246294048778,94.4058581478633,4.7921563636839,9.04256967757917,1.45538075412453,2.14142844944878,0,0,32549.032354597,32438.8900034164,1919.43729583979,3615.2211047797,640.081874713382,936.001109342816,0,0,1250.54826802228,1246.35592742252,74.2733586721151,139.975486652353,24.9590645845284,36.514723740971,0,0,0,0,2.90231696938359,5.56490543866705,1.13317344122833,1.66203197518704,0,0,0,0,0,0,0,0,0,0,152.726181318485,158.116595074378,28.1878802886151,54.5403941142315,17.0921689483346,25.7871811180168,0,0,5.86794704967874,6.07509438876643,1.07902809951435,2.08722645669598,0.651215594675951,0.982322741636206,0,0,715.953811262603,718.010132154791,111.733940114441,221.832373230277,84.4470614423061,126.685338746381,0,0,27.507848398835,27.5871097927771,4.28128938534375,8.49791592636488,3.22408872961743,4.83607877088573,0,0,0,0,10.7803000149501,22.1689214696776,7.72973985309658,11.6624788389263,0,0,0,0,0,0,0,0,0,0,30.3957370988982,17.6301575131293,7.68216502235565,7.2358085731169
"19",1991,2892,1.5,7519.82491102417,7414.79531597422,534.964519899725,1011.66821545146,201.009470187529,296.066135895946,0,0,0,0,0,0,0,0,0,0,0,0,0.793503911366422,1.53002913136431,0.360356918890309,0.532311763889499,0,0,0,0,0,0,0,0,0,0,2469.9347846498,2453.49334298812,127.178569845792,240.032869845124,38.6992264949475,57.044789377138,0,0,94.8988442700337,94.2671377887438,4.89928411279557,9.24754941334013,1.49125644311615,2.19822711994699,0,0,32475.951147105,32326.4369627166,1960.69137109331,3693.85477709509,655.251773564334,959.70527897106,0,0,1247.74063313506,1242.03528625682,75.871380921858,143.024071356115,25.5511986108063,37.4407355576716,0,0,0,0,2.97250189212458,5.70081705278744,1.16026366664104,1.70455039388045,0,0,0,0,0,0,0,0,0,0,152.291775611069,157.649649238875,28.8484927852477,55.8455352611173,17.5000052840849,26.4587200007139,0,0,5.85125683637454,6.05715356468087,1.10431292970618,2.13716136282901,0.666749697451177,1.00789299148383,0,0,712.744587048999,714.338679336661,114.237666543159,227.023190092081,86.3966976728789,129.958358290395,0,0,27.3845471639029,27.4460465785916,4.37720550905232,8.6967022239458,3.29846557522764,4.96091672445117,0,0,0,0,11.047640407055,22.7390767547915,7.92459404770247,11.9835185709365,0,0,0,0,0,0,0,0,0,0,32.1354037305342,18.6048032655797,8.24269912167646,7.75222699060069
"20",1991,2892,1.58333333333333,7510.89266429024,7397.45435983376,544.671018186057,1030.13492199763,204.460309719392,301.628327281566,0,0,0,0,0,0,0,0,0,0,0,0,0.809482380492055,1.56093289103824,0.366545606635024,0.542346853434939,0,0,0,0,0,0,0,0,0,0,2469.48447367918,2450.11585859241,129.922653658661,245.298792876749,39.65425588932,58.5578457576099,0,0,94.8815426024192,94.1373694370916,5.00503773888035,9.45050995707815,1.52805750572344,2.25653156649832,0,0,32403.1635630726,32214.566594222,2001.12950164749,3771.13093446253,670.721650602745,983.885651133749,0,0,1244.9442782395,1237.73703239897,77.438290845419,146.021011126587,26.1550732464941,38.3854146382123,0,0,0,0,3.04263799577582,5.83679637046717,1.18796414018221,1.74802645365362,0,0,0,0,0,0,0,0,0,0,151.890073586025,157.201814324031,29.5066249951948,57.1471525419851,17.9189725717708,27.1475056538719,0,0,5.83582314034129,6.03994701308074,1.12950027130056,2.18695624848013,0.682708013676586,1.03412015800993,0,0,709.526440716577,710.66955668573,116.753772696369,232.250944600854,88.3870708253395,133.303708858911,0,0,27.2609031198589,27.3050728938072,4.47359115640902,8.89689323058549,3.37439653716623,5.08851244882737,0,0,0,0,11.3210708370461,23.3222199305741,8.12398830833529,12.3123997376694,0,0,0,0,0,0,0,0,0,0,33.8703036715551,19.5766258190301,8.8164344378901,8.28144962207073
"21",1991,2892,1.66666666666667,7502.02392427684,7380.27271502087,554.168827874715,1048.24935082091,207.970552216134,307.282754163764,0,0,0,0,0,0,0,0,0,0,0,0,0.825432976221088,1.59181737922306,0.372862107330108,0.552577252086667,0,0,0,0,0,0,0,0,0,0,2469.26029234399,2446.97592646902,132.634542856655,250.518265314647,40.6331648160979,60.1100124146306,0,0,94.8729291970173,94.0167282236278,5.10955708909407,9.6516918780982,1.56577874821994,2.31634302520297,0,0,32330.6668476533,32103.2746886818,2040.76467280779,3847.06690903439,686.479900129499,1008.52796322106,0,0,1242.15909750871,1233.46100412155,78.9745734496665,148.966948419884,26.7702458641768,39.3482189749638,0,0,0,0,3.11250300974497,5.97244898075037,1.21625804559224,1.79243999043282,0,0,0,0,0,0,0,0,0,0,151.518916691115,156.772347452868,30.16125970533,58.4436133972834,18.3489100288406,27.8535617453518,0,0,5.82156302741263,6.02344619142178,1.15455113987354,2.2365485332082,0.699084360396497,1.06100507372908,0,0,706.300819143422,707.002954145343,119.280730597558,237.512610762715,90.4186320836169,136.72213448188,0,0,27.1369718576972,27.16419603635,4.57038753629223,9.09837250457976,3.45189871496893,5.21889414407897,0,0,0,0,11.6004324294789,23.9180979436281,8.32801453055415,12.6492793834185,0,0,0,0,0,0,0,0,0,0,35.6007974121593,20.5457408050951,9.40354042798365,8.82362127528009
"22",1991,2892,1.75,7493.21416586567,7363.24517414756,563.461579194097,1066.01647382614,211.537050668735,313.025381087627,0,0,0,0,0,0,0,0,0,0,0,0,0.841303534092991,1.62258950532588,0.379301365415268,0.562996524088623,0,0,0,0,0,0,0,0,0,0,2469.26583443351,2444.07634513827,135.317546731396,255.696978623319,41.6358446137822,61.7013479991261,0,0,94.8731421329593,93.9053216719792,5.21296874666066,9.8513128753019,1.60441600106875,2.37766378020126,0,0,32258.4593975978,31992.5581962143,2079.60980304226,3921.68007408306,702.515176736761,1033.61821032452,0,0,1239.38502936062,1229.20708424201,80.4807115470676,151.862527756236,27.3962835179415,40.328616052155,0,0,0,0,3.1819166838941,6.10745221774553,1.24512630121288,1.83776774382862,0,0,0,0,0,0,0,0,0,0,151.176365267154,156.360586043461,30.8116576341879,59.7337367464262,18.7896563180097,28.5768856356672,0,0,5.80840197356402,6.00762564222601,1.17943723610172,2.28589300006978,0.71587253051418,1.08854756420995,0,0,703.069134560739,703.339166209041,121.816928459634,242.805028423665,92.4917727758662,140.214326408293,0,0,27.0128076372371,27.0234273211331,4.66753265791277,9.3010184827679,3.53098691417714,5.35208798185953,0,0,0,0,11.8855367281472,24.5264032020335,8.53675826349536,12.9943064948162,0,0,0,0,0,0,0,0,0,0,37.3272222105028,21.5122595526166,10.0041760612655,9.37888023766741
"23",1991,2892,1.83333333333333,7484.45921109912,7346.36689302529,572.552829809057,1083.44118050673,215.156733371946,318.852248320236,0,0,0,0,0,0,0,0,0,0,0,0,0.857051634914533,1.6531728463326,0.385857796151007,0.573597497526395,0,0,0,0,0,0,0,0,0,0,2469.50326693548,2441.41847192629,137.974658995132,260.84008018549,42.6622118552131,63.3319382100679,0,0,94.8822646693797,93.8032019327859,5.3153872524115,10.0495698821489,1.64396605716026,2.44049714532689,0,0,32186.5405457688,31882.4150057969,2117.67773028388,3994.98781705634,718.816391155587,1059.14264199767,0,0,1236.62204817888,1224.97519165037,81.9571852242433,154.708394681471,28.0327627922035,41.3260827288587,0,0,0,0,3.25073420229393,6.24154413811436,1.27454827300299,1.88398428188994,0,0,0,0,0,0,0,0,0,0,150.860674113914,155.96593582265,31.4573062263097,61.0167105365201,19.2410531339929,29.317456421594,0,0,5.79627292612253,5.99246253254934,1.20413897624028,2.33495862337617,0.733066431796138,1.11674675761032,0,0,699.832756218032,699.678570233213,124.36070708173,248.124962124023,94.6068238916058,143.780917780613,0,0,26.8884630668894,26.8827812467938,4.76496272944257,9.50470674330234,3.61167362816982,5.48811790261366,0,0,0,0,12.1761718997553,25.1467841151469,8.75029829584847,13.3476213756261,0,0,0,0,0,0,0,0,0,0,39.0498942606107,22.4762894965505,10.6184918418378,9.94735983743001
"24",1991,2892,1.91666666666667,7475.75516889173,7329.63332927337,581.446066101075,1100.52827863001,218.826601152007,324.759468864259,0,0,0,0,0,0,0,0,0,0,0,0,0.872642921575486,1.68350484018229,0.392525489801703,0.584372528363081,0,0,0,0,0,0,0,0,0,0,2469.97362529797,2439.00252586219,140.608590016813,265.952229086668,43.7122072280933,65.0018959714235,0,0,94.9003365898492,93.7103774214964,5.41691633302911,10.2466411929998,1.68442663062331,2.5048474731982,0,0,32114.9103557177,31772.8437356312,2154.98119824439,4067.00751244258,735.37270574586,1085.08775859517,0,0,1233.87015642039,1220.76527325463,83.40447131049,157.505194720494,28.679269637034,42.340105106053,0,0,0,0,3.31883986353052,6.37451295397276,1.30450247318905,1.93106290277802,0,0,0,0,0,0,0,0,0,0,150.570268841574,155.587859307505,32.0978705454151,62.292012798496,19.7029485217982,30.0752423724778,0,0,5.78511539515852,5.97793621142074,1.22864360314142,2.3837255311242,0.750660215628079,1.1456013709992,0,0,696.593002884798,696.02160600197,126.910394263063,253.469156485288,96.764055574133,147.422478530429,0,0,26.7639888155617,26.7422747105428,4.86261348057286,9.70931213531759,3.69396901903979,5.62700542126074,0,0,0,0,12.4721086663405,25.77885517175,8.96870626007218,13.7093550490518,0,0,0,0,0,0,0,0,0,0,40.769110801249,23.4379345753807,11.2466317390028,10.5291899326563
"25",1992,2892,2,7466.03226847549,7310.91385660811,591.632368757027,1119.77507458729,222.525124088101,330.7002490795,0,0,0,0,0,0,0,0,0,0,0,0,0.888113089111562,1.71359374427598,0.399258044192284,0.595227411445452,0,0,0,0,0,0,0,0,0,0,2470.32345277983,2436.23245953379,143.557893363523,271.591747727538,44.7819278749269,66.7024721585604,0,0,94.9137775211358,93.6039470433544,5.53056361480926,10.4639773295495,1.72564724574197,2.57037752086687,0,0,32039.0589331995,31656.0693343432,2196.06850921974,4145.25182525766,752.109419429698,1111.29427908009,0,0,1230.956081769,1216.27859872775,84.9972873710636,160.541484660556,29.332891715348,43.3644707947532,0,0,0,0,3.38632593922227,6.50631197036892,1.33483244011667,1.97868978627728,0,0,0,0,0,0,0,0,0,0,150.253696030126,155.139456772606,32.7606364066987,63.6022776144955,20.1692987329293,30.8372176391078,0,0,5.77295247009058,5.96070785148073,1.25400028337242,2.43383406737523,0.768423595479089,1.17461520501356,0,0,693.253853534939,692.206472312187,129.548493746832,258.96828188346,98.9537607140309,151.117572864761,0,0,26.6356956332265,26.5956910487397,4.96365551477291,9.9198574102032,3.77750243811908,5.76793222172704,0,0,0,0,12.7724668228436,26.4203009341337,9.19111207233958,14.0775808765507,0,0,0,0,0,0,0,0,0,0,42.516528777254,24.4436796953372,11.9006507851746,11.1535925539295
"26",1992,2892,2.08333333333333,7455.27629819236,7290.16619159273,603.136266132832,1141.22687027921,226.272557048017,336.698774669152,0,0,0,0,0,0,0,0,0,0,0,0,0.904049608565225,1.74443076673264,0.406054765545044,0.606157867422282,0,0,0,0,0,0,0,0,0,0,2470.50586611676,2433.04985052593,146.819510590185,277.753746740868,45.875143291043,68.4378752069952,0,0,94.9207861332503,93.4816661157417,5.65621682576288,10.7013990861445,1.76777273250342,2.63724895098319,0,0,31958.8534860068,31531.8657908308,2241.02519649011,4229.86667863295,769.084954602406,1137.82948818263,0,0,1227.87472225159,1211.50648435314,86.7389845072571,163.822974529981,29.9958715112018,44.4017588599565,0,0,0,0,3.45511539158632,6.64014193653415,1.36553120335559,2.02684348035738,0,0,0,0,0,0,0,0,0,0,149.912074018478,154.624065634961,33.4590180848799,64.9702140579509,20.6411483171751,31.6051304912568,0,0,5.75982711919199,5.94090568165891,1.28072436442185,2.48615661638623,0.786396554011758,1.20385510515704,0,0,689.813089709965,688.22599312496,132.280127096236,264.629894712606,101.176041137672,154.864667991008,0,0,26.5034982831794,26.4427545464511,5.0682857620038,10.1366333686999,3.86227809951112,5.91084028998987,0,0,0,0,13.0771467992949,27.0708396949357,9.41746870387285,14.4521686249125,0,0,0,0,0,0,0,0,0,0,44.2929100891692,25.4947379668422,12.581877963934,11.8232059145398
"27",1992,2892,2.16666666666667,7444.60890829914,7269.62795622739,614.388716097646,1162.25523847037,230.093012178472,342.805752992843,0,0,0,0,0,0,0,0,0,0,0,0,0.920450400111789,1.77606498010069,0.412966618140314,0.61726481065285,0,0,0,0,0,0,0,0,0,0,2470.89466228616,2430.08068359991,150.039357146165,283.854790580394,46.9973625186406,70.2194036837212,0,0,94.9357243038294,93.3675859742438,5.78027217119003,10.9364920076171,1.81101540159586,2.70589716818724,0,0,31879.0303824524,31408.4027534419,2285.07109000484,4312.95129901087,786.379222849175,1164.86168331677,0,0,1224.80805143825,1206.76282152565,88.4459375136318,167.046197426942,30.6713288234407,45.4585418038994,0,0,0,0,3.52521755682441,6.77621381228556,1.39676561939422,2.07585476578348,0,0,0,0,0,0,0,0,0,0,149.597656421278,154.13350535049,34.1653967172039,66.3530516611585,21.1252633119182,32.3935148129485,0,0,5.74774699803376,5.92205755326454,1.3077538841771,2.53904753938045,0.80483697756755,1.23387482315881,0,0,686.373079094417,684.249819293267,135.018322789663,270.315244002652,103.441764520282,158.687217790539,0,0,26.371329862124,26.2899834635592,5.17316195924904,10.3543067218245,3.94871081587062,6.05662472281209,0,0,0,0,13.3869612933982,27.7326803273006,9.64880447022259,14.8353435438583,0,0,0,0,0,0,0,0,0,0,46.0654107574497,26.5423837433056,13.2783909860829,12.5083126367626
"28",1992,2892,2.25,7434.02303598113,7249.29121822116,625.394060189361,1182.86616055252,233.982588084247,349.016208065625,0,0,0,0,0,0,0,0,0,0,0,0,0.9371696217123,1.80825042333272,0.419998581155814,0.628554560610149,0,0,0,0,0,0,0,0,0,0,2471.50287975079,2427.33705305928,153.222287716067,289.903168810473,48.1485934702544,72.0473872190379,0,0,94.9590929914634,93.2621713013429,5.90291515058773,11.1695729036174,1.85537564872426,2.7763349731641,0,0,31799.5813096933,31285.6696824905,2328.22051623342,4394.52527811395,803.979273406273,1192.37477630094,0,0,1221.75574995994,1202.0472052921,90.1186815218118,170.211880155126,31.3587692887518,46.5342071820527,0,0,0,0,3.59614991782978,6.91371907750206,1.42854975131334,2.12574185189692,0,0,0,0,0,0,0,0,0,0,149.308752371903,153.666441387228,34.8767345828945,67.7457947887384,21.6216896293414,33.2024167774826,0,0,5.73664714138323,5.9041121914241,1.33497213650674,2.59231493421495,0.823746663543266,1.26467618384206,0,0,682.934034013957,680.277982728287,137.763031553404,276.023861871596,105.751203115521,162.585898607425,0,0,26.2391985280598,26.1373790261303,5.2782822219318,10.5728594709217,4.03681085485663,6.20531111886863,0,0,0,0,13.7019684929153,28.4059106809976,9.88518154630746,15.2272198680586,0,0,0,0,0,0,0,0,0,0,47.8343426536452,27.5867809492297,13.9904757072511,13.2091944842352
"29",1992,2892,2.33333333333333,7423.51240698537,7229.14885456931,636.156556131619,1203.06553005054,237.937487569504,355.325274179035,0,0,0,0,0,0,0,0,0,0,0,0,0.954087469872213,1.84078385417487,0.427152378769059,0.640029300814094,0,0,0,0,0,0,0,0,0,0,2472.34004090172,2424.82752745495,156.372650421533,295.906290560738,49.3288286058983,73.9221136864798,0,0,94.9912580616446,93.1657513144684,6.02431193923788,11.4009249814595,1.90085325604265,2.84857353897597,0,0,31720.5003226905,31163.6584223197,2370.48779371975,4474.60836495932,821.872470735629,1220.35301017856,0,0,1218.71758941998,1197.35932229765,91.7577517778215,173.320756119416,32.0577103093889,47.6281548322609,0,0,0,0,3.66751948281872,7.05199534917145,1.46088720403736,2.17650983611987,0,0,0,0,0,0,0,0,0,0,149.043878612037,153.221704489897,35.5906732088824,69.1445453054586,22.1304234474087,34.0318413178712,0,0,5.72647056059821,5.88702467146052,1.36228854935563,2.64580912505778,0.84312548740194,1.29625940930206,0,0,679.496330402125,676.310715025089,140.513775344838,281.754586766372,108.104629588386,166.561372870099,0,0,26.1071187249982,25.9849501324088,5.38362819452462,10.7922469759703,4.12658850919108,6.35692455935366,0,0,0,0,14.0221516074796,29.0904929839882,10.1266630171696,15.6279126691335,0,0,0,0,0,0,0,0,0,0,49.5999985169614,28.6280848563655,14.7183929546653,13.9261094595113
"30",1992,2892,2.41666666666667,7413.07135936969,7209.19437295626,646.680380357985,1222.85915244663,241.954009309249,361.728186234378,0,0,0,0,0,0,0,0,0,0,0,0,0.971104744741814,1.87349601351756,0.434427442340698,0.651688274880972,0,0,0,0,0,0,0,0,0,0,2473.41300938738,2422.5580185227,159.494359025255,301.870813846887,50.5380576416994,75.843850651189,0,0,95.0324832267216,93.0785531519623,6.14461214101392,11.6308027803191,1.94744788442482,2.92262323955478,0,0,31641.7832506797,31042.3625995787,2411.88720153344,4553.22040186696,840.046477494013,1248.78094029475,0,0,1215.69340959028,1192.69892766662,93.3636824140814,176.373562849233,32.7676804150036,48.7397961642815,0,0,0,0,3.73900358579003,7.19049564312952,1.49377436505778,2.22815468537519,0,0,0,0,0,0,0,0,0,0,148.801719403027,152.798256422183,36.3053717810449,70.546246300059,22.6514282232853,34.8817668960551,0,0,5.71716670336365,5.87075510265651,1.38963246351216,2.69941279576783,0.862972061027387,1.32862369313589,0,0,676.060457470559,672.348390949732,143.269779542417,287.505772162836,110.502298188938,170.614268406296,0,0,25.9751092492317,25.8327111815009,5.48917013614882,11.0124059850461,4.21805337254272,6.51148881175577,0,0,0,0,14.3474371741488,29.7862933466874,10.3733102096014,16.0375344924543,0,0,0,0,0,0,0,0,0,0,51.3626548852579,29.666443416599,15.4623845008742,14.6592977655057
"31",1992,2892,2.5,7402.69475083319,7189.42181764153,656.969628845664,1242.25274481629,246.02854459584,368.220275905289,0,0,0,0,0,0,0,0,0,0,0,0,0.988139918240897,1.90624688711154,0.441821391650759,0.663528389457809,0,0,0,0,0,0,0,0,0,0,2474.72644402311,2420.53224286437,162.590930833063,307.802712422731,51.776271831193,77.8128534192674,0,0,95.0829474858308,93.0007196116111,6.26395023243537,11.8594347201877,1.99515924043516,2.99849396179479,0,0,31563.4273824504,30921.777303317,2452.43295917156,4630.38128703492,858.489250296338,1277.6434298526,0,0,1212.68310631951,1188.06583271116,94.9370056747437,179.371040560265,33.488219105246,49.8685539925959,0,0,0,0,3.81033961218195,7.32877183405853,1.52720199264986,2.28066520468479,0,0,0,0,0,0,0,0,0,0,148.581105540408,152.39517226748,37.0194220608347,71.9485461583213,23.1846435105427,35.7521536283533,0,0,5.70869064739968,5.85526794822065,1.41694985783007,2.75303575817475,0.883284073515562,1.36176751573596,0,0,672.626990638247,668.391497739964,146.030042464558,293.275397772047,112.944435859564,174.745168206345,0,0,25.8431922092429,25.6806808938569,5.59486959428927,11.2332589117193,4.3112139981731,6.66902593674139,0,0,0,0,14.6777049969176,30.4930978681506,10.6251813413233,16.4561936020361,0,0,0,0,0,0,0,0,0,0,53.1225736151849,30.7019979313162,16.2226762857128,15.4089850222963
"32",1992,2892,2.58333333333333,7392.37787088772,7169.82568059762,667.028317898876,1261.25193514085,250.157573668303,374.796967366379,0,0,0,0,0,0,0,0,0,0,0,0,1.00512632127108,1.93892115259568,0.449330485273485,0.675544778940283,0,0,0,0,0,0,0,0,0,0,2476.28322584348,2418.75215442996,165.665526955375,313.707346877238,53.0434684708279,79.8293734948308,0,0,95.1427615329269,92.9323257672985,6.38244709745846,12.0870258140255,2.0439872517844,3.07619543316877,0,0,31485.4311707095,30801.8987857631,2492.13920678806,4706.11093671318,877.189033715602,1306.92564357529,0,0,1209.68662017453,1183.45989343471,96.4782511510192,182.313930697142,34.2188766264285,51.0138622987918,0,0,0,0,3.88131516070724,7.46645879512646,1.56115669944353,2.33402487684184,0,0,0,0,0,0,0,0,0,0,148.380994078376,152.01162346779,37.7317675443401,73.3496692239505,23.7299929846745,36.6429505757093,0,0,5.70100232144707,5.84053137361472,1.44420023781763,2.80660997406863,0.904058601447514,1.39568892733824,0,0,669.196566819402,664.440606917139,148.793399762751,299.061172516986,115.431234259054,178.954601181957,0,0,25.7113920762343,25.5288812282399,5.70068188126064,11.454717795719,4.40607759284635,6.82955593338449,0,0,0,0,15.0127975819425,31.2106279653793,10.8823303188937,16.8839924127209,0,0,0,0,0,0,0,0,0,0,54.8800033875835,31.7348837130715,16.9994814749425,16.1753853113882
"33",1992,2892,2.66666666666667,7382.11635500633,7150.40081479358,676.860385201245,1279.86226179356,254.337661538989,381.45377252592,0,0,0,0,0,0,0,0,0,0,0,0,1.0220093612421,1.9714236656724,0.45695005051829,0.687731345324611,0,0,0,0,0,0,0,0,0,0,2478.08487220632,2417.21836255991,168.72099557657,319.589540930001,54.3396553197032,81.8936670332858,0,0,95.211983667325,92.8733950308585,6.50021167741993,12.3137605789346,2.09393223944036,3.15573754915239,0,0,31407.7939460267,30682.7241737343,2531.01998558883,4780.42924659483,896.13435240666,1336.61303946661,0,0,1206.70392544998,1178.88099944384,97.9879450201011,185.202974442407,34.9592136784544,52.1751659237588,0,0,0,0,3.95175833732767,7.6032587189044,1.59562236374717,2.38821361405864,0,0,0,0,0,0,0,0,0,0,148.200448120596,151.646861098861,38.441624466433,74.7482891179335,24.2873917683634,37.5541022436735,0,0,5.69406572880164,5.82651660395772,1.47135359539061,2.86008467977862,0.925292392208149,1.43038580063346,0,0,665.769861138874,660.496347497937,151.558585541259,304.860632432791,117.962842836259,183.243034141863,0,0,25.5797347895062,25.3773363524767,5.80655842457711,11.6766880679727,4.50264975110632,6.99309643124193,0,0,0,0,15.3525293549852,31.9385554041557,11.1448056694746,17.321026087261,0,0,0,0,0,0,0,0,0,0,56.6351812507106,32.7652307609897,17.7930034584412,16.9587041476952
"34",1992,2892,2.75,7371.90612717634,7131.14237603793,686.469691025075,1298.08917387958,258.565454942191,388.186287669851,0,0,0,0,0,0,0,0,0,0,0,0,1.03874458051779,2.00367628469442,0.46467474444198,0.700081089853051,0,0,0,0,0,0,0,0,0,0,2480.13181154516,2415.93040928298,171.759904485592,325.45363797235,55.664851829545,84.0059982338821,0,0,95.2906303501256,92.8239098063035,6.61734221125491,12.5398051929912,2.1449949666516,3.23713050565432,0,0,31330.5157276865,30564.2512780029,2569.08922378694,4853.35606388483,915.314005356626,1366.69136328385,0,0,1203.73502290109,1174.32906662385,99.4666094989277,188.038911637285,35.7088012026146,53.3519203634675,0,0,0,0,4.02153106115659,7.7389302163357,1.630580960876,2.44320880329465,0,0,0,0,0,0,0,0,0,0,148.038622798403,151.300204584004,39.1484292815771,76.1434437057377,24.8567508672008,38.4855527255963,0,0,5.68784840857743,5.81319749039237,1.49838838832099,2.91342311469647,0.946982035345078,1.46585599152989,0,0,662.347572057532,656.559388422471,154.324270845546,310.67120334175,120.539365925221,187.610868218154,0,0,25.4482471849549,25.2260719683172,5.91244824623267,11.8990709596982,4.60093434432849,7.15966255383052,0,0,0,0,15.6966929588821,32.6765126878947,11.4126500106493,17.7673817998055,0,0,0,0,0,0,0,0,0,0,58.3883337393357,33.7931642374297,18.6034378796723,17.7591404755902
"35",1992,2892,2.83333333333333,7361.74335400517,7112.04577657286,695.860019361824,1315.93803162361,262.837679635158,394.99019054688,0,0,0,0,0,0,0,0,0,0,0,0,1.05529606954838,2.03561526583679,0.472498752497936,0.712586366585282,0,0,0,0,0,0,0,0,0,0,2482.42360119676,2414.8869885528,174.784569695939,331.303550642811,57.0190897306003,86.1666415934842,0,0,95.3786845734997,92.7838199132435,6.73392732678736,12.7653093865635,2.19717666291921,3.32038488735152,0,0,31253.5970741004,30446.4784430256,2606.36072473184,4924.91116334012,934.717060537505,1397.14664352692,0,0,1200.7799339964,1169.80403136508,100.914762381501,190.822479854899,36.4672201846466,54.5435915845354,0,0,0,0,4.09052362076542,7.87327942067964,1.66601318823236,2.49898609592152,0,0,0,0,0,0,0,0,0,0,147.894753741285,150.971032561076,39.8517967715665,77.5344669822785,25.4379803847258,39.4372486918817,0,0,5.68232099272713,5.80055015918014,1.52528992872021,2.96659990098702,0.969124086796929,1.50209745522347,0,0,658.930410047772,652.630424933138,157.089093063044,316.490249054439,123.160861204401,192.058436856959,0,0,25.3169565599717,25.0751147880879,6.01829909242165,12.1217653547002,4.7009334621944,7.32926684227842,0,0,0,0,16.0450643294723,33.424101482478,11.6858997118294,18.2231382427096,0,0,0,0,0,0,0,0,0,0,60.1396778227086,34.8188048674317,19.4309742699558,18.5768882685687
"36",1992,2892,2.91666666666667,7351.62439966082,7093.10663962313,705.035078960682,1333.41410654971,267.151137618406,401.861237366994,0,0,0,0,0,0,0,0,0,0,0,0,1.07163491032898,2.06718871031471,0.480415986548114,0.725239134269716,0,0,0,0,0,0,0,0,0,0,2484.95914075253,2414.08616038884,177.797084531911,337.142811408441,58.4024140893137,88.375884833019,0,0,95.4761040579893,92.7530508145245,6.85004715006014,12.9904083724522,2.25047906600197,3.40551178175141,0,0,31177.0389363585,30329.4044002557,2642.84815497336,4995.11422296605,954.332849135596,1427.96518594767,0,0,1197.83869529112,1165.30584492693,102.332916573166,193.554413459577,37.2340614418954,55.7496558217497,0,0,0,0,4.15864932594683,8.00615125655743,1.70189909405871,2.55552019834951,0,0,0,0,0,0,0,0,0,0,147.768145651775,150.658773835637,40.5514787873784,78.9209220874053,26.0309925540994,40.4091420654313,0,0,5.67745676707377,5.78855266410665,1.55204879576227,3.01959846657329,0.991715186164904,1.53910835030654,0,0,655.519086706687,648.71016545631,159.851684576955,322.315118149543,125.827338126822,196.58600381048,0,0,25.1858902551573,24.9244920306651,6.12405853466622,12.3446695872001,4.80264735301903,7.50191917903421,0,0,0,0,16.3974076645428,34.1809008604436,11.9645845605781,18.6883651420423,0,0,0,0,0,0,0,0,0,0,61.8894218500767,35.8422693386927,20.2757976538756,19.4121381008602
"37",1993,2892,3,7338.66895221526,7070.29087048398,715.882658933751,1353.7642283151,271.553588306746,408.934998149371,0,0,0,0,0,0,0,0,0,0,0,0,1.08800429054257,2.0989872889913,0.488501033180143,0.738270122773183,0,0,0,0,0,0,0,0,0,0,2487.29777729557,2412.844475152,181.24993758206,343.739893770367,59.8270066893842,90.666329803978,0,0,95.5659582138485,92.70534328206,6.98308999906228,13.2446364933311,2.30537133559525,3.49376714259001,0,0,31094.6096104931,30203.6085629063,2684.44810747494,5074.05573535463,974.330614315715,1459.6285590682,0,0,1194.67187964232,1160.47255290723,103.947699412723,196.622690066523,38.0159232827475,56.9889107979041,0,0,0,0,4.22677775669339,8.13970376068832,1.73850599939778,2.61363126789139,0,0,0,0,0,0,0,0,0,0,147.647372971591,150.372542915049,41.2972595101664,80.4084677149412,26.6484395290068,41.4399136571674,0,0,5.67281673878914,5.77755519968818,1.58057643070191,3.07647257357317,1.01523739290979,1.57836202559713,0,0,652.016188613758,644.642560152217,162.732634539519,328.37617648265,128.56043057541,201.260236001406,0,0,25.0513055208016,24.768208009244,6.23435840029029,12.5766282967675,4.90690168629068,7.68016341878961,0,0,0,0,16.7548752529047,34.9521590616358,12.2507363018936,19.169310620864,0,0,0,0,0,0,0,0,0,0,63.5881078016755,36.7641477916453,21.1137703093737,20.181932207362
"38",1993,2892,3.08333333333333,7324.34420244812,7045.67105476604,727.39858290534,1375.2684356279,276.04067121494,416.169365498066,0,0,0,0,0,0,0,0,0,0,0,0,1.10484048465209,2.13164358002565,0.496718762866109,0.751569602619294,0,0,0,0,0,0,0,0,0,0,2489.70747510698,2411.54854111514,184.905614934188,350.695793392342,61.2955610491125,93.0344531440518,0,0,95.6585426572774,92.6555514239461,7.12393423004818,13.5126683444774,2.36195656639168,3.58501425461648,0,0,31009.4670328747,30073.91095226,2728.05765499283,5156.4469300113,994.688241606775,1491.98123539694,0,0,1191.40081751747,1155.48934843507,105.639920207339,199.824073566108,38.8119129986706,58.2552502148266,0,0,0,0,4.29635079478773,8.27594282915025,1.77571227032251,2.67294109851297,0,0,0,0,0,0,0,0,0,0,147.53571684987,150.101322874417,42.0749588530667,81.959295139626,27.2835405742407,42.5077562507357,0,0,5.66852697866666,5.76713447763882,1.61032889593973,3.13577321592883,1.03943265764643,1.61902827008349,0,0,648.4684858853,640.508606720481,165.672714826909,334.56330710296,131.3519336785,206.05577654849,0,0,24.914999324477,24.6093747862716,6.34692388152896,12.8134134875843,5.01338339114444,7.86303174504872,0,0,0,0,17.1168291867617,35.7352545729781,12.543437662794,19.6632039770098,0,0,0,0,0,0,0,0,0,0,65.2608713964081,37.6350653457901,21.9575635747785,20.9272694419598
"39",1993,2892,3.16666666666667,7310.0748731008,7021.24727947791,738.642255245658,1396.30872227989,280.588126142912,423.49654320843,0,0,0,0,0,0,0,0,0,0,0,0,1.12199323428088,2.16481567808516,0.505036094132955,0.765028285544645,0,0,0,0,0,0,0,0,0,0,2492.41434600923,2410.54291486967,188.541797292798,357.633651418055,62.8035674555328,95.4668355085085,0,0,95.7625449660867,92.6169136554285,7.26403672060924,13.7800207055226,2.42006111925325,3.67873617127875,0,0,30924.7031283893,29944.991197152,2770.74667334038,5237.27271260015,1015.32058918296,1524.78477380748,0,0,1188.14430320104,1150.53603052829,107.296960190368,202.965728477344,39.6187152582317,59.539375220515,0,0,0,0,4.36685164372791,8.41365981490285,1.81340138296269,2.73306671590248,0,0,0,0,0,0,0,0,0,0,147.43806789288,149.839533940166,42.8595911379546,83.5206726010566,27.9306630889099,43.5944712904936,0,0,5.66477539432239,5.75707611383019,1.64034688981902,3.19547730408624,1.06408658548151,1.66041420762537,0,0,644.924243081428,636.38614107109,168.612356498593,340.762350008822,134.191477450899,210.940919870618,0,0,24.7788260530702,24.4509829430824,6.4594671597638,13.0506424797015,5.12169664289741,8.04931420732907,0,0,0,0,17.4827006371698,36.5275752859494,12.841743117291,20.1671215006315,0,0,0,0,0,0,0,0,0,0,66.9324489877787,38.5044377845392,22.8195665143448,21.6893553602571
"40",1993,2892,3.25,7295.85693168091,6997.01460686125,749.618280865383,1416.89152558109,285.191907159002,430.911269986118,0,0,0,0,0,0,0,0,0,0,0,0,1.13933568545261,2.1982926429917,0.513455638149585,0.778648965252258,0,0,0,0,0,0,0,0,0,0,2495.4159434317,2409.82427868651,192.161666239504,364.558672650174,64.3507108894373,97.963458580614,0,0,95.8778711391203,92.5893025040506,7.40351889965058,14.0468922759964,2.47967302531406,3.77493239602522,0,0,30840.3198909797,29816.8484556465,2812.5304797972,5316.55487006494,1036.21533339303,1558.02372586224,0,0,1184.90241331685,1145.6125668373,108.91939344458,206.048466831102,40.4358581947302,60.8406958508058,0,0,0,0,4.43786699942442,8.55217654369461,1.85158375679877,2.79402078408257,0,0,0,0,0,0,0,0,0,0,147.354312513851,149.587534186555,43.648916296791,85.0895079899564,28.5904379553094,44.7013575010541,0,0,5.66155762163005,5.74739386605254,1.67054433149229,3.25546596565039,1.08922334539457,1.70256950439131,0,0,641.383852195897,632.275137727008,171.551477751927,346.97227341927,137.078861022942,215.915239851167,0,0,24.6428007676634,24.2930315007968,6.57198526942459,13.2882760447847,5.23183376717968,8.23899454237477,0,0,0,0,17.8525105391957,37.3291193497241,13.1456798196448,20.681131266266,0,0,0,0,0,0,0,0,0,0,68.6029986933686,39.3723208272084,23.7000480864092,22.4684067654896
"41",1993,2892,3.33333333333333,7281.68662620506,6972.96839233514,760.331166354251,1437.02316825709,289.848065432649,438.408382290259,0,0,0,0,0,0,0,0,0,0,0,0,1.1567639448209,2.2319006473479,0.521977266583806,0.79243102396606,0,0,0,0,0,0,0,0,0,0,2498.7089914052,2409.38851523268,195.768089491848,371.475532470538,65.9367273098138,100.524345691491,0,0,96.0043953084034,92.5725597752951,7.54249024003706,14.3134615734294,2.54078224867146,3.87360400126699,0,0,30756.3197846384,29689.4823484028,2853.42428311695,5394.31515540718,1057.36043536542,1591.68293600328,0,0,1181.67524254788,1140.71894278621,110.507790292057,209.073099907407,41.2628805554656,62.1586329578433,0,0,0,0,4.50906109878474,8.6909388122682,1.89026068644531,2.855804767081,0,0,0,0,0,0,0,0,0,0,147.284336792058,149.345633147813,44.4411897362207,86.6634007482442,29.263335039291,45.8294585022464,0,0,5.65886928362769,5.73809962711011,1.70085421551074,3.31564697403968,1.114860934319,1.7455340647296,0,0,637.847790877171,628.175705011234,174.489666472442,353.191610988822,140.013960212389,220.97847032871,0,0,24.5069418202972,24.1355246213487,6.68446255046744,13.5262582452759,5.34379003224136,8.43206261016146,0,0,0,0,18.2262156915648,38.139779783051,13.455275119341,21.2053007191481,0,0,0,0,0,0,0,0,0,0,70.2726773138817,40.2387721745956,24.5992691723504,23.2646385713649
"42",1993,2892,3.41666666666667,7267.56041214744,6949.10421117846,770.785326078045,1456.7098642597,294.55274136231,445.982805937078,0,0,0,0,0,0,0,0,0,0,0,0,1.17419195165243,2.26549485050095,0.530598975444931,0.806371484956864,0,0,0,0,0,0,0,0,0,0,2502.28968889092,2409.23100939937,199.36366988803,378.388463923366,67.5614031694051,103.149567988987,0,0,96.1419714319461,92.5665081493008,7.6810501241557,14.579890253905,2.60338067330559,3.97475387173977,0,0,30672.705542114,29562.8927594081,2893.44316842551,5470.57525182257,1078.74412491667,1625.74752477696,0,0,1178.46289590254,1135.85515391663,112.062716691706,212.040436830113,42.0993311040528,63.4926175887312,0,0,0,0,4.58015798746599,8.82948857092367,1.92942731955326,2.91841251049525,0,0,0,0,0,0,0,0,0,0,147.22802320087,149.114095217261,45.2350389602777,88.2404711479503,29.9497082133763,46.9796266311223,0,0,5.65670586480457,5.72920355542079,1.73122385775253,3.37594816453832,1.14101290542028,1.78934047697774,0,0,634.316594336004,624.088049720407,177.426284000302,359.418601066801,142.996688373328,226.130443122855,0,0,24.3712697746239,23.9784702501885,6.79687464234304,13.7645217993491,5.45756214828036,8.62851202225103,0,0,0,0,18.6037255243035,38.9593709863947,13.7705542745895,21.7396938863116,0,0,0,0,0,0,0,0,0,0,71.941640376882,41.1038511459267,25.517484437209,24.0782647046846
"43",1993,2892,3.5,7253.47492411785,6925.41783034705,780.98508240779,1475.95771854973,299.302163875874,453.629555298203,0,0,0,0,0,0,0,0,0,0,0,0,1.1915493747179,2.29895605381611,0.539317223730563,0.820465428378241,0,0,0,0,0,0,0,0,0,0,2506.15383584667,2409.34677443263,202.950763361278,385.30128920853,69.2245737371737,105.839245156,0,0,96.290438137411,92.5709560270064,7.81928852775276,14.8463243118217,2.66746204122857,4.07838673514129,0,0,30589.4800800135,29437.0797519585,2932.60208358336,5545.3567496228,1100.35490309317,1660.20289208828,0,0,1175.26548545279,1131.02120265955,113.584733718048,214.951283686621,42.9447687190336,64.8420911083637,0,0,0,0,4.65093428909131,8.96745253484791,1.96907380187281,2.98183163290745,0,0,0,0,0,0,0,0,0,0,147.185249905614,148.893141481412,46.0294133942667,89.8192904596126,30.6498138855004,48.1525499846908,0,0,5.65506268412432,5.7207141454852,1.76161296270535,3.43631474219847,1.16768907907066,1.8340150495824,0,0,630.790842959023,620.0124618021,180.360508979501,365.6512467129,146.026980038795,231.371061005427,0,0,24.2358069300054,23.8218795275603,6.90919017110087,14.0029903921853,5.57314764138118,8.82833910871185,0,0,0,0,18.9849092527231,39.7876400792786,14.0915394213152,22.2843700412928,0,0,0,0,0,0,0,0,0,0,73.6100420426649,41.9676184766422,26.4549431796359,24.9094985517417
"44",1993,2892,3.58333333333333,7239.42693948475,6901.90517214039,790.934668206354,1494.77272928044,304.092647085377,461.343729784296,0,0,0,0,0,0,0,0,0,0,0,0,1.20877887539318,2.33218634036069,0.548127360610962,0.834706515235939,0,0,0,0,0,0,0,0,0,0,2510.29698446236,2409.73060159199,206.531506395665,392.217467720337,70.9261211964022,108.59354666998,0,0,96.4496245328216,92.5857032802735,7.95728706538312,15.1128959111888,2.73302188261491,4.18450921427684,0,0,30506.6463990863,29312.0434706267,2970.91582752419,5618.68112238461,1122.1815369063,1695.03471227302,0,0,1172.08312650297,1126.21709456875,115.07439710506,217.80644260309,43.7987622010404,66.2065050190792,0,0,0,0,4.72120980810527,9.10452736328871,2.00918672847704,3.0460452848385,0,0,0,0,0,0,0,0,0,0,147.155889846913,148.682952603641,46.8235199674997,91.3987913698409,31.3638341250137,49.3487863167114,0,0,5.65393485980539,5.71263833868207,1.79199114209495,3.49670582821774,1.19489643026728,1.87957910973238,0,0,627.271147660651,615.949295557811,183.291390916822,371.887388158469,149.104771628934,236.700265462824,0,0,24.1005767587146,23.6657660662901,7.02137281008044,14.2415814664376,5.69054411477671,9.03154168552744,0,0,0,0,19.3696048455173,40.6242811731052,14.4182484678158,22.8393823056705,0,0,0,0,0,0,0,0,0,0,75.27803505879,42.8301360720627,27.4118903991465,25.7585534703911
"45",1993,2892,3.66666666666667,7225.41334677324,6878.56228268235,800.638229093068,1513.16078977535,308.920587274739,469.120510735486,0,0,0,0,0,0,0,0,0,0,0,0,1.22583363843987,2.36510512996728,0.557023994257081,0.849087440989509,0,0,0,0,0,0,0,0,0,0,2514.71456868069,2410.37718789577,210.107842136903,399.14014138997,72.6659722804952,111.412692130304,0,0,96.6193551829548,92.6105461600659,8.09511998467753,15.3797251140762,2.8000574279134,4.29312984312512,0,0,30424.207499374,29187.7840583025,3008.39903899782,5690.56970412605,1144.21305469612,1730.22893002218,0,0,1168.91593432988,1121.44283513339,116.532256806127,220.606710860141,44.6608901039411,67.5853208126339,0,0,0,0,4.79083908102461,9.24046629820464,2.04975038951699,3.11103366291448,0,0,0,0,0,0,0,0,0,0,147.139810279631,148.483672004194,47.6167657301065,92.9781879824006,32.0918968468993,50.5687931340026,0,0,5.65331729160726,5.7049816454491,1.8223357047617,3.55709137623582,1.22263986308469,1.92605015625763,0,0,623.758137038674,611.89895284911,186.217897102585,378.124766403737,152.229985171461,242.118008611618,0,0,23.9656034124362,23.5101453065391,7.1333830848773,14.4802086708741,5.80974862573621,9.2381179812516,0,0,0,0,19.7576270704384,41.4689482275287,14.7506941863437,23.4047764809849,0,0,0,0,0,0,0,0,0,0,76.9457707022373,43.6914667637579,28.3885677946493,26.6256432636031
"46",1993,2892,3.75,7211.43112790271,6855.38531408187,810.099825447857,1531.12769058331,313.782460761288,476.955159346829,0,0,0,0,0,0,0,0,0,0,0,0,1.24267580287985,2.39764664719767,0.566001188802651,0.863600181468206,0,0,0,0,0,0,0,0,0,0,2519.40197236474,2411.28120312951,213.68153863135,406.072165440348,74.4440947648698,114.296948753493,0,0,96.7994527284479,92.6452798710195,8.23285486061797,15.6469210523621,2.86856747511157,4.40425897309989,0,0,30342.1663369055,29064.3016142255,3045.06618963813,5761.04367474148,1166.43874264361,1765.77175774819,0,0,1165.76402251892,1116.69842816552,117.9588567213,223.352880327077,45.530740609042,68.9780098768109,0,0,0,0,4.85970607694025,9.37507069935001,2.09074741477973,3.17677480723642,0,0,0,0,0,0,0,0,0,0,147.136873213437,148.295409025621,48.408723175746,94.5569271231549,32.8340875518346,51.8129463738355,0,0,5.65320467775746,5.69774826690421,1.85263032182715,3.6174502963932,1.25092266078353,1.97344257466032,0,0,620.252449902459,607.861872683391,189.138939417562,384.361059914822,155.402520430968,247.624237635551,0,0,23.8309114351905,23.3550341156714,7.2451794036858,14.7187832719916,5.93075738489454,9.4480660430492,0,0,0,0,20.1487724720798,42.3212631211289,15.0888838510449,23.9805905461388,0,0,0,0,0,0,0,0,0,0,78.6133987138039,44.5516741153814,29.3852144414614,27.5109824703523
"47",1993,2892,3.83333333333333,7197.47734191405,6832.37050811704,819.323434366883,1548.67912145342,318.674821762602,484.843014615511,0,0,0,0,0,0,0,0,0,0,0,0,1.25927499726263,2.4297575564068,0.575052645878242,0.878236219221292,0,0,0,0,0,0,0,0,0,0,2524.35459071958,2412.43734989742,217.254206629108,413.016138426824,76.2604942233379,117.246629080722,0,0,96.9897402457158,92.6897008787168,8.37055327334631,15.9145830724491,2.93855226699179,4.51790868727014,0,0,30260.5257849784,28941.5961567416,3080.93157745575,5830.12404605086,1188.84814101967,1801.64967269139,0,0,1162.6275014765,1111.98387436917,119.354734440527,226.045736919265,46.4079113894225,70.3840533923526,0,0,0,0,4.92771925272857,9.50818214270014,2.13215936959997,3.24324533700808,0,0,0,0,0,0,0,0,0,0,147.146935869515,148.118242030174,49.1990980242348,96.1346430894545,33.5904600184172,53.0815574930573,0,0,5.65359153249973,5.69094121385238,1.88286378650656,3.67776871204536,1.27974689579675,2.02176829137622,0,0,616.754728504298,603.838521618423,192.053398821831,390.593918057219,158.622247917293,253.218880701054,0,0,23.6965255032732,23.2004504195813,7.35671899853859,14.9572154400623,6.05356548921832,9.66138319928929,0,0,0,0,20.5428239922609,43.1808231556181,15.4328189275725,24.5668542210222,0,0,0,0,0,0,0,0,0,0,80.2810672415144,45.4108222384375,30.4020674338231,28.4147866440289
"48",1993,2892,3.91666666666667,7183.54910967028,6809.51418089961,828.312951628779,1565.82067331249,323.59430024156,492.779491284967,0,0,0,0,0,0,0,0,0,0,0,0,1.27560694383871,2.46139470744014,0.584171876455518,0.892986757520507,0,0,0,0,0,0,0,0,0,0,2529.56788727092,2413.84041910118,220.827317099324,419.974431814922,78.1152110020309,120.262088884944,0,0,97.1900434361621,92.7436090412706,8.50827147510194,16.1828018624583,3.01001337662088,4.63409272210157,0,0,30179.2885984815,28819.6675891911,3116.00932069966,5897.83164833666,1211.43104013777,1837.84941373741,0,0,1159.50647705937,1107.29917002967,120.720421000676,228.686060073739,47.2920094632164,71.8029422191899,0,0,0,0,4.99480684135733,9.63967489018584,2.17396732058239,3.31042114757364,0,0,0,0,0,0,0,0,0,0,147.169851129042,147.95222143967,49.98769861742,97.7111146694251,34.3610463086598,54.3748894858817,0,0,5.65447220332512,5.68456242358222,1.91302883597526,3.7380383038696,1.30911381341415,2.07103738703699,0,0,613.265612247247,599.829384716162,194.960148295965,396.820992333149,161.889002459589,258.901833851128,0,0,23.562470183502,23.0464128551242,7.46795880705397,15.1954154506782,6.17816667662286,9.87806555957125,0,0,0,0,20.9395553504714,44.0472081803636,15.7824947994413,25.1635885771274,0,0,0,0,0,0,0,0,0,0,81.9489227927562,46.2689756157947,31.4393625019086,29.3372726214257
"49",1994,2892,4,7167.6740630389,6783.34788432331,839.41486539988,1586.39114104058,328.515793255428,500.725428553167,0,0,0,0,0,0,0,0,0,0,0,0,1.2918773888731,2.49287823184513,0.593294683599789,0.90775735657469,0,0,0,0,0,0,0,0,0,0,2534.49308212864,2414.62934359442,224.915136102345,427.762832059252,80.0021955350807,123.33390019022,0,0,97.3792772988159,92.7739207819248,8.66576946723232,16.482922580211,3.08271751386814,4.75244759257786,0,0,30091.9288939027,28688.0416681848,3156.79570283379,5974.52551458956,1234.08483352968,1874.21432281227,0,0,1156.1502203915,1102.24187749625,122.305478864439,231.671790088591,48.1790154905414,73.2285402499579,0,0,0,0,5.06152846726056,9.77036852680945,2.21593578968973,3.37795821458589,0,0,0,0,0,0,0,0,0,0,147.138974862616,147.699524181273,50.8204571063655,99.3619591421126,35.1361105315997,55.6781569384426,0,0,5.65328612725455,5.67485337646502,1.94489143402691,3.80116683596039,1.3386525969341,2.12068688688779,0,0,609.662478675108,595.639850601507,197.966652617099,403.212368724062,165.186339165394,264.647698858131,0,0,23.424034159766,22.8854441392681,7.58302919912771,15.4399213738982,6.30393358936373,10.0971444171681,0,0,0,0,21.3377074519898,44.9178842822107,16.1362898023553,25.7683253746852,0,0,0,0,0,0,0,0,0,0,83.6470942565344,47.1553289203707,32.5167024010111,30.3110836263703
"50",1994,2892,4.08333333333333,7151.50709979442,6756.77980217091,850.650751089889,1607.15843089786,333.480965704988,508.738031741081,0,0,0,0,0,0,0,0,0,0,0,0,1.30853950989979,2.52496412237978,0.602473678233353,0.922623415453726,0,0,0,0,0,0,0,0,0,0,2539.55451590987,2415.48255989463,229.079508110734,435.686871923116,81.9311569682093,126.475605373135,0,0,97.5737456787801,92.8067027166161,8.82621727614405,16.7882704195325,3.1570385205854,4.87349481006381,0,0,30003.8827994392,28555.4560423755,3197.832627804,6051.50712867825,1256.94961510567,1910.93736405602,0,0,1152.76759118116,1097.14771159775,123.900288098094,234.668864137689,49.0743718193557,74.6683539459159,0,0,0,0,5.12928982286826,9.90256747475161,2.25825581198885,3.44613081471598,0,0,0,0,0,0,0,0,0,0,147.112765496994,147.445739214552,51.671761239506,101.044247233685,35.9254314423113,57.0061930428548,0,0,5.65227936081222,5.66510253784327,1.97746649287599,3.86550281878626,1.36873604797599,2.1712820969222,0,0,606.047045529707,591.43078665942,200.986778895852,409.63145119928,168.527498827109,270.476675101385,0,0,23.2851255608203,22.7237250565624,7.69862023228552,15.6854836447735,6.43137191964864,10.3193910004256,0,0,0,0,21.7381621959895,45.7945567523178,16.4954492080037,26.3829993019287,0,0,0,0,0,0,0,0,0,0,85.3502787363785,48.0453509079811,33.6191242110534,31.3107731168092
"51",1994,2892,4.16666666666667,7135.3967943079,6730.42634862217,861.60264622983,1627.43801881045,338.49172099479,516.820665741405,0,0,0,0,0,0,0,0,0,0,0,0,1.32546767632059,2.55745109016173,0.611725196284609,0.937606925170138,0,0,0,0,0,0,0,0,0,0,2544.85462922599,2416.55693915036,233.23139204859,443.605710115887,83.9039847196392,129.690482274894,0,0,97.7773845081636,92.8479820857354,8.98619320470064,17.093433189819,3.23304927642419,4.99736074087983,0,0,29916.3149591899,28423.7808292844,3237.96679409867,6126.93548468747,1280.03618498746,1948.0364548377,0,0,1149.40333585394,1092.08852532326,125.46053440566,237.60654343693,49.97850727564,76.123094010609,0,0,0,0,5.19772318093673,10.0356991553097,2.30098433309791,3.51501689958164,0,0,0,0,0,0,0,0,0,0,147.102825404408,147.208192554408,52.5316799142013,102.741949780021,36.7310734270991,58.3622279221865,0,0,5.65189768375408,5.65597560104958,2.01037224082629,3.93042999335994,1.39944295813518,2.2229462547292,0,0,602.441295940476,587.237035333648,204.001790190977,416.047889370229,171.915276724094,276.393193937197,0,0,23.14658900751,22.562594309907,7.81401205827223,15.930936266604,6.56058843891895,10.5449745366428,0,0,0,0,22.1411793267176,46.6776626225796,16.8602493865794,27.0080617194933,0,0,0,0,0,0,0,0,0,0,87.0532545627116,48.9338915441073,34.7436367260209,32.3310043408595
"52",1994,2892,4.25,7119.33778742054,6704.28122095204,872.275138766272,1647.23637304048,343.543850243856,524.967750803194,0,0,0,0,0,0,0,0,0,0,0,0,1.3425402513724,2.59014043004894,0.621051588345018,0.95271009459083,0,0,0,0,0,0,0,0,0,0,2550.39842426838,2417.85654502969,237.374351898187,451.525280402192,85.9210036047566,132.979471106153,0,0,97.990385979159,92.8979150219092,9.14583340023068,17.3986376576523,3.3107623683343,5.12408167788821,0,0,29829.22127123,28293.0085073835,3277.21334092446,6200.83267308878,1303.33267092483,1985.49641887001,0,0,1146.05729682269,1087.06402968246,126.98678606884,240.485652950327,50.8909656173548,77.5921781482765,0,0,0,0,5.26646584590237,10.169183851536,2.34412875445064,3.58462435634033,0,0,0,0,0,0,0,0,0,0,147.108614216572,146.986365853788,53.3979161437365,104.451593137735,37.5531605167449,59.7465576766002,0,0,5.65212033434663,5.64745265035944,2.04352045991422,3.99581498331909,1.43077816555352,2.27569081825991,0,0,598.845362203111,583.058764712732,207.011645666631,422.46100485831,175.3495305524,282.397138449204,0,0,23.0084295829517,22.402058357524,7.92920335657492,16.1762537306007,6.69157782781046,10.7738907462951,0,0,0,0,22.5467606101694,47.5671445124422,17.2306800434848,27.6435193078985,0,0,0,0,0,0,0,0,0,0,88.7562069035188,49.8210471813977,35.8906023062971,33.3721056285434
"53",1994,2892,4.33333333333333,7103.32519837972,6678.33860035044,882.672737052609,1666.55988325427,348.633252563464,533.173821421746,0,0,0,0,0,0,0,0,0,0,0,0,1.35965763495419,2.62286847054711,0.630452522208307,0.967931825766573,0,0,0,0,0,0,0,0,0,0,2556.18901688039,2419.383613493,241.511538132594,459.450796790665,87.9824961504013,136.343422535318,0,0,98.2128698074499,92.9565874343103,9.30525822668573,17.7040830963733,3.39018874261401,5.25369045683309,0,0,29742.598868682,28163.1327778835,3315.58734488042,6273.22082820065,1326.8275200084,2023.30243336966,0,0,1142.72936395147,1082.07398266466,128.47960936896,243.307019899355,51.8113025826854,79.0750372474525,0,0,0,0,5.3352237429966,10.3025490327791,2.38768867351162,3.65495174871049,0,0,0,0,0,0,0,0,0,0,147.129659900491,146.779801392607,54.2686870757482,106.1704759297,38.3917785678724,61.1594404818545,0,0,5.65292917640103,5.63951609943357,2.07684271014908,4.06155412348781,1.46274503569386,2.32952578368331,0,0,595.259496453183,578.896262600717,210.01598402388,428.869658296287,178.830124617044,288.488403147738,0,0,22.8706569746523,22.2421282572991,8.0441804926992,16.4213928167332,6.82433503534895,11.0061358120492,0,0,0,0,22.9548522867937,48.4628568535518,17.6067310884641,28.2893778070089,0,0,0,0,0,0,0,0,0,0,90.459314931767,50.7069111619805,37.0603664016533,34.4343931076214
"54",1994,2892,4.41666666666667,7087.35450809834,6652.59303648831,892.799871811597,1685.41485817023,353.755925134755,541.4335149819,0,0,0,0,0,0,0,0,0,0,0,0,1.376737352988,2.65549891827061,0.639925820819848,0.983268724410829,0,0,0,0,0,0,0,0,0,0,2562.22816607825,2421.13907254865,245.645762966575,467.386890528645,90.0887217768786,139.783131483607,0,0,98.4449035772537,93.0240349785049,9.46457513802428,18.0099465218079,3.47133844491538,5.38621775753442,0,0,29656.4457584415,28034.1482092764,3353.1037924233,6344.12206850133,1350.50947344325,2061.43999883565,0,0,1139.41946067509,1077.11817558158,129.939567503916,246.07147143529,52.7390849391037,80.5711142406287,0,0,0,0,5.40375572668063,10.4354052837027,2.43165842815821,3.72599129944178,0,0,0,0,0,0,0,0,0,0,147.165541723676,146.588086581247,55.1425937277227,107.896475292041,39.2469869070467,62.601105687598,0,0,5.65430804477018,5.63215009591731,2.11028531513711,4.12756600076277,1.49534591172448,2.38446003824701,0,0,591.684034257482,574.749899446696,213.01422559064,435.272395633573,182.356913062567,294.666872619177,0,0,22.7332840756434,22.0828182424748,8.15892144538755,16.666298223053,6.95885463430303,11.2417055588847,0,0,0,0,23.3653597263976,49.3645884723465,17.9883906651773,28.9456396832047,0,0,0,0,0,0,0,0,0,0,92.1627528526183,51.5915743014975,38.2532621571704,35.5181744449032
"55",1994,2892,4.5,7071.42151411317,6627.03940314397,902.660894477355,1703.80752188853,358.907962292509,549.741570509201,0,0,0,0,0,0,0,0,0,0,0,0,1.39371205885904,2.68791973383752,0.649467793570031,0.998715502332306,0,0,0,0,0,0,0,0,0,0,2568.51648878687,2423.12275467445,249.779527553247,475.337659283746,92.2399227185714,143.299348312486,0,0,98.686510991811,93.1002512180215,9.62387971604488,18.3163845709492,3.55422084924774,5.52169253522709,0,0,29570.7606731981,27906.0500918619,3389.7775605145,6413.55846302461,1374.36756667647,2099.89493860605,0,0,1136.12753831366,1072.19642747799,131.367219847553,248.779833354108,53.6738904881974,82.0798640835275,0,0,0,0,5.47186722662407,10.5674365274193,2.47602808443104,3.79773006061106,0,0,0,0,0,0,0,0,0,0,147.215883956543,146.410848269398,56.0185687225088,109.627968916256,40.1188237999113,64.0717589927777,0,0,5.65624250338513,5.62534030277752,2.14380735068917,4.19378845346476,1.52858232558893,2.44050156018991,0,0,588.119378987066,570.620112237259,216.0056153597,441.667510770256,185.929732086012,300.932410647483,0,0,22.5963263840748,21.9241451027724,8.27339746162093,16.9109049749128,7.09513052280588,11.4805950378995,0,0,0,0,23.7781537133913,50.2720723079701,18.3756442309709,29.6123029527183,0,0,0,0,0,0,0,0,0,0,93.8666902127682,52.4751250217933,39.4696123291757,36.6237504360435
"56",1994,2892,4.58333333333333,7055.5222732493,6601.67284175168,912.260077456136,1721.74401175154,364.085551231844,558.092823763218,0,0,0,0,0,0,0,0,0,0,0,0,1.41052699824133,2.72003916208295,0.659073643266503,1.01426547090573,0,0,0,0,0,0,0,0,0,0,2575.05372143,2425.33365289321,253.91506189965,483.306739136185,94.4363328642623,146.89279502166,0,0,98.9376819241016,93.1851974631866,9.78325719434962,18.6235362530623,3.63884499938206,5.6601426446034,0,0,29485.5428928825,27778.8342629907,3425.62339916491,6481.5519961986,1398.39111918408,2138.65338668259,0,0,1132.85356921241,1067.30857841724,132.763121269212,251.432928733127,54.6153076815357,83.6007532952611,0,0,0,0,5.5394021974042,10.6983876234421,2.5207846564226,3.87015135268321,0,0,0,0,0,0,0,0,0,0,147.280347638583,146.247745326357,56.8958107016733,111.363737174152,41.007312410421,65.5715876425798,0,0,5.65871952889849,5.61907361322551,2.17737812061408,4.26017480400387,1.56245522828785,2.49765761985704,0,0,584.565983683156,566.507386012277,218.989273769063,448.053118738603,189.548391725333,307.284848927261,0,0,22.459801306479,21.7661274741986,8.38757500951988,17.1551412399763,7.23315560912143,11.7227980936207,0,0,0,0,24.1930780363407,51.1849971763603,18.768473617326,30.2893600289421,0,0,0,0,0,0,0,0,0,0,95.5712923878379,53.3576495750692,40.7097316357385,37.7514169109029
"57",1994,2892,4.66666666666667,7039.65304532757,6576.48870600794,921.60161430238,1739.23037612275,369.284967940518,566.482202653463,0,0,0,0,0,0,0,0,0,0,0,0,1.42713744018329,2.75178169636282,0.668737859014617,1.02991101932635,0,0,0,0,0,0,0,0,0,0,2581.83897673492,2427.77017188459,258.054366060659,491.297378309435,96.6781857816276,150.564180462977,0,0,99.1983822836886,93.2788124192419,9.94278403091062,18.9315257668263,3.72521991904486,5.80159542623448,0,0,29400.7920695655,27652.4969360971,3460.65591261142,6548.12453062229,1422.56972504843,2177.70177670406,0,0,1129.59754001422,1062.45448291251,134.127821401387,254.031576489968,55.5629352672774,85.1332595423877,0,0,0,0,5.60623499748114,10.8280518177328,2.56591327303038,3.94323614685362,0,0,0,0,0,0,0,0,0,0,147.358622592093,146.09846149842,57.7737190976489,113.102865536701,41.9124666490168,67.1007658261113,0,0,5.66172720383993,5.6133378762868,2.21097464664498,4.326690103327,1.5969652157742,2.55593498838711,0,0,581.024333147501,562.412235590844,221.964246503909,454.427227795394,193.212668225539,313.72397602772,0,0,22.3237274696615,21.6087851369263,8.50141769322816,17.398931100721,7.37292151879505,11.9683069412797,0,0,0,0,24.6099571527626,52.1030197049335,19.1668561615215,30.976796633864,0,0,0,0,0,0,0,0,0,0,97.2767210573012,54.2392322594075,41.9739291166721,38.9014666391641
"58",1994,2892,4.75,7023.81026650818,6551.48253546864,930.689620558756,1756.27257431872,374.502574837034,574.90472477758,0,0,0,0,0,0,0,0,0,0,0,0,1.44350731985965,2.7830859203744,0.678454384475595,1.04564382338704,0,0,0,0,0,0,0,0,0,0,2588.87086267482,2430.43024412515,262.199232868733,499.312476647651,98.9657166753015,154.314205210229,0,0,99.4685585866753,93.3810166486299,10.1025287752883,19.240464007799,3.81335468836667,5.94607789500852,0,0,29316.5081471459,27527.0346224685,3494.88955016685,6613.29778835896,1446.89324737271,2217.02683604528,0,0,1126.35944857395,1057.63400692093,135.461864281534,256.576590656366,56.5163820826579,86.676871419001,0,0,0,0,5.67226617231274,10.9562641492041,2.61139765612138,4.01696364448884,0,0,0,0,0,0,0,0,0,0,147.450423792426,145.962702244798,58.6518623756421,114.844696698565,42.8342941440262,68.6594581425529,0,0,5.66525457715533,5.6081217752319,2.24458044697622,4.3933092892629,1.63211264341209,2.61534007117069,0,0,577.494935531218,558.335196963323,224.92952706071,460.787772661747,196.922301672176,320.249533001371,0,0,22.1881243975325,21.4521386845633,8.61488711969497,17.6421958314664,7.51441850410643,12.2171119989361,0,0,0,0,25.0286000961705,53.02577052389,19.5707644591696,31.6745914574975,0,0,0,0,0,0,0,0,0,0,98.9831344416047,55.1199555244718,43.262509289541,40.0741902364072
"59",1994,2892,4.83333333333333,7007.99051990323,6526.65002657243,939.528134487531,1772.87647618011,379.73481810902,583.355494616765,0,0,0,0,0,0,0,0,0,0,0,0,1.45960777241423,2.81390218282054,0.68821680842165,1.06145508025965,0,0,0,0,0,0,0,0,0,0,2596.14761383347,2433.3114576593,266.351273297716,507.354630018798,101.299165409235,158.143568145072,0,0,99.7481430029473,93.49171748016,10.2625530366167,19.5504502644245,3.9032585612215,6.09361699447954,0,0,29232.6912725346,27402.4440450646,3528.33859595835,6677.0933298689,1471.35181177656,2256.61557880991,0,0,1123.13930054605,1052.84702453251,136.765787950297,259.068779560095,57.47526681181,88.2310881849063,0,0,0,0,5.73741787982891,11.0828943162174,2.65722067090834,4.09131193779165,0,0,0,0,0,0,0,0,0,0,147.55548727378,145.840191154947,59.5299430669099,116.588777939696,43.7727992100052,70.2478228026729,0,0,5.66929150690138,5.60341468992429,2.27818419115684,4.4600151613478,1.66789774050979,2.67587903135746,0,0,573.978313195195,554.276817973656,227.884081611788,467.132650900031,200.676993220903,326.861208513789,0,0,22.0530121599533,21.2962091661515,8.72794385408574,17.8848552962902,7.65763533795507,12.4692017012037,0,0,0,0,25.4488047086902,53.9528609527195,19.9801660636603,32.382715755066,0,0,0,0,0,0,0,0,0,0,100.690687570235,55.9999000919899,44.5757734324883,41.2698771769879
"60",1994,2892,4.91666666666667,6992.19050900281,6501.98700642753,948.121117921843,1789.04786188293,384.978225116421,591.829700850157,0,0,0,0,0,0,0,0,0,0,0,0,1.47541578125614,2.84419044984841,0.698018534549386,1.07733571807916,0,0,0,0,0,0,0,0,0,0,2603.66720949256,2436.41117067555,270.511940518581,515.426172280075,103.67877914992,162.052972357277,0,0,100.037057893276,93.6108134112103,10.4229124016628,19.8615738208885,3.99494106790281,6.24423982477783,0,0,29149.341716022,27278.7220614639,3561.01715960903,6739.53253452994,1495.93579984742,2296.45529889067,0,0,1119.93710632504,1048.09341500951,138.040124085669,261.508945067566,58.4392177422256,89.7954195068331,0,0,0,0,5.80162968239277,11.2078401039418,2.70336481438029,4.16625859692845,0,0,0,0,0,0,0,0,0,0,147.673566408202,145.730666710231,60.4077659218787,118.334813122519,44.7279854112589,71.8660144255141,0,0,5.673828517279,5.5992065723985,2.31177847504969,4.52679653408156,1.70432070925349,2.73755789776103,0,0,570.474994544397,550.237650006487,230.826871127028,473.4597553185,204.476402914555,333.558634733181,0,0,21.9184110589995,21.1410177667727,8.84054826967774,18.1268291940685,7.80255923027959,12.7245623421017,0,0,0,0,25.870361505178,54.8838891255483,20.3950232540157,33.1011330273197,0,0,0,0,0,0,0,0,0,0,102.399532534014,56.879145069389,45.9140207582541,42.4888167173233
"61",1995,2892,5,6976.32631541389,6477.38357403492,956.526944287294,1804.89574750208,390.226728429241,600.329056064827,0,0,0,0,0,0,0,0,0,0,0,0,1.49090846700764,2.87393474130627,0.707847996232436,1.093288212697,0,0,0,0,0,0,0,0,0,0,2611.413511539,2439.71069622872,274.692979843647,523.549693627527,106.104100627747,166.044935205192,0,0,100.334683205548,93.7375864594626,10.5840578350044,20.1747026215312,4.08838459085457,6.39804338793415,0,0,29066.2850671343,27155.6606009186,3593.06515712652,6800.88972579206,1520.62542931158,2336.55866552432,0,0,1116.74616491163,1043.36518393364,139.290234046136,263.907622075666,59.4074657274923,91.370366900594,0,0,0,0,5.86483635639395,11.3310847797399,2.74979358263038,4.24182650281756,0,0,0,0,0,0,0,0,0,0,147.800888623638,145.634690254588,61.2857587481601,120.086501386061,45.6989202979994,73.5165475541631,0,0,5.67872066052845,5.59551899040471,2.34537992798621,4.59379540342798,1.74134608820691,2.80047260078571,0,0,566.982959608202,546.215430511309,233.758209366024,479.77296522632,208.31872438845,340.345060396299,0,0,21.7842434847383,20.9864775555839,8.9527128221839,18.3682669003184,7.94912144189713,12.9833181934028,0,0,0,0,26.2929657568989,55.8187435093547,20.8151512114076,33.8301641460522,0,0,0,0,0,0,0,0,0,0,104.111903399265,57.7545836632069,47.2792346572736,43.7267601610328
"62",1995,2892,5.08333333333333,6957.7593152541,6449.38277676341,966.514580720283,1823.78063282509,395.399245755227,609.074882602714,0,0,0,0,0,0,0,0,0,0,0,0,1.50619877602347,2.90410219605742,0.71753911066839,1.1096932183427,0,0,0,0,0,0,0,0,0,0,2618.92871566892,2442.68576919805,279.234743728157,532.396426776665,108.554016745008,170.183532791355,0,0,100.623429366303,93.8518935205897,10.7590649290426,20.5156404053736,4.18277529039063,6.55749624564646,0,0,28977.7985507729,27026.5497704839,3628.58612586745,6869.42705769526,1545.09074304632,2377.77464582386,0,0,1113.34660209134,1038.4045262725,140.673655439588,266.58274724362,60.3671042761038,92.9891170288104,0,0,0,0,5.92710391963838,11.455787374027,2.79586553823168,4.31950766387159,0,0,0,0,0,0,0,0,0,0,147.825612727257,145.575645422807,62.186726236657,121.973800439887,46.656425045037,75.2738240180514,0,0,5.67967083343586,5.59325038118192,2.37986779935906,4.66599508649258,1.77786217437174,2.86745765302727,0,0,563.414541496848,542.120235399144,236.721417206215,486.273358788235,212.153879564809,347.346113126747,0,0,21.6471411572854,20.8291335041067,9.06610578871724,18.6168826683212,8.0954115140009,13.2502617929088,0,0,0,0,26.713412154905,56.7670323202587,21.2357005890616,34.5818526862649,0,0,0,0,0,0,0,0,0,0,105.895626910396,58.5219331895946,48.727079743787,44.8339425469795
"63",1995,2892,5.16666666666667,6939.22773134386,6421.58059218143,976.219275226377,1842.17239421941,400.592267223075,617.858869797245,0,0,0,0,0,0,0,0,0,0,0,0,1.5216395488828,2.93447061687043,0.727257954308701,1.12616107449663,0,0,0,0,0,0,0,0,0,0,2626.68997259729,2445.87666494578,283.783518867023,541.274673258301,111.05573848482,174.414312060169,0,0,100.921629269055,93.9744928379997,10.9343485203843,20.8578030857532,4.27916145054906,6.72049990344872,0,0,28889.8088859961,26898.3529793875,3663.27688560317,6936.5180992593,1569.69668172484,2419.28354217734,0,0,1109.96612777188,1033.47898756835,142.025213727249,269.202435117844,61.3323778657522,94.6196070262669,0,0,0,0,5.98958155059863,11.5806570344365,2.84222090261897,4.39779408948033,0,0,0,0,0,0,0,0,0,0,147.871417067216,145.52365872857,63.0961199001047,123.868195301657,47.6339403135206,77.0567735679272,0,0,5.68143094004668,5.59125295691195,2.41467976213074,4.73846916094225,1.81514344026187,2.93542523446383,0,0,559.85271922566,538.049316738347,239.670781347036,492.763649807642,216.028019743708,354.443399994213,0,0,21.5102922407843,20.672722193627,9.17896800135401,18.8651084776305,8.2431909286788,13.5208770302544,0,0,0,0,27.1346817001003,57.7187026253186,21.6613810641901,35.3441312386543,0,0,0,0,0,0,0,0,0,0,107.679776881808,59.2889902206483,50.2015963358783,45.9633954859678
"64",1995,2892,5.25,6920.72764984666,6393.97227736077,985.645402930238,1860.07712863498,405.801798568713,626.675511612465,0,0,0,0,0,0,0,0,0,0,0,0,1.5371287664652,2.96487260982366,0.737006145428502,1.14269252126439,0,0,0,0,0,0,0,0,0,0,2634.69750896234,2449.28322064998,288.341287621922,550.187837045823,113.609462869431,178.738362574131,0,0,101.229291621606,94.1053781558142,11.1099842671082,21.2013206877942,4.37755075830469,6.88709643234885,0,0,28802.3149315783,26771.0657062165,3697.15170697364,7002.18380886661,1594.43312671232,2461.07217720522,0,0,1106.60469811553,1028.58839410039,143.345446056352,271.767470155332,62.3028958023402,96.2613289413923,0,0,0,0,6.05201044366117,11.705281298529,2.88886434923229,4.47668985720952,0,0,0,0,0,0,0,0,0,0,147.937325626261,145.479033860443,64.0122917953904,125.768689634258,48.631315453123,78.8670646431844,0,0,5.68396348035838,5.5895383858021,2.449752582741,4.81117926032273,1.85318432359239,3.00443918007553,0,0,556.298647466383,534.002443100265,242.606408137717,499.241790082737,219.941199118027,361.635255480664,0,0,21.3737410994033,20.5172347322775,9.2913038037721,19.1128665487524,8.392461975108,13.7951009005759,0,0,0,0,27.5567396039305,58.6736243724873,22.0921435985922,36.1169544379385,0,0,0,0,0,0,0,0,0,0,109.464601900606,60.0557925446627,51.7032477898268,47.1153783056662
"65",1995,2892,5.33333333333333,6902.25533545398,6366.55316549629,994.797441250347,1877.50116699333,411.023925997738,635.519369497003,0,0,0,0,0,0,0,0,0,0,0,0,1.55258258711201,2.99516973260835,0.746782998490357,1.15928546955501,0,0,0,0,0,0,0,0,0,0,2642.95076439551,2452.90450417884,292.909830155964,559.138922645208,116.215363023671,183.156657251475,0,0,101.546394893701,94.2445136600385,11.2860401158198,21.5463079730739,4.47794996411762,7.05732340047523,0,0,28715.3156010005,26644.6832232069,3730.22526930833,7066.44600042356,1619.29012696569,2503.12746425708,0,0,1103.26227138683,1023.73256421947,144.634905596807,274.278670082161,63.2782734424696,97.9137776328935,0,0,0,0,6.11418050594022,11.8293235354964,2.93579453157279,4.55619183586986,0,0,0,0,0,0,0,0,0,0,148.02244134748,145.442039738708,64.9339352000269,127.674557470575,49.6483974620986,80.7061164908482,0,0,5.68723398814017,5.58811700020575,2.48503614843999,4.88409746605773,1.89197914815578,3.07455381386186,0,0,552.753438092114,529.97946164966,245.528170498264,505.705653148371,223.893384151269,368.920152265563,0,0,21.2375304529194,20.362665247877,9.40310857572105,19.3600760613484,8.54322361801137,14.0728756901898,0,0,0,0,27.9795121304099,59.6316044673091,22.5279356089653,36.9002680016151,0,0,0,0,0,0,0,0,0,0,111.250339100663,60.8223796762653,53.2324632019265,48.290144828565
"66",1995,2892,5.41666666666667,6883.8072262342,6339.3187709665,1003.67977813784,1894.45074000583,416.254831618027,644.385100738411,0,0,0,0,0,0,0,0,0,0,0,0,1.56793261185155,3.02524824897975,0.756586095424215,1.17593570018044,0,0,0,0,0,0,0,0,0,0,2651.44870457771,2456.7391060709,297.490748956026,568.130600586256,118.873626464423,187.670131197999,0,0,101.872899345146,94.3918451969087,11.4625772428256,21.8928669561486,4.58036635841503,7.23121690921132,0,0,28628.8100903672,26519.2011071288,3762.51208099417,7129.32633421156,1644.25799941222,2545.43660928897,0,0,1099.93881670867,1018.91132797713,145.894139302697,276.73684722675,64.2581362087401,99.5764588499644,0,0,0,0,6.17592265414631,11.9525111878846,2.98300576080699,4.63629178569418,0,0,0,0,0,0,0,0,0,0,148.12595109603,145.412914976926,65.8600288096084,129.585293848268,50.685046956313,82.575149708809,0,0,5.69121122156932,5.58699796804305,2.52049131860395,4.95720439763216,1.93152273990116,3.14581588085091,0,0,549.218158786486,525.980298939103,248.435755058182,512.153068635666,227.884476063295,376.296721402466,0,0,21.1017013232763,20.2090109184524,9.51437054635557,19.6066544827989,8.69547235192268,14.354149744724,0,0,0,0,28.402895091956,60.5924011917555,22.9687030742494,37.6940141822985,0,0,0,0,0,0,0,0,0,0,113.037215125401,61.5887924921078,54.789657772295,49.4879573257162
"67",1995,2892,5.5,6865.37989874191,6312.26475481164,1012.29671708144,1910.93198284447,421.490787011455,653.267452008682,0,0,0,0,0,0,0,0,0,0,0,0,1.58312260998797,3.05501400060395,0.766411818448736,1.19263750273849,0,0,0,0,0,0,0,0,0,0,2660.18996608434,2460.78528376328,302.085496877642,577.165265351989,121.584456781396,192.279698081796,0,0,102.208752590987,94.5473058143733,11.6396511231239,22.2410891170993,4.68480783875459,7.40881222453261,0,0,28542.7977808948,26394.6151428517,3794.02647541369,7190.84629989811,1669.32731330763,2587.98709220872,0,0,1096.63431031584,1014.12452342047,147.123687736563,279.142807841302,65.2421190038425,101.248888534016,0,0,0,0,6.23709990058335,12.0746221149634,3.03048941183533,4.71697797661421,0,0,0,0,0,0,0,0,0,0,148.247112707869,145.391870055214,66.7897697600221,131.500558212907,51.7411391608544,84.4752268617204,0,0,5.6958666656245,5.58618937630165,2.55608734750959,5.0304870242371,1.9718104702831,3.21826609808586,0,0,545.693832161686,522.004943613804,251.328718110866,518.581855933703,231.914312430112,383.763705802638,0,0,20.9662930006995,20.0562713077301,9.62507294453518,19.8525188707262,8.8492022576184,14.6388756927251,0,0,0,0,28.826762064982,61.555736891939,23.4143895815062,38.4981306828254,0,0,0,0,0,0,0,0,0,0,114.825447480171,62.3550730228466,56.3752361257987,50.7090855183253
"68",1995,2892,5.58333333333333,6846.97005446892,6285.38691153893,1020.65247708649,1926.95093471296,426.728153069321,662.161259378747,0,0,0,0,0,0,0,0,0,0,0,0,1.59810705237299,3.08439010564149,0.776255584852852,1.20938395888318,0,0,0,0,0,0,0,0,0,0,2669.17292158224,2465.0410270129,306.695388273294,586.245058542246,124.348073558259,196.986256579949,0,0,102.553892106483,94.7108182756774,11.8173119542613,22.5910562858291,4.79128290809975,7.59014402587595,0,0,28457.2781938822,26270.9212796012,3824.78260152656,7251.02719960641,1694.48889118305,2630.76666748935,0,0,1093.34873382496,1009.37199491142,148.324084708667,281.497351455218,66.2298662488073,102.930592841055,0,0,0,0,6.29760337181355,12.1954784793283,3.07823453369549,4.79823589845298,0,0,0,0,0,0,0,0,0,0,148.3852497769,145.379088257577,67.7225438020723,133.420149192625,52.8165645665782,86.407271570632,0,0,5.70117433180008,5.58569826705058,2.59180073693044,5.10393768967566,2.01283828371764,3.29193988369124,0,0,542.181434485642,518.053438419158,254.206511840421,524.989841539779,235.982667174449,391.319937188891,0,0,20.8313429947937,19.9044480580535,9.73519500622612,20.0975865430893,9.00440500009633,14.927009566283,0,0,0,0,29.2509683213349,62.5213040749755,23.8649358169756,39.3125499863105,0,0,0,0,0,0,0,0,0,0,116.615245038051,63.1212643438279,57.9895938878252,51.9538062173154
"69",1995,2892,5.66666666666667,6828.5745011157,6258.68115065969,1028.75119500793,1942.51354091117,431.963377033322,671.061445501941,0,0,0,0,0,0,0,0,0,0,0,0,1.61284920999898,3.11331396921894,0.786112140594423,1.22616729601591,0,0,0,0,0,0,0,0,0,0,2678.39575979151,2469.50413765132,311.321615704069,595.371902957448,127.164712750149,201.790699236557,0,0,102.908248299362,94.8822981236749,11.9956052932042,22.9428419436121,4.89980069091011,7.77524674791815,0,0,28372.2509366581,26148.1155779506,3854.79441894341,7309.8901345663,1719.7338018656,2673.76335598355,0,0,1090.08207215774,1004.65359109009,149.495857078692,283.801270351458,67.2210316231273,104.621107835832,0,0,0,0,6.35734715627717,12.3149388233596,3.12622861568981,4.88004914816252,0,0,0,0,0,0,0,0,0,0,148.53974407154,145.374727311466,68.6578870087741,135.34397250866,53.9112291681397,88.3720925623627,0,0,5.7071104667394,5.58553070043464,2.62761376297167,5.17755287187501,2.05460270969151,3.36686827520167,0,0,538.681895606882,514.125870078699,257.068516149802,531.374877866949,240.089252006096,398.964308512209,0,0,20.6968870316572,19.753544501477,9.84471319719367,20.3417758054047,9.16106988115553,15.2185097479817,0,0,0,0,29.6753556311376,63.4887728744707,24.3202790612462,40.1371987466033,0,0,0,0,0,0,0,0,0,0,118.406808836745,63.8874104337843,59.633119655609,53.2224027528405
"70",1995,2892,5.75,6810.19013693625,6232.14348118074,1036.59692770511,1957.6256548417,437.192990047233,679.963017436851,0,0,0,0,0,0,0,0,0,0,0,0,1.62731945856601,3.14173460512151,0.795975804519895,1.24297918330667,0,0,0,0,0,0,0,0,0,0,2687.85655263799,2474.17229692112,315.965265186279,604.547533096522,130.034626200807,206.693919206203,0,0,103.271747089933,95.0616562679973,12.1745726371839,23.2965123873299,5.01037091607869,7.96415484111082,0,0,28287.7156572702,26026.1941654274,3884.07569299913,7367.45599241961,1745.05335465502,2716.96543842617,0,0,1086.83431180008,999.9691631691,150.639524558546,286.055349070032,68.2152778491553,106.31997925016,0,0,0,0,6.41626373587163,12.4328910118113,3.1744582155907,4.9624001630399,0,0,0,0,0,0,0,0,0,0,148.710028574087,145.378921268787,69.5954523188263,137.272013308466,55.0250543173216,90.3704055631447,0,0,5.71365328479731,5.58569182694606,2.66351318926849,5.25133211362951,2.09710085966655,3.44307876549683,0,0,535.196099453295,510.222360142721,259.91406604263,537.734858824347,244.233718548068,406.695749473502,0,0,20.5629590730457,19.6035653081559,9.95360226444638,20.5850065527371,9.31918391865456,15.5133360365563,0,0,0,0,30.0997565143261,64.4577977085871,24.7803528189501,40.971997320881,0,0,0,0,0,0,0,0,0,0,120.200332824935,64.653556030596,61.3061967762771,54.5151644468692
"71",1995,2892,5.83333333333333,6791.81394254359,6205.77000331162,1044.19365388891,1972.29303997447,442.413605469367,688.861065297695,0,0,0,0,0,0,0,0,0,0,0,0,1.64149426629038,3.16961101889217,0.805840588860982,1.25981088044825,0,0,0,0,0,0,0,0,0,0,2697.55328916199,2479.04310003473,320.627325881833,613.773513655265,132.958080168912,211.696812500542,0,0,103.644311213908,95.2488003128608,12.3542517926134,23.6521274351081,5.1230038612981,8.15690285907179,0,0,28203.6720219445,25905.1532142746,3912.63999257114,7423.74544046077,1770.43909499888,2760.36145113095,0,0,1083.60543993609,995.318564079115,151.755599622205,288.260364141395,69.2122765327935,108.026762324518,0,0,0,0,6.47430129531231,12.5492480301875,3.2229092565315,5.04527057565187,0,0,0,0,0,0,0,0,0,0,148.895582940497,145.391782236284,70.5349905897635,139.204321115391,56.1579761651643,92.4028470290695,0,0,5.72078279359778,5.58618595390834,2.69948953869108,5.3252774412947,2.14033040700525,3.52059582693085,0,0,531.724885304032,506.343059390931,262.742466286666,544.067726968906,248.415660963984,414.513212483412,0,0,20.4295913652414,19.4545162712866,10.0618357986966,20.8272005455085,9.4787319459513,15.8114491110852,0,0,0,0,30.5239966860272,65.4280211793868,25.2450867308126,41.8168596377533,0,0,0,0,0,0,0,0,0,0,121.996004376733,65.4197465219732,63.0092044147053,55.8323862485991
"72",1995,2892,5.91666666666667,6773.44297222648,6179.55689971462,1051.54527601166,1986.52137179773,447.621917056919,697.750760792753,0,0,0,0,0,0,0,0,0,0,0,0,1.65535514654241,3.19691053895432,0.815700329652491,1.27665339745682,0,0,0,0,0,0,0,0,0,0,2707.48391161716,2484.11409272888,325.308700422261,623.051259402929,135.935354224256,216.800280933013,0,0,104.025861609382,95.4436359615457,12.5346772682582,24.0097411847392,5.23771031161419,8.35352557275391,0,0,28120.1196910386,25784.9889178771,3940.50068777025,7478.77891837722,1795.88279968632,2803.9401811399,0,0,1080.39544352415,990.701647563128,152.844587410125,290.417083799953,70.2117079861199,109.741021629073,0,0,0,0,6.53142092810955,12.663943633044,3.27156735371553,5.12864160012693,0,0,0,0,0,0,0,0,0,0,149.095928762595,145.41340209256,71.4763307435637,141.140993886572,57.3099450287358,94.4699879256688,0,0,5.72848061200162,5.58701661144709,2.73553633000457,5.39939274890023,2.1842895641385,3.59944143736143,0,0,528.269049069298,502.488142044251,265.553006763015,550.371481037026,252.634618537178,422.415658248045,0,0,20.296814488225,19.3064040847154,10.1693868232851,21.068281700143,9.63969670935838,16.1128099808309,0,0,0,0,30.9478975896454,66.3990781013249,25.7144064671374,42.6716930465765,0,0,0,0,0,0,0,0,0,0,123.794004826184,66.1860278354759,64.7425186629861,57.1743683755823
"73",1996,2892,6,6754.77191126768,6153.0839549945,1058.84633137857,2000.68551448459,452.810238887734,706.652722969594,0,0,0,0,0,0,0,0,0,0,0,0,1.66888512160589,3.22367481596272,0.825540283604331,1.29354358599995,0,0,0,0,0,0,0,0,0,0,2717.63645483112,2489.38156367885,330.011628331986,632.399169641738,138.965402680878,222.013286560179,0,0,104.415938555297,95.6460206190211,12.7159347825313,24.3700616440756,5.35444997991189,8.55436830855477,0,0,28036.8212038843,25665.4871435969,3967.76946915712,7532.91784431958,1821.35787666084,2847.79214293204,0,0,1077.19519891465,986.110186311207,153.910763575117,292.539433166935,71.2125340631318,111.466303242204,0,0,0,0,6.58756316889915,12.7771608174888,3.32038405979955,5.21268000705861,0,0,0,0,0,0,0,0,0,0,149.302001026344,145.445850020709,72.4219449534048,143.095939574709,58.4791646904325,96.5825480672951,0,0,5.73639844814712,5.58826330097472,2.77174880250909,5.47421128888816,2.22890998052596,3.6800242800233,0,0,524.830064763034,498.661839687992,268.342260004745,556.651959367817,256.887428122165,430.417520770298,0,0,20.1646850756136,19.159391332767,10.2761241444571,21.3084737338654,9.80195785160373,16.4179698870805,0,0,0,0,31.3711159150363,67.3717966764824,26.1879679378916,43.537955014042,0,0,0,0,0,0,0,0,0,0,125.597650566156,66.9418691123577,66.5096489888048,58.5224491040913
"74",1996,2892,6.08333333333333,6734.95879988668,6125.19390029005,1066.6203270254,2015.80157471432,457.968754978411,715.641581593664,0,0,0,0,0,0,0,0,0,0,0,0,1.68222121442045,3.25034022150137,0.83533178807842,1.31060469826263,0,0,0,0,0,0,0,0,0,0,2727.98322010431,2494.83838995423,334.745607598533,641.875147738104,142.045422632887,227.36121194944,0,0,104.813477823322,95.85568061091,12.8983887240348,24.7353172977343,5.47311475862229,8.76040889998924,0,0,27953.1085959123,25546.0480356353,3994.73059054601,7587.12875557856,1846.8068724501,2892.19916946486,0,0,1073.97904175286,981.521132928005,154.965024314622,294.664697632656,72.2125060284577,113.213639463582,0,0,0,0,6.64272153017795,12.8897012255473,3.36924846562753,5.29789627797175,0,0,0,0,0,0,0,0,0,0,149.491428132436,145.494073074049,73.3779347026868,145.103677745685,59.661186391929,98.7671816588975,0,0,5.74367675049405,5.59011609641075,2.80836187309211,5.5510563348526,2.27402222930236,3.7633602618607,0,0,521.407745696275,494.874775253724,271.103084375588,562.9341939585,261.164813166704,438.564308832099,0,0,20.0331959541812,19.0138861655998,10.381774286803,21.5487348947286,9.96516176250558,16.7286652007989,0,0,0,0,31.7930084383399,68.3492465318532,26.6648972681035,44.4199792531529,0,0,0,0,0,0,0,0,0,0,127.415586019751,67.6578157060759,68.3197003547101,59.8232370272918
"75",1996,2892,6.16666666666667,6715.15101932935,6097.46928770944,1074.13813537628,2030.45881672134,463.114744667766,724.621807987107,0,0,0,0,0,0,0,0,0,0,0,0,1.69542982208061,3.27674861228329,0.8451050628007,1.32766040163828,0,0,0,0,0,0,0,0,0,0,2738.56131006675,2500.48640575389,339.508656220633,651.420689407302,145.181523880515,232.81652774984,0,0,105.219904955836,96.0726864100664,13.0819636615697,25.1032555885122,5.59394003945032,8.9705865692373,0,0,27869.8811770194,25427.4667862181,4021.01592499256,7640.12498212228,1872.29449635432,2936.77354437642,0,0,1070.78152511556,976.965039934829,155.993247581039,296.74322140741,73.2141535353846,114.967857201751,0,0,0,0,6.69703878881026,13.0007339992888,3.41827814222342,5.38358233095538,0,0,0,0,0,0,0,0,0,0,149.697798591226,145.550233428742,74.3342000333464,147.110630809852,60.8630737849643,100.98500130158,0,0,5.75160604173225,5.59227385569124,2.84498690560879,5.62787435826539,2.31989567908652,3.84796799466236,0,0,517.9986448703,491.111541235566,273.845491999169,569.189207291924,265.475821440732,446.798747675662,0,0,19.902214685402,18.8692966020166,10.4867216233516,21.787957820621,10.1296540406103,17.0427118806316,0,0,0,0,32.214019433442,69.3266162231688,27.1461185879247,45.3118966908399,0,0,0,0,0,0,0,0,0,0,129.235930383805,68.3740191269168,70.1613989159399,61.1485872453356
"76",1996,2892,6.25,6695.34625532349,6069.90689657756,1081.40386890579,2044.6632076986,468.244858269734,733.588457865623,0,0,0,0,0,0,0,0,0,0,0,0,1.70846245308839,3.30281651158265,0.85485758584049,1.34470621023934,0,0,0,0,0,0,0,0,0,0,2749.36713380367,2506.32201471147,344.300595940907,661.035454762843,148.373898292052,238.380107234064,0,0,105.635081984149,96.2968998383432,13.2666527174632,25.4738634217863,5.71693324483828,9.1849350091296,0,0,27787.1394306863,25309.740335013,4046.63859765697,7691.92675879461,1897.81332522422,2981.50491981519,0,0,1067.60266758527,972.441789748145,156.995930069935,298.77576616706,74.2171871157636,116.728553445161,0,0,0,0,6.75048344482519,13.1101998398754,3.46746180876134,5.46972329174222,0,0,0,0,0,0,0,0,0,0,149.920450396552,145.614442317985,75.2911939750451,149.118320801881,62.084737081107,103.237125799437,0,0,5.76016088659434,5.59474085257841,2.88164138683169,5.70472387065785,2.36652703084881,3.93389036046087,0,0,514.603901064433,487.372417249375,276.568595040721,575.414224522509,269.820042251617,455.119218320696,0,0,19.7717850227907,18.7256333853055,10.5909323324957,22.0260367783469,10.2954193734638,17.36004894654,0,0,0,0,32.6339917133473,70.3035741483549,27.631543481337,46.2135935398162,0,0,0,0,0,0,0,0,0,0,131.058885744953,69.0905187089607,72.0351250079587,62.4987583653873
"77",1996,2892,6.33333333333333,6675.54213171929,6042.50346062285,1088.42154275435,2058.42058985133,473.35582128044,742.536658939939,0,0,0,0,0,0,0,0,0,0,0,0,1.72127992581137,3.32847585127487,0.864585875027409,1.36173640044026,0,0,0,0,0,0,0,0,0,0,2760.3976199093,2512.34208373077,349.121327625465,670.719232421536,151.622789245422,244.05288090856,0,0,106.058890899942,96.528200517174,13.4524520537035,25.8471326378243,5.84210377304582,9.40349010673368,0,0,27704.883458997,25192.8653028619,4071.61146169542,7742.5539580497,1923.35613109005,3026.38315392719,0,0,1064.44247309066,967.951252534632,157.973558295191,300.763080063298,75.2213246380538,118.495332802515,0,0,0,0,6.80303301133191,13.2180549759245,3.51678785071688,5.55630377327544,0,0,0,0,0,0,0,0,0,0,150.15877216591,145.68678708667,76.2492916744919,151.128017156638,63.3261092845493,105.524540829112,0,0,5.76931779484885,5.597520443007,2.91833981090218,5.78165370203417,2.41391385325116,4.02116517076774,0,0,511.224545552732,483.657660115133,279.271586414669,581.606737206348,274.196986214973,463.524158438804,0,0,19.6419465893533,18.5829063829003,10.6943756990013,22.2628762541995,10.4624394523281,17.6806175876475,0,0,0,0,33.0527662461005,71.2797840015522,28.1210801980903,47.124949967083,0,0,0,0,0,0,0,0,0,0,132.884646436427,69.8073542922717,73.9412615378738,63.8740226234685
"78",1996,2892,6.41666666666667,6655.73623646816,6015.25569207598,1095.19508033751,2071.73668968258,478.444435068779,751.46161331348,0,0,0,0,0,0,0,0,0,0,0,0,1.73385069113392,3.35367127207627,0.874285770584238,1.37874436019185,0,0,0,0,0,0,0,0,0,0,2771.65010183829,2518.54383825294,353.970812432927,680.471907602342,154.928478154413,249.835821865244,0,0,106.491229250277,96.7664818435709,13.6393601495682,26.2230587880918,5.96946248133046,9.62628938157108,0,0,27623.1130618294,25076.8380658566,4095.94710869214,7792.02610637625,1948.915883395,3071.3983161697,0,0,1061.30093394922,963.49328905727,158.926608986812,302.705898355443,76.2262914030682,120.267807718587,0,0,0,0,6.8546723142733,13.324268329872,3.56624454719474,5.64330816719697,0,0,0,0,0,0,0,0,0,0,150.412200254845,145.767335214951,77.2088071553467,153.140784812039,64.5871444692742,107.848123284667,0,0,5.77905511043092,5.60061521967649,2.95509432197598,5.85870484260842,2.46205451820354,4.10982609509849,0,0,507.861516084532,479.967509594626,281.95372785705,587.764462038803,278.606094988605,472.012045576893,0,0,19.5127354147388,18.4411248068324,10.7970236547163,22.4983893710377,10.6306933428677,18.0043605228083,0,0,0,0,33.4701837723921,72.2549076150258,28.6146336997314,48.0458401313377,0,0,0,0,0,0,0,0,0,0,134.713399598923,70.5245660967043,75.8801935989896,65.2746638763588
"79",1996,2892,6.5,6635.9261408027,5988.16029887208,1101.7283205664,2084.61712887069,483.507574953028,760.358596698107,0,0,0,0,0,0,0,0,0,0,0,0,1.74614937941302,3.37835776109723,0.883952647113088,1.39572285415368,0,0,0,0,0,0,0,0,0,0,2783.12222632878,2524.92477931034,358.849056872749,690.293437051754,158.29127408691,255.729934757301,0,0,106.93200661907,97.0116478032009,13.8273772282162,26.6016401730951,6.09902128770326,9.85337156287147,0,0,27541.8278000702,24961.6548127846,4119.6578849028,7840.36240786287,1974.48574399744,3116.54068384132,0,0,1058.17803329598,959.06775288252,159.855549704435,304.604944303553,77.2318199631085,122.045598355907,0,0,0,0,6.90539203752599,13.4288190662418,3.6158202192168,5.73072083906835,0,0,0,0,0,0,0,0,0,0,150.680214601715,145.856137758229,78.1700066833789,155.157524555634,65.8678152446546,110.208661997531,0,0,5.78935285179213,5.60402714422055,2.9919152270347,5.93591198806108,2.51094810494361,4.19990345087515,0,0,504.515670031823,476.30219267299,284.614339625234,593.885304455171,283.046750584449,480.581383188611,0,0,19.3841844403808,18.3002973782336,10.8988503817208,22.7324964915103,10.8001578399256,18.3312214681245,0,0,0,0,33.8860859736468,73.2286070665554,29.1121058019649,48.9761323782217,0,0,0,0,0,0,0,0,0,0,136.54532588665,71.2421946237835,77.8523082934951,66.7009758973323
"80",1996,2892,6.58333333333333,6616.1094113969,5961.21399571952,1108.025020629,2097.0674290093,488.542190846742,769.222959971454,0,0,0,0,0,0,0,0,0,0,0,0,1.75815596674698,3.40249929466327,0.89358153432857,1.41266417536788,0,0,0,0,0,0,0,0,0,0,2794.81190264193,2531.48263783764,363.756104219066,700.183834588626,161.71150775594,261.73624952084,0,0,107.381142676793,97.2636112149457,14.0165049271611,26.982877287662,6.23079294038767,10.0847763487849,0,0,27461.0270299195,24847.3115769177,4142.75589568711,7887.5817511659,2000.0590683584,3161.80074487244,0,0,1055.07374640151,954.674491601686,160.760839006604,306.460929437655,78.2376501724143,123.828332705904,0,0,0,0,6.95518788277771,13.531695175304,3.66550331516939,5.81852624160542,0,0,0,0,0,0,0,0,0,0,150.962336445665,145.953231226177,79.1331160928522,157.178995630537,67.1681109873893,112.606869352842,0,0,5.80019262422184,5.60775761940232,3.02881127700311,6.01330440529296,2.56059433294287,4.29142464622925,0,0,501.187791456057,472.661925744811,287.252795316107,599.967339026649,287.518280556012,489.230691759106,0,0,19.2563237910139,18.16043241133,10.9998321122693,22.9651244652321,10.9708076652477,18.6611447988428,0,0,0,0,34.3003162765149,74.2005461207774,29.6133952305152,49.9156892636009,0,0,0,0,0,0,0,0,0,0,138.380599840338,71.9602805946363,79.8579947263648,68.1532614905634
"81",1996,2892,6.66666666666667,6596.28362344505,5934.41351569388,1114.08886083988,2109.09301900721,493.54530632943,778.050129255461,0,0,0,0,0,0,0,0,0,0,0,0,1.76985477976366,3.42606721407417,0.90316725442282,1.42956031801844,0,0,0,0,0,0,0,0,0,0,2806.71724260837,2538.21532107842,368.692024240125,710.143153833348,165.189524293369,267.855813495508,0,0,107.838564876957,97.5222916717564,14.2067459040327,27.3667721580836,6.36479074057069,10.320544104178,0,0,27380.7099440334,24733.804273247,4165.25301574694,7933.70272422794,2025.62940259631,3207.16919632021,0,0,1051.98804225272,950.31334826154,161.642926837394,308.274554116324,79.2435290823496,125.61564654139,0,0,0,0,7.00405957426304,13.6328917894914,3.71528250230906,5.90670903679772,0,0,0,0,0,0,0,0,0,0,151.258125065677,146.058639915496,80.0983295932617,159.205842924736,68.4880358246914,115.043395387438,0,0,5.8115574945567,5.61180757874275,3.0657900047303,6.09090697384909,2.61099348539185,4.38441471737596,0,0,497.878600161566,469.046917122018,289.868515123852,606.008785005434,292.019964700481,497.958499282774,0,0,19.1291811225195,18.0215379097998,11.0999468687347,23.1962056898627,11.1426157228056,18.9940751862815,0,0,0,0,34.712720660498,75.1703917089991,30.1183977501393,50.8643677101472,0,0,0,0,0,0,0,0,0,0,140.219390410316,72.6788648787824,81.8976439288373,69.631831351512
"82",1996,2892,6.75,6576.44637008243,5907.75561847959,1119.92344833837,2120.69924068958,498.514017974117,786.835606147459,0,0,0,0,0,0,0,0,0,0,0,0,1.78123375118622,3.44903900276711,0.912704514589123,1.44640309526833,0,0,0,0,0,0,0,0,0,0,2818.83651871696,2545.12087555768,373.656905914965,720.171476010739,168.725678173299,274.089685903927,0,0,108.304206845823,97.7876141180002,14.3981035569026,27.753327873833,6.50102834759585,10.5607156488794,0,0,27300.8756001382,24621.1287242613,4187.16089659093,7978.74362466856,2051.19048083208,3252.63694293681,0,0,1048.9208846522,945.984162354774,162.502254807655,310.046507920446,80.249210846564,127.407183370012,0,0,0,0,7.05201011705767,13.7324099201235,3.76514672090498,5.995254170727,0,0,0,0,0,0,0,0,0,0,151.567174833474,146.172377627458,81.0658158909372,161.238616717814,69.8276067038485,117.518838104534,0,0,5.82343187794891,5.6161775525113,3.10285796003292,6.16874094240064,2.66214633572804,4.47889672162623,0,0,494.588758642758,465.457368563576,292.460961044265,612.007988318924,296.551040377703,506.763334162004,0,0,19.0027818888465,17.8836216255453,11.1991742783689,23.4256774193523,11.3155533014278,19.3299573269782,0,0,0,0,35.1231482410779,76.1378150246277,30.6270062995601,51.8220191645549,0,0,0,0,0,0,0,0,0,0,142.061861400456,73.3979884384574,83.9716488489476,71.1370032317757
"83",1996,2892,6.83333333333333,6556.5952697998,5881.23709673671,1125.53232036138,2131.89135366347,503.445494632265,795.574967861033,0,0,0,0,0,0,0,0,0,0,0,0,1.79228380710482,3.4713972743212,0.922187975901332,1.46318422805126,0,0,0,0,0,0,0,0,0,0,2831.16813150075,2552.19745861715,378.650851695934,730.268900374552,172.320329239367,280.438933490401,0,0,108.778007129312,98.0595077557991,14.590581803887,28.1425482198105,6.63951962649049,10.805332090371,0,0,27221.5229432509,24509.2806798043,4208.49097309101,8022.7224686002,2076.736222198,3298.19509524792,0,0,1045.87223307197,941.686770582961,163.339256441354,311.777469986285,81.2544566129622,129.202594368586,0,0,0,0,7.09904518913537,13.8302554157643,3.8150852184892,6.08414692309778,0,0,0,0,0,0,0,0,0,0,151.88911238604,146.294449080977,82.0357229365039,163.277788577339,71.1868515403521,120.0337518285,0,0,5.83580142923032,5.62086772201846,3.14002089205838,6.24682453782007,2.71405407703439,4.57489205561241,0,0,491.318878000611,461.893476291478,295.029633009246,617.963406803726,301.110707152049,515.643719513637,0,0,18.8771495693327,17.7466910977302,11.2974954238366,23.6534811963623,11.4895902516023,19.6687357253968,0,0,0,0,35.5314517176664,77.1024923898833,31.1391111371139,52.7884897701842,0,0,0,0,0,0,0,0,0,0,143.908171877825,74.1176922811521,86.0804043651936,72.6691012539093
"84",1996,2892,6.91666666666667,6536.72797264572,5854.85478132907,1130.91894724143,2142.6745397179,508.336976711227,804.263867334214,0,0,0,0,0,0,0,0,0,0,0,0,1.80299834617161,3.49312890961633,0.931612308274973,1.47989541637552,0,0,0,0,0,0,0,0,0,0,2843.71058252954,2559.44331509679,383.673972667744,740.435536109283,175.973839334945,286.904626713558,0,0,109.25990815534,98.3379051490978,14.7841848971399,28.5344373652517,6.78027851861508,11.0544346777099,0,0,27142.6508240554,24398.255833376,4229.25446948337,8065.65699851364,2102.26072770356,3343.83496740174,0,0,1042.84204335952,937.421007482846,164.15435740064,313.468109302755,82.2590344099621,131.001538308431,0,0,0,0,7.14517262612993,13.9264380763714,3.86508757407469,6.17337294349311,0,0,0,0,0,0,0,0,0,0,152.223593975785,146.424851132097,83.008181864633,165.323764769037,72.5658075691099,122.588654299516,0,0,5.84865294110161,5.62587796647036,3.17728390065587,6.32517347904313,2.76671825914214,4.67242072547849,0,0,488.069523124545,458.355431708448,297.574065580508,623.873597614503,305.698130899411,524.598168479174,0,0,18.752305867799,17.6107536803541,11.3948927152963,23.8795623680916,11.6646951418328,20.0103545147762,0,0,0,0,35.9374877301083,78.0641059649864,31.654599989312,53.7636205460006,0,0,0,0,0,0,0,0,0,0,145.758476548966,74.8380174177444,88.2243072981313,74.2284553247885
"85",1997,2892,7,6517.57293659404,5829.09026847124,1136.41532208022,2153.69229112607,513.060933727176,812.749668544854,0,0,0,0,0,0,0,0,0,0,0,0,1.81317632543052,3.51394712837513,0.940741111062717,1.49625219920276,0,0,0,0,0,0,0,0,0,0,2856.47648486169,2566.90606104512,388.64727408205,750.560879678727,179.641136426761,293.431589241847,0,0,109.75039453778,98.6246357826267,14.9758723032833,28.9247414296604,6.92156854228939,11.3058977057989,0,0,27064.8308438124,24288.7847035295,4248.92905151076,8106.92314854766,2127.23611872121,3388.92351835483,0,0,1039.85227743944,933.214940760515,164.927277714653,315.094102673564,83.242285935037,132.779210956937,0,0,0,0,7.18951371347585,14.01967667103,3.91418190503192,6.26176241094093,0,0,0,0,0,0,0,0,0,0,152.514080804019,146.522761939043,83.9610577163688,167.345822674036,73.9113534408839,125.116363258615,0,0,5.8598141121608,5.62963984509119,3.21380094857957,6.40261479755432,2.81811359940504,4.76892231332964,0,0,484.839170042334,454.850593221658,300.047196566882,629.664226029266,310.235544925843,533.526114741813,0,0,18.6281922310563,17.4760920952689,11.4895630407439,24.1010741338118,11.8379010163549,20.3509785856645,0,0,0,0,36.3366507674579,79.0150533984793,32.1654594516116,54.7371567006158,0,0,0,0,0,0,0,0,0,0,147.689566979691,75.6143887106909,90.4941619145091,75.9379069562552
"86",1997,2892,7.08333333333333,6499.56246333094,5804.23246969884,1142.21084538308,2165.31288627014,517.552911731955,820.955954084315,0,0,0,0,0,0,0,0,0,0,0,0,1.82292376443608,3.53408468916795,0.949436765398894,1.5120870713572,0,0,0,0,0,0,0,0,0,0,2869.39395592237,2574.53851672133,393.51683294218,760.561377255824,183.282616283166,299.966512116727,0,0,110.246704433155,98.9178869352952,15.1635681564684,29.3102440732325,7.06186498408025,11.5576691877618,0,0,26988.4438925748,24181.323680494,4267.2485003978,8146.21185972104,2151.35063420758,3433.08469344959,0,0,1036.91756972363,929.086105668103,165.647662498377,316.643370457531,84.1920012613488,134.520864113364,0,0,0,0,7.23153786344222,14.1092565889975,3.96178075829518,6.34859850648681,0,0,0,0,0,0,0,0,0,0,152.737688424028,146.571838821242,84.8827260634987,169.32740988297,75.201214445448,127.587696252191,0,0,5.86840568910066,5.63152544583154,3.24912712384436,6.47851550311545,2.86739065513177,4.86328437634767,0,0,481.626732364842,451.383868786656,302.423320094748,635.297407927414,314.66978081277,542.359929243942,0,0,18.5047669181678,17.3428949140406,11.5805220820136,24.3165667119735,12.0071797474594,20.6880294673479,0,0,0,0,36.7261595554667,79.9507301980015,32.6667526679647,55.7027157389924,0,0,0,0,0,0,0,0,0,0,149.744477492867,76.4782372114366,92.9423599218225,77.8703635497045
"87",1997,2892,7.16666666666667,6481.54980995299,5779.52075029607,1147.79021553313,2176.53452979526,522.010529832174,829.117029130453,0,0,0,0,0,0,0,0,0,0,0,0,1.83260201813769,3.5540722946486,0.958062721290821,1.52783283594619,0,0,0,0,0,0,0,0,0,0,2882.41816273675,2582.24137913585,398.40528688913,770.606371243397,186.965884053485,306.592335583962,0,0,110.747115286874,99.2138432274418,15.351992492808,29.6974638042948,7.20377262488801,11.8129447459412,0,0,26912.6046187298,24074.725121612,4285.07139043134,8184.56101288447,2175.41627167542,3477.28735862187,0,0,1034.0039034407,924.990407914848,166.348816245437,318.156300340449,85.1399506038653,136.26445256355,0,0,0,0,7.27264896811734,14.1972344308592,4.00937364016936,6.43566617054428,0,0,0,0,0,0,0,0,0,0,152.985464806148,146.638342459613,85.8082972557081,171.317323184253,76.5202125336688,130.110535657244,0,0,5.87792586481504,5.63408061056541,3.2846043913868,6.55473865639503,2.91778335560262,4.95961871223626,0,0,478.435949864339,447.944453552338,304.775762630129,640.888221650018,319.118801018377,551.251526874196,0,0,18.3821736163049,17.2107469968938,11.6705799201035,24.5304489621827,12.1770328761758,21.0273026652072,0,0,0,0,37.1128514277036,80.8822310029937,33.1706558473451,56.6758190998738,0,0,0,0,0,0,0,0,0,0,151.802563621628,77.3424270355036,95.4275982309645,79.8348610016452
"88",1997,2892,7.25,6463.53006517473,5754.94963059144,1153.15650059542,2187.36168125425,526.431003527925,837.228490932882,0,0,0,0,0,0,0,0,0,0,0,0,1.84216372982233,3.57382528594232,0.966619390111479,1.54348898158724,0,0,0,0,0,0,0,0,0,0,2895.5615394415,2590.02606179097,403.314718506502,780.70023220059,190.693230163625,313.313195420644,0,0,111.252104838355,99.5129431840768,15.5412253429649,30.086568468658,7.34737936734062,12.0718831807623,0,0,26837.3017287757,23968.9753888418,4302.40673709762,8221.98476669517,2199.42752858343,3521.52278247373,0,0,1031.11084468742,920.927323504527,167.031080967568,319.633425272065,86.0859167490694,138.009632209607,0,0,0,0,7.31287413218375,14.283635485916,4.0569502939988,6.52295096820013,0,0,0,0,0,0,0,0,0,0,153.25558024711,146.721061823378,86.7374413838809,173.31507129102,77.8657912410379,132.682017524737,0,0,5.88830433943111,5.6372588095471,3.32022028016804,6.63126571274733,2.96919417739362,5.05781611475002,0,0,475.267477525537,444.532474313796,307.104003710243,646.434827092523,323.583218494106,560.200931996052,0,0,18.2604374909307,17.0796532154963,11.7597166848871,24.7426507191222,12.3474840435539,21.3687997725096,0,0,0,0,37.4965961708173,81.80926528545,33.6770434299141,57.6562790019192,0,0,0,0,0,0,0,0,0,0,153.864138305421,78.2070572925045,97.9504993799558,81.8318956214644
"89",1997,2892,7.33333333333333,6445.49884404066,5730.51412300649,1158.31276854042,2197.79884919252,530.811652353574,845.286064347662,0,0,0,0,0,0,0,0,0,0,0,0,1.85157046189229,3.59327434078585,0.975105910023016,1.55905326545983,0,0,0,0,0,0,0,0,0,0,2908.83416859102,2597.90177535243,408.246770257862,790.846429999075,194.46659891946,320.132669480056,0,0,111.76206047546,99.815540693707,15.7313298451023,30.4776913532564,7.49275984991015,12.3346219093263,0,0,26762.5255743335,23864.06240948,4319.26358975455,8258.49747528665,2223.37921158824,3565.78265411626,0,0,1028.23802276769,916.896388583772,167.694800223291,321.07528614553,87.0296943386732,139.756074995856,0,0,0,0,7.35223877926827,14.3684858246114,4.10450158795585,6.61043978941497,0,0,0,0,0,0,0,0,0,0,153.546428714913,146.818938852136,87.6699454508532,175.320371222742,79.2359564271573,135.299964878308,0,0,5.89947940685997,5.64101939039807,3.35596677998316,6.70808608819,3.02154709495002,5.15779365961798,0,0,472.12195443996,441.148099283598,309.407570050762,651.935523191904,328.063259356255,569.207733289881,0,0,18.1395830968538,16.9496200328426,11.8479143325473,24.9531071648008,12.5185421201968,21.7125057409075,0,0,0,0,37.877271867275,82.7315538295891,34.1857891481298,58.6439053071108,0,0,0,0,0,0,0,0,0,0,155.92949100925,79.072220304068,100.511634284687,83.8619382706779
"90",1997,2892,7.41666666666667,6427.45217863257,5706.20963070155,1163.26207554211,2207.85056695454,535.149890953481,853.285590042243,0,0,0,0,0,0,0,0,0,0,0,0,1.86079092308693,3.61236250829056,0.983520516185175,1.57452220048175,0,0,0,0,0,0,0,0,0,0,2922.24430733383,2605.87602030496,413.202748276593,801.047739209826,198.287654717107,327.053886806788,0,0,112.27729945104,100.121923936951,15.9223562261251,30.8709390629775,7.63997798258392,12.6012811450798,0,0,26688.2677845897,23759.9753330111,4335.65098358762,8294.11358970889,2247.26639985443,3610.05902958342,0,0,1025.38511607063,912.897186257677,168.34031725368,322.482427979307,87.9710884601356,141.503466849433,0,0,0,0,7.3907668703846,14.451811928373,4.15201926171441,6.69812055505674,0,0,0,0,0,0,0,0,0,0,153.856592008834,146.931042414306,88.6056756133981,177.333078570937,80.6291413373668,137.962722113396,0,0,5.91139657776951,5.64532657754842,3.39183889737143,6.78519448909036,3.07478241949879,5.2594883664001,0,0,468.999991086365,437.791518422482,311.686037241022,657.388744986134,332.558862053872,578.271195509802,0,0,18.019633889529,16.8206547475277,11.9351567063556,25.1617587117742,12.6902049973557,22.0583931566012,0,0,0,0,38.2547640784377,83.6488280204039,34.6967661530929,59.6385056035754,0,0,0,0,0,0,0,0,0,0,157.998891099422,79.9380026085602,103.111535960631,85.9254419335166
"91",1997,2892,7.5,6409.38645346414,5682.03188725019,1168.00745963751,2217.52137941728,539.443224005294,861.223017968996,0,0,0,0,0,0,0,0,0,0,0,0,1.86979983532907,3.63104329855805,0.991860757308226,1.58989134318396,0,0,0,0,0,0,0,0,0,0,2935.79870174991,2613.95488253374,418.183682946594,811.306359494723,202.157822170365,334.079592891084,0,0,112.798080960277,100.432326743248,16.1143441256564,31.2663961379479,7.78908848348466,12.8719663971063,0,0,26614.5210458333,23656.7043244029,4351.57791208638,8328.84760075474,2271.08442267428,3654.34429955424,0,0,1022.55184360017,908.929338647865,168.967973913778,323.855397702256,88.9099137878771,143.25150644048,0,0,0,0,7.42848105962744,14.5336404889484,4.1994957790227,6.78598204546902,0,0,0,0,0,0,0,0,0,0,154.184816389983,147.056551601484,89.5445571897244,179.353150414508,82.0441255317404,140.669055353378,0,0,5.92400768169517,5.65014883037941,3.42783389140335,6.86258949260538,3.12885369855896,5.36285338510384,0,0,465.9021634772,434.462932622527,313.939028488186,662.793057657485,337.06973645798,587.39032636237,0,0,17.900612000158,16.6927650781465,12.0214294855644,25.3685507714671,12.8624618451275,22.4064247983351,0,0,0,0,38.6289653281852,84.5608294076198,35.209847107242,60.6398852687991,0,0,0,0,0,0,0,0,0,0,160.072590111153,80.8044856262069,105.750707568708,88.0228461433636
"92",1997,2892,7.58333333333333,6391.29835533546,5657.97690991769,1172.55193541758,2226.81583212991,543.689242584047,869.094402734482,0,0,0,0,0,0,0,0,0,0,0,0,1.87857702081993,3.64927914078752,1.00012366667165,1.60515552173486,0,0,0,0,0,0,0,0,0,0,2949.50283373493,2622.1432651359,423.190377241885,821.624011922921,206.078318728277,341.2122027282,0,0,113.324615626368,100.746937497433,16.307324450488,31.6641287475633,7.94013812794127,13.1467705023913,0,0,26541.2789278408,23554.2404018436,4367.05330415305,8362.71399183326,2294.82884199363,3698.63116409172,0,0,1019.73795830461,904.99250065808,169.578109784814,325.194742329818,89.8459939130694,144.999904211492,0,0,0,0,7.46540282056068,14.6139982505075,4.24692421289728,6.87401376689957,0,0,0,0,0,0,0,0,0,0,154.52999367488,147.194742270751,90.4865593179625,181.380616826121,83.4799705752192,143.418073308284,0,0,5.93727014062615,5.65545832615744,3.46395068732914,6.94027245605607,3.18372525649177,5.4678549674569,0,0,462.829009168358,431.162545626229,316.166212961711,668.147150511106,341.595410291772,596.56392874265,0,0,17.7825380823806,16.565958852812,12.1067201194273,25.5734335203782,13.0352948866422,22.756555635076,0,0,0,0,38.9997747032017,85.4673093900104,35.7249042646635,61.647847514135,0,0,0,0,0,0,0,0,0,0,162.150823590831,81.6717461966692,108.429628734483,90.1545804609454
"93",1997,2892,7.66666666666667,6373.18482284905,5634.04095272921,1176.89848919014,2235.7384608335,547.885619665298,876.89589796514,0,0,0,0,0,0,0,0,0,0,0,0,1.88710648379995,3.66703982798794,1.00830592809902,1.62030905776878,0,0,0,0,0,0,0,0,0,0,2963.36116769623,2630.4451194104,428.223455657615,832.002036997133,210.050188831823,348.453856536147,0,0,113.857074978983,101.06590801473,16.5013212518694,32.0641884503768,8.09316705672361,13.4257757602434,0,0,26468.5357102127,23452.5752745922,4382.08600297324,8395.72719384169,2318.49543270334,3742.91260442329,0,0,1016.9432404043,901.08635374414,170.171061351821,326.501007212907,90.7791605878706,146.748381294302,0,0,0,0,7.50155257811427,14.692911859049,4.29429813057256,6.96220581696339,0,0,0,0,0,0,0,0,0,0,154.891141489914,147.344973105592,91.4316798184891,183.415552936524,84.9359562165051,146.209148670914,0,0,5.95114621035224,5.66123042447215,3.50018929809523,7.01824644779398,3.23936975380578,5.57446945879743,0,0,459.781024363045,427.890556716446,318.367303572669,673.449829389991,346.135274477379,605.790651397004,0,0,17.6654312010036,16.4402437282912,12.1910177395738,25.7763616063658,13.2086811305767,23.1087347631058,0,0,0,0,39.3670973908016,86.36802878884,36.2418095533833,62.662193451661,0,0,0,0,0,0,0,0,0,0,164.233813045449,82.5398571458765,111.148761745349,92.3210678471982
"94",1997,2892,7.75,6355.04301103354,5610.22047342111,1181.05007594457,2244.29378460292,552.03010689633,884.623752502474,0,0,0,0,0,0,0,0,0,0,0,0,1.89537571225691,3.68430132465142,1.01640398943023,1.63534592006977,0,0,0,0,0,0,0,0,0,0,2977.37732590292,2638.86360959089,433.283398320237,842.441463562259,214.074329090455,355.806460312719,0,0,114.395598191493,101.389359870055,16.696353034361,32.4666148373612,8.24820974033579,13.7090554859142,0,0,26396.2862583839,23351.7012269345,4396.68475185212,8427.90155395943,2342.08016768225,3787.18186196001,0,0,1014.1674926278,897.210601455331,170.747161451043,327.774734825847,91.7092531529896,148.496668706438,0,0,0,0,7.53694981829349,14.770407768794,4.34161151461791,7.05054879236584,0,0,0,0,0,0,0,0,0,0,155.267387695443,147.506674799581,92.3799360206532,185.458062023294,86.4115350738594,149.041862264187,0,0,5.96560238201407,5.66744325165629,3.53655047411575,7.09651560040377,3.29576645441983,5.68268116086621,0,0,456.758663371516,424.647156410051,320.542053847365,678.700008200349,350.688614822645,615.069024292262,0,0,17.5493088112445,16.3156270245475,12.2743130380923,25.9772938210655,13.382593581138,23.4629067574272,0,0,0,0,39.7308443124232,87.2627575073205,36.7604346559529,63.6827221742032,0,0,0,0,0,0,0,0,0,0,166.321767516021,83.4088877372811,113.908555781348,94.5227269285728
"95",1997,2892,7.83333333333333,6336.87026270487,5586.51210663955,1185.00961711418,2252.4863005372,556.120531814927,892.274307260955,0,0,0,0,0,0,0,0,0,0,0,0,1.90337509031541,3.70104475892156,1.02441415206464,1.65025984678333,0,0,0,0,0,0,0,0,0,0,2991.55423162767,2647.40124737962,438.370568719641,852.943065205837,218.151509587151,363.271720012435,0,0,114.94029758071,101.717389567026,16.892433820063,32.8714376955228,8.40529579509269,13.9966753198954,0,0,26324.52592207,23251.6110231256,4410.85818324911,8459.25131071236,2365.57920472812,3831.43242017887,0,0,1011.41053631013,893.364965782162,171.306738840927,329.016463796517,92.636118038046,150.244506658038,0,0,0,0,7.57161318448658,14.8465121720006,4.38885869990939,7.13903371504994,0,0,0,0,0,0,0,0,0,0,155.657956828337,147.679340730753,93.3313578801859,187.508262905005,87.9062958615328,151.915957692031,0,0,5.98060886120552,5.67407734248016,3.5730354406579,7.17508462878802,3.35289981959502,5.79248059661391,0,0,453.762339051661,421.432523487744,322.690254689712,683.896700488161,355.254637322432,624.397486689518,0,0,17.4341867756601,16.1921156106224,12.3565981415977,26.1761927744776,13.5570022038243,23.8190127438344,0,0,0,0,40.0909317964215,88.1512742166429,37.2806510876792,64.7092308411952,0,0,0,0,0,0,0,0,0,0,168.414884963681,84.278904066578,116.70945026229,96.7599737645993
"96",1997,2892,7.91666666666667,6318.66408506613,5562.91264199727,1188.77999894599,2260.32047963521,560.154795422397,899.843992606394,0,0,0,0,0,0,0,0,0,0,0,0,1.91109740333905,3.71725557032253,1.03233264184082,1.66504444287965,0,0,0,0,0,0,0,0,0,0,3005.89422714316,2656.06000287831,443.485236465041,863.507406856617,222.282392054352,370.851170610867,0,0,115.491263140495,102.050072800101,17.0895740219683,33.2786787956256,8.56445067940373,14.2886943414376,0,0,26253.2504512658,23152.2978287684,4424.61481027873,8489.79057391123,2388.9888750203,3875.65798880177,0,0,1008.67220816534,889.549184135567,171.850117868452,330.226728124821,93.5596083209572,151.991643947407,0,0,0,0,7.60556056133379,14.921250945717,4.43603432282872,7.227651972496,0,0,0,0,0,0,0,0,0,0,156.062158253169,147.862518879302,94.2859827020546,189.566280378487,89.4199333803288,154.831304302942,0,0,5.99613911272449,5.68111532961666,3.60964569660088,7.2539584647538,3.41075836056274,5.90386309314094,0,0,450.792423876586,418.24682298103,324.811731253272,689.039011423908,359.832488442369,633.774409489934,0,0,17.3200794051662,16.0697158272907,12.4378664897247,26.3730245854074,13.7318746993199,24.1769912517041,0,0,0,0,40.4472812842773,89.033366064978,37.8023302725385,65.7415147687086,0,0,0,0,0,0,0,0,0,0,170.513353492845,85.1499694078835,119.551877510859,99.0332232332983
"97",1998,2892,8,6300.78347303384,5539.60770761464,1192.55098573949,2268.33405392058,564.024173841053,907.2768771626,0,0,0,0,0,0,0,0,0,0,0,0,1.91837824850456,3.73286055310522,1.03995685561611,1.67959306762179,0,0,0,0,0,0,0,0,0,0,3020.48827804028,2665.02178326258,448.466639621455,873.942835878368,226.422631299124,378.521126266154,0,0,116.05198991432,102.394398733868,17.2815917080152,33.6809709904869,8.72396594360765,14.5842001783582,0,0,26183.3925649548,23055.2801103254,4436.81293829792,8518.36451152785,2411.84274245807,3919.61727891453,0,0,1005.98834417191,885.821598489876,172.333250340369,331.361025190036,94.4614537175886,153.728614171113,0,0,0,0,7.63800622502387,14.9941100031293,4.48227572822072,7.31595839534262,0,0,0,0,0,0,0,0,0,0,156.431937150087,148.046205700886,95.2201208380561,191.621824909229,90.9018818965903,157.760586864768,0,0,6.01034679962881,5.68817286085968,3.64547472386493,7.33274446836553,3.46741343511538,6.0157873816922,0,0,447.86201171099,415.12144019001,326.853257489457,694.0730819192,364.350446400277,643.159815639963,0,0,17.2074897843833,15.949633548275,12.5160773076615,26.5657233715955,13.9044743118529,24.5353179443437,0,0,0,0,40.7959113120209,89.9061495529696,38.3180185445778,66.7753991585164,0,0,0,0,0,0,0,0,0,0,172.678477882454,86.0402384048538,122.520186252192,101.390947885533
"98",1998,2892,8.08333333333333,6283.14327753248,5516.5514264645,1196.28028528328,2276.39946279893,567.75775693542,914.590309788379,0,0,0,0,0,0,0,0,0,0,0,0,1.92536065042829,3.74808516058123,1.04733194383916,1.6939255460111,0,0,0,0,0,0,0,0,0,0,3035.27804142046,2674.20682445144,453.35629925724,884.296536349229,230.574245556771,386.275967651106,0,0,116.620236274722,102.74730270478,17.4700815799939,34.0801254776257,8.88392004198689,14.8829773784072,0,0,26114.7378162372,22960.1809593832,4447.7762990444,8545.31722230564,2434.23562107353,3963.3507714091,0,0,1003.35070508004,882.167727403568,172.768602912282,332.432586118167,95.3453658876574,155.457004168466,0,0,0,0,7.66885441616833,15.0648560078058,4.52776654584683,7.40403500916372,0,0,0,0,0,0,0,0,0,0,156.784895485421,148.23464467112,96.1369405936113,193.670465946015,92.370098119907,160.712961458836,0,0,6.02390821531703,5.6954129773451,3.68064288412128,7.41127152397202,3.52354989675915,6.12860267545,0,0,444.965739545126,412.049087724066,328.827814862906,699.016785573831,368.818299799489,652.560552276375,0,0,17.0962118586526,15.8315887803031,12.5917287344733,26.7549752276042,14.0751748422111,24.8942546094758,0,0,0,0,41.1376182389569,90.7700624557882,38.8291818575317,67.8115559156733,0,0,0,0,0,0,0,0,0,0,174.894992572115,86.945353296236,125.594302240457,103.822507819246
"99",1998,2892,8.16666666666667,6265.46800591843,5493.59840400822,1199.82851593722,2284.11497402858,571.435817861954,921.822656203224,0,0,0,0,0,0,0,0,0,0,0,0,1.93217267931587,3.76299045050776,1.05460749053905,1.70811542172767,0,0,0,0,0,0,0,0,0,0,3050.19055304696,2683.47282399349,458.276969054003,894.714931181979,234.770061681527,394.133936328674,0,0,117.193198819042,103.103317225087,17.6597637485747,34.4817703990285,9.04557766071103,15.1857285865181,0,0,26046.5751052292,22865.8365860453,4458.39397277092,8571.55919656114,2456.51162338694,4007.02813873084,0,0,1000.73196973939,878.5428561576,173.190466360972,333.476476971087,96.2248180230119,157.183463625754,0,0,0,0,7.69871307266554,15.1338980348517,4.57314071964221,7.49219434563458,0,0,0,0,0,0,0,0,0,0,157.157524311781,148.435060795987,97.0543771207867,195.719618460466,93.862588225011,163.708698115402,0,0,6.03822539977197,5.70311327538061,3.71583652678394,7.48982263430284,3.5806174420038,6.24308197560186,0,0,442.094051338726,409.00632442415,330.775147266529,703.909722378383,373.288296178509,662.004291465264,0,0,16.9858784714345,15.7146808763311,12.6663448092703,26.9422997473977,14.2459703955325,25.2548575486639,0,0,0,0,41.4752227179501,91.6268649546276,39.3411990912531,68.8527725526407,0,0,0,0,0,0,0,0,0,0,177.116643770598,87.8516565047717,128.711159831231,106.292115244294
"100",1998,2892,8.25,6247.75513109225,5470.74545813147,1203.19839765979,2291.48486880739,575.056453753236,928.970528891335,0,0,0,0,0,0,0,0,0,0,0,0,1.93879350098636,3.77753291692035,1.061782166173,1.72215976965129,0,0,0,0,0,0,0,0,0,0,3065.23053128514,2692.82424534951,463.228485327437,905.198331082317,239.011291532111,402.097536124477,0,0,117.771058834424,103.462613788091,17.8506321978122,34.8859180247324,9.20898530791902,15.4925499846437,0,0,25978.8982583468,22772.2385629726,4468.67320476316,8597.10286515605,2478.66807366781,4050.64393432836,0,0,998.131900957079,874.946660959561,173.599117761957,334.493169222679,97.0997011399829,158.907773163846,0,0,0,0,7.72766661685944,15.2013460524314,4.61838849340471,7.58042294540515,0,0,0,0,0,0,0,0,0,0,157.548459973572,148.646759718764,97.9730725238779,197.770739371434,95.377595684618,166.746714317186,0,0,6.05324595935184,5.71124707666669,3.75108045810707,7.5684539227712,3.63854911297554,6.3591841323543,0,0,439.247715062181,405.993274186681,332.694814444449,708.749902344759,377.76062745787,671.489616059945,0,0,16.876519129263,15.5989145966562,12.7399086541492,27.1276208724501,14.4168684998186,25.6170733287523,0,0,0,0,41.8086211479863,92.4763164432886,39.8539393688716,69.8988340755448,0,0,0,0,0,0,0,0,0,0,179.343700177508,88.7592190741974,131.871284687077,108.800183419461
"101",1998,2892,8.33333333333333,6230.00230894145,5447.98957606709,1206.39261978347,2298.51340855151,578.617835727702,936.030634618817,0,0,0,0,0,0,0,0,0,0,0,0,1.94520661255302,3.79167753873188,1.0688541420274,1.73605488889951,0,0,0,0,0,0,0,0,0,0,3080.40195092073,2702.264839582,468.210612235986,915.746813812478,243.298983701464,410.168977294865,0,0,118.353969038491,103.825336515612,18.0426781118164,35.2925716467626,9.37418323984506,15.8035265060208,0,0,25911.7016365024,22679.3789962508,4478.62112514168,8621.96054300516,2500.7024712488,4094.1929639074,0,0,995.550282076094,871.37883851209,173.994829911534,335.483130186853,97.9699130107075,160.62972303795,0,0,0,0,7.75578660659918,15.2672946913028,4.663502184447,7.6687095853965,0,0,0,0,0,0,0,0,0,0,157.956491211345,148.869127966838,98.893549920138,199.825048050282,96.9137434922412,169.826249259293,0,0,6.06892335570047,5.71979081060098,3.78639489065658,7.64721236993392,3.69729245664899,6.47688031361856,0,0,436.427401352092,403.010035594467,334.586522990459,713.535689844594,382.235195616078,681.014920469772,0,0,16.7681595989648,15.4842937289864,12.812409043279,27.3108761465619,14.5878656118583,25.9808413096253,0,0,0,0,42.1377259222074,93.3181986677383,40.3672713006701,70.949523367947,0,0,0,0,0,0,0,0,0,0,181.576411865,89.6681079632051,135.075173578369,111.347123083747
"102",1998,2892,8.41666666666667,6212.20734965553,5425.32788776782,1209.41384055029,2305.20483184931,582.118203831857,942.999768428519,0,0,0,0,0,0,0,0,0,0,0,0,1.95139889262627,3.80539597062199,1.07582126421992,1.74979656030617,0,0,0,0,0,0,0,0,0,0,3095.70818989439,2711.79778498325,473.223068017787,926.3602876134,247.634047752912,418.350225671899,0,0,118.942059217126,104.191607522721,18.2358908856171,35.701728016936,9.54120638670712,16.1187337153361,0,0,25844.9800290288,22587.250424632,4488.24474537128,8646.14441220957,2522.61247074458,4137.67025581768,0,0,992.986912899697,867.839102141577,174.377871179798,336.446822347533,98.8353574044854,162.349112005612,0,0,0,0,7.7831345354597,15.3318264740642,4.70847559390832,7.75704466037884,0,0,0,0,0,0,0,0,0,0,158.380535335289,149.10161951195,99.8162380926291,201.883570196729,98.4699377918261,172.946775480057,0,0,6.08521599029705,5.72872349790133,3.82179639554221,7.72613750271598,3.75680583984145,6.5961506201359,0,0,433.633695064266,400.056683404631,336.450091042764,718.265730932946,386.711694979672,690.578474505827,0,0,16.6608223515436,15.3708211456086,12.8838390422168,27.4920139222241,14.758950261747,26.3460960881869,0,0,0,0,42.462462327996,94.1523119097831,40.8810634941511,72.0046217760946,0,0,0,0,0,0,0,0,0,0,183.815013070742,90.5783866788225,138.323302418885,113.933344468359
"103",1998,2892,8.5,6194.36820742114,5402.7576560852,1212.26468635259,2311.56335280733,585.555866444131,949.874813441423,0,0,0,0,0,0,0,0,0,0,0,0,1.95736015674696,3.81866569307062,1.082681132287,1.76338016394525,0,0,0,0,0,0,0,0,0,0,3111.15209170815,2721.42574731553,478.265535600733,937.038517645479,252.017265166035,426.643024027027,0,0,119.535438622224,104.561529232268,18.430258534249,36.1133783633334,9.71008477055743,16.4382386255029,0,0,25778.7286076666,22495.8457760727,4497.55095426153,8669.66651066664,2544.39587480309,4181.07105046997,0,0,990.441607923595,864.327180128289,174.748505353199,337.384702916633,99.6959438121481,164.065746923536,0,0,0,0,7.80976312783486,15.3950133186371,4.75330375340237,7.84541991498304,0,0,0,0,0,0,0,0,0,0,158.819627063452,149.343749461396,100.741483728004,203.947159950735,100.045323842699,176.107958483566,0,0,6.102086775604,5.73802650821164,3.8572983747113,7.8052622452373,3.81705676534119,6.71698253873144,0,0,430.867100901633,397.133269490182,338.285431631664,722.938919129493,391.1896495955,700.178452244439,0,0,16.5545267784134,15.2584988395654,12.9541953659052,27.670992044531,14.9301044804519,26.7127686024505,0,0,0,0,42.7827671642241,94.9784733497591,41.3951848269133,73.0639093955682,0,0,0,0,0,0,0,0,0,0,186.059723499266,91.490115569477,141.616129798851,116.559258145288
"104",1998,2892,8.58333333333333,6176.4829673403,5380.27626443844,1214.94775143108,2317.5931596191,588.929198444786,956.652739095307,0,0,0,0,0,0,0,0,0,0,0,0,1.96308265116451,3.83146904171916,1.08943118507068,1.77680080786378,0,0,0,0,0,0,0,0,0,0,3126.73603905221,2731.15095057261,483.337674617641,947.78115674226,256.449303043772,435.048918625952,0,0,120.134198800552,104.935187093652,18.6257681562336,36.5275095729089,9.88084402895259,16.7621007134754,0,0,25712.9428723641,22405.1583162809,4506.54651575116,8692.53872236228,2566.05062391632,4224.3907854615,0,0,987.914194253503,860.842813729446,175.106991543171,338.297223451684,100.551587056923,165.779442180367,0,0,0,0,7.83571781829952,15.4569182602969,4.79798264046708,7.93382814255585,0,0,0,0,0,0,0,0,0,0,159.272905023961,149.595086515985,101.669565168056,206.016525086886,101.639236572033,179.309611788496,0,0,6.11950261646211,5.7476832703245,3.89291159176281,7.88461388835481,3.87801998117241,6.83936922043947,0,0,428.128050665847,394.239824262432,340.092533917928,727.554355916614,395.668454622048,709.812963140705,0,0,16.4492894700163,15.1473279793063,13.0234776554786,27.8477763323271,15.1013053807839,27.080787321602,0,0,0,0,43.0985871194147,95.7965150899565,41.9095047251476,74.1271653886172,0,0,0,0,0,0,0,0,0,0,188.310749906618,92.4033521796502,144.954100926677,119.225275902086
"105",1998,2892,8.66666666666667,6158.54983432145,5357.88120630094,1217.46559780097,2323.29841355491,592.236639511799,963.330599571582,0,0,0,0,0,0,0,0,0,0,0,0,1.96856061876616,3.8437923722553,1.09606877120245,1.79005343431336,0,0,0,0,0,0,0,0,0,0,3142.46201709483,2740.97523794586,488.439131125256,958.587771152343,260.930726570862,443.569282943498,0,0,120.738416025451,105.31265192523,18.8224063087594,36.9441051816545,10.0535058910697,17.090372827584,0,0,25647.6186044118,22315.1816041444,4515.23806770099,8714.77276989865,2587.57478705562,4267.62508203157,0,0,985.404509804523,857.385755466735,175.453584133848,339.184829559817,101.402206936901,167.490019180651,0,0,0,0,7.86103801795957,15.5175969316312,4.84250894422513,8.02226293632748,0,0,0,0,0,0,0,0,0,0,159.739599603592,149.855246231048,102.600704234599,208.092249019394,103.251158970671,182.551659337183,0,0,6.13743394321426,5.75767901325838,3.92864462836014,7.96421493641257,3.93967588980948,6.96330804055758,0,0,425.416910079795,391.376358161817,341.871447276501,732.111316602635,400.147410675896,719.480077232781,0,0,16.3451244779538,15.0373089659679,13.091687864729,28.022339265623,15.2725264689811,27.4500792096153,0,0,0,0,43.4098773722485,96.6062824369455,42.4238933955909,75.194168258742,0,0,0,0,0,0,0,0,0,0,190.568287529569,93.3181515673659,148.337650878087,121.931811399595
"106",1998,2892,8.75,6140.56712513057,5335.5700775471,1219.82075550121,2328.6832486346,595.476692780398,969.905532743476,0,0,0,0,0,0,0,0,0,0,0,0,1.97378996337093,3.85562540898257,1.10259119727909,1.80313289376169,0,0,0,0,0,0,0,0,0,0,3158.33166104693,2750.90011814923,493.569543522974,969.457858083854,265.462009506333,452.205336671657,0,0,121.348153124337,105.693981694207,19.0201592367798,37.3631460500323,10.228088578832,17.423101914885,0,0,25582.7518307132,22225.9094574877,4523.63212206892,8736.38021023975,2608.96655379719,4310.76973397523,0,0,982.912401928406,853.955767810599,175.78853278368,340.047960726757,102.247727924867,169.197305923417,0,0,0,0,7.88575808802747,15.5770987134844,4.8868799053223,8.110718517375,0,0,0,0,0,0,0,0,0,0,160.21902268275,150.123885402323,103.535075752923,210.174809127147,104.880691519334,185.834108398419,0,0,6.15585431730827,5.76800055055438,3.96450425162923,8.04408381216533,4.00200937925101,7.08879956068507,0,0,422.733985048695,388.542863285215,343.622269207115,736.609223407549,404.625748286198,729.177842155299,0,0,16.2420435555477,14.9284414958976,13.1588297940934,28.1946589506651,15.4437385780076,27.8205703749453,0,0,0,0,43.716600506406,97.4076325556619,42.9382219937511,76.264696065881,0,0,0,0,0,0,0,0,0,0,192.832521299151,94.2345665700872,151.767206850038,124.679280506743
"107",1998,2892,8.83333333333333,6122.53326167091,5313.3405699363,1222.01572294799,2333.7517715116,598.647923611436,976.374759275638,0,0,0,0,0,0,0,0,0,0,0,0,1.97876796295929,3.86696068650596,1.10899576698887,1.81603400546302,0,0,0,0,0,0,0,0,0,0,3174.34629720026,2760.92680550338,498.728547184885,980.390860230929,270.043543626854,460.95816257672,0,0,121.963461055462,106.079223056724,19.2190130525572,37.7846109224431,10.4046071680293,17.7603296663186,0,0,25518.3387927452,22137.3359232725,4531.73506554758,8757.37243165167,2630.22422712388,4353.82069759407,0,0,980.437726220953,850.552622035317,176.112082445133,340.887050192172,103.08807889404,170.901136620579,0,0,0,0,7.90990817021395,15.6354677203447,4.93109318530962,8.19918959380991,0,0,0,0,0,0,0,0,0,0,160.710558428985,150.400697061746,104.472815675433,212.264592628705,106.527526628164,189.157027117861,0,0,6.17474007757005,5.77863608800634,4.00049572755087,8.12423546743672,4.0650088458029,7.21584666878631,0,0,420.079527433341,385.739314948527,345.345135166071,741.04762235548,409.102647997364,738.904296639633,0,0,16.1400563796569,14.8207246206907,13.2249086986712,28.3647182313478,15.6149106344889,28.1921865856196,0,0,0,0,44.0187255759356,98.2004333027305,43.4523627653651,77.3385266160382,0,0,0,0,0,0,0,0,0,0,195.103626928542,95.1526480413066,155.243189992695,127.468101518716
"108",1998,2892,8.91666666666667,6104.44676550198,5291.19046573303,1224.05296740502,2338.50806159421,601.748958476725,982.735581888361,0,0,0,0,0,0,0,0,0,0,0,0,1.98349303096792,3.87779308267597,1.11527981110051,1.82875160452552,0,0,0,0,0,0,0,0,0,0,3190.50697741037,2771.05625379673,503.91577771764,991.386177107538,274.675647101442,469.828721108082,0,0,122.584380232797,106.468412658857,19.4189538623025,38.2084768640334,10.5830739086759,18.1020930759257,0,0,25454.375920235,22049.4552522369,4539.55316070064,8777.76065190978,2651.34621692188,4396.77408272798,0,0,977.980345510668,847.176097244594,176.424473403889,341.702524874208,103.923192870457,172.601351356872,0,0,0,0,7.93351487623533,15.6927436234495,4.97514676582057,8.28767125142019,0,0,0,0,0,0,0,0,0,0,161.213655131039,150.685406073872,105.414027874949,214.361910146916,108.191428050564,192.520526698332,0,0,6.19407002645536,5.78957505446854,4.03662308300977,8.20468190486818,4.12866540708325,7.34445389660605,0,0,417.45374034218,382.965673184513,347.040210290123,745.426163913326,413.577256151362,748.657480559448,0,0,16.039170754007,14.7141568047395,13.2899309691592,28.5325039446429,15.7860102604862,28.5648536519619,0,0,0,0,44.3162273194863,98.9845622369926,43.9661891610758,78.4154376258385,0,0,0,0,0,0,0,0,0,0,197.381771877846,96.072445058389,158.766016819638,130.298695256329
"109",1999,2892,9,6086.40838499693,5268.96088659707,1225.97014633894,2342.94322609867,604.859226793703,988.902694782315,0,0,0,0,0,0,0,0,0,0,0,0,1.9880928749529,3.88796474556786,1.12159086347058,1.84112617559628,0,0,0,0,0,0,0,0,0,0,3207.10878680133,2781.61834645731,508.9172128088,1002.05317716022,279.395159663558,478.776928835982,0,0,123.222248298701,106.87422514945,19.6117615505202,38.6197288152496,10.7649083014862,18.4468478631376,0,0,25392.9320033763,21964.4232726547,4545.65170015731,8794.82657295433,2672.68201646445,4439.24678402575,0,0,975.619744307461,843.90902390901,176.670711179651,342.389740558927,104.766770964544,174.282908084753,0,0,0,0,7.95692126363375,15.748006912801,5.0197105315869,8.37545576615701,0,0,0,0,0,0,0,0,0,0,161.774236709797,150.958531037013,106.371477523259,216.43119295429,109.914396079377,195.87762958933,0,0,6.21560862889251,5.8000689433159,4.07337419571984,8.28406038892663,4.19458200329787,7.47282933154817,0,0,414.898971447781,380.27146362567,348.69642385805,749.658231837579,418.106393690402,758.369653835096,0,0,15.9410137369629,14.6106409024598,13.3534682446318,28.6946931484371,15.9592064824006,28.9359875245725,0,0,0,0,44.6120715086382,99.7556913974967,44.4855459087261,79.4885403821964,0,0,0,0,0,0,0,0,0,0,199.622924185159,97.0198954445337,162.267034335742,133.252266582286
"110",1999,2892,9.08333333333333,6068.34381622837,5246.75087646677,1227.74863879042,2347.07471364965,607.92329744276,994.929253399329,0,0,0,0,0,0,0,0,0,0,0,0,1.9924694284804,3.89760318821436,1.12782674061697,1.85325504457667,0,0,0,0,0,0,0,0,0,0,3223.95360489264,2792.38728765845,513.888364295207,1012.66998341425,284.176041116537,487.82569861707,0,0,123.869453147485,107.287985091758,19.8034063802259,39.0290527283868,10.9491072374502,18.7954771131919,0,0,25332.6084429504,21880.7695955481,4551.03446219175,8810.45710705808,2693.97846468048,4481.46063237879,0,0,973.302187381194,840.694907262171,176.88925550767,343.021290533558,105.608900663315,175.954518288119,0,0,0,0,7.97934957859767,15.8011178594377,5.06433306529318,8.46298377048831,0,0,0,0,0,0,0,0,0,0,162.357520066385,151.236377497921,107.326078913729,218.487306472942,111.66348205735,199.263986987885,0,0,6.23801946694822,5.81074423975055,4.11001785954102,8.36293913527443,4.2615014062215,7.60233313851628,0,0,412.389476779681,377.619312722112,350.324290727965,753.798640808298,422.656372881981,768.075176979439,0,0,15.8445962085481,14.5087409619872,13.4159262531915,28.8533893915767,16.1332135702196,29.3068995954689,0,0,0,0,44.9042240985176,100.516336085513,45.0064667871528,80.5618681167633,0,0,0,0,0,0,0,0,0,0,201.85714580801,97.9777695291314,165.792508291812,136.276162273882
"111",1999,2892,9.16666666666667,6050.2178282161,5224.61171983201,1229.37922854812,2350.91139153627,610.912807549335,1000.84072277306,0,0,0,0,0,0,0,0,0,0,0,0,1.99658105977823,3.90676011948951,1.13393410595728,1.865185268454,0,0,0,0,0,0,0,0,0,0,3240.93948586142,2803.24912880005,518.900617809781,1023.36615260079,289.005831855032,496.988008550568,0,0,124.522077857604,107.70531439834,19.9966302016196,39.4414286017322,11.1351906292353,19.1484809130529,0,0,25272.7069723442,21797.7624258157,4556.19646002507,8825.58767844309,2715.11442542831,4523.53653540253,0,0,971.000846795608,837.505630531419,177.099079716065,343.633174784909,106.44482879283,177.620920490255,0,0,0,0,8.00074671072056,15.8524738347334,5.1087760474968,8.55047283135822,0,0,0,0,0,0,0,0,0,0,162.947373220976,151.525352483468,108.274436365542,220.543316355004,113.424389248583,202.695092246762,0,0,6.26068272613606,5.82184711199509,4.14642450033511,8.44181894524655,4.32887809082434,7.73355658984382,0,0,409.911424951558,374.99263178533,351.926647060204,757.875102343345,427.207009059902,777.794651892984,0,0,15.7493867470753,14.4078196192389,13.4774150255948,29.0096559347352,16.3072613149445,29.6783764983383,0,0,0,0,45.1915720957648,101.267660973053,45.5268422548955,81.6374194764829,0,0,0,0,0,0,0,0,0,0,204.099453855532,98.9374406300384,169.365874273129,139.34386270961
"112",1999,2892,9.25,6032.03025078516,5202.54238454191,1230.86435283064,2354.45747274981,613.826724553016,1006.63494668143,0,0,0,0,0,0,0,0,0,0,0,0,2.00043179785368,3.91543371927374,1.13991034908472,1.87691252948948,0,0,0,0,0,0,0,0,0,0,3258.06395839171,2814.20177595902,523.951711663951,1034.13767088517,293.884585194041,506.263785242045,0,0,125.180027477148,108.126132617325,20.1913465725713,39.8567028422694,11.3231604972859,19.5058564535828,0,0,25213.2264256018,21715.3982143428,4561.14343782958,8840.22912465483,2736.08956642005,4565.47222939915,0,0,968.715677754489,834.341057353774,177.300405596121,344.225808200813,107.274536505137,179.282017039021,0,0,0,0,8.02124055480255,15.9022544015812,5.15302964004212,8.63791001031892,0,0,0,0,0,0,0,0,0,0,163.54375997607,151.824860855763,109.218691150702,222.601267744154,115.197634288582,206.170018007432,0,0,6.28359701569574,5.83335469389716,4.18267635419414,8.52077852071545,4.39673183114212,7.86646451012258,0,0,407.464706809624,372.391999944504,353.502435322492,761.887046404143,431.756672060076,787.527474739296,0,0,15.6553811587034,14.3078991252846,13.5378939909472,29.1634709058975,16.4812876958587,30.050395720167,0,0,0,0,45.4740320973068,102.009478513129,46.0465470854466,82.7149738407114,0,0,0,0,0,0,0,0,0,0,206.349938663034,99.898977407704,172.987336638565,142.455809821931
"113",1999,2892,9.33333333333333,6013.78079820913,5180.54173630685,1232.20638476263,2357.71707377109,616.664054835806,1012.30982116368,0,0,0,0,0,0,0,0,0,0,0,0,2.00402565845289,3.92362364655298,1.14575304466828,1.8884325971448,0,0,0,0,0,0,0,0,0,0,3275.32520618759,2825.2437236543,529.039669755768,1044.98106569739,298.812378537281,515.653126199927,0,0,125.843232221122,108.550381905721,20.38747995937,40.2747425578869,11.513019795734,19.8676074954455,0,0,25154.1651808678,21633.6730459552,4565.88087466291,8854.39183351616,2756.90358469194,4607.26547662459,0,0,966.446617945446,831.20103730164,177.493444800479,344.799588524265,108.098006128174,180.937711249208,0,0,0,0,8.04093753179919,15.9506102208219,5.19708682533394,8.72528519951686,0,0,0,0,0,0,0,0,0,0,164.146638813469,152.134355893563,110.160542388394,224.662744735498,116.98366388275,209.68800194973,0,0,6.30676074043692,5.84524597954974,4.21883867468727,8.59987883136976,4.46507974365397,8.00102802040641,0,0,405.049159396034,369.817879319714,355.050946308934,765.834184376934,436.30379984101,797.272767139581,0,0,15.5625731823666,14.208997235516,13.5973359491382,29.3148232545459,16.6552332765225,30.422924254511,0,0,0,0,45.7515421060098,102.741631627679,46.565455048012,83.7943080212988,0,0,0,0,0,0,0,0,0,0,208.608690021534,100.862444821377,176.657131503462,145.61244619819
"114",1999,2892,9.41666666666667,5995.46912168186,5158.60858473388,1233.40764581615,2360.6942367415,619.423845635075,1017.86329886151,0,0,0,0,0,0,0,0,0,0,0,0,2.00736662781975,3.93133068568309,1.151459924121,1.89974133754563,0,0,0,0,0,0,0,0,0,0,3292.72183739132,2836.37384851814,534.162737583773,1055.89327184433,303.789287479232,525.156224610621,0,0,126.511638612127,108.978019101943,20.5849632900127,40.6954304315548,11.7047714156412,20.2337414794433,0,0,25095.5213176267,21552.5827767326,4570.41402968683,8868.08582484068,2777.55621360024,4648.91408463347,0,0,964.193593581221,828.085411158632,177.678400579924,345.354899494443,108.915221441801,182.587908163861,0,0,0,0,8.05992751313408,15.9976695691162,5.24094255439518,8.81259031776889,0,0,0,0,0,0,0,0,0,0,164.755966267235,152.453334936623,111.10135857178,226.728991107299,118.782867808482,213.24841748692,0,0,6.33017223033367,5.8575016559399,4.25496401650461,8.67916775691691,4.53393677987209,8.13722342154192,0,0,402.664582678686,367.270639880569,356.571724538504,769.716429408806,440.84689753833,807.029448135196,0,0,15.4709551325571,14.1111281647562,13.6557234366914,29.4637096835554,16.8290411721993,30.7959213480028,0,0,0,0,46.0240567612646,103.463987486473,47.0834398543385,84.8751974426621,0,0,0,0,0,0,0,0,0,0,210.875797126371,101.827904589628,180.375519163857,148.814214401958
"115",1999,2892,9.5,5977.09483089179,5136.74170215514,1234.47040954476,2363.39293672669,622.105187526002,1023.29339348922,0,0,0,0,0,0,0,0,0,0,0,0,2.01045865718604,3.93855661209523,1.15702886863665,1.91083472284411,0,0,0,0,0,0,0,0,0,0,3310.25279991685,2847.59133335762,539.319359811757,1066.8715844414,308.815378012464,534.773343259487,0,0,127.185206227335,109.409012808133,20.7837370965454,41.118662919481,11.8984178844827,20.6042685240314,0,0,25037.2926732507,21472.1230846717,4574.74795545671,8881.32077440628,2798.04722556949,4690.41591440552,0,0,961.956521572301,824.994012866126,177.855468294492,345.892111772467,109.726167789694,184.232514875832,0,0,0,0,8.07828570257051,16.0435408333983,5.28459343581275,8.89981900820944,0,0,0,0,0,0,0,0,0,0,165.371697779586,152.781337608387,112.042219348352,228.800954701764,120.595582219234,216.850758128282,0,0,6.35382977340934,5.87010403466197,4.29109384001622,8.75868179340627,4.60331585060572,8.27503159706788,0,0,400.310745901512,364.750568542868,358.064532047628,773.533866191624,445.384537634836,816.79626407214,0,0,15.3805181433121,14.014302936767,13.7130473355838,29.6101334846747,17.0026570571651,31.169339640307,0,0,0,0,46.2915455217452,104.176435204481,47.6003755895336,85.9574166560331,0,0,0,0,0,0,0,0,0,0,213.151348570426,102.795415355305,184.142781210513,152.061556869716
"116",1999,2892,9.58333333333333,5958.65752204459,5114.93984800738,1235.39690798755,2365.81709326396,624.707216017222,1028.59818326697,0,0,0,0,0,0,0,0,0,0,0,0,2.01330565574802,3.94530399777551,1.16245789532755,1.92170883848341,0,0,0,0,0,0,0,0,0,0,3327.91726372995,2858.89556208121,544.508145711531,1077.91358746218,313.890694881885,544.504776410205,0,0,127.863903175502,109.843339353068,20.9837481940415,41.5443475161349,12.0939609174269,20.9791999603591,0,0,24979.476922544,21392.2895391803,4578.88752151413,8894.10605596495,2818.37643507261,4731.76888992018,0,0,959.735312583103,821.926672193342,178.024836319343,346.411584557046,110.530832199467,185.871440907462,0,0,0,0,8.09607536520471,16.0883161359578,5.32803729388485,8.98696621238523,0,0,0,0,0,0,0,0,0,0,165.993789046194,153.117942651988,112.983975873706,230.879351872665,122.422096224788,220.494617662126,0,0,6.37773166742514,5.88303693035145,4.32726082927999,8.83844853126201,4.6732280748792,8.41443725708927,0,0,397.987396312847,362.257882800395,359.529297206233,777.286708536275,449.91535854538,826.571829916637,0,0,15.2912525035703,13.9185299080048,13.7693049069663,29.7541029041775,17.1760291121433,31.5431267405959,0,0,0,0,46.5539900153548,104.878882392439,48.1161372369622,87.0407400086543,0,0,0,0,0,0,0,0,0,0,215.435432336003,103.765032968725,187.959216310694,155.354915659131
"117",1999,2892,9.66666666666667,5940.15679860497,5093.20178676494,1236.18933646235,2367.97057898514,627.229112833433,1033.77581377524,0,0,0,0,0,0,0,0,0,0,0,0,2.01591148631057,3.95157606266891,1.1677451470888,1.93235988906733,0,0,0,0,0,0,0,0,0,0,3345.71453582804,2870.28604399312,549.727842689084,1089.0170996938,319.015253950555,554.350822381699,0,0,128.547702830361,110.280979883432,21.1849486687814,41.9724006858135,12.2914011229361,21.3585472781402,0,0,24922.0716348488,21313.0776508076,4582.83743231799,8906.45077274797,2838.54370033049,4772.97100462863,0,0,957.529873226034,818.883216648058,178.18668673294,346.913666795898,111.329203452745,187.504598469155,0,0,0,0,8.1133499209333,16.1320741231694,5.37127284681252,9.07402785610032,0,0,0,0,0,0,0,0,0,0,166.622196794732,153.462765024228,113.927296372983,232.964715768088,124.262657007457,224.179673733858,0,0,6.40187624979324,5.89628554903099,4.36349064187838,8.91848851178697,4.74368297346585,8.55542831138939,0,0,395.694265563853,359.792741219895,360.96607630195,780.975267890266,454.438062738918,836.354661134513,0,0,15.2031479030084,13.8238151708548,13.8244983153975,29.8956299299378,17.3491079534486,31.9172264437233,0,0,0,0,46.8113820010065,105.571252496953,48.6306010699749,88.1249421574763,0,0,0,0,0,0,0,0,0,0,217.728135797525,104.736810725553,191.825136935778,158.694732287799
"118",1999,2892,9.75,5921.59228566019,5071.52630026838,1236.84985711649,2369.85722586657,629.670106654472,1038.8244999217,0,0,0,0,0,0,0,0,0,0,0,0,2.01827996403675,3.95737656043985,1.17288888505807,1.94278420272152,0,0,0,0,0,0,0,0,0,0,3363.64400340216,2881.76236316733,554.977316124863,1100.18013492214,324.189039109665,564.311766715197,0,0,129.236581646812,110.721918418682,21.3872951081228,42.4027463393815,12.4907378830045,21.7423214780734,0,0,24865.0743117768,21234.4829038732,4586.60224113329,8918.36378111236,2858.54892330726,4814.02032431385,0,0,955.340107511165,815.86347273027,178.341195849346,347.398698093698,112.121272088662,189.1319025774,0,0,0,0,8.13015457795769,16.1748821539317,5.41429948233891,9.16100062215223,0,0,0,0,0,0,0,0,0,0,167.256878993821,153.815452868135,114.87270033185,235.057431784522,126.117473499987,227.90567239559,0,0,6.42626190560485,5.90983637179131,4.39980322198658,8.99881659045018,4.81468860782527,8.69799527910616,0,0,393.431074213657,357.355251693316,362.375025053851,784.599930476669,458.951413973772,846.143198669825,0,0,15.1161936051348,13.7301628706946,13.8786335346414,30.0347294106384,17.5218465278121,32.2915796830774,0,0,0,0,47.0637217660186,106.253482682657,49.1436449209262,89.2097984475959,0,0,0,0,0,0,0,0,0,0,220.029545742359,105.710799587382,195.740866815903,162.081447704613
"119",1999,2892,9.83333333333333,5902.96364196875,5049.91219799239,1237.38060204529,2371.48083065728,632.029473682172,1043.74252762477,0,0,0,0,0,0,0,0,0,0,0,0,2.0204148556742,3.96270968020752,1.17788748208213,1.95297823462849,0,0,0,0,0,0,0,0,0,0,3381.70508677864,2893.32413668657,560.255531616764,1111.40086723981,329.411999900611,574.387868090519,0,0,129.930517352866,111.166140246524,21.5907479221997,42.8353145070932,12.6919692609142,22.1305325299697,0,0,24808.4824183219,21156.5007831639,4590.18636233616,8929.85371129294,2878.39204945285,4854.91498912545,0,0,953.165918041641,812.867266957923,178.488534689636,347.867009508504,112.907030397243,190.753271140511,0,0,0,0,8.1465277381771,16.2167981858585,5.45711707152385,9.24788176089961,0,0,0,0,0,0,0,0,0,0,167.897794959124,154.175684664292,115.820587683262,237.157767780424,127.986719900286,231.672414910072,0,0,6.45088707170647,5.92367704534067,4.43621392126893,9.07944309869158,4.88625171306282,8.84213078451498,0,0,391.197535470999,354.945478640031,363.756374547269,788.161138160999,463.454234413961,855.935830148269,0,0,15.030378591049,13.6375754826157,13.9317194233012,30.1714183185745,17.6942000024512,32.6661253391951,0,0,0,0,47.3110167441634,106.925521999052,49.6551484056201,90.2950852397123,0,0,0,0,0,0,0,0,0,0,222.339748387867,106.687048382942,199.706738703797,165.515502239847
"120",1999,2892,9.91666666666667,5884.27056915117,5028.35832480067,1237.78367585175,2372.84515924149,634.306537969997,1048.5282551046,0,0,0,0,0,0,0,0,0,0,0,0,2.02231987974278,3.96757996632542,1.18273941740104,1.96293856970271,0,0,0,0,0,0,0,0,0,0,3399.89720464088,2904.97098386408,565.561540208265,1122.67760289143,334.68405060368,584.579348447684,0,0,130.629487613409,111.613630740364,21.7952707797812,43.2700402617475,12.8950919654579,22.5231889924384,0,0,24752.2934056034,21079.1267932238,4593.5940817754,8940.92898450989,2898.07306690685,4895.65321426748,0,0,951.007206887477,809.894426608075,178.628869378482,348.318924207618,113.686472391563,192.368624991789,0,0,0,0,8.16250215160542,16.2578723305023,5.49972582808446,9.33466894401255,0,0,0,0,0,0,0,0,0,0,168.544905279856,154.543166499751,116.771262236624,239.26589806806,129.870538736532,235.479746271119,0,0,6.47575023387643,5.93779627707209,4.47273439864701,9.16037476652033,4.95837781395607,8.98782911826239,0,0,388.993358045578,352.563449032492,365.110412224143,791.659373597938,467.945401501113,865.730907013891,0,0,14.9456916689947,13.5460540429388,13.9837669946952,30.3057151773394,17.8661256455762,33.0408008930815,0,0,0,0,47.5532803744599,107.587329853681,50.1649930918878,91.3805801740637,0,0,0,0,0,0,0,0,0,0,224.658829399213,107.665603991504,203.723092503878,168.997335568779
"121",2000,2892,10,5866.98774188112,5007.78114328658,1238.62064872357,2374.84371747986,636.37376777106,1052.81577565773,0,0,0,0,0,0,0,0,0,0,0,0,2.02387922064739,3.97146188992177,1.18719826768585,1.97196699864027,0,0,0,0,0,0,0,0,0,0,3418.2823347557,2916.74603944534,570.767207283258,1133.72893946653,339.926192966277,594.661719891242,0,0,131.335873713355,112.066047206103,21.9959334158248,43.6960872070882,13.0970631595125,22.9116431468569,0,0,24698.0352149192,21003.4035277772,4596.39131794491,8950.41585578448,2916.99162798963,4934.49837034507,0,0,948.922679833711,806.985009807622,178.745303424446,348.708498568895,114.436039640617,193.909708211956,0,0,0,0,8.17725207612406,16.2953042753465,5.5409786050933,9.41803464147666,0,0,0,0,0,0,0,0,0,0,169.1623416808,154.835736771977,117.700058499695,241.280502464194,131.69167245481,239.087554074136,0,0,6.4994732809379,5.94903728639853,4.50842101429686,9.23773514725393,5.02811722953437,9.12592549831269,0,0,386.823672906388,350.213165165578,366.389971136182,794.939892595412,472.325755356592,875.212175839707,0,0,14.8623299783281,13.4557523262641,14.0329684404745,30.4316940719137,18.0338375876328,33.4035365753607,0,0,0,0,47.7856171360149,108.219827843091,50.6626184386373,92.4335025206145,0,0,0,0,0,0,0,0,0,0,227.058406173459,108.758323329238,207.914801293942,172.929448973854
"122",2000,2892,10.0833333333333,5849.75991784403,4987.34087221454,1239.3741534073,2376.65808813696,638.358675633728,1056.95589670609,0,0,0,0,0,0,0,0,0,0,0,0,2.02538674203981,3.97519412733338,1.19149409108987,1.98070822805122,0,0,0,0,0,0,0,0,0,0,3436.73091017602,2928.54394389098,575.978779373913,1144.78546241268,345.192338346347,604.806591811201,0,0,132.044697483399,112.519341561751,22.1968237820606,44.1223359837744,13.2999608246166,23.3025083688677,0,0,24644.3389864346,20928.39875235,4599.00955212298,8959.45442804251,2935.70629866213,4973.04939241272,0,0,946.859743218297,804.103198609882,178.854623613542,349.080326269688,115.177635796804,195.439330510209,0,0,0,0,8.19158162815122,16.3318325719828,5.58192450088523,9.50100593734431,0,0,0,0,0,0,0,0,0,0,169.786796738776,155.136517257338,118.629738860325,243.301237607806,133.528075471819,242.736610613173,0,0,6.52346599486361,5.96059374533254,4.54414406750338,9.31533621122987,5.0984459761819,9.26560925868365,0,0,384.68660282265,347.890002975292,367.643837827692,798.150849183984,476.683601511914,884.653308220594,0,0,14.7802213932139,13.3664926686252,14.0811936793243,30.5550288559873,18.2007072837247,33.7647769953719,0,0,0,0,48.0126563865745,108.840633183297,51.1575195819561,93.483301798395,0,0,0,0,0,0,0,0,0,0,229.472296778515,109.861722612984,212.166830361422,176.943571011867
"123",2000,2892,10.1666666666667,5832.47180288549,4966.9645834982,1240.00273383625,2378.22270905632,640.27042742583,1060.97520356551,0,0,0,0,0,0,0,0,0,0,0,0,2.02683049011839,3.97877803585702,1.19564832224255,1.98921839501573,0,0,0,0,0,0,0,0,0,0,3455.2456818523,2940.36805801086,581.207314706697,1155.87131078048,350.490485839702,615.034377605733,0,0,132.756064619455,112.973642934997,22.3983673410625,44.5497158429537,13.5040927143027,23.6965704259922,0,0,24591.0793296035,20854.0230637546,4601.48557665211,8968.14155469933,2954.26238497431,5011.4361361399,0,0,944.813579351779,801.245558000356,178.958261773951,349.43819304479,115.913033380616,196.962586621695,0,0,0,0,8.20558156795476,16.3677027083122,5.62264973026213,9.58383228906861,0,0,0,0,0,0,0,0,0,0,170.420511493589,155.450902846016,119.562125525579,245.334430467491,135.383872396765,246.440855171305,0,0,6.547814479615,5.97267293421127,4.57997328282082,9.39341998846937,5.16952140765256,9.40741228083633,0,0,382.581210713659,345.593750747471,368.875518638686,801.304727771342,481.026080407903,894.079123393265,0,0,14.6993299096995,13.2782669356176,14.1285770152829,30.6761974748807,18.3670074119632,34.1254696222472,0,0,0,0,48.2347902612582,109.451181239965,51.6503774335923,94.5322362710435,0,0,0,0,0,0,0,0,0,0,231.895148500343,110.967312414821,216.470144106225,181.009703669266
"124",2000,2892,10.25,5815.12155142651,4946.64976156459,1240.50816937901,2379.54072492156,642.108210050655,1064.87199966175,0,0,0,0,0,0,0,0,0,0,0,0,2.02818709941033,3.98216963460762,1.19966274785711,1.99749918366749,0,0,0,0,0,0,0,0,0,0,3473.83486970315,2952.22580595314,586.454015691533,1166.98917911886,355.822754581409,625.348746570062,0,0,133.470290943942,113.429236573485,22.6006103663833,44.9783303033366,13.709540129675,24.0939701054482,0,0,24538.24738418,20780.266426467,4603.82201767027,8976.48260005146,2972.65936975708,5049.65592116249,0,0,942.783847814189,798.411702397708,179.056320337585,349.782305025861,116.642207277411,198.479363186894,0,0,0,0,8.21927463096465,16.4029378326706,5.66315396960082,9.66651076304894,0,0,0,0,0,0,0,0,0,0,171.062914117592,155.777817732565,120.497194173874,247.378724599486,137.257428772355,250.195983478654,0,0,6.57249676471578,5.98523351886394,4.61590775735219,9.47193458227956,5.24128105411089,9.55117020833067,0,0,380.506886978316,343.324515846288,370.084831147348,804.40198116585,485.352701389401,903.490298496435,0,0,14.6196321060867,13.1910792523388,14.1751113555011,30.7952170793778,18.532719240453,34.4856404293667,0,0,0,0,48.4520423570644,110.051464229326,52.1410784328863,95.5800854997643,0,0,0,0,0,0,0,0,0,0,234.327089072763,112.07518571732,220.825183704973,185.128499384633
"125",2000,2892,10.3333333333333,5797.70774399652,4926.39425876319,1240.89228365995,2380.61538623532,643.871296209529,1068.64472277687,0,0,0,0,0,0,0,0,0,0,0,0,2.02943770234266,3.98533319097971,1.20353843079653,2.00555124344038,0,0,0,0,0,0,0,0,0,0,3492.50488123577,2964.12303627726,591.71966513542,1178.14091189639,361.190787531975,635.752635421524,0,0,134.187622643534,113.886347188223,22.8035830124431,45.4082502451511,13.9163661108013,24.4948201041923,0,0,24485.8355436192,20707.1199343461,4606.02163017538,8984.48321722385,2990.89694899208,5087.70642638417,0,0,940.770256354123,795.601289613331,179.148906777245,350.112879696704,117.365140717121,199.989560833189,0,0,0,0,8.23268060196176,16.4375593067135,5.70343757664404,9.74903931689736,0,0,0,0,0,0,0,0,0,0,171.713517616474,156.116313352173,121.434955814691,249.433064048097,139.147506486898,253.998592578949,0,0,6.59749413911695,5.99823905390883,4.65194793723535,9.55083960013583,5.31367762335292,9.69675316163779,0,0,378.463088570853,341.082397729458,371.271696577873,807.443052879437,489.662845299249,912.886983568706,0,0,14.5411071178301,13.1049334401076,14.22079357814,30.9121044584522,18.6978191031674,34.8452952187418,0,0,0,0,48.6644412342438,110.641482469689,52.6295128296872,96.6266339655368,0,0,0,0,0,0,0,0,0,0,236.768238528766,113.185428143309,225.232357750327,189.300560139897
"126",2000,2892,10.4166666666667,5780.22928789171,4906.19620852732,1241.15692821361,2381.45001657092,645.559032431948,1072.29192654395,0,0,0,0,0,0,0,0,0,0,0,0,2.03056695326945,3.98823947284204,1.20727593551156,2.01337450921077,0,0,0,0,0,0,0,0,0,0,3511.2607717939,2976.06442389234,597.00474743934,1189.32773835495,366.595863134592,646.248415834578,0,0,134.908253952621,114.345154396694,23.007303966446,45.8395229218732,14.1246197162811,24.899211449507,0,0,24433.8371345298,20634.5755285252,4608.08724347416,8992.14923843765,3008.97498298058,5125.58561246615,0,0,938.772548572927,792.814010012274,179.23613149214,350.430141635259,118.081823380833,201.493091171663,0,0,0,0,8.24581689375533,16.4715869373137,5.74350133346235,9.83141648336874,0,0,0,0,0,0,0,0,0,0,172.371900776459,156.465544863541,122.37543591752,251.496601446392,141.053146275789,257.84594458401,0,0,6.62279041915842,6.01165707918786,4.68809481785202,9.63010263217856,5.38667449896947,9.84405669636398,0,0,376.449318741764,338.86747842915,372.436118130848,810.428387784516,493.955820223584,922.268952812882,0,0,14.463735859155,13.0198326507255,14.2656237017402,31.0268764480365,18.8622805381198,35.2044254109007,0,0,0,0,48.8720192986253,111.221242908867,53.1155743337433,97.6716704901428,0,0,0,0,0,0,0,0,0,0,239.218710694274,114.298119145002,229.692052444238,193.526450843535
"127",2000,2892,10.5,5762.68538308793,4886.0539951834,1241.30397609674,2382.04800033202,647.170836418241,1075.81227665596,0,0,0,0,0,0,0,0,0,0,0,0,2.03156263461055,3.99086504187017,1.21087541765598,2.02096833024322,0,0,0,0,0,0,0,0,0,0,3530.10641124791,2988.05361633489,602.309492866115,1200.55035767677,372.038935966146,656.837953038518,0,0,135.632333557812,114.805798343085,23.211782147578,46.2721752281358,14.334337580904,25.3072157437945,0,0,24382.2462997808,20562.6258951035,4610.02173928204,8999.48663119878,3026.89347878652,5163.29169505301,0,0,936.790499433562,790.049582582389,179.318106960053,350.734320818575,118.792250724441,202.989875765046,0,0,0,0,8.2586987857027,16.5050390826921,5.78334635351075,9.91364125528153,0,0,0,0,0,0,0,0,0,0,173.0377009416,156.824762432734,123.318668798274,253.568665890449,142.973624000526,261.735875583512,0,0,6.64837167106133,6.02545878487825,4.72434972876643,9.70969802027095,5.4602440651038,9.99299831692479,0,0,374.465119814711,336.679819072536,373.578170676209,813.358434546439,498.230882709981,931.635665834142,0,0,14.3875007455364,12.9357792327905,14.3096044897994,31.1395500235571,19.0260751004091,35.5630103873374,0,0,0,0,49.0748123654865,111.790758632736,53.5991600826086,98.7149881556153,0,0,0,0,0,0,0,0,0,0,241.678613729352,115.413332431808,234.204635027382,197.80670427853
"128",2000,2892,10.5833333333333,5745.07546917452,4865.96620754555,1241.33531288878,2382.4127648024,648.706190964656,1079.2045416894,0,0,0,0,0,0,0,0,0,0,0,0,2.03241508697444,3.9931912283329,1.21433674918586,2.02833164924117,0,0,0,0,0,0,0,0,0,0,3549.04473428557,3000.09345181302,607.633943399296,1211.80906716208,377.52069991833,667.522700023707,0,0,136.359974214503,115.26838807589,23.4170192351871,46.7062186184582,14.5455463372778,25.7188887747986,0,0,24331.0578234697,20491.2643116784,4611.82802174382,9006.50143745382,3044.65256272362,5200.82310127076,0,0,934.823908535681,787.307749037851,179.394946575013,351.025650262533,119.496422913567,204.479844444768,0,0,0,0,8.27133976842978,16.5379328061286,5.82297394743294,9.99571291821782,0,0,0,0,0,0,0,0,0,0,173.710603158853,157.193297536278,124.264688064394,255.648714248139,144.908386831506,265.666663333402,0,0,6.67422579386488,6.03961848523539,4.76071396769644,9.78960499241856,5.5343652613901,10.1435124128126,0,0,372.510062702066,334.519455890943,374.697986971237,816.233649680064,502.487266581587,940.986351929787,0,0,14.3123852908717,12.8527745783621,14.3527409222783,31.2501424550891,19.1891734669433,35.9210207155912,0,0,0,0,49.2728590134988,112.350048039194,54.0801704682788,99.756384021499,0,0,0,0,0,0,0,0,0,0,244.148050976433,116.531136670275,238.770459005549,202.141828396536
"129",2000,2892,10.6666666666667,5727.39918814724,4845.9316063386,1241.25283042042,2382.54776757246,650.164639722398,1082.46758684821,0,0,0,0,0,0,0,0,0,0,0,0,2.03311677853438,3.99520335232238,1.21765960693253,2.03546313005581,0,0,0,0,0,0,0,0,0,0,3568.07791763617,3012.18611344757,612.977998670868,1223.10385223463,383.04163431058,678.303766008593,0,0,137.091259556115,115.733007474102,23.6230114321356,47.1416525614814,14.7582643833382,26.1342731394225,0,0,24280.2670066362,20420.4845384067,4613.50899668124,9013.19973092673,3062.25246028498,5238.17843797752,0,0,932.872595340404,784.588269633548,179.466763842244,351.304364366413,120.19434404724,205.962934084062,0,0,0,0,8.28375180996335,16.5702840071722,5.86238553422038,10.0776309377467,0,0,0,0,0,0,0,0,0,0,174.390332130828,157.570552465576,125.213521271802,257.736297983947,146.857008738141,269.636931729238,0,0,6.70034221023843,6.05411321533583,4.79718859595926,9.86980639189567,5.609021877697,10.2955466029159,0,0,370.58373985255,332.38639838205,375.795746681199,819.054499269603,506.724201828669,950.320070548287,0,0,14.2383738365191,12.7708190523504,14.3950397744882,31.3586713727714,19.3515461604187,36.2784204616764,0,0,0,0,49.4662001025389,112.89913422754,54.558509012538,100.79565893478,0,0,0,0,0,0,0,0,0,0,246.62712159314,117.651596030512,243.3898675841,206.532311452194
"130",2000,2892,10.75,5709.65635746585,4825.94910054983,1241.05842244462,2382.45648770113,651.545783988727,1085.60036937471,0,0,0,0,0,0,0,0,0,0,0,0,2.03366195734645,3.99689009012557,1.22084353668743,2.04236125110751,0,0,0,0,0,0,0,0,0,0,3587.20750934301,3024.33324179596,618.341448224698,1234.4344504451,388.602038741803,689.18196769838,0,0,137.826249060946,116.199719570561,23.8297507039097,47.5784669967634,14.9725032183276,26.5534002081051,0,0,24229.8695763137,20350.2807380346,4615.06755749003,9019.58758739301,3079.69348094713,5275.35646767768,0,0,930.936395675981,781.890920092512,179.533671830327,351.57069775832,120.886021570382,207.439087668371,0,0,0,0,8.29594557827989,16.6021075473862,5.90158258492687,10.1593948859685,0,0,0,0,0,0,0,0,0,0,175.076645916887,157.955991655641,126.165187937947,259.831040858782,148.819159204257,273.64557952551,0,0,6.72671162446798,6.06892239791326,4.83377436261888,9.95028782328392,5.68420135570051,10.4490590081219,0,0,368.685760534571,330.280629198696,376.871666896802,821.821458818084,510.940926430984,959.635756188445,0,0,14.1654513700765,12.6899119882436,14.4365092533179,31.4651547604001,19.5131640020246,36.6351689064383,0,0,0,0,49.6548783928656,113.43804451592,55.0340822635745,101.832617392269,0,0,0,0,0,0,0,0,0,0,249.115921056645,118.774770651431,248.06319584152,210.978625702253
"131",2000,2892,10.8333333333333,5691.84694712493,4806.0177273346,1240.75398099677,2382.14241820516,652.849279866879,1088.60193453924,0,0,0,0,0,0,0,0,0,0,0,0,2.03404635189485,3.99824292711245,1.22388800659218,2.04902438347163,0,0,0,0,0,0,0,0,0,0,3606.43453911097,3036.53603068621,623.723998750212,1245.80040592926,394.20206344855,700.157874322995,0,0,138.564982291906,116.66857023405,24.0372258246615,48.0166444253097,15.1882686066241,26.9762918509464,0,0,24179.8616077589,20280.6474075689,4616.50657341991,9025.67105966962,3096.97600489804,5312.35608731892,0,0,929.015158749778,779.215488980606,179.595782715603,351.824884323163,121.571465760653,208.908253477266,0,0,0,0,8.30793063337986,16.6334173605629,5.94056657704759,10.2410043809282,0,0,0,0,0,0,0,0,0,0,175.769330442417,158.349133977053,127.119697939727,261.932620049392,150.79457697471,277.691719712816,0,0,6.75332581149388,6.08402754720317,4.87047164337045,10.0310369295193,5.75989378322129,10.6040159317715,0,0,366.815746956259,328.202104484646,377.925994074356,824.535012994003,515.136695656012,968.932255775731,0,0,14.0936033763081,12.6100517010084,14.4771586880448,31.5696109451767,19.6739984673822,36.9912219740509,0,0,0,0,49.838938215485,113.966810017626,55.5067997003311,102.867067419457,0,0,0,0,0,0,0,0,0,0,251.614541602532,119.900717057144,252.790772500497,215.481230503687
"132",2000,2892,10.9166666666667,5673.97106178648,4786.13663634143,1240.34139368575,2381.60906034306,654.074835929416,1091.47141243336,0,0,0,0,0,0,0,0,0,0,0,0,2.0342669228837,3.99925570176281,1.22679244776508,2.05545085085394,0,0,0,0,0,0,0,0,0,0,3625.75960480515,3048.79530228015,629.125294663252,1257.20111117048,399.841733787626,711.231844006723,0,0,139.307482219928,117.139591053339,24.2454231679394,48.4561615130275,15.4055615164256,27.4029618317061,0,0,24130.2394633115,20211.5793244393,4617.82888103725,9031.45615887752,3114.10047228561,5349.1763109974,0,0,927.108744799189,776.561775638005,179.653207449751,352.067156473543,122.25068931283,210.370384417816,0,0,0,0,8.31971558931141,16.6642265519137,5.97933896366085,10.3224590440251,0,0,0,0,0,0,0,0,0,0,176.468194967824,158.749546116794,128.077051022844,264.040752190944,152.783050288474,281.774631737406,0,0,6.78017744282274,6.09941201462391,4.90728042203087,10.1120428576212,5.83609113711643,10.7603900316863,0,0,364.973331461368,326.150754860702,378.958997251192,827.195654880258,519.310788115972,978.208357591668,0,0,14.0228157294072,12.5312355249785,14.5169982700558,31.6720585684148,19.8340219181618,37.3465333371373,0,0,0,0,50.0184252009149,114.485465288496,55.9765736485339,103.898820475529,0,0,0,0,0,0,0,0,0,0,254.123072588764,121.029488520463,257.572921132548,220.040574675145
"133",2001,2892,11,5655.92612412893,4766.15801549275,1239.87917374911,2380.95024820937,655.230254133758,1094.21265969781,0,0,0,0,0,0,0,0,0,0,0,0,2.03433498793308,3.99993416373475,1.22957133323204,2.06164767361557,0,0,0,0,0,0,0,0,0,0,3645.16960818919,3061.08645205149,634.564126218968,1268.66229414895,405.526066890671,722.407361222228,0,0,140.053245589823,117.611836683183,24.4550651844944,48.8980071245853,15.6245752514964,27.8335443822191,0,0,24080.8585246066,20142.8370868281,4619.18244767807,9037.15440921785,3131.10596466529,5385.83949571529,0,0,925.211597391405,773.920581860078,179.711646807303,352.305653579171,122.925221944136,211.826351432342,0,0,0,0,8.33136204609543,16.694587179377,6.01797529621151,10.403803423645,0,0,0,0,0,0,0,0,0,0,177.17506000753,159.154886596022,129.040843778423,266.15905310923,154.790107801329,285.897451087376,0,0,6.80733646529028,6.11498583681261,4.94433862837592,10.193444350686,5.91300468230268,10.918301234884,0,0,363.15724054335,324.124397315589,379.974692590242,829.80787429405,523.468979450615,987.467068258112,0,0,13.9530394994463,12.4533795853511,14.55618189874,31.7726696104718,19.993454876012,37.701217748335,0,0,0,0,50.1936915579439,114.99428687155,56.4440133186404,104.928142824931,0,0,0,0,0,0,0,0,0,0,256.637134574882,122.159725812199,262.4013971679,224.651375341428
"134",2001,2892,11.0833333333333,5636.97832131629,4745.03254362259,1239.7683575706,2380.80711918101,656.375858626657,1096.862249583,0,0,0,0,0,0,0,0,0,0,0,0,2.03441447371476,4.00046852184224,1.23233390383227,2.06767862043885,0,0,0,0,0,0,0,0,0,0,3664.57460601335,3073.23150243666,640.180477227882,1280.37926733751,411.295319149342,733.713638721366,0,0,140.798816638104,118.078468940972,24.6715345772641,49.3496893787489,15.8468604672137,28.2691643852504,0,0,24030.6934380259,20072.7284152202,4621.59955159873,9044.23071005552,3148.27792617525,5422.5202331821,0,0,923.284321057886,771.22688753486,179.810870812396,352.596751410313,123.606261366989,213.283006438303,0,0,0,0,8.34344926729683,16.7250930532007,6.05701628448445,10.4853664045437,0,0,0,0,0,0,0,0,0,0,177.902837649644,159.55102498199,130.037408597444,268.316707898703,156.853860695692,290.084720355604,0,0,6.83529898026003,6.13020609994896,4.98265632755447,10.2763613470908,5.99209041815751,11.0786870509014,0,0,361.360402992802,322.10658173596,381.001378157865,832.401413843096,527.659455356187,996.737793229362,0,0,13.8840030001782,12.3758518423667,14.5957947293219,31.8725849317767,20.1541377271658,38.0563978290704,0,0,0,0,50.3670304348157,115.495116951749,56.9140815327363,105.95812672114,0,0,0,0,0,0,0,0,0,0,259.124619231167,123.281218382839,267.214682935206,229.272292771748
"135",2001,2892,11.1666666666667,5617.97455850826,4723.97411768705,1239.53810298306,2380.42918205286,657.446270414486,1099.38225048922,0,0,0,0,0,0,0,0,0,0,0,0,2.03443253696628,4.00084127722987,1.23495655710563,2.07347094546636,0,0,0,0,0,0,0,0,0,0,3684.08930825831,3085.43866201822,645.818427343666,1292.13875270552,417.110909266021,745.128889629648,0,0,141.548602705667,118.54748753341,24.8888374999787,49.8030119984137,16.0709305082227,28.7089821674587,0,0,23980.9010384824,20003.1797099505,4623.87886130428,9050.9847309952,3165.3037883965,5459.03101111993,0,0,921.371362959855,768.5547080741,179.904615642387,352.875037819233,124.281529495856,214.732962252576,0,0,0,0,8.35564840738984,16.7555996204253,6.09586145591467,10.5667873020879,0,0,0,0,0,0,0,0,0,0,178.634287633464,159.953928967062,131.037512261191,270.483046039738,158.926188929609,294.305359053016,0,0,6.86340259163224,6.14568630829716,5.02111246712502,10.359617258635,6.07151034629118,11.2403608764477,0,0,359.590211041311,320.113809551482,382.00941432858,834.943984267348,531.829430841618,1005.98378736217,0,0,13.8159902521675,12.299286307437,14.6347000133002,31.9705657015884,20.3140544031824,38.4106706776225,0,0,0,0,50.5359845639217,115.985997934846,57.3809981827238,106.984863473455,0,0,0,0,0,0,0,0,0,0,261.622326338017,124.405522921038,272.083989307294,233.951140159315
"136",2001,2892,11.25,5598.91547909595,4702.98223738763,1239.19067199659,2379.82051291356,658.441133801474,1101.77182487663,0,0,0,0,0,0,0,0,0,0,0,0,2.0343669831002,4.00101485050042,1.23744033787553,2.07902516073622,0,0,0,0,0,0,0,0,0,0,3703.71202208223,3097.70692045082,651.477081436455,1303.93873815632,422.972086998213,756.651998475185,0,0,142.302538750823,119.018853641413,25.1069394762123,50.2578975549795,16.2967566098545,29.1529549805626,0,0,23931.479271487,19934.186968299,4626.02376504122,9057.42331353885,3182.18391937263,5495.37110399401,0,0,919.472644161954,765.903889686585,179.993013009223,353.140776903025,124.951036851383,216.176182513717,0,0,0,0,8.36790882824632,16.786030686383,6.13451730976496,10.6480724040517,0,0,0,0,0,0,0,0,0,0,179.369522818274,160.363271370145,132.041088734566,272.657663149775,161.008073116325,298.559943791502,0,0,6.89165163563352,6.16141389103489,5.05970445593802,10.4431965206389,6.15130203537175,11.4033449936331,0,0,357.846198352416,318.146097513539,382.999119046102,837.436510655484,535.977552955582,1015.2035235404,0,0,13.7489833381791,12.2236836241695,14.6729098360122,32.0666471265682,20.4731531492601,38.7639779096684,0,0,0,0,50.7006444536487,116.467044139321,57.8446875473979,108.00818019548,0,0,0,0,0,0,0,0,0,0,264.130308138071,125.532685873994,277.009552725909,238.688333054938
"137",2001,2892,11.3333333333333,5579.80175058226,4682.05641924884,1238.72829349329,2378.98514494908,659.360139295921,1104.03020651012,0,0,0,0,0,0,0,0,0,0,0,0,2.03419997748846,4.00095897639102,1.23978582720754,2.08434121552872,0,0,0,0,0,0,0,0,0,0,3723.4411412637,3110.03534326141,657.155625946395,1315.77738387507,428.878114833498,768.281906354619,0,0,143.060563059976,119.49253136103,25.3258091602619,50.7142752257372,16.524310480895,29.6010422251299,0,0,23882.4260027599,19865.7461578408,4628.03754676053,9063.55310685287,3198.91868875253,5531.5397918338,0,0,917.588082663142,763.274277439815,180.076190635919,353.394225455965,125.614794095785,217.612631161112,0,0,0,0,8.38018931846855,16.8163242599328,6.17298867522383,10.7292259221247,0,0,0,0,0,0,0,0,0,0,180.108638160531,160.778751072872,133.048059676471,274.840166448485,163.100279348066,302.84888761943,0,0,6.92004976063628,6.17737727871159,5.09842923813208,10.5270840181253,6.23149483975148,11.5676554020995,0,0,356.127910462954,316.203420879444,383.970788406485,839.879832188041,540.102673851347,1024.39559651022,0,0,13.6829647971711,12.1490428419031,14.7104354333796,32.1608611026356,20.631390045101,39.1162657944974,0,0,0,0,50.8610912155048,116.938356952579,58.3050771843564,109.027907919472,0,0,0,0,0,0,0,0,0,0,266.64861835318,126.662751481098,281.991628153635,243.4842904215
"138",2001,2892,11.4166666666667,5560.63407580946,4661.19620630629,1238.15316609256,2377.92707339954,660.203024628908,1106.1567029061,0,0,0,0,0,0,0,0,0,0,0,0,2.03391731018981,4.00064950381256,1.24199327416434,2.08941866154018,0,0,0,0,0,0,0,0,0,0,3743.27509938044,3122.42303074346,662.853310424974,1327.65298385684,434.828264170713,780.017591966672,0,0,143.822615448677,119.9684861241,25.5454176292805,51.1720793189177,16.7535641584964,30.0532047246766,0,0,23833.7390504526,19797.8532440833,4629.92339468435,9069.38058436577,3215.50847106711,5567.53636805372,0,0,915.717594634725,760.665716321827,180.154272586521,353.635633610199,126.272812162988,219.042272745167,0,0,0,0,8.39245647397003,16.846430174574,6.21127909140617,10.810250460297,0,0,0,0,0,0,0,0,0,0,180.851712604563,161.200091087388,134.058338976448,277.030178152905,165.203396900908,307.172470030679,0,0,6.94859999980209,6.19356582900959,5.13728346511891,10.6112652138833,6.31211134253526,11.7333029703375,0,0,354.434906425435,314.285719658505,384.924698889398,842.274714155543,544.203814730464,1033.55870274716,0,0,13.617917687397,12.0753616556916,14.7472872791053,32.2532366770173,20.7887276241387,39.4674844796603,0,0,0,0,51.0173982478108,117.4000273624,58.7620976448203,110.043881353679,0,0,0,0,0,0,0,0,0,0,269.177311936896,127.795761922313,287.030484527506,248.339432889885
"139",2001,2892,11.5,5541.4131999338,4640.40117403047,1237.46746196188,2376.65026154157,660.969573577924,1108.15069423375,0,0,0,0,0,0,0,0,0,0,0,0,2.03350765653007,4.00006717590905,1.24406270876833,2.09425679470492,0,0,0,0,0,0,0,0,0,0,3763.21233468174,3134.86908723037,668.56943089013,1339.56393103111,440.821812017041,791.858055699547,0,0,144.588635911967,120.446683517678,25.7657377447771,51.6312479364995,16.9844898832517,30.509404117458,0,0,23785.416209384,19730.5042091523,4631.68441220962,9074.91206448114,3231.95364797759,5603.36014443972,0,0,913.861095351511,758.078051959179,180.227379685036,353.865245630312,126.925102344555,220.465072621784,0,0,0,0,8.40468307903372,16.8763076833875,6.2493911476914,10.8911474352373,0,0,0,0,0,0,0,0,0,0,181.598811223721,161.627035648197,135.071836074092,279.227336275937,167.317875365659,311.530865497094,0,0,6.97730485334818,6.20996971500843,5.17626362121668,10.6957261774738,6.39316877681633,11.9002945306493,0,0,352.766759101863,312.392905063118,385.861110335942,844.621861437418,548.28013022457,1042.6916204728,0,0,13.5538255976946,12.0026366541652,14.7834752004766,32.3438005665527,20.9451335103354,39.8175872228836,0,0,0,0,51.1696329029977,117.852138423237,59.2156821308698,111.055938537107,0,0,0,0,0,0,0,0,0,0,271.716444819911,128.931757542633,292.126400637975,253.254181411916
"140",2001,2892,11.5833333333333,5522.13991539924,4619.67093438698,1236.67332812405,2375.15864295738,661.659616744024,1110.0116351374,0,0,0,0,0,0,0,0,0,0,0,0,2.03296221615839,3.9991970337598,1.2459939979617,2.09885472726456,0,0,0,0,0,0,0,0,0,0,3783.2512730186,3147.37260617191,674.303322017814,1351.50870089489,446.858039342645,803.802311562121,0,0,145.358563968524,120.927088710655,25.9867438530767,52.091722346636,17.2170600369004,30.9696025478286,0,0,23737.4552620417,19663.6950610683,4633.32362130597,9080.15371712123,3248.25460963046,5639.01045419778,0,0,912.01849961452,755.51113097334,180.295629646377,354.083300166599,127.571676344534,221.880997075398,0,0,0,0,8.41684731474812,16.9059242777071,6.28732664424816,10.9719172746395,0,0,0,0,0,0,0,0,0,0,182.34998604994,162.059348771521,136.088457219136,281.431294343371,169.444042554109,315.924156591747,0,0,7.00616632042045,6.22657986983276,5.21536607122483,10.7804535736337,6.47467971092678,12.0686333825637,0,0,351.123055401458,310.524862583306,386.780267571418,846.921925506054,552.330891233197,1051.79320060363,0,0,13.4906726566195,11.9308634376592,14.8190084412436,32.4325774266367,21.1005797607875,40.1665300429715,0,0,0,0,51.3178573052039,118.294766511499,59.6657663947307,112.063920771966,0,0,0,0,0,0,0,0,0,0,274.266073764522,130.070776944059,297.279662943504,258.228956467391
"141",2001,2892,11.6666666666667,5502.81506638576,4599.00513952497,1235.77288867999,2373.45612500837,662.273031126968,1111.73905471916,0,0,0,0,0,0,0,0,0,0,0,0,2.03227424282576,3.99802763765604,1.24778691423199,2.10321147491022,0,0,0,0,0,0,0,0,0,0,3803.39030781431,3159.93265269977,680.054346917105,1363.48583005575,452.936228973531,815.849377175372,0,0,146.1323378911,121.409665783896,26.2084113930482,52.5534461609073,17.4512470626811,31.4337622837126,0,0,23689.853992206,19597.4218441807,4634.84396880146,9085.11157561401,3264.4117560526,5674.48665504129,0,0,910.189722274408,752.964801381596,180.359137317827,354.290030711468,128.212546333867,223.29001344146,0,0,0,0,8.42893173121728,16.935254152683,6.3250867979618,11.0525596717976,0,0,0,0,0,0,0,0,0,0,183.105277399284,162.496812195679,137.10810725545,283.641721229722,171.58212785751,320.352351519047,0,0,7.03518595002289,6.24338790751881,5.2545871278715,10.8654346550756,6.55665294249465,12.2383199655374,0,0,349.503396221795,308.68145613925,387.682402496347,849.175513478152,556.355462572333,1060.86235461928,0,0,13.4284435301831,11.8600367777609,14.8538957428115,32.519590199182,21.2550420101447,40.5142712530948,0,0,0,0,51.4621294053934,118.727982904739,60.1122885521502,113.067672455964,0,0,0,0,0,0,0,0,0,0,276.826256178233,131.212857131555,302.490562904674,263.264177161456
"142",2001,2892,11.75,5483.43955165336,4578.40348409227,1234.76824636694,2371.54659118882,662.809739779419,1113.33255659152,0,0,0,0,0,0,0,0,0,0,0,0,2.03143869358947,3.99655048276244,1.24944118255312,2.10732601716882,0,0,0,0,0,0,0,0,0,0,3823.62778795798,3172.54825313057,685.821890032496,1375.49390130926,459.055664080726,827.998266850378,0,0,146.909894241376,121.894377326927,26.4307166237522,53.0163647620889,17.6870234083335,31.9018454521858,0,0,23642.6101931117,19531.6806451519,4636.24833079083,9089.79154493853,3280.42549801958,5709.78813108532,0,0,908.374678545076,750.438912826966,180.418014848197,354.485665915767,128.84772498462,224.692090182884,0,0,0,0,8.44092248298402,16.9642770576954,6.36267238449769,11.1330737615247,0,0,0,0,0,0,0,0,0,0,183.864714860552,162.939223605897,138.130690581934,285.858300275686,173.732279419666,324.815396585566,0,0,7.0643648790014,6.26038605480841,5.29392308804048,10.950657228109,6.63909415574939,12.4093523375144,0,0,347.907396123326,306.862531235522,388.567735844146,851.383195283774,560.353286615544,1069.89804593252,0,0,13.3671234093475,11.7901507385004,14.8881454123786,32.604860388188,21.4084988444208,40.8607711286801,0,0,0,0,51.6025037603081,119.151854955471,60.5551889590735,114.06704098388,0,0,0,0,0,0,0,0,0,0,279.397049956389,132.358033631275,307.759395006589,268.360260554666
"143",2001,2892,11.8333333333333,5464.01432626305,4557.86570660563,1233.66148379762,2369.43390289538,663.269711346932,1114.79181871905,0,0,0,0,0,0,0,0,0,0,0,0,2.03045194340171,3.99475952079597,1.25095651475668,2.11119734218202,0,0,0,0,0,0,0,0,0,0,3843.96201045898,3185.21838863433,691.605351805804,1387.53153239761,465.215627021674,840.247986510758,0,0,147.691167587728,122.381184194673,26.6536364195586,53.4804248730505,17.9243614825049,32.3738138456827,0,0,23595.7216724135,19466.4675962215,4637.53951618435,9094.19940826713,3296.29625757062,5744.91429393732,0,0,906.573284194426,747.93331670363,180.472371823797,354.670429839276,129.477225490407,226.087196935167,0,0,0,0,8.45280870895992,16.9929773574733,6.40008384434883,11.2134582517004,0,0,0,0,0,0,0,0,0,0,184.628318126265,163.386394980085,139.15611164297,288.080727964684,175.894577905356,329.313185885435,0,0,7.09370386397155,6.27756708759128,5.33337025115246,11.0361096015703,6.72200644852462,12.5817265466221,0,0,346.334682801215,305.067917590647,389.436478768265,853.54550981924,564.323870241046,1078.89928315924,0,0,13.3066979897324,11.7211987773824,14.921765384404,32.6884082962763,21.5609313014251,41.2059916484643,0,0,0,0,51.7390321583527,119.566447036349,60.9944101182065,115.061876680826,0,0,0,0,0,0,0,0,0,0,281.978513339038,133.506340596698,313.086455175782,273.51762113216
"144",2001,2892,11.9166666666667,5444.54040277577,4537.39159038603,1232.45466453425,2367.12190089957,663.652959555344,1116.11659315469,0,0,0,0,0,0,0,0,0,0,0,0,2.02931154119484,3.99265075010943,1.25233263733313,2.11482448307519,0,0,0,0,0,0,0,0,0,0,3864.39121508984,3197.9419906753,697.40414418662,1399.59736655897,471.415398267492,852.597529371508,0,0,148.476090299402,122.870045332281,26.877148097808,53.9455741943088,18.1632336143595,32.8496287571176,0,0,23549.1862558653,19401.7788773793,4638.7202698457,9098.34083269977,3312.02446837833,5779.86458346268,0,0,904.785455685744,745.447866240391,180.522315388547,354.844542169997,130.101061581138,227.475304538852,0,0,0,0,8.4645820036386,17.0213432292611,6.43732137007307,11.2937115315332,0,0,0,0,0,0,0,0,0,0,185.396097743947,163.838151076403,140.184275299711,290.308712672983,178.069048200367,333.845569497805,0,0,7.12320331018397,6.29492427279486,5.3729249330624,11.1217805386633,6.80539078011687,12.7554369457965,0,0,344.784896501328,303.2974314414,390.288834231484,855.662970290445,568.266773838215,1087.86511452918,0,0,13.247153449176,11.6531738339212,14.9547632744432,32.770253230188,21.7123224500759,41.5498962794801,0,0,0,0,51.8717641504704,119.971821341391,61.429896601538,116.052032752908,0,0,0,0,0,0,0,0,0,0,284.570704777217,134.657810903871,318.472039429234,278.736670340314
"145",2002,2892,12,5425.18418957851,4516.98849373638,1231.34694283643,2364.91150890253,663.946483840299,1117.23791869784,0,0,0,0,0,0,0,0,0,0,0,0,2.0280044910764,3.99011391223595,1.25354388538628,2.11807504059179,0,0,0,0,0,0,0,0,0,0,3884.88477401382,3210.65516043705,703.246792639571,1411.70498005273,477.644080988162,864.991269984328,0,0,149.263485605931,123.358505645037,27.102346793433,54.4123289292368,18.4032200642687,33.3271471882753,0,0,23502.975458509,19337.3071954945,4640.07323758949,9102.48880017749,3327.54399679866,5814.27888923629,0,0,903.010098692539,742.970754733601,180.578684170207,355.018330247814,130.716631543479,228.842231682837,0,0,0,0,8.47616599661483,17.0488631883867,6.47425406339287,11.3731264759031,0,0,0,0,0,0,0,0,0,0,186.163373384636,164.273781543718,141.215623221274,292.523608168702,180.244962292629,338.350560113218,0,0,7.15268339243944,6.31166188554051,5.41260446760751,11.2069565428551,6.8888371443028,12.9281151397074,0,0,343.254605209008,301.544696461833,391.123813404836,857.71387622304,572.170140329323,1096.72612548554,0,0,13.1883579246416,11.5858309194391,14.9871013053331,32.8495642791642,21.86221910784,41.8898335293732,0,0,0,0,52.0002222039501,120.364304036334,61.86034584286,117.030110577763,0,0,0,0,0,0,0,0,0,0,287.181377806982,135.833302033762,323.932598896323,284.113405752993
"146",2002,2892,12.0833333333333,5406.19502593043,4496.67713615225,1230.62103527309,2363.23226176382,664.137981965445,1118.0652184046,0,0,0,0,0,0,0,0,0,0,0,0,2.02663993916908,3.9872155140317,1.25455538697391,2.1207603198582,0,0,0,0,0,0,0,0,0,0,3905.36833484753,3223.23704410983,709.167953946995,1423.85945588664,483.877912324608,877.330644816199,0,0,150.050496769843,123.841921736307,27.3305636546182,54.8808776336105,18.643406163753,33.8025733046724,0,0,23457.0717557237,19272.6293344145,4642.00395462736,9107.03636272262,3342.76912478899,5847.6424001482,0,0,901.24654003848,740.485721528029,180.657038896657,355.206678143002,131.320557084972,230.167694365554,0,0,0,0,8.48767124012828,17.0751593574882,6.51069128641682,11.4506589029166,0,0,0,0,0,0,0,0,0,0,186.923928955489,164.666539373486,142.252859374554,294.705757838955,182.40878893523,342.74975181223,0,0,7.18190527917387,6.32675226290073,5.4525131712715,11.2908858754088,6.97182828638675,13.0967649505505,0,0,341.740928822697,299.799733599413,391.943206313655,859.668949530099,576.018549726454,1105.37364095784,0,0,13.1302007584637,11.5187866227292,15.0188484078777,32.9252206496721,22.0100318280776,42.2216516516572,0,0,0,0,52.1237646991014,120.738626781733,62.2839309349941,117.985293486763,0,0,0,0,0,0,0,0,0,0,289.821742104135,137.063109045204,329.491770127403,289.788648262713
"147",2002,2892,12.1666666666667,5387.16853563783,4476.44340216885,1229.7884441523,2361.34962591556,664.26271029778,1118.77240134549,0,0,0,0,0,0,0,0,0,0,0,0,2.02528838216825,3.98429909390803,1.25543337535006,2.12320914094227,0,0,0,0,0,0,0,0,0,0,3925.90139915285,3235.83169449507,715.093364476886,1436.01821937277,490.13900163716,889.743159278308,0,0,150.839409936299,124.325828345086,27.5589474683502,55.3495976447251,18.8846437866506,34.2808198422232,0,0,23411.5478824371,19208.5016669601,4643.82022513419,9111.3249373955,3357.86883626475,5880.84457020312,0,0,899.497574035071,738.02182770176,180.730846783554,355.384693426475,131.919471182114,231.486688760043,0,0,0,0,8.49933878416064,17.1015891720085,6.54695827991123,11.5280410748678,0,0,0,0,0,0,0,0,0,0,187.689466775658,165.068359951996,143.295053121441,296.902372897937,184.587186152835,347.198702620079,0,0,7.21131859085426,6.34219084564367,5.49261424249879,11.3753748487839,7.05538291172192,13.2673297845499,0,0,340.251960563893,298.077336163739,392.751666199269,861.585018033575,579.840571350814,1113.97297534369,0,0,13.0729929045072,11.4526093264694,15.0501821227651,32.9993971879439,22.1568520298007,42.5516643782693,0,0,0,0,52.2437865510481,121.104125421036,62.7036820089454,118.935245129127,0,0,0,0,0,0,0,0,0,0,292.472907025549,138.295887261407,335.110269858308,295.528170501884
"148",2002,2892,12.25,5368.10430840659,4456.28578542134,1228.85113384328,2359.26708584998,664.320371971519,1119.35892636083,0,0,0,0,0,0,0,0,0,0,0,0,2.02391863621083,3.98131214314465,1.25618089123324,2.12542538967919,0,0,0,0,0,0,0,0,0,0,3946.48955417596,3248.44431315145,721.024672577783,1448.18427201375,496.428929004503,902.231450054649,0,0,151.630439776231,124.810425323576,27.7875613077523,55.8186038129963,19.126993530666,34.7619878972257,0,0,23366.3964427062,19144.915855745,4645.52385348856,9115.35805716132,3372.8424392422,5913.88318195202,0,0,897.762916521893,735.578752918699,180.800178148225,355.55251295973,132.513344628646,232.799122459386,0,0,0,0,8.51111113241842,17.1280612542112,6.58305831814947,11.6052744474447,0,0,0,0,0,0,0,0,0,0,188.45974896869,165.478515672552,144.341429603742,299.111054703679,186.779107507739,351.693356913087,0,0,7.24091418789948,6.35794967795396,5.53287789049023,11.460331397629,7.1394609288818,13.4396545551341,0,0,338.786939398177,296.377390528727,393.549063393355,863.462915152908,583.635697032099,1122.52533205923,0,0,13.0167051228284,11.387294664954,15.0810973082081,33.0721254301826,22.3026600918865,42.8799173488782,0,0,0,0,52.360364884851,121.460913335911,63.1195459543373,119.879821661664,0,0,0,0,0,0,0,0,0,0,295.134941360388,139.531701689524,340.788457728025,301.332604916039
"149",2002,2892,12.3333333333333,5349.00232803628,4436.20310914628,1227.81111503825,2356.98823465879,664.310757707424,1119.82439249743,0,0,0,0,0,0,0,0,0,0,0,0,2.02250536108753,3.97821185408592,1.25680012029979,2.12741183046886,0,0,0,0,0,0,0,0,0,0,3967.13674100849,3261.07871920508,726.963037093271,1460.35968389415,502.748773225732,914.797373234069,0,0,152.423737712683,125.29585940871,28.0164494745994,56.2879752662741,19.370496757559,35.2461486172024,0,0,23321.6111701007,19081.8645493843,4647.11682323674,9119.13961829735,3387.68945313816,5946.7563730513,0,0,896.042326735737,733.156214726512,180.865110281442,355.710287799421,133.102156495299,234.10491696363,0,0,0,0,8.52294170665818,17.1545015271596,6.61899379901849,11.6823596636395,0,0,0,0,0,0,0,0,0,0,189.234579094532,165.896364405285,145.391394542426,301.329889767236,188.983760317568,356.230449636817,0,0,7.27068452278022,6.37400408817292,5.57328126178739,11.5456820728353,7.22403197468998,13.6136144322143,0,0,337.345198823116,294.699799878056,394.335265690475,865.303314361151,587.403436534638,1131.03151979245,0,0,12.961311805544,11.3228389183359,15.1115887124559,33.1434307586238,22.4474370507425,43.2064410689454,0,0,0,0,52.4735684702831,121.809092960431,63.5314743277882,120.818886675515,0,0,0,0,0,0,0,0,0,0,297.807910790428,140.770612165699,346.526665067472,307.20252796907
"150",2002,2892,12.4166666666667,5329.86288751716,4416.19445442476,1226.67042798137,2354.51674079553,664.23373505261,1120.16852181841,0,0,0,0,0,0,0,0,0,0,0,0,2.02102798179477,3.97496337934346,1.25729263365041,2.12917042194119,0,0,0,0,0,0,0,0,0,0,3987.84564445957,3273.7376782437,732.909245029269,1472.54581867195,509.099228809513,927.442182281225,0,0,153.219406900316,125.782236858792,28.2456420117585,56.7577640388338,19.6151800800092,35.7333500256953,0,0,23277.186657401,19019.3411539505,4648.60123914294,9122.67376762125,3402.40956166202,5979.46255999517,0,0,894.335596925294,730.753959775617,180.925725204288,355.858178826122,133.68589230217,235.404004718631,0,0,0,0,8.53479266534139,17.1808498076895,6.65476643938354,11.7592967174844,0,0,0,0,0,0,0,0,0,0,190.013791252526,166.321335299807,146.444483871124,303.557330187122,191.20052857434,360.807318024242,0,0,7.3006232213389,6.39033214331356,5.61380650524385,11.631367452149,7.30907245784279,13.7891076314752,0,0,335.92614548959,293.044472159967,395.110147597576,867.106772393805,591.143330315849,1139.49204897789,0,0,12.9067901554305,11.2592385498296,15.1416513325125,33.213334065021,22.5911650953308,43.5312546086593,0,0,0,0,52.5834593716152,122.148758015199,63.9394225978466,121.752310081397,0,0,0,0,0,0,0,0,0,0,300.491878468625,142.012674010784,352.325202402842,313.138472203664
"151",2002,2892,12.5,5310.68653102508,4396.25911095606,1225.43113183805,2351.85632662408,664.089240526902,1120.3911469999,0,0,0,0,0,0,0,0,0,0,0,0,2.01946986068771,3.97153848195552,1.25765955137945,2.13070253320326,0,0,0,0,0,0,0,0,0,0,4008.6179578153,3286.42312571534,738.863791346149,1484.7434854012,515.480685738417,940.166648157673,0,0,154.017512397888,126.26963203683,28.4751577630847,57.2280008940768,19.8610584211655,36.2236216289061,0,0,23233.1181727025,18957.3396765105,4649.97928927901,9125.96482849522,3417.00258067184,6012.00038584191,0,0,892.642545285671,728.371757807594,180.982108200166,355.99635387467,134.264542771008,236.696327085747,0,0,0,0,8.54663328387121,17.2070572636387,6.69037741905492,11.8360850819988,0,0,0,0,0,0,0,0,0,0,190.797242744424,166.752917986068,147.500331282601,305.792112819758,193.428924498716,365.421771750987,0,0,7.3307248008908,6.40691423414044,5.65443952516014,11.7173390378702,7.39456370085196,13.9660504425597,0,0,334.529244513854,291.411313346648,395.873594573039,868.873758317253,594.854954072512,1147.9071997209,0,0,12.8531196215927,11.1964899467273,15.1712805792821,33.2818528694605,22.7338277453607,43.854368206124,0,0,0,0,52.6900942049115,122.479995244864,64.3433496096252,122.67996731627,0,0,0,0,0,0,0,0,0,0,303.186905410758,143.257938565587,358.18436403406,319.140934590414
"152",2002,2892,12.5833333333333,5291.47401805943,4376.39654658656,1224.09529768791,2349.01075446541,663.877275288967,1120.49220461349,0,0,0,0,0,0,0,0,0,0,0,0,2.01781774765078,3.96791463687694,1.25790164902076,2.13200908557026,0,0,0,0,0,0,0,0,0,0,4029.45454941936,3299.13630726,744.8269295162,1496.95303442216,521.89328027582,952.971134948386,0,0,154.818087568553,126.758092802305,28.7050063122109,57.6986990020817,20.1081369634915,36.7169773158694,0,0,23189.4015434503,18895.8546269626,4651.25322022113,9129.01725257469,3431.46843791956,6044.36868740334,0,0,890.963011502852,726.009397883639,181.034346854794,356.124985864526,134.838103040507,237.981833070329,0,0,0,0,8.5584388896764,17.2330847396111,6.72582747644158,11.91272379615,0,0,0,0,0,0,0,0,0,0,191.584809385349,167.190655623116,148.558648073759,308.033208073148,195.668558730046,370.07200979094,0,0,7.36098449006396,6.42373280809184,5.69516920691011,11.8035572915477,7.48049079666586,14.1443740454929,0,0,333.154010294234,289.800223460815,396.625505258567,870.604672110679,598.537920521238,1156.2770659271,0,0,12.8002815466272,11.1345892677326,15.2004723648114,33.3490020355207,22.8754099218404,44.1757849580029,0,0,0,0,52.7935249765872,122.802885603644,64.7432172692518,123.601738890916,0,0,0,0,0,0,0,0,0,0,305.893050718083,144.506453527091,364.104430645537,325.210381716592
"153",2002,2892,12.6666666666667,5272.22628299326,4356.60637314015,1222.66500104764,2345.98381142766,663.597899496929,1120.47172631451,0,0,0,0,0,0,0,0,0,0,0,0,2.01606117084736,3.96407403303001,1.25801947135689,2.13309070375893,0,0,0,0,0,0,0,0,0,0,4050.35564800599,3311.87793420619,750.798727993667,1509.17446469119,528.336952397283,965.855686745703,0,0,155.621141200645,127.247646485596,28.9351901480791,58.1698580559253,20.3564133518762,37.2134186906565,0,0,23146.0330275772,18834.8809088208,4652.42531038506,9131.83556761818,3445.80714994522,6076.56645737881,0,0,889.296851802686,723.66668418829,181.082530023414,356.24425077533,135.406571769583,239.260477851697,0,0,0,0,8.57018968456637,17.2589009028829,6.76111701036131,11.9892115553695,0,0,0,0,0,0,0,0,0,0,192.37638035968,167.634136869224,149.619200735892,310.279763011776,197.919107225314,374.756528123984,0,0,7.39139803115386,6.44077206075913,5.735986555971,11.8899894504036,7.56684133915383,14.3240209769589,0,0,331.799996268576,288.211092659068,397.365793784798,872.29986484996,602.191880882115,1164.60160277931,0,0,12.7482587730881,11.0735322924771,15.2292231924827,33.4147945470771,23.0158980066564,44.4955026387112,0,0,0,0,52.8938000001337,123.117505530871,65.1389901637936,124.517509829354,0,0,0,0,0,0,0,0,0,0,308.610371838289,145.758263353657,370.085672315835,331.347255626472
"154",2002,2892,12.75,5252.94440762209,4336.8883232344,1221.14231691844,2342.77929922117,663.251228352783,1120.32983278502,0,0,0,0,0,0,0,0,0,0,0,0,2.01419197573246,3.96000281216062,1.25801340945124,2.13394781921701,0,0,0,0,0,0,0,0,0,0,4071.32096806762,3324.64828864449,756.779108416029,1521.40749603665,534.811484903362,978.820086233893,0,0,156.426662324509,127.738303925074,29.1657061298724,58.6414670428166,20.6058791942336,37.7129373193741,0,0,23103.0092264159,18774.4137452106,4653.49785228945,9134.42434264745,3460.01880635832,6108.59281853804,0,0,887.643935604868,721.343433186073,181.126747143529,356.35432629504,135.969950527626,240.532221781922,0,0,0,0,8.5818698775511,17.2844808717154,6.79624615427056,12.0655467807426,0,0,0,0,0,0,0,0,0,0,193.171854765211,168.082989845845,150.68179668623,312.531063059056,200.180290912893,379.474056331372,0,0,7.42196154734473,6.45801770397224,5.77688414972736,11.9766080576524,7.65360464279525,14.5049427030652,0,0,330.466787949283,286.643799424212,398.09439028719,873.959652218856,605.816523738959,1172.88066008178,0,0,12.6970353758835,11.0133143520668,15.2575301779617,33.4792420282281,23.1552798006448,44.8135149775068,0,0,0,0,52.990964583101,123.423927926052,65.5306353037845,125.427169298019,0,0,0,0,0,0,0,0,0,0,311.338924726814,147.013409580266,376.128350212218,337.551977763438
"155",2002,2892,12.8333333333333,5233.62959965361,4317.24223215029,1219.52931601695,2339.40102628252,662.837428828127,1120.06672879002,0,0,0,0,0,0,0,0,0,0,0,0,2.01220394042524,3.95569043032322,1.25788375969642,2.13458074985885,0,0,0,0,0,0,0,0,0,0,4092.34980752542,3337.44730513493,762.767875376641,1533.65162534275,541.316534116992,991.863900626886,0,0,157.234623965151,128.23006260643,29.3965466287156,59.1135063988371,20.8565212393801,38.2155164922312,0,0,23060.3270169319,18714.4486211518,4654.47313903545,9136.78816125398,3474.10355747066,6140.44700329823,0,0,886.004142919241,719.039471403927,181.167087710741,356.455390783607,136.528243314785,241.797029594216,0,0,0,0,8.59346697329702,17.3098050860068,6.83121483594782,12.141727675818,0,0,0,0,0,0,0,0,0,0,193.971138945891,168.536877039837,151.746273638999,314.786502297188,202.45186098719,384.223507794822,0,0,7.45267144022911,6.47545676993512,5.8178557291083,12.0633898228381,7.7407711787406,14.6870977131306,0,0,329.153997472135,285.098209727262,398.811240720094,875.584324865779,609.411572932144,1181.11400859068,0,0,12.6465964528321,10.9539302968847,15.2853910429535,33.5423551418142,23.2935444441781,45.1298126666996,0,0,0,0,53.0850615944518,123.722222960989,65.9181219201697,126.330610317461,0,0,0,0,0,0,0,0,0,0,314.07876396321,148.271931091687,382.232717728606,343.824952026028
"156",2002,2892,12.9166666666667,5214.28317457227,4297.66802260312,1217.82806174629,2335.852801304,662.356716651959,1119.68269865252,0,0,0,0,0,0,0,0,0,0,0,0,2.01009244516886,3.95112910684727,1.25763077096494,2.13498976397032,0,0,0,0,0,0,0,0,0,0,4113.4411291035,3350.27463862524,768.764741212116,1545.90617335775,547.851655610011,1004.98652054813,0,0,158.044986268774,128.722909272205,29.6277004781969,59.5859498041074,21.1083223642842,38.7211327150175,0,0,23017.9834953747,18654.9812354219,4655.35345343663,9138.93159997133,3488.06160384975,6172.12833631059,0,0,884.377362180821,716.754633581703,181.203640856985,356.547622432517,137.081456156465,243.054869727772,0,0,0,0,8.60497116665249,17.3348583435778,6.86602282635955,12.2177522729632,0,0,0,0,0,0,0,0,0,0,194.77414430576,168.995490783708,152.812491003127,317.045558876091,204.733587248662,389.003938196697,0,0,7.48352430581583,6.49307743756939,5.85889586810082,12.1503146782836,7.82833212770749,14.8704499313589,0,0,327.861259029017,283.574176734185,399.51630639542,877.174156803155,612.976785190924,1189.3013617146,0,0,12.5969279491824,10.895374485323,15.3128040982297,33.6041439126292,23.4306823275748,45.4443841925396,0,0,0,0,53.1761319457387,124.012458767353,66.3014212897506,127.227729514515,0,0,0,0,0,0,0,0,0,0,316.829942843967,149.53386437087,388.399021362464,350.16656730253
"157",2003,2892,13,5195.32295300308,4278.3430849085,1216.33719995781,2332.60597727539,661.772605409995,1119.05823111036,0,0,0,0,0,0,0,0,0,0,0,0,2.00781944732252,3.94613970463354,1.25718277524969,2.1349433890406,0,0,0,0,0,0,0,0,0,0,4134.55201682032,3363.04227711946,774.792522949986,1558.16489271555,554.382498517575,1018.07271661149,0,0,158.856100334737,129.213462360768,29.8600417417655,60.058546819591,21.3599592864997,39.2253467333547,0,0,22976.1000853176,18595.7522501513,4656.45526797646,9141.1555790289,3501.69476027171,6202.96572116178,0,0,882.76825881807,714.478955531784,181.248501971703,356.642293901223,137.621797080471,244.279306905767,0,0,0,0,8.61616190218339,17.3587454412818,6.90027489366625,12.2922838026905,0,0,0,0,0,0,0,0,0,0,195.566509853627,169.425190604088,153.874783995103,319.270390908201,206.990746469339,393.689842349559,0,0,7.51396837302984,6.50958718599238,5.8997879226342,12.2359335659486,7.91495972647194,15.0502015250748,0,0,326.584062640031,282.063507209582,400.201378150351,878.687257660348,616.476835475656,1197.3111850872,0,0,12.5478565847923,10.8373321201357,15.3394547538986,33.6630036118766,23.5653428088674,45.7522027121019,0,0,0,0,53.2627006634481,124.287972388617,66.6767028014924,128.104539703588,0,0,0,0,0,0,0,0,0,0,319.615376334768,150.836839934766,394.679069719767,356.768018424988
"158",2003,2892,13.0833333333333,5176.81083150604,4259.29925734829,1215.09107014321,2329.71817759645,661.088634138046,1118.19037556919,0,0,0,0,0,0,0,0,0,0,0,0,2.00551599352703,3.94094444095827,1.25653402949171,2.13441747784199,0,0,0,0,0,0,0,0,0,0,4155.6338035806,3375.70122697769,780.843592516235,1570.40383317257,560.890523701982,1031.07883436629,0,0,159.666096295412,129.699839458125,30.0932775303617,60.530376601103,21.6107189965351,39.7264790293344,0,0,22934.7223386323,18536.7542315347,4657.82046715133,9143.50658304021,3514.98946006518,6232.8844256217,0,0,881.178583007421,712.212151634669,181.303284694457,356.741176599559,138.148723480911,245.467379065271,0,0,0,0,8.62720775270382,17.3816980288503,6.93391759338591,12.3651298938683,0,0,0,0,0,0,0,0,0,0,196.347978889564,169.825351321379,154.934922360372,321.464438857904,209.223516549141,398.281193946871,0,0,7.54399377903069,6.52496199480476,5.94059978800031,12.320378370727,8.00066054763368,15.2263508794674,0,0,325.323691284051,280.564658214563,400.869300868949,880.122789880086,619.907964932638,1205.11749994061,0,0,12.4994316538326,10.7797439191326,15.3654519692616,33.7189018089171,23.697381665814,46.0522740269168,0,0,0,0,53.3447072896128,124.548134848578,67.0435060361043,128.959096110454,0,0,0,0,0,0,0,0,0,0,322.437982915282,152.185661032642,401.079429227948,363.655574063787
"159",2003,2892,13.1666666666667,5158.27625209877,4240.33714385405,1213.75249638451,2326.65922696526,660.349147344817,1117.21919812908,0,0,0,0,0,0,0,0,0,0,0,0,2.00324192777741,3.93577978264717,1.25577056842696,2.13368153112966,0,0,0,0,0,0,0,0,0,0,4176.72575012336,3388.34382492477,786.890165461697,1582.62540853034,567.411629423978,1044.12887124947,0,0,160.476482611178,130.185588288906,30.3263431206167,61.0015432761407,21.8619844023702,40.2293067300451,0,0,22893.7131696628,18478.279609831,4659.09298760657,9145.65117569213,3528.1738795416,6262.64688129635,0,0,879.603067535887,709.965457541877,181.354387406068,356.831798386513,138.671200680962,246.649105273703,0,0,0,0,8.63837662474408,17.4047677721485,6.96739959416211,12.4377978270964,0,0,0,0,0,0,0,0,0,0,197.134936828982,170.234469997142,155.999218146707,323.67061185511,211.470917978407,402.920211889049,0,0,7.57423007631661,6.54068098278875,5.98157273585584,12.4052919291141,8.08692644096416,15.4043343509208,0,0,324.084982640037,279.086498334767,401.530455156253,881.530524170334,623.310288132553,1212.86782401445,0,0,12.4518390274378,10.7229506275834,15.3911931647272,33.7737441696787,23.8283319320829,46.350234323825,0,0,0,0,53.4239588221494,124.800731245191,67.4061260124321,129.807016012303,0,0,0,0,0,0,0,0,0,0,325.271886086845,153.537700354533,407.541968796605,370.613924523526
"160",2003,2892,13.25,5139.71900498463,4221.45532845931,1212.3233588181,2323.43243987094,659.554022424306,1116.14460640752,0,0,0,0,0,0,0,0,0,0,0,0,2.00096721189593,3.93059409031035,1.2548957106584,2.13274036029478,0,0,0,0,0,0,0,0,0,0,4197.83480191269,3400.97644180834,792.934388665272,1594.83386788313,573.948162616174,1057.22687297622,0,0,161.287526137871,130.670953631265,30.5593207436522,61.4722096030713,22.1138455205585,40.7339849750479,0,0,22853.0639950287,18420.3192920627,4660.2739833243,9147.59149789049,3541.24698952534,6292.25043603137,0,0,878.041382620332,707.738523886262,181.401855226703,356.914242940449,139.189187654125,247.824378368617,0,0,0,0,8.64962128358392,17.4278745019744,7.00072256977405,12.5102871697439,0,0,0,0,0,0,0,0,0,0,197.926939718306,170.651708099476,157.066794950232,325.8862984828,213.731110525061,407.601501596529,0,0,7.60466020750758,6.5567119322051,6.02267308886001,12.4905740027182,8.17368690415421,15.5839455001877,0,0,322.867233262725,277.628881183728,402.184482583866,882.910801821648,626.683741525081,1220.56399196607,0,0,12.4050516783289,10.666946621076,15.4166643970075,33.8275432986396,23.9581908216521,46.6461530571373,0,0,0,0,53.500514285979,125.045864540001,67.7645332452691,130.648195808135,0,0,0,0,0,0,0,0,0,0,328.117161672527,154.893025776221,414.067037053378,377.643692849369
"161",2003,2892,13.3333333333333,5121.1393383886,4202.65277581363,1210.80560160438,2320.04127137088,658.703231588067,1114.96666023086,0,0,0,0,0,0,0,0,0,0,0,0,1.99866750132935,3.92534535203804,1.25391192592015,2.13159762762111,0,0,0,0,0,0,0,0,0,0,4218.96588385956,3413.6037725929,798.977772050319,1607.03221511822,580.501787751364,1070.37576079272,0,0,162.099416098446,131.156115873247,30.7922681986614,61.9424905764031,22.3663661832514,41.2406257671402,0,0,22812.7676376203,18362.8653847167,4661.36486155654,9149.33021011712,3554.20804579277,6321.69292945559,0,0,876.493252508291,705.531047386053,181.445743118014,356.988614176759,139.702654500721,248.993110422619,0,0,0,0,8.66090368030943,17.4509535612805,7.03388778821322,12.582597316953,0,0,0,0,0,0,0,0,0,0,198.72361066514,171.076328568975,158.136989353062,328.109447736273,216.002690530256,412.320768907276,0,0,7.63526969181898,6.57302652405029,6.06387534936458,12.5761458588382,8.2608881668934,15.7650200227224,0,0,321.669837105037,276.191683918271,402.831051234507,884.263860347181,630.028199504664,1228.20732882486,0,0,12.3590463214115,10.6117271797696,15.441852733286,33.8803078088124,24.0869531530916,46.9400801553315,0,0,0,0,53.5744267733565,125.283629861425,68.1187031082313,131.482540612425,0,0,0,0,0,0,0,0,0,0,330.973879431781,156.251698757403,420.654936230806,384.74542554217
"162",2003,2892,13.4166666666667,5102.5378365241,4183.9287292509,1209.2012086322,2316.48926886299,657.796824639142,1113.68554355157,0,0,0,0,0,0,0,0,0,0,0,0,1.99632291098464,3.91999914661967,1.25282110503343,2.13025621037169,0,0,0,0,0,0,0,0,0,0,4240.12246411171,3426.22930495551,805.021368276157,1619.22255865495,587.07367102154,1083.57763015511,0,0,162.912285744687,131.641209016982,31.0252257449133,62.412466841177,22.6195911017759,41.7493094260117,0,0,22772.817933491,18305.9108656158,4662.36719732742,9150.87032347158,3567.05651378461,6350.97256580552,0,0,874.958440374307,703.342758237604,181.486112572129,357.055029695179,140.211579522754,250.155227796391,0,0,0,0,8.67219277075589,17.4739521640908,7.066896181365,12.6547274651044,0,0,0,0,0,0,0,0,0,0,199.524622378561,171.507675366915,159.2092818809,330.33840550047,218.284552013702,417.074515593598,0,0,7.66604595423237,6.5895995522651,6.10515954775009,12.6619439940178,8.3484878655182,15.9474240843594,0,0,320.492257308676,274.774791025964,403.469860248339,885.589873380373,633.343511528248,1235.79879727403,0,0,12.3138023299277,10.5572878654825,15.4667464294255,33.9320438593072,24.2146127791451,47.2320516702128,0,0,0,0,53.6457447984853,125.514116288642,68.4686147989841,132.309962522547,0,0,0,0,0,0,0,0,0,0,333.842104246679,157.613775385877,427.305936018067,391.919612446248
"163",2003,2892,13.5,5083.91537158204,4165.28267053356,1207.51219334445,2312.78005214372,656.834923058366,1112.30155488417,0,0,0,0,0,0,0,0,0,0,0,0,1.99391746515731,3.91452773114445,1.25162467362655,2.12871835562952,0,0,0,0,0,0,0,0,0,0,4261.30677697041,3438.85550504353,811.065843941669,1631.40624937332,593.664553230047,1096.83386617282,0,0,163.72622092202,132.126327815795,31.2582188327689,62.8821899832465,22.8735486621299,42.2600890148235,0,0,22733.2095765701,18249.4494544127,4663.28269850503,9152.21513095458,3579.79203927389,6380.08786487841,0,0,873.436742353594,701.173415139581,181.523030259753,357.113618117195,140.715948086761,251.310669236134,0,0,0,0,8.68346357674745,17.4968278249831,7.09974838556299,12.7266766195529,0,0,0,0,0,0,0,0,0,0,200.329690143461,171.945165141918,160.283271094473,332.571850459004,220.575833287998,421.859915951709,0,0,7.6969780555583,6.60640860355465,6.14651024729278,12.7479176740695,8.43645299611932,16.1310495939244,0,0,319.334015269222,273.37808836703,404.100640186104,886.888966287602,636.629515083074,1243.33906041961,0,0,12.2693013153216,10.5036242927725,15.4913349455314,33.982755757267,24.3411630863796,47.5220921836782,0,0,0,0,53.7145129178808,125.737407724227,68.8142509629626,133.130380023398,0,0,0,0,0,0,0,0,0,0,336.721896556581,158.979306791714,434.0202784597,399.166694493274
"164",2003,2892,13.5833333333333,5065.27304494799,4146.71427082866,1205.74058685806,2308.91728980957,655.817711813218,1110.81509407068,0,0,0,0,0,0,0,0,0,0,0,0,1.99143842541678,3.9089089231437,1.25032372572186,2.12698586187232,0,0,0,0,0,0,0,0,0,0,4282.52009485637,3451.48404296515,817.111566938284,1643.58405020869,600.274840629799,1110.14528957443,0,0,164.541270518884,132.611536437913,31.4912614541476,63.3516890342211,23.1282544090319,42.7729959377687,0,0,22693.9379289633,18193.4754544762,4664.11316423572,9153.36812519576,3592.41441155982,6409.03759984089,0,0,871.92798025357,699.022799217957,181.556566420427,357.164515895641,141.215751194831,252.459383456959,0,0,0,0,8.69469604184579,17.5195464419593,7.13244478776152,12.7984435995846,0,0,0,0,0,0,0,0,0,0,201.138563154708,172.388276528574,161.358641829941,334.808715670089,222.875851979099,426.674666408049,0,0,7.72805635948129,6.62343364622424,6.18791532434937,12.8340259240516,8.52475742325943,16.3158084424481,0,0,318.194677377641,272.001456676331,404.723153186992,888.161234483726,639.886050360696,1250.82855536049,0,0,12.2255266178275,10.4507318792733,15.5156089537711,34.0324466636947,24.4665975606498,47.8102176284009,0,0,0,0,53.780772473098,125.953583916199,69.1555971935419,133.94371716633,0,0,0,0,0,0,0,0,0,0,339.613312934534,160.348339707096,440.79818409699,406.487073291444
"165",2003,2892,13.6666666666667,5046.61214038396,4128.22335176296,1203.88842850878,2304.90468040948,654.745432687991,1109.22665155584,0,0,0,0,0,0,0,0,0,0,0,0,1.98887573448943,3.90312517236585,1.24891912917279,2.12506022270434,0,0,0,0,0,0,0,0,0,0,4303.76294473402,3464.11597176425,823.158676267559,1655.75627174399,606.904678281106,1123.51227490025,0,0,165.357454782096,133.096875342967,31.7243588204475,63.820975672261,23.3837138596701,43.288044472736,0,0,22654.9988699765,18137.983627199,4664.86045192778,9154.33293293266,3604.92353379125,6437.82074688563,0,0,870.431995753155,696.890709196731,181.586793583659,357.207864773474,141.710984332439,253.601327186987,0,0,0,0,8.70587409633228,17.5420807267868,7.16498556415984,12.8700270446963,0,0,0,0,0,0,0,0,0,0,201.951017527151,172.836541244914,162.435140321968,337.048126253281,225.184053922587,431.516864802519,0,0,7.75927226399304,6.64065668812992,6.22936501289691,12.9202351366646,8.61337992073963,16.5016278793277,0,0,317.073844610213,270.644767013427,405.337192483231,889.406757560132,643.112970734094,1258.26755164401,0,0,12.1824629064999,10.3986056708777,15.5395603210891,34.0811191378495,24.5909101909612,48.0964375286668,0,0,0,0,53.8445622019358,126.162721305947,69.4926416288324,134.749902907871,0,0,0,0,0,0,0,0,0,0,342.516406553312,161.720916940838,447.639856709887,413.881118750107
"166",2003,2892,13.75,5027.93409180052,4109.80985865139,1201.95775953967,2300.74593969705,653.618379449,1107.5368007186,0,0,0,0,0,0,0,0,0,0,0,0,1.98622157754369,3.89716282181544,1.24741159802074,2.12294272637396,0,0,0,0,0,0,0,0,0,0,4325.03525577492,3476.75184946052,829.207129722181,1667.92286465544,613.554000947605,1136.93483176121,0,0,166.174770990314,133.582365970965,31.9575091914576,64.2900477680195,23.6399244561556,43.8052348877965,0,0,22616.3886932422,18082.9691060019,4665.52645522067,9155.11327097885,3617.31940249713,6466.43645045047,0,0,868.948646450239,694.776958093823,181.613785715159,357.243810075298,142.201646673874,254.736463816774,0,0,0,0,8.71698495069689,17.564409013473,7.1973707161879,12.9414254334307,0,0,0,0,0,0,0,0,0,0,202.766851338136,173.289537196661,163.512558640071,339.289357648325,227.499980460642,436.384926385278,0,0,7.79061801091817,6.65806151173298,6.27085130674594,13.0065174703296,8.7023029179683,16.6884472953403,0,0,315.971145665734,269.307878819867,405.942580389923,890.625607925351,646.310147282737,1265.65619256531,0,0,12.1400959155337,10.3472402670963,15.563182032902,34.1287754701412,24.7140956442176,48.3807565826435,0,0,0,0,53.905918719977,126.364893719729,69.8253746685521,135.548870651535,0,0,0,0,0,0,0,0,0,0,345.431227522213,163.097077764771,454.545486156532,421.349174290281
"167",2003,2892,13.8333333333333,5009.24045624685,4091.47383813501,1199.95061785409,2296.44478996146,652.436893635822,1105.74619123362,0,0,0,0,0,0,0,0,0,0,0,0,1.98347000584548,3.89101147190805,1.24580175156591,2.12063453724423,0,0,0,0,0,0,0,0,0,0,4346.33648272234,3489.39184074882,835.256743811643,1680.08349724167,620.222576132629,1150.41267398325,0,0,166.993198193901,134.068014649747,32.1907054068194,64.7588923584631,23.8968772165825,44.3245560932242,0,0,22578.1040208014,18028.4273245254,4666.11308574548,9155.71290960423,3629.6020902746,6494.88399363927,0,0,867.477802560624,692.681370462071,181.637617509761,357.272499286038,142.687740410155,255.864762250781,0,0,0,0,8.72801849490698,17.5865142431852,7.22960010098472,13.0126370996659,0,0,0,0,0,0,0,0,0,0,203.585880426871,173.746882441596,164.59072189539,341.531800850978,229.82324156292,441.277513415353,0,0,7.82208652451913,6.67563344220099,6.31236746817653,13.0928495150735,8.79151146963764,16.8762155266746,0,0,314.886231317549,267.990638722536,406.539166315416,891.817857709413,649.477471878798,1272.99452921634,0,0,12.0984122272615,10.2966297750797,15.5864681173984,34.1754179480905,24.8361493845329,48.6631759666655,0,0,0,0,53.9648769298727,126.560172957739,70.1537887338928,136.340557859033,0,0,0,0,0,0,0,0,0,0,348.357823173616,164.476858257273,461.515250663996,428.891561170878
"168",2003,2892,13.9166666666667,4990.53289256707,4073.21542057115,1197.86903396081,2292.00495167912,651.201361047228,1103.85554358041,0,0,0,0,0,0,0,0,0,0,0,0,1.98061662289563,3.88466344746895,1.24409015933384,2.11813675817393,0,0,0,0,0,0,0,0,0,0,4367.66570260294,3502.03579657842,841.307225060355,1692.23761630113,626.910038244894,1163.9452747376,0,0,167.812700930746,134.553815652546,32.4239360865839,65.2274879820244,24.1545580459153,44.8459877561757,0,0,22540.1417358357,17974.3539602796,4666.62225912273,9156.13564420358,3641.77173205535,6523.16277461575,0,0,866.019344333484,690.603780224182,181.658363848316,357.294080950744,143.169270215808,256.986195990974,0,0,0,0,8.73896680684755,17.6083831310356,7.26167345733984,13.083660248494,0,0,0,0,0,0,0,0,0,0,204.407935020006,174.208230064487,165.669478680434,343.774935466651,232.15349560548,446.193479631293,0,0,7.85367128184591,6.69335915049452,6.35390766075438,13.1792112584995,8.88099248069921,17.0648887287029,0,0,313.818770097043,266.69288017052,407.126824632562,892.983583704084,652.614858565533,1280.28254705479,0,0,12.057399106306,10.2467677956666,15.6094135643066,34.2210490465901,24.9570677267642,48.9436943526622,0,0,0,0,54.0214703591884,126.748629285198,70.4778780756173,137.124905740966,0,0,0,0,0,0,0,0,0,0,351.296238295229,165.860291602424,468.549318476467,436.508581849985
"169",2004,2892,14,4971.63688158066,4054.59370938602,1195.96053028929,2287.76768002893,648.250674193239,1097.67509287098,1.71738930886478,4.13498165976238,0,0,0,0,0,0,0,0,0,0,1.97776169195968,3.87805481663177,1.23909960465271,2.10740186004526,0.0032861380714989,0.00794478826156074,0,0,0,0,0,0,0,0,4389.08802166233,3514.63854657031,847.423014962402,1704.42928356414,632.006675282145,1173.07103162931,1.70886102134965,4.5094767655013,168.635780686922,135.038033461165,32.6596812863038,65.6975220533137,24.3509441403198,45.1976251075968,0.0658416644845957,0.173746964450387,22502.4375800929,17920.0699705927,4667.44553798443,9156.67145531451,3644.4642652669,6526.30320402194,9.68297211744795,24.6501387854746,864.570802821428,688.518097467516,181.691163567272,357.319543791256,143.278076181361,257.116989579273,0.380696064177139,0.971184285920318,0,0,8.75020484770183,17.6295975519216,7.27490115657281,13.1043643496279,0.0193814593757954,0.0496239412520002,0,0,0,0,0,0,0,0,205.260832532961,174.646036147279,166.772112270827,346.001047678228,233.923561049297,449.364547475512,0.588897742522594,1.61131798916045,7.88644107120131,6.71018035519083,6.39636514039185,13.2649243506131,8.94904788553935,17.1868361403936,0.0225287741498521,0.0616273260327979,312.76817095319,265.406012503275,407.71935881104,894.092073951622,654.033247843836,1282.58686932725,1.74046871101156,4.84969200728115,12.0170338437495,10.1973242619068,15.6325474999762,34.2644917023134,25.0122559093826,49.0337074076839,0.0665604159484567,0.185404155749553,0,0,54.0778432022716,126.92668935321,70.6157596304075,137.375404130437,0.188233378095292,0.52022079081085,0,0,0,0,0,0,0,0,354.21274551708,167.266780677016,475.561179853436,444.299418273057
"170",2004,2892,14.0833333333333,4952.61606332867,4035.89353803822,1194.00940118326,2283.42878663435,644.916359024074,1090.55335035629,3.78722987363925,9.11399189083446,0,0,0,0,0,0,0,0,0,0,1.97487547663684,3.8713355158165,1.23336703773241,2.09484091203718,0.00725896196780655,0.0175358098951918,0,0,0,0,0,0,0,0,4410.6414164643,3527.30220419313,853.582780017586,1716.6798589412,636.773047645012,1181.24400682562,3.90858964358734,10.3153752842207,169.46389658274,135.524591438365,32.8971186496566,66.1698205976377,24.5346031007971,45.5125487404119,0.150596830728485,0.397445570327945,22464.9271206964,17866.0089887019,4668.25083177373,9157.04692242981,3645.00754971224,6523.76328453666,21.5454600539573,54.8512578051482,863.129702475506,686.440983078705,181.72318204728,357.338494981283,143.302186673536,257.023583052762,0.847153247134104,2.16123585516755,0,0,8.76150012115687,17.650642735826,7.28386905040223,13.1137063749714,0.0433123114395452,0.110886968032604,0,0,0,0,0,0,0,0,206.119485262526,175.082852449692,167.878810169164,348.228142483793,235.560338470525,452.144943299224,1.2398532154118,3.39868880688466,7.91943198407436,6.72696353099837,6.43897986015098,13.3506785320643,9.01200810514299,17.2938484216549,0.0474329599189122,0.129991892068079,311.730042245903,264.128842432935,408.300273517354,895.147320038292,655.02925037837,1283.67578302241,3.87679051360028,10.7962140538041,11.9771477062047,10.1482533257636,15.6552373409576,34.3058981808706,25.0512954770217,49.0772627321584,0.148263518850049,0.41275295154065,0,0,54.1322490922064,127.096863999296,70.7080972824901,137.498389422274,0.420967393589963,1.16266667912579,0,0,0,0,0,0,0,0,357.133709538672,168.681225104769,482.603233093685,452.16424339674
"171",2004,2892,14.1666666666667,4933.51813786538,4017.22104918414,1191.96206798078,2278.91628499228,641.583898303012,1083.46077675622,5.81351560245151,13.9832421726342,0,0,0,0,0,0,0,0,0,0,1.97192199728032,3.86449716062335,1.22762788604895,2.08231425577961,0.0111603875923364,0.0269400439151017,0,0,0,0,0,0,0,0,4432.2680314931,3540.00248584466,859.758672555081,1728.9524416453,641.562473507685,1189.45327146976,6.21494192264714,16.4036188142298,170.294825716765,136.012556569317,33.1351774004958,66.6429673048119,24.719150021713,45.8288704768303,0.239461716483512,0.632026741995669,22427.6448329517,17812.3401168272,4668.95518078439,9157.20931370459,3645.55514877088,6521.27279025143,33.3762139880233,84.9749560043219,861.697367894863,684.378934237156,181.751214373279,357.348952918874,143.326266434811,256.931709006608,1.31243624339153,3.34840574750518,0,0,8.77275479684737,17.6715912245537,7.29286631214692,13.1231690217962,0.0673782755397463,0.172491194332983,0,0,0,0,0,0,0,0,206.977612215885,175.524826249511,168.984873531711,350.460701747692,237.194606078123,454.938138733101,1.82518077350475,5.01104858877771,7.95240269498526,6.74394486616857,6.48157156560416,13.4366455129597,9.0748762335419,17.4013569882602,0.0698281260573132,0.191667552040563,310.706654285414,262.865444766881,408.869695051209,896.164890233977,655.994303272165,1284.6890687976,5.99885200710129,16.6978568512008,11.9378279226181,10.0997115478577,15.6774877408534,34.3458646035052,25.0891553190785,49.1179321889226,0.229425715898728,0.638399549243845,0,0,54.1843065741086,127.26021957461,70.7966072662072,137.614379425238,0.655336979263364,1.80880011604408,0,0,0,0,0,0,0,0,360.066862947377,170.099223944459,489.693698586702,460.078231651532
"172",2004,2892,14.25,4914.35654341534,3998.58602316583,1189.82353169335,2274.23939793286,638.25404624714,1076.39864459883,7.79657466094633,18.7436813443505,0,0,0,0,0,0,0,0,0,0,1.968886854985,3.85751290383937,1.22188312493358,2.06982356920864,0.0149895469707193,0.0361565246055649,0,0,0,0,0,0,0,0,4453.92414187843,3552.70474622718,865.937519217437,1741.22039049582,646.361952214462,1197.67403453209,8.6229104320988,22.7607553771782,171.126888109555,136.500597726278,33.3733513188064,67.1159383941424,24.9040853298157,46.1456376344981,0.332244324796246,0.876974702471908,22390.6165611796,17759.0821221263,4669.56666610297,9157.17431947287,3646.11033306287,6518.83711070811,45.1787110245686,115.030652090901,860.27479205127,682.332672007193,181.775574915613,357.351529571136,143.3504472448,256.841585981132,1.77667667611341,4.53305085668411,0,0,8.7839518692194,17.6924052440203,7.30189348267774,13.1327515282551,0.0915785450365061,0.234439319286556,0,0,0,0,0,0,0,0,207.835480221993,175.97158093407,170.090613519531,352.697904839035,238.827686985787,457.743309947187,2.35753547226156,6.48114529880269,7.98536345592485,6.76110989063915,6.52415217713952,13.522793801508,9.13770288312407,17.5093303643167,0.0901985341590396,0.247907182326863,309.700137811482,261.618240872792,409.430908705887,897.15380905216,656.934029879827,1285.6417286369,8.09627227154985,22.526962968145,11.899156359433,10.0517919610067,15.6994244996389,34.3847364413831,25.1260502015993,49.156288737401,0.309649925958589,0.861286240926937,0,0,54.2341185340776,127.416999442673,70.8814256269621,137.723626935679,0.891310152240827,2.45854067575337,0,0,0,0,0,0,0,0,363.012200392842,171.520817452742,496.832532389985,468.041572617135
"173",2004,2892,14.3333333333333,4895.1426625788,3979.99653764873,1187.59827982647,2269.40637990226,634.927335682017,1069.36782466954,9.73675169677231,23.3962970568538,0,0,0,0,0,0,0,0,0,0,1.96575935512319,3.8503626863717,1.21613361956334,2.05737037174998,0.0187458034807031,0.0451847115956533,0,0,0,0,0,0,0,0,4475.5755950296,3565.38220432321,872.10933146971,1753.4635745939,651.161913240802,1205.8881883962,11.1272048121539,29.3725751902876,171.958771563962,136.987685939729,33.6112564333607,67.587959984678,25.0890411293915,46.4621541069489,0.428741706146791,1.13174433893218,22353.8615072285,17706.248407025,4670.09183598698,9156.9546072697,3646.67516882077,6516.45940403788,56.9562168864284,145.027190922511,858.862712704432,680.302711331459,181.796518667708,357.346719652159,143.374813912855,256.753345420612,2.23999815690972,5.7155063258445,0,0,8.79507608897569,17.7130508579635,7.31094850543813,13.1424483170203,0.11591194464529,0.296732296834672,0,0,0,0,0,0,0,0,208.693181176609,176.422657598094,171.195944716873,354.938371974918,240.460041863105,460.558561373334,2.84735031992857,7.8361518033425,8.01831779767064,6.77844097253416,6.56671837620637,13.6090703974294,9.20050554634219,17.617695822155,0.10894341049191,0.299750348593752,308.712029391608,260.389054835691,409.986433017173,898.121119507144,657.852969445161,1286.54590805541,10.1611791105091,28.2624518417497,11.8611920540884,10.0045646494711,15.7211440314824,34.4227832520871,25.1621534530672,49.1927961784324,0.38863505111979,1.08060689103916,0,0,54.2817719054018,127.567411023685,70.9626722709365,137.826353375533,1.12885582398177,3.11181110884906,0,0,0,0,0,0,0,0,365.969719032102,172.946042490859,504.019711052437,476.054431363439
"174",2004,2892,14.4166666666667,4875.88628118475,3961.45934839496,1185.29039317923,2264.42472141287,631.604137354179,1062.36888973354,11.6344044305226,27.9421073718911,0,0,0,0,0,0,0,0,0,0,1.96253175660831,3.84303187873498,1.21038012354242,2.0449559997008,0.0224287193063196,0.0540244321033528,0,0,0,0,0,0,0,0,4497.19563187448,3578.01414300092,878.266557680402,1765.66684567868,655.955379811653,1214.08267784256,13.7224025646456,36.224508872776,172.78944795364,137.473025224335,33.8486023262967,68.0584494830549,25.2737491112167,46.7779177824388,0.528745754483226,1.39577650839652,22317.3937504053,17653.8482520182,4670.53605918697,9156.56052510831,3647.25082697832,6514.14117551498,68.7117683691953,174.972797364359,857.461670799649,678.289408781345,181.814254924116,357.334927884919,143.399416299053,256.667054189017,2.70251559698925,6.89608373416791,0,0,8.8061140639833,17.7334981745507,7.32002773779955,13.1522509406567,0.140376863136951,0.359369273084707,0,0,0,0,0,0,0,0,209.550681828067,176.877549622533,172.30053908774,357.180432630489,242.091590060066,463.381440768049,3.30321074865164,9.09857290094371,8.05126444263608,6.79591864673826,6.60925751863706,13.6954111045771,9.26328092810313,17.7263591793646,0.126391274592071,0.348058004417904,307.743400837006,259.179235585068,410.53814758582,899.072220411381,658.754731046849,1287.41133086597,12.187737964793,33.8886171737735,11.8239761873757,9.95808144127475,15.7427182584858,34.460211589691,25.1976028278311,49.2278257270915,0.466157950073819,1.29576092740084,0,0,54.3273408946206,127.711633113587,71.0404541222615,137.92275500312,1.36794355329087,3.76853653775597,0,0,0,0,0,0,0,0,368.939416379535,174.374931991819,511.255212298928,484.116935281154
"175",2004,2892,14.5,4856.59593563911,3942.98017738059,1182.90362701746,2259.30130425958,628.284704446153,1055.40219246796,13.4899012115702,32.3821547131482,0,0,0,0,0,0,0,0,0,0,1.95919868191817,3.8355102113386,1.20462328595701,2.0325816029952,0.0260380274057635,0.0626758304884804,0,0,0,0,0,0,0,0,4518.76323367761,3590.5845441135,884.403514402936,1777.81887532186,660.73733513006,1222.2482626852,16.4030627353432,43.3019292822757,173.618109705162,137.956000137279,34.0851703114992,68.526970966181,25.4580162329257,47.0925730618435,0.632047578872497,1.66850964482855,22281.223400954,17601.8877573945,4670.90379229682,9156.00063354236,3647.83781501608,6511.88271120153,80.4481649169537,204.875054059623,856.072054785889,676.292998739586,181.82895763146,357.316489628609,143.424278333859,256.582731451892,3.16433487111277,8.07507020888995,0,0,8.81705423815132,17.75372129925,7.3291266408691,13.1621494007741,0.164971235455185,0.42234763533548,0,0,0,0,0,0,0,0,210.407860585367,177.335727342641,173.403930353895,359.422302664454,243.721927315284,466.209275692402,3.73216481201165,10.2870027909316,8.08419871909637,6.81352256268384,6.65175164437169,13.781747338115,9.32601330745942,17.8352177362518,0.142811809047247,0.393541469883047,306.794958743553,257.989751769661,411.087404107729,900.01115372279,659.642136608793,1288.24568672904,14.1717662592383,39.3941357839065,11.7875359079531,9.9123795534454,15.7641988631939,34.4971760068491,25.2325059618234,49.2616708018234,0.542058680420627,1.50631542134043,0,0,54.3708895254431,127.849821643403,71.114867599753,138.013007785338,1.60854334219358,4.42864379248051,0,0,0,0,0,0,0,0,371.921288815859,175.807514684739,518.539003723927,492.229168271427
"176",2004,2892,14.5833333333333,4837.27918565494,3924.56393892761,1180.44147507552,2254.04252375237,624.969207198616,1048.46792615362,15.3036192075816,36.7175013624599,0,0,0,0,0,0,0,0,0,0,1.9557566384044,3.82779090491767,1.19886366230526,2.02024815305466,0.0295736071110462,0.0711393239318858,0,0,0,0,0,0,0,0,4540.26182064433,3603.08101505177,890.515938409025,1789.91123820554,665.504225380244,1230.37854666344,19.1638133430323,50.5903848431093,174.444119796303,138.436134534699,34.3207962449753,68.9932000037641,25.6417056459322,47.4058735898655,0.738440867358934,1.94938873644943,22245.3575083139,17550.3705835561,4671.19878953853,9155.28212301918,3648.43615719233,6509.68341470295,92.1679662484944,234.74089513714,854.694135512245,674.313621844522,181.840773511524,357.291687060865,143.449405032058,256.50036179096,3.62555271575161,9.25272815447674,0,0,8.82788680632296,17.7736981535799,7.3382402670558,13.1721330740587,0.18969255328656,0.485663122565008,0,0,0,0,0,0,0,0,211.26453573682,177.796656235508,174.505587519281,361.662205080413,245.350479183782,469.039400328469,4.13998547946056,11.4167699633129,8.11711364539392,6.83123218314481,6.69418030240554,13.8680107669237,9.38868043096874,17.9441690001405,0.158425896613849,0.436787104240688,305.867123878706,256.82126814204,411.635123154384,900.940852081193,660.517350776453,1289.05497479208,16.1104108714168,44.7712339295743,11.7518873825113,9.86748452683343,15.785620996412,34.5337885351375,25.2669453322193,49.2945601475847,0.616228156347902,1.71197319198581,0,0,54.41247370737,127.982114356111,71.1860006243265,138.097271345743,1.85062546662609,5.09206085798839,0,0,0,0,0,0,0,0,374.915330524782,177.243814978948,525.871036134702,500.391169011752
"177",2004,2892,14.6666666666667,4817.94281473334,3906.21490588071,1177.90721687438,2248.65437891604,621.657757974336,1041.56616873035,17.0759431683782,40.9492263575407,0,0,0,0,0,0,0,0,0,0,1.95220364977433,3.81986999926054,1.19310172822854,2.00795645963691,0.0330354636114857,0.0794155647863444,0,0,0,0,0,0,0,0,4561.67829176298,3615.49399769877,896.600656495689,1801.93773557166,670.253596104856,1238.46926617457,21.9994128514344,58.0757649511472,175.266974865244,138.913061178457,34.5553578531037,69.4568976941493,25.8247227387068,47.717654953986,0.847724254257276,2.23787169534671,22209.8007314511,17499.2984961824,4671.42425661402,9154.41111975068,3649.04552473923,6507.54205002092,103.873495624832,264.576614827521,853.328091982888,672.351345936182,181.849828019584,357.260761039712,143.47478756216,256.419904667163,4.08625684571854,10.4292955593828,0,0,8.83860357693731,17.7934101838975,7.34736355891836,13.1821912720482,0.21453790008942,0.549309986517741,0,0,0,0,0,0,0,0,212.120485391104,178.259808919388,175.604959706663,363.898438705603,246.976594776652,471.869281412128,4.53138368760145,12.500465680025,8.15000069610584,6.84902724527017,6.73652227405073,13.9541359554969,9.45125711393218,18.0531155333572,0.173413773336987,0.478276525965991,304.960090919331,255.674203863468,412.181875417372,901.863343982994,661.381994824042,1289.8437977608,18.0018901284588,50.0150153298293,11.7170380909921,9.82341246627773,15.8070063908892,34.5701265455491,25.300982611911,49.3266690752513,0.688598275561947,1.91254709703526,0,0,54.4521428315275,128.108634408283,71.2539341614185,138.175691997122,2.09416034289692,5.75871643590051,0,0,0,0,0,0,0,0,377.921532836083,178.683852994948,533.251241027747,508.602932713171
"178",2004,2892,14.75,4798.5930005803,3887.93685085703,1175.30395807101,2243.14254931887,618.350432359532,1034.69691995509,18.8072644137172,45.0784229375971,0,0,0,0,0,0,0,0,0,0,1.94853893768869,3.81174577245236,1.18733789248662,1.99570718793438,0.0364237097342208,0.0875054070650843,0,0,0,0,0,0,0,0,4583.00220687139,3627.81609504937,902.655305080432,1813.8938205009,674.983784992222,1246.5176894413,24.9047995855001,65.7444334245053,176.086273784259,139.386495863787,34.7887639710234,69.9178886069249,26.0070033444511,48.0278116207415,0.959703224330315,2.53343449960094,22174.5559100687,17448.6718301738,4671.58298130265,9153.39294516727,3649.66534546042,6505.456945714,115.566845222743,294.387881730757,851.974033303719,670.406183881758,181.856230402585,357.22392116644,143.500407514926,256.341302378465,4.54652615265381,11.6049865225196,0,0,8.84919783326103,17.8128420659118,7.35649158511484,13.1923136799862,0.239503990084895,0.613281156041733,0,0,0,0,0,0,0,0,212.975464094031,178.724674776353,176.701511684741,366.12943064288,248.599621283094,474.696613642315,4.91019535512932,13.5484096422228,8.1828504404866,6.86688813030166,6.77875693852618,14.0400623821704,9.51371810335652,18.1619686273625,0.187922185426118,0.518404429860649,304.073879801476,254.548782949022,412.727953180725,902.779934177533,662.237247575211,1290.61562168552,19.8452692365843,55.1228743972144,11.6829887995241,9.78017197878813,15.8283661008422,34.606239660546,25.3346625286841,49.3581293930195,0.759133325692022,2.10793758378281,0,0,54.4899411484487,128.229493479815,71.3187435535138,138.248405359895,2.33911841625575,6.4285395747808,0,0,0,0,0,0,0,0,380.939883719891,180.127644639827,540.679529001077,516.864413375779
"179",2004,2892,14.8333333333333,4779.23543498293,3869.73314566358,1172.63465904023,2237.51244933284,615.047283614766,1027.86012702402,20.4979801527559,49.106196800968,0,0,0,0,0,0,0,0,0,0,1.94476268327399,3.80341830416515,1.18157251101703,1.9835008803537,0.0397385508144922,0.0954098783323536,0,0,0,0,0,0,0,0,4604.22520877987,3640.04159592417,908.678133379109,1825.77619380704,679.693709093019,1254.52219975101,27.8751227711164,73.5833136668971,176.901695456755,139.856219158042,35.0209469874691,70.376045270885,26.1885055714479,48.3362809337417,1.07419131125086,2.83557448107121,22139.6244682598,17398.4898166254,4671.67742457795,9152.232296673,3650.29487819293,6503.42613319634,127.249885009087,324.179762392371,850.63201419119,668.47810613845,181.860077229171,357.181352798367,143.526239806101,256.264485455883,5.0064310392252,12.7799921407003,0,0,8.85966416796372,17.8319813528441,7.36561965149397,13.2024905541024,0.264587220695314,0.677568426188045,0,0,0,0,0,0,0,0,213.829213679362,179.190765336566,177.794740435876,368.353754717603,250.21893913298,477.519349712922,5.27953089856975,14.5690262178962,8.21565295937377,6.88479607044616,6.82086491038782,14.1257351510261,9.57603942934799,18.2706494644155,0.202070111379056,0.557492982914817,303.208373126565,253.445071829299,413.273429123187,903.691350344712,663.08393192119,1291.37299389846,21.6402843802423,60.0940322594574,11.6497349976266,9.73776561672653,15.8497027566414,34.6421553761027,25.3680161768844,49.3890377445848,0.827823253170068,2.29811493804677,0,0,54.5259088002588,128.344794098309,71.3804995139471,138.315538314181,2.58547007492038,7.10145938234516,0,0,0,0,0,0,0,0,383.970367556647,181.575201775799,548.155790716646,525.175528047542
"180",2004,2892,14.9166666666667,4759.8754175902,3851.60683913983,1169.90215735273,2231.76927069721,611.748353707985,1021.0557042676,22.1484929570444,53.0336647404863,0,0,0,0,0,0,0,0,0,0,1.94087583322741,3.79488911960099,1.17580590011572,1.97133797804142,0.0429802717149628,0.103130155496165,0,0,0,0,0,0,0,0,4625.34056965026,3652.1661020989,914.667850313432,1837.58248944188,684.382701248705,1262.48197495843,30.9057634536151,81.5799469093391,177.712981388431,140.322062074413,35.2518569673938,70.8312760963107,26.3692035217478,48.6430308055306,1.19101090712082,3.14381257864775,22105.0067314502,17348.750839064,4671.70979135267,9150.93338774778,3650.93326936052,6501.4474514816,138.924273058701,353.956748786561,849.302047149679,666.567050598505,181.86145513107,357.133222485716,143.552254882658,256.189376753722,5.4660338096155,13.9544815484416,0,0,8.86999831949466,17.8508181266617,7.37474336012849,13.2127128193023,0.289783726438955,0.742162644354431,0,0,0,0,0,0,0,0,214.681471250621,179.65761765712,178.884183907205,370.570136538864,251.833981081674,480.335705435661,5.64190113376449,15.5691633082033,8.24839815186212,6.90273327869605,6.86282837663131,14.2111051892716,9.63819913886217,18.3790893212055,0.215953580512593,0.595804025728624,302.363346173044,252.363009960507,413.818206117595,904.597866925322,663.922589267958,1292.11772918144,23.3871968589078,64.9291497324379,11.6172680513024,9.69619105389549,15.8710124746833,34.6778838089695,25.4010638683792,49.4194627345913,0.894678081673879,2.48310447749097,0,0,54.560082657843,128.454631522753,71.4392689325824,138.377210581195,2.83318558264902,7.77740479588064,0,0,0,0,0,0,0,0,387.012965033552,183.026532421905,555.679898602981,533.536161401194
"181",2005,2892,15,4740.3938512066,3833.41352879108,1167.10541665821,2225.93324346775,608.12972118042,1013.49830517187,24.0939187047728,57.6622485287169,0,0,0,0,0,0,0,0,0,0,1.93689653453054,3.78618868381797,1.16941544841304,1.95770209296854,0.0467930242877665,0.112213717651006,0,0,0,0,0,0,0,0,4646.36544899249,3664.19881003337,920.614181003163,1849.31443762592,688.684321208176,1269.41456763712,34.373148105814,90.7295182344966,178.520790875101,140.784377955591,35.4810997649725,71.2836485981282,26.5349779757162,48.9102072114757,1.32466599207237,3.4964937737031,22070.6919284461,17299.3876860572,4671.6388692492,9149.51786436281,3649.63447612472,6494.48444258984,152.601587166034,388.854418003402,847.983718291222,664.670434892368,181.858802938452,357.080406530285,143.501938329365,255.917518821655,6.00442703853502,15.3308187039328,0,0,8.8802721858559,17.8694745039018,7.37992600221163,13.2127312440816,0.319156516404827,0.817499833198947,0,0,0,0,0,0,0,0,215.537440556697,180.127504098094,179.973297993549,372.785181103775,253.317926989145,482.7837978777,6.13746762943026,16.9321309326975,8.28128595402488,6.92078706276861,6.90477979519514,14.2964255763846,9.69534317343488,18.4734405547696,0.23493697428587,0.648004465699563,301.540053030233,251.303516486536,414.364235164288,905.50465165743,664.398966908323,1291.84863300419,25.4527633794828,70.6510893917575,11.5856361447574,9.65548360526759,15.8923698415054,34.7136225900572,25.4202513173281,49.4111095224935,0.973730106822018,2.70202899588515,0,0,54.592969641152,128.560027643763,71.4570143486155,138.326276689508,3.1216194152235,8.56566434876279,0,0,0,0,0,0,0,0,390.059942945414,184.476227604582,563.232330539426,541.914454182328
"182",2005,2892,15.0833333333333,4720.26564752912,3814.54911121794,1164.21661985074,2220.03618108047,602.977729400888,1002.25227509618,27.5915928279379,65.988435203754,0,0,0,0,0,0,0,0,0,0,1.9328755793288,3.77742278739601,1.16006746120647,1.93691900865266,0.0536030114587868,0.128465164998227,0,0,0,0,0,0,0,0,4667.47768721071,3676.25783019645,926.513391612094,1861.04788773415,691.222633647859,1271.60458091028,39.8025154335417,105.056077787466,179.331956829487,141.247704794671,35.7085348509542,71.7360829947894,26.632810758632,48.9946505855412,1.53392421865532,4.04866427353918,22036.541857627,17250.0706327114,4671.28004620778,9148.01369834359,3639.00071935273,6463.40494135546,175.962895875055,448.435920215199,846.671717554392,662.775590466422,181.845096876306,357.024118261475,143.084377574699,254.694916954409,6.92366607911504,17.6799816735133,0,0,8.89067896376067,17.888391494263,7.36620175854927,13.1635828649074,0.368362911219328,0.94369006474507,0,0,0,0,0,0,0,0,216.416060014924,180.60938184708,181.073559346656,375.0242460048,254.178687641372,483.466992674678,7.24218755026956,19.9613156594204,8.31504400916034,6.93930157216902,6.94715917000252,14.3826684998729,9.72863668371226,18.5002589511385,0.277237488208826,0.76396959988302,300.738213248467,250.265118396239,414.911379529969,906.413326808813,663.145457872286,1286.71355379808,29.2416516131677,81.1630144434364,11.5548285028289,9.61558667538843,15.9137691589583,34.7494332871077,25.3732501456078,49.2166305029224,1.11872533295993,3.10418640682355,0,0,54.6262371890459,128.664235279908,71.288086505763,137.753371287466,3.60243383109565,9.88583922567005,0,0,0,0,0,0,0,0,393.081715646184,185.903454660946,570.728514583025,550.172329464215
"183",2005,2892,15.1666666666667,4700.07369895724,3795.71277557336,1161.24856238591,2213.99260795885,597.889068254316,991.190842412766,30.9954653778146,74.0701642636009,0,0,0,0,0,0,0,0,0,0,1.92872213456027,3.76844821763847,1.15082930322514,1.91646384431948,0.0602480793856191,0.144276301517655,0,0,0,0,0,0,0,0,4688.5795815915,3688.29016300435,932.416536079313,1872.77674522054,693.780895114419,1273.83394046995,45.3820310538211,119.761066492579,180.142725357098,141.710006262888,35.9361190332177,72.1883370938228,26.7314109867036,49.0806078850139,1.74897676479424,4.6154397220522,22002.5713974241,17201.0857940831,4670.83858717884,9146.32220120153,3628.54203617756,6432.82696616913,199.214105743997,507.666986248791,845.366616811025,660.893510311121,181.828121368631,356.960368253871,142.673486958722,253.491614043944,7.8386674296265,20.0155175245266,0,0,8.90080903659204,17.9069127292739,7.35278444122151,13.1153072453223,0.417661005748142,1.06995945881344,0,0,0,0,0,0,0,0,217.289832778748,181.089375954483,182.165342149367,377.249197252091,255.028529304367,484.133782649036,8.259307527619,22.7508815416528,8.34861584586223,6.95774370909504,6.98921373732186,14.4683716680703,9.76151274797639,18.5264480030291,0.316188677646036,0.870775672616886,299.948819634874,249.241202282162,415.446972666003,907.294495547104,661.887961869733,1281.59668729903,32.9627865893155,91.4609274762501,11.5244990553431,9.57624616654452,15.9347248410267,34.7841888913471,25.3260918062189,49.0228313792019,1.26113814487304,3.49818739790596,0,0,54.6575517455171,128.76268254103,71.1183018986438,137.181926401148,4.08445575879329,11.2060353470374,0,0,0,0,0,0,0,0,396.115746794213,187.334487210382,578.255278926252,558.452279775578
"184",2005,2892,15.25,4679.83748735283,3776.91911007473,1158.20758357844,2207.81441884486,592.863874491447,980.312649738735,34.3069991150123,81.9119084728463,0,0,0,0,0,0,0,0,0,0,1.92443755890591,3.7592606644073,1.14169883108184,1.89633104996428,0.0667288955699555,0.159651536036359,0,0,0,0,0,0,0,0,4709.61011256449,3700.24832352401,938.304473156929,1884.46295019591,696.34041760539,1276.06816415028,51.101419140504,134.816189108457,180.950751988459,142.169457913176,36.1631169370051,72.6389485298834,26.8300605945727,49.1667541735566,1.96942893467753,5.19573321196705,21968.8185451165,17152.4612648668,4670.32501648691,9144.4640067097,3618.2611632889,6402.7521879335,222.361594414675,566.566041671652,844.069875966714,659.025273869752,181.808286270805,356.889962110616,142.269380693276,252.307691302308,8.74967383806004,22.3381299027762,0,0,8.91068694110028,17.9250493643581,7.33966894311752,13.0678926173635,0.46704864143137,1.19630928685729,0,0,0,0,0,0,0,0,218.159079208945,181.567490382366,183.24984364028,379.461473878532,255.870065728705,484.788666690737,9.20568479746271,25.3450407539316,8.3820137728909,6.97611362577532,7.03098943084334,14.5535902465421,9.79407144913157,18.5521800141188,0.352435804016142,0.97011464217259,299.174979682214,248.234494542244,415.975318209039,908.158429488078,660.634115466634,1276.51361481304,36.6051653710806,101.516331174344,11.4947671971273,9.53756683130405,15.9554017753969,34.8182827751757,25.2790682012461,48.8303076846853,1.40054732596104,3.88294110212849,0,0,54.6870137554649,128.855649085326,70.947855534531,136.612297380234,4.56763944380896,12.5261669233113,0,0,0,0,0,0,0,0,399.161971171285,188.769310498661,585.812332383457,566.75405228459
"185",2005,2892,15.3333333333333,4659.57344402058,3758.18020406679,1155.09925919562,2201.51206331366,587.901951154689,969.615774250405,37.5276674380969,89.5181413459898,0,0,0,0,0,0,0,0,0,0,1.92002459766136,3.74985955072007,1.13267426087362,1.87651551470498,0.0730464167227355,0.174595780795753,0,0,0,0,0,0,0,0,4730.52225619618,3712.09610747154,944.162839783869,1896.07807290626,698.887804518148,1278.28282697558,56.9502417448409,150.192792470499,181.754229988846,142.624668719052,36.3889765916905,73.0868245958803,26.9282446578708,49.2521506273051,2.19487967954468,5.7884437486076,21935.3115758277,17104.2174107854,4669.74758337485,9142.45528151095,3608.15900921579,6373.17895951113,245.411314168918,625.150303767479,842.782581389355,657.171663626041,181.785913269407,356.813532044317,141.872101544771,251.143100012759,9.65691190898852,24.6484765780539,0,0,8.92033105406022,17.9428067045742,7.32684742783334,13.0213213903253,0.516522798426964,1.3227375394541,0,0,0,0,0,0,0,0,219.023883994959,182.043570077573,184.327564429139,381.661298180798,256.704570509073,485.433742966052,10.0951893692031,27.7804096197084,8.41524104413776,6.99440536481934,7.0725054198901,14.6383326478139,9.82636141255704,18.5775350954415,0.386509763268107,1.06338771816513,298.418928949421,247.246948381826,416.499673192029,909.012913504215,659.38987296356,1271.47641245453,40.161066936512,111.309383209757,11.4657188219654,9.49962371493701,15.9759247325513,34.8520130260467,25.2324069188001,48.6395209941467,1.5366572728349,4.25768784461779,0,0,54.7147078703738,128.943370661946,70.7769140503519,136.044783675046,5.0519412670393,13.8461549114817,0,0,0,0,0,0,0,0,402.220326256023,190.207909119486,593.399433535216,575.07743804194
"186",2005,2892,15.4166666666667,4639.29557686644,3739.50616329932,1151.92855118196,2195.09483148268,583.002852095869,959.097876062372,40.6589481936387,96.8933221885333,0,0,0,0,0,0,0,0,0,0,1.91548698305238,3.74024711161533,1.12375404721554,1.85701239399792,0.0792018493149435,0.189114377428085,0,0,0,0,0,0,0,0,4751.27997095387,3723.80614255735,949.980985699348,1907.60116008351,701.413695613106,1280.46114865056,62.9181123613165,165.862429940865,182.551774584936,143.074586993377,36.6132885551972,73.5311596112298,27.0256032360039,49.3361519623473,2.42492980888829,6.39247795301564,21902.0711528202,17056.3685653358,4669.1127653523,9140.30872028805,3598.23511485117,6344.10317669017,268.368771508915,683.435731684186,841.505526989398,655.333230295848,181.761255369419,356.731575461924,141.481638753712,249.997695066051,10.5605912910747,26.9471674494541,0,0,8.92975517634309,17.9601863346137,7.31431052804569,12.9755726301574,0.56607958602701,1.44923904313733,0,0,0,0,0,0,0,0,219.884163219011,182.517351616098,185.398543416242,383.848112465664,257.532447439132,486.069570169531,10.939180488226,30.0871775965595,8.44829443533596,7.01260880505546,7.11376313258865,14.7225773075814,9.85839786897174,18.6025342429189,0.418845324643809,1.15175010036758,297.682211747061,246.279903230355,417.022416505066,909.863661479977,658.159755915349,1266.49419756852,43.6254309654737,120.827290156956,11.4374132648106,9.46246828046044,15.9963848166393,34.8855983620064,25.1862807472453,48.4508197571425,1.66927421493311,4.62193767419508,0,0,54.7407061256238,129.026047795141,70.6056209055985,135.479639055101,5.53731921636648,15.1659253837871,0,0,0,0,0,0,0,0,405.290749540995,191.650266010449,601.016362148128,583.422243378899
"187",2005,2892,15.5,4619.0160284777,3720.90556815314,1148.69994139134,2188.57110901177,578.165956164621,948.756328113627,43.7023187752946,104.041884386633,0,0,0,0,0,0,0,0,0,0,1.91082909005983,3.73042758385349,1.11493678458454,1.83781697391661,0.0851966096409542,0.203213021289808,0,0,0,0,0,0,0,0,4771.8555115239,3735.35770897575,955.751022461169,1919.01681255357,703.911656557852,1282.59186476347,68.9948749253287,181.797334747347,183.342319757408,143.518416648082,36.8357494256868,73.9713611587771,27.1218887590388,49.4183247416834,2.65918887624959,7.00676827181664,21869.1122090901,17008.924539764,4668.42571588867,9138.03443049051,3588.48805761097,6315.51903115193,291.239020179049,741.437012494131,840.239286513135,653.51035084284,181.734514228501,356.644489271472,141.097943766281,248.871264301469,11.4609043832579,29.2347639369963,0,0,8.93896989880775,17.9771878669101,7.30204830282744,12.9306240479447,0.615714284639755,1.57580571088828,0,0,0,0,0,0,0,0,220.739722620702,182.988506776447,186.462552407055,386.020938583173,258.353614327172,486.695867928512,11.7469627470826,32.2902342785686,8.48116648267941,7.03071133568877,7.15475373165112,14.8062864965109,9.89017739478266,18.6271662391491,0.449798591177936,1.23615411297919,296.965844219917,245.334228658346,417.545215629052,910.714721162165,656.947107366009,1261.57367456144,46.9952748060301,130.062792997978,11.409889567668,9.42613393815874,16.0168458522942,34.9191936345176,25.1408173790785,48.2644601275375,1.79828389543947,4.97541239961497,0,0,54.7650708212827,129.103853686436,70.4341011170336,134.917080910059,6.02373242268872,16.4854080841124,0,0,0,0,0,0,0,0,408.373176358992,193.096361682185,608.662897780364,591.788268863155
"188",2005,2892,15.5833333333333,4598.74541477325,3702.38575185401,1145.41751288847,2181.9485319671,573.390511561386,938.588293889509,46.6592532060829,110.968228542036,0,0,0,0,0,0,0,0,0,0,1.90605574459917,3.72040673009029,1.10622115992795,1.81892461350706,0.0910322934781703,0.216897703143814,0,0,0,0,0,0,0,0,4792.22779870383,3746.73541775644,961.467247615526,1930.31402108338,706.377515536073,1284.66795844938,75.1707036067878,197.970684847924,184.125055609597,143.955566414318,37.0561397447118,74.4070054100591,27.2169405653341,49.4983986923687,2.89727902303776,7.63028318009122,21836.4450886032,16961.8915377239,4667.69053334828,9135.6404633589,3578.91568864836,6287.41945052159,314.026668717957,799.16758504409,838.984257390491,651.703263621181,181.70585057222,356.552590478393,140.72093947472,247.763545669859,12.358026606217,31.5117798451959,0,0,8.94798336325074,17.9938097887954,7.2900506629526,12.8864528968517,0.665421440568294,1.70242689438696,0,0,0,0,0,0,0,0,221.590290865746,183.4566668714,187.519193135085,388.1785538539,259.167685716644,487.311847141646,12.5261052210632,34.4099678987558,8.51384676106107,7.04869879116656,7.19546184243021,14.8894130809523,9.92168493079029,18.6514003443869,0.479659217590513,1.31737976883954,296.270415927177,244.410414349517,418.069149765699,911.568764938227,655.754290823708,1256.71955074338,50.2692977364095,139.013129079134,11.3831703824616,9.39063950245719,16.0373491034331,34.9529009683428,25.0961070170241,48.0806218547578,1.92363642177416,5.31800586007952,0,0,54.787856324097,129.176939194822,70.2624642770395,134.357296184794,6.51114083893547,17.8045354286242,0,0,0,0,0,0,0,0,411.467538858508,194.54617391798,616.338812604349,600.175302854469
"189",2005,2892,15.6666666666667,4578.4931477057,3683.95306530627,1142.08502774315,2175.23413490579,568.675677564921,928.590800249945,49.5312198183631,117.676717078763,0,0,0,0,0,0,0,0,0,0,1.90117204077044,3.71019138411929,1.09760590797418,1.80033069074366,0.0967106466760739,0.230174652726698,0,0,0,0,0,0,0,0,4812.38086051307,3757.92794925853,967.125594112761,1941.48505339427,708.808733913861,1286.68546007573,81.4361895577802,214.356832812004,184.899368472465,144.385601373381,37.2743028686889,74.8377944131094,27.3106607459208,49.576220632806,3.1388383215598,8.26203604137576,21804.0766385369,16915.273028753,4666.91051825379,9133.13332166963,3569.51535783776,6259.79651454027,336.735892491194,856.639675774262,837.740702700374,649.912101935855,181.675394157771,356.4561358802,140.350528982579,246.674243467914,13.2521168477737,33.7786826915068,0,0,8.95680198764086,18.0100502614903,7.27830777213968,12.8430368193521,0.715194961419111,1.82908973558897,0,0,0,0,0,0,0,0,222.43555104125,183.921445669462,188.567989374842,390.319657483567,259.974146910796,487.916524126854,13.2827485594407,36.4630352322835,8.5463230941718,7.06655633185698,7.23586909224118,14.9719069179909,9.95290046647145,18.6751983647505,0.508662167143258,1.39606423916971,295.596187431132,243.508656397804,418.594828091009,912.427369551579,654.58287860427,1251.9349289727,53.4475041336019,147.679042671944,11.3572657205423,9.35599250759161,16.0579178056031,34.986780478577,25.0522095743183,47.8994232896244,2.04533184009184,5.64974605663745,0,0,54.8091107988393,129.245437626305,70.0908074428158,133.800447044401,6.99950497188023,19.1232416550062,0,0,0,0,0,0,0,0,414.573765074781,195.999677515587,624.043864439404,608.583115248033
"190",2005,2892,15.75,4558.26768623366,3665.61308300344,1138.70598777581,2168.43446637446,564.020556373054,918.760792884556,52.3196797014382,124.171670735411,0,0,0,0,0,0,0,0,0,0,1.89618320495365,3.69978910271576,1.08908978133123,1.78203057000656,0.102233539725668,0.243050289753616,0,0,0,0,0,0,0,0,4832.30261744296,3768.9270720468,972.723202870204,1952.52459023317,711.203925154132,1288.64253304455,87.7823972605537,230.931454972543,185.664794231972,144.808205260365,37.4901285647397,75.263522935306,27.4029956769041,49.6517193780606,3.38352295023875,8.90109086638307,21772.0110605821,16869.0704273653,4666.08837258439,9130.51835268752,3560.28408450086,6232.6417692653,359.370451399659,913.864349447085,836.508783878798,648.136920134527,181.643251494005,356.355337311428,139.986602259955,245.603040603215,14.1433181293695,36.0358956161137,0,0,8.96543100666386,18.0259076631682,7.266810304388,12.800354396788,0.765028217493275,1.9557795198379,0,0,0,0,0,0,0,0,223.275164104725,184.382456131605,189.608451306409,392.442984872239,260.772472793778,488.508933062403,14.0218592716511,38.4630034466502,8.57858245544897,7.08426908710142,7.27595658380984,15.0537192489246,9.98380360395694,18.6985228135657,0.536997447231286,1.47272642279955,294.943167602737,242.628925704722,419.122488695168,913.291248614465,653.433810005011,1247.22163440766,56.5308986758829,156.063980663283,11.3321759228864,9.32219183554452,16.0785609590035,35.0208591812924,25.0091607247262,47.7209338780414,2.16340846753272,5.97076436960951,0,0,54.8288775781629,129.309468539345,69.919217437879,133.24667538156,7.48878568667318,20.4414621895242,0,0,0,0,0,0,0,0,417.691778358481,197.456844172602,631.777793021741,617.011454473259
"191",2005,2892,15.8333333333333,4538.07670183975,3647.37073917091,1135.28367464059,2161.55566497432,559.424213583491,909.095172211221,55.0260854893117,130.457365908158,0,0,0,0,0,0,0,0,0,0,1.89109452121153,3.6892079510019,1.08067154072684,1.76401959998609,0.107602946447178,0.25553118265389,0,0,0,0,0,0,0,0,4851.98408427077,3779.72699796062,978.258145505681,1963.42916503401,713.562549485307,1290.53889464257,94.2008927080562,247.671626648898,186.420987661494,145.223155684884,37.703542367266,75.6840569527106,27.4939242941321,49.7248834982876,3.63100828700412,9.54656523225883,21740.2504694284,16823.2835383396,4665.22632758526,9127.79999964814,3551.21866233163,6205.94641902734,381.933711929396,970.851571259436,835.288582176611,646.377710716234,181.609510794443,356.250371404832,139.629040240522,244.549606102547,15.0317584408672,38.2837997334675,0,0,8.97387476850598,18.0413807640495,7.25554948479549,12.7583852567885,0.814914163206011,2.08248006710809,0,0,0,0,0,0,0,0,224.108782336211,184.839319466855,190.640099974164,394.547346861991,261.562164758616,489.088188508839,14.7474312738098,40.4208656790153,8.6106114849286,7.10182250314476,7.31570583629884,15.1348042102069,10.0143749776218,18.7213393160077,0.564817826422801,1.54778668357492,294.311166613108,241.771015243159,419.652080524992,914.160440218953,652.307530136514,1242.5804957602,59.5212530390504,164.17346944852,11.3078936961111,9.28922953199573,16.0992764711143,35.0551381864176,24.9669772188272,47.5451849272629,2.27793396130378,6.281271711115,0,0,54.8471961009549,129.36914038252,69.7477724865773,132.696106032957,7.97894404070589,21.7591331130969,0,0,0,0,0,0,0,0,420.821497275253,198.917642566327,639.540322221995,625.460050596456
"192",2005,2892,15.9166666666667,4517.92722584625,3629.23044873606,1131.8211857567,2154.60352746707,554.88569598736,899.590824340775,57.6518806217301,136.538033148663,0,0,0,0,0,0,0,0,0,0,1.8859112622921,3.67845630848276,1.0723499448165,1.74629310871312,0.112820925487351,0.267624012909322,0,0,0,0,0,0,0,0,4871.41865621922,3790.32380737408,983.729177566027,1974.19666545384,715.884646518483,1292.37531131092,100.683759003321,264.555863011336,187.167694994923,145.630302048641,37.914496105067,76.0993145144872,27.5834478255114,49.795741935907,3.88098951850435,10.1976318796091,21708.7953929183,16777.9109538833,4664.32625832591,9124.98202692876,3542.31575225633,6179.70149537297,404.428670579354,1027.61027252399,834.080117876089,644.634419591049,181.574246416972,356.14138833193,139.277718448002,243.513601721293,15.9175516307295,40.5227366277311,0,0,8.98213701119678,18.0564689140628,7.24451715213105,12.7171102205465,0.864845437140346,2.20917405862614,0,0,0,0,0,0,0,0,224.93606124953,185.291673083055,191.662492790538,396.6316714464,262.342793536864,489.653558923886,15.462659055537,42.3454847461625,8.64239694689458,7.11920264861629,7.35509976594849,15.2151204378977,10.0445978992767,18.7436194337736,0.592245464825469,1.62158383643677,293.699843345368,240.934582173961,420.183331706907,915.034465320468,651.204100713579,1238.0115703565,62.4209092467507,172.014589619702,11.2844059341104,9.25709242450914,16.1200537772074,35.0895987704315,24.9256611259373,47.3721782197106,2.38899779136847,6.58153842175635,0,0,54.864102745152,129.424552834179,69.5765436498749,132.148849592527,8.4699411808393,23.0761908099867,0,0,0,0,0,0,0,0,423.962835531672,200.382038434094,647.331160576356,633.928616543014
"193",2006,2892,16,4497.71026676865,3610.94485156715,1128.26563171196,2147.63251918973,548.878485440066,886.542719479883,61.7435893495994,146.129466857451,0,0,0,0,0,0,0,0,0,0,1.88066140351314,3.66756379201395,1.06117474113971,1.72165603200394,0.120880572957183,0.286550675123341,0,0,0,0,0,0,0,0,4890.8530374424,3800.9211751172,988.982505342578,1984.7021515602,716.192349050147,1288.78904113294,109.283037839021,287.075313971272,187.914395000383,146.037469864316,38.1170816513571,76.5044950168589,27.5953559818117,49.6576625103898,4.21253305768392,11.0658670857007,21678.2768864419,16733.3595984296,4662.69440129751,9121.49312932403,3523.75177564565,6128.23932618071,436.812292375483,1109.89199983218,832.907636870708,642.92268145766,181.510836261985,356.006454530952,138.546382822415,241.483562672759,17.1922018336068,43.7674822765345,0,0,8.99026324219301,18.0711679831302,7.21361570125515,12.6236747227078,0.935247481733404,2.38900913717965,0,0,0,0,0,0,0,0,225.774411551645,185.74342030811,192.675470619568,398.693802963503,262.397922532604,488.165913133853,16.8755093079803,46.1967281109105,8.67460778791026,7.13655949563233,7.39413176913683,15.2945846341337,10.0470404963403,18.6873040451942,0.646387527299958,1.76914169300434,293.117928321475,240.127636787857,420.705856483147,915.893570255547,648.305902312392,1228.34661987575,67.0661380291944,184.759298027146,11.2620480772907,9.22608828127377,16.1404936268619,35.1234822180067,24.815638358373,47.004145562354,2.56688746831133,7.06947386261266,0,0,54.8804261338881,129.476131325845,69.2123418360126,131.055452012301,9.15788117330743,24.9445082670153,0,0,0,0,0,0,0,0,427.100706616089,201.84666598981,655.106555258075,642.387785125023
"194",2006,2892,16.0833333333333,4477.42944576063,3592.62972276962,1124.63906319486,2140.5694340273,542.555749385797,872.770066991544,66.1389921698334,156.413080252446,0,0,0,0,0,0,0,0,0,0,1.87530893090219,3.65652948779503,1.04937218303995,1.69557272544458,0.129544088406654,0.306856071392561,0,0,0,0,0,0,0,0,4910.21869526193,3811.45520909341,994.171122171748,1995.11474430818,715.953001970702,1283.75125281478,118.616216973177,311.49378717036,188.658454542774,146.442204295385,38.3171743618791,76.9060942877997,27.5861843865142,49.4636523522762,4.57237049487836,12.0073152672418,21648.1092089553,16689.227160809,4660.81206529056,9117.69884352581,3502.74985667724,6070.54866206978,471.820996357362,1198.74739200165,831.748634279532,641.227038867649,181.43773314348,355.859580518627,137.719006774936,239.207683987088,18.5701510287255,47.2713941294186,0,0,8.99795500579328,18.0852670473574,7.17760838684078,12.51710743238,1.01140093732564,2.5833280536792,0,0,0,0,0,0,0,0,226.609440810615,186.191092905454,193.673118756161,400.730097484041,262.241424100274,486.10341626267,18.3849742398987,50.3060868999909,8.70669102822955,7.15375978898483,7.43257487436621,15.3730569058134,10.0413770847268,18.6089735684554,0.70423330499329,1.92659290303765,292.550875938057,239.336519991891,421.214758678616,916.725084207967,644.920740042628,1217.34343040922,72.1209652703055,198.603676728392,11.240261261021,9.19569229806177,16.1604084768523,35.1563028155079,24.6869635693106,46.5848679237524,2.76046949671725,7.59953012498811,0,0,54.8953715913733,129.523172264166,68.7963762694206,129.820461398542,9.90131248146379,26.9615547725632,0,0,0,0,0,0,0,0,430.245904723374,203.313884748388,662.879257746871,650.829370835509
"195",2006,2892,16.1666666666667,4457.13012244168,3574.36618975382,1120.96191375636,2133.407914604,536.363337887979,859.354093939071,70.3889330680267,166.309002494208,0,0,0,0,0,0,0,0,0,0,1.86984828666345,3.6453444205664,1.03780175409454,1.67014040329147,0.137940732882212,0.326438223585618,0,0,0,0,0,0,0,0,4929.39048961187,3821.82574663725,999.322826846299,2005.4372989931,715.722982600566,1278.78694490355,128.086751678843,336.208969270431,189.395065540643,146.840656932064,38.5158419671482,77.3042218385457,27.5773727762046,49.2724743119472,4.93751802086856,12.9602423658271,21618.1369010639,16645.4141574196,4658.88878338706,9113.78116922744,3482.16325107963,6014.08851803869,506.579077136846,1286.72546145373,830.597137175114,639.543669498626,181.362982743013,355.707766787009,136.907783006283,236.97991022789,19.9383232882494,50.7408392318346,0,0,9.0052239237806,18.0987856952652,7.14231858382152,12.4127466072813,1.08740581015817,2.77674890489005,0,0,0,0,0,0,0,0,227.436043402568,186.633415125721,194.656418137194,402.742273879439,262.081975657372,484.059495907951,19.7960438214313,54.1318652341005,8.7384505018013,7.17075451233803,7.47046681984774,15.4506032500371,10.0355976464424,18.5313444525924,0.758316234652511,2.07320164360636,291.998628221046,238.560877825368,421.716256460787,917.542912908959,641.581781289409,1206.51464252021,77.0433330375455,212.019598706365,11.2190432579678,9.16589087513032,16.1800368969363,35.1885936627238,24.5600443655057,46.1722264721002,2.94899532740515,8.11323177991284,0,0,54.9087722838236,129.565806576729,68.3848520648768,128.603781986252,10.6435732987042,28.9674676037754,0,0,0,0,0,0,0,0,433.402655207864,204.784614458779,670.659269626942,659.258171709046
"196",2006,2892,16.25,4436.83276943877,3556.16959118771,1117.24054599729,2126.16006742496,530.299251143187,846.286701963927,74.4968844709759,175.828165268698,0,0,0,0,0,0,0,0,0,0,1.86428462839421,3.63400803275576,1.02645854163567,1.64534334015967,0.146074584155555,0.345312853380363,0,0,0,0,0,0,0,0,4948.31282625388,3831.99054176824,1004.41990076632,2015.63509403913,715.486907475245,1273.86791505422,137.678588061845,361.176651684375,190.122091974448,147.231204616225,38.7124037299273,77.6975433466126,27.5683298396069,49.0830443053759,5.30735832838455,13.9229483172481,21588.3951440187,16601.9461038751,4656.93400135132,9109.75885094814,3461.98854917953,5958.84033910115,541.097025876205,1373.86041348606,829.454497269967,637.873553701348,181.286953941245,355.55174712227,136.112586998271,234.799533448674,21.2971220597327,54.1771406450229,0,0,9.01211985779284,18.111760413079,7.10772842013389,12.3105430452157,1.16326015606118,2.96928119033076,0,0,0,0,0,0,0,0,228.254193190096,187.0701988482,195.626390274827,404.730941395099,261.920555141701,482.035587080189,21.1271094457714,57.7241581313951,8.76988520437719,7.18753643779314,7.50784677918055,15.5272469332838,10.02973955928,18.4544716632752,0.809340470960002,2.2108854213993,291.463978665666,237.803059335148,422.214318283987,918.356623993454,638.295954394837,1195.87283498704,81.8257414303525,224.989434651143,11.1985013986998,9.13677426661458,16.199530987817,35.2207213224961,24.4351459135428,45.7667029547627,3.13217739638797,8.60990249148477,0,0,54.9207131020858,129.604298276798,67.9779012847404,127.40549201942,11.384656282462,30.9623860419129,0,0,0,0,0,0,0,0,436.570840945653,206.258812255381,678.44639001874,667.674280685154
"197",2006,2892,16.3333333333333,4416.55472177875,3538.05271987548,1113.48052031258,2118.83648110833,524.361217904016,833.559458697006,78.4662672200671,184.981271908144,0,0,0,0,0,0,0,0,0,0,1.85862387845415,3.62252296240984,1.01533792982992,1.62116623249416,0.153949991999474,0.363496014335143,0,0,0,0,0,0,0,0,4966.94411304323,3841.91844969182,1009.44947018511,2025.68313015367,715.234535243381,1268.97563656869,147.376074811008,386.353911585026,190.837935807476,147.612650715054,38.9063648951778,78.0850977408801,27.5586617281777,48.8946498127643,5.68128942658404,14.8937820504909,21558.9093918274,16558.8409137754,4654.95486872357,9105.64614642972,3442.22069944434,5904.78287985903,575.384566211202,1460.18413429727,828.321692543112,636.217379744951,181.209926567447,355.392081002808,135.333229808095,232.665739678373,22.6469214917554,57.5815327491001,0,0,9.0186822165244,18.1242179162997,7.07381899379492,12.2104447971328,1.23896057683376,3.16092931106304,0,0,0,0,0,0,0,0,229.063680300634,187.501132759064,196.58342502947,406.695716950471,261.757247676784,480.031535955101,22.3932162779316,61.1242329278929,8.80098707231055,7.20409360417492,7.54472965678751,15.6029730862336,10.0238059077366,18.3783491273385,0.857882009472372,2.34122371555778,290.948824561774,237.064646107899,422.711793936613,919.173068870419,635.068135319696,1185.4264372235,86.4640421821515,237.504572111696,11.1787085801799,9.10840323960026,16.2189999534448,35.2529482321823,24.312454846224,45.3686203880411,3.30985647740993,9.08921112904859,0,0,54.9312662556284,129.638868781468,67.5756244628641,126.225609855054,12.124555678224,32.9464525123756,0,0,0,0,0,0,0,0,439.750343127567,207.736433282778,686.240436699893,676.077798755407
"198",2006,2892,16.4166666666667,4396.31082082984,3520.02634723856,1109.68675314299,2111.44652713767,518.546780466421,821.163742871896,82.3004465375202,193.778790151034,0,0,0,0,0,0,0,0,0,0,1.85287240062127,3.6108941522472,1.00443549379647,1.59759407689752,0.161571523758662,0.381003982097748,0,0,0,0,0,0,0,0,4985.25361730044,3851.58691108866,1014.40236308676,2035.56382101123,714.959412894148,1264.09865705578,157.164164139154,411.699647718071,191.541416241034,147.984128463427,39.0973728291638,78.4662085897907,27.5481201001324,48.706850040083,6.05873237517803,15.8711621134123,21529.6975808846,16516.1106465491,4652.95677622631,9101.45388521652,3422.85349233619,5851.89310190755,609.450663414039,1545.72622921767,827.199412137031,634.575610971853,181.132112208604,355.229194653472,134.569476916533,230.577643930388,23.9880667531828,60.9551626162315,0,0,9.02494234558856,18.1361780392253,7.04057129969815,12.1123992641105,1.3145023697344,3.35169313437229,0,0,0,0,0,0,0,0,229.864175919667,187.925831099796,197.527516244783,408.635645690711,261.591651357926,478.046344799376,23.6066261346509,64.3659661263726,8.83174347201526,7.22041119002407,7.58111513949065,15.6777448601971,10.0177810714044,18.3029383520303,0.904410242777121,2.4655129925276,290.454362368195,236.346619926489,423.210616544135,919.996890004195,631.901527437894,1175.18052651693,90.9567206778656,249.563498363976,11.1597107723498,9.08081551575073,16.2385178417908,35.285452137352,24.1920937760075,44.9781735151277,3.48197418623358,9.55109836437534,0,0,54.9404939990889,129.669705699389,67.1780967528529,125.064106054294,12.8632667141301,34.9198106941199,0,0,0,0,0,0,0,0,442.941039166434,209.217429919282,694.041225565322,684.468815148963
"199",2006,2892,16.5,4376.1139655776,3502.09967223339,1105.86365274567,2103.99861776188,512.853365980089,809.090864927433,86.0027294013353,202.230948623554,0,0,0,0,0,0,0,0,0,0,1.84703674264548,3.59912810396355,0.993746920770746,1.57461208850139,0.168943912021773,0.397853149460221,0,0,0,0,0,0,0,0,5003.21877438444,3860.97980033439,1019.27213142928,2045.26501840466,714.657737417798,1259.23042161987,167.028562960147,437.174980952892,192.231666305529,148.345018289068,39.2851795010094,78.8404083181683,27.5365584275455,48.5193923640729,6.4391371093222,16.8535921089298,21500.7720221709,16473.7630018145,4650.94381356504,9097.19036973879,3403.87996311924,5800.14691508997,643.303548902985,1630.51410304979,826.088129058453,632.948543213534,181.053671938572,355.063415997329,133.821063927812,228.534319140717,25.3208749453922,64.2990930118075,0,0,9.03092555813655,18.1476560714184,7.00796687744477,12.0163546969527,1.38987972519603,3.54156868306863,0,0,0,0,0,0,0,0,230.655285516411,188.343873367801,198.458445625405,410.549524193455,261.423177454281,476.078718867796,24.7773378728682,67.4771810204176,8.86213924498165,7.23647303895831,7.61699476074287,15.7515158456843,10.0116422587574,18.2281894391966,0.949307890332273,2.58481792443677,289.981257747422,235.64950861862,423.711994072362,920.830994205686,628.798022367089,1165.1375753403,95.304249477825,261.170066710947,11.1415335511258,9.05403137504524,16.2581308851313,35.3183442277053,24.0741350920394,44.595457372968,3.64854822312688,9.99571029140376,0,0,54.9484509784326,129.696970485904,66.7853733067345,123.92091394253,13.6007850926399,36.8826039210826,0,0,0,0,0,0,0,0,446.142801218335,210.701751271368,701.848557928303,692.847395718459
"200",2006,2892,16.5833333333333,4355.97541133747,3484.28056483306,1102.01519292395,2096.500345883,507.278323702752,797.332128928783,89.5763634895157,210.347736802064,0,0,0,0,0,0,0,0,0,0,1.84112352543681,3.58723250195332,0.983267983747767,1.55220568716437,0.17607201904918,0.414059956160294,0,0,0,0,0,0,0,0,5020.82373672766,3870.08626672219,1024.05452857327,2054.77895753142,714.327768917986,1254.36815877587,176.955790976838,462.743404289019,192.90807711207,148.694903290468,39.4696214270179,79.2073977257566,27.5239094625533,48.3321695545349,6.82198468684739,17.8396665015877,21472.1404198704,16431.8021224676,4648.91901174284,9092.86185120321,3385.29259400833,5749.51954336587,676.950753657357,1714.57306203557,824.988139315018,631.33633564646,180.974725705759,354.894993122903,133.087704462003,226.534810483323,26.6456363655381,67.6143062531055,0,0,9.03665220259128,18.1586638162844,6.9759879550576,11.9222605889247,1.46508592863477,3.73054878866591,0,0,0,0,0,0,0,0,231.436574207979,188.754822742523,199.375856071939,412.436021599193,261.251145527991,474.127233691768,25.9134208759049,70.480517103319,8.89215768230826,7.25226236763315,7.65235471930132,15.8242347294947,10.0053631639497,18.1540475180973,0.992883771515815,2.70000468264704,289.529740777965,234.973467858591,424.216537291467,921.676859566718,625.758445214974,1155.29794961077,99.5086944127107,272.332429413603,11.1241857566062,9.02805679873348,16.2778624069681,35.3516809033978,23.958610347493,44.220486358583,3.80965728770485,10.4233575696266,0,0,54.9551855037733,129.720802728439,66.397492362418,122.795935689475,14.3371066699528,38.8349741799818,0,0,0,0,0,0,0,0,449.355495839391,212.189343131377,709.66222057634,701.213584228113
"201",2006,2892,16.6666666666667,4335.90512691648,3466.57585672671,1098.14500143857,2088.9586528063,501.818969074054,785.878905356051,93.02453670977,218.138906698423,0,0,0,0,0,0,0,0,0,0,1.83513929626251,3.57521574860366,0.97299450185495,1.53036046489954,0.182960797728501,0.429640812203432,0,0,0,0,0,0,0,0,5038.05762937885,3878.89934382308,1028.74688006803,2064.10098705706,713.969124205704,1249.51154240093,186.933244103953,488.370946026408,193.57023082764,149.033515806287,39.6505955234884,79.5669972479526,27.5101581182465,48.1451684046672,7.20678974127719,18.8280769322001,21443.8070978677,16390.2295598246,4646.88463651932,9088.4731061469,3367.08356069971,5699.98597093206,710.399146750177,1797.92643055439,823.89960903892,629.739047874417,180.895363701167,354.724116655449,132.369099774757,224.578152812217,27.9626159672993,70.9017086360345,0,0,9.04213896135559,18.1692109649323,6.94461773420137,11.8300683754853,1.54011355320777,3.91862373059074,0,0,0,0,0,0,0,0,232.207598402487,189.158249239297,200.279353330406,414.293852290814,261.07493555408,472.190608352745,27.0213880059078,73.3943988568736,8.92178174048082,7.26776265534992,7.6871797850689,15.895851931171,9.99891981195745,18.0804632472667,1.03538708980413,2.81177803561388,289.099719146547,234.318378111128,424.724399527284,922.534875654501,622.782812405996,1145.66043328061,103.573273856496,283.061848196305,11.1076638420898,9.00288719407299,16.297718180581,35.3854768153641,23.8455201245561,43.8532142947642,3.96542420118681,10.8344698814719,0,0,54.9607410819059,129.74132523759,66.0144788250714,121.689049310054,15.0722271848096,40.777061229801,0,0,0,0,0,0,0,0,452.57898341698,213.680147847481,717.481981524277,709.56739915885
"202",2006,2892,16.75,4315.91202772708,3448.99153117586,1094.25641792167,2081.37993797542,496.472611111215,774.722675193376,96.350377394212,225.613976043578,0,0,0,0,0,0,0,0,0,0,1.82909045207577,3.56308668034586,0.962922325265348,1.50906218379348,0.189615261463617,0.444612039874494,0,0,0,0,0,0,0,0,5054.91341698616,3887.41504814709,1033.34768003959,2073.22875541135,713.58234297324,1244.66187813028,196.949210365074,514.026204608436,194.21785714277,149.360702784468,39.8280436147248,79.9191157206412,27.4953248090431,47.9584384858327,7.59310110802267,19.8176135994805,21415.7737954863,16349.0448980172,4644.8423756359,9084.02780332483,3349.24488056999,5651.52120463663,743.654978003788,1880.59567782704,822.822605060231,628.156663918784,180.815653614046,354.550933999402,131.66494455079,222.663380947046,29.2720549843653,74.1621352592983,0,0,9.04739967693119,18.1793058589384,6.91384044997352,11.7397316338563,1.61495464368666,4.10578182597136,0,0,0,0,0,0,0,0,232.967923747137,189.553742405841,201.168555750514,416.121854128876,260.894046708592,470.267806250459,28.1064703827978,76.2337575597195,8.95099473096619,7.28295813187543,7.72145521178661,15.9663226115802,9.99229281848983,18.007396689225,1.07701795757606,2.92070899106841,288.690854163179,233.683909751304,425.23538131754,923.404593933414,619.870523788215,1136.22261367667,107.502050102318,293.371854680854,11.0919547946945,8.97850989634055,16.3176904432239,35.4197144676435,23.7348413899087,43.4935491794744,4.11600408787441,11.229563788342,0,0,54.9651574169199,129.758647455233,65.6363467030337,120.600113430672,15.8061420861021,42.709002034236,0,0,0,0,0,0,0,0,455.813118148156,215.174104415438,725.307591074425,717.908835796445
"203",2006,2892,16.8333333333333,4296.00414077515,3431.53285772345,1090.35253490132,2073.77013657618,491.236570940622,763.855059036493,99.5569544009745,232.782231264777,0,0,0,0,0,0,0,0,0,0,1.82298320547484,3.55085438775081,0.953047334714761,1.48829679243305,0.196040459018654,0.458989826472102,0,0,0,0,0,0,0,0,5071.38711215035,3895.63174920945,1037.85631479414,2082.16165451322,713.168602730525,1239.82157079706,206.99286448688,539.680325901637,194.850802855205,149.676401579179,40.0019418213226,80.2637290210317,27.4794544985581,47.7720716850556,7.98050163184684,20.8071644292012,21388.0402219201,16308.2461888623,4642.79346579567,9079.52875159119,3331.76850625157,5604.10043584532,776.723921478284,1962.60054675122,821.757116208911,626.589108926933,180.735645555693,354.375558967507,130.974930573022,220.789536044364,30.5741725863497,77.3963549320858,0,0,9.05244590916411,18.1889558841571,6.8836412791585,11.6512059549866,1.68960090224321,4.29201001285002,0,0,0,0,0,0,0,0,233.717135126531,189.940917951702,202.043111318656,417.919006567657,260.708095063342,468.358023937617,29.1728440894587,79.0106333984398,8.97978070436362,7.29783403215573,7.75516739295186,16.035607372567,9.98546730366895,17.9348168862623,1.11793608013346,3.02725785589755,288.302616158225,233.06957070583,425.749018705504,924.284934411157,617.020528922662,1126.98121217717,111.299685120484,303.277579753763,11.0770382637979,8.95490599928708,16.3377612835892,35.4543521433829,23.626533866002,43.1413658517511,4.26157502225358,11.6092170549026,0,0,54.9684711101559,129.772867929779,65.2631009491628,119.528970924465,16.5388463681455,44.6309302347655,0,0,0,0,0,0,0,0,459.057748366811,216.671148715536,733.138786998916,726.237872517203
"204",2006,2892,16.9166666666667,4276.18875791818,3414.20451705449,1086.4362361563,2066.13479205551,486.108198283911,753.267842247134,102.64727791469,239.652732091296,0,0,0,0,0,0,0,0,0,0,1.81682354553124,3.53852804154987,0.94336543696677,1.46805043233671,0.202241452884124,0.472790184465526,0,0,0,0,0,0,0,0,5087.47703584663,3903.5495835083,1042.27280587998,2090.90030299625,712.729459688326,1234.99364537718,217.054249553155,565.306944967957,195.469003454128,149.980617434898,40.1722906959876,80.6008602260832,27.4626067461151,47.586183801943,8.3686074754605,21.7957128743538,21360.6045752446,16267.8303570352,4640.73881216671,9074.97813310926,3314.64641286519,5557.69918958961,809.611119432899,2043.95918305814,820.703073255914,625.036264739633,180.655376693142,354.198080839698,130.298750141538,218.955671465401,31.8691675570627,80.6050751059918,0,0,9.05728746500726,18.1981678993709,6.85400632584781,11.5644489653874,1.76404383179888,4.47729430713008,0,0,0,0,0,0,0,0,234.454846256777,190.319424129185,202.902721972145,419.684464051674,260.516836043551,466.460726851392,30.2238240508906,81.7346902520954,9.00812481902557,7.31237684148162,7.78830479667713,16.1036735420468,9.9784337550929,17.8627032340777,1.15826818211135,3.13179395098404,287.9343356801,232.474750238224,426.26465545509,925.174357980711,614.231453174676,1117.93233380862,114.971238121466,312.795199227274,11.0628885281336,8.93205203743369,16.357905412558,35.4893305152446,23.5205448606481,42.7965155485601,4.40233027768821,11.9740474278155,0,0,54.9707163152935,129.784076590944,64.8947390949398,118.475452100786,17.2703345111777,46.5429759270096,0,0,0,0,0,0,0,0,462.312716806609,218.171213712372,740.975296264995,734.554473240384
"205",2007,2892,17,4254.86616975979,3395.49255903524,1082.01153827666,2057.9003081492,480.083869668426,740.332705319777,106.744085731086,249.058759956253,0,0,0,0,0,0,0,0,0,0,1.81076156831943,3.52648536303238,0.931937467771299,1.44320949280483,0.210401498199061,0.491544464537372,0,0,0,0,0,0,0,0,5103.65080065341,3911.5977378449,1046.40513024958,2099.4288063479,710.815392360561,1225.88766822197,228.831964291565,595.698184450518,196.090425362592,150.289840394871,40.3317263513998,80.9299326318199,27.3889258342271,47.2354519357716,8.82286767583143,22.9679047276235,21333.5770006075,16227.9025631044,4637.50510843487,9069.65930879123,3291.00106422549,5492.80173821513,850.037634569478,2145.75378447455,819.66470767704,623.502171816493,180.530044161249,353.991688804532,129.366049599382,216.392929273492,33.4605652711284,84.6188856633861,0,0,9.06279412336989,18.2091272467895,6.81074129458203,11.4388752725052,1.85430173902865,4.70564020547492,0,0,0,0,0,0,0,0,235.271716511904,190.769550145456,203.793202068446,421.549565871422,259.896823926422,463.162562275777,31.8526219357303,86.1390176774101,9.03951035021872,7.32967139971681,7.82262497281496,16.1755590761121,9.95497278373854,17.7369314282669,1.22073627175594,3.30068615842052,287.607106452126,231.921808778383,426.806954594456,926.159404738497,610.220559773357,1105.13286251108,119.952911542278,326.178910959259,11.050316041732,8.91080713428479,16.3790682864068,35.527967776757,23.3677537221374,42.308044605596,4.59326685837565,12.4869168190681,0,0,54.9785541844221,129.809472777663,64.3966081787279,117.023397155081,18.1522023323321,48.8955322678269,0,0,0,0,0,0,0,0,465.458917013028,219.568858958472,748.526182155643,742.268201111515
"206",2007,2892,17.0833333333333,4233.42105884568,3376.71652333342,1077.51550379227,2049.55585331819,474.087925335687,727.50209403367,110.80726830341,258.351739298091,0,0,0,0,0,0,0,0,0,0,1.80450214135098,3.51416965829008,0.920564107708126,1.41855947416472,0.218507132429699,0.510101489666402,0,0,0,0,0,0,0,0,5119.65732393238,3919.51596179736,1050.49102513636,2107.88825151326,708.797156017478,1216.52580010792,240.868793818385,626.699280305679,196.70542158411,150.594071221705,40.4893672493874,81.2563336516176,27.311226709254,46.8748517773384,9.28713289957732,24.1636491159376,21306.6971489367,16188.2403117426,4634.12225027928,9064.1565989375,3267.09137100722,5427.34383312273,890.993665283545,2248.66395469424,818.632016928918,621.97828150847,180.398938229955,353.778137252062,128.422864332946,213.80790808245,35.0728229619226,88.6766450251778,0,0,9.06766423612704,18.2193157643543,6.76681693133202,11.3118304169328,1.9459517001645,4.9370328867529,0,0,0,0,0,0,0,0,236.07953973998,191.213386199483,204.659531597864,423.375065665224,259.212023451321,459.71446091807,33.4579618624689,90.4584204319606,9.0705482793622,7.3467242875875,7.85601661168581,16.2459220828781,9.92902507056444,17.6054041215826,1.28230997609335,3.46633771962597,287.292513928483,231.38309300173,427.336388723542,927.128402130362,606.139143870919,1092.17114712569,124.9462277876,339.541569925766,11.0382290733058,8.89010880483912,16.3997337004659,35.5659810846608,23.2122452037821,41.8133173679166,4.78466371140369,12.9990216533983,0,0,54.9856587816342,129.83293801112,63.8911501077225,115.55475767112,19.0477434801939,51.2779094755684,0,0,0,0,0,0,0,0,468.602688283402,220.957997362794,756.040182154185,749.888174569884
"207",2007,2892,17.1666666666667,4212.05139659796,3358.0599589885,1073.00956237098,2041.17668954677,468.231725347954,715.064445329937,114.713791112875,267.223287620479,0,0,0,0,0,0,0,0,0,0,1.79805280279529,3.50156846818753,0.909455684151451,1.39465658262573,0.226316971355416,0.52785437520678,0,0,0,0,0,0,0,0,5135.39046664401,3927.21574297733,1054.53332475423,2116.24370535016,706.820879957857,1207.36084555829,252.961169986552,657.735405602171,197.309914087049,150.889909127893,40.6453211752321,81.5787178612595,27.2351423855164,46.5218348950061,9.75356016804846,25.3607992133879,21279.9859850612,16148.8554274746,4630.73162687909,9058.56965573881,3243.68901926687,5363.50665141369,931.620831534385,2350.34835632209,817.605806563853,620.465048130118,180.26746541934,353.56118639127,127.499535781888,211.286556563045,36.6721909909361,92.6860941550534,0,0,9.07188666264729,18.2285810319236,6.72381469980681,11.187843830118,2.03719438931552,5.16653430018567,0,0,0,0,0,0,0,0,236.86868857126,191.642286634534,205.499773802499,425.151361583758,258.515429246479,456.286133495495,34.9855611380637,94.5336282911026,9.10086870782372,7.36320332512198,7.88840550620088,16.3143943542223,9.90262070430393,17.4746209885689,1.34090999666716,3.62264904965762,286.990402360709,230.857789013177,427.852872137069,928.078328954019,602.134757186727,1079.49514432094,129.786292011681,352.396563170512,11.026621638852,8.86992577793965,16.4198983082524,35.6032543323589,23.059669573616,41.3294833868855,4.97020584741215,13.4917309823898,0,0,54.991321724487,129.852743371414,63.3936137505774,114.116395114365,19.9399683526129,53.6396891444686,0,0,0,0,0,0,0,0,471.75710996459,222.350309242127,763.548692397069,757.479397566924
"208",2007,2892,17.25,4190.77521170426,3339.53609652315,1068.49909835837,2032.77351742827,462.512539587052,703.008153069486,118.468202099678,275.688118461891,0,0,0,0,0,0,0,0,0,0,1.79144335791373,3.48872055105072,0.898602969773956,1.37147460674209,0.233837568018762,0.544826739537143,0,0,0,0,0,0,0,0,5150.80174411124,3934.66114245698,1058.51493554401,2124.46187352868,704.871605234979,1198.36473066398,265.093226421435,688.763687615646,197.902040012581,151.175973282355,40.7989317726289,81.8958063658237,27.1600980528221,46.1753223527486,10.2215387608159,26.5577046638178,21253.4755375368,16109.7707293903,4627.34177594212,9052.91607301119,3220.78781606883,5301.25692869184,971.930451440445,2450.84966125865,816.587307166211,618.963348427338,180.135959813714,353.341525304842,126.595827460059,208.827582205427,38.2591082975193,96.648898820284,0,0,9.07555686473981,18.237023849194,6.6817102661552,11.0668391232665,2.12802875756077,5.39416666935611,0,0,0,0,0,0,0,0,237.639820636214,192.056742819514,206.316768910665,426.882810052145,257.81152380879,452.886130355756,36.4489100708343,98.4041767327864,9.13049690279296,7.3791273915001,7.91990068757014,16.3811430375315,9.87593147981669,17.3449098864098,1.39705292359093,3.77113371565411,286.702674206235,230.347324704069,428.359277662806,929.01575996179,598.209907486478,1067.10574117101,134.472050845613,364.744475383259,11.0155668338678,8.85031291545264,16.4396722352327,35.6400394498149,22.9101230498524,40.8565776760109,5.14985225610296,13.9650648910313,0,0,54.9955946885535,129.869091803661,62.904025625139,112.70797720787,20.828928614031,55.9813216890703,0,0,0,0,0,0,0,0,474.921937616482,223.745687863497,771.05126178132,765.041879784327
"209",2007,2892,17.3333333333333,4169.60757042851,3321.1557864271,1063.9887332208,2024.35558480476,456.927440281505,691.321550632099,122.074929707343,283.760468206058,0,0,0,0,0,0,0,0,0,0,1.78469999958074,3.47566104841061,0.887997810433624,1.34898897850859,0.241075590674938,0.56104207879066,0,0,0,0,0,0,0,0,5165.85575102235,3941.82641484128,1062.42344349108,2132.51878305377,702.939023759868,1189.51782083486,277.250083780592,719.744152927587,198.480439032011,151.451274505843,40.9497222931467,82.2066780860133,27.0856974730694,45.8345592529463,10.6904957736025,27.7528262219582,21227.1886822391,16071.0020055688,4623.95899761291,9047.20907483652,3198.38010938022,5240.55947052612,1011.93294060523,2550.20760910652,815.577397662015,617.473789003249,180.004668716345,353.119673314228,125.711445660546,206.429616341143,39.8339791411583,100.566611794697,0,0,9.07875202567878,18.2447245844815,6.64047920142599,10.9487387245972,2.21845239359327,5.61994731351594,0,0,0,0,0,0,0,0,238.393370591594,192.457083121547,207.112434988046,428.572199682737,257.103288456791,449.520122604089,37.8590457580787,102.102700726242,9.15944956445494,7.39450910311259,7.95057576551779,16.4462750603272,9.84907159111645,17.2164882082361,1.45116135760191,3.91304096401233,286.430482246112,229.852514476408,428.857708366846,929.94532751169,594.365959722378,1055.00182382677,139.00451262937,376.591698354128,11.0051089501095,8.83130150800177,16.4591360935628,35.6765139099568,22.7636581241148,40.3945587008564,5.32364091739511,14.4192659329861,0,0,54.9985245915722,129.882155135701,62.4223840523687,111.329125595323,21.7146740320679,58.3032464622633,0,0,0,0,0,0,0,0,478.096933981994,225.144029433363,778.547539992272,772.575730216283
"210",2007,2892,17.4166666666667,4148.56115743675,3302.92796883946,1059.48247082465,2015.93096203583,451.473371837384,679.993020624937,125.538285962679,291.454109883544,0,0,0,0,0,0,0,0,0,0,1.77784571279885,3.46242171510379,0.877632873976006,1.32717647363992,0.248037784491421,0.576523684535816,0,0,0,0,0,0,0,0,5180.52729672768,3948.69374889594,1066.25005480599,2140.39765351377,701.016304465337,1180.8067376672,289.417908699967,750.639895018618,199.044143280295,151.715128462253,41.0973549534488,82.5106880786361,27.0116779330842,45.4990309543073,11.1598983992106,28.9447422385378,21201.1411697234,16032.5595913061,4620.58786029651,9041.45850695861,3176.45721808427,5181.37791820987,1051.63786359261,2648.45916668262,814.57668321289,615.99676695627,179.873772233407,352.896018426452,124.846056208501,204.091244030254,41.397175067946,104.44067895308,0,0,9.08153463844851,18.2517476293788,6.60009757199186,10.8334654570391,2.30846177464458,5.84388943359014,0,0,0,0,0,0,0,0,239.129613435491,192.843520649935,207.88803915794,430.221238489053,256.392675959199,446.19178462464,39.2249536512877,105.656025626402,9.18773725865568,7.40935664796028,7.98047934559811,16.5098558437273,9.82211577502242,17.0894967592737,1.50357929475939,4.04939750637237,286.174400353521,229.373701652666,429.349627332135,930.870078057376,590.603342557716,1043.1806754146,143.386269743958,387.949080068351,10.9952700367844,8.81290474658111,16.4783459536524,35.7127943840133,22.6202914468683,39.9433235651473,5.49167050078198,14.8547473835575,0,0,55.000154777236,129.892080541946,61.9486649189098,109.979426696225,22.597252343209,60.6058912677212,0,0,0,0,0,0,0,0,481.281866557483,226.545232135154,786.037244879445,780.081123902303
"211",2007,2892,17.5,4127.64677725404,3284.86007890107,1054.9838230641,2007.50678004951,446.147209485628,669.011084577697,128.862470281881,298.782369251318,0,0,0,0,0,0,0,0,0,0,1.77090067252493,3.44903118541215,0.867501439635026,1.30601496324556,0.254730934835816,0.591294567686273,0,0,0,0,0,0,0,0,5194.79893378823,3955.25132148852,1069.98868255535,2148.08706276792,699.09910010175,1172.22252529277,301.583939749942,781.417147107937,199.592482398925,151.967080887928,41.2415958904432,82.8073971507694,26.9378721262177,45.1683926959803,11.6292549419142,30.1321515075277,21175.3433745765,15994.4497283795,4617.23163568091,9035.67168887086,3155.00979329078,5123.67538352933,1091.05399376235,2745.63871208877,813.585562428548,614.532522105235,179.743400118775,352.67085038303,123.999298543823,201.811028851872,42.9490372006333,108.272446317319,0,0,9.08395565105551,18.2581452260351,6.56054235162456,10.7209437016084,2.39805252241603,6.06600291538926,0,0,0,0,0,0,0,0,239.848717786299,193.216193280753,208.644420440148,431.830951393451,255.680989867103,442.903503308687,40.5539367148311,109.086176037966,9.21536646396533,7.42367532346298,8.00964358867559,16.5719245712501,9.79511387302955,16.9640269800537,1.55458627013405,4.18104616505948,285.934571850046,228.910881883803,429.835981140868,931.791802869873,586.921743675862,1031.63834376369,147.621074581844,398.830721146782,10.9860556006307,8.79512246408887,16.4973380759724,35.7489494129399,22.4800112902497,39.5027220557703,5.65408411968125,15.2720471365565,0,0,55.000525991991,129.898996144604,61.4828267056227,108.658441125341,23.4767091979313,62.8896721240322,0,0,0,0,0,0,0,0,484.476505659839,227.949195372291,793.520136949486,787.558275820791
"212",2007,2892,17.5833333333333,4106.87370703228,3266.95833205364,1050.49589831512,1999.08939791349,440.94579906429,658.364461235045,132.051572769687,305.758139478222,0,0,0,0,0,0,0,0,0,0,1.76388259582121,3.43551526178062,0.857597259514707,1.28548325494977,0.26116183664881,0.605377398613082,0,0,0,0,0,0,0,0,5208.65923195773,3961.49194014367,1073.63531105461,2155.57967260764,697.184873636084,1163.75941596969,313.736481746156,812.045262376047,200.12501721956,152.206855436465,41.3822907712542,83.0965229554328,26.8641822949008,44.8424222107423,12.0981146153006,31.3138725528934,21149.8015160361,15956.6755120655,4613.89259973761,9029.85400237022,3134.02805931602,5067.41486344434,1130.18937178643,2841.77821561759,812.60427426464,613.081173375335,179.613643432161,352.444383493961,123.170795124009,199.587529124867,44.4898784778902,112.063166982372,0,0,9.08605673346805,18.2639601062065,6.52179155699393,10.6110999045137,2.4872196399384,6.28629507574745,0,0,0,0,0,0,0,0,240.550781052275,193.575189882617,209.382127317503,433.401921171813,254.969104143395,439.65679148461,41.8519081181474,112.411183907476,9.24234092294856,7.43746854409547,8.03808949581128,16.6325034454204,9.76809926240435,16.8401368147208,1.60440857255912,4.30867682993529,285.710814319016,228.463790138252,430.31730370146,932.711304017544,583.320279419712,1020.36995481074,151.713518648022,409.253057615477,10.9774586330092,8.77794447758337,16.5161328912935,35.7850096019291,22.3427840379731,39.0725686285575,5.81105703689943,15.671792568763,0,0,54.9996769911503,129.903014940729,61.0248141393422,107.365710529588,24.3530881134951,65.1549930907232,0,0,0,0,0,0,0,0,487.680623325183,229.355819351321,800.99600598272,795.0074270284
"213",2007,2892,17.6666666666667,4086.24994773935,3249.22792711518,1046.02146459569,1990.68452248411,435.86598383555,648.04210338738,135.109577525887,312.393895327454,0,0,0,0,0,0,0,0,0,0,1.7568070312858,3.42189717503736,0.847914465418841,1.2655609870531,0.267337270282087,0.618794462595774,0,0,0,0,0,0,0,0,5222.10155319712,3967.41208225408,1077.18754694228,2162.87132999762,695.272438629408,1155.41399769068,325.864877411223,842.496629415459,200.641492698124,152.434316763656,41.5193475651014,83.3779054970299,26.7905625844406,44.5209877659223,12.5660664678446,32.4888404207757,21124.518524414,15919.2375612299,4610.57224477271,9024.00930558835,3113.50197622495,5012.55951199399,1169.05136123504,2936.9074108773,811.63293131194,611.642744544077,179.484562754164,352.216772705329,122.360157772878,197.419308560269,46.0199857841744,115.814007676359,0,0,9.08787192499092,18.2692273499949,6.48382427306141,10.5038627937091,2.57595770567047,6.50477127716913,0,0,0,0,0,0,0,0,241.2358531003,193.920567824595,210.101506462201,434.934441028028,254.257598566933,436.452544839195,43.1236158798936,115.645713554678,9.26866255155629,7.45073851406953,8.06583031717676,16.691603550027,9.74109405352607,16.7178605707496,1.65322785239016,4.43285040336472,285.502694696724,228.031962753556,430.793797789883,933.62859888439,579.797624516816,1009.36994633807,155.668799225218,419.23419043426,10.9694624950253,8.76135297240646,16.5347381275391,35.8209754613829,22.2085591512679,38.6526513531226,5.96278772515241,16.0546748572698,0,0,54.9976449337652,129.904237606249,60.5745608273171,106.100762479696,25.2264305005474,67.4022463287227,0,0,0,0,0,0,0,0,490.893992682747,230.765004855473,808.464663304503,802.428836526439
"214",2007,2892,17.75,4065.78248928452,3231.67326049129,1041.56301633489,1982.29733490722,430.90463238786,638.033235626315,138.040366555278,318.701709254462,0,0,0,0,0,0,0,0,0,0,1.74968765104219,3.40819784072747,0.838447469233897,1.24622851289629,0.273263977114945,0.631567615611441,0,0,0,0,0,0,0,0,5235.12275534714,3973.01087956991,1080.64414489205,2169.96011736458,693.361476301022,1147.18434190322,337.959470782961,872.746564488246,201.141788107834,152.649431509955,41.6527183421466,83.6514706817948,26.7170005028704,44.2040146752191,13.0327379916537,33.656102581258,21099.4949587058,15882.1347270402,4607.27150422764,9018.14037203991,3093.42141174504,4959.07292679281,1207.64670912559,3031.05398022523,810.67155505214,610.217191471148,179.356196895186,351.988130637586,121.566994394214,195.304947482546,47.5396222721881,119.526055876045,0,0,9.08942936512134,18.2739763636172,6.44662072002972,10.3991636859611,2.66426106183806,6.72143552641201,0,0,0,0,0,0,0,0,241.903961451401,194.252371617172,210.802800844786,436.42868429825,253.546914428315,433.291336568523,44.3728721600638,118.801699342816,9.29433240717772,7.46348694354946,8.09287532108543,16.7492313698094,9.7141150656892,16.5972202260555,1.7011899072208,4.55402322894277,285.309608507647,227.614802797394,431.26541617162,934.543126342159,576.352134703228,998.632286455537,159.492484777323,428.793212121867,10.9620439618708,8.74532501345855,16.5531519205335,35.8568253111934,22.0772738616263,38.2427402709321,6.10948887957813,16.4214231865254,0,0,54.9944658195842,129.902755466362,60.1319919913541,104.863115514802,26.09677575111,69.6318123370724,0,0,0,0,0,0,0,0,494.116387269556,232.17665299416,815.925932147671,809.822771176056
"215",2007,2892,17.8333333333333,4045.47746769437,3214.29805341517,1037.12281402978,1973.93256568793,426.058653531554,628.327371258897,140.847722627551,324.693264574087,0,0,0,0,0,0,0,0,0,0,1.74253649347621,3.39443611057827,0.829190913981723,1.22746684633469,0.278948641286001,0.64371825510149,0,0,0,0,0,0,0,0,5247.72244310149,3978.28953276906,1084.00473824532,2176.84581594773,691.452278405709,1139.06954591608,350.011558474435,902.773166531141,201.62588826039,152.852245807326,41.782388933527,83.9172097151288,26.6435070445354,43.8914677207852,13.4977932627136,34.8148133938438,21074.7295351099,15845.3644999569,4603.99087911811,9012.24913632243,3073.77622874949,4906.91928470334,1245.98159886168,3124.24371898337,809.720096164302,608.804417735678,179.228567797178,351.758537128111,120.790912400517,193.243048175273,49.0490293911218,123.200326103155,0,0,9.09075236160113,18.2782319876498,6.41016215057051,10.2969363797329,2.75212397205161,6.93629097984972,0,0,0,0,0,0,0,0,242.555123513323,194.570641729447,211.486188626134,437.884766214738,252.837402516133,430.173512947192,45.6027185611619,121.888812701088,9.31935115863522,7.47571538742308,8.11923128885911,16.805391164828,9.68717566817392,16.4782290942475,1.74841101623462,4.67256498438334,285.130826535828,227.211618379374,431.731923821824,935.453896154669,572.981945735823,988.15064795365,163.190359528097,437.949755197509,10.9551750160106,8.72983401719913,16.5713652010425,35.8925210113349,21.9488569651867,37.8425940758135,6.25138146366115,16.7727874521184,0,0,54.9901746662031,129.898652219844,59.6970261916282,103.652282331377,26.9641612792167,71.8440600894374,0,0,0,0,0,0,0,0,497.347580909409,233.590665180792,823.379646043806,817.189503746166
"216",2007,2892,17.9166666666667,4025.34029898061,3197.10546030634,1032.70291812078,1965.59455880728,421.325008199356,618.914324249415,143.535332164268,330.379868566591,0,0,0,0,0,0,0,0,0,0,1.73536417788733,3.38062899902213,0.820139633851909,1.2092576155621,0.284397874195833,0.655267297127478,0,0,0,0,0,0,0,0,5259.9023342932,3983.25081730276,1087.26961336394,2183.52945698692,689.545538094546,1131.06936366781,362.013335801177,932.557157354052,202.093859157683,153.042866293045,41.9083702690368,84.1751618697353,26.570108656031,43.5833369683307,13.9609308826508,35.9642280003602,21050.2195741264,15808.9233530851,4600.73054426444,9006.33690026153,3054.55635600663,4856.06344760963,1284.06170114821,3216.50069330653,808.778451702979,607.404287828353,179.101684652915,351.528047239673,120.031521489035,191.232239057807,50.5484288385919,126.837765981284,0,0,9.09186030282835,18.2820154334337,6.37443075627752,10.1971170491153,2.83954075312614,7.14934036995716,0,0,0,0,0,0,0,0,243.189356369334,194.875421575037,212.151814431898,439.302792563831,252.129362152891,427.099272196293,46.815568219699,124.914865323155,9.34371946228577,7.48742551371116,8.14490371685634,16.860086840945,9.66028727739795,16.360894848325,1.79498338517439,4.78877412913564,284.965534298749,226.821654925595,432.192950477449,936.359615078882,569.6850533036,977.91854662442,166.768296464657,446.72362232632,10.9488243638315,8.71485099168712,16.5893637111611,35.9280127992201,21.8232318854811,37.4519654145588,6.38868984443703,17.1095240949809,0,0,54.9848056527608,129.892005400599,59.2695767860342,102.467772462358,27.8286225947367,74.039347275244,0,0,0,0,0,0,0,0,500.587347672248,235.006943140814,830.825647385816,824.529311147847
"217",2008,2892,18,4005.12661750158,3179.8237164776,1028.19023788827,1957.17568057954,416.65745919119,609.542343863658,146.175694210466,336.041375625468,0,0,0,0,0,0,0,0,0,0,1.72822501490101,3.36685566777157,0.81120508140691,1.19111090546121,0.289752567256484,0.666761169932846,0,0,0,0,0,0,0,0,5271.82347014659,3988.04074302937,1090.33349446686,2189.92064757218,687.57244608563,1122.74032716425,374.074274678211,962.585128067693,202.551888261084,153.226902899363,42.0266211897368,84.421859474719,26.4941535195543,43.2625335981214,14.426368416139,37.1230939949607,21026.3001151135,15773.0693400914,4597.03664816853,8999.99995808988,3035.43693755734,4804.56160952551,1322.39768067751,3309.97607352957,807.859494273138,606.026716590013,178.958180564092,351.281268127531,119.276062223117,189.195986471229,52.0578872982642,130.523088696678,0,0,9.09300740736046,18.2856957904821,6.33875505942099,10.0956349044611,2.92756435185393,7.36506745138892,0,0,0,0,0,0,0,0,243.834718408601,195.182263453949,212.810772926137,440.701980312512,251.426304310497,423.934899327737,48.0603307248103,128.081495956315,9.36851536565813,7.49921486667176,8.17031827306635,16.9140554478611,9.63358438193463,16.2400952489129,1.84278095174702,4.91037462919715,284.821986706086,226.452877104147,432.653090576982,937.269606704449,566.400781704054,967.544329185714,170.325931891249,455.562112998699,10.9433091720421,8.70068195221334,16.6073234819496,35.9636578715438,21.6980744116183,37.0558553651548,6.52523035081853,17.448762236714,0,0,54.9800290418341,129.885599947856,58.8434598673375,101.268831220645,28.700028861233,76.2629744910051,0,0,0,0,0,0,0,0,503.805618510887,236.408561839019,838.195398366997,831.755523917229
"218",2008,2892,18.0833333333333,3984.53958759092,3162.13049607435,1023.45426971649,1948.54428195886,412.002415781136,599.942626479975,148.847036044866,341.973133609241,0,0,0,0,0,0,0,0,0,0,1.7210968580397,3.3531162950835,0.802291973528098,1.17250897289456,0.29516702733456,0.67878274959139,0,0,0,0,0,0,0,0,5283.7270672318,3992.86462878746,1093.10357733541,2195.96514673634,685.470689966311,1113.6191573331,386.338317090916,993.466074583091,203.009243496964,153.412244304399,42.1335774678605,84.6552221813658,26.4132387019858,42.9112028303611,14.8996509463204,38.3148738258675,21003.3124551076,15738.0652610068,4592.3865892977,8992.76039307589,3016.04178008967,4750.27657048263,1361.56441942583,3407.03671091426,806.976336907239,604.681801224576,178.778038969073,350.999947479167,118.509765408901,187.050140833005,53.5999981619128,134.349508474641,0,0,9.09407904868618,18.2892918696078,6.30239238743397,9.98804158512662,3.01740764833486,7.5885014919421,0,0,0,0,0,0,0,0,244.51995927535,195.507675160625,213.465217372894,442.09259005107,250.722327605604,420.520024158815,49.3811179140981,131.566040684317,9.39484347542493,7.51171770218679,8.19555714388568,16.9676900423975,9.60684093312388,16.1096867745406,1.89349392928298,5.04415996713583,284.708564465038,226.112243171505,433.113021665054,938.18389086814,563.061017001546,956.590584843989,173.975285257694,464.955101032839,10.9389514407117,8.6875942461232,16.6252701613827,35.9994564132307,21.5707752929253,36.6375112540231,6.66529404972793,17.8092632353735,0,0,54.9776258069287,129.882339737834,58.4116627407304,100.010581246843,29.5896283300163,78.5652407058559,0,0,0,0,0,0,0,0,506.96791238719,237.775960511039,845.409410884153,838.764883614609
"219",2008,2892,18.1666666666667,3964.12280926251,3144.62441921886,1018.74781370545,1939.94539110782,407.45163459333,590.642607117184,151.400267843499,347.587965417841,0,0,0,0,0,0,0,0,0,0,1.71386327160386,3.33925455518552,0.793578803474613,1.15448252711964,0.300350750862684,0.690184232179211,0,0,0,0,0,0,0,0,5295.2811889264,3997.42075013925,1095.81746931961,2201.87495933473,683.395246631349,1104.68335810455,398.552453154192,1024.10642689051,203.453171329467,153.587297772744,42.2383592241139,84.8833823599078,26.3333360550764,42.5670111108249,15.3710284470233,39.4974269790185,20980.508334302,15703.3304975295,4587.77051244387,8985.49876776185,2997.04849644588,4697.3823254446,1400.46155282542,3503.02337993396,806.100230599027,603.347233433326,178.599147943673,350.717665290575,117.759263865454,184.959078971012,55.1315212914873,138.133549334787,0,0,9.09445026474778,18.2919360413369,6.26676124230091,9.88311557817194,3.10676377694,7.80983685342195,0,0,0,0,0,0,0,0,245.182862739168,195.817529152772,214.088948861896,443.430912042067,250.00856764835,417.14684496761,50.6733008685711,134.931032357902,9.4203133459615,7.52362278545919,8.21961489652869,17.0193136803094,9.57971739804728,15.9808631694167,1.94311284809954,5.17337053971499,284.60485891457,225.77973509379,433.559104134744,939.074284229146,559.792637163036,945.897789800538,177.515372020803,473.972958554333,10.9349670370316,8.67481874851464,16.6426807002567,36.0343276896566,21.4461951425986,36.2291225189094,6.80118104919617,18.1554222635681,0,0,54.9739579456161,129.876242347168,57.9874558780704,98.7812169168599,30.4760143431662,80.8478208476769,0,0,0,0,0,0,0,0,510.138934984443,239.145582285104,852.615566340367,845.744678394563
"220",2008,2892,18.25,3943.88465420454,3127.31092268992,1014.07339302459,1931.38463783177,403.002850856027,581.632315668507,153.839077500398,352.897949282473,0,0,0,0,0,0,0,0,0,0,1.70655034880852,3.32530025182948,0.785058571537522,1.13701046997587,0.305310011677018,0.700986857644957,0,0,0,0,0,0,0,0,5306.46954139723,4001.69815027637,1098.46749311752,2207.63574038645,681.340432053176,1095.92024396029,410.708843634468,1054.48544974881,203.883045723466,153.751642326299,42.3406721416835,85.1057895242799,26.2542271501919,42.2294707454161,15.8401983772293,40.6699532169401,20957.8984659596,15668.8715857619,4583.19172152299,8978.22286043832,2978.45026738678,4645.8446725027,1439.0951288859,3597.96569940337,805.231586971981,602.023264343508,178.4216385138,350.43472835827,117.0242926619,182.921462766937,56.6526936085221,141.876377244419,0,0,9.09423420094827,18.2937439628318,6.23183903065987,9.78078479835396,3.19563006614013,8.02909215576511,0,0,0,0,0,0,0,0,245.824191480802,196.112219539053,214.685388993875,444.721219437128,249.288375131131,413.819451208771,51.9406140166319,138.192255167992,9.44495428066216,7.5349452587744,8.24262290690892,17.0690903723103,9.55234223590042,15.8537814604148,1.99178061246149,5.29861045068831,284.510876970062,225.455572913756,433.991323194141,939.942206869013,556.59405145408,935.461429037848,180.950367371923,482.628673447617,10.9313562267754,8.66236391377872,16.6595544456427,36.0683260078076,21.3242732389548,35.8305172960275,6.93305065384685,18.4877346579446,0,0,54.9690211190676,129.867384703289,57.5707711618348,97.5802055655612,31.3592383202532,83.1111769822866,0,0,0,0,0,0,0,0,513.318402104904,240.517319690815,859.813410258632,852.695112949037
"221",2008,2892,18.3333333333333,3923.83205428667,3110.19430447353,1009.43315564469,1922.86691921471,398.653753982704,572.901978084056,156.167040949506,357.914714781385,0,0,0,0,0,0,0,0,0,0,1.69918041202053,3.31127971620714,0.776725105720942,1.12007292328315,0.310051029272264,0.711211453123139,0,0,0,0,0,0,0,0,5317.28172825756,4005.69038329921,1101.04815930473,2213.23751690103,679.302385315814,1087.32048332712,422.800576649199,1084.58503539106,204.298467233157,153.905030303293,42.4403058381965,85.3220609807169,26.1757635639642,41.8982228233221,16.3068938224532,41.8317532392675,20935.4894329511,15634.6919661288,4578.65244031898,8970.93834983985,2960.23975439949,4595.6292136629,1477.4706504985,3691.89127428212,804.370658954249,600.710026141443,178.245599789679,350.15136187508,116.304566459546,180.935946077135,58.1637309405552,145.579080010853,0,0,9.09352325666345,18.294810046774,6.19760500796238,9.68097876659464,3.28400354962953,8.24628425363426,0,0,0,0,0,0,0,0,246.444580581207,196.392068522806,215.257157244642,445.966685896827,248.56421969745,410.540517124767,53.186080848961,141.362675872386,9.46879068033538,7.54569750170034,8.26468174980611,17.1171419107875,9.52481011860409,15.7285443846711,2.03961288467532,5.42037586787409,284.426361173845,225.13972928801,434.40970283736,940.78858537816,553.463555839161,925.276536814321,184.284641589058,490.936507035705,10.9281091180872,8.65022869133497,16.6758922542845,36.1014867795695,21.2049445356606,35.4415064675299,7.06106966344949,18.8067446225816,0,0,54.9628197411161,129.855839270851,57.1615281454843,96.4070023738937,32.2393480591586,85.3557539155708,0,0,0,0,0,0,0,0,516.506038696833,241.891067788743,867.002579303294,859.616450800799
"222",2008,2892,18.4166666666667,3903.97081658852,3093.27797706589,1004.82895425469,1914.39655156718,394.402019338773,564.44205563492,158.387629599484,362.649469183049,0,0,0,0,0,0,0,0,0,0,1.69177261869996,3.29721623788648,0.76857284946423,1.10365102277271,0.314579954217262,0.720878392080283,0,0,0,0,0,0,0,0,5327.7116841862,4009.39429529377,1103.55559554357,2218.67351497972,677.278514858976,1078.87707451281,434.821572090694,1114.38949633319,204.6992028192,154.047340525306,42.5371119712781,85.5319368284373,26.0978456263071,41.5729979172029,16.7708798333621,42.9822207529901,20913.2848058254,15600.7928390091,4574.15409911055,8963.64937608215,2942.40930986667,4546.70170450429,1515.59314686428,3784.82590887119,803.517583736491,599.407564947295,178.07109006126,349.86773118173,115.59978770533,179.001188391546,59.6648307817204,149.242675517629,0,0,9.0923934400074,18.2952121646601,6.16404006339306,9.58362903702018,3.37188115868139,8.46142877026895,0,0,0,0,0,0,0,0,247.044574554568,196.65735158724,215.806297363394,447.169731961439,247.837972863634,407.311784488026,54.4121535916117,144.452978099804,9.4918434660716,7.55589009874266,8.28586989265569,17.1635611708823,9.49719278649856,15.6052189160722,2.08670343853405,5.53907549649792,284.350876750599,224.832005290236,434.814282728149,941.613958516138,550.399365621863,915.337814675168,187.522651088504,498.91148374718,10.925209006286,8.63840543811249,16.6916956003275,36.1338305648021,21.0881409022046,35.0618881597878,7.18540819673903,19.1130256717966,0,0,54.9553652600898,129.841675467816,56.7596374594665,95.2610558918602,33.116388208588,87.5819805073846,0,0,0,0,0,0,0,0,519.701577211993,243.266723681847,874.18277512548,866.508992708722
"223",2008,2892,18.5,3884.30582940189,3076.56463308915,1000.2623985811,1905.97737013367,390.245327378235,556.24326394312,160.504216095147,367.113019887168,0,0,0,0,0,0,0,0,0,0,1.68434343388705,3.28313044158839,0.76059672886732,1.0877267863661,0.318902858243031,0.73000757399378,0,0,0,0,0,0,0,0,5337.75667940479,4012.80925004855,1105.98718250252,2223.93941664728,675.26715794244,1070.58471282468,446.766505426505,1143.88538121069,205.085147599146,154.178548548075,42.6309902723582,85.7352514442931,26.0204093481521,41.2535917892685,17.2319505061447,44.1208354207932,20891.2858515083,15567.1737062783,4569.69751666599,8956.35889483425,2924.95110257109,4499.02825055435,1553.46722799284,3876.79378072856,802.672410001036,598.115861621977,177.898143845334,349.583955505526,114.909651531871,177.115862523028,61.1561743955288,152.868118436038,0,0,9.09090739242873,18.2950148187485,6.13112649264374,9.48866927051676,3.45925984845638,8.67454050385416,0,0,0,0,0,0,0,0,247.624650021109,196.908312253185,216.334415272403,448.332226237527,247.111065127808,404.134323818975,55.6208170457779,147.471962340781,9.51413095036852,7.56553240636142,8.30624899120946,17.2084198369241,9.46954507587995,15.4838462893991,2.13312813945731,5.65504590658852,284.283865648403,224.532078347214,435.205109845776,942.418561409324,547.399650841464,905.639740840054,190.668863566112,506.569037089577,10.9226344502078,8.62688176032856,16.7069662514096,36.1653662953105,20.973792475803,34.6914519244659,7.30623682185488,19.4071670622159,0,0,54.9466748336861,129.824960403805,56.365003049576,94.1418116224797,33.9904005681904,89.7902705903086,0,0,0,0,0,0,0,0,522.904756594407,244.644186253284,881.353749608728,873.373065342929
"224",2008,2892,18.5833333333333,3864.84119573051,3060.05635292594,995.734889178614,1897.61279326076,386.181376769127,548.296587941484,162.520077274367,371.315786320504,0,0,0,0,0,0,0,0,0,0,1.6769069609847,3.26904055629526,0.752792067219369,1.07228303547729,0.323025725013336,0.738618402971251,0,0,0,0,0,0,0,0,5347.4166623594,4015.93661769882,1108.34131324894,2229.03286926262,673.267360325192,1062.43938294944,458.630753993028,1173.06134248079,205.456299592209,154.298707014389,42.7218793167214,85.9319146581794,25.9434179630362,40.9398497427213,17.6899269257721,45.2471577984881,20869.4920024335,15533.8327296746,4565.28302051562,8949.06891047486,2907.85720078861,4452.57544216361,1591.09712292063,3967.81756038959,801.83511594658,596.834845536175,177.726776541829,349.300117003895,114.233849002345,175.278659891189,62.6379282882188,156.456304837039,0,0,9.08911644317214,18.2942712714344,6.09884782562867,9.39603525058537,3.54613668904944,8.88563372735705,0,0,0,0,0,0,0,0,248.185230402551,197.14517151681,216.842768185446,449.455612572802,246.384582696225,401.008693328651,56.813661261533,150.426825962258,9.53566940175403,7.57463291558295,8.3258673119969,17.2517732868036,9.4419086297345,15.3644480993677,2.1789477302396,5.76856226364664,284.2246826892,224.23953440417,435.582235260817,943.202387865446,544.46256417897,896.1766521179,193.727704577748,513.924757090509,10.920360661163,8.61564174933289,16.7217061428731,36.1960936618923,20.8618287285907,34.3299818717888,7.42372450899255,19.6897641147409,0,0,54.9367703728553,129.805759299006,55.9775236888304,93.0487145560775,34.8614242965749,91.9810235026962,0,0,0,0,0,0,0,0,526.115321702243,246.023356040634,888.515295773465,880.20901440077
"225",2008,2892,18.6666666666667,3845.58038338384,3043.75472523878,991.247655668414,1889.30589538304,382.207897223165,540.593291768409,164.43839920505,375.267819654208,0,0,0,0,0,0,0,0,0,0,1.66947531140051,3.25496271962268,0.745154490164695,1.05730329966239,0.326954442092398,0.746729773925323,0,0,0,0,0,0,0,0,5356.69353318386,4018.77921243499,1110.61712662863,2233.95294322073,671.278639602821,1054.43792788187,470.410323130836,1201.9079457517,205.812731804572,154.407924049943,42.8097462956335,86.1218909439327,25.8668528415529,40.6316500734703,18.1446543345243,46.3608220289563,20847.9013748953,15500.7671244742,4560.91058024005,8941.78073477735,2891.11965955951,4407.31048332431,1628.48672846868,4057.91856758473,801.005629203997,595.564409695979,177.556989595672,349.016270800825,113.572070520033,173.488295573892,64.1102460917346,160.008078224439,0,0,9.08706289336047,18.2930259219649,6.06718864895973,9.3056649020441,3.63250895516639,9.09472249147317,0,0,0,0,0,0,0,0,248.726702165965,197.368138109788,217.332364514868,450.541053406091,245.659379402562,397.935122707669,57.9919605809824,153.323469643843,9.55647366890098,7.58319964621212,8.34476356894256,17.293666097153,9.4143161909721,15.2470333523985,2.22421086078144,5.87985007123119,284.172634621575,223.95390272593,435.945709200085,943.965254847276,541.586262252762,886.942812694671,196.703508708738,520.994145988442,10.9183610034059,8.60466731872361,16.7359171862412,36.2260055841403,20.7521792812753,33.9772593007579,7.53803675878968,19.9614088519603,0,0,54.9256775132694,129.784135984875,55.5970945896729,91.9812116972372,35.7294962323064,94.1546250562395,0,0,0,0,0,0,0,0,529.33302260032,247.404135072043,895.667237000843,887.017196421605
"226",2008,2892,18.75,3826.52632865213,3027.66093037287,986.801783152931,1881.05945747012,378.322657643562,533.124922542192,166.262280828351,378.97881846127,0,0,0,0,0,0,0,0,0,0,1.66205890317829,3.24091124149873,0.737679864232894,1.04277175390556,0.330694794493987,0.754360064837605,0,0,0,0,0,0,0,0,5365.59065558967,4021.34091512758,1112.81432770175,2238.69977018164,669.300834500687,1046.57777372495,482.101785160813,1230.41750227516,206.154573475408,154.506348763988,42.8945801275492,86.3051855354636,25.7907077037625,40.3288935020072,18.5959997926249,47.4615294227762,20826.5111164886,15467.9734227309,4556.57989691681,8934.49515898771,2874.7305752493,4363.20126599968,1665.63964808518,4147.11690033708,800.183840185475,594.304420856978,177.388773961735,348.732451665726,112.924007964628,171.743511235648,65.5732700616647,163.524234514443,0,0,9.0847816971699,18.2913160070419,6.03613444135804,9.21749820490911,3.71837418565384,9.30182085596493,0,0,0,0,0,0,0,0,249.24942512325,197.577414545269,217.804027389134,451.589514885229,244.936139785622,394.913612633698,59.1567349512399,156.16673681833,9.57655757634929,7.59124037912811,8.36296936267643,17.3341353124948,9.38679402143561,15.1316022836833,2.26895643829016,5.98909434660206,284.127005525429,223.674679082445,436.295581202789,944.706854848443,538.768926425904,877.932476339965,199.600484933018,527.792441321147,10.9166079702219,8.59393909517219,16.749601273801,36.2550902177284,20.6447746999698,33.6330650814602,7.64933427472243,20.2226832185733,0,0,54.9134247840961,129.760153135745,55.2236085354015,90.9387538621487,36.5946511210912,96.3114482334033,0,0,0,0,0,0,0,0,532.557614143165,248.786426802928,902.809420750101,893.797974459019
"227",2008,2892,18.8333333333333,3807.68150402545,3011.77579487836,982.398229515112,1872.87600013919,374.523470599032,525.883309410515,167.994736727952,382.458141478949,0,0,0,0,0,0,0,0,0,0,1.65466668474096,3.22689881280388,0.73036425986468,1.02867317844621,0.334252460307141,0.761527135028087,0,0,0,0,0,0,0,0,5374.11255007761,4023.62643693699,1114.93307457118,2243.27431801903,667.334017474486,1038.85677067873,493.702229768474,1258.58392524428,206.481998289586,154.594162166842,42.9763871160174,86.4818357883161,25.7149852614284,40.0314970646305,19.0438502756616,48.5490429490153,20805.3176238835,15435.4476373975,4552.2904593175,8927.21256083339,2858.68211619712,4320.21640467355,1702.55922188926,4235.43153821786,799.369610451714,593.054725830051,177.222112282754,348.448678169155,112.289355896247,170.043076502007,67.0271322351383,167.005526017161,0,0,9.08230162347069,18.2891727468118,6.00567144338054,9.13147707587832,3.80373021670424,9.50694304428088,0,0,0,0,0,0,0,0,249.7537384478,197.773200257605,218.258432286551,452.601813014715,244.215411682444,391.943983197993,60.3087937468241,158.960586511376,9.59593415567587,7.5987627769177,8.38051062585124,17.3732122177726,9.35936315120868,15.018148213847,2.31321530704501,6.09644624418642,284.087071939084,223.401339990385,436.631902283056,945.42679388492,536.008777979468,869.139931422092,202.422696054765,534.334504426608,10.915073765135,8.58343696560846,16.7627603607481,36.283332410968,20.5395470780349,33.2971813808147,7.75777217531777,20.4741548086077,0,0,54.9000429924382,129.73387234627,54.8569566142502,89.9207968335333,37.4569217850898,98.4518537327733,0,0,0,0,0,0,0,0,535.78885574702,250.170136107832,909.941715093994,900.55171600597
"228",2008,2892,18.9166666666667,3789.04798995201,2996.09984918104,978.037843796978,1864.75781885687,370.808196969422,518.860562391002,169.638700265955,385.714821452341,0,0,0,0,0,0,0,0,0,0,1.64730635449289,3.21293670549192,0.723203911229233,1.01499291415169,0.337633006534734,0.768248323880631,0,0,0,0,0,0,0,0,5382.26456396661,4025.64106580007,1116.97385683878,2247.67814825317,665.378400153902,1031.27302410741,505.209210121871,1286.40257494734,206.795211699652,154.671567429494,43.0551862865597,86.6519018695916,25.6396935862081,39.7393876251724,19.4881106079119,49.6231812971456,20784.3167776585,15403.1854388081,4548.04160452808,8919.93302052751,2842.96655645457,4278.3252746903,1739.24855878748,4322.8804509841,798.562781734541,591.815158262129,177.056981238524,348.164957187207,111.667812879089,168.385790480167,68.4719556701692,170.452665630333,0,0,9.07964644425886,18.2866225383495,5.97578654362644,9.04754529040295,3.88857521431343,9.71010358682571,0,0,0,0,0,0,0,0,250.239967359137,197.955695236003,218.696149472749,453.578668976947,243.497648308486,389.025939197429,61.4487787957665,161.708263295722,9.61461590232896,7.60577452348604,8.397409252826,17.4109244629113,9.33204099189994,14.9066600526707,2.35701189758606,6.20202956825036,284.052119258719,223.133357924503,436.954725204348,946.124626720105,533.304087901431,860.559534422933,205.174040861767,540.634717535884,10.9137309319999,8.57314066166543,16.7753964748719,36.3107150551672,20.4364304111174,32.9693929467284,7.86349931035176,20.7163729220667,0,0,54.8855646260874,129.705354263345,54.4970289735924,88.926802515676,38.3163393329665,100.576190639763,0,0,0,0,0,0,0,0,539.026511121617,251.555169255255,917.064004316658,907.278789994563
"229",2009,2892,19,3770.17937969015,2980.13586769793,973.530342904018,1856.50145593683,366.939965815261,511.503961350361,171.479246072203,389.339201043681,0,0,0,0,0,0,0,0,0,0,1.64006861896556,3.19912334877043,0.715738809402471,1.00065163046634,0.341393372415458,0.775680216677067,0,0,0,0,0,0,0,0,5390.33143401272,4027.61646641056,1118.78397048415,2251.77784704058,663.014772722443,1022.74036065447,517.143583560116,1315.06086124227,207.105153747114,154.747465479949,43.1251187845606,86.8102672573903,25.5486783012191,39.4107093360015,19.948850720276,50.7296978307971,20764.0388617857,15371.5067289415,4543.15919720705,8912.0199514116,2825.76647302405,4232.97668243061,1777.89822880625,4414.32148695368,797.783728190728,590.5980093069,176.867621692174,347.85701076749,110.987996859202,166.592536271468,69.9937862345177,174.056853053495,0,0,9.07731629852674,18.2842200732669,5.94266912735876,8.95609044185905,3.97752217934194,9.92158675556442,0,0,0,0,0,0,0,0,250.76776060152,198.149176864306,219.143693844293,454.551164424901,242.685632468075,385.796375874122,62.775050358037,164.862863256121,9.63489461536616,7.61320839477126,8.4146830335095,17.4484646157684,9.30110169550277,14.7832243766994,2.40794890204272,6.32320671491598,284.036580441443,222.883110703082,437.278211282364,946.816128553129,530.313491089438,851.273613485038,208.267455867198,547.67798819556,10.9131340078814,8.56352575892518,16.7880529480142,36.3378430401584,20.3223434207599,32.6145423993398,7.98233941535701,20.987070233248,0,0,54.8734090213383,129.678940709313,54.1090485844415,87.8623086926485,39.2149911314827,102.785549075943,0,0,0,0,0,0,0,0,542.206552532375,252.914159794635,924.035596351068,913.846753359467
"230",2009,2892,19.0833333333333,3751.050393593,2963.86562596154,968.872996420356,1848.0956232973,362.924560268779,503.837589692956,173.505594717112,393.301468135142,0,0,0,0,0,0,0,0,0,0,1.63285837362716,3.18535880616833,0.707988170577394,0.985702472078141,0.345517400296603,0.783774095039845,0,0,0,0,0,0,0,0,5398.40129427042,4029.61353914738,1120.40152998405,2255.64298806679,660.27296364544,1013.32754773673,529.545421496464,1344.63246652714,207.415210683287,154.824196208155,43.1876460480506,86.9596025382478,25.4430867343386,39.0481087591318,20.4276128186886,51.8714265905673,20744.4137739276,15340.3566209096,4537.63320421069,8903.44542160608,2807.10281735273,4184.29957510145,1818.47717181918,4509.60568652548,797.029756403444,589.401170121148,176.653627875382,347.523737022769,110.250735191145,164.668390500323,71.5914132758425,177.812238916209,0,0,9.07486961871949,18.2815411645083,5.90640379629752,8.8574255960906,4.07056600303747,10.1412060737721,0,0,0,0,0,0,0,0,251.331829692454,198.352346839844,219.588181374876,455.507023892321,241.766911793098,382.252669213268,64.2522836814925,168.339168137064,9.65656710296568,7.62101450790549,8.43183709937901,17.4853612717057,9.26606810617059,14.6477405944031,2.46467251627861,6.45671236505167,284.038571412442,222.64637488259,437.595917042201,947.483120690093,527.040274860106,841.29393185748,211.701095269997,555.439886587619,10.9132106037305,8.55442998592631,16.8004824194472,36.3640186890242,20.1974117790096,32.2330794373862,8.1142221073704,21.2853113997268,0,0,54.8634267185507,129.654269130345,53.6934832910814,86.7299494203457,40.1526434799731,105.077455077103,0,0,0,0,0,0,0,0,545.328563470823,254.24675904469,930.851737268261,920.249064244196
"231",2009,2892,19.1666666666667,3732.11887853873,2947.79745641848,964.262312151552,1839.7513583379,359.003039614257,496.421609738941,175.427923960617,397.004328294078,0,0,0,0,0,0,0,0,0,0,1.62557967269113,3.17154147634707,0.700419982808426,0.97123932987985,0.349439027192144,0.791359766136324,0,0,0,0,0,0,0,0,5406.19064429168,4031.40129451189,1121.98446661281,2259.41236463778,657.582591035035,1004.14851588119,541.88643212704,1373.90799934007,207.714489967593,154.892884628183,43.2488275893833,87.1052310517582,25.3394746877949,38.6945120388458,20.9040393256646,53.0017635460831,20724.8912806487,15309.3993041571,4532.15384112615,8894.86156311305,2788.83135638233,4136.94208439397,1858.74371771359,4603.75633239288,796.279725744615,588.211738317224,176.441372530463,347.190008393181,109.528919645961,162.796291593975,73.1767868667634,181.522954766457,0,0,9.07177367475543,18.278005563744,5.87088762036668,8.76138343798005,4.16298999802749,10.3584247829426,0,0,0,0,0,0,0,0,251.870817619005,198.540615775266,220.002616643749,456.415723463323,240.841525561202,378.769190052296,65.6739500123827,171.666672464556,9.67727593170229,7.62824809927558,8.44783520708586,17.5204432905412,9.23077445929777,14.5145544438613,2.51926682785147,6.58451646065902,284.04294069462,222.409798392176,437.892422290398,948.107892899631,523.832882119475,831.55769510556,215.053608030331,562.918997568616,10.9133785759234,8.54534033473887,16.8120931998392,36.3885627624861,20.0749883198107,31.8609111050187,8.2430003706982,21.5727286265966,0,0,54.8521043891011,129.626924631698,53.2859136099062,85.6263258951602,41.0862723232787,107.348431996448,0,0,0,0,0,0,0,0,548.457431561411,255.580673512185,937.654170585501,926.619469408981
"232",2009,2892,19.25,3713.39255771378,2931.93629833927,959.700347012278,1831.47360435915,355.173417484111,489.247317516636,177.249908177669,400.458959363666,0,0,0,0,0,0,0,0,0,0,1.61825707398272,3.15769768344143,0.693027591731176,0.957243044002335,0.353164040765838,0.798456172739621,0,0,0,0,0,0,0,0,5413.67586959425,4032.96316020819,1123.52196460786,2263.06525210193,654.934911767992,995.185079576324,554.158690530872,1402.8703124383,208.00208429386,154.952894005922,43.3082487162418,87.2463575637049,25.2375062078485,38.3492200275209,21.3778249645801,54.1200478333296,20705.4886766677,15278.6463071813,4526.72535992491,8886.27833985571,2770.94607828083,4090.87066600628,1898.70577856006,4696.80659801603,795.534300707881,587.030156838193,176.231023587601,346.856216342081,108.822314894685,160.974922158116,74.7502169947689,185.190307648811,0,0,9.06814183756363,18.2737264657639,5.83609836063755,8.66788876686215,4.25479913295328,10.5732829305556,0,0,0,0,0,0,0,0,252.385980559385,198.714519549966,220.390901287782,457.281759142699,239.913587576653,375.349097620107,67.0481561220091,174.865543688853,9.69706936593323,7.63492975822497,8.46282721977222,17.5538833550137,9.1953785640729,14.3837874167152,2.57204248689399,6.70739155770968,284.050295111158,222.174408369013,438.16909321512,948.695479406276,520.690550322756,822.062722540101,218.324365384952,570.121041461995,10.9136612396168,8.53629626961403,16.8229377214684,36.4116684450072,19.9550441531983,31.4979549785524,8.36864954618071,21.849539361406,0,0,54.839457881717,129.597019043307,52.8862455815385,84.5508181382815,42.0159641480615,109.599051237775,0,0,0,0,0,0,0,0,551.592852865265,256.915804887863,944.442537141603,932.958382538827
"233",2009,2892,19.3333333333333,3694.8774788488,2916.28577507908,955.188726837282,1823.26645529305,351.433637745513,482.306175307614,178.975078576442,403.676031897719,0,0,0,0,0,0,0,0,0,0,1.61091146690606,3.14385063012639,0.685805182731878,0.943695699322375,0.356698237734609,0.805081939300016,0,0,0,0,0,0,0,0,5420.84099324613,4034.28837665893,1125.0061832326,2266.58693886447,652.323657545685,986.423435667763,566.355191322977,1431.50496169358,208.277379802811,155.003810941205,43.3656088644903,87.3824175901189,25.1369403560862,38.0117018386068,21.8486997509468,55.2257223791348,20686.2178085469,15248.1051067783,4521.35059109891,8877.70292696317,2753.440230223,4046.05136606978,1938.37054703197,4788.78728743012,794.793936460982,585.856712954238,176.022693838602,346.522644001884,108.13065666774,159.202948748172,76.3119857192835,188.81551227758,0,0,9.06406602250071,18.2687950645548,5.80201502641812,8.57686747409513,4.34599729613933,10.7858170894715,0,0,0,0,0,0,0,0,252.878373762829,198.874489410739,220.755962686016,458.108311912646,238.986025603258,371.994005817616,68.3815568601629,177.9524345694,9.71598795000505,7.64107605394539,8.4769255826799,17.5858036381996,9.15999272210374,14.2555016802813,2.62325448121088,6.82597550387657,284.060883100807,221.940869340421,438.427136899317,949.249831284295,517.612318528806,812.805928823904,221.513803089481,577.053824442845,10.9140681402717,8.52732332275221,16.8330623277583,36.4334873895974,19.8375427974893,31.1440939698797,8.49118581332931,22.1160411005662,0,0,54.8255086429118,129.56465212961,52.4943723509422,83.5027971540309,42.9417989576701,111.829856877534,0,0,0,0,0,0,0,0,554.734538123011,258.252058189562,951.216582111839,939.266264307985
"234",2009,2892,19.4166666666667,3676.57843463472,2900.84852923693,950.728754175879,1815.13336176287,347.781612890128,475.589851019418,180.606839811586,406.665761259899,0,0,0,0,0,0,0,0,0,0,1.60356071102408,3.13002078502267,0.678747540722959,0.930580378212425,0.360047390792648,0.811255308211303,0,0,0,0,0,0,0,0,5427.675504664,4035.37032475397,1126.431425513,2269.96701137639,649.744269209629,977.852794420874,578.469740269102,1459.79985609574,208.539972661026,155.045381117235,43.4206897134776,87.5130116027921,25.0376018276003,37.6815423154266,22.3164248412171,56.3183204887979,20667.0866376697,15217.7803085573,4516.03135270124,8869.14051631501,2736.30660462498,4002.45025803691,1977.74461232351,4879.72718039632,794.058938897596,584.69158361993,175.816456770744,346.189497406854,107.453662898651,157.47903889814,77.8623516759014,192.399704458867,0,0,9.05962174138432,18.2632861324405,5.76861788183371,8.48824730278273,4.43658759088431,10.9960611742592,0,0,0,0,0,0,0,0,253.348907636343,199.020888061254,221.100060489267,458.897717880353,238.060993970086,368.704594538673,69.6796578836146,180.941207319231,9.73406666319624,7.64670092209195,8.49021709469906,17.6162938593894,9.12469956320904,14.1297235477781,2.67311374246083,6.94079919530373,284.074713906158,221.709590683476,438.667606805134,949.774038366685,514.597055343897,803.78352356497,224.623126728716,583.726571470004,10.9145996330539,8.51843722307328,16.8425074780928,36.4541382205277,19.7224412364442,30.799183948113,8.61065488899531,22.3725858094307,0,0,54.8102825333324,129.529914904457,52.110178248595,82.4816309421198,43.8638514653573,114.041369381676,0,0,0,0,0,0,0,0,557.882209889651,259.589340980615,957.976119821215,945.543598002692
"235",2009,2892,19.5,3658.4991621575,2885.62638229513,946.321459301431,1807.07722819253,344.215243230856,469.090239555273,182.148476375075,409.437928927203,0,0,0,0,0,0,0,0,0,0,1.5962200029895,3.11622614077269,0.671849941498747,0.917881055930221,0.363217228345267,0.816994100885048,0,0,0,0,0,0,0,0,5434.17333724872,4036.20573536202,1127.79374393176,2273.19854317497,647.19353727134,969.46473260917,590.496909030971,1487.74509594217,208.789629780065,155.077478928759,43.4733400608394,87.6378739151176,24.9393671536565,37.3584172001849,22.7807908028615,57.3974596528756,20648.0999750894,15187.6742036773,4510.76864303674,8860.59469363842,2719.53767361425,3960.03365299127,2016.83401495932,4969.65319767838,793.329492871271,583.534856864944,175.612354025125,345.856920114449,106.791038964241,155.801869332931,79.4015521990243,195.943947493913,0,0,9.05487064697585,18.2572607187888,5.73588835659078,8.40195802972833,4.52657250927659,11.2040469227712,0,0,0,0,0,0,0,0,253.79837362283,199.154025727725,221.424921700929,459.651664349644,237.140040432167,365.480841615917,70.9469821503862,183.843334544586,9.75133591399602,7.65181628205196,8.50276809646988,17.6454188156784,9.08955844981611,14.0064523846878,2.72179352971788,7.05230194612196,284.091613042849,221.480777938028,438.891416587753,950.270463267282,511.643499140787,794.991167759428,227.654143908091,590.149540496625,10.9152490140484,8.50964586774479,16.8513082750654,36.4737116701911,19.6096914562756,30.4630597261806,8.72712559198007,22.6195651288659,0,0,54.7938090701121,129.492891063982,51.7335408666504,81.4866878052542,44.7821915245792,116.234086929579,0,0,0,0,0,0,0,0,561.035601297312,260.927563087222,964.721019899507,951.790881087874
"236",2009,2892,19.5833333333333,3640.64253356842,2870.62048686932,941.967649044259,1799.10050609606,340.732434046991,462.799479059494,183.603159952223,412.001906912292,0,0,0,0,0,0,0,0,0,0,1.58890223645392,3.10248247166871,0.665108047911583,0.905582496925678,0.36621341593029,0.822315685102214,0,0,0,0,0,0,0,0,5440.3318881515,4036.79393428903,1129.09056173442,2276.27731675938,644.669265288025,961.252595567523,602.431976612486,1515.33277831667,209.026251154315,155.100078472164,43.5234612960588,87.7568428271726,24.842151781242,37.0420701826753,23.2416153731931,58.4628340959053,20629.2601873428,15157.7873012009,4505.56282551553,8852.06780041116,2703.12571408182,3918.76828635669,2055.64430725851,5058.59058220286,792.605689313774,582.386552247939,175.410402552785,345.525007239463,106.142482557831,154.170133258724,80.9298056658575,199.449239206695,0,0,9.04986299762163,18.2507687598919,5.70380896197126,8.31793163175927,4.61595409672348,11.4098043523028,0,0,0,0,0,0,0,0,254.227469121114,199.274175387371,221.731870532047,460.371377648838,236.224267705678,362.322247426549,72.1872309771972,186.668287032525,9.76782249757135,7.65643262204682,8.51462945770964,17.6732255967308,9.05461167660848,13.8856692326241,2.76943560456055,7.16084635364851,284.111275223099,221.254481966349,439.099353753718,950.740870537882,508.750290244331,786.424107300393,230.609109440549,596.333671605286,10.9160045536651,8.50095121097423,16.8594949861588,36.4922755302219,19.4992416754781,30.1355401700406,8.84068390604204,22.8573969209052,0,0,54.7761207025213,129.453658379274,51.3643329898544,80.5173392849236,45.6968846621323,118.40848706517,0,0,0,0,0,0,0,0,564.194454828156,262.266636323305,971.451193712887,958.008616922449
"237",2009,2892,19.6666666666667,3623.01074024756,2855.83147352044,937.667954001283,1791.20528452543,337.331111116415,456.709962819539,184.97395747752,414.366684843504,0,0,0,0,0,0,0,0,0,0,1.58161836143559,3.08880359782213,0.658517811205238,0.893670152842469,0.369041538792637,0.82723694782009,0,0,0,0,0,0,0,0,5446.15107431239,4037.13611725868,1130.32030795675,2279.20107512621,642.169953963868,953.210942746862,614.270859167001,1542.5567726187,209.24983359248,155.113225689067,43.5709934001752,87.8698319079621,24.7458979477066,36.7322916180353,23.698740771062,59.5142061740169,20610.5678766667,15128.1188393136,4500.41380658424,8843.56128201667,2687.06292423536,3878.62148310206,2094.18061871211,5146.56309482833,791.887551370005,581.246640498438,175.210601503957,345.193818957191,105.507688232269,152.582546816138,82.4473140314036,202.916519541826,0,0,9.04464006421904,18.2438516166893,5.67236320480589,8.23610241998591,4.70473411160709,11.6133622018905,0,0,0,0,0,0,0,0,254.636821511984,199.381587122182,222.021953003155,461.057801860328,235.314488223232,359.228047947553,73.4034420436229,189.423914379297,9.78355051888589,7.66055955062655,8.52584136273481,17.6997504499605,9.01989040953178,13.7673449889855,2.81615628911743,7.26673288911868,284.133314828022,221.030646226616,439.292093593214,951.186552488746,505.915997354975,778.07729052576,233.490580572786,602.290264056383,10.916851435864,8.49235108033209,16.8670935762732,36.5098794753913,19.391037354557,29.816432697826,8.95142742791382,23.0865128845654,0,0,54.7572521038884,129.412290043957,51.0024244161862,79.5729628204728,46.6079926742056,120.565028569912,0,0,0,0,0,0,0,0,567.35852110037,263.606474229664,978.166581178521,964.197306802344
"238",2009,2892,19.75,3605.6054043508,2841.25953976131,933.422857096302,1783.39334494336,334.009229279523,450.814342556933,186.263836395806,416.540889354941,0,0,0,0,0,0,0,0,0,0,1.57437765594433,3.0752016119219,0.652075416368485,0.882130103563307,0.371707090568267,0.831774282941778,0,0,0,0,0,0,0,0,5451.63277899025,4037.23492475483,1131.48220124068,2281.96908249139,639.694622342136,945.335234151043,626.010059018715,1569.41255462257,209.460449452377,155.117022031079,43.6159066521949,87.9768131380159,24.6505678148532,36.4289064857366,24.1520317447463,60.5514000155968,20592.0222788098,15098.6670837186,4495.32113980132,8835.07588962039,2671.34148732511,3839.56123876216,2132.44770135937,5233.59315385287,791.17504968247,580.115054981638,175.012936259224,344.86338833694,104.886349888459,151.03785225682,83.9542645839598,206.346675969601,0,0,9.03923569525753,18.2365436420274,5.64153547082657,8.15640697236942,4.792914136326,11.8147482447176,0,0,0,0,0,0,0,0,255.027001960557,199.476495543243,222.29600305599,461.711683701699,234.411296487413,356.197301707613,74.598101358819,192.116716368163,9.79854192300866,7.66420608192419,8.53643584999033,17.7250220418907,8.98541746223926,13.6514437455642,2.86205075913976,7.37021030088553,284.157294014044,220.809134602825,439.470215799384,951.608423791713,503.139147233286,769.945469339162,236.301317691043,608.030757572934,10.9177728380491,8.48384024602155,16.8741263442778,36.5265586917611,19.2850223337653,29.5055371555926,9.05946155934646,23.3073501683055,0,0,54.7372396182259,129.368855395649,50.6476830814634,78.6529433801635,47.5155739665908,122.70415261168,0,0,0,0,0,0,0,0,570.527558161547,264.946991971089,984.867144720964,970.357447407447
"239",2009,2892,19.8333333333333,3588.42766667229,2826.90452010529,929.232716090618,1775.66620460035,330.764778568082,445.105528538484,187.475669254015,418.532801449571,0,0,0,0,0,0,0,0,0,0,1.56718795443829,3.06168707641786,0.645777240999352,0.870949010320348,0.374215464526242,0.835943584736935,0,0,0,0,0,0,0,0,5456.78042102291,4037.09411202012,1132.57608129007,2284.58178364209,637.242673873687,937.621598418364,637.646616106182,1595.89705154842,209.658230091223,155.111611780628,43.6581951628698,88.0778038359273,24.5561383254674,36.1317654824223,24.6013737119099,61.5742955821669,20573.6215726497,15069.4295589513,4490.28410668849,8826.61183644086,2655.95361873207,3801.55627324737,2170.44996982754,5319.70195834978,790.468114287221,578.991700585861,174.817381561963,344.533727407716,104.2781626158,149.534820058344,85.4508314938591,209.740548264629,0,0,9.03367757755009,18.2288734251533,5.61131092232738,8.07878404830355,4.88049566576536,12.0139895364523,0,0,0,0,0,0,0,0,255.398536098627,199.559125198691,222.554692442362,462.333633786035,233.515122216932,353.228950504281,75.773234964707,194.752065479323,9.81281690554703,7.66738084343823,8.54643872846238,17.7490638120854,8.95120933517338,13.5379251194695,2.90719656014791,7.47148414429234,284.182743966217,220.589753007042,439.634219174034,952.007099009833,500.418247521702,762.023277203572,239.044207196951,613.566566043039,10.9187507476531,8.47541125087145,16.8806124865274,36.5423368505338,19.1811397083687,29.2026488078553,9.16489654939949,23.520344992528,0,0,54.7161207993658,129.323420465989,50.2999759279414,77.7566746755428,48.4196838558809,124.826283777108,0,0,0,0,0,0,0,0,573.701330930779,266.288106271867,991.552864767079,976.489529130902
"240",2009,2892,19.9166666666667,3571.47827587873,2812.76595711895,925.097786476028,1768.02516069268,327.595790244805,439.57668919055,188.61223859837,420.350374684362,0,0,0,0,0,0,0,0,0,0,1.56005586775636,3.0482692094303,0.639619812822056,0.860114066261085,0.376571945164622,0.839760242003081,0,0,0,0,0,0,0,0,5461.59851361838,4036.71821198752,1133.60223701919,2287.04045624943,634.813760791854,930.066600596098,649.178054643801,1622.00847610382,209.843348913686,155.097169100247,43.6978702817286,88.1728533151874,24.4625959954586,35.8407361042224,25.0466707156131,62.5828223047304,20555.36319785,15040.4032850354,4485.30179955496,8818.16895822464,2640.8916141685,3764.57608515398,2208.19154341344,5404.90961629279,789.766646818691,577.876462815293,174.623904727248,344.20483338686,103.682824575206,148.072251056745,86.9371774426385,213.098933474125,0,0,9.02798849214198,18.2208650515721,5.58167541466037,8.00317454136437,4.96748019099338,12.2111126476189,0,0,0,0,0,0,0,0,255.751915047984,199.62969625127,222.798583861104,462.924194899995,232.626290803972,350.321893507047,76.9304976698059,197.334421766703,9.82639433617984,7.6700922941733,8.55587161867846,17.77189659625,8.91727853507909,13.4267470974844,2.95165700968682,7.57072501876616,284.209186820955,220.372271379582,439.784534100213,952.382965221293,497.751803085829,754.305293105113,241.722189704647,618.908925068644,10.9197668044446,8.46705525561866,16.8865685747602,36.557228893777,19.0793324551678,28.9075607897054,9.26784474087304,23.7259268031893,0,0,54.6939339786326,129.276048566688,49.9591697606699,76.8835603205247,49.320374919249,126.9318312386,0,0,0,0,0,0,0,0,576.879610617124,267.62973533939,998.223734490603,982.594033631966
"241",2010,2892,20,3553.99381912873,2798.04253101828,920.707810011126,1760.06541076799,323.926478873747,431.829096640521,190.32806365881,424.441794627505,0,0,0,0,0,0,0,0,0,0,1.55312636971495,3.03506686256564,0.632482858551751,0.844932095893467,0.380057816383498,0.848023922860107,0,0,0,0,0,0,0,0,5466.55869184206,4036.48340401549,1134.37414750669,2289.16035447758,631.303853436307,917.588905015138,661.916227355758,1653.07156613291,210.033926893205,155.088147402464,43.7277812054261,88.2548782321326,24.327395374891,35.3600033160091,25.5384743793999,63.7821692876577,20537.9803916838,15012.0188798227,4479.45877504247,8808.70300896059,2621.49510052887,3707.96815010625,2250.99587769163,5510.32218434473,789.098819167982,576.785886706612,174.397589811569,343.836852784651,102.917368715349,145.837825881491,88.6223140725363,217.25200390677,0,0,9.02306180786978,18.2133169115518,5.54279771404727,7.8856817839728,5.06516182985749,12.451123404368,0,0,0,0,0,0,0,0,256.198438213694,199.725935551036,223.080502305317,463.529696609654,231.434975686794,345.617345509129,78.5574116588449,201.795361044839,9.84355051440126,7.67378996007487,8.56676268941057,17.7952982775198,8.87174843135789,13.2466676578966,3.0141218401987,7.74196661197474,284.258029741844,220.174234767811,439.950305700673,952.754455252336,494.258163195605,742.637697132141,245.337287141509,628.289141668076,10.9216435055824,8.45944636905253,16.8931133483661,36.5719417797753,18.9458057952579,28.461082549645,9.40671497479228,24.0862556226267,0,0,54.6769243280241,129.233281266756,49.5371004831324,75.6117865165879,50.3187193063331,129.452503786667,0,0,0,0,0,0,0,0,579.941270636867,268.929039818959,1004.6243752396,988.471376242393
"242",2010,2892,20.0833333333333,3536.31893940859,2783.11361749699,916.215966421485,1751.97407848879,320.081981566178,423.281944665746,192.248504292056,429.355173944334,0,0,0,0,0,0,0,0,0,0,1.54619376953485,3.02186283098287,0.625009311585301,0.82817791973877,0.383949623805518,0.857917231263975,0,0,0,0,0,0,0,0,5471.58210343911,4036.31095698833,1135.05765564778,2291.16619778726,627.36624524432,903.158121904434,675.238988960234,1686.40612468952,210.226934400048,155.081521711909,43.7542883695393,88.3325020977039,24.1757081801457,34.8039992410254,26.0528073044634,65.0690466921448,20520.9316124836,14983.9317233536,4473.21534537632,8798.7085532189,2600.33267424782,3643.57197411699,2295.93148862481,5623.87533273797,788.443824614214,575.706731402806,174.155955779072,343.448594113674,102.082634616914,143.297199253373,90.3911612874598,221.725261870989,0,0,9.01789982591221,18.2052661981056,5.50015318556321,7.7515008508887,5.16745061124844,12.7087577541181,0,0,0,0,0,0,0,0,256.670217053564,199.825954518242,223.355831421176,464.111230954296,230.092299299786,340.152743586882,80.3214642853793,206.776968982576,9.86167705489461,7.67763284688372,8.5773987029769,17.8177754230506,8.82041222454363,13.0374482648923,3.08184410422122,7.93316434640023,284.312571645913,219.97761803408,440.102190998229,953.073107328629,490.41409438351,729.348070963232,249.339942373967,639.280975367703,10.9237391690797,8.45189203654333,16.8991203729462,36.5846156832652,18.7988342875002,27.9524117740384,9.56044270811169,24.5083525632516,0,0,54.6614498868735,129.19084432648,49.082208800793,74.1822790977303,51.3597724566046,132.143787518505,0,0,0,0,0,0,0,0,582.950365281505,270.208465252909,1010.88177924728,994.204758979972
"243",2010,2892,20.1666666666667,3518.82595868928,2768.36796891324,911.773604158313,1743.94983069947,316.341114907767,415.102240184409,194.058232430389,433.902553383839,0,0,0,0,0,0,0,0,0,0,1.53919113576885,3.00860076040435,0.617738926217677,0.812132518007635,0.387628876804903,0.867107883703205,0,0,0,0,0,0,0,0,5476.40858212075,4035.99479251172,1135.72979896239,2293.12038669066,623.524556481618,889.227391427776,688.511287874802,1719.42972810867,210.412375429354,155.069374167117,43.7803447296825,88.4081164058531,24.0277145473004,34.2672611579427,26.5651989568549,66.343943908832,20503.883863745,14955.9471899435,4467.01874197755,8788.70112083312,2579.66130587456,3581.4319873013,2340.43044268014,5735.32821466832,787.788869030728,574.631519068466,173.916064308345,343.059741976979,101.267230493562,140.845443670765,92.1428969368667,226.115899350008,0,0,9.01210326156909,18.1963649690962,5.4584971695452,7.62197800371404,5.26890274975695,12.9622064125667,0,0,0,0,0,0,0,0,257.114024389256,199.912075689671,223.601397908106,464.650229257601,228.751396470383,334.837264325799,81.9898254133035,211.352831052313,9.87872888514844,7.68094175817653,8.58689001550268,17.8386156882065,8.76914035689562,12.8339357820484,3.14589807012291,8.10881097606208,284.364801524358,219.775823151683,440.229174524682,953.338223138315,486.648808770454,716.46014049327,253.241013212258,649.800156877862,10.925745999333,8.44413875134672,16.9041668891461,36.5952241574025,18.6548705033048,27.4591062763478,9.71027811563183,24.9123394311772,0,0,54.6445293016185,129.145716838317,48.6371736395444,72.8001290779755,52.3948141597316,134.796277753454,0,0,0,0,0,0,0,0,585.964829786595,271.488486310393,1017.11703015615,999.88717046994
"244",2010,2892,20.25,3501.52924961114,2753.81589178028,907.384314412843,1736.00056084684,312.701669400674,407.273701566596,195.761970567372,438.103692626216,0,0,0,0,0,0,0,0,0,0,1.53214425948073,2.99530978706257,0.610663637509967,0.796762993689624,0.391102065429457,0.875626715566561,0,0,0,0,0,0,0,0,5480.9811676022,4035.49347914525,1136.36880822357,2294.97988317915,619.761223118115,875.755730882539,701.716549782539,1752.09713860497,210.588061475889,155.050112905892,43.8051148022759,88.4800687246634,23.8827394400804,33.7482124853581,27.0750121185196,67.6051225053817,20486.880165727,14928.0957347999,4460.87842453564,8778.7010366172,2559.47432764427,3521.47404387953,2384.50870722424,5844.77193350833,787.135605324439,573.561419841265,173.678285940254,342.671091562019,100.470894838833,138.479646342065,93.878145801776,230.427492085269,0,0,9.00578816835646,18.1867343125276,5.41779972136257,7.4969460708281,5.36953175103651,13.2116008031012,0,0,0,0,0,0,0,0,257.531630658666,199.984943961493,223.821548719121,465.151366905308,227.417188810516,329.672406794881,83.5773946712788,215.586563673983,9.89477402819763,7.68374147189563,8.59540362091385,17.8579987039111,8.71812164472698,12.6361882146718,3.20685495746191,8.27134494037901,284.417508291334,219.571903123276,440.33629487096,953.563594104972,482.964626253317,703.971701725953,257.038253612072,659.840433854305,10.9277711508754,8.43630381470756,16.9084463960567,36.604296679453,18.5140037821926,26.9810831004584,9.85613473121292,25.2979752715774,0,0,54.6262410035393,129.098147858623,48.2018861654848,71.4639472054272,53.4240535320952,137.411479928575,0,0,0,0,0,0,0,0,588.984346853022,272.769016212108,1023.32995876577,1005.51990929917
"245",2010,2892,20.3333333333333,3484.439993148,2739.46517780988,903.05086540079,1728.13256601738,309.161268780793,399.780511304264,197.364187615599,441.977222359438,0,0,0,0,0,0,0,0,0,0,1.52507550784025,2.98201621111781,0.603776381988067,0.782038314122839,0.394375808460628,0.883504140198713,0,0,0,0,0,0,0,0,5485.25882678718,4034.77762386608,1136.95900884446,2296.71404443513,616.063705344261,862.711148826259,714.840421551031,1784.36895954096,210.752415982477,155.022608601293,43.827996998557,88.5471823908614,23.7403007376827,33.2456219820755,27.5816947629215,68.8510679701378,20469.9520072694,14900.3992877974,4454.80099336823,8768.72297920311,2539.76353841566,3463.62407927357,2428.18057868919,5952.29077808259,786.485243348384,572.49727630189,173.442880302794,342.283218701625,99.6933063167823,136.196897828595,95.5974677030007,234.663350388761,0,0,8.99904812979776,18.1764701177726,5.37803134249627,7.37624089023004,5.46934843834884,13.4570594945699,0,0,0,0,0,0,0,0,257.924456790579,200.045013625455,224.019356562195,465.61749130441,226.092911073968,324.657336110475,85.096443660066,219.530985596646,9.90986707838003,7.68604944265652,8.60305756093603,17.8760338635355,8.66748015114361,12.4441739128603,3.26518520101584,8.42279069348296,284.472559210478,219.368065487805,440.427460398267,953.759702305375,479.362690047229,691.878077751176,260.731205975625,669.403785836917,10.9298863669691,8.42847204380222,16.9121090109409,36.6122357292631,18.3762783596027,26.5181644716175,9.99799469050545,25.6653348054851,0,0,54.6066547485053,129.048342447322,47.7762136698218,70.1723455869007,54.4476811634327,139.990818439944,0,0,0,0,0,0,0,0,592.008617585348,274.049971596803,1029.52050054384,1011.1042930912
"246",2010,2892,20.4166666666667,3467.56679046774,2725.32159062242,898.775360820987,1720.35084817511,305.71742786597,392.607374517427,198.869123052112,445.540721902837,0,0,0,0,0,0,0,0,0,0,1.51800417136037,2.96874357271107,0.597070875424571,0.767929108461359,0.397456786243099,0.890769974496009,0,0,0,0,0,0,0,0,5489.21312903821,4033.82733310584,1137.48950543811,2298.30192480045,612.423285794007,850.06848342467,727.870551794534,1816.2113377754,210.90434659856,154.986096910609,43.8485731572993,88.6086529905758,23.6000631142391,32.758520779179,28.08477165239,70.0804783610527,20453.1217554338,14872.8730580488,4448.79081367348,8758.77721584882,2520.51964235833,3407.80877667947,2471.45888832011,6057.96282089002,785.838642483637,571.439672808558,173.210020277685,341.89652775279,98.9341008350743,133.99431802133,97.3013655021456,238.82654239192,0,0,8.99195850205685,18.1656484285708,5.33916346583162,7.25970263980483,5.56836149984607,13.6986899962507,0,0,0,0,0,0,0,0,258.293653941393,200.092601675836,224.19696408104,466.050193147284,224.780602767186,319.789663711148,86.5570317501005,223.22976978795,9.92405226494885,7.6878778498865,8.60993414533451,17.8927822676179,8.61729406263722,12.2578015437002,3.32127439685331,8.56482203793445,284.531103131621,219.165846819014,440.505629887031,953.934289415227,475.843182179459,680.172638494042,264.320809259394,678.49858317363,10.9321357882812,8.42070247625063,16.9152683993678,36.6193386124441,18.2417016121796,26.0700976876957,10.1358936981744,26.0147378307976,0,0,54.5858333479196,128.996470074857,47.3600052582852,68.9239465694105,55.4658714746737,142.53564287284,0,0,0,0,0,0,0,0,595.037358243963,275.331271590896,1035.68866384153,1016.64163516449
"247",2010,2892,20.5,3450.91622447595,2711.38931196467,894.559385247762,1712.65939104773,302.367603293363,385.739559868924,200.28081134478,448.810802492488,0,0,0,0,0,0,0,0,0,0,1.51094682646514,2.95551278211676,0.590541413877586,0.754407478511814,0.400351679447321,0.897453290629502,0,0,0,0,0,0,0,0,5492.82519642266,4032.62988816977,1137.95297862658,2299.72980840683,608.833995924927,837.807498015163,740.796352893096,1847.59556006969,211.043128003778,154.940089161248,43.8665623820398,88.6639536854105,23.4617968337938,32.2861292789127,28.5838352229161,71.292248886162,20436.4048676574,14845.5271865513,4442.85058520209,8748.87072901683,2501.73263774304,3353.9561184237,2514.35521175306,6161.86055698206,785.196396633456,570.388998994355,172.979814057866,341.511295286991,98.1928866801124,131.869077631552,98.9902932499439,242.919918873516,0,0,8.9845803489479,18.1543303170659,5.30116881853009,7.14717685029591,5.66657801000457,13.9365905481596,0,0,0,0,0,0,0,0,258.64017572899,200.127935202767,224.355888027107,466.450303186615,223.481536175703,315.066116872667,87.9674053605997,226.719037506056,9.93736622741346,7.68923541875156,8.61609163578611,17.9082758080871,8.56761212383404,12.0769458087662,3.37543861517213,8.69882324288318,284.593757178483,218.966274012875,440.572989296727,954.092904316486,472.405526226402,668.847272873142,267.809039241401,687.137890247517,10.934543125719,8.41303456703724,16.9180085571495,36.6258184676095,18.1102518181411,25.6365731950292,10.2699072289859,26.3466841571926,0,0,54.5638342421903,128.942672412356,46.9530970118438,67.7173902515101,56.4787851129155,145.047234698267,0,0,0,0,0,0,0,0,598.070297309276,276.612837019467,1041.8345024382,1022.13322533313
"248",2010,2892,20.5833333333333,3434.49327318686,2697.67127011569,890.404111108685,1705.06136407692,299.109229456103,379.162920240317,201.603100994321,451.803177017896,0,0,0,0,0,0,0,0,0,0,1.50391766510412,2.94234230226343,0.584182735397185,0.741446864992043,0.403067123093811,0.903582313740656,0,0,0,0,0,0,0,0,5496.08347356349,4031.17804662795,1138.3448076527,2300.98941111513,605.291852774502,825.911541159583,753.6088035206,1878.49766291573,211.168316222065,154.884307087471,43.8817873755655,88.7127662135874,23.3253484524904,31.8278057109466,29.0785380209944,72.4854569896403,20419.8115091297,14818.3679527191,4436.98175520857,8739.0080319624,2483.39208955295,3301.99574211416,2556.8800373364,6264.05144586084,784.55889636525,569.345496124139,172.752321140723,341.127701728666,97.4692551369238,129.818412088716,100.664662724362,246.946134298422,0,0,8.97696337083268,18.1425653703265,5.2640215479654,7.03851483402706,5.76400384731157,14.1708516591309,0,0,0,0,0,0,0,0,258.964829682046,200.151184093657,224.497221740839,466.818210275735,222.196487410765,310.482944744198,89.3343189529035,230.028648567979,9.94983999230408,7.69012867659765,8.62157202458934,17.9225293884435,8.51846404518384,11.9014630428485,3.42793671116713,8.82593851602834,284.660743278238,218.769983765767,440.631101222696,954.239349192365,469.048564096947,657.892786471811,271.198627215944,695.338145392503,10.9371169061119,8.40549277905388,16.9203895455406,36.6318213817662,17.9818849294682,25.2172398233233,10.4001397373378,26.6618029850959,0,0,54.5407106079343,128.8870691115,46.5553158322131,66.5513398195043,57.4865707648348,147.526812550224,0,0,0,0,0,0,0,0,601.107173451017,277.894589932962,1047.95809912663,1027.58032010495
"249",2010,2892,20.6666666666667,3418.30158814547,2684.16936103182,886.310370686736,1697.55925991883,295.939741222565,372.863896538881,202.839668442562,454.532715985796,0,0,0,0,0,0,0,0,0,0,1.49692877822252,2.92924835756476,0.577989935104708,0.729021960310259,0.405609675459227,0.909184363295748,0,0,0,0,0,0,0,0,5498.98224490317,4029.46891391383,1138.66249078698,2302.07669455346,601.794373463811,814.366704186191,766.300293861199,1908.89807470865,211.279691652562,154.818639475402,43.8941521979414,88.7549353729462,23.190622177355,31.3830137778565,29.5685867756598,73.6593486676599,20403.3476275739,14791.3985746216,4431.18478903498,8729.19170188662,2465.48729900522,3251.85912881917,2599.042892669,6364.59834841072,783.926370205255,568.309287840994,172.527562811837,340.74585204701,96.7627871011015,127.839628901343,102.324848339897,250.907663763853,0,0,8.96914790261991,18.1303939301024,5.22769717182701,6.93357366834387,5.86064400327485,14.4015573446271,0,0,0,0,0,0,0,0,259.268310012065,200.162480723858,224.621749983344,467.154027729402,220.925876629115,306.036110189376,90.6632763671189,233.18318047408,9.96150023232559,7.69056270949761,8.62640544715524,17.9355473183344,8.46986588743828,11.7311985858905,3.47897958119295,8.94710954718705,284.731978670491,218.577303424959,440.681023220211,954.376018958906,465.770699636447,647.299214001382,274.492856591206,703.118212864425,10.9398539497091,8.39808968950471,16.9224520325046,36.6374394154889,17.8565400773069,24.8117167651031,10.5267168551198,26.9608165513874,0,0,54.5165120526015,128.829761729885,46.1664820674674,65.4244848997672,58.489366416606,149.975536141795,0,0,0,0,0,0,0,0,604.147734293686,279.176453399229,1054.05955825846,1032.98414020997
"250",2010,2892,20.75,3402.34378323331,2670.88467749116,882.278730841666,1690.15503726654,292.856596973131,366.829520145307,203.994033201173,457.013507270707,0,0,0,0,0,0,0,0,0,0,1.48999042785522,2.91624511999614,0.571958374299456,0.717108611022967,0.407985786667191,0.914285795171445,0,0,0,0,0,0,0,0,5501.52008211375,4027.50276460326,1138.90504074877,2302.99062879199,598.340073444836,803.160961222936,778.864451123763,1938.78120650381,211.377199416623,154.743096874684,43.9036190665445,88.7904215344223,23.0575606031527,30.9512896331815,30.0537357135032,74.8133228076183,20387.0160806537,14764.6200463508,4425.45945403112,8719.42293987256,2448.00748089408,3203.47979735552,2640.85248162761,6463.55999212194,783.298927955134,567.280412339214,172.305533145003,340.365797486024,96.0730599925351,125.930115247933,103.97119246829,254.806821058242,0,0,8.96116699157223,18.1178494801963,5.19217259771606,6.8322163243073,5.95650288334695,14.6287863062854,0,0,0,0,0,0,0,0,259.551232298151,200.161940987576,224.730078642567,467.457787930214,219.669937467316,301.721536106615,91.9587697989467,236.202897595514,9.97237059900177,7.69054197029207,8.63061516523458,17.9473307918632,8.42182656690326,11.5659962451151,3.52873932832114,9.0631126702067,284.807170837088,218.388335190204,440.723420245591,954.504231513484,462.570021946556,637.056085016922,277.695369951974,710.498469200076,10.9427430175335,8.39082922506618,16.9242216084373,36.6427232760413,17.7341442986065,24.4196037604519,10.6497779913582,27.2445050953798,0,0,54.4912853663748,128.770837818821,45.7864121448711,64.3355447484936,59.4873008270132,152.394510831985,0,0,0,0,0,0,0,0,607.191735081639,280.458351257445,1060.13899560707,1038.34586545855
"251",2010,2892,20.8333333333333,3386.62163352404,2657.81766686212,878.309544411679,1682.85021930872,289.857293062887,361.047404758649,205.069569234094,459.258905937034,0,0,0,0,0,0,0,0,0,0,1.48311128812436,2.903344913475,0.566083625578285,0.705683750947842,0.410201777639593,0.918911974355196,0,0,0,0,0,0,0,0,5503.69879832064,4025.28224917835,1139.07258234239,2303.73237121567,594.928148745451,792.283630592175,791.295999902182,1968.13508139347,211.460909177428,154.657781121079,43.9101929131299,88.819269122054,22.9261325086914,30.5322211898534,30.533781208943,75.9469170017069,20370.8173944606,14738.0317000788,4419.80500687227,8709.70193898252,2430.94187240347,3156.79338894234,2682.31678985261,6560.99135692671,782.676589834155,566.258843959465,172.086206263819,339.987549859258,95.3996520053878,124.087341302865,105.60400952904,258.645773623412,0,0,8.95304784268163,18.1049601868659,5.15742602318381,6.73431149018923,6.05158453212095,14.852612901989,0,0,0,0,0,0,0,0,259.814155448069,200.149676461358,224.822704740675,467.7295336858,218.42879737431,297.535205708714,93.2244647737242,239.104509391703,9.98247256645438,7.69007074593038,8.63422025739596,17.957881400376,8.37435093964512,11.4057021483048,3.577356356947,9.17458793677433,284.88588088889,218.20301393117,440.758655680444,954.624484632728,459.444408943741,627.152641641686,280.810026704213,717.500135722589,10.9457672468012,8.38370888332521,16.9257122804157,36.6476921773915,17.6146165084293,24.0404894489369,10.7694708721222,27.5136812632914,0,0,54.4650749926785,128.710373747679,45.4149204036277,63.2832701833988,60.4804945631341,154.78479111105,0,0,0,0,0,0,0,0,610.238937884204,281.740208052248,1066.19653438168,1043.66663468839
"252",2010,2892,20.9166666666667,3371.13622097128,2644.96824666583,874.402987839751,1675.64596598196,286.939373247952,355.505732386026,206.069514127359,461.281577854292,0,0,0,0,0,0,0,0,0,0,1.47629865917656,2.89055841723733,0.560361437943699,0.694725349861968,0.41226382567362,0.923087266703511,0,0,0,0,0,0,0,0,5505.52270036356,4022.81182755839,1139.16606917892,2304.30469056349,591.558263894423,781.725018206738,803.590644528319,1996.9509928831,211.530986410645,154.562863571818,43.9139105094169,88.8415844990725,22.796324708513,30.1254344135357,31.0085572767921,77.0597944668023,20354.7503052201,14711.6316063727,4414.22032444738,8700.02814039656,2414.27980298637,3111.73769161757,2723.44317036266,6656.94400798144,782.059307292357,565.24450856952,171.869541419153,339.61109150446,94.7421448436483,122.308861216017,107.22358930625,262.426555452598,0,0,8.94481288633336,18.0917499542082,5.12343678887516,6.63973326562903,6.1458928052534,15.0731079497369,0,0,0,0,0,0,0,0,260.057596328869,200.125801559353,224.900054289598,467.969355460087,217.202512660648,293.47319177963,94.4633489182033,241.901786036649,9.99182599353501,7.68915343238707,8.63723707454301,17.9672025660631,8.32744114693461,11.2501658690485,3.62494507898589,9.28206272317228,284.967568311672,218.021149240919,440.786866396423,954.736662080115,456.391613728954,617.578017137748,283.840794423403,724.144773036727,10.9489058701303,8.37672134854116,16.9269293541659,36.652341751987,17.4978708146447,23.6739582233999,10.8859473733179,27.7691707245537,0,0,54.4379233404001,128.648436774676,45.0518204377058,62.2664447421231,61.4690607882983,157.147383479173,0,0,0,0,0,0,0,0,613.289111102393,283.021949061669,1072.23230422959,1048.94754800661
"253",2011,2892,21,3354.78983758687,2631.22539411818,868.030481927029,1660.57115846574,286.459499828809,354.527494491455,206.716808578271,466.152697313513,0,0,0,0,0,0,0,0,0,0,1.46634731902821,2.86538068184855,0.559406888117845,0.692701224221812,0.413131218539371,0.931230072083918,0,0,0,0,0,0,0,0,5507.59997722833,4020.53104107656,1136.19101919406,2294.27325277026,593.135141996381,781.082696117911,813.587595147409,2025.85676540693,211.610798709707,154.475232107822,43.7994060490528,88.455136504209,22.8571466857364,30.1007925257187,31.3948337790112,78.1763372101832,20340.1363666204,14686.102732483,4397.00274098486,8650.85202755701,2418.05350598131,3106.53014793039,2755.14732924967,6752.25656045829,781.497856179563,564.263646875936,171.201056913633,337.693813781045,94.8866844788086,122.096863977558,108.470363389867,266.171885451637,0,0,8.91708429950916,17.99988142034,5.13275565027635,6.63007776721614,6.21919230708688,15.2901172568155,0,0,0,0,0,0,0,0,260.443503731998,200.165265994556,224.513521126773,466.209745262484,217.936509385842,293.272856955202,94.5860462440783,243.31535273833,10.006653209805,7.69066971754409,8.62243627117791,17.8997523561988,8.35568415428647,11.2426584560189,3.62977396784829,9.33661485931386,285.096151575767,217.875731845626,439.845667074197,950.706039386625,457.228847200595,615.9618780248,284.163043882284,727.204787515524,10.9538463048371,8.3711341771914,16.8909148779564,36.4979378017735,17.5302590675943,23.6124865070464,10.8986422931492,27.8874845785092,0,0,54.2936594928249,128.029816182695,45.07181353248,62.0507676566702,62.2197903862926,159.300822967073,0,0,0,0,0,0,0,0,616.168377053815,284.219508013537,1077.91385790951,1053.85491013292
"254",2011,2892,21.0833333333333,3338.36976914286,2617.37207878123,860.900061596201,1642.97884581195,286.806049901166,355.077110467295,207.221495130517,471.966637879001,0,0,0,0,0,0,0,0,0,0,1.4551116990668,2.83561217800799,0.560099810642016,0.693721878096162,0.413620721784929,0.940945014344735,0,0,0,0,0,0,0,0,5509.42754823978,4018.06683295133,1132.04472664957,2280.24120550873,596.438078371771,783.884604171764,822.493949527753,2054.40464712793,211.681016910563,154.380553290965,43.6397647834193,87.9144538203011,22.9844857790648,30.2088796087123,31.7391093828736,79.2791920060397,20326.2778937586,14661.1149850343,4375.7263324733,8587.66265365164,2429.14769202806,3115.4503024166,2783.37685237991,6847.4414947355,780.965430560555,563.303576154834,170.374781638446,335.229581481496,95.3187052031768,122.440541213432,109.579704631314,269.90865048172,0,0,8.88120315638642,17.8780630874887,5.15762404534324,6.65054484299832,6.28470525121041,15.5063420700929,0,0,0,0,0,0,0,0,260.858028617879,200.216431578116,223.918160985604,463.663385969929,219.361245449975,294.457055698538,94.4681056984981,244.512888396499,10.0225799545469,7.69263557957015,8.59961317571291,17.8020900941446,8.41040585849127,11.2882191538524,3.62538491700652,9.38291607433572,285.261813849185,217.755382252671,438.555233689524,945.167055337772,459.548377063818,617.31217318661,283.502180541513,729.014676152043,10.9602113727216,8.36651015096277,16.841484518073,36.2856146472556,17.6194710639354,23.6647150280623,10.8736667794287,27.9579604460153,0,0,54.1051494597116,127.204489342898,45.2327924642363,62.1251755514667,62.883577945928,161.385273514532,0,0,0,0,0,0,0,0,618.98623546992,285.385518475112,1083.48331182582,1058.62977595181
"255",2011,2892,21.1666666666667,3322.29388146368,2603.83086226641,853.982796597279,1625.93163067714,287.066438142311,355.467828818332,207.695396419972,477.566978337163,0,0,0,0,0,0,0,0,0,0,1.44385345253388,2.80611113779629,0.56064996122466,0.694477611169362,0.414139827900932,0.950568854341428,0,0,0,0,0,0,0,0,5510.82264895202,4015.28870115189,1127.88771863298,2266.22498955758,599.60234262029,786.445073361841,831.129378287522,2082.3895058573,211.734618910929,154.273813024527,43.4796948922082,87.3743591252486,23.1064801679822,30.307657298094,32.0729526987881,80.3603756301862,20312.6464231193,14636.3883773875,4354.85456970734,8525.54673203111,2439.87029803183,3123.7086857929,2811.60667502802,6942.32589659734,780.441726171141,562.353538866367,169.564047793499,332.806814071434,95.7363521270116,122.758583659189,110.689160858826,273.634006078192,0,0,8.84464473845246,17.7562885451663,5.18169772330492,6.66955673378662,6.35012709259118,15.7220764544788,0,0,0,0,0,0,0,0,261.239137419595,200.250375822833,223.286565305414,461.081139395505,220.730663795059,295.579499165844,94.5191564255206,245.983296477788,10.0372227996783,7.69393977023518,8.57539630539537,17.7030447289869,8.46300222657033,11.3314041362044,3.62746918333921,9.43966075678728,285.444024345188,217.644858433252,437.272632510822,939.676840949039,461.883920894079,618.680448847249,282.891145231323,730.889799840707,10.9672122484298,8.36226364672268,16.7923504333288,36.0751510740232,17.7092898089328,23.7176185368638,10.8505987503646,28.0309278817657,0,0,53.916327840344,126.383258515054,45.3912048472982,62.1936935990096,63.5495933263788,163.47366237988,0,0,0,0,0,0,0,0,621.808393200549,286.551776619838,1089.07111973563,1063.40347446121
"256",2011,2892,21.25,3306.54844705776,2590.58958172723,847.270247908662,1609.4088662054,287.245020342167,355.708937883205,208.138855994781,482.958120653387,0,0,0,0,0,0,0,0,0,0,1.4326335083934,2.77697882775856,0.5610579918137,0.69497347910778,0.414674637750314,0.960055853048958,0,0,0,0,0,0,0,0,5511.84323724742,4012.24118109484,1123.73614347567,2252.26086091103,602.645410961024,788.79249315713,839.518022648987,2109.85446207749,211.773831545332,154.156722430435,43.3198183228719,86.8362476702323,23.2238015972423,30.3982175528413,32.3972895809035,81.4215405242323,20299.2009830005,14611.8916026933,4334.37171451993,8464.46811313538,2450.22692432439,3131.32087017118,2839.82189102093,7036.88090280511,779.92516882363,561.412332150859,168.768252432675,330.424122485871,96.1398358119036,123.051585957317,111.798153464726,277.346827235853,0,0,8.80763393481289,17.6348479768761,5.20497256545451,6.68713261166948,6.4153924470121,15.9371441447822,0,0,0,0,0,0,0,0,261.588375647803,200.267525560952,222.625130368702,458.470821144395,222.046280285307,296.637060389974,94.7068821835147,247.673417668696,10.0506411261659,7.69459868911699,8.55003132008952,17.6029164313313,8.51353111151238,11.3720931181053,3.63478794380273,9.50481220757766,285.636918983335,217.540518625344,435.988915501092,934.219704055441,464.222141373368,620.050927845513,282.348886824166,732.86000668955,10.9746236247178,8.35825474214675,16.7431690240935,35.8659448706014,17.7992037448341,23.7705919813894,10.8301638924833,28.107528741517,0,0,53.7270578240243,125.565908983349,45.5469402475809,62.2562458501943,64.2176990097132,165.565605786305,0,0,0,0,0,0,0,0,624.634497293857,287.718183315105,1094.67608407015,1068.17528419305
"257",2011,2892,21.3333333333333,3291.12190191072,2577.63781651126,840.754741836162,1593.39153118648,287.346094411678,355.809437452578,208.552328105584,488.14462942164,0,0,0,0,0,0,0,0,0,0,1.42150036616721,2.7482941831598,0.56132616190221,0.695216833176087,0.415213685613508,0.969369165444349,0,0,0,0,0,0,0,0,5512.53462883479,4008.95929987926,1119.60119696847,2238.37464118977,605.580446391056,790.949103483105,847.682125819679,2136.83835729296,211.800395915771,154.030627305849,43.1605667518119,86.3011139370279,23.3369562367519,30.481416205563,32.7129733206758,82.4641754573895,20285.9097381237,14587.6001390692,4314.26435952824,8404.39560697118,2460.22425000685,3138.30369897693,2868.00956334561,7131.08170203348,779.414535365241,560.479013837935,167.986882744888,328.080309687713,96.5294091071737,123.320192814135,112.906180118536,281.046146320391,0,0,8.77035659332173,17.5139809740191,5.22745292748399,6.70330137949966,6.48044934087041,16.1514021744132,0,0,0,0,0,0,0,0,261.907338753144,200.268419027922,221.939541126885,455.839810220811,223.310257283223,297.628629274198,95.0046813750601,249.539246473005,10.0628962337535,7.69463301608253,8.52373658682924,17.5019886567578,8.56207530547073,11.4102434018696,3.64632145935777,9.57668447066275,285.835811976113,217.439511622241,434.697826649832,928.784633583137,466.551981768267,621.410098777468,281.888866130468,734.94662252415,10.9822654662218,8.35437388931064,16.693700073147,35.6575735365247,17.8887887319672,23.8231171360029,10.8128775662935,28.1885785198173,0,0,53.5372577078319,124.752317571674,45.6999042893812,62.3127811016109,64.887767272222,167.660743779144,0,0,0,0,0,0,0,0,627.464211818866,288.884642274543,1100.29708987831,1072.9445001139
"258",2011,2892,21.4166666666667,3276.00438857951,2564.96652619909,834.429236478498,1577.86196156861,287.373875046579,355.778017776903,208.936353345103,493.131187939379,0,0,0,0,0,0,0,0,0,0,1.41049227010099,2.7201177587595,0.561457960932762,0.695216728901087,0.415747580799507,0.978479477537247,0,0,0,0,0,0,0,0,5512.93218132144,4005.4705925883,1115.49033623478,2224.58422089851,608.4172319316,792.932256573219,855.642126240954,2163.37615887037,211.815670518061,153.896585592697,43.002228177858,85.7696477121733,23.4463204842738,30.5579213736119,33.0207881908731,83.4896210004216,20272.748048067,14563.4948116733,4294.52090333476,8345.30188853102,2469.86972588864,3144.67486905872,2896.15847851102,7224.90699596637,778.908879080255,559.55284719911,167.219495734323,325.77432822842,96.9053552232842,123.565082751123,114.01280520601,284.731132046954,0,0,8.7329653829828,17.3938836429189,5.24914917527251,6.71809857768109,6.5452571319908,16.3647356513551,0,0,0,0,0,0,0,0,262.197627458365,200.253665971812,221.234771412696,453.194871150568,224.525091499513,298.554488243412,95.390737861488,251.544485636751,10.0740496247503,7.6940661786279,8.49670318323989,17.4005213050975,8.60873053236202,11.4458658735168,3.66123345473108,9.65388694773978,286.036983055033,217.33962448857,433.395259126939,923.364355003087,468.864381036515,622.746529966936,281.520102633901,737.164021778986,10.9899948343483,8.35053606369597,16.6437859032649,35.4497580290629,17.9776971504969,23.8747555127065,10.7990849315503,28.274626528271,0,0,53.3468898373637,123.942433297794,45.8500169347887,62.3632698728635,65.5596786153181,169.758736581631,0,0,0,0,0,0,0,0,630.297218131078,290.051060554085,1105.93310619749,1077.71044536
"259",2011,2892,21.5,3261.18735859549,2552.56773567658,828.287204954516,1562.80361581645,287.332472916366,355.623044656075,209.291537002169,497.922557882346,0,0,0,0,0,0,0,0,0,0,1.39963917883021,2.6924953046697,0.561457773753131,0.694983405261583,0.416268673156282,0.987363742944416,0,0,0,0,0,0,0,0,5513.06364619728,4001.79686659703,1111.40832438114,2210.90171246487,611.162997034617,794.755540105106,863.41676148142,2189.49935961225,211.820721608826,153.755435165202,42.8449870243969,85.2423167267929,23.5521726722213,30.6282565530562,33.3214533982288,84.4990847976233,20259.6967652919,14539.5605337043,4275.13109897567,8287.16255608056,2479.17130728636,3150.45256782999,2924.25891312553,7318.33848949172,778.407464297651,558.633252574978,166.46570073467,323.505243732966,97.2679773482725,123.786953988166,115.117650752511,288.401069611297,0,0,8.69558527240665,17.274715352664,5.27007559884492,6.73156377741249,6.6097845597506,16.5770528965325,0,0,0,0,0,0,0,0,262.460811628176,200.223914118004,220.515106842428,450.542038824482,225.693364644955,299.415790831806,95.8471669036514,253.659210189339,10.0841616158531,7.69292306339831,8.46909577244858,17.2987462886873,8.65359585352818,11.479004954149,3.67883837768493,9.73527321172291,286.237486295931,217.23914709072,432.07876658726,917.954481730057,471.151991608292,624.05066339416,281.248125202167,739.521063612984,10.9976985420395,8.34667555923243,16.5933326131039,35.2423301907031,18.0656470989221,23.9251404938151,10.7889973908823,28.3660109092585,0,0,53.1559506775314,123.136260152814,45.9972108118673,62.4077015187142,66.2333203832139,171.859261333365,0,0,0,0,0,0,0,0,633.133214780086,291.217348901089,1111.58318443693,1082.47247943979
"260",2011,2892,21.5833333333333,3246.66327806322,2540.43430190882,822.322548017425,1548.20089904401,287.225880680559,355.352552096778,209.61853273061,502.523548131717,0,0,0,0,0,0,0,0,0,0,1.38896432591125,2.66546059631085,0.561330622939961,0.694527887348993,0.416770774046229,0.996004140361346,0,0,0,0,0,0,0,0,5512.9509173061,3997.95551208025,1107.3579894393,2197.33501894061,613.823042813798,796.429637084655,871.023162701872,2215.23630106208,211.816390384554,153.607844181692,42.6889532796589,84.7194268781889,23.6547170596277,30.6928336177896,33.6156266771255,85.4936539168896,20246.740971487,14515.7853717731,4256.08572790291,8229.95544849052,2488.1372584428,3155.65520662999,2952.30244203467,7411.36047918064,777.90971783958,557.719771465301,165.725146780388,321.27220842216,97.6175910417326,123.986514061466,116.220388974302,292.055344674488,0,0,8.65831812642555,17.1566045519596,5.29024896355516,6.74373878192514,6.67400810170029,16.7882814072854,0,0,0,0,0,0,0,0,262.698407382625,200.179826118365,219.784198659314,447.88659822375,226.817595821915,300.21421278607,96.3593202064406,255.858770778823,10.0932904588047,7.69122913053827,8.4410546663459,17.1968667447364,8.69676798309182,11.5097251800172,3.6985747570648,9.81989898742462,286.435001934738,217.136768693825,430.747171623555,912.55283363913,473.408920075491,625.314596929362,281.075736372905,742.022265162567,11.0052874603006,8.34274201538853,16.542295042582,35.0352065894858,18.152412462675,23.9739690019611,10.7827218869778,28.4629035801516,0,0,52.9644629995399,122.333843693486,46.1414297884575,62.4460817911818,66.9085858539162,173.962009939008,0,0,0,0,0,0,0,0,635.971917023765,292.383421905128,1117.24645259815,1087.23000101938
"261",2011,2892,21.6666666666667,3232.42544365704,2528.55976810577,816.529538389736,1534.03905063778,287.057965874309,354.974241864395,209.918032032412,506.938993967146,0,0,0,0,0,0,0,0,0,0,1.37848528974408,2.63903737206725,0.561082000109104,0.693861729942961,0.417248952722292,1.00438732197904,0,0,0,0,0,0,0,0,5512.61113066399,3993.96032535221,1103.34068217898,2183.8887855865,616.401142294471,797.962886295046,878.476936286177,2240.6124121208,211.803335238388,153.454342718621,42.5341800807562,84.2011587707818,23.7540991945266,30.7519743332913,33.9039073966762,86.4743039603596,20233.8691840993,14492.1599591222,4237.37640435719,8173.66023272808,2496.77603353599,3160.30125789695,2980.28179819702,7503.95955976682,777.41519853513,556.812043983929,164.997515025104,319.074445107034,97.9545196008979,124.164473473566,117.320736849243,295.693431961216,0,0,8.6212460707359,17.0396531500723,5.30968770179863,6.75466663657921,6.73791076178011,16.9983649308279,0,0,0,0,0,0,0,0,262.911866675839,200.122066922483,219.045130202092,445.233129589814,227.900184002504,300.951769800657,96.9152942757334,258.123009594493,10.1014919399926,7.68900992847447,8.41269837455514,17.0950587627337,8.73833906707067,11.5381041874207,3.71998635455829,9.90699210808409,286.627737179439,217.031510267363,429.40029739869,907.158968726978,475.630519786144,626.531888057753,281.003541559506,744.668629198468,11.0126927072384,8.33869781624438,16.490666467323,34.8283705393786,18.2378149654063,24.0209939811025,10.7802811881304,28.5653419381639,0,0,52.7724705960965,121.535262102374,46.282627888995,62.4784310128836,67.5853737568593,176.066687920961,0,0,0,0,0,0,0,0,638.813056103812,293.549197983308,1122.92210756849,1091.98244669077
"262",2011,2892,21.75,3218.46776705047,2516.93819301411,810.902756241469,1520.30401460935,286.832461942289,354.495481621395,210.190751793434,511.173731853094,0,0,0,0,0,0,0,0,0,0,1.3682151963191,2.61324151271934,0.5607176752558,0.692996726181736,0.417699314473815,1.01250358937933,0,0,0,0,0,0,0,0,5512.05796130824,3989.82247846122,1099.35681730653,2170.56551843287,618.900004576203,799.361925356188,885.792264536571,2265.65050937914,211.782081587128,153.295360023951,42.3806844971298,83.687610663031,23.8504237277915,30.8059350391546,34.1868403979406,87.4419105409983,20221.0724182502,14468.6768032235,4218.99534144733,8118.25791416475,2505.09613476809,3164.40906291339,3008.19071079195,7596.12427871966,776.92356117772,555.90978225563,164.282509678756,316.911228194119,98.2790885357913,124.321538197997,118.418449838638,299.314881830699,0,0,8.58443512298117,16.9239411671727,5.32841090671847,6.76439039252715,6.80148076277757,17.2072602743585,0,0,0,0,0,0,0,0,263.102563154768,200.051288000442,218.300469956075,442.585517205387,228.943316212311,301.630579518001,97.5053885107238,260.43540032697,10.1088188371192,7.68629048772933,8.38412563851447,16.9934717150758,8.77839314517636,11.56422355689,3.74270138956039,9.99591956157943,286.81431182239,216.922645859757,428.038676864127,901.773679177385,477.813178378082,627.697362777688,281.030530050268,747.45853950896,11.0198612531051,8.33451506957807,16.4384674321824,34.621852754084,18.3217160281173,24.0660170790143,10.7816361585448,28.6732631575463,0,0,52.5800323710578,120.740616166454,46.4207680819201,62.5047820401265,68.2635875339067,178.173012630864,0,0,0,0,0,0,0,0,641.656378584578,294.714599413714,1128.60940924458,1096.72929178731
"263",2011,2892,21.8333333333333,3204.78465116143,2505.56405273628,805.437050543148,1506.98236115979,286.552965381936,353.923309463204,210.437426862612,515.232583972308,0,0,0,0,0,0,0,0,0,0,1.35816351528611,2.5880824809976,0.560243579969603,0.691944733686612,0.418118839663577,1.02034630573738,0,0,0,0,0,0,0,0,5511.30237049384,3985.55107748558,1095.40616240874,2157.36619009254,621.321547391012,800.63208087989,892.981992185005,2290.37101220173,211.753050579722,153.131245967774,42.2284586339639,83.1788217399207,23.9437648777055,30.8549216312541,34.4649192914711,88.3972574958016,20208.3436485357,14445.3298880021,4200.93522687318,8063.73057215254,2513.1060366701,3167.99672873687,3036.02378899819,7687.8448981537,776.434535846684,555.012755132874,163.5798531885,314.781873421596,98.5916226137726,124.458405647453,119.513317392628,302.919311045605,0,0,8.54793783694254,16.8095302558042,5.3464378757629,6.77295256459453,6.8647105877137,17.4149350195312,0,0,0,0,0,0,0,0,263.271788921145,199.968120571035,217.55234008364,439.947021955218,229.948956154459,302.25276841992,98.1217295629529,262.782442903993,10.1153207947904,7.68309506073841,8.35541806050706,16.8922310380804,8.81700570494753,11.5881652259689,3.76641813764606,10.0861642975907,286.993685273567,216.809654154509,426.663360546065,896.398655697724,479.954144914569,628.806936914963,281.154463719537,750.388378068646,11.0267531167999,8.3301737455748,16.3857383691357,34.4157184589656,18.4040101404532,24.1088817949673,10.7867006576183,28.7865278295284,0,0,52.387218510402,119.950022912844,46.5558213615913,62.5251787382312,68.9431350294325,180.28071250862,0,0,0,0,0,0,0,0,644.501645458067,295.879552219689,1134.30767244327,1101.47004738653
"264",2011,2892,21.9166666666667,3191.3708922963,2494.43216299818,800.127507701756,1494.06122265198,286.222934669922,353.264440378741,210.658804046611,519.120345479895,0,0,0,0,0,0,0,0,0,0,1.34833672784564,2.56356452855472,0.559665713868357,0.690717537301228,0.418505244084706,1.02791138851365,0,0,0,0,0,0,0,0,5510.35319815605,3981.15360513869,1091.48805626293,2144.29070188148,623.667112035066,801.777681273187,900.057711707402,2314.79213950969,211.716581860617,152.962288047904,42.0774780243598,82.6747898705232,24.0341746837488,30.8991015763892,34.7385897109753,89.3410444003619,20195.6773829603,14422.1143586794,4183.18912837339,8010.06115695367,2520.81412943878,3171.08205131785,3063.77641908083,7779.113187435,775.947911537168,554.120776086994,162.889282571002,312.685729975219,98.8924436424961,124.575761658683,120.605158974156,306.506394739226,0,0,8.51179558655078,16.6964667765749,5.36378779811302,6.7803947706703,6.92759615059473,17.6213655587698,0,0,0,0,0,0,0,0,263.42075405916,199.873171210067,216.802482903523,437.320360351994,230.91884996062,302.820414282199,98.7579517868931,265.15314591551,10.1210443063686,7.67944695311409,8.32664265434068,16.7914412621036,8.85424389501479,11.610009269669,3.7908926792936,10.1773053945053,287.165095824903,216.692178785731,425.275759018426,891.036211822679,482.051376633248,629.85745111303,281.37219966607,753.453042257844,11.0333390323093,8.32566015208619,16.3325335469267,34.2100568046449,18.4846189825351,24.1494671491499,10.7953539062367,28.904939772959,0,0,52.194107323339,119.163610407448,46.6877659252511,62.539674622242,69.6239282602138,182.389526540137,0,0,0,0,0,0,0,0,647.348631214573,297.043986020139,1140.0162590009,1106.20425680652
"265",2012,2892,22,3178.13968894204,2483.21464964169,794.180083543964,1480.98631144548,285.793601228699,352.0979872459,210.997555188833,523.264944917371,0,0,0,0,0,0,0,0,0,0,1.33866208219942,2.53978371136323,0.558896915479672,0.688495721186686,0.419127047368551,1.0360404278478,0,0,0,0,0,0,0,0,5510.35500386355,3977.45581664021,1086.60554099241,2130.72459531764,625.837684594567,801.83940424894,907.329704834106,2339.99269162541,211.716651238786,152.820213100403,41.8894368940806,82.1519247582274,24.1178373978533,30.9015041351527,35.0198093628381,90.3148426692751,20186.5582813824,14401.2873218055,4161.86009043318,7954.7886159701,2527.78478063656,3169.82342583394,3092.57560317546,7873.9425080944,775.597573991388,553.320566777163,162.061106505405,310.528578545454,99.1644705600242,124.522681078486,121.738133614369,310.233867056969,0,0,8.47556953355004,16.5854710273801,5.3795825763021,6.77853605807567,6.99256027151654,17.8352223999797,0,0,0,0,0,0,0,0,263.671409028625,199.828020553156,216.024537796672,434.725106990816,231.886485667061,303.019410234859,99.5302942522965,267.958754508506,10.1306749023612,7.67771219138657,8.29678607650144,16.6918528572224,8.89139196396546,11.6177134221566,3.8205844911337,10.2851121483537,287.3872388964,216.614277069485,423.830053013572,885.702302672763,484.02335767117,630.07694139627,281.871502857304,757.456511019038,11.0418741709143,8.32266704167284,16.2770924293357,34.0054794324271,18.5604167636492,24.1581752018613,10.8147972899519,29.059323199478,0,0,52.0020644264855,118.389979310238,46.8087321025003,62.4723168709733,70.3258419942979,184.580171024786,0,0,0,0,0,0,0,0,650.107534867115,298.169037974511,1145.55365476076,1110.77191608817
"266",2012,2892,22.0833333333333,3165.14584660561,2472.21242061421,788.387975362557,1468.28527775475,285.311273740554,350.859195290227,211.30849543694,527.236070950706,0,0,0,0,0,0,0,0,0,0,1.32901467323594,2.51647559096448,0.558032605551588,0.686131993980349,0.419712946381998,1.04387783886926,0,0,0,0,0,0,0,0,5510.2482495107,3973.68685918089,1081.79182736949,2117.33340059828,627.937549924726,801.795358795022,914.533147832674,2365.00538084701,211.712549565831,152.675403727614,41.7040249242654,81.6357742039483,24.1987721129204,30.8998243965512,35.2983700944125,91.2813717722499,20177.5097393508,14380.5871402553,4140.81837224301,7900.32028362248,2534.41893095527,3168.06516594367,3121.28825187204,7968.30008885492,775.249946990685,552.525231471291,161.243946785479,308.402538561123,99.4234408402702,124.450178659215,122.867856087667,313.943246775686,0,0,8.43849569948607,16.4749353838252,5.39470662915992,6.77561861159445,7.05723902687757,18.0479220009088,0,0,0,0,0,0,0,0,263.900212309643,199.771414140769,215.219723595478,432.123637495371,232.809886350451,303.156727184767,100.301381589813,270.728102827207,10.1394659212406,7.67553728123099,8.26589580860793,16.5920222761573,8.92684058572282,11.6230473719647,3.85022378185988,10.3915187569838,287.60206948936,216.530283674189,422.364680221922,880.371443035514,485.949041581724,630.221510640411,282.460425908921,761.581755937019,11.0501283516136,8.31943987924329,16.2208921391777,33.8010093423096,18.6344310676401,24.1639960092175,10.8376688450486,29.2183531720673,0,0,51.8095666233803,117.620414212626,46.9263475028577,62.3987267276823,71.0292168420508,186.772018637085,0,0,0,0,0,0,0,0,652.867009198611,299.292966092473,1151.0960894296,1115.32622370985
"267",2012,2892,22.1666666666667,3152.3908441411,2461.43119150602,782.764225797719,1455.96016696525,284.780838918665,349.563300706349,211.589612795699,531.029935787866,0,0,0,0,0,0,0,0,0,0,1.31943592422204,2.49366200373227,0.557076944924153,0.683652739375197,0.420254697310451,1.05140435989015,0,0,0,0,0,0,0,0,5509.99318346396,3969.81894095276,1077.05772013679,2104.11265573521,629.965020253417,801.661927044155,921.665382803969,2389.80665696371,211.702749520422,152.526792123834,41.5216593637982,81.1261688581639,24.2769145476757,30.8946951171465,35.5741695862943,92.2397247157689,20168.4683039194,14359.9725778865,4120.14571291805,7846.70147765098,2540.73687941502,3165.90971961425,3149.88952469564,8062.10116301317,774.902592585299,551.733185810294,160.440949092295,306.309352316259,99.6701421485763,124.362266488473,123.993351920453,317.631197032373,0,0,8.40084025494871,16.3650412427879,5.40917731352588,6.77184700690466,7.1215760412258,18.2592655330864,0,0,0,0,0,0,0,0,264.106160384513,199.702771293292,214.395627482432,429.522391771364,233.691355375918,303.243169531942,101.067644292726,273.454725590168,10.1473788062669,7.67289991200728,8.23426335688448,16.4921970773375,8.96067825900076,11.6264258008462,3.87967384915867,10.4962778239178,287.808859719747,216.440135686117,420.881327127153,875.048464706369,487.829607703028,630.308479507829,283.12954615347,765.800508851618,11.0580736079626,8.31597624755067,16.1639975128616,33.5968323435981,18.7067072155912,24.1675940234519,10.8636070628999,29.3809456803752,0,0,51.6165307890627,116.854822478481,47.0407967007186,62.3206559034043,71.7335865715063,188.963195424851,0,0,0,0,0,0,0,0,655.628756021679,300.416541573856,1156.64658393342,1119.87011059837
"268",2012,2892,22.25,3139.87373098453,2450.8691147364,777.304370192729,1444.00083220525,284.205979695709,348.215897122973,211.842017507688,534.65214041747,0,0,0,0,0,0,0,0,0,0,1.30995972405798,2.47136134712517,0.556033223924738,0.681066560897932,0.420750784777099,1.05862144475791,0,0,0,0,0,0,0,0,5509.57816249644,3965.8446568311,1072.39372877081,2091.04749364753,631.917338992663,801.436027005607,928.729988341955,2414.39600536665,211.686803751161,152.374093772327,41.3419774782926,80.6225396510825,24.3521590570357,30.8859986307115,35.8473459361475,93.1898822176319,20159.4435454945,14339.4495314534,4099.83793881818,7793.92211508912,2546.74943470315,3163.37498759141,3178.37930672324,8155.34886045841,774.55587848987,550.94465635667,159.651959099649,304.248640222555,99.9049902426405,124.259635896558,125.11461501515,321.297834809619,0,0,8.36282455613226,16.2559533201099,5.42299809556428,6.76724821090543,7.18556980606062,18.469247383109,0,0,0,0,0,0,0,0,264.290747895463,199.62276316076,213.558017465975,426.926756282398,234.53341278905,303.281969728812,101.828528922692,276.141454377707,10.1544709839748,7.66982587037316,8.20211034914228,16.3925843274109,8.99300176792242,11.6279730251204,3.90891367557902,10.5994983792494,288.008035748549,216.344581019151,419.381395506887,869.738430354617,489.66470083151,630.338655321996,283.873527855925,770.102772296388,11.0657263137602,8.31230488264202,16.1064624511727,33.3931431176286,18.7772317161255,24.1690006150046,10.8924072398662,29.5467173390501,0,0,51.4229402834759,116.093308421081,47.1520930148201,62.2382024354502,72.4389091585804,191.153575343486,0,0,0,0,0,0,0,0,658.392544192965,301.539698634569,1162.20434382128,1124.40315914336
"269",2012,2892,22.3333333333333,3127.59303023325,2440.52395726727,772.003963200877,1432.39719995919,283.590164980938,346.822223027442,212.06677395094,538.108125404076,0,0,0,0,0,0,0,0,0,0,1.30061287092135,2.44958603130411,0.554905482671949,0.678382193483814,0.421200355557161,1.06553208311067,0,0,0,0,0,0,0,0,5508.99482673239,3961.75899204186,1067.79206922566,2078.12621499995,633.792645138229,801.115887935846,935.730368151512,2438.77330196739,211.664391058254,152.217115997455,41.1646818331288,80.1244388851005,24.4244343691126,30.873667552382,36.1180305334787,94.1318399907725,20150.4425979039,14319.0221762976,4079.89022857042,7741.9710156436,2552.46676578008,3160.47782401772,3206.75746563633,8248.0459360068,774.210078802039,550.159803533493,158.876797221973,302.219979741669,100.128376304259,124.142937918313,126.23163845811,324.943262336851,0,0,8.32462721412401,16.1478007266146,5.43617610989288,6.76184955492824,7.24922064344393,18.677864805445,0,0,0,0,0,0,0,0,264.455289334059,199.531975579783,212.711378005705,424.340771459794,235.338062567027,303.275701760298,102.583656535247,278.790715058753,10.1607929592238,7.66633766510801,8.16960911817119,16.2933393870202,9.02388808705902,11.6277880605198,3.93792891746801,10.7012738419739,288.199924400365,216.244221025362,417.866702020913,864.446078522503,491.454099098458,630.312882278215,284.687170811714,774.479309449624,11.0730990261437,8.30844888942496,16.0483568016664,33.190123918516,18.8459962075774,24.1682485976159,10.9238699110731,29.7153140163449,0,0,51.2288071737694,115.335985098231,47.2602461857734,62.1514604760052,73.1451380699564,193.343023002537,0,0,0,0,0,0,0,0,661.158157538601,302.662375090478,1167.76865461464,1128.92499856533
"270",2012,2892,22.4166666666667,3115.54688663214,2430.39321577021,766.85860636814,1421.13932209752,282.936674816832,345.387201815613,212.264909041852,541.403190354553,0,0,0,0,0,0,0,0,0,0,1.29141662762338,2.42834380651246,0.553698217183469,0.675608326717838,0.421603054183806,1.07214040933407,0,0,0,0,0,0,0,0,5508.23721745807,3957.55866458862,1063.24628603735,2065.3394833797,635.589733598241,800.700691933212,942.669688932686,2462.93861766315,211.635282498389,152.055732699666,40.9895258265895,79.6315093893222,24.4936943892595,30.8576710354422,36.3863456686307,95.0656012321251,20141.470815413,14298.6934426765,4060.29730970866,7690.83626990847,2557.89851794792,3157.23421379036,3235.02389032261,8340.19490640279,773.865399245951,549.378739925691,158.115266221446,300.222919666278,100.340671424725,124.01279014597,127.344416059407,328.567572487997,0,0,8.28639391816825,16.0406854490559,5.44872097991123,6.75567844814136,7.31253016565183,18.8851171382325,0,0,0,0,0,0,0,0,264.600955821799,199.430929379081,211.859248573848,421.767523993885,236.106946518226,303.226493660558,103.332775202631,281.404601896981,10.1663897283673,7.66245530728422,8.13689570165497,16.1945809755187,9.05340028782143,11.6259527824987,3.96671008771337,10.8016848720089,288.384789372487,216.139550725928,416.33928433797,859.175787274476,493.197682856722,630.232017162232,285.565465687788,778.921593116603,11.0802018767987,8.30442728740427,15.9897589108333,32.987943170247,18.9129962594058,24.1653712839272,10.9578029653072,29.886408859488,0,0,51.0341644556514,114.582970572915,47.3652643665479,62.060521924867,73.8522240375853,195.531397589299,0,0,0,0,0,0,0,0,663.92539245084,303.784511757519,1173.33886066244,1133.43529201363
"271",2012,2892,22.5,3103.73312503431,2420.47416303019,761.863962649834,1410.21740476415,282.248606840116,343.915452258824,212.437414682665,544.542497079734,0,0,0,0,0,0,0,0,0,0,1.28238738192826,2.40763834444661,0.552416255974896,0.672753525279098,0.421958953523865,1.07845153259057,0,0,0,0,0,0,0,0,5507.30143969186,3953.24187113739,1058.75109842752,2052.67999935527,637.307965620018,800.190433460831,949.550861849028,2486.89216240884,211.599328420144,151.889874591987,40.816307798283,79.1434720267676,24.5599147629227,30.8380093841124,36.6524038168568,95.9911744723284,20132.5320245344,14278.4651997302,4041.05354330933,7640.50539573864,2563.05385013247,3153.65932891304,3263.17850133202,8431.7980949375,773.521986847181,548.601537348382,157.36715447342,298.256986171732,100.542228048535,123.869778908022,128.452942778246,332.170850549878,0,0,8.24824150024648,15.9346858240502,5.46064433377255,6.74876222737787,7.37550102408599,19.0910054579745,0,0,0,0,0,0,0,0,264.728789132497,199.320088056755,211.004359221653,419.209296358654,236.841400758044,303.136103425084,104.075739001282,283.984908725224,10.1713013180148,7.65819660523995,8.10407504751262,16.0963969133827,9.08158970614553,11.6225348417614,3.99525175113205,10.9008005696503,288.56284378864,216.03097387017,414.801323015239,853.931567238714,494.89542452662,630.096927314701,286.503619385037,783.421781028398,11.0870430542938,8.30025558927389,15.9307526223522,32.7867551954433,18.978230980359,24.1604024012129,10.9940226144475,30.0597013389657,0,0,50.8390626087069,113.834386045273,47.4671549499742,61.965477051995,74.5601157904065,197.718554479723,0,0,0,0,0,0,0,0,666.694057038303,304.906052258189,1178.91435738322,1137.93373227697
"272",2012,2892,22.5833333333333,3092.14933257034,2410.76391202263,757.015771834452,1399.62183770153,281.528890268112,342.411311181288,212.585252164651,547.531079244882,0,0,0,0,0,0,0,0,0,0,1.27353757327042,2.38747004000617,0.551064596582956,0.669826132848863,0.422268458524367,1.08447130462077,0,0,0,0,0,0,0,0,5506.18517171893,3948.80792176603,1054.30218015647,2040.14204484733,638.947134633856,799.585717711087,956.376518047607,2510.63418765434,211.556439619523,151.719515166504,40.6448626019904,78.6601082325329,24.6230877277892,30.8147063213254,36.916306693942,96.9085698271451,20123.6288901789,14258.3385202129,4022.1530372752,7590.96554570199,2567.94149891291,3149.76762607579,3291.22126853573,8522.85770565338,773.179944000797,547.828237018251,156.632240346357,296.321690859573,100.733382447093,123.714463037464,129.55721543448,335.753177151059,0,0,8.21026368079315,15.8298614558944,5.4719591465984,6.74112798638458,7.43813658976577,19.2955321262952,0,0,0,0,0,0,0,0,264.839722976561,199.199869201051,210.148822288379,416.667782155524,237.542539608218,303.006032036722,104.812480294864,286.533174594849,10.1755636028081,7.65357760338345,8.07122837522067,15.9988523923065,9.10849916256277,11.617592004885,4.02355146346538,10.9986802321463,288.734268954561,215.918825082309,413.255037640851,848.717052283402,496.547372295676,629.908481725212,287.497081446838,787.972675291258,11.0936295246995,8.29594665183097,15.8714232866945,32.5866998528795,19.0417023903046,24.1533757423306,11.0323544016664,30.2349156823505,0,0,50.6435649821053,113.090353554264,47.5659256474809,61.8664153467527,75.2687610672858,199.904347508726,0,0,0,0,0,0,0,0,669.463969728238,306.026942689544,1184.49457973848,1142.42003504741
"273",2012,2892,22.6666666666667,3080.79291607886,2401.25946065719,752.309860691406,1389.34321352621,280.78029652226,340.878851085813,212.709355122442,550.373848685482,0,0,0,0,0,0,0,0,0,0,1.26487639050335,2.36783662138686,0.549648294339688,0.666834210727416,0.422532235473339,1.09020614725963,0,0,0,0,0,0,0,0,5504.88732322082,3944.25698565802,1049.89599613085,2027.72115645256,640.507372860294,798.887619019063,963.149002286408,2534.16493147146,211.506574204746,151.544660923517,40.4750553515782,78.1812474943911,24.6832185297746,30.7878035589484,37.1781450077908,97.8177968884339,20114.7631711284,14238.3138646503,4003.58972779408,7542.20365260236,2572.56982403395,3145.57291661648,3319.15221922306,8613.37587059761,772.839338287002,547.05885662919,155.910295351143,294.416536401284,100.914456475374,123.547376571019,130.657233042819,339.314630131186,0,0,8.17253531097302,15.7262568099472,5.48267928674389,6.73280245425357,7.50044071926435,19.4987004630178,0,0,0,0,0,0,0,0,264.934598722665,199.070652604542,209.294268372513,414.144233163945,238.211312365786,302.837597532947,105.542989549756,289.050719602012,10.1792089094726,7.6486128939526,8.03841839709204,15.9019956230326,9.13416514114747,11.611174999348,4.05160899869023,11.0953747320916,288.899226130343,215.803385083945,411.702619858724,843.535504912067,498.153638962641,629.667548273152,288.541556866271,792.567680963119,11.0999674839007,8.29151126084765,15.8118551872831,32.3879027411996,19.1034149902203,24.1443250546592,11.0726336889445,30.4117992770552,0,0,50.44774438772,112.350994279892,47.6615851876245,61.763426050044,75.97810731171,202.088630532368,0,0,0,0,0,0,0,0,672.2349582064,307.14713138334,1190.07899436703,1146.89393455135
"274",2012,2892,22.75,3069.66114388508,2391.95772418625,747.742149225008,1379.37233945012,280.005448353365,339.321895694617,212.810631619853,553.075599919975,0,0,0,0,0,0,0,0,0,0,1.25641033565814,2.3487336483158,0.548172385794299,0.663785501167135,0.42275115681258,1.09566291653999,0,0,0,0,0,0,0,0,5503.40778768136,3939.58990729225,1045.5296725675,2015.4138776104,641.989084214399,798.097577409541,969.870381025203,2557.48459502471,211.449728083292,151.365344309256,40.3067764519142,77.7067578553994,24.7403228477652,30.7573568301148,37.4379987658273,98.7188638188372,20105.9359051723,14218.3912141879,3985.35744060171,7494.20653518652,2576.94684302484,3141.08842087824,3346.97143895178,8703.35467789599,772.500209584359,546.293395456539,155.201086510382,292.54102064103,101.085758905904,123.369030843391,131.752996861818,342.855285656833,0,0,8.1351157166412,15.6239040048643,5.49281919237855,6.7238119067381,7.56241757339685,19.700514495272,0,0,0,0,0,0,0,0,265.014177850371,198.93278633843,208.441947524498,411.639562647729,238.848541996702,302.631983081578,106.267299742785,291.538675220044,10.1822664952674,7.64331585039961,8.00569320429537,15.8058618036463,9.15861927486968,11.6033293609036,4.07942575211824,11.1909276842838,289.057863577893,215.684891478885,410.146191373558,838.389834334938,499.714394174378,629.374995709016,289.633008380906,797.200760066144,11.1060626283708,8.28695854544158,15.7521299260194,32.1904758899806,19.1633754628475,24.1332841123091,11.1147057419049,30.5901208993872,0,0,50.2516804389335,111.61642724294,47.7541437520893,61.6565984713778,76.6881021499514,204.271258499822,0,0,0,0,0,0,0,0,675.006858537447,308.266568717768,1195.66709406524,1151.35518072217
"275",2012,2892,22.8333333333333,3058.7511810166,2382.85556241964,743.308655313657,1369.70024579849,279.206828260325,337.744034398936,212.889965924371,555.641014160035,0,0,0,0,0,0,0,0,0,0,1.2481437077607,2.33015493955017,0.546641827009538,0.660687400403435,0.422926254251074,1.10084878681502,0,0,0,0,0,0,0,0,5501.74723234941,3934.80805110444,1041.20088465165,2003.2175489294,643.392886820234,797.21731109851,976.542452806558,2580.5933240802,211.38592689193,151.181617747523,40.1399372994422,77.2365378790841,24.7944245871595,30.7234325334089,37.6959376709081,99.6117766404291,20097.1475662396,14198.5701828256,3967.4499425674,7446.9609858479,2581.0802617156,3136.32681609391,3374.67907135675,8792.79619566133,772.162576107036,545.531838669308,154.504378354365,290.694640001799,101.247586603664,123.179916330921,132.844510400287,346.375219171613,0,0,8.09805155298192,15.5228251901754,5.50239360753064,6.71418209716096,7.6240714700308,19.900978753925,0,0,0,0,0,0,0,0,265.079152861968,198.786591969044,207.592814294025,409.154431534507,239.454957958019,302.390277039612,106.985473545032,293.998011083914,10.1847629672347,7.63769882781696,7.97308953296784,15.71047643009,9.18188960553935,11.5940969729678,4.1070042498128,11.2853764760726,289.210322232313,215.563547861536,408.587771796301,833.282615004157,501.229857401481,629.031694791448,290.76765525733,801.866388906794,11.1119203730753,8.28229632803483,15.6923251869192,31.9945184691799,19.2215924019763,24.1202867567539,11.1584256803647,30.7696690714185,0,0,50.0554573091552,110.886768236024,47.8436133095178,61.5460222230121,77.3986937852561,206.452088352576,0,0,0,0,0,0,0,0,677.779514382154,309.385206952211,1201.25839316685,1155.80353684084
"276",2012,2892,22.9166666666667,3048.06011641457,2373.9498006304,739.005497424349,1360.31819077273,278.386786053379,336.148635440365,212.948219858141,558.074662488246,0,0,0,0,0,0,0,0,0,0,1.24007900241456,2.31209292756204,0.54506144977618,0.657546943827022,0.423058681022089,1.10577115678501,0,0,0,0,0,0,0,0,5499.90693596898,3929.91318195926,1036.90776375104,1991.13014184768,644.719568607811,796.248748817045,983.166763735071,2603.49120263696,211.315219762048,150.99354904724,39.9744667314381,76.7705102754978,24.8455541753524,30.6861051371582,37.952021713474,100.496538989183,20088.39818581,14178.8501036032,3949.86098214669,7400.45383728257,2584.97749922895,3131.30027610577,3402.27531532157,8881.70248765626,771.826439069615,544.774160641584,153.819934487328,288.876892077012,101.400225486781,122.980504179022,133.93177931886,349.874506021166,0,0,8.06137912433267,15.4230344604447,5.51141738722448,6.7039382071715,7.68540677072065,20.1000981172282,0,0,0,0,0,0,0,0,265.130156359226,198.632368705725,206.747593870533,406.689312741232,240.031220525125,302.113501208789,107.697593343361,296.429558045058,10.1867226309443,7.63177332230595,7.94063530440453,15.6158577674837,9.20400151771971,11.5835171527959,4.13434776665986,11.3787531541729,289.356739297394,215.439530728746,407.029258767615,828.216108782624,502.700292276929,628.638520284065,291.94196743888,806.559516275813,11.1175459896163,8.27753138991796,15.6325139714104,31.8001176385915,19.2780760943158,24.1053669712748,11.2036582513912,30.9502504525233,0,0,49.8591619418182,110.162129002425,47.9300078194238,61.431787349271,78.1098312809269,208.630979677337,0,0,0,0,0,0,0,0,680.55277632436,310.503000090078,1206.85242408994,1160.23877786935
"277",2013,2892,23,3037.64187266847,2365.24574133037,734.694004418642,1351.09473023086,277.536434212034,334.441885896661,213.013520226648,560.518732048679,0,0,0,0,0,0,0,0,0,0,1.23220497621432,2.29447861039394,0.543414422258123,0.654181203728569,0.423200052746405,1.11069739893589,0,0,0,0,0,0,0,0,5498.06591699762,3925.04332302026,1032.47077129587,1978.96379617761,645.944508724636,794.963544085779,989.799025171557,2626.47345246218,211.244484869068,150.806441279075,39.8034659798499,76.3014508003299,24.8927628384705,30.6365746388055,38.2083985962898,101.384529675049,20080.301463864,14159.6637271935,3931.90448677558,7353.98677420191,2588.54249910089,3125.11354060725,3429.9727062281,8971.21709513895,771.515377749264,544.036988348296,153.121382604214,287.060834128951,101.539903269276,122.735627470065,135.023122411102,353.39800346656,0,0,8.02504609020458,15.3241333053354,5.51968665048374,6.69116373491186,7.74687658278317,20.3003129860205,0,0,0,0,0,0,0,0,265.183727459929,198.478274692157,205.89936543784,404.229348779055,240.576121687932,301.718687974107,108.424417021888,298.938244179722,10.1887809456255,7.62585278279632,7.90806463898813,15.5214352421444,9.22490875069125,11.5684089094866,4.16225275223304,11.4750818397739,289.506633229109,215.320577811202,405.460365727273,823.163621140658,504.1060095133,628.013961798269,293.187758867165,811.485687769945,11.123305192221,8.27296102708068,15.5723011909332,31.6062485385351,19.3320716396971,24.0815650572639,11.251623997983,31.1397483500124,0,0,49.6625111330585,109.439823788844,48.0114405763594,61.2961968168935,78.8250768439257,210.829240679377,0,0,0,0,0,0,0,0,683.317658102103,311.617413173208,1212.4308562832,1164.65074574222
"278",2013,2892,23.0833333333333,3027.71972041666,2356.76491206769,729.806755973543,1341.50422810951,276.605941416675,332.221469203768,213.19927745102,563.547516971673,0,0,0,0,0,0,0,0,0,0,1.2243402316582,2.27695585729739,0.541613861419998,0.649807327894735,0.423565057371607,1.11672406530738,0,0,0,0,0,0,0,0,5497.01542535071,3920.79983982739,1027.15844420024,1965.95981973846,646.961614530108,792.399028254301,996.684596378968,2650.84452815551,211.204123300079,150.643399868758,39.5988199240832,75.8001750478914,24.9319619603424,30.5377410904767,38.4745252504844,102.326023758143,20075.4603062559,14142.8451674542,3910.6978756861,7304.64373111499,2591.31646028968,3113.94063214101,3458.66728387377,9066.14783729902,771.329399698887,543.390791386088,152.297875709404,285.133911442568,101.648638349816,122.29502076289,136.15362627093,357.134342883311,0,0,7.98791818678298,15.223766151778,5.52628097903118,6.66770113153219,7.8104165482085,20.5119918281411,0,0,0,0,0,0,0,0,265.306345963404,198.357902575423,205.000088456012,401.697116512571,241.077571508961,300.848666444004,109.245639079197,301.923557723093,10.1934921709839,7.62122789252244,7.87353168590272,15.4242350285586,9.24414777663421,11.535077971393,4.19377667630372,11.5896830664304,289.700218215644,215.237866142469,403.826212537042,817.996708541937,505.361636393329,626.381209493151,294.65208121179,817.527508540128,11.13074307397,8.2697831110225,15.5095785821833,31.4079788377256,19.3803052059102,24.0190942492996,11.3079640230624,31.3720121709281,0,0,49.46388958056,108.70788817104,48.079761913424,61.064118490058,79.559845143346,213.137665749246,0,0,0,0,0,0,0,0,686.03662241718,312.717878121826,1217.91604887095,1168.9938646326
"279",2013,2892,23.1666666666667,3017.98178665561,2348.45509735761,725.067134839684,1332.2009953497,275.653457521967,330.01166679284,213.358559510286,566.420203124098,0,0,0,0,0,0,0,0,0,0,1.21648798772421,2.25979662753281,0.539775220688773,0.645451085841512,0.423884323816108,1.1224584317345,0,0,0,0,0,0,0,0,5495.82122697551,3916.46339298569,1021.93068565708,1953.1237848647,647.904630003395,789.78887635971,1003.53970267899,2675.05324196525,211.158240288779,150.476786646387,39.3974124279883,75.3053532914603,24.9683059317005,30.437148769317,38.7394646217987,103.261236290113,20070.611355688,14126.0872588305,3889.87176497569,7256.08135483829,2593.83613069211,3102.63563705269,3487.22492864608,9160.38533210224,771.143121851303,542.746924752322,151.488976612251,283.237222634572,101.747490826672,121.849318676311,137.278894030948,360.843854436858,0,0,7.9500404755188,15.1237996260732,5.53235310510069,6.64394725548824,7.87364860991787,20.7221577037354,0,0,0,0,0,0,0,0,265.412354972409,198.229445944861,204.082299120641,399.168342617168,241.54275194299,299.951304856489,110.047070586507,304.80813921371,10.1975652327147,7.61629238231356,7.83828663758969,15.3271656768029,9.26199403890535,11.5006966005027,4.2245389718623,11.700415613005,289.888596717365,215.151121265877,402.187710484204,812.865578012153,506.573906088739,624.712699334095,296.145543989133,823.55227346988,11.1379809136578,8.2664502326942,15.446686283633,31.2110770766216,19.4268700670369,23.9552435671752,11.3654134988278,31.6036016610888,0,0,49.2651519915218,107.98115628187,48.1450589026531,60.8306600489043,80.2949754084972,215.441822286453,0,0,0,0,0,0,0,0,688.756757624801,313.817652862068,1223.40169808189,1173.31841648523
"280",2013,2892,23.25,3008.42907969551,2340.31620768853,720.471364414557,1323.17781094225,274.68170311014,327.814902400252,213.492600888719,569.142819419739,0,0,0,0,0,0,0,0,0,0,1.20868608041799,2.24301745009834,0.537899476591548,0.641115457683364,0.424157687840795,1.12790615962264,0,0,0,0,0,0,0,0,5494.46653683222,3912.0227731673,1016.7776879331,1940.44033487112,648.770798768638,787.128819559125,1010.36018072583,2699.08299173747,211.106190927095,150.306170931662,39.1988684844289,74.8163971526823,25.0016888656027,30.334633788375,39.0030572720432,104.189529910898,20065.7679740416,14109.3986890383,3869.42214165883,7208.29149576336,2596.11142938723,3091.21016048511,3515.64894765241,9253.9430203088,770.957057594861,542.105722242767,150.694537352108,281.370461209135,101.836843397119,121.398970636889,138.39905262807,364.527057269416,0,0,7.91166816254018,15.0244207880284,5.53789870812228,6.61991070786654,7.9365696216556,20.9308108227701,0,0,0,0,0,0,0,0,265.502676349571,198.093236807293,203.151816200014,396.647782688775,241.973187976925,299.028572248702,110.831174954787,307.604946271334,10.2010355502508,7.61105900840266,7.80255302038159,15.2304099098717,9.27850604872363,11.4653404212842,4.25463425580244,11.8077766569408,290.072837274057,215.061479505627,400.545486220937,807.773634025238,507.744121430369,623.011956849274,297.664809587394,829.55138932231,11.1450597662939,8.26300605148872,15.3836484208186,31.0156741855337,19.4718163543595,23.8901486293605,11.4238445943082,31.8341878037364,0,0,49.0662485358549,107.259661352099,48.2073771255956,60.5959250123371,81.0304686597593,217.74173964784,0,0,0,0,0,0,0,0,691.477898303224,314.916693508339,1228.88711348761,1177.62419945741
"281",2013,2892,23.3333333333333,2999.06182745568,2332.34756432656,716.015619502756,1314.42735401629,273.693199165712,325.633355060983,213.602565173458,571.721142407949,0,0,0,0,0,0,0,0,0,0,1.2009648273993,2.22663002561153,0.535988514945955,0.636803651895033,0.424385461838457,1.13307380353624,0,0,0,0,0,0,0,0,5492.93941158037,3907.47027925519,1011.69164931885,1927.89782678702,649.558673320761,784.416520881355,1017.14262255554,2722.91954710025,211.047516332787,150.13125683535,39.0028899043454,74.3328606470653,25.032055156729,30.230106446853,39.2651727183326,105.110358196104,20060.9399393158,14092.7856167275,3849.34417533143,7161.26457171035,2598.15153317721,3079.67475538914,3543.9420919589,9346.83264010816,770.771582619707,541.467420482402,149.91437809657,279.533264702393,101.917050087171,120.944385311652,139.514207338719,368.184404332574,0,0,7.873008116312,14.9257778829164,5.54291859382501,6.59560192349076,7.99917743213615,21.137951702596,0,0,0,0,0,0,0,0,265.578090421535,197.949540664484,202.213167116809,394.138950913531,242.370075708416,298.081937860848,111.599970107045,310.324647443804,10.2039331049866,7.605537971792,7.76650477001151,15.134102770046,9.29372969114402,11.4290658512576,4.28414004142826,11.9121755420833,290.253720195628,214.969805324451,398.900531057199,802.723779769954,508.873237730743,621.281859054897,299.206894680075,835.518182510822,11.1520096126378,8.25948378144637,15.3205031281615,30.821881850367,19.5151808641709,23.823920169514,11.4831430721599,32.0635151990344,0,0,48.8671618526778,106.543446468525,48.2667536299848,60.3600059506295,81.7663164160079,220.037424929403,0,0,0,0,0,0,0,0,694.199887796794,316.014957841448,1234.3716683607,1181.9110449054
"282",2013,2892,23.4166666666667,2989.87965745301,2324.54804067887,711.696068942075,1305.94228510465,272.690287160598,323.468986334607,213.689555560797,574.160720902574,0,0,0,0,0,0,0,0,0,0,1.19334832792735,2.21064204329945,0.534044841309479,0.632518957337765,0.424568320786165,1.1379685688415,0,0,0,0,0,0,0,0,5491.23163116612,3902.80089256578,1006.66635941721,1915.48745354684,650.267762226984,781.651060371763,1023.88420513701,2746.55067156481,210.981900678241,149.951851531603,38.8092394257582,73.8544065212641,25.0593859384625,30.1235314714906,39.5257028952062,106.023251172147,20056.134276632,14076.2522703644,3829.63244193545,7114.9899880202,2599.96500930769,3068.03911391361,3572.10667402381,9439.06453643774,770.586966846236,540.832181935468,149.148295795256,277.725230967306,101.988441402107,120.485938035265,140.624446368002,371.816294464045,0,0,7.83422784941364,14.8279878945527,5.54741743558077,6.57103276748436,8.06147066324912,21.3435811136082,0,0,0,0,0,0,0,0,265.639267110798,197.798575618284,201.269880680726,391.644451660089,242.734402812448,297.112562456974,112.355109751898,312.976022160256,10.2062836364133,7.59973765230335,7.73027747179837,15.038344352743,9.30770285121891,11.3919174514233,4.31311985825877,12.0139491240876,290.431807884344,214.876751855675,397.25405758057,797.71845643502,509.961946345688,619.524748581239,300.769133416993,841.447544517352,11.1588520610907,8.2559085169937,15.257297042514,30.6297940176756,19.556990260705,23.7566484068376,11.5432068743613,32.2913884595922,0,0,48.6679000179291,105.832561736684,48.3232196904356,60.122987127394,82.5025030607345,222.328868460823,0,0,0,0,0,0,0,0,696.922576904128,317.112404978441,1239.85478532056,1186.17880845083
"283",2013,2892,23.5,2980.88174588461,2316.91617843119,707.508905064766,1297.71530276229,271.675150647877,321.323568706835,213.75462450071,576.466902005629,0,0,0,0,0,0,0,0,0,0,1.18585569095491,2.19505797206552,0.532071355712081,0.628264641794004,0.424707205678883,1.14259811000062,0,0,0,0,0,0,0,0,5489.3377738207,3898.01159636466,1001.69683982068,1903.2025163029,650.898252612941,778.832524226027,1030.58255229261,2769.96578229993,210.909135650432,149.767839112661,38.6177269478484,73.3807783475771,25.0836884267733,30.0149122446475,39.7845568594885,106.927802277028,20051.3559450881,14059.8014408412,3810.2811046293,7069.45646841975,2601.55993029499,3056.31223303135,3600.14466599654,9530.64793544957,770.403400815064,540.200113832314,148.396071184642,275.945931018747,102.051328777783,120.023977235202,141.729844688189,375.423083086948,0,0,7.79546369335032,14.731143270462,5.55140271073305,6.5462161458121,8.12344851412335,21.5477000492727,0,0,0,0,0,0,0,0,265.686791995947,197.640527165415,200.324731827482,389.166236589045,243.067028932664,296.121425183298,113.097957960862,315.5663371939,10.2081096433948,7.59366517701737,7.69397775831849,14.9432096808619,9.3204585013969,11.353932801353,4.34162611492652,12.1133762150421,290.607502101913,214.782811881587,395.607395383162,792.759703679617,511.010750453514,617.74255044364,302.349133110808,847.335595589281,11.1656025479881,8.25229919161396,15.1940812981056,30.4394892140812,19.5972639822566,23.6884075220113,11.6039444205116,32.5176593085334,0,0,48.4684902973075,105.127061817911,48.3768029539055,59.8849466783644,83.2390077666565,224.616048256011,0,0,0,0,0,0,0,0,699.645822667866,318.208995111277,1245.33592514305,1190.42736373363
"284",2013,2892,23.5833333333333,2972.06689228291,2309.45024622987,703.450360851898,1289.73917656416,270.649824385976,319.198698342879,213.798777833496,578.644840569471,0,0,0,0,0,0,0,0,0,0,1.17850169208638,2.17987949775198,0.530071235595905,0.624043899303543,0.424803272154341,1.14697041896169,0,0,0,0,0,0,0,0,5487.25475602232,3893.10103599136,996.779160626401,1891.03805601452,651.450874748567,775.961799153478,1037.2356704577,2793.15579542342,210.82910277552,149.579167530301,38.4282025013189,72.9117863950151,25.1049907193858,29.9042829089856,40.0416583268894,107.823662434405,20046.6081794998,14043.4347273297,3791.28400940298,7024.65222706185,2602.94392525681,3044.5024902439,3628.05774673617,9621.59107805346,770.221008817246,539.571277615465,147.65747248511,274.194915705679,102.106006573159,119.55882737036,142.830465875949,379.005087415029,0,0,7.75682507022329,14.6353153970296,5.55488413125395,6.52116575969886,8.18511065372473,21.7503097298628,0,0,0,0,0,0,0,0,265.721179128117,197.475555406169,199.379864304824,386.705726186795,243.36871705061,295.109373587323,113.829628209151,318.101547519123,10.2094308765964,7.58732669724315,7.65768802036122,14.8487533726711,9.33202590664288,11.3151444224535,4.36970159785982,12.2106852903596,290.781072400245,214.688343528915,393.961939504485,787.849199145327,512.020009485931,615.936842879297,303.944749483353,853.179496675592,11.1722714299542,8.24866956510829,15.1309095459871,30.2510320618738,19.6360159456294,23.6192583733703,11.665273657021,32.742219363714,0,0,48.2689757109574,104.427004443081,48.4275285482159,59.6459576967274,83.9758054653177,226.898932223285,0,0,0,0,0,0,0,0,702.369487845539,319.304689410945,1250.81458204801,1194.65660014901
"285",2013,2892,23.6666666666667,2963.43361250762,2302.14831209474,699.516727836114,1282.0067816265,269.616208241473,317.095813532212,213.822980734687,580.699515352048,0,0,0,0,0,0,0,0,0,0,1.17129758779738,2.16510605655576,0.528047797445156,0.619859791324323,0.424857828628016,1.15109369411715,0,0,0,0,0,0,0,0,5484.9812524473,3888.0690933035,991.910212442946,1878.99040353129,651.926731740714,773.040321197873,1043.84186134501,2816.11289741686,210.741751132451,149.385832245306,38.2405475144865,72.4472903758588,25.1233352551652,29.7916987240327,40.2969423230423,108.710531293874,20041.8929216425,14027.1528453866,3772.63479877246,6980.56517239712,2604.12425072081,3032.61774508769,3655.84736508532,9711.90140275483,770.039865463244,538.945700777555,146.932259803748,272.471723627217,102.152754815101,119.090792868486,143.926364583288,382.562593577128,0,0,7.71839981725834,14.5405589432135,5.55787297027667,6.4958958393708,8.24645709662121,21.9514115995405,0,0,0,0,0,0,0,0,265.742887363317,197.303803984836,198.436944269969,384.263965251147,243.640178705739,294.077193758091,114.551032199039,320.58654521787,10.2102649659988,7.58072773202389,7.62147230493549,14.7550156134333,9.34243236103853,11.2755824737154,4.39738134556425,12.3060640394156,290.952691957477,214.593602597173,392.319088510722,782.988301660205,512.989988017946,614.108934649713,305.554056147161,858.977229682326,11.1788653607798,8.2450294657027,15.0678355754686,30.0644749365341,19.6732564215995,23.5492514611385,11.7271208852667,32.9649917077198,0,0,48.0694109228769,103.732448722909,48.4754203949772,59.4060895587907,84.7128680941739,229.177481083051,0,0,0,0,0,0,0,0,705.093440164762,320.399449885906,1256.29027704321,1198.86641934608
"286",2013,2892,23.75,2954.98020252302,2295.00829302368,695.704367582298,1274.51112093761,268.576077619148,315.016208674789,213.82816175103,582.635740192311,0,0,0,0,0,0,0,0,0,0,1.16425172897791,2.15073524621644,0.526004406159271,0.615715212957622,0.424872292572888,1.1549762468647,0,0,0,0,0,0,0,0,5482.51730060299,3882.91659697196,987.087544499592,1867.05687166992,652.327189237246,770.069909952886,1050.39966462313,2838.83038319587,210.647082162316,149.187865096534,38.0546686122853,71.9871876371441,25.1387745768275,29.6772296994514,40.5503529858967,109.588151027089,20037.2111140313,14010.9558362908,3754.3269902212,6937.18304405053,2605.10783802568,3020.66540771744,3683.51478279926,9801.58567553786,769.860006970388,538.323384904381,146.220188172844,270.77588645103,102.191841035132,118.620160786262,145.017588213563,386.095861673163,0,0,7.68025808967783,14.4469149966809,5.5603815894433,6.47042093321294,8.3074881135106,22.1510073356256,0,0,0,0,0,0,0,0,265.752331502053,197.1254057738,197.497265598557,381.841721699434,243.882096933455,293.0256452453,115.262915825441,323.025346188835,10.2106278489004,7.57387338652897,7.58538035913438,14.6620259505814,9.35170406875534,11.2352760944692,4.42469402933842,12.3996665298601,291.122461662964,214.49876496123,390.680207396233,778.178091478943,513.920891667182,612.259926241124,307.175319046067,864.727430612513,11.1853882168051,8.24138565079043,15.0049118887499,29.8798595109428,19.7089934125852,23.4784292754206,11.7894197802609,33.1859244867516,0,0,47.8698592169485,103.043453885863,48.5205020588293,59.1654088058924,85.4501654429345,231.451650338858,0,0,0,0,0,0,0,0,707.817551813447,321.493239305939,1261.76255385495,1203.05673340367
"287",2013,2892,23.8333333333333,2946.70478665101,2288.02799241021,692.009719387976,1267.24534051853,267.531092346044,312.96104622369,213.815215895404,584.4581729595,0,0,0,0,0,0,0,0,0,0,1.15737006617241,2.13676317001614,0.523944410841042,0.611612873356728,0.424848156780023,1.1586264293348,0,0,0,0,0,0,0,0,5479.86400343634,3877.64510508163,982.309237914128,1855.23552344355,652.653797115227,767.052648695215,1056.90781614555,2861.30252688006,210.545138242102,148.9853259481,37.8704927625647,71.531404272464,25.1513683212871,29.5609559903134,40.8018419646596,110.456301377406,20032.5629207522,13994.8432238024,3736.35403531415,6894.49351310755,2605.90132895053,3008.65249082806,3711.06110691082,9890.65009252905,769.681439647552,537.70431169783,145.521009841196,269.106932814097,102.223521649022,118.147202822595,146.104178184571,389.605129766505,0,0,7.64245550182975,14.3544135555746,5.56242307763082,6.44475573182131,8.36820416126261,22.3490988615582,0,0,0,0,0,0,0,0,265.749890687715,196.94048680734,196.561829474731,379.439555751996,244.095137938345,291.955478229961,115.96588823212,325.42124312405,10.2105340925964,7.5667685031968,7.54945068648268,14.5698059512623,9.35986659240681,11.1942540652475,4.45166306876847,12.4916190777059,291.290427936694,214.403943688081,389.046604105696,773.419408389141,514.812895263927,610.390761154151,308.806973536666,870.429252609598,11.1918417815704,8.23774246458582,14.9421887986082,29.6972182179633,19.7432337340662,23.4068282647718,11.8521105108149,33.4049856569096,0,0,47.6703900771245,102.360078269378,48.5627973388426,58.9239797850154,86.1876657861037,233.721391749375,0,0,0,0,0,0,0,0,710.54169904696,322.586021158895,1267.23097615831,1207.22746381803
"288",2013,2892,23.9166666666667,2938.60535778677,2281.2051311362,688.429306047601,1260.20274086843,266.482804678031,310.93136741407,213.785007286283,586.171323488443,0,0,0,0,0,0,0,0,0,0,1.1506565801449,2.12318473053766,0.52187109440201,0.607555282633864,0.424786961514402,1.16205257474941,0,0,0,0,0,0,0,0,5477.02328131337,3872.25672443526,977.573799016375,1843.52498186122,652.908226043775,763.990788014979,1063.36521253792,2883.52446531676,210.435993155342,148.778295746734,37.6879631907761,71.079887828086,25.1611807813594,29.4429641945882,41.0513670625865,111.314795197813,20027.9479116398,13978.8141443641,3718.70936824278,6852.4842632169,2606.51110596481,2996.5856533817,3738.48731737717,9979.10036982823,769.504146971553,537.088447978456,144.834476156989,267.464391479883,102.248043127282,117.672177013536,147.186171007172,393.090617375793,0,0,7.60503578554706,14.2630756314402,5.56401095915192,6.41891492504889,8.42860582720429,22.5456883606799,0,0,0,0,0,0,0,0,265.735915419678,196.749169403928,195.631410331029,377.057876314131,244.279960590223,290.867446679242,116.660446492731,327.776935519477,10.2099971638337,7.55941778169855,7.51371307914803,14.4783713681302,9.36694521760938,11.1525453139787,4.47830757927968,12.582025236255,291.456597480554,214.309203383862,387.419512176427,768.712884377554,515.666164497629,608.502266864159,310.447604494379,876.082252627504,11.1982263125829,8.23410238935943,14.879713761186,29.516575504393,19.7759838457448,23.3344804087078,11.915138975894,33.6221586371319,0,0,47.4710771655671,101.68237848934,48.6023307256099,58.6818651570399,86.9253364136603,235.986654579512,0,0,0,0,0,0,0,0,713.265761854533,323.677759619928,1272.69512523853,1211.378540645
"289",2014,2892,24,2930.95109496316,2274.68668062798,684.679450865285,1253.04324408375,265.395469639594,308.624491471346,213.811525091345,588.282332967438,0,0,0,0,0,0,0,0,0,0,1.14404325523383,2.1096359820298,0.519715694741468,0.602951621137674,0.424823934679657,1.16619292500619,0,0,0,0,0,0,0,0,5474.34613627783,3867.04683246124,972.490587967315,1831.3292937122,653.001634523119,760.138084889777,1069.91586298491,2906.53674925115,210.333132961869,148.578123365593,37.4920642957142,70.6096994467911,25.1647881913841,29.2944951902659,41.3044790508153,112.203738895292,20024.6942066607,13963.9025600939,3699.90039473158,6808.9872454708,2606.57955437833,2981.53219368896,3766.35760580075,10070.9483358889,769.379157338625,536.515520228137,144.103141196514,265.764269453083,102.251375017128,117.079917101437,148.285644076598,396.709598818096,0,0,7.56756608791384,14.1704857293647,5.56438771918161,6.3866204174626,8.48988319030344,22.7493077237408,0,0,0,0,0,0,0,0,265.730592594845,196.562910254176,194.678073395224,374.616056846261,244.404797205725,289.472041939181,117.391768233968,330.424929842248,10.2097926753615,7.55226140641204,7.47709440530242,14.38462596541,9.37172183317765,11.0990494308256,4.50636061063151,12.6836371938364,291.639048710125,214.230607812044,385.761927129472,763.914529776848,516.408978435554,605.996939005939,312.189352045033,882.401590325852,11.2052364113518,8.23108262059788,14.8160653502535,29.3324022982975,19.8044933183858,23.2384731704779,11.9820400892665,33.8648745038721,0,0,47.269591343483,100.993557278319,48.6323827347015,58.3815679052965,87.6725504724693,238.320668030446,0,0,0,0,0,0,0,0,715.987926273952,324.771819684899,1278.15099482374,1215.52221112087
"290",2014,2892,24.0833333333333,2923.97294787243,2268.59452507638,680.508880026041,1245.46404969339,264.231586981826,305.775575174442,213.958987739486,591.231744643977,0,0,0,0,0,0,0,0,0,0,1.13733622151901,2.09571283010719,0.517414562562916,0.597285179612488,0.42508311093626,1.17188698648709,0,0,0,0,0,0,0,0,5472.18659701161,3862.30562002478,966.722351477867,1818.13175851882,652.848751063085,754.825014850038,1076.70533810051,2931.36206646552,210.250160009792,148.395958401783,37.2698249112563,70.1009422918235,25.1589046757027,29.0897468370507,41.5667888202345,113.162550047363,20024.0357092201,13951.0664419554,3678.562732302,6762.02627072035,2605.74553038644,2960.83727763523,3795.18676311646,10169.8110538957,769.353879206562,536.022335226572,143.274461407847,263.929972007743,102.219367560705,116.266165215809,149.422753064692,400.603908010912,0,0,7.52877402810251,14.0737143127027,5.56283920886711,6.34221749150592,8.55316447027055,22.9678186896433,0,0,0,0,0,0,0,0,265.752353578675,196.392964707437,193.659979404581,372.027274910223,244.438859597642,287.506728911198,118.19220864087,333.5961190361,10.2106287896182,7.5457318258616,7.4379872516771,14.2852352671141,9.37301589051718,11.0237004954433,4.53706337254546,12.8053103983196,291.854220811668,214.181910194733,384.033590724154,758.883572071248,516.971389614579,602.323151639181,314.117636189754,890.033411458666,11.2135036975979,8.22921157909244,14.7496971296176,29.1392929731596,19.8260797442206,23.0976535802625,12.0560909105772,34.1579169702826,0,0,47.0636494414585,100.277947783556,48.6466168319161,57.9709549408545,88.4381715396167,240.790629356017,0,0,0,0,0,0,0,0,718.706862749129,325.871522240255,1283.59327616435,1219.66441874889
"291",2014,2892,24.1666666666667,2917.13167871376,2262.62982767894,676.470838261061,1238.12132601887,263.063904649377,302.988676707733,214.082754345225,594.023893100629,0,0,0,0,0,0,0,0,0,0,1.13064102960516,2.08209727946415,0.515109079665508,0.591735374885619,0.425301315651478,1.1772983000668,0,0,0,0,0,0,0,0,5469.85863697364,3857.45556609576,961.037929609804,1805.10533970808,652.62349377719,749.527857078265,1083.44907562997,2955.95673271046,210.160716062331,148.209611573773,37.0507970612737,69.5987639477305,25.1502329003167,28.8856130715724,41.8273294042034,114.112460526263,20023.3775311765,13938.2820749994,3657.62000228557,6715.8442865508,2604.71598955463,2940.30639632415,3823.86815080921,10267.7894455501,769.328613026318,535.531138601014,142.460956449983,262.125877814162,102.179754548436,115.458890223944,150.554194895758,404.463883601067,0,0,7.48936729223094,13.9773652110652,5.56086745415478,6.29813655793428,8.61611991709198,23.1844464191399,0,0,0,0,0,0,0,0,265.762453465251,196.217465846917,192.629836271871,369.448306702259,244.445420777646,285.544880584121,118.971475701135,336.621568905,10.2110168655823,7.53898887812828,7.39841642352051,14.1862198101543,9.37325360287996,10.9484831263721,4.56695233777366,12.9213903878173,292.067635081844,214.132148632447,382.307070356405,753.902378360268,517.495025934813,598.660039079001,316.047709288283,897.557534721087,11.2217034446764,8.22729965913994,14.6833967323115,28.9480905433205,19.8461746935643,22.957238755449,12.130204198413,34.446813891283,0,0,46.8578697730151,99.5685955786091,48.658261063845,57.5636315031261,89.2038443053551,243.252477469214,0,0,0,0,0,0,0,0,721.425961815065,326.970258014599,1289.0277162191,1223.77824373027
"292",2014,2892,24.25,2910.42929271265,2256.79348496169,672.561875682277,1231.00916110554,261.894361428898,300.263542727898,214.184101035779,596.665752288856,0,0,0,0,0,0,0,0,0,0,1.12399153066108,2.0688013928562,0.512799495752233,0.586301106600721,0.425478635543608,1.18243250768659,0,0,0,0,0,0,0,0,5467.34680089605,3852.48645436423,955.428854066204,1792.23668652623,652.324140356879,744.242757061937,1090.14101545859,2980.29798306832,210.064207303379,148.018690354597,36.8346570304439,69.1026528984375,25.1387066534689,28.6819456019931,42.0858680257152,115.052595284863,20022.7319496443,13925.5574103317,3637.06729597663,6670.43194692994,2603.49964025633,2919.94305836544,3852.40564390309,10364.9044396275,769.303830507439,535.04223584551,141.662443589597,260.351632671365,102.13287254279,114.658227168616,151.680119399713,408.29033878826,0,0,7.4495815440118,13.8816220397444,5.55846887868795,6.25437169873394,8.67874264012134,23.3991889002327,0,0,0,0,0,0,0,0,265.76126738532,196.036461976682,191.592366253576,366.882966201063,244.424747193844,283.586961121893,119.732053897972,339.520791442673,10.2109713163779,7.53203441913132,7.35856331857892,14.0877261154944,9.37244517743503,10.8734151415374,4.59612285552155,13.0326256055225,292.280495313589,214.082403071627,380.583095937275,748.973210891143,517.982258627007,595.011301112109,317.978288248946,904.967093917427,11.2298819042366,8.2253883540096,14.6171922173978,28.7588819680709,19.8648691859236,22.8173707843387,12.2043309341697,34.7313024914248,0,0,46.6522091254221,98.8654850601136,48.6673690022485,57.1596229940779,89.9695913686599,245.706385254525,0,0,0,0,0,0,0,0,724.145106158446,328.067996084247,1294.45380231462,1227.86376979676
"293",2014,2892,24.3333333333333,2903.86698317446,2251.08577631042,668.77849127023,1224.12152164568,260.724720920376,297.59979115638,214.264223083656,599.16396079389,0,0,0,0,0,0,0,0,0,0,1.11741477724419,2.05583349477774,0.510486846659741,0.580981460335699,0.425615595947311,1.18729632064933,0,0,0,0,0,0,0,0,5464.64062298104,3847.39163944726,949.888545783359,1779.51586390196,651.950316808061,738.967725375434,1096.77624468558,3004.366436776,209.960231620248,147.822939418015,36.6211534614774,68.6122286068798,25.1243115365124,28.4786677979622,42.3422159248282,115.982209090285,20022.1075499546,13912.8978232834,3616.8989654968,6625.77861425136,2602.10446795836,2899.74995341568,3880.80238509341,10461.1745209801,769.27986151549,534.555833488715,140.878711216259,258.606831871486,102.079030120651,113.864279266907,152.800647870172,412.083991763369,0,0,7.40960729959278,13.7866300561306,5.55564471425403,6.21091937316708,8.74102698386003,23.6120450057546,0,0,0,0,0,0,0,0,265.749084525834,195.849964072068,190.551221669723,364.334033634835,244.377046016659,281.633205513941,120.475940078399,342.309812586151,10.2105032530313,7.52486887056057,7.31856824846867,13.9898610040834,9.37059854122812,10.7985055435673,4.62465155790132,13.1396307453719,292.493644195199,214.033451565607,378.86259197738,744.097813626153,518.434777655489,591.379685345246,319.908275640259,912.257895201654,11.2380714537124,8.22350755775463,14.5511191208547,28.5717343096477,19.8822281052185,22.67815522494,12.2784292074388,35.0112224452577,0,0,46.4466537378137,98.1686120230325,48.6739848460354,56.7589433761375,90.7354229779729,248.152493500455,0,0,0,0,0,0,0,0,726.864181917432,329.164705698835,1299.87105969964,1231.9210986715
"294",2014,2892,24.4166666666667,2897.44533105322,2245.50651977759,665.117176148895,1217.45233505119,259.556595372937,294.996938478228,214.324248238591,601.524859616347,0,0,0,0,0,0,0,0,0,0,1.1109323381502,2.04319886877173,0.508172680395674,0.575775603665036,0.425713040713419,1.19189720549734,0,0,0,0,0,0,0,0,5461.73334231644,3842.16711224742,944.411855974206,1766.93542905113,651.502563246855,733.702043174975,1103.35074355245,3028.14556749042,209.84852924788,147.622204728094,36.4100897654538,68.1272061006267,25.1070682924627,28.2757518670089,42.5962186135764,116.900666223352,20021.5101814698,13900.306792609,3597.10885897334,6581.87279170195,2600.53789432426,2879.72916549702,3909.06095259837,10556.6161884146,769.256930795927,534.072065189765,140.109527947886,256.891036974827,102.018514050102,113.077126200205,153.915879613765,415.845483553453,0,0,7.36959929474246,13.692504433584,5.55239973873732,6.16777791427906,8.80296830845423,23.8230144088024,0,0,0,0,0,0,0,0,265.726137054561,195.65796372119,189.509259319433,361.80356802915,244.30254593946,279.683769325811,121.2047508928,345.001863017094,10.2096215958009,7.51749190921779,7.27854097552729,13.8927035990045,9.36772244672708,10.723760276601,4.65260048378539,13.2429132559767,292.707655745794,213.985844657594,377.146578984064,739.277492903619,518.853769539957,587.767203639092,321.836726430889,919.42777310204,11.2462941478405,8.22167842312526,14.4852166692652,28.3866978286097,19.8982970191206,22.5396694016882,12.3524629405782,35.2864911779871,0,0,46.2412122449221,97.4779805532295,48.6781464897612,56.3615983721697,91.501340123623,250.590918383698,0,0,0,0,0,0,0,0,729.583077806491,330.260356085911,1305.27904191853,1235.9503434812
"295",2014,2892,24.5,2891.16443033179,2240.055169837,661.574439033321,1210.99553821072,258.391462143387,292.454417835035,214.365245278621,603.754517721854,0,0,0,0,0,0,0,0,0,0,1.10456122679347,2.03090027132537,0.505858892078975,0.570682731471625,0.425772054592928,1.19624317793825,0,0,0,0,0,0,0,0,5458.62110373715,3836.81091867679,938.994771362978,1754.48985468162,650.98207950218,728.445907289455,1109.86122686017,3051.62135175483,209.728952064667,147.41641120565,36.2013128259299,67.6473738493879,25.0870230348143,28.0732052244617,42.8477497937736,117.807427010017,20020.9435513618,13887.7863219694,3577.69046668448,6538.70238662327,2598.80687317269,2859.88230109328,3937.18346529669,10651.2442568848,769.235180787945,533.591007932352,139.354648292299,255.203786036131,101.951593016616,112.296829095878,155.025896050394,419.575389783283,0,0,7.32968284591391,13.5993357729977,5.54874143086438,6.12494712829122,8.86456282903999,24.0320975542009,0,0,0,0,0,0,0,0,265.692616968334,195.460442974618,188.468710363895,359.293085269364,244.201522182777,277.738787153834,121.919794708695,347.607861783668,10.2083337215135,7.50990284545704,7.23856723594797,13.7963121637133,9.36382743407129,10.6491844754504,4.68001983915078,13.342891896215,292.922893557813,213.939952945098,375.436121082747,734.513189025931,519.24004132903,584.17529244486,323.762821639254,926.476141908251,11.2545639564298,8.21991518907014,14.4195257681826,28.2038087314797,19.913106934774,22.4019685546929,12.4264008783378,35.5570866594714,0,0,46.035910859669,96.7936008593206,48.6798874015332,55.9675874851081,92.2673364528236,253.021756057147,0,0,0,0,0,0,0,0,732.301684662286,331.354916391019,1310.67732628313,1239.95162610211
"296",2014,2892,24.5833333333333,2885.02397515271,2234.73088544546,658.14682460463,1204.74511260963,257.230674790828,289.971591742716,214.388229689593,605.858748406917,0,0,0,0,0,0,0,0,0,0,1.09831457440872,2.01893831192883,0.503547608590689,0.565702030125151,0.425793907655254,1.20034265245357,0,0,0,0,0,0,0,0,5455.30240034795,3831.32275425461,933.634207971071,1742.17512967672,650.390551055988,723.20018791109,1116.30503270879,3074.78201830405,209.601442173286,147.205547152046,35.9947050965379,67.1725784491483,25.0642405610322,27.8710611863691,43.0967070900361,118.702038218321,20020.4096390298,13875.3372338802,3558.6370244077,6496.25489474085,2596.91795439656,2840.21057543252,3965.17165685582,10745.0720733365,769.214687547038,533.112693318662,138.613816648744,253.544600756453,101.878520106474,111.52343388414,156.130763604132,423.274229073107,0,0,7.28995839902949,13.5071940216286,5.54467935963681,6.08242798872652,8.92580749906808,24.2392956552733,0,0,0,0,0,0,0,0,265.648687599168,195.257380969757,187.431298179684,356.803677610371,244.074307124178,275.798404040704,122.622122880019,350.136765747195,10.2066459056479,7.5021008777038,7.19871326506498,13.7007286917407,9.35892624079903,10.574783675224,4.70694996504528,13.439910143074,293.139551817066,213.89600067848,373.732290731461,729.805530173468,519.5941110854,580.604930102258,325.685849307134,933.403670612417,11.2628883404161,8.21822647164644,14.3540876468603,28.0230912401057,19.9266777703228,22.2650903391137,12.5002158583063,35.8230349368934,0,0,45.8307898520575,96.1154876261825,48.6792379378808,55.5769054024432,93.0333996315087,255.445085896575,0,0,0,0,0,0,0,0,735.019895181635,332.448355661908,1316.06551128056,1243.92507572892
"297",2014,2892,24.6666666666667,2879.02335452536,2229.53260369305,654.830931321249,1198.69511877404,256.075476282255,287.547765948116,214.394170329871,607.843130375956,0,0,0,0,0,0,0,0,0,0,1.09220236286279,2.00731186360277,0.501241068577181,0.560832641070552,0.4257799965188,1.20420428478286,0,0,0,0,0,0,0,0,5451.77746718385,3825.70352510866,928.327789549332,1729.98833605394,649.729963539772,717.966175663235,1122.67999568101,3097.61774026112,209.466008604156,146.98964738216,35.7901761110155,66.7027083972039,25.0387972264793,27.6693692543813,43.3430071857268,119.584121263224,20019.9091470138,13862.959488062,3539.94162132859,6454.51759161191,2594.87735611989,2820.71490582336,3993.02695942585,10838.111767105,769.195478069797,532.637119800921,137.886771490177,251.912993920937,101.799535608336,110.756974928223,157.230536967206,426.942472781004,0,0,7.25050648341353,13.416132743032,5.54022454976682,6.04022232726899,8.98669988517333,24.4446106775425,0,0,0,0,0,0,0,0,265.594495842896,195.048760762122,186.398366342362,354.33614445976,243.921305588132,273.862813824313,123.312585257375,352.595949113824,10.204563792179,7.49408535492382,7.15903071164745,13.6059839291572,9.35303439017051,10.5005652867715,4.73342346834535,13.534250753813,293.357699873547,213.85410224511,372.036131461228,725.154885954958,519.916299234234,577.056753665152,327.605185607687,940.211947826928,11.2712699643448,8.21661666579955,14.2889424271288,27.8445596471819,19.9390218594827,22.129059306436,12.5738840868267,36.0843972842467,0,0,45.625899806429,95.4436582831915,48.6762267155322,55.1895434619917,93.7995128659153,257.860974223257,0,0,0,0,0,0,0,0,737.737603623719,333.540642832713,1321.44321319738,1247.87082693564
"298",2014,2892,24.75,2873.16171704808,2224.45909007849,651.623422567953,1192.83971817473,254.927008986187,285.18219961629,214.383994026917,609.71302303369,0,0,0,0,0,0,0,0,0,0,1.08623198525691,1.99601838830274,0.49894154621872,0.556073643339649,0.425731803238197,1.20783685946994,0,0,0,0,0,0,0,0,5448.04787209313,3819.95505218087,923.073693077412,1717.92736513219,649.002488599667,712.745422829765,1128.98436002032,3120.12040570085,209.322711596517,146.768781859493,35.5876565638288,66.2376832057982,25.0107765575991,27.4681890142969,43.5865824930555,120.453363415653,20019.4418047083,13850.6523953176,3521.5972727887,6413.47765816815,2592.69101107565,2801.39597148327,4020.75056103193,10930.3744320679,769.177541963045,532.164260898895,137.173248184731,250.308474281712,101.714868814191,109.997477353419,158.325261337148,430.580552080651,0,0,7.21139136897015,13.3261922151292,5.53538902550369,5.99833258101475,9.04723806872295,24.6480453367936,0,0,0,0,0,0,0,0,265.530179566117,194.834572992462,185.370964173342,351.891070922748,243.742990878893,271.932265596615,123.991870414347,354.991490676685,10.2020926781637,7.4858559175195,7.11955992275343,13.5121003911543,9.34617003965904,10.4265388466898,4.75946676588715,13.6261467873942,293.577312751164,213.814287568635,370.348638571133,720.561414996834,520.206795570478,573.531149350315,329.520279339006,946.903232213917,11.2797078686024,8.21508692124346,14.2241283816174,27.6682201431114,19.9501465229763,21.9938903753327,12.6473845447585,36.3412606317317,0,0,45.4212988476369,94.77813170067,48.6708814937446,54.805490637117,94.5656559351797,260.269476814542,0,0,0,0,0,0,0,0,740.454705684976,334.631746760284,1326.81006463689,1251.78901910501
"299",2014,2892,24.8333333333333,2867.43801408318,2219.50897195033,648.521033009357,1187.1731860543,253.786322212961,282.874112634027,214.358588753749,611.473577867135,0,0,0,0,0,0,0,0,0,0,1.08040865671959,1.98505418099291,0.496651305633016,0.551424047319665,0.425650867769973,1.21124921335513,0,0,0,0,0,0,0,0,5444.11624626493,3814.07987708028,917.870544335581,1705.99073430177,648.2104170182,707.539649084522,1135.21672039868,3142.28344369932,209.171652244862,146.543048236729,35.3870943098611,65.7774463742599,24.9802666797687,27.267586511166,43.82737888131,121.309511137181,20019.0065681002,13838.4147575059,3503.59696728127,6373.12225929604,2590.36459613665,2782.25425083298,4048.34344461268,11021.870258707,769.160839118067,531.694070577917,136.472980820578,248.730549619227,101.624739165812,109.244958500013,159.414973937863,434.188863087237,0,0,7.1726636720196,13.2374016081164,5.53018550172431,5.95676160621118,9.10742057265575,24.8496030989887,0,0,0,0,0,0,0,0,265.455871846991,194.614817584341,184.349902456025,349.468873715595,243.539894307035,270.007057202843,124.660533726297,357.328382029118,10.19923767668,7.47741256255384,7.08033208316662,13.4190941254793,9.33835357916573,10.3527157688055,4.78510116233093,13.7157895937755,293.798291504,213.776519327953,368.67075053724,716.025102151237,520.465704367885,570.028316009377,331.430640491317,953.480278712825,11.2881982515368,8.21363580404136,14.1596816033863,27.4940722444609,19.9600558000246,21.8595912681216,12.720698549501,36.5937309025917,0,0,45.2170506798878,94.1189272625712,48.6632297084316,54.424734164346,95.3318058840225,262.670640600855,0,0,0,0,0,0,0,0,743.17109846806,335.721636281149,1332.16571389649,1255.67979639823
"300",2014,2892,24.9166666666667,2861.85104510197,2214.68077358977,645.52057519399,1181.68992473693,252.654380044087,280.622693088461,214.318807018251,613.12975065794,0,0,0,0,0,0,0,0,0,0,1.07473582280568,1.97441460832058,0.494372552770508,0.546882786570719,0.425538759917702,1.21445015829368,0,0,0,0,0,0,0,0,5439.9859989204,3808.08105701899,912.717310483505,1694.17739722135,647.356085246453,702.350641424211,1141.37595767703,3164.10163523153,209.012961536921,146.312563976846,35.188450249428,65.3219581094603,24.9473574927598,27.0676304026883,44.0653532128739,122.152362832521,20018.6018315468,13826.2450156389,3485.93371511476,6333.43862599504,2587.90356479761,2763.2900616586,4075.80643011718,11112.6086745187,769.145307847462,531.226488938995,135.785704095754,247.178729942319,101.529357515181,108.499429486765,160.499705660358,437.767772310806,0,0,7.13436298452585,13.1497812019075,5.5246270799013,5.91551250807993,9.16724629090575,25.0492881732401,0,0,0,0,0,0,0,0,265.371705654163,194.389505746359,183.335812432071,347.069853723799,243.312601339881,268.087537738524,125.319025815117,359.610734842491,10.1960038965981,7.46875572067912,7.04137148077586,13.3269767308823,9.32960748337858,10.2791094408932,4.81034394206461,13.8033367672737,294.020484601232,213.740710877381,367.003338043834,711.545791186682,520.693086723704,566.548322865786,333.335830087175,959.946171496303,11.2967352911,8.2122599851272,14.0956355842929,27.3221100490113,19.9687520735245,21.7261647268032,12.7938093659227,36.8419266084056,0,0,45.0132226318036,93.4660639497297,48.6532990285856,54.0472601810754,96.0979377709292,265.064505535922,0,0,0,0,0,0,0,0,745.886680429187,336.81028025981,1337.5098238175,1259.54330727906
"301",2015,2892,25,2856.60979217988,2210.03178409252,642.066201853445,1175.20703956992,251.467027131951,277.668492524697,214.426483377193,616.320896163024,0,0,0,0,0,0,0,0,0,0,1.06904913217437,1.96265749960716,0.491983013041489,0.540971189724784,0.425688670723854,1.22040778274426,0,0,0,0,0,0,0,0,5436.21635792248,3802.43850090604,906.97608088899,1680.82691698429,646.280394449339,695.280359165418,1147.78337417783,3188.79879537479,208.868125901486,146.095767947584,34.9671991948754,64.8072573882747,24.9059174022106,26.7951723652388,44.3128896491362,123.10618226368,20020.1562638289,13815.6754159146,3466.06856438498,6288.16656699519,2584.65214715019,2737.00737783847,4104.37672104891,11214.8988881671,769.205050557214,530.820387336755,135.013638733019,245.409742911909,101.402997708735,107.466559841176,161.627864683502,441.799511742789,0,0,7.09545464304754,13.0537901808536,5.5173307258842,5.85855172425042,9.2293285192418,25.2732195002977,0,0,0,0,0,0,0,0,265.319849633839,194.193913223734,182.279957054614,344.432463866653,243.016001672388,265.467469417584,126.069876238915,362.840078313087,10.1940115245143,7.46124074244788,7.00080583189603,13.2257045827342,9.31820207623627,10.1786411570569,4.83912845895377,13.9272046384937,294.272441879878,213.733039471063,365.272381679292,706.586606748862,520.755805186434,561.550442715883,335.436494651758,968.392643033158,11.30641591751,8.21196523647468,14.029147070495,27.1317179381103,19.9711295194487,21.5345266415854,12.8744148364822,37.166088454224,0,0,44.8043916729647,92.752798415389,48.6287848364962,53.5263959954488,96.8846068643729,267.670072502347,0,0,0,0,0,0,0,0,748.582887218798,337.881191307958,1342.80530567454,1263.31967256386
"302",2015,2892,25.0833333333333,2851.66482254705,2205.53317853476,638.219517026307,1167.86180687516,250.22372644205,274.111052588387,214.660395731308,620.828446293977,0,0,0,0,0,0,0,0,0,0,1.06318254294242,1.94978168247814,0.489494739639472,0.533885803338253,0.426073907553385,1.22879673789364,0,0,0,0,0,0,0,0,5432.82708670533,3797.15374641459,900.740491841173,1666.15918408968,645.006538889935,686.573094745547,1154.43718805708,3216.19821801479,208.737904681305,145.892719228806,34.72693260053,64.2418019589662,24.8568394642384,26.459626395944,44.5699183162487,124.164155373602,20023.4647978658,13806.5441044146,3444.24482933293,6237.94922476787,2580.63525252036,2704.27902387795,4133.92626624688,11327.3376189496,769.332188265173,530.469547083875,134.166117040956,243.448522818886,101.24665646806,106.180607900965,162.794454933722,446.229171621752,0,0,7.0550492235442,12.9495111588694,5.50841909664681,5.78779492224559,9.29346926270858,25.518806238849,0,0,0,0,0,0,0,0,265.29503592805,194.023666520073,181.168723376962,341.565110983605,242.650517623005,262.222538080831,126.8881843158,366.754458231855,10.1930581609403,7.45469959113311,6.95811209315374,13.1156002544402,9.30415364323464,10.0542135112731,4.87049948168304,14.0773459637696,294.548991073234,213.749262980917,363.475109791422,701.185041176427,520.659089511077,555.198012266191,337.712120475023,978.58387252564,11.3170414040581,8.21258856873698,13.9601096242545,26.9243355578327,19.9673887609658,21.2909414066486,12.9617279071741,37.5571699774361,0,0,44.5908798733899,91.9851610290154,48.5906160018036,52.8789348859014,97.6900704750091,270.464574725267,0,0,0,0,0,0,0,0,751.261584825726,338.935842656801,1348.05297069656,1267.0037823389
"303",2015,2892,25.1666666666667,2846.81648801064,2201.12708118053,634.49844486935,1160.75936369055,248.984647161998,270.666029711311,214.869440790167,625.113387655943,0,0,0,0,0,0,0,0,0,0,1.05727457204515,1.93711789233177,0.487021645397791,0.527018983677696,0.426420877518672,1.23683456780932,0,0,0,0,0,0,0,0,5429.28934408376,3791.77365742996,894.603887599804,1651.72276994391,643.680376135925,678.011901736787,1161.03478519368,3243.2858230033,208.601978952335,145.686007606343,34.4904618739368,63.6852438657956,24.8057454968991,26.1297099767695,44.8247762353418,125.210105967904,20026.7416209614,13797.4296585727,3422.82926350117,6188.63736334473,2576.46631210991,2672.15493328308,4163.30256022666,11438.3949193855,769.458107322818,530.119354846923,133.334283481827,241.522425793431,101.084398689223,104.918382431155,163.954385063649,450.605060068141,0,0,7.01406107170506,12.8458183869009,5.49918419245283,5.71832231925213,9.35723331187215,25.7616120793242,0,0,0,0,0,0,0,0,265.258068601805,193.845793921956,180.047323181275,338.712459764003,242.258877408427,259.017795812796,127.677217959597,370.404561242848,10.1916378355911,7.44786544076855,6.91502710642729,13.0060591045093,9.28910062955918,9.93132635803163,4.90074610619004,14.2173475891927,294.824812310065,213.765934240542,361.679851318586,695.842329894826,520.529013564952,548.93918407433,339.974414572296,988.543733341179,11.3276389209717,8.21322910427761,13.891147953148,26.7192100678896,19.9623648211196,21.0509434370366,13.0485248633287,37.9393657576699,0,0,44.3777005229317,91.2254229265591,48.5503092286316,52.2427157118709,98.4952597186499,273.243278430804,0,0,0,0,0,0,0,0,753.93997003556,339.989548129806,1353.28589825151,1270.64849652577
"304",2015,2892,25.25,2842.07015251252,2196.81712212328,630.900163800576,1153.89400707545,247.751554594,267.330669660395,215.055165116829,629.186541753953,0,0,0,0,0,0,0,0,0,0,1.0513662916327,1.92469582497811,0.48456242490928,0.520363599872592,0.426728940930855,1.24452270856241,0,0,0,0,0,0,0,0,5425.57405005316,3786.27849574079,888.554199823428,1637.49675585376,642.296403297795,669.585750234257,1167.56567478354,3270.02103291733,208.459231414296,145.474874706552,34.2573249883423,63.1367809259877,24.7524241078946,25.8049987601308,45.0770601972596,126.242474193451,20030.0093230993,13788.3471707759,3401.81821157707,6140.22102351394,2572.15490297171,2640.62661133698,4192.51213273199,11548.1155038243,769.583675675533,529.770390499439,132.518004187189,239.631074652465,100.916595342316,103.679549273376,165.107909405528,454.928919999114,0,0,6.97272783953462,12.7429161334519,5.48962248749359,5.65010049734446,9.42061216008593,26.001643539265,0,0,0,0,0,0,0,0,265.209420602865,193.660564605983,178.920567169385,335.879260277699,241.842222492943,255.854745544411,128.440588925207,373.828243598338,10.1897687198771,7.44074863354952,6.87173567825519,12.8972636275432,9.27308683264662,9.8100373645133,4.93000691579525,14.3486617104502,295.101952856067,213.784530860841,359.888489481602,690.562182009207,520.369346850619,542.776415805364,342.223363860911,998.263119084552,11.3382871274659,8.21394361527047,13.8223343965276,26.5164839493213,19.9562023176552,20.8146270897286,13.1348053461746,38.3123269998125,0,0,44.1648258952821,90.4735630390791,48.5079445547346,51.6175779252908,99.3002568921484,276.006727393819,0,0,0,0,0,0,0,0,756.617922639459,341.042267064998,1358.50362614945,1274.25423487761
"305",2015,2892,25.3333333333333,2837.4297904128,2192.60586230824,627.421676705379,1147.25972632794,246.526003352814,264.102161546458,215.218988758104,633.058125833267,0,0,0,0,0,0,0,0,0,0,1.04549083311715,1.91253836747949,0.482116841434207,0.51391325065777,0.426998105421683,1.25186538469099,0,0,0,0,0,0,0,0,5421.66077069741,3780.65466321223,882.582364394285,1623.46571591758,640.851667026356,661.28687244597,1174.02160567724,3296.36979037066,208.308876963452,145.258798067344,34.027175079001,62.595821657588,24.6967618268368,25.4851937122697,45.3264529511625,127.25995032731,20033.2840518116,13779.307260369,3381.20678052371,6092.68810742061,2567.70944280885,2609.68464744431,4221.560133875,11656.5390781284,769.70951373979,529.423062053508,131.717097056559,237.774008746387,100.743572403949,102.463738649961,166.255228449308,459.202299433413,0,0,6.93124077080343,12.640964043517,5.47973457619459,5.58309866927862,9.48359841625275,26.2389080890043,0,0,0,0,0,0,0,0,265.149422330931,193.468157151545,177.792078200794,333.068848067932,241.401291152187,252.734073191214,129.181175180431,377.056625850543,10.1874635082842,7.43335603078172,6.82837699583136,12.7893419867873,9.25614056186638,9.69037281824787,4.95839232719446,14.4724820717863,295.381827355917,213.806060092325,358.102752719307,685.347293598649,520.182787663906,536.711024555551,344.458979061617,1007.73778688233,11.3490403764492,8.21477080189101,13.7537353542007,26.3162607946216,19.9490047837021,20.5820429755784,13.220569891493,38.6758914067592,0,0,43.9522531112018,89.7295657294391,48.4635866074362,51.0033473049539,100.105120337677,278.755395334879,0,0,0,0,0,0,0,0,759.295326614449,342.093960059375,1363.7057417566,1277.82144465988
"306",2015,2892,25.4166666666667,2832.89834923641,2188.49507592589,624.059889000638,1140.85034707745,245.309376876468,260.977674855197,215.362231038236,636.737835197663,0,0,0,0,0,0,0,0,0,0,1.03967504319124,1.90066297702262,0.479685352962569,0.507662028731653,0.427228838639999,1.2588688367258,0,0,0,0,0,0,0,0,5417.53532148242,3774.89298044848,876.681480421551,1609.61808614918,639.344926531631,653.109688574904,1180.3960131576,3322.30340765348,208.15037060732,145.037425001655,33.7997481963621,62.0619227217086,24.6387109785861,25.1700798816332,45.572701981786,128.261430685061,20036.5773036436,13770.3173323401,3360.98924651816,6046.02512513094,2563.1375005136,2579.31908628279,4250.45068729467,11763.701342434,769.836063233974,529.077654020488,130.931347521778,235.950712930919,100.56562291503,101.270559592745,167.39650262489,463.426590571246,0,0,6.88975543214559,12.5400879790269,5.46952418099058,5.51728839878858,9.54618570037324,26.4734141255446,0,0,0,0,0,0,0,0,265.078314344936,193.268695314535,176.664650682539,330.283632037118,240.936651893089,249.656025964065,129.901303936247,380.115546887818,10.1847314434724,7.42569238736443,6.78505842825212,12.6823867515377,9.23828360492917,9.57234215944476,4.9859916165337,14.5897997584535,295.665393148774,213.831190103509,356.32419695299,680.199558436448,519.971233654617,530.743462216605,346.681287379473,1016.96703921055,11.3599354504236,8.21573633624193,13.6854106050454,26.1186133949528,19.9408450400381,20.3532085114883,13.3058196504273,39.0300326161449,0,0,43.7399976768331,88.993419081895,48.4172893220264,50.3998411479648,100.909890633582,281.489702075498,0,0,0,0,0,0,0,0,761.972068574584,343.144588444915,1368.89186485273,1281.35058686514
"307",2015,2892,25.5,2828.47791683576,2184.48588092097,620.811646443291,1134.65960137325,244.102905570945,257.954378473337,215.486121784633,640.234876456643,0,0,0,0,0,0,0,0,0,0,1.03394034724247,1.88908242609709,0.477268940467904,0.501604424612281,0.427421976905801,1.26554092726545,0,0,0,0,0,0,0,0,5413.18866710492,3768.98789468508,870.846414353635,1595.94540361972,637.776278697539,645.05031751231,1186.68377011546,3347.79805572814,207.983365195101,144.810542163393,33.5748481252412,61.5347597333704,24.5782752893049,24.8595076095636,45.8156099652978,129.245998047597,20039.8967454385,13761.3821557632,3341.15924682862,6000.21754407214,2558.4459307263,2549.51959697391,4279.18704977702,11869.6344524013,769.963618733398,528.734349635697,130.160515977965,234.160631130005,100.383012209816,100.099606529137,168.531858528065,467.60304774278,0,0,6.84839699578434,12.4403852273017,5.45899757414411,5.45264333125591,9.60836856746673,26.7051710392587,0,0,0,0,0,0,0,0,264.996270352755,193.062263482223,175.540406009242,327.525290028463,240.448771485601,246.620534919725,130.602841070899,383.026314515859,10.1815791995775,7.41776094559132,6.74186149605211,12.57646240968,9.21953384301187,9.45594269078247,5.012876352344,14.701431998207,295.953232222494,213.860311605766,354.554212739148,675.120202044011,519.735938369664,524.873492228809,348.890322339412,1025.95301339158,11.3709947102964,8.21685523007882,13.617413581262,25.9235888855218,19.9317711989749,20.1281146986648,13.3905560002472,39.3748329450616,0,0,43.5280901153266,88.2651139184866,48.3690981759653,49.8068708897561,101.714593369125,284.210020490288,0,0,0,0,0,0,0,0,764.648037240565,344.194114124946,1374.06164295952,1284.84213212015
"308",2015,2892,25.5833333333333,2824.16989009488,2180.57887038383,617.673771068053,1128.68119404006,242.907685689501,255.029458057448,215.591813169286,643.558006134853,0,0,0,0,0,0,0,0,0,0,1.02830362615227,1.87780555752545,0.47486893903224,0.495735230414422,0.427578634416149,1.27189074940844,0,0,0,0,0,0,0,0,5408.61581003877,3762.93668242554,865.073408374466,1582.44156133587,636.146786473439,637.106105242031,1192.88092549003,3372.83418116801,207.807668713847,144.578044911469,33.3523313690996,61.0140986771101,24.5154956182185,24.5533744211599,46.0550247356866,130.212899319441,20043.2470447405,13752.5044464243,3321.7099673556,5955.25012780814,2553.64101043542,2520.27563475786,4307.77177797933,11974.3675181217,770.092359575664,528.393253243834,129.40434504991,232.403179489165,100.195983223514,98.9504655746425,169.661395425112,471.732806826504,0,0,6.80726559467378,12.3419297790002,5.44816301462794,5.38913893582095,9.67014242755342,26.9341892591763,0,0,0,0,0,0,0,0,264.903419942835,192.848921876138,174.420949606843,324.794967038405,239.938086157366,243.627342717334,131.287280999307,385.806464889888,10.1780117555962,7.40956401926979,6.69884790225309,12.4716129809729,9.19990798681762,9.34116448629672,5.03910384556048,14.8080513024441,296.24563402586,213.893599871505,352.794030536355,670.10990649448,519.477661635619,519.100349723579,351.086117670491,1034.69999856167,11.3822292771574,8.21813421764767,13.5497915702277,25.7312135359977,19.9218124318865,19.9067322637076,13.4747803107156,39.710457190036,0,0,43.3165725932763,87.5446427609881,48.3190523985807,49.2242445688072,102.519242064549,286.916684058715,0,0,0,0,0,0,0,0,767.323122913597,345.242499412969,1379.21474610085,1288.29655622815
"309",2015,2892,25.6666666666667,2819.97513573773,2176.7742376209,614.643094021804,1122.90886312329,241.724697860181,252.200131551028,215.680391273819,646.715570652592,0,0,0,0,0,0,0,0,0,0,1.02277806940352,1.86683802127911,0.472486881905685,0.490049451636235,0.427700117478935,1.27792825380545,0,0,0,0,0,0,0,0,5403.81473265571,3756.73869235188,859.359712835804,1569.10211654687,634.458134283538,629.27519690265,1198.98444815732,3397.39589644099,207.623203643054,144.339908221204,33.1320930563964,60.4997693722645,24.4504367259446,24.2516085914103,46.2908294596367,131.161522161852,20046.6306603892,13743.6854200584,3302.63431694713,5911.10724820595,2548.72856807,2491.5765871186,4336.20689081176,12077.9271060904,770.222380236526,528.054411555246,128.662566348806,230.677758500706,100.00476150825,97.8227202209172,170.785191588258,475.816904783512,0,0,6.76644148112243,12.2447773923609,5.43703021634662,5.32675225186864,9.73150346391805,27.160480294649,0,0,0,0,0,0,0,0,264.799869551022,192.628720466569,173.307518704684,322.093459741976,239.40506639283,240.676120821363,131.955832478275,388.470498113589,10.1740332009654,7.40110352833817,6.65606520731418,12.3678691044755,9.17942406649749,9.22799489412333,5.06472044354816,14.9102136930792,296.542674478241,213.931073761598,351.044726559233,665.168925859318,519.196808629699,513.422884620607,353.268704015905,1043.2138013433,11.3936420679564,8.21957402361305,13.4825859389208,25.5414971820016,19.9109843032007,19.6890171465199,13.5584938190604,40.0371282964652,0,0,43.1054956868691,86.8319988045248,48.2671870342439,48.651769067659,103.3238410182,289.609994357127,0,0,0,0,0,0,0,0,769.99721701858,346.289706898014,1384.35086175719,1291.71433593021
"310",2015,2892,25.75,2815.89408717419,2173.07185144446,611.716474029569,1117.33641373411,240.5548193061,249.463658021776,215.752883171475,649.715533160926,0,0,0,0,0,0,0,0,0,0,1.01737377234239,1.85618280561383,0.470124414679602,0.484542264752669,0.427787871693053,1.28366400713772,0,0,0,0,0,0,0,0,5398.78577131281,3750.39489810573,853.703365956522,1555.92388778491,632.712440505012,621.556302032181,1204.99207183946,3421.47056862372,207.4299829061,144.096169501466,32.914058493697,59.9916500126114,24.3831800702159,23.9541601246826,46.522936686616,132.091379232208,20050.0483095378,13734.9251185071,3283.9250284842,5867.77306216809,2543.71405548641,2463.41185113261,4364.49396712807,12180.3375682411,770.353708273432,527.717826177408,127.934904394495,228.983759878591,99.8095580322681,96.715954352294,171.903308105723,479.856292442652,0,0,6.72598841168831,12.1489688182783,5.42560996324452,5.26546164491518,9.79244855423264,27.3840567742818,0,0,0,0,0,0,0,0,264.685713118537,192.401705802655,172.201062496512,319.421304358192,238.850226720451,237.766503555086,132.609473173602,391.030384136463,10.1696471450588,7.39238126128868,6.61354990781865,12.265251414056,9.15810180882484,9.11641984567158,5.08976362497199,15.0083781157123,296.844263566377,213.972631312159,349.307237942843,660.297176254026,518.893528350603,507.839670469529,355.438104601032,1051.50132105396,11.4052296242465,8.22117073035911,13.4158327158156,25.3544366818961,19.8992925485906,19.4749146768521,13.6416974648277,40.355111066016,0,0,42.894916217257,86.1271751981829,48.2135341515014,48.0892514483611,104.128387011054,292.290225554101,0,0,0,0,0,0,0,0,772.670211985676,347.335699429568,1389.4696937348,1295.0959478337
"311",2015,2892,25.8333333333333,2811.9268230528,2169.47131715789,608.89081150021,1111.95774377764,239.398834193313,246.817344274315,215.810262810162,652.565497227558,0,0,0,0,0,0,0,0,0,0,1.01209823727525,1.84584068470757,0.467783229834266,0.479208986004164,0.427843439656546,1.28910899570692,0,0,0,0,0,0,0,0,5393.53111134787,3743.90753846404,848.10301838547,1542.90463959294,630.912113620847,613.94851793003,1210.90216603333,3445.04845086104,207.228090467156,143.846914769646,32.698176439234,59.4896550701125,24.3138182785211,23.6609939659755,46.7512833968239,133.002094059233,20053.499344467,13726.2226720658,3265.57473814501,5825.23164829418,2538.60260497456,2435.77089122635,4392.63422649656,12281.6213254041,770.486318803298,527.383463694735,127.221079693114,227.320571878902,99.610571396856,95.62975449953,173.015792031981,483.85184551166,0,0,6.68595644437969,12.0545324490064,5.41391379727132,5.2052466019061,9.8529751998182,27.6049324700056,0,0,0,0,0,0,0,0,264.561040061162,192.167926013307,171.102305246377,316.778843641633,238.274129608789,234.898111121042,133.248993969002,393.495983888069,10.1648570233755,7.38339906731101,6.5713298601351,12.1637731119734,9.13596278759948,9.00642474034691,5.11426370086536,15.1029226003151,297.150183909119,214.018078500292,347.582376626027,655.494308419493,518.567791166514,502.349088306725,357.594333011515,1059.5702130294,11.4169835939039,8.22291688321553,13.3495631236498,25.1700187033047,19.8867360506883,19.2643627926331,13.7243918056934,40.664699244633,0,0,42.6848954709839,85.4301644414592,48.1581237875643,47.5364999725447,104.932870718619,294.957628205581,0,0,0,0,0,0,0,0,775.342001203887,348.380440126126,1394.57096135055,1298.44186762145
"312",2015,2892,25.9166666666667,2808.07314636299,2165.97203790395,606.163062437904,1106.7668692696,238.257444043415,244.25855119788,215.853457018749,655.27273138483,0,0,0,0,0,0,0,0,0,0,1.00695685986966,1.8358106498834,0.465465001290517,0.474045038504551,0.427868419334587,1.29427443397137,0,0,0,0,0,0,0,0,5388.05427682689,3737.27975445779,842.557759304603,1530.04277046715,629.059706510774,606.451154817777,1216.71360337538,3468.12229698472,207.017661726475,143.592264709178,32.4844124357501,58.9937233226773,24.2424495500242,23.3720832823691,46.9758259121717,133.893386270106,20056.9821336232,13717.5765642431,3247.57606417315,5783.46714272136,2533.39908781176,2408.64329705607,4420.62861201801,12381.7991572194,770.62014914259,527.051265841062,126.520811795841,225.687584588154,99.4079901126316,94.5637120968673,174.122679618543,487.804375843545,0,0,6.64638469144392,11.9614869453342,5.40195372990121,5.14608755404927,9.91308146024722,27.8231223073428,0,0,0,0,0,0,0,0,264.425943453335,191.927435960699,170.011811606043,314.16629967255,237.677397429814,232.070582786649,133.875042559057,395.875458173535,10.1596664119862,7.37415905429745,6.52942678891703,12.0634427648623,9.11303088346051,8.89799572015324,5.13824548819691,15.1941599522249,297.460129488419,214.067158052968,345.870840052102,650.759772173792,518.219459141354,496.949398749292,359.737392946124,1067.42857370151,11.4288922192335,8.22480259734082,13.2838039900228,24.9882221975552,19.8733095374423,19.0572948065666,13.8065770091027,40.9662034456143,0,0,42.4754974737566,84.7409577996658,48.1009848791446,46.9933250774071,105.737278164019,297.61243322246,0,0,0,0,0,0,0,0,778.012478956741,349.423892376183,1399.65439794527,1301.75256874973
"313",2016,2892,26,2804.35241258008,2162.42905738757,603.099507011966,1102.03072141418,238.031915697276,244.916361379207,214.735192125442,653.841706494411,0,0,0,0,0,0,0,0,0,0,1.00243786845934,1.82760289014114,0.464936789844545,0.475133836177271,0.425699292042834,1.29163398724385,0,0,0,0,0,0,0,0,5383.08811849851,3731.1156183717,836.816809969147,1518.00218979863,629.543946313196,606.857961516471,1219.70142443097,3481.56348154581,206.82685398177,143.355428743253,32.2631912421309,58.5295387011247,24.2611306887036,23.3877925473737,47.0915464716546,134.413428894223,20063.093492132,13710.9317104467,3228.77771070404,5744.86990516418,2537.76626797684,2413.05610416934,4437.75398747742,12445.4678800832,770.854972913106,526.795959382988,125.790833201408,224.179620209232,99.580995117721,94.7359935459367,174.803633902757,490.325044794815,0,0,6.61064125817089,11.8797990117589,5.41035012506135,5.15428122172734,9.9499785226402,27.9630976645582,0,0,0,0,0,0,0,0,264.390770218793,191.735132655044,169.002326125137,311.835756524826,238.041079031754,232.317792102569,133.62735750258,395.159510791268,10.1583150156382,7.36677045318332,6.49063374880269,11.9739389603376,9.12692113860306,8.90745595656924,5.12872186850319,15.1666976406701,297.822126107171,214.159781503087,344.330958367871,646.622866420774,519.841217296662,498.071128734496,359.814921204037,1068.1985429622,11.4428007281287,8.22836133766422,13.2246357078463,24.8293706863527,19.935430370407,19.1003110524837,13.8095379665271,40.995843031289,0,0,42.2905473397222,84.1324373540918,48.2261291101589,47.0660058333825,106.346974710689,299.585852946635,0,0,0,0,0,0,0,0,780.593806193664,350.431404857814,1404.55795864124,1304.92847089328
"314",2016,2892,26.0833333333333,2800.81385616363,2158.97682791262,599.975609689863,1097.60230061729,238.172197550741,246.865341602384,213.146099187067,650.724447087607,0,0,0,0,0,0,0,0,0,0,0.998023951197644,1.82012384395656,0.465139120939905,0.478766601799662,0.422618731052214,1.28573117200112,0,0,0,0,0,0,0,0,5378.13040854316,3725.0047178829,831.019589398408,1506.35929054065,630.945213845583,610.475184837519,1221.29776344228,3490.31014376625,206.636370837068,143.120638174109,32.0398257740684,58.0807140637459,24.3151544777979,23.5272283326839,47.1536393274708,134.752545502566,20070.451894471,13705.2487561046,3209.86344621315,5708.01061204615,2546.05817269188,2430.49965074912,4450.2185403173,12493.6441137337,771.137709797718,526.577610651781,125.056823545424,222.739985945014,99.9081110683995,95.4200336628554,175.301951517348,492.238181938191,0,0,6.57565439509947,11.8026240864303,5.4271019857298,5.19030432070682,9.97664620651903,28.0689874083714,0,0,0,0,0,0,0,0,264.385001416883,191.557526265994,168.007233942209,309.615519290536,238.783237512012,233.841956979464,133.11929222301,393.538933507438,10.158093384213,7.35994653112194,6.45239241402623,11.8886690026007,9.15531994208233,8.96587272832373,5.10921197287372,15.1045412815028,298.221404640825,214.279375174923,342.876200307726,642.78397361418,522.316828573142,501.969444022184,359.026426896606,1065.99370041994,11.4581416673034,8.23295631705544,13.1687351230286,24.6819596927894,20.0302903716677,19.2497991367911,13.7792817972606,40.9113869198717,0,0,42.1163015291356,83.5619211017362,48.4278772766577,47.3962238103254,106.872750726529,301.26984765133,0,0,0,0,0,0,0,0,783.137127220054,351.423036700303,1409.3924770148,1308.05901924012
"315",2016,2892,26.1666666666667,2797.44598416119,2155.67563863519,596.976302174237,1093.3561392179,238.284583182686,248.733643748855,211.586262750952,647.672718058222,0,0,0,0,0,0,0,0,0,0,0.993517200734355,1.81272145529365,0.465299220210901,0.482275344081669,0.419571210322184,1.27987000352977,0,0,0,0,0,0,0,0,5372.92450922988,3718.72822939903,825.289323318066,1494.84980279624,632.245896267295,613.923580813514,1222.68497242906,3498.33668607127,206.436351860338,142.879485449392,31.8190244830986,57.6370191531847,24.3653019198997,23.6601549639492,47.207667270855,135.063900416106,20077.9017196814,13699.6639634257,3191.31791804406,5671.81722183493,2554.08599159419,2447.45537308054,4462.64497807111,12541.6906199298,771.423959071337,526.36303345718,124.336980155054,221.326186311948,100.22497184751,96.0850946182867,175.798830269729,494.14644322621,0,0,6.54002294806916,11.7256579986152,5.44326907749109,5.22526762714844,10.0028967747644,28.1735099803219,0,0,0,0,0,0,0,0,264.360367160326,191.370666722437,166.996005418768,307.39622403275,239.478411495762,235.319830437419,132.72068108219,392.316852506326,10.1571469116835,7.352767088075,6.41353054445761,11.8034338712883,9.18191406691286,9.0225099257501,5.09389691073204,15.0576583521815,298.632664586744,214.405347643495,341.429882454422,638.999564167627,524.777332748886,505.846546646976,358.272330696563,1063.86076183092,11.4739429511318,8.23779638003205,13.1131572926052,24.5366383704318,20.1245654840346,19.3984671431911,13.7503425509839,40.8296824468074,0,0,41.9422620619958,82.9974436367886,48.6266670008038,47.7202912822324,107.398199250321,302.953875616253,0,0,0,0,0,0,0,0,785.680301365031,352.413725543789,1414.23024025635,1311.19271924411
"316",2016,2892,26.25,2794.23599838295,2152.51498201879,594.095319963745,1089.28249467257,238.370328552568,250.524267543374,210.054599407686,644.683603519216,0,0,0,0,0,0,0,0,0,0,0.988966401672597,1.80543117704657,0.465415762240509,0.485659272109217,0.41655918058455,1.27406144015321,0,0,0,0,0,0,0,0,5367.5349352368,3712.33236178415,819.638379251232,1483.4975026604,633.464224976132,617.224980862232,1223.89128560997,3505.72889722527,206.229275808683,142.633745987553,31.6012641141895,57.199368799717,24.4122736944045,23.7874120200856,47.2547146449304,135.35078762644,20085.3962625164,13694.1446824621,3173.12732163601,5636.26538234111,2561.85087815833,2463.9290494975,4475.01827694048,12589.5609100061,771.711926249312,526.150973335767,123.630773036739,219.937279138869,100.531616948939,96.7313959025423,176.293683246326,496.04801532635,0,0,6.50397691399344,11.6490828390765,5.45884843879732,5.25917898518739,10.0287266599697,28.2766472849588,0,0,0,0,0,0,0,0,264.317756887668,191.174828144765,165.973864794516,305.182587388103,240.128941462125,236.74962697661,132.410424948205,391.418942052905,10.1555097716987,7.34524265618629,6.37424881082627,11.7184147301553,9.20679324401038,9.07729893989217,5.0819673585003,15.0231978231813,299.049885150465,214.533809790075,339.984462408088,635.256536290668,527.210542374253,509.69145712882,357.561225657497,1061.83849237136,11.4899732510997,8.24273210043181,13.0576125229686,24.3929036185952,20.2177882526342,19.5458938161888,13.7230493102266,40.7522147596602,0,0,41.7682535454464,82.4387012230101,48.8223911669732,48.0381624867951,107.923068605074,304.637212718802,0,0,0,0,0,0,0,0,788.223151261969,353.403424128869,1419.07045985464,1314.32920231242
"317",2016,2892,26.3333333333333,2791.17320781141,2149.48600445004,591.327021187938,1085.37268027499,238.430751313397,252.240200140309,208.550192924037,641.754674604385,0,0,0,0,0,0,0,0,0,0,0.984410610758418,1.79828008611379,0.465488408400395,0.488918762630497,0.413584566855704,1.26831423802152,0,0,0,0,0,0,0,0,5362.01210539214,3705.85327180913,814.074864574576,1472.31827858165,634.613645308307,620.396374666478,1224.94090055976,3512.5616147385,206.017079854111,142.384808989551,31.3868576997581,56.7683748651198,24.4565867511677,23.9096531818808,47.2957110175267,135.616081380893,20092.8992899586,13688.6655811389,3155.27988362747,5601.33443796062,2569.35537950937,2479.92775524832,4487.32627633034,12637.2167766425,772.000219206197,525.940456988523,122.937750835136,218.572465683376,100.828140300614,97.3592076539028,176.786035045613,497.941407200935,0,0,6.46770623953886,11.5730487018825,5.47384428898375,5.29205299033357,10.0541368456696,28.3783954578983,0,0,0,0,0,0,0,0,264.258192562454,190.970413655041,164.945425691433,302.979074586575,240.73767849358,238.130956252165,132.171268159713,390.783881365703,10.1532212297302,7.33738872405004,6.33472445610403,11.6337831263207,9.23006688287273,9.13022481591001,5.07276144930475,14.9988075905857,299.468315579897,214.661736281787,338.534733339216,631.545409153542,529.606836335818,513.494991054448,356.899034866461,1059.95510627727,11.5060500357442,8.24764724012673,13.0019008296663,24.2503913877823,20.3095896472371,19.6917267407126,13.6976288001369,40.6800644641696,0,0,41.594156340031,81.8854603466382,49.0149611998522,48.349808851749,108.447147884132,306.31924769758,0,0,0,0,0,0,0,0,790.7655088597,354.392087010543,1423.91242427243,1317.46811098458
"318",2016,2892,26.4166666666667,2788.2486369553,2146.58120110718,588.66628832047,1081.61889265865,238.467204460255,253.884396181692,207.072261584336,638.883894764814,0,0,0,0,0,0,0,0,0,0,0.979880780545006,1.79128839492934,0.465517593931263,0.492055129420761,0.410648858138251,1.2626353281069,0,0,0,0,0,0,0,0,5356.39506275629,3699.31900664608,808.603618165503,1461.32192940711,635.703836670972,623.450844424151,1225.85457721971,3518.9002184081,205.80126409344,142.133752072591,31.1759926266021,56.3444152529148,24.4986134492846,24.0273820730352,47.3314541422126,135.862293412236,20100.3830128556,13683.2072255488,3137.76543356769,5567.00664928477,2576.60309741944,2495.45954541138,4499.55920792402,12684.6270023482,772.287770242857,525.730737733474,122.257524244431,217.231060369513,101.114677104693,97.9688383536603,177.275503417229,499.825399748593,0,0,6.43136665288882,11.4976778651063,5.48826588699831,5.32390897551396,10.0791318606935,28.4787620465151,0,0,0,0,0,0,0,0,264.182774603921,190.757914253826,163.914693925048,300.789765096103,241.307696535928,239.464396169526,131.989173561749,390.361328904349,10.1503235656438,7.32922415669301,6.2951113984955,11.549695822174,9.25185300920281,9.18130984429881,5.06574079587695,14.9825567629899,299.884252926314,214.786809235706,337.077367382876,627.859631716774,531.958796002586,517.249590655151,356.289512921736,1058.2301396574,11.522031031877,8.25245274234732,12.9458944032589,24.1088501438367,20.3996851205973,19.8356759034073,13.6742246208249,40.6139794531108,0,0,41.4198962883128,81.3375445918741,49.2043047580433,48.6552168631575,108.970260088915,307.999463286104,0,0,0,0,0,0,0,0,793.307216314359,355.379671053423,1428.75549842833,1320.60910557659
"319",2016,2892,26.5,2785.45466400166,2143.79413411373,586.108436929297,1078.01405177943,238.481052819812,255.459760152546,205.620128457421,636.069533126696,0,0,0,0,0,0,0,0,0,0,0.975401293599439,1.78447086487319,0.465504331947181,0.495070408247058,0.40775319144838,1.25703017001919,0,0,0,0,0,0,0,0,5350.71399060846,3692.75129822033,803.227101711158,1450.51378309247,636.741649776129,626.398439347712,1226.65021010146,3524.80207392055,205.582988216524,141.881410211996,30.9687648550261,55.9276960409331,24.5386175182284,24.1409858127672,47.362631891544,136.091628253387,20107.8262095968,13677.7547684207,3120.57501734009,5533.26648840708,2583.59837983716,2510.53316284107,4511.70924957243,12731.7661260996,772.573763995243,525.521245114559,121.589751033268,215.9124634571,101.391391856524,98.5606234865925,177.761781871477,501.698997727213,0,0,6.3950853025993,11.4230689251117,5.50212565060835,5.35476923514191,10.1037188507178,28.5777633627601,0,0,0,0,0,0,0,0,264.092634672527,190.537872374923,162.885086031772,298.618253994132,241.842052373349,240.751118922757,131.852729451649,390.109986803717,10.1468602596432,7.32076979528924,6.25554093827765,11.4662909998539,9.27226903540581,9.23059918578078,5.06046773759895,14.9728614061507,300.29483347052,214.907272259919,335.610492426097,624.194942218477,534.260846025754,520.949139727581,355.73471612007,1056.67621921926,11.5378062108458,8.25708112370691,12.8895213568102,23.9681162758051,20.4878608423355,19.9775066107428,13.6529152791267,40.5544427414483,0,0,41.2454351005069,80.7948224507297,49.390363438502,48.9543859100233,109.492255643249,309.677418362609,0,0,0,0,0,0,0,0,795.848126545229,356.366135806129,1433.59912117342,1323.75186909691
"320",2016,2892,26.5833333333333,2782.78472846477,2141.11920481074,583.649141438845,1074.55167094259,238.473654637173,256.969132832713,204.193197511876,633.310094776026,0,0,0,0,0,0,0,0,0,0,0.970991251113463,1.77783797405359,0.465450052589609,0.497967177010049,0.40489842075818,1.25150304451393,0,0,0,0,0,0,0,0,5344.99224588835,3686.1670125603,797.946101616883,1439.89597551595,637.731860713024,629.246893661128,1227.34330344848,3530.31773632949,205.363149634339,141.62843142755,30.7652058714236,55.518300574412,24.576782994677,24.2507625675148,47.3898404690952,136.306029345099,20115.2127106011,13672.2968902237,3103.70059347296,5500.1000840465,2590.34607679211,2525.15780316695,4523.77015579937,12778.6134152093,772.857579206054,525.311544217153,120.934124276504,214.616139514287,101.658468858683,99.1349164127989,178.244625280914,503.561389697147,0,0,6.35896568367881,11.3493005467701,5.51543776258785,5.38465768842842,10.1279068156256,28.6754222550992,0,0,0,0,0,0,0,0,263.98890032261,190.310854006901,161.859469758263,296.467612860737,242.343630098065,241.992616247066,131.752647700863,389.995947428128,10.142874634169,7.31204738602463,6.21612330827594,11.3836867520266,9.29142577676832,9.27815030739136,5.05658608548262,14.9684211102786,300.697860465214,215.02181061504,334.133334619753,620.548824630239,536.508925534048,524.588775499863,355.235400022268,1055.30057272529,11.5532911701214,8.26148186981526,12.832751996854,23.8280932258279,20.573961094288,20.1170322839371,13.6337294350494,40.5017303957018,0,0,41.0707622907377,80.2571971794296,49.5730907680154,49.2473263875276,110.013007103975,311.352733423893,0,0,0,0,0,0,0,0,798.38810341077,357.35144371981,1438.44279981179,1326.89610932431
"321",2016,2892,26.6666666666667,2780.23314473716,2138.55150842867,581.284386792752,1071.22577258888,238.446350737984,258.415283929769,202.790938476436,630.604276530316,0,0,0,0,0,0,0,0,0,0,0.966665355853812,1.77139669363906,0.4653564976551,0.5007484334355,0.402085162443804,1.24605724856474,0,0,0,0,0,0,0,0,5339.24765372312,3679.5790720868,792.760154777789,1429.46823214443,638.677644580537,632.002093945973,1227.94729017817,3535.4917632783,205.142433216776,141.375312219327,30.5652990439077,55.1162194830458,24.6132324021658,24.356939489124,47.4135966322138,136.507210184939,20122.5304350557,13666.8251261417,3087.1348495318,5467.49488430868,2596.85139257298,2539.34296832479,4535.73701150838,12825.1521721938,773.138751714757,525.101309809338,120.290365235407,213.341604324618,101.916106469281,99.6920826731646,178.723840289829,505.41192104202,0,0,6.323091242997,11.276434368821,5.5282174450589,5.4135991568104,10.1517061099555,28.7717665831483,0,0,0,0,0,0,0,0,263.872676198876,190.077433009529,160.840221997751,294.340415887297,242.815091352743,243.190560281717,131.681415485985,389.991527198369,10.1384091314371,7.30307897750914,6.17694989512915,11.3019820785287,9.30942553183528,9.32402762911405,5.05380776040829,14.9681742504699,301.091689745536,215.129472480021,332.645970640232,616.920128191181,538.700230781993,528.164721322005,354.791294442321,1054.10609241903,11.5684227382725,8.26561841018526,12.7755893085914,23.6887368794403,20.65787840117,20.2541080451233,13.6166564470795,40.4559523179688,0,0,40.8958896689223,79.7245999516274,49.7524507350138,49.5340583055968,110.532405746157,313.025081252717,0,0,0,0,0,0,0,0,800.927021462459,358.335560176865,1443.28610224258,1330.04155772152
"322",2016,2892,26.75,2777.79492503701,2136.08669618837,579.010422796226,1068.03080861284,238.400454321925,259.800904924428,201.412872701903,627.950925371086,0,0,0,0,0,0,0,0,0,0,0.962434743851867,1.76515122120816,0.465225622824363,0.50341748117914,0.399313838710142,1.24069528045087,0,0,0,0,0,0,0,0,5333.49373998663,3672.99733239337,787.667944701069,1419.22859523285,639.58102133844,634.668522576281,1228.47384197841,3540.36351584796,204.921358649538,141.122431254989,30.3689948391195,54.7213786063983,24.6480438644213,24.4596897357734,47.434349576376,136.696685004709,20129.7704731646,13661.3332259365,3070.87102984168,5435.43934064717,2603.11974550941,2553.09832697411,4547.60599483221,12871.3690639627,773.41693919615,524.890301746829,119.658216677404,212.088412617836,102.16451164466,100.232494560665,179.199276078902,507.250067857121,0,0,6.28752874219955,11.2045176917588,5.54048026231577,5.44161867907361,10.1751279769197,28.8668277907802,0,0,0,0,0,0,0,0,263.745026448958,189.83817638001,159.829278346398,292.238756282243,243.258821828087,244.34666921932,131.632968163064,390.074170784408,10.1335046377017,7.2938863546819,6.13809513941078,11.2212575114672,9.3263600201845,9.36829735556978,5.05190024247364,14.971255946362,301.475120634845,215.229593996191,331.149103364734,613.308724467895,540.832980567604,531.674131396038,354.401357115134,1053.09231755023,11.5831547833923,8.26946523830473,12.7180603399023,23.5500423962734,20.7395445343466,20.3886247645529,13.6016560995603,40.4170899262737,0,0,40.7208462052006,79.1969835014238,49.928416375026,49.8146099249953,111.050358239283,314.694177799245,0,0,0,0,0,0,0,0,803.464765683003,359.318453509229,1448.12865038484,1333.18796878815
"323",2016,2892,26.8333333333333,2775.4656313091,2133.72085989315,576.823725323718,1064.96159289931,238.337242978989,261.128603870252,200.058561394808,625.34900382265,0,0,0,0,0,0,0,0,0,0,0.958307702773095,1.7591036049566,0.465059516007171,0.505977832464212,0.396584714682482,1.23541899807392,0,0,0,0,0,0,0,0,5327.74075988574,3666.42931372271,782.667619986742,1409.17401175684,640.443220992281,637.249628692211,1228.93313881535,3544.96786107491,204.700319954073,140.870077474289,30.1762230596156,54.3336615756692,24.6812651244398,24.5591467138291,47.4524912635922,136.87579567932,20136.9263210196,13655.8166203103,3054.90279628747,5403.92265180391,2609.15665525001,2566.43360059952,4559.37417329278,12917.2535406279,773.691891762923,524.678344469771,119.037437476441,210.8561481251,102.403895548109,100.756526687168,179.670816430169,509.07541433818,0,0,6.25233124363393,11.1335859173903,5.55224160850539,5.46874099942561,10.1981841592047,28.9606396839582,0,0,0,0,0,0,0,0,263.606961962898,189.593633036978,158.828186241815,290.164278810518,243.676905855083,245.462610512283,131.602405392258,390.225492175637,10.1281999929753,7.28449060787457,6.09961857367919,11.1415763605179,9.34230939997193,9.41102375102366,5.05067567963516,14.9769612726936,301.847302660016,215.321735571371,329.643870636944,609.715213505336,542.906204747498,535.114943184144,354.063990952203,1052.25628480267,11.5974546289511,8.27300546433896,12.660208855874,23.4120329251985,20.8189223999678,20.5205033999793,13.5886669334232,40.3850287680213,0,0,40.545673621999,78.6743166977457,50.1009685041523,50.0890165313889,111.566783834201,316.359774474863,0,0,0,0,0,0,0,0,806.001231085141,360.300094956923,1452.97011317102,1336.33511863033
"324",2016,2892,26.9166666666667,2773.24128014327,2131.45045770165,574.720970246394,1062.01325644563,238.257954566324,262.400903537962,198.727598117638,622.797567898044,0,0,0,0,0,0,0,0,0,0,0.954290180789472,1.75325416785206,0.464860344066309,0.508433140382688,0.393897923678936,1.2302297276999,0,0,0,0,0,0,0,0,5321.99635343098,3659.88066709462,777.756977319127,1399.30067765055,641.264905497538,639.748067707315,1229.33405872767,3549.33567481558,204.479610671803,140.618467998443,29.9868998813599,53.9529230441115,24.7129220671236,24.6554132769006,47.4683636949462,137.045730983761,20143.9933945512,13650.2720816749,3039.22414764183,5372.9346138559,2614.96767885284,2579.35849567469,4571.03936338141,12962.7974277886,773.963433290901,524.465313968942,118.42779947957,209.644417746868,102.634471052412,101.264553337078,180.138374266795,510.887636941326,0,0,6.21754039044978,11.0636645167175,5.56351651887814,5.49499035619486,10.2208866458382,29.0532375792568,0,0,0,0,0,0,0,0,263.459435800091,189.344328664982,157.838163947136,288.118240448084,244.071150245722,246.539969919789,131.585787219282,390.430571205815,10.1225318153246,7.27491193472813,6.06156708549759,11.0629870387664,9.35734317808216,9.45226794448841,5.04998306393171,14.9847182698891,302.207671861264,215.405639093567,328.131710855642,606.140714033491,544.919574248657,538.485746227571,353.777196877717,1051.59314236475,11.6113006067187,8.27622917121209,12.6020901753185,23.274751546446,20.8959995162974,20.6496899619848,13.5776121062074,40.3595820680608,0,0,40.3704233038743,78.1565807930636,50.2700947487477,50.3573194946082,112.08161251774,318.021653129804,0,0,0,0,0,0,0,0,808.53632211508,361.280458536092,1457.81019874367,1339.48280215338
"325",2017,2892,27,2771.33562671611,2129.38732748471,572.830438253359,1060.83531515224,238.349981412245,264.091194204623,196.787410163234,617.979276767994,0,0,0,0,0,0,0,0,0,0,0.951111080292301,1.75068995532124,0.464994826340589,0.511700258969609,0.390145093728726,1.22115201265097,0,0,0,0,0,0,0,0,5316.49305272439,3653.60684206684,773.304393562551,1391.81698521226,642.548576202536,643.312518529645,1228.56877531888,3549.90482831163,204.268165057946,140.377417607968,29.8152602829887,53.6643470760603,24.7623805266302,24.7927592980713,47.4392628857388,137.069165524737,20151.916581077,13645.6237029468,3025.16589170169,5350.94420174059,2622.61254593606,2596.51502807296,4578.18454843666,12994.0729058165,774.267867822307,524.286715374032,117.881726991201,208.784266956286,102.937079261182,101.938814496085,180.429246358272,512.142191124924,0,0,6.18795482480762,11.0142079897494,5.57869312631546,5.53025943929548,10.2340276005661,29.1156106425405,0,0,0,0,0,0,0,0,263.317214666305,189.11239437531,156.967066590541,286.600601616941,244.635637250062,248.035072665127,131.273970604342,389.782044589323,10.1170674651544,7.2660006479335,6.02808248882577,11.0046864243059,9.3789023446051,9.50952550553795,5.03796259612003,14.9597115596199,302.569108982736,215.496652595605,326.857430296643,603.642168365872,547.302937072012,542.755302700568,352.854989981102,1049.08547957796,11.6251876154275,8.27972605489258,12.5531060644594,23.1787827417289,20.9872592882245,20.8133342303926,13.5421711939194,40.2633328116212,0,0,40.2266658994606,77.7816004758178,50.4753719577657,50.7100731629551,112.523765075415,319.454451158961,0,0,0,0,0,0,0,0,811.069078353656,362.249593992131,1462.64773003645,1342.60003786801
